r, gofr, gofr_error
0.0323165, 0, 0
0.0969496, 0, 0
0.161583, 0, 0
0.226216, 0, 0
0.290849, 0, 0
0.355482, 0, 0
0.420115, 0, 0
0.484748, 0, 0
0.549381, 0, 0
0.614014, 0, 0
0.678647, 0, 0
0.74328, 0, 0
0.807913, 0, 0
0.872546, 0.00133865, 0.000322099
0.937179, 0.147431, 0.00465437
1.00181, 1.03105, 0.0169369
1.06645, 1.94034, 0.0235967
1.13108, 2.1415, 0.033762
1.19571, 1.99046, 0.0278708
1.26034, 1.73276, 0.0244487
1.32498, 1.55716, 0.0189831
1.38961, 1.42679, 0.0184931
1.45424, 1.31389, 0.0156762
1.51888, 1.22652, 0.016458
1.58351, 1.17425, 0.0144789
1.64814, 1.11998, 0.0144433
1.71278, 1.09042, 0.0120281
1.77741, 1.08661, 0.0130417
1.84204, 1.04735, 0.0124123
1.90667, 1.0403, 0.0118935
1.97131, 1.04407, 0.0105583
2.03594, 1.04296, 0.00970683
2.10057, 1.04452, 0.0110801
2.16521, 1.03268, 0.0114856
2.22984, 1.03372, 0.010825
2.29447, 1.03948, 0.0106442
2.35911, 1.01983, 0.00867376
2.42374, 1.01632, 0.00842551
2.48837, 1.01352, 0.0075255
2.55301, 1.01873, 0.00859557
2.61764, 1.00344, 0.00853274
2.68227, 1.01219, 0.00955747
2.7469, 1.01783, 0.00843096
2.81154, 1.009, 0.00812206
2.87617, 0.994933, 0.00764124
2.9408, 0.991054, 0.0069404
3.00544, 0.985367, 0.00658581
3.07007, 0.988371, 0.00642695
3.1347, 0.98065, 0.00674663
3.19934, 0.977913, 0.00675508
3.26397, 0.984934, 0.00627974
3.3286, 0.980929, 0.00624549
3.39323, 0.984726, 0.00647172
3.45787, 0.989088, 0.00681255
3.5225, 0.994897, 0.00674191
3.58713, 0.986372, 0.00616168
3.65177, 0.983515, 0.00497056
3.7164, 0.990607, 0.0052629
3.78103, 0.994615, 0.00585584
3.84567, 0.992044, 0.00561533
3.9103, 0.983807, 0.00522793
3.97493, 0.985123, 0.00543158
4.03957, 0.994267, 0.00529742
4.1042, 0.992352, 0.00537025
4.16883, 0.989689, 0.00565422
4.23346, 0.999663, 0.0051832
4.2981, 0.996962, 0.00456929
4.36273, 0.991636, 0.00489726
4.42736, 0.982775, 0.0047816
4.492, 0.985528, 0.00484751
4.55663, 0.985502, 0.00515013
4.62126, 0.986425, 0.00496575
4.6859, 0.986026, 0.00457289
4.75053, 0.989323, 0.00463064
4.81516, 0.993336, 0.00423321
4.87979, 0.99441, 0.00381588
4.94443, 0.986852, 0.00369526
5.00906, 0.984551, 0.00367452
5.07369, 0.983675, 0.00393883
5.13833, 0.983848, 0.00319268
5.20296, 0.991457, 0.00397419
5.26759, 0.990342, 0.00419562
5.33223, 0.989343, 0.00397319
5.39686, 0.992311, 0.00417384
5.46149, 0.991123, 0.00394091
5.52612, 0.999315, 0.00344766
5.59076, 0.997668, 0.00382782
5.65539, 0.993022, 0.00364061
5.72002, 0.991709, 0.00364702
5.78466, 0.991219, 0.00392621
5.84929, 0.995148, 0.00400372
5.91392, 0.993272, 0.00382313
5.97856, 0.981901, 0.00356746
6.04319, 0.983598, 0.0035268
6.10782, 0.98368, 0.00339762
6.17246, 0.988087, 0.00339321
6.23709, 0.987078, 0.00347356
6.30172, 0.988442, 0.00362318
6.36635, 0.991781, 0.00340824
6.43099, 0.991162, 0.00349648
