igen, l2_best, l2_mean
0, 40.6636, 57.8419
1, 36.2508, 52.1629
2, 34.6999, 47.0137
3, 30.9138, 41.7481
4, 29.7868, 37.2123
5, 26.7089, 34.816
6, 24.812, 31.8184
7, 22.0807, 29.411
8, 21.7638, 27.5512
9, 21.7638, 25.7842
10, 20.3626, 24.0903
11, 20.3626, 23.0123
12, 18.6344, 21.7856
13, 18.6344, 21.1934
14, 18.385, 20.5758
15, 16.07, 19.8768
16, 15.7007, 18.7801
17, 14.5475, 18.0327
18, 14.2705, 16.8535
19, 12.5752, 15.7469
20, 12.5752, 15.1085
21, 10.0606, 14.3351
22, 10.0606, 13.4237
23, 9.96818, 12.4789
24, 8.91251, 11.359
25, 8.91251, 10.4225
26, 8.81857, 9.91528
27, 8.78453, 9.61161
28, 8.5127, 9.35489
29, 7.45703, 9.51502
30, 7.45703, 9.10653
31, 6.98593, 8.77122
32, 5.53045, 8.35667
33, 5.52431, 7.60978
34, 5.27117, 7.14991
35, 5.27117, 6.33549
36, 5.24396, 5.98495
37, 5.09263, 5.75745
38, 5.06542, 5.35464
39, 4.9598, 5.29196
40, 4.9598, 5.17202
41, 4.47731, 5.12086
42, 4.33745, 5.04657
43, 4.04049, 4.90775
44, 3.85496, 4.7383
45, 3.85073, 4.62907
46, 3.85073, 4.34381
47, 3.85073, 4.19377
48, 3.84896, 4.07309
49, 3.79951, 3.95298
50, 3.79951, 3.92496
51, 3.75481, 3.90897
52, 3.61157, 3.87211
53, 3.50504, 3.80908
54, 3.49098, 3.74528
55, 3.46034, 3.66888
56, 3.36514, 3.6235
57, 3.27528, 3.72569
58, 3.25606, 3.70364
59, 3.25606, 3.71475
60, 3.25069, 3.58912
61, 3.25069, 3.59659
62, 3.25069, 3.64841
63, 3.24892, 3.34228
64, 3.24561, 3.28116
65, 3.24561, 3.25961
66, 3.24383, 3.2698
67, 3.18151, 3.25504
68, 3.18151, 3.26625
69, 2.78971, 3.35195
70, 2.78971, 3.88827
71, 2.78462, 3.82022
72, 2.78462, 4.08917
73, 2.56691, 3.844
74, 2.56691, 3.56304
75, 2.20364, 3.29653
76, 2.20364, 2.88055
77, 2.19855, 2.67351
78, 2.19855, 2.55832
79, 2.19855, 2.40378
80, 2.19855, 2.35337
81, 2.19855, 2.26534
82, 2.19855, 2.25481
83, 2.19855, 2.23327
84, 2.19855, 2.21009
85, 2.19855, 2.20495
86, 2.19855, 2.23551
87, 2.19855, 2.2015
88, 2.19855, 2.20842
89, 2.19855, 2.25178
90, 2.19855, 2.21381
91, 2.19855, 2.23798
92, 2.19855, 2.20931
93, 2.19855, 2.20169
94, 2.19855, 2.19855
95, 2.19855, 2.21159
96, 2.19855, 2.20283
97, 2.19855, 2.27944
98, 2.19855, 2.24855
99, 2.19855, 2.21696
100, 2.19855, 2.21478
101, 2.19855, 2.20911
102, 2.19855, 2.19888
103, 2.19855, 2.19855
104, 2.19855, 2.19855
105, 2.19855, 2.19855
106, 2.19855, 2.19855
107, 2.19855, 2.19882
108, 2.19855, 2.19855
109, 2.19855, 2.21149
110, 2.19855, 2.20142
111, 2.19855, 2.21055
112, 2.19855, 2.19938
113, 2.19855, 2.19855
114, 2.19855, 2.19906
115, 2.19855, 2.21112
116, 2.19855, 2.1989
117, 2.19855, 2.21188
118, 2.19855, 2.19952
119, 2.19855, 2.20673
120, 2.19855, 2.22081
121, 2.19855, 2.22161
122, 2.19855, 2.22969
123, 2.19855, 2.20657
124, 2.19855, 2.24584
125, 2.19855, 2.24589
126, 2.19855, 2.21411
127, 2.19855, 2.2594
128, 2.19855, 2.2066
129, 2.19855, 2.2142
130, 2.19855, 2.2368
131, 2.19855, 2.19918
132, 2.19855, 2.20347
133, 2.19855, 2.21268
134, 2.19855, 2.2236
135, 2.19855, 2.1995
136, 2.19855, 2.2034
137, 2.19855, 2.19869
138, 2.19855, 2.19991
139, 2.19855, 2.21355
140, 2.19855, 2.2228
141, 2.19855, 2.19855
142, 2.19855, 2.20886
143, 2.19855, 2.19855
144, 2.19855, 2.20766
145, 2.19855, 2.20754
146, 2.19855, 2.20081
147, 2.19855, 2.20559
148, 2.19855, 2.20257
149, 2.19855, 2.20799
150, 2.19855, 2.20237
151, 2.19855, 2.21528
152, 2.19855, 2.19855
153, 2.19855, 2.19855
154, 2.19855, 2.19886
155, 2.19855, 2.20226
156, 2.19855, 2.19932
157, 2.19855, 2.19866
158, 2.19855, 2.20025
159, 2.19855, 2.21566
160, 2.19855, 2.19905
161, 2.19855, 2.20286
162, 2.19855, 2.25362
163, 2.19855, 2.23022
164, 2.19855, 2.21219
165, 2.19855, 2.21699
166, 2.19855, 2.26084
167, 2.19855, 2.24184
168, 2.19855, 2.19855
169, 2.19855, 2.21631
170, 2.19855, 2.20985
171, 2.19855, 2.23822
172, 2.19855, 2.37313
173, 2.19855, 2.23018
174, 2.19855, 2.21036
175, 2.19855, 2.20773
176, 2.19855, 2.23471
177, 2.19855, 2.22293
178, 2.19855, 2.28558
179, 2.19855, 2.24979
180, 2.19855, 2.21277
181, 2.19855, 2.21131
182, 2.19855, 2.2149
183, 2.19855, 2.19989
184, 2.19855, 2.20303
185, 2.19855, 2.22218
186, 2.19855, 2.20744
187, 2.19855, 2.22476
188, 2.19855, 2.23438
189, 2.19855, 2.19855
190, 2.19855, 2.19855
191, 2.19855, 2.19855
192, 2.19855, 2.19859
193, 2.19855, 2.20064
194, 2.19855, 2.19859
195, 2.19855, 2.19862
196, 2.19855, 2.19855
197, 2.19855, 2.19966
198, 2.19855, 2.2068
199, 2.19855, 2.21912
200, 2.19855, 2.20094
201, 2.19855, 2.19886
202, 2.19855, 2.19855
203, 2.19855, 2.2123
204, 2.19855, 2.20331
205, 2.19855, 2.20236
206, 2.19855, 2.20796
207, 2.19855, 2.20187
208, 2.19855, 2.20464
209, 2.19855, 2.2484
210, 2.19855, 2.27935
211, 2.19855, 2.22524
212, 2.19855, 2.29116
213, 2.19855, 2.25562
214, 2.19855, 2.20284
215, 2.19855, 2.20002
216, 2.19855, 2.19855
217, 2.19855, 2.19855
218, 2.19855, 2.19972
219, 2.19855, 2.19855
220, 2.19855, 2.19956
221, 2.19855, 2.20075
222, 2.19855, 2.20202
223, 2.19855, 2.20456
224, 2.19855, 2.22517
225, 2.19855, 2.208
226, 2.19855, 2.23359
227, 2.19855, 2.2806
228, 2.19855, 2.20874
229, 2.19855, 2.19855
230, 2.19855, 2.19855
231, 2.19855, 2.20307
232, 2.19855, 2.19855
233, 2.19855, 2.21766
234, 2.19855, 2.19855
235, 2.19855, 2.19855
236, 2.19855, 2.20976
237, 2.19855, 2.19914
238, 2.19855, 2.21526
239, 2.19855, 2.20558
240, 2.19855, 2.26243
241, 2.19855, 2.29448
242, 2.19855, 2.27775
243, 2.19855, 2.29903
244, 2.19855, 2.22391
245, 2.19855, 2.22292
246, 2.19855, 2.22808
247, 2.19855, 2.22417
248, 2.19855, 2.20513
249, 2.19855, 2.19994
250, 2.19855, 2.21722
