r, gofr, gofr_error
0.0128248, 0, 0
0.0384745, 0, 0
0.0641241, 0, 0
0.0897737, 0, 0
0.115423, 0, 0
0.141073, 0, 0
0.166723, 0, 0
0.192372, 0, 0
0.218022, 0, 0
0.243672, 0, 0
0.269321, 0, 0
0.294971, 0, 0
0.32062, 0, 0
0.34627, 0, 0
0.37192, 0, 0
0.397569, 0, 0
0.423219, 0, 0
0.448869, 0, 0
0.474518, 0, 0
0.500168, 0, 0
0.525818, 0, 0
0.551467, 0, 0
0.577117, 0, 0
0.602767, 0, 0
0.628416, 0, 0
0.654066, 0, 0
0.679715, 0, 0
0.705365, 0, 0
0.731015, 0, 0
0.756664, 0, 0
0.782314, 0, 0
0.807964, 0, 0
0.833613, 0, 0
0.859263, 1.6729e-05, 4.03532e-06
0.884913, 0.00130405, 3.53744e-05
0.910562, 0.0240421, 0.000177874
0.936212, 0.16668, 0.000565843
0.961861, 0.564935, 0.00122
0.987511, 1.20419, 0.00168626
1.01316, 1.8643, 0.00179215
1.03881, 2.33845, 0.0017169
1.06446, 2.5537, 0.00131954
1.09011, 2.55032, 0.00127384
1.11576, 2.40705, 0.00149794
1.14141, 2.19814, 0.00158454
1.16706, 1.97212, 0.00144979
1.19271, 1.75346, 0.00157912
1.21836, 1.55892, 0.00137846
1.24401, 1.38972, 0.00131461
1.26966, 1.24343, 0.00101082
1.29531, 1.1224, 0.000945818
1.32096, 1.02379, 0.000860861
1.34661, 0.939363, 0.000831262
1.37226, 0.87163, 0.000832369
1.39791, 0.817227, 0.000702846
1.42355, 0.772491, 0.000694956
1.4492, 0.737314, 0.00074733
1.47485, 0.710673, 0.00071803
1.5005, 0.690744, 0.000660389
1.52615, 0.67836, 0.00071305
1.5518, 0.670933, 0.000724706
1.57745, 0.670995, 0.000668807
1.6031, 0.676027, 0.000647028
1.62875, 0.686374, 0.000738281
1.6544, 0.702081, 0.000687618
1.68005, 0.723703, 0.000647604
1.7057, 0.749162, 0.000621776
1.73135, 0.780907, 0.000687694
1.757, 0.816677, 0.00065986
1.78265, 0.854377, 0.000630253
1.8083, 0.89478, 0.000698256
1.83395, 0.93593, 0.000749996
1.8596, 0.978194, 0.000742386
1.88525, 1.01924, 0.000753132
1.9109, 1.05849, 0.000732701
1.93655, 1.09675, 0.000666364
1.9622, 1.13116, 0.000547001
1.98785, 1.16196, 0.000560933
2.0135, 1.18638, 0.000546627
2.03915, 1.20382, 0.000584707
2.0648, 1.21385, 0.000627784
2.09045, 1.2148, 0.000690837
2.1161, 1.20789, 0.000684121
2.14174, 1.19497, 0.000663236
2.16739, 1.17403, 0.000693268
2.19304, 1.14993, 0.000719286
2.21869, 1.12334, 0.000637275
2.24434, 1.09502, 0.000701706
2.26999, 1.06554, 0.00070745
2.29564, 1.03768, 0.0006564
2.32129, 1.01237, 0.000567209
2.34694, 0.987359, 0.000604288
2.37259, 0.964926, 0.00055441
2.39824, 0.946284, 0.00050866
2.42389, 0.93102, 0.000530951
2.44954, 0.918128, 0.000561503
2.47519, 0.908485, 0.000522364
2.50084, 0.895149, 0.000471391
2.52649, 0.885417, 0.000497494
2.55214, 0.886119, 0.000557552
