M, pres (current block), pres, pres_error
2500, 1.40258, 1.40258, 0
5000, 1.43518, 1.41888, 0.0162974
7500, 1.45833, 1.43203, 0.0161713
10000, 1.41782, 1.42848, 0.0119742
12500, 1.34994, 1.41277, 0.0182415
15000, 1.31941, 1.39721, 0.0215395
17500, 1.50522, 1.41264, 0.0238634
20000, 1.38808, 1.40957, 0.0208932
22500, 1.33559, 1.40135, 0.0201765
25000, 1.40338, 1.40155, 0.0180476
27500, 1.27046, 1.38963, 0.0202121
30000, 1.41427, 1.39169, 0.0185649
32500, 1.38099, 1.39086, 0.017097
35000, 1.38134, 1.39018, 0.0158434
37500, 1.38748, 1.39, 0.0147505
40000, 1.43938, 1.39309, 0.0141387
42500, 1.37534, 1.39204, 0.013322
45000, 1.44152, 1.39479, 0.0128573
47500, 1.44525, 1.39745, 0.0124484
50000, 1.34032, 1.39459, 0.0121502
52500, 1.43428, 1.39648, 0.0117107
55000, 1.32579, 1.39327, 0.0116189
57500, 1.39816, 1.39348, 0.0111042
60000, 1.45897, 1.39621, 0.0109761
62500, 1.46322, 1.39889, 0.0108638
65000, 1.36799, 1.3977, 0.010505
67500, 1.41773, 1.39844, 0.0101356
70000, 1.37247, 1.39752, 0.00981088
72500, 1.47658, 1.40024, 0.00985128
75000, 1.43652, 1.40145, 0.00959377
77500, 1.45273, 1.40311, 0.00942542
80000, 1.53376, 1.40719, 0.00999777
82500, 1.40998, 1.40727, 0.00969044
85000, 1.36655, 1.40608, 0.00947709
87500, 1.38193, 1.40539, 0.00922815
90000, 1.43556, 1.40622, 0.00900725
92500, 1.26891, 1.40251, 0.00951411
95000, 1.3458, 1.40102, 0.00937985
97500, 1.3577, 1.39991, 0.00920345
100000, 1.34634, 1.39857, 0.00906984
102500, 1.48715, 1.40073, 0.00910584
105000, 1.28565, 1.39799, 0.0092992
107500, 1.44375, 1.39906, 0.0091425
110000, 1.39175, 1.39889, 0.00893385
112500, 1.43454, 1.39968, 0.00876893
115000, 1.39099, 1.39949, 0.00857826
117500, 1.43228, 1.40019, 0.0084227
120000, 1.40698, 1.40033, 0.00824658
122500, 1.3875, 1.40007, 0.00808077
125000, 1.37522, 1.39957, 0.00793309
127500, 1.40537, 1.39969, 0.00777682
130000, 1.42782, 1.40023, 0.00764497
132500, 1.35841, 1.39944, 0.00754073
135000, 1.41118, 1.39966, 0.00740296
137500, 1.33798, 1.39853, 0.00735312
140000, 1.35121, 1.39769, 0.0072699
142500, 1.40287, 1.39778, 0.0071418
145000, 1.40393, 1.39789, 0.00701839
147500, 1.47197, 1.39914, 0.00701174
150000, 1.48038, 1.4005, 0.00702558
152500, 1.28472, 1.3986, 0.00716538
155000, 1.46352, 1.39965, 0.00712623
157500, 1.51586, 1.40149, 0.00725076
160000, 1.57111, 1.40414, 0.00761279
162500, 1.43867, 1.40467, 0.00751357
165000, 1.56211, 1.40706, 0.00777389
167500, 1.34441, 1.40612, 0.00771387
170000, 1.42142, 1.40635, 0.00760291
172500, 1.49687, 1.40766, 0.0076059
175000, 1.44005, 1.40812, 0.00751072
177500, 1.42559, 1.40837, 0.00740827
180000, 1.45956, 1.40908, 0.00733917
182500, 1.36724, 1.40851, 0.00726059
185000, 1.42545, 1.40873, 0.00716546
187500, 1.38967, 1.40848, 0.00707384
190000, 1.3808, 1.40812, 0.00698964
192500, 1.4045, 1.40807, 0.00689842
195000, 1.55449, 1.40995, 0.00706342
197500, 1.36461, 1.40937, 0.00699702
200000, 1.45789, 1.40998, 0.00693557
202500, 1.35814, 1.40934, 0.00687924
205000, 1.35325, 1.40865, 0.00682917
207500, 1.36948, 1.40818, 0.00676287
210000, 1.37192, 1.40775, 0.00669581
212500, 1.50195, 1.40886, 0.00670873
215000, 1.29835, 1.40757, 0.00675363
217500, 1.41397, 1.40765, 0.00667595
220000, 1.48725, 1.40855, 0.00666136
222500, 1.37709, 1.4082, 0.00659558
225000, 1.40266, 1.40814, 0.00652217
227500, 1.34162, 1.40741, 0.00649139
230000, 1.33282, 1.4066, 0.00647142
232500, 1.33529, 1.40583, 0.00644721
235000, 1.45376, 1.40634, 0.00639861
237500, 1.40325, 1.40631, 0.00633098
240000, 1.52971, 1.40759, 0.0063952
242500, 1.41887, 1.40771, 0.00633
245000, 1.42269, 1.40786, 0.00626694
247500, 1.33944, 1.40717, 0.00624169
250000, 1.35886, 1.40669, 0.00619782
