beta, l1
0, 31.5347
0.200401, 31.3681
0.400802, 33.0991
0.601202, 31.7718
0.801603, 28.199
1.002, 27.0566
1.2024, 27.9075
1.40281, 22.6947
1.60321, 25.4461
1.80361, 20.6037
2.00401, 27.3128
2.20441, 21.1582
2.40481, 18.5121
2.60521, 18.6026
2.80561, 19.6655
3.00601, 17.8232
3.20641, 15.6452
3.40681, 18.6034
3.60721, 19.1279
3.80762, 17.6346
4.00802, 14.9641
4.20842, 15.4277
4.40882, 16.6174
4.60922, 12.7523
4.80962, 13.8375
5.01002, 14.828
5.21042, 16.4622
5.41082, 13.0939
5.61122, 13.5195
5.81162, 13.6849
6.01202, 12.6088
6.21242, 13.2228
6.41283, 14.7037
6.61323, 13.6469
6.81363, 11.8003
7.01403, 11.1611
7.21443, 11.9476
7.41483, 13.3392
7.61523, 13.0427
7.81563, 12.2783
8.01603, 13.2928
8.21643, 13.2809
8.41683, 12.1396
8.61723, 13.5315
8.81764, 12.3303
9.01804, 12.0732
9.21844, 12.604
9.41884, 12.0432
9.61924, 11.5568
9.81964, 11.3292
10.02, 12.1439
10.2204, 11.8525
10.4208, 11.908
10.6212, 13.1003
10.8216, 10.6313
11.022, 10.8013
11.2224, 10.6937
11.4228, 11.7459
11.6232, 11.4471
11.8236, 10.7585
12.024, 10.8762
12.2244, 10.9045
12.4248, 10.7081
12.6253, 10.6961
12.8257, 10.7475
13.0261, 10.7164
13.2265, 11.0059
13.4269, 10.8135
13.6273, 10.9927
13.8277, 11.1192
14.0281, 10.7862
14.2285, 10.6835
14.4289, 10.8141
14.6293, 10.6835
14.8297, 10.8074
15.0301, 10.9588
15.2305, 10.7501
15.4309, 10.6979
15.6313, 10.672
15.8317, 10.783
16.0321, 10.7164
16.2325, 10.7228
16.4329, 10.9316
16.6333, 10.6313
16.8337, 10.811
17.0341, 10.6835
17.2345, 10.7585
17.4349, 10.7195
17.6353, 10.6054
17.8357, 11.048
18.0361, 10.6937
18.2365, 10.8141
18.4369, 10.8285
18.6373, 10.6054
18.8377, 10.6313
19.0381, 10.6835
19.2385, 10.6054
19.4389, 10.7228
19.6393, 10.7585
19.8397, 10.6835
20.0401, 10.8243
20.2405, 10.6054
20.4409, 10.7501
20.6413, 10.672
20.8417, 10.8563
21.0421, 10.7986
21.2425, 10.6054
21.4429, 10.7475
21.6433, 10.6054
21.8437, 10.7164
22.0441, 10.6054
22.2445, 10.9925
22.4449, 10.6054
22.6453, 10.6835
22.8457, 10.8789
23.0461, 10.6937
23.2465, 10.6961
23.4469, 10.888
23.6473, 10.6961
23.8477, 10.9141
24.0481, 10.7585
24.2485, 10.7585
24.4489, 10.6054
24.6493, 10.6054
24.8497, 10.6054
25.0501, 10.7475
25.2505, 10.722
25.4509, 10.6054
25.6513, 10.6054
25.8517, 10.6835
26.0521, 10.6054
26.2525, 10.7232
26.4529, 10.722
26.6533, 10.6054
26.8537, 10.8071
27.0541, 10.6313
27.2545, 10.6054
27.4549, 10.6054
27.6553, 10.6054
27.8557, 10.6054
28.0561, 10.7988
28.2565, 10.6313
28.4569, 10.6313
28.6573, 10.6054
28.8577, 10.6054
29.0581, 10.6054
29.2585, 10.7228
29.4589, 10.6054
29.6593, 10.6054
29.8597, 10.6313
30.0601, 10.6313
30.2605, 10.6054
30.4609, 10.6054
30.6613, 10.6313
30.8617, 10.6313
31.0621, 10.6054
31.2625, 10.6054
31.4629, 10.6054
31.6633, 10.6961
31.8637, 10.6054
32.0641, 10.6313
32.2645, 10.6313
32.4649, 10.7217
32.6653, 10.6961
32.8657, 10.6054
33.0661, 10.6054
33.2665, 10.6054
33.4669, 10.6313
33.6673, 10.6054
33.8677, 10.6313
34.0681, 10.6835
34.2685, 10.6054
34.4689, 10.6054
34.6693, 10.6054
34.8697, 10.6313
35.0701, 10.6313
35.2705, 10.7164
35.4709, 10.6835
35.6713, 10.6313
35.8717, 10.6313
36.0721, 10.7195
36.2725, 10.7585
36.4729, 10.6054
36.6733, 10.6313
36.8737, 10.6054
37.0741, 10.6313
37.2745, 10.7228
37.4749, 10.6313
37.6754, 10.6313
37.8758, 10.6054
38.0762, 10.6054
38.2766, 10.6313
38.477, 10.6313
38.6774, 10.6313
38.8778, 10.6054
39.0782, 10.6313
39.2786, 10.6054
39.479, 10.6313
39.6794, 10.6313
39.8798, 10.6937
40.0802, 10.6054
40.2806, 10.6054
40.481, 10.6054
40.6814, 10.6054
40.8818, 10.6054
41.0822, 10.6054
41.2826, 10.6054
41.483, 10.6054
41.6834, 10.6054
41.8838, 10.7475
42.0842, 10.6313
42.2846, 10.6054
42.485, 10.6313
42.6854, 10.6054
42.8858, 10.6835
43.0862, 10.6313
43.2866, 10.6054
43.487, 10.6054
43.6874, 10.6054
43.8878, 10.6054
44.0882, 10.6313
44.2886, 10.6313
44.489, 10.6054
44.6894, 10.6054
44.8898, 10.6054
45.0902, 10.6054
45.2906, 10.6313
45.491, 10.6054
45.6914, 10.6054
45.8918, 10.6937
46.0922, 10.6313
46.2926, 10.6054
46.493, 10.6054
46.6934, 10.6054
46.8938, 10.6054
47.0942, 10.6313
47.2946, 10.6054
47.495, 10.6313
47.6954, 10.6054
47.8958, 10.6054
48.0962, 10.7081
48.2966, 10.6054
48.497, 10.6054
48.6974, 10.6054
48.8978, 10.6054
49.0982, 10.6054
49.2986, 10.6313
49.499, 10.6054
49.6994, 10.6313
49.8998, 10.6313
50.1002, 10.6313
50.3006, 10.6054
50.501, 10.6054
50.7014, 10.6313
50.9018, 10.6313
51.1022, 10.6054
51.3026, 10.7081
51.503, 10.6313
51.7034, 10.6054
51.9038, 10.6054
52.1042, 10.6054
52.3046, 10.6313
52.505, 10.6054
52.7054, 10.6054
52.9058, 10.6054
53.1062, 10.6054
53.3066, 10.6054
53.507, 10.6054
53.7074, 10.6054
53.9078, 10.6961
54.1082, 10.6054
54.3086, 10.6054
54.509, 10.6054
54.7094, 10.6054
54.9098, 10.6054
55.1102, 10.6054
55.3106, 10.6054
55.511, 10.6054
55.7114, 10.6313
55.9118, 10.6054
56.1122, 10.6054
56.3126, 10.6054
56.513, 10.6054
56.7134, 10.6313
56.9138, 10.6054
57.1142, 10.6054
57.3146, 10.6054
57.515, 10.6313
57.7154, 10.6054
57.9158, 10.6313
58.1162, 10.6054
58.3166, 10.6054
58.517, 10.6054
58.7174, 10.6054
58.9178, 10.6313
59.1182, 10.6313
59.3186, 10.6054
59.519, 10.6054
59.7194, 10.6054
59.9198, 10.6054
60.1202, 10.6313
60.3206, 10.6054
60.521, 10.6313
60.7214, 10.6054
60.9218, 10.6054
61.1222, 10.6054
61.3226, 10.6054
61.523, 10.6054
61.7234, 10.6054
61.9238, 10.6054
62.1242, 10.6054
62.3246, 10.6313
62.5251, 10.6054
62.7255, 10.6054
62.9259, 10.6054
63.1263, 10.6054
63.3267, 10.6054
63.5271, 10.6054
63.7275, 10.6054
63.9279, 10.6313
64.1283, 10.6054
64.3287, 10.6054
64.5291, 10.6054
64.7295, 10.7164
64.9299, 10.6054
65.1303, 10.6054
65.3307, 10.6054
65.5311, 10.6054
65.7315, 10.6054
65.9319, 10.6054
66.1323, 10.6054
66.3327, 10.6054
66.5331, 10.6054
66.7335, 10.6054
66.9339, 10.6054
67.1343, 10.6054
67.3347, 10.6054
67.5351, 10.6054
67.7355, 10.6054
67.9359, 10.6054
68.1363, 10.6961
68.3367, 10.6054
68.5371, 10.6054
68.7375, 10.6313
68.9379, 10.6054
69.1383, 10.6054
69.3387, 10.6054
69.5391, 10.6054
69.7395, 10.6054
69.9399, 10.6054
70.1403, 10.6054
70.3407, 10.6054
70.5411, 10.6313
70.7415, 10.6054
70.9419, 10.6054
71.1423, 10.6054
71.3427, 10.6054
71.5431, 10.6054
71.7435, 10.6054
71.9439, 10.6054
72.1443, 10.6054
72.3447, 10.6054
72.5451, 10.6054
72.7455, 10.6054
72.9459, 10.6054
73.1463, 10.6054
73.3467, 10.6054
73.5471, 10.6054
73.7475, 10.6054
73.9479, 10.6313
74.1483, 10.6054
74.3487, 10.6313
74.5491, 10.6054
74.7495, 10.6054
74.9499, 10.6054
75.1503, 10.6054
75.3507, 10.6054
75.5511, 10.6313
75.7515, 10.6054
75.9519, 10.6054
76.1523, 10.6054
76.3527, 10.6313
76.5531, 10.6054
76.7535, 10.6054
76.9539, 10.6054
77.1543, 10.6054
77.3547, 10.6054
77.5551, 10.6054
77.7555, 10.6054
77.9559, 10.6054
78.1563, 10.6054
78.3567, 10.6313
78.5571, 10.6054
78.7575, 10.6054
78.9579, 10.6054
79.1583, 10.6054
79.3587, 10.6054
79.5591, 10.6054
79.7595, 10.6054
79.9599, 10.6054
80.1603, 10.6054
80.3607, 10.6054
80.5611, 10.6313
80.7615, 10.6054
80.9619, 10.6054
81.1623, 10.6054
81.3627, 10.6054
81.5631, 10.6054
81.7635, 10.6054
81.9639, 10.6054
82.1643, 10.6054
82.3647, 10.6054
82.5651, 10.6313
82.7655, 10.6054
82.9659, 10.6054
83.1663, 10.6054
83.3667, 10.6054
83.5671, 10.6054
83.7675, 10.6054
83.9679, 10.6054
84.1683, 10.6054
84.3687, 10.6054
84.5691, 10.6313
84.7695, 10.6054
84.9699, 10.6054
85.1703, 10.6054
85.3707, 10.6054
85.5711, 10.6313
85.7715, 10.6054
85.9719, 10.6054
86.1723, 10.6054
86.3727, 10.6054
86.5731, 10.6054
86.7735, 10.6054
86.9739, 10.6054
87.1743, 10.6054
87.3747, 10.6054
87.5752, 10.6054
87.7756, 10.6054
87.976, 10.6054
88.1764, 10.6054
88.3768, 10.6054
88.5772, 10.6054
88.7776, 10.6054
88.978, 10.6054
89.1784, 10.6054
89.3788, 10.6054
89.5792, 10.6054
89.7796, 10.6054
89.98, 10.6313
90.1804, 10.6054
90.3808, 10.6313
90.5812, 10.6054
90.7816, 10.6054
90.982, 10.6054
91.1824, 10.6054
91.3828, 10.6054
91.5832, 10.6054
91.7836, 10.6054
91.984, 10.6054
92.1844, 10.6054
92.3848, 10.6054
92.5852, 10.6054
92.7856, 10.6054
92.986, 10.6054
93.1864, 10.6054
93.3868, 10.6054
93.5872, 10.6054
93.7876, 10.6054
93.988, 10.6054
94.1884, 10.6054
94.3888, 10.6054
94.5892, 10.6054
94.7896, 10.6054
94.99, 10.6054
95.1904, 10.6054
95.3908, 10.6054
95.5912, 10.6313
95.7916, 10.6054
95.992, 10.6054
96.1924, 10.6054
96.3928, 10.6054
96.5932, 10.6054
96.7936, 10.6054
96.994, 10.6054
97.1944, 10.6054
97.3948, 10.6054
97.5952, 10.6054
97.7956, 10.6054
97.996, 10.6054
98.1964, 10.6054
98.3968, 10.6054
98.5972, 10.6054
98.7976, 10.6054
98.998, 10.6054
99.1984, 10.6054
99.3988, 10.6054
99.5992, 10.6054
99.7996, 10.6054
100, 10.6313
