M, pres (current block), pres, pres_error
2500, 7.56341, 7.56341, 0
5000, 7.57879, 7.5711, 0.0076853
7500, 7.6037, 7.58197, 0.011737
10000, 7.58899, 7.58372, 0.00848304
12500, 7.49144, 7.56527, 0.0195911
15000, 7.56094, 7.56454, 0.0160124
17500, 7.60582, 7.57044, 0.0147619
20000, 7.62159, 7.57683, 0.0142936
22500, 7.49964, 7.56826, 0.0152473
25000, 7.57737, 7.56917, 0.013668
27500, 7.65626, 7.57708, 0.014681
30000, 7.56775, 7.57631, 0.0134244
32500, 7.60776, 7.57873, 0.0125835
35000, 7.59529, 7.57991, 0.01171
37500, 7.60523, 7.5816, 0.0110313
40000, 7.66299, 7.58668, 0.0115046
42500, 7.6484, 7.59031, 0.0114001
45000, 7.55541, 7.58838, 0.0109217
47500, 7.58674, 7.58829, 0.0103312
50000, 7.54902, 7.58633, 0.00999582
52500, 7.61392, 7.58764, 0.00959831
55000, 7.52849, 7.58495, 0.00953842
57500, 7.58966, 7.58516, 0.00911658
60000, 7.61048, 7.58621, 0.00879201
62500, 7.59251, 7.58646, 0.00843676
65000, 7.55653, 7.58531, 0.00818712
67500, 7.60762, 7.58614, 0.00792128
70000, 7.60439, 7.58679, 0.00766092
72500, 7.6087, 7.58755, 0.00743053
75000, 7.54273, 7.58605, 0.00733237
77500, 7.67846, 7.58903, 0.00769296
80000, 7.57512, 7.5886, 0.00746135
82500, 7.56394, 7.58785, 0.00727022
85000, 7.593, 7.588, 0.00705477
87500, 7.51993, 7.58606, 0.00712096
90000, 7.59551, 7.58632, 0.00692531
92500, 7.60214, 7.58675, 0.00674909
95000, 7.57797, 7.58652, 0.00657314
97500, 7.66249, 7.58846, 0.00669215
100000, 7.53276, 7.58707, 0.00666973
102500, 7.59264, 7.58721, 0.00650644
105000, 7.59497, 7.58739, 0.00635232
107500, 7.62658, 7.5883, 0.00626943
110000, 7.52366, 7.58683, 0.00629902
112500, 7.51338, 7.5852, 0.00637011
115000, 7.55184, 7.58448, 0.00627215
117500, 7.71829, 7.58732, 0.00676548
120000, 7.6001, 7.58759, 0.00662838
122500, 7.61072, 7.58806, 0.00650884
125000, 7.6521, 7.58934, 0.00650465
127500, 7.54708, 7.58851, 0.00642946
130000, 7.60922, 7.58891, 0.00631717
132500, 7.57657, 7.58868, 0.0062012
135000, 7.67346, 7.59025, 0.00628456
137500, 7.5369, 7.58928, 0.00624502
140000, 7.60799, 7.58961, 0.00614159
142500, 7.57731, 7.5894, 0.00603674
145000, 7.52789, 7.58834, 0.0060258
147500, 7.66381, 7.58962, 0.00605935
150000, 7.54147, 7.58881, 0.00601131
152500, 7.53787, 7.58798, 0.00597064
155000, 7.62326, 7.58855, 0.00590105
157500, 7.65452, 7.58959, 0.00590028
160000, 7.65494, 7.59062, 0.00589644
162500, 7.57076, 7.59031, 0.00581305
165000, 7.62016, 7.59076, 0.00574213
167500, 7.56931, 7.59044, 0.00566484
170000, 7.54648, 7.5898, 0.00561823
172500, 7.56487, 7.58943, 0.00554798
175000, 7.55304, 7.58891, 0.00549282
177500, 7.67437, 7.59012, 0.00554707
180000, 7.68543, 7.59144, 0.00562738
182500, 7.54908, 7.59086, 0.00558002
185000, 7.60989, 7.59112, 0.0055101
187500, 7.56231, 7.59073, 0.00544969
190000, 7.55106, 7.59021, 0.00540279
192500, 7.5478, 7.58966, 0.00536054
195000, 7.65608, 7.59051, 0.00535944
197500, 7.57438, 7.59031, 0.0052951
200000, 7.62273, 7.59071, 0.00524418
202500, 7.56366, 7.59038, 0.00518978
205000, 7.66114, 7.59124, 0.00519822
207500, 7.59477, 7.59129, 0.00513539
210000, 7.61885, 7.59161, 0.00508448
212500, 7.71612, 7.59308, 0.00523348
215000, 7.60131, 7.59317, 0.00517315
217500, 7.62375, 7.59353, 0.0051254
220000, 7.62482, 7.59388, 0.00507929
222500, 7.60071, 7.59396, 0.00502248
225000, 7.57532, 7.59375, 0.00497067
227500, 7.62588, 7.5941, 0.00492841
230000, 7.5792, 7.59394, 0.00487723
232500, 7.54655, 7.59343, 0.00485134
235000, 7.53754, 7.59284, 0.00483614
237500, 7.55817, 7.59247, 0.00479886
240000, 7.50904, 7.5916, 0.00482749
242500, 7.6053, 7.59175, 0.00477955
245000, 7.53936, 7.59121, 0.00476063
247500, 7.55335, 7.59083, 0.00472779
250000, 7.56533, 7.59057, 0.00468721
