r, gofr, gofr_error
0.0323165, 0, 0
0.0969496, 0, 0
0.161583, 0, 0
0.226216, 0, 0
0.290849, 0, 0
0.355482, 0, 0
0.420115, 0, 0
0.484748, 0, 0
0.549381, 0, 0
0.614014, 0, 0
0.678647, 0, 0
0.74328, 0, 0
0.807913, 0, 0
0.872546, 0.00312, 0.000183523
0.937179, 0.575832, 0.00246915
1.00181, 4.66678, 0.00863374
1.06645, 10.1719, 0.0171993
1.13108, 12.7288, 0.021192
1.19571, 13.0477, 0.0193571
1.26034, 12.7633, 0.0157633
1.32498, 12.4517, 0.0177934
1.38961, 12.3034, 0.018037
1.45424, 12.3819, 0.0170899
1.51888, 12.6537, 0.0147147
1.58351, 13.079, 0.0152732
1.64814, 13.6334, 0.0160022
1.71278, 14.3238, 0.0163724
1.77741, 15.1246, 0.0159041
1.84204, 16.0248, 0.017747
1.90667, 16.9747, 0.0140968
1.97131, 18.0854, 0.0167703
2.03594, 19.2261, 0.0172107
2.10057, 20.4159, 0.0197549
2.16521, 21.6166, 0.018362
2.22984, 22.8735, 0.0214015
2.29447, 24.0932, 0.020174
2.35911, 25.3148, 0.0222422
2.42374, 26.5957, 0.021731
2.48837, 27.8783, 0.0192591
2.55301, 29.1855, 0.0237979
2.61764, 30.5542, 0.0218109
2.68227, 31.9537, 0.0233806
2.7469, 33.4554, 0.0258044
2.81154, 34.9408, 0.0234461
2.87617, 36.441, 0.024352
2.9408, 38.0564, 0.0246541
3.00544, 39.6953, 0.0269858
3.07007, 41.3716, 0.0263426
3.1347, 43.0556, 0.0242978
3.19934, 44.8195, 0.0267664
3.26397, 46.5605, 0.0308116
3.3286, 48.3997, 0.0293441
3.39323, 50.2447, 0.030313
3.45787, 52.1419, 0.0297591
3.5225, 54.0305, 0.0288969
3.58713, 56.04, 0.0318581
3.65177, 58.0523, 0.0304709
3.7164, 60.0886, 0.0318323
3.78103, 62.1452, 0.0329106
3.84567, 64.2235, 0.0297796
3.9103, 66.4308, 0.0321536
3.97493, 68.6044, 0.0312774
4.03957, 70.7842, 0.0309549
4.1042, 73.0571, 0.0347035
4.16883, 75.3853, 0.038474
4.23346, 77.6377, 0.0363499
4.2981, 80.0736, 0.0345189
4.36273, 82.5097, 0.0349158
4.42736, 84.8837, 0.0352765
4.492, 87.3945, 0.0329397
4.55663, 89.8853, 0.0379888
4.62126, 92.5244, 0.0385163
4.6859, 95.1126, 0.0361259
4.75053, 97.7443, 0.0444789
4.81516, 100.399, 0.0380793
4.87979, 103.086, 0.0431949
4.94443, 105.844, 0.0398856
5.00906, 108.63, 0.0408051
5.07369, 111.327, 0.0410966
5.13833, 114.26, 0.0371565
5.20296, 117.146, 0.0405333
5.26759, 120.007, 0.0448417
5.33223, 123.06, 0.0432958
5.39686, 126.063, 0.0482098
5.46149, 129.007, 0.0467731
5.52612, 132.068, 0.0480316
5.59076, 135.108, 0.0461836
5.65539, 138.349, 0.0473724
5.72002, 141.553, 0.0474066
5.78466, 144.765, 0.0443933
5.84929, 147.915, 0.0481643
5.91392, 151.271, 0.0483604
5.97856, 154.478, 0.0471327
6.04319, 157.838, 0.0491267
6.10782, 161.417, 0.0488116
6.17246, 164.805, 0.0486418
6.23709, 168.176, 0.0472611
6.30172, 171.865, 0.0483559
6.36635, 175.266, 0.0533846
6.43099, 178.742, 0.051284
