2.08072
2.07177
2.0628
2.05359
2.04437
2.0354
2.02597
2.01681
2.00817
1.99958
1.99032
1.98209
1.9737
1.9649
1.95572
1.94784
1.93934
1.93169
1.92367
1.91554
1.90755
1.89994
1.89297
1.88566
1.87876
1.87202
1.86473
1.85809
1.85164
1.84536
1.83951
1.83361
1.82838
1.82287
1.81731
1.81219
1.80751
1.80304
1.79901
1.79446
1.78987
1.78597
1.78228
1.77903
1.77575
1.77268
1.76957
1.7669
1.76444
1.76315
1.76133
1.75898
1.75804
1.75657
1.75554
1.7547
1.75381
1.75383
1.7538
1.75347
1.75308
1.75288
1.75357
1.75421
1.75501
1.75575
1.75667
1.75823
1.75948
1.76091
1.76274
1.76425
1.76641
1.76849
1.77098
1.77338
1.77619
1.7794
1.7823
1.78559
1.7888
1.79218
1.79596
1.79966
1.804
1.80827
1.81294
1.81705
1.82109
1.82553
1.8299
1.83468
1.83939
1.84451
1.85005
1.85577
1.8619
1.86869
1.87469
1.88112
1.88821
1.89524
1.90246
1.91011
1.91722
1.92452
1.93273
1.94088
1.94923
1.9568
1.96504
1.97372
1.98282
1.99163
2.00087
2.0103
2.02015
2.03043
2.03969
2.04961
2.05971
2.07023
2.08068
2.09154
2.10233
2.114
2.1251
2.13612
2.14825
2.16004
2.17172
2.18378
2.19572
2.20826
2.22043
2.23245
2.24553
2.25798
2.2705
2.28357
2.29669
2.30986
2.32259
2.33559
2.34908
2.36185
2.37438
2.38713
2.40009
2.413
2.42587
2.43843
2.45091
2.46354
2.47583
2.48873
2.50126
2.51414
2.52566
2.53727
2.54918
2.56018
2.57147
2.58304
2.59343
2.60408
2.61401
2.62417
2.63385
2.6435
2.65313
2.66248
2.67179
2.68008
2.68832
2.69578
2.70366
2.71098
2.71799
2.7242
2.73057
2.73687
2.74284
2.74776
2.75284
2.75759
2.76226
2.76612
2.76918
2.77263
2.77529
2.77786
2.78012
2.78183
2.78346
2.78503
2.78629
2.78725
2.78792
2.78781
2.78789
2.78744
2.78647
2.7857
2.78514
2.78407
2.78248
2.78088
2.77853
2.77593
2.77332
2.77045
2.76735
2.764
2.76065
2.75707
2.75375
2.74923
2.74473
2.74001
2.73507
2.72944
2.72456
2.71827
2.71226
2.70653
2.70061
2.69402
2.68723
2.68099
2.67433
2.66725
2.65976
2.65187
2.64405
2.63656
2.62844
2.62017
2.61151
2.6032
2.59476
2.58619
2.57774
2.56869
2.56025
2.55098
2.5416
2.53238
2.5233
2.51389
2.50368
2.49411
2.48496
2.47477
2.46477
2.45471
2.4446
2.43517
2.42594
2.41596
2.40595
2.39519
2.38514
2.37484
2.36525
2.35519
2.34465
2.33436
2.32482
2.31506
2.30485
2.29516
2.28552
2.27617
2.26663
2.25692
2.24753
2.23797
2.22849
2.21767
2.20791
2.19898
2.19017
2.18124
2.1722
2.16379
2.15504
2.14668
2.138
2.13046
2.12237
2.11471
2.10724
2.10045
2.09339
2.0863
2.07943
2.07256
2.06639
2.05999
2.05384
2.04843
2.04327
2.03815
2.03281
2.02848
2.02442
2.02066
2.0167
2.01352
2.01136
2.00854
2.00602
2.00429
2.00238
2.00103
2.00022
1.99973
1.99907
1.99919
1.99963
1.99989
2.0007
2.00133
2.00274
2.00421
2.00644
2.00824
2.01128
2.01483
2.01769
2.0208
2.02392
2.02728
2.03135
2.03541
2.04015
2.04557
2.05069
2.05623
2.06144
2.0668
2.07253
2.07837
2.08383
2.08985
2.09546
2.1016
2.10777
2.11396
2.12014
2.12582
2.13195
2.13754
2.14306
2.14897
2.15429
2.15974
2.16528
2.17019
2.17518
2.17951
2.18412
2.18925
2.19392
2.19788
2.20161
2.20509
2.20832
2.21129
2.21376
2.21669
2.21886
2.22053
2.22216
2.22305
2.22439
2.22522
2.22604
2.22589
2.22572
2.22556
2.22565
2.22479
2.22467
2.22362
2.22238
2.22119
2.21982
2.21779
2.21586
2.21377
2.21154
2.20919
2.20671
2.20437
2.20168
2.19939
2.19724
2.1943
2.1913
2.18798
2.18534
2.1824
2.17942
2.17593
2.17336
2.16981
2.16647
2.16312
2.16
2.15711
2.15397
2.15083
2.14698
2.14336
2.14024
2.13714
2.13356
2.12929
2.12552
2.12226
2.11927
2.11656
2.11291
2.10931
2.10624
2.10321
2.10024
2.09732
2.09422
2.09166
2.08916
2.08602
2.08318
2.08041
2.07845
2.07585
2.07357
2.0709
2.0688
2.0668
2.06537
2.06308
2.06114
2.06001
2.05804
2.05641
2.05513
2.05396
2.05291
2.05222
2.05116
2.05046
2.05012
2.04942
2.0486
2.0479
2.04781
2.04784
2.04824
2.04876
2.04941
2.04995
2.05037
2.05141
2.05256
2.05361
2.05478
2.05657
2.05872
2.05931
2.06051
2.06231
2.06473
2.06654
2.06848
2.07031
2.07273
2.07552
2.07771
2.08073
2.08387
2.08713
2.08977
2.093
2.09659
2.10027
2.10382
2.10747
2.11121
2.11504
2.11896
2.12248
2.12632
2.13071
2.13469
2.13873
2.1433
2.14769
2.15163
2.15633
2.16082
2.16532
2.17009
2.17413
2.17866
2.18341
2.18791
2.1931
2.19753
2.20192
2.20649
2.21076
2.21473
2.21861
2.22289
2.22755
2.23162
2.2351
2.23871
2.24218
2.24576
2.24872
2.25129
2.25443
2.25717
2.25974
2.2619
2.26389
2.26594
2.26757
2.26973
2.27171
2.27302
2.2739
2.27483
2.27533
2.27588
2.27648
2.27689
2.27639
2.27691
2.27701
2.27621
2.27596
2.27457
2.27349
2.2725
2.27134
2.27028
2.26858
2.26651
2.26502
2.26292
2.2607
2.25836
2.25591
2.2536
2.25072
2.24774
2.24444
2.24202
2.23858
2.23531
2.23224
2.22887
2.22594
2.22298
2.22
2.21651
2.21373
2.20998
2.20671
2.20393
2.20068
2.19794
2.19521
2.1918
2.1889
2.18629
2.18421
2.18146
2.17804
2.17445
2.17141
2.16869
2.16629
2.16398
2.16127
2.15963
2.15808
2.15639
2.15458
2.15311
2.15128
2.14885
2.14751
2.14605
2.14497
2.14402
2.14272
2.14133
2.14056
2.13969
2.13994
2.13961
2.1392
2.1387
2.13859
2.13839
2.13884
2.1392
2.13971
2.14062
2.14216
2.14338
2.14547
2.14722
2.14865
2.15069
2.15312
2.15545
2.15718
2.16001
2.16272
2.16555
2.16872
2.17177
2.1737
2.17646
2.17929
2.18317
2.18616
2.18992
2.19278
2.19616
2.20005
2.20325
2.20694
2.21064
2.21337
2.21705
2.22022
2.22335
2.22644
2.22971
2.23291
2.23532
2.23885
2.24179
2.24488
2.24761
2.24998
2.25245
2.25504
2.25652
2.25929
2.26094
2.26243
2.26376
2.2654
2.26735
2.26841
2.26905
2.27
2.27054
2.27114
2.27134
2.27138
2.27125
2.27097
2.2703
2.26924
2.26878
2.26794
2.26674
2.26544
2.26403
2.26302
2.2612
2.26004
2.25786
2.25635
2.25481
2.25324
2.25142
2.24936
2.24683
2.24575
2.24398
2.24201
2.2408
2.23869
2.23736
2.23609
2.23537
2.23425
2.2332
2.23272
2.23231
2.23199
2.23126
2.23085
2.23027
2.22976
2.22931
2.22939
2.22903
2.22896
2.22866
2.22838
2.22786
2.22781
2.22726
2.22715
2.2265
2.22603
2.2262
2.2258
2.22504
2.22367
2.22216
2.22123
2.22036
2.21883
2.21735
2.21543
2.21354
2.21093
2.20834
2.20599
2.20316
2.20033
2.19676
2.19246
2.18816
2.18336
2.17952
2.17473
2.16969
2.16444
2.15872
2.15328
2.1474
2.14181
2.13605
2.1294
2.1231
2.11666
2.11034
2.10345
2.09719
2.09015
2.08305
2.07591
2.06852
2.0616
2.05446
2.0471
2.03978
2.03299
2.02603
2.01892
2.01213
2.00593
1.99937
1.9922
1.98541
1.97924
1.97298
1.96784
1.96213
1.95683
1.95171
1.94724
1.9427
1.93714
1.93248
1.92776
1.92371
1.91961
1.91568
1.91219
1.90863
1.90549
1.90205
1.89879
1.89619
1.89376
1.89102
1.88892
1.88651
1.88499
1.88314
1.88144
1.88014
1.87947
1.87799
1.87664
1.87544
1.87461
1.87368
1.87288
1.87244
1.87189
1.87146
1.87139
1.87095
1.87111
1.87161
1.87198
1.87173
1.8723
1.87297
1.87373
1.87459
1.87625
1.87727
1.8779
1.87932
1.88082
1.88216
1.88332
1.88455
1.88656
1.88743
1.88955
1.89101
1.89276
1.89456
1.89592
1.89804
1.9002
1.90168
1.90342
1.90568
1.9082
1.91051
1.91307
1.91517
1.91753
1.91942
1.92155
1.9237
1.92584
1.92823
1.93038
1.93253
1.93442
1.93655
1.93866
1.94053
1.94237
1.94468
1.94623
1.94777
1.94999
1.95218
1.95337
1.95548
1.95755
1.95981
1.9613
1.96249
1.9641
1.96564
1.9671
1.96849
1.97003
1.97124
1.97235
1.97359
1.974
1.97549
1.97589
1.97687
1.97699
1.97719
1.97699
1.97711
1.9768
1.97607
1.97539
1.97426
1.97317
1.97163
1.97059
1.96908
1.96758
1.96536
1.96267
1.95997
1.95728
1.95386
1.95044
1.94678
1.9424
1.93876
1.93464
1.93007
1.926
1.92125
1.91607
1.91022
1.90444
1.89899
1.8934
1.88744
1.88113
1.87496
1.86848
1.86219
1.85585
1.84973
1.84337
1.8375
1.83191
1.82638
1.82043
1.81386
1.80763
1.80177
1.79581
1.78977
1.78415
1.77871
1.77348
1.76847
1.7632
1.75866
1.75461
1.75106
1.74729
1.74405
1.74108
1.73841
1.73628
1.73396
1.73171
1.73048
1.7298
1.72895
1.72817
1.72769
1.72824
1.72837
1.72904
1.73002
1.73129
1.73261
1.73421
1.73634
1.73851
1.74095
1.74366
1.74662
1.75008
1.75379
1.75774
1.76169
1.76586
1.77049
1.77558
1.78087
1.78588
1.79181
1.79745
1.80302
1.80853
1.81469
1.82077
1.82724
1.83411
1.84111
1.84777
1.85455
1.8617
1.86896
1.87657
1.88404
1.89113
1.89927
1.90701
1.91459
1.92224
1.92995
1.93747
1.94529
1.95363
1.96152
1.96969
1.97787
1.98655
1.99499
2.00223
2.00993
2.0181
2.02599
2.03386
2.04216
2.05017
2.05812
2.06649
2.07405
2.08153
2.08915
2.09668
2.10385
2.11043
2.1176
2.12464
2.13106
2.13758
2.14442
2.15087
2.15668
2.16304
2.16899
2.17477
2.18062
2.18605
2.19178
2.19708
2.20197
2.20692
2.21144
2.21627
2.22044
2.22395
2.22778
2.23167
2.23493
2.2385
2.24145
2.24472
2.2481
2.25086
2.25325
2.25575
2.25839
2.26068
2.26263
2.26474
2.26676
2.26895
2.27155
2.27385
2.27585
2.27805
2.27997
2.2821
2.28324
2.28412
2.2857
2.28704
2.28861
2.28969
2.2915
2.29307
2.29441
2.29551
2.2971
2.29894
2.30126
2.30311
2.30471
2.30632
2.30839
2.30974
2.31178
2.31356
2.31483
2.31606
2.31749
2.31886
2.32016
2.32139
2.32254
2.32359
2.32454
2.32513
2.32584
2.32617
2.32659
2.32637
2.32551
2.32568
2.32542
2.32498
2.32457
2.32372
2.32315
2.32163
2.32014
2.31915
2.31745
2.31505
2.31266
2.3098
2.30671
2.30341
2.30085
2.29759
2.29461
2.2907
2.28635
2.28229
2.27781
2.27244
2.26738
2.26241
2.25753
2.25228
2.24715
2.24165
2.23581
2.23084
2.22482
2.21897
2.21281
2.20684
2.20083
2.19477
2.18869
2.18284
2.17721
2.17086
2.16476
2.15843
2.1526
2.14656
2.14103
2.1353
2.12938
2.12398
2.1184
2.11238
2.10715
2.10198
2.09639
2.09111
2.08516
2.08001
2.07421
2.06944
2.06377
2.0589
2.05386
2.04888
2.04398
2.03962
2.03486
2.03064
2.02576
2.02094
2.01691
2.0127
2.00758
2.00348
1.9992
1.99473
1.99056
1.98597
1.98191
1.97766
1.97394
1.97028
1.96668
1.96264
1.95913
1.95568
1.95181
1.94823
1.94471
1.94148
1.93808
1.93474
1.93195
1.92874
1.92536
1.92254
1.92003
1.91759
1.91452
1.91153
1.90862
1.90628
1.90379
1.90164
1.89911
1.89691
1.89458
1.89283
1.8912
1.88943
1.88802
1.88624
1.88505
1.88327
1.88232
1.88126
1.88007
1.87925
1.87807
1.87773
1.87799
1.87765
1.87671
1.87685
1.87687
1.87676
1.87701
1.87761
1.87809
1.87915
1.87984
1.88063
1.88128
1.88275
1.88408
1.88575
1.88726
1.88791
1.88864
1.88945
1.88962
1.89132
1.89335
1.89545
1.89691
1.89942
1.90152
1.90418
1.90621
1.90784
1.90979
1.91232
1.91493
1.91788
1.92093
1.9248
1.92733
1.9307
1.93345
1.93633
1.93933
1.94295
1.94743
1.95013
1.95394
1.95791
1.9618
1.96707
1.97203
1.9767
1.98132
1.98661
1.99211
1.99854
2.00421
2.01059
2.01671
2.02257
2.02915
2.03667
2.04372
2.05148
2.05852
2.06628
2.07429
2.08301
2.09197
2.10141
2.11084
2.12001
2.12966
2.13976
2.1496
2.15989
2.17038
2.18107
2.19146
2.20275
2.21348
2.22461
2.23661
2.24851
2.26029
2.27146
2.28345
2.29553
2.30768
2.31965
2.33239
2.34419
2.35601
2.36856
2.38061
2.39287
2.40557
2.41773
2.42982
2.44157
2.45298
2.46475
2.47662
2.48785
2.49843
2.50906
2.52046
2.53091
2.54136
2.55181
2.56199
2.5714
2.58075
2.58979
2.59826
2.60686
2.61487
2.62298
2.6307
2.63754
2.64324
2.649
2.65456
2.65895
2.66336
2.66755
2.67149
2.67424
2.67698
2.67946
2.68145
2.68247
2.68298
2.683
2.68301
2.68228
2.68131
2.67938
2.67747
2.6751
2.67203
2.66902
2.6651
2.66078
2.65583
2.65099
2.64629
2.64004
2.63396
2.6276
2.62096
2.61383
2.60624
2.59868
2.59142
2.58352
2.57596
2.56804
2.56051
2.55267
2.54477
2.53732
2.5301
2.52191
2.51398
2.50561
2.4973
2.49001
2.48183
2.47399
2.46601
2.45766
2.45039
2.44301
2.43528
2.42794
2.42097
2.41368
2.40701
2.40025
2.3934
2.38718
2.38062
2.37469
2.36865
2.36347
2.3577
2.35229
2.34699
2.3418
2.33694
2.33218
2.32725
2.3224
2.31688
2.31213
2.3079
2.30298
2.29808
2.29294
2.28805
2.28386
2.27942
2.27447
2.2702
2.26468
2.26008
2.25542
2.25021
2.24566
2.24032
2.2349
2.22965
2.22409
2.21869
2.21297
2.20743
2.20182
2.19543
2.1897
2.18392
2.17809
2.17151
2.16587
2.15997
2.15382
2.14817
2.14204
2.13619
2.13014
2.12415
2.1187
2.11334
2.10759
2.10172
2.09645
2.09083
2.08633
2.08151
2.07735
2.0729
2.06937
2.06533
2.06152
2.05794
2.05508
2.052
2.04917
2.04662
2.04458
2.04259
2.04088
2.03923
2.03835
2.03753
2.0363
2.03609
2.0357
2.03658
2.03729
2.03831
2.03939
2.04054
2.0427
2.04516
2.04864
2.0512
2.05453
2.05766
2.06131
2.0657
2.06987
2.0743
2.0797
2.08413
2.08952
2.0944
2.10022
2.10625
2.11223
2.1184
2.1245
2.1315
2.13792
2.14498
2.15145
2.15877
2.16597
2.17327
2.18042
2.18839
2.1957
2.2038
2.21195
2.2199
2.22788
2.23564
2.24364
2.25165
2.25916
2.26664
2.27362
2.28102
2.28885
2.29637
2.30357
2.31117
2.31842
2.32533
2.33235
2.33947
2.34622
2.35281
2.35948
2.36574
2.37205
2.3772
2.38311
2.38808
2.39379
2.39831
2.40354
2.40852
2.41275
2.41696
2.4204
2.4238
2.42714
2.43042
2.43291
2.43461
2.43622
2.43726
2.43845
2.43931
2.43934
2.44024
2.44006
2.43954
2.43891
2.43792
2.43611
2.43467
2.43288
2.43002
2.42659
2.42281
2.41966
2.41546
2.41143
2.4066
2.40122
2.39578
2.39053
2.38477
2.37825
2.37219
2.36516
2.35837
2.35136
2.34389
2.33646
2.32836
2.32032
2.31236
2.30425
2.29575
2.28713
2.27815
2.2693
2.26085
2.25256
2.24421
2.23483
2.22638
2.21789
2.20866
2.19894
2.18945
2.18094
2.17196
2.16252
2.1536
2.14423
2.1354
2.12686
2.11814
2.10973
2.1009
2.09216
2.08373
2.07564
2.06715
2.05826
2.04972
2.04199
2.03436
2.02684
2.01918
2.01138
2.00393
1.9961
1.98886
1.98149
1.97446
1.96779
1.96122
1.95475
1.94816
1.94143
1.93528
1.929
1.92258
1.91674
1.91076
1.90392
1.89839
1.89246
1.88712
1.88163
1.87624
1.87119
1.86599
1.86088
1.85611
1.85142
1.84635
1.84185
1.8372
1.83191
1.82791
1.824
1.8197
1.81549
1.81136
1.80733
1.8029
1.79928
1.79527
1.79183
1.78872
1.78521
1.78204
1.77896
1.7755
1.77261
1.76981
1.76662
1.76426
1.76151
1.7591
1.75631
1.75411
1.75177
1.74906
1.74645
1.74444
1.74278
1.74075
1.73932
1.73777
1.73611
1.73456
1.73339
1.7326
1.73169
1.73093
1.73006
1.72958
1.73021
1.72979
1.72976
1.72989
1.73042
1.73087
1.73148
1.73227
1.73347
1.73435
1.73518
1.7369
1.73857
1.74041
1.74244
1.74537
1.74752
1.74961
1.75285
1.75554
1.75842
1.7622
1.76567
1.76956
1.77314
1.77664
1.78103
1.78582
1.79028
1.79488
1.79938
1.80474
1.80974
1.8151
1.81936
1.82445
1.82914
1.83487
1.84044
1.8463
1.85221
1.85815
1.86388
1.8689
1.87488
1.87989
1.88583
1.8915
1.89712
1.90268
1.90841
1.91406
1.91938
1.9258
1.9309
1.93587
1.9412
1.9459
1.95022
1.95462
1.95911
1.96294
1.96637
1.96962
1.97293
1.97655
1.97975
1.98276
1.9856
1.98825
1.99072
1.99302
1.99538
1.99758
1.99936
2.00099
2.00173
2.00329
2.0047
2.00574
2.00663
2.00765
2.00806
2.0086
2.00952
2.00938
2.00914
2.00954
2.00963
2.00964
2.00959
2.009
2.00932
2.00911
2.00886
2.00907
2.00876
2.00771
2.00713
2.00677
2.00616
2.00555
2.00493
2.00455
2.00394
2.00382
2.00371
2.00384
2.00351
2.00319
2.00313
2.00309
2.00282
2.00281
2.00258
2.00261
2.00242
2.002
2.00136
2.00098
2.00109
2.0005
2.0004
1.9996
1.99953
1.99948
1.99968
1.99965
1.99987
2.00034
2.00059
2.00036
2.00086
2.00137
2.00117
2.00145
2.00055
2.00109
2.00141
2.00173
2.00207
2.00242
2.00255
2.00269
2.00212
2.00206
2.00178
2.002
2.00201
2.00229
2.0026
2.00246
2.00284
2.00327
2.00373
2.00401
2.00457
2.00495
2.00539
2.00589
2.00646
2.00686
2.00805
2.00931
2.01042
2.01113
2.01288
2.01448
2.0157
2.01724
2.01889
2.02063
2.02271
2.02464
2.02692
2.02954
2.03178
2.03436
2.03703
2.0398
2.04243
2.0449
2.04723
2.05012
2.05309
2.05614
2.05902
2.06221
2.06522
2.06853
2.0714
2.07527
2.07822
2.08167
2.08442
2.0879
2.09065
2.09436
2.09756
2.10122
2.10507
2.1084
2.1119
2.11534
2.11846
2.12197
2.1249
2.12748
2.13019
2.13348
2.1364
2.13821
2.14034
2.14279
2.14435
2.14621
2.14789
2.14913
2.15018
2.15079
2.15119
2.15187
2.15234
2.15259
2.15263
2.15246
2.15207
2.15171
2.15042
2.14917
2.14771
2.14606
2.14421
2.14194
2.13997
2.13663
2.13456
2.13137
2.12852
2.12577
2.12313
2.11964
2.11653
2.11283
2.10928
2.10566
2.10195
2.09843
2.09461
2.09051
2.08661
2.08269
2.07899
2.07504
2.07108
2.06738
2.06369
2.0593
2.05541
2.0518
2.04823
2.0447
2.04123
2.03757
2.03397
2.03044
2.02674
2.02359
2.02052
2.01705
2.01367
2.01085
2.00788
2.00525
2.00248
2.00004
1.9977
1.99522
1.99261
1.99058
1.9889
1.98661
1.98466
1.98306
1.98133
1.97947
1.97795
1.9763
1.97499
1.97355
1.97292
1.97191
1.97098
1.97039
1.9694
1.96922
1.9679
1.96737
1.96738
1.96648
1.96611
1.96626
1.96572
1.96568
1.96518
1.96468
1.9649
1.96462
1.96432
1.9635
1.96288
1.96316
1.9629
1.96183
1.96092
1.96015
1.95975
1.95875
1.9581
1.9573
1.9566
1.95478
1.95327
1.95158
1.94875
1.94621
1.94395
1.941
1.93809
1.9352
1.93185
1.92853
1.9245
1.92072
1.91624
1.91226
1.90708
1.90193
1.89656
1.89121
1.88566
1.88014
1.87345
1.86778
1.86168
1.85541
1.84921
1.84189
1.8349
1.82681
1.8198
1.81244
1.80522
1.79743
1.79005
1.78237
1.77464
1.76712
1.75958
1.75179
1.74426
1.73675
1.72903
1.72064
1.71232
1.7048
1.69736
1.69003
1.68258
1.67525
1.66807
1.66175
1.65439
1.64769
1.64141
1.6358
1.6299
1.62446
1.61874
1.61373
1.60871
1.60367
1.59912
1.59457
1.59051
1.58694
1.58363
1.58033
1.57776
1.57474
1.57197
1.5697
1.56818
1.56619
1.56493
1.56394
1.56319
1.56222
1.56149
1.56124
1.56124
1.56123
1.56169
1.56262
1.56329
1.56466
1.56576
1.56682
1.56833
1.57051
1.57263
1.5747
1.57742
1.58032
1.58265
1.58514
1.5885
1.59128
1.59468
1.59796
1.60185
1.60465
1.609
1.61272
1.61655
1.62046
1.62446
1.62901
1.6334
1.63761
1.64188
1.64644
1.65105
1.65571
1.6604
1.66585
1.67036
1.67514
1.6797
1.68404
1.68863
1.69394
1.69855
1.70339
1.70823
1.71331
1.71838
1.72296
1.72778
1.73185
1.73639
1.7414
1.74591
1.75041
1.7544
1.75885
1.76305
1.76818
1.77281
1.77743
1.78226
1.78707
1.79138
1.79591
1.7997
1.80468
1.80916
1.8141
1.81855
1.82322
1.82789
1.83302
1.83718
1.8423
1.84669
1.85108
1.8557
1.8596
1.86375
1.86813
1.87228
1.87668
1.88061
1.88526
1.88993
1.8946
1.89881
1.90279
1.90751
1.91201
1.91628
1.92008
1.92511
1.92967
1.934
1.93884
1.94369
1.94831
1.95271
1.95736
1.96178
1.96645
1.97113
1.97605
1.98025
1.9854
1.99055
1.99569
2.00033
2.00495
2.00954
2.01434
2.01887
2.02263
2.02705
2.03167
2.03622
2.04046
2.04437
2.04869
2.05243
2.05655
2.06056
2.06446
2.06799
2.07139
2.07465
2.0768
2.08
2.08231
2.08566
2.08787
2.09014
2.09246
2.09411
2.0958
2.09705
2.09857
2.09988
2.1005
2.10114
2.10156
2.102
2.10126
2.10029
2.10007
2.09891
2.098
2.09712
2.09603
2.09473
2.09346
2.09223
2.09009
2.08823
2.08618
2.08396
2.08132
2.07851
2.07555
2.07219
2.06893
2.06505
2.06104
2.0574
2.0534
2.0493
2.04511
2.04083
2.03671
2.03205
2.0278
2.0235
2.01891
2.01477
2.01035
2.00568
2.00099
1.99629
1.99135
1.98641
1.98196
1.9773
1.97289
1.96852
1.96369
1.95915
1.95465
1.95021
1.94581
1.94172
1.93793
1.93396
1.93007
1.92577
1.92154
1.91764
1.91359
1.91011
1.90648
1.90246
1.89831
1.89498
1.89199
1.88912
1.88611
1.88299
1.88047
1.87735
1.87532
1.87294
1.87046
1.86788
1.86616
1.8646
1.86294
1.86169
1.86084
1.85943
1.85843
1.85713
1.8565
1.85604
1.85626
1.85547
1.85584
1.85665
1.85647
1.85771
1.85868
1.85987
1.86201
1.8639
1.86602
1.8679
1.86977
1.87237
1.87497
1.87807
1.88165
1.88476
1.88885
1.89295
1.89683
1.9012
1.90558
1.91022
1.91486
1.92097
1.92684
1.93345
1.93957
1.94617
1.95302
1.96058
1.96788
1.97637
1.98411
1.99182
1.99926
2.00737
2.01567
2.02439
2.03352
2.04208
2.05128
2.06061
2.07031
2.08012
2.08956
2.09931
2.10914
2.11951
2.12991
2.14034
2.14982
2.15976
2.16968
2.17931
2.18911
2.19883
2.20844
2.21793
2.22728
2.2367
2.24593
2.25496
2.26328
2.27112
2.27893
2.28597
2.29344
2.30106
2.30788
2.31434
2.31996
2.32497
2.33031
2.33526
2.34029
2.34516
2.34865
2.35246
2.35513
2.35787
2.35972
2.36166
2.36297
2.36414
2.36446
2.3649
2.36452
2.36454
2.36329
2.36247
2.36114
2.35957
2.35801
2.35576
2.35308
2.35049
2.34824
2.34539
2.34245
2.34016
2.33757
2.33472
2.33185
2.329
2.32641
2.32387
2.32138
2.31874
2.31643
2.31375
2.31094
2.3085
2.30645
2.30503
2.30329
2.30171
2.30031
2.29861
2.29733
2.29696
2.29606
2.29487
2.29483
2.29523
2.29558
2.29564
2.29589
2.29682
2.29817
2.29923
2.29998
2.30115
2.30297
2.30447
2.30614
2.30844
2.31065
2.31276
2.315
2.31761
2.32082
2.32438
2.32756
2.33036
2.33444
2.33692
2.33994
2.34375
2.34712
2.35078
2.35423
2.35769
2.36117
2.36393
2.36715
2.3706
2.37402
2.37764
2.38097
2.384
2.38696
2.39008
2.39262
2.39603
2.39908
2.40202
2.40434
2.40724
2.40928
2.41212
2.41431
2.41585
2.41696
2.4186
2.41981
2.42105
2.42232
2.42289
2.42299
2.42287
2.4225
2.42262
2.42202
2.42116
2.42005
2.4182
2.41633
2.4142
2.41156
2.40938
2.40668
2.40395
2.40071
2.39743
2.39388
2.38981
2.38571
2.38132
2.37667
2.37173
2.36604
2.35886
2.35261
2.34584
2.33929
2.33246
2.32536
2.31775
2.31059
2.30269
2.29453
2.28587
2.27695
2.26777
2.25859
2.24892
2.23948
2.2298
2.21989
2.20974
2.19985
2.18926
2.17797
2.16695
2.15573
2.14407
2.13197
2.12018
2.10797
2.09535
2.08306
2.07014
2.05732
2.04509
2.03201
2.01835
2.00507
1.99193
1.97849
1.96497
1.95164
1.93804
1.92464
1.9105
1.89756
1.88367
1.87004
1.85645
1.84315
1.82966
1.81553
1.80197
1.78803
1.77493
1.7622
1.74936
1.73644
1.72369
1.71135
1.69945
1.68751
1.67579
1.66453
1.65352
1.64251
1.63176
1.62105
1.6111
1.60095
1.59135
1.58206
1.57333
1.5642
1.5554
1.54743
1.5398
1.53229
1.52561
1.51882
1.51265
1.50684
1.50142
1.49685
1.49244
1.48889
1.48501
1.48129
1.47796
1.47527
1.47297
1.4706
1.46935
1.46825
1.46708
1.46655
1.46641
1.46619
1.46661
1.46791
1.46984
1.47216
1.47487
1.47797
1.48144
1.48529
1.48928
1.49339
1.49812
1.50272
1.50864
1.51394
1.52007
1.5263
1.53311
1.54048
1.54792
1.55568
1.56375
1.57235
1.581
1.58969
1.59841
1.60811
1.61759
1.62755
1.63798
1.6484
1.65879
1.6689
1.67993
1.69042
1.70155
1.71309
1.72502
1.73684
1.74903
1.76109
1.77326
1.78576
1.79858
1.81171
1.82369
1.8362
1.84922
1.86155
1.87413
1.88647
1.89881
1.91113
1.92366
1.93591
1.94835
1.96074
1.97307
1.98555
1.99747
2.01002
2.02175
2.03336
2.04533
2.05694
2.06841
2.07925
2.09043
2.10144
2.11229
2.1232
2.13393
2.14422
2.1548
2.16541
2.17508
2.18429
2.19375
2.20296
2.21169
2.22041
2.22909
2.23678
2.24467
2.25203
2.25908
2.26607
2.27225
2.27787
2.28339
2.28832
2.29362
2.2988
2.30336
2.3073
2.31085
2.314
2.3165
2.31907
2.32074
2.32223
2.32328
2.32437
2.32479
2.32475
2.32427
2.32357
2.32218
2.32057
2.31803
2.31479
2.31158
2.30768
2.30309
2.29902
2.29404
2.28814
2.28254
2.27581
2.26868
2.26115
2.25372
2.24568
2.23704
2.2283
2.21899
2.20985
2.20089
2.19165
2.18093
2.17045
2.15925
2.14856
2.13743
2.12564
2.11418
2.10282
2.0911
2.07976
2.06785
2.05612
2.04435
2.03183
2.01953
2.00701
1.99475
1.98278
1.97135
1.95952
1.94778
1.93616
1.92442
1.9133
1.90209
1.8913
1.8807
1.87029
1.85985
1.84939
1.83941
1.82943
1.81971
1.8105
1.80109
1.79268
1.78481
1.777
1.76926
1.76232
1.7545
1.74701
1.7401
1.73426
1.72876
1.7241
1.71979
1.71488
1.71081
1.70639
1.70258
1.69938
1.69655
1.69386
1.69202
1.69079
1.68971
1.68875
1.68817
1.68821
1.68886
1.68892
1.68959
1.69063
1.69227
1.69403
1.69688
1.6996
1.70243
1.7061
1.7101
1.71445
1.71889
1.72342
1.72852
1.73442
1.73991
1.7457
1.75227
1.75866
1.76556
1.77323
1.78045
1.78792
1.79565
1.80387
1.81232
1.82052
1.82917
1.83827
1.84733
1.85705
1.86646
1.87604
1.88649
1.8966
1.90636
1.91671
1.92765
1.93796
1.94859
1.95929
1.97004
1.98058
1.9914
2.0027
2.01328
2.02433
2.03535
2.04584
2.057
2.06785
2.07812
2.08854
2.09909
2.10927
2.11955
2.12943
2.13891
2.14748
2.15707
2.1662
2.17535
2.18379
2.19198
2.20016
2.20806
2.21569
2.22375
2.23078
2.23726
2.24365
2.24996
2.25593
2.26083
2.26561
2.27003
2.27457
2.27801
2.28155
2.28447
2.28748
2.29011
2.29162
2.29419
2.29516
2.29622
2.29665
2.29645
2.29588
2.29468
2.29407
2.29238
2.28984
2.28791
2.28468
2.28232
2.27916
2.27665
2.27288
2.26859
2.26404
2.25923
2.25418
2.24915
2.24368
2.23826
2.23267
2.22669
2.22081
2.21505
2.20896
2.20303
2.19679
2.19124
2.18518
2.17911
2.17281
2.16629
2.15958
2.15342
2.14709
2.14087
2.13523
2.12924
2.12435
2.1184
2.11263
2.10775
2.10283
2.09811
2.09361
2.08933
2.08481
2.08101
2.07745
2.0744
2.07161
2.06885
2.06564
2.06343
2.06127
2.05915
2.0578
2.0565
2.05646
2.05599
2.05582
2.0557
2.05611
2.05585
2.05684
2.05836
2.05992
2.062
2.06435
2.06672
2.06888
2.07201
2.07539
2.07902
2.08263
2.08647
2.09052
2.09453
2.09874
2.1036
2.10864
2.1136
2.11846
2.12321
2.1288
2.13401
2.14004
2.1459
2.15109
2.15633
2.16207
2.16807
2.17454
2.17955
2.18524
2.19088
2.1962
2.20144
2.20705
2.21231
2.21743
2.22263
2.22743
2.23206
2.23648
2.2407
2.24469
2.2487
2.2527
2.25524
2.25849
2.26098
2.26367
2.26609
2.26749
2.26932
2.27062
2.27162
2.27233
2.27202
2.27237
2.27244
2.27174
2.27123
2.27021
2.26868
2.26713
2.26484
2.26231
2.26002
2.25727
2.25479
2.25163
2.24876
2.24523
2.24178
2.23794
2.23397
2.22988
2.22615
2.22258
2.21892
2.21496
2.21071
2.20641
2.20233
2.19776
2.19368
2.18888
2.1846
2.18083
2.1764
2.17155
2.16774
2.16426
2.16088
2.15737
2.15398
2.15049
2.14714
2.1437
2.14092
2.13783
2.13564
2.13341
2.13115
2.12887
2.12704
2.12546
2.12364
2.12279
2.12294
2.12239
2.12213
2.12216
2.1225
2.12339
2.1246
2.12591
2.12731
2.12883
2.13142
2.13414
2.13725
2.14049
2.14413
2.14865
2.1531
2.15845
2.16373
2.16968
2.17631
2.18312
2.1899
2.19711
2.20549
2.2143
2.22308
2.23252
2.24288
2.25342
2.26413
2.275
2.28626
2.29837
2.31036
2.32269
2.33558
2.349
2.36244
2.37612
2.39001
2.40359
2.41779
2.43161
2.44596
2.4601
2.47421
2.48874
2.50267
2.51668
2.53074
2.5443
2.55733
2.57002
2.58281
2.59542
2.60709
2.61826
2.62915
2.63875
2.64849
2.65739
2.66566
2.67353
2.68027
2.68708
2.69276
2.69827
2.70217
2.70568
2.70907
2.71161
2.71334
2.71477
2.71616
2.71609
2.71604
2.71604
2.71493
2.71321
2.71189
2.71002
2.70789
2.70576
2.70391
2.70092
2.6985
2.69572
2.69331
2.69034
2.68634
2.68325
2.6799
2.67628
2.67218
2.66879
2.66542
2.66181
2.65799
2.65466
2.65159
2.64854
2.64551
2.64177
2.63876
2.63576
2.63253
2.62977
2.62676
2.62349
2.61972
2.61616
2.61232
2.60892
2.60523
2.6022
2.59863
2.59499
2.59151
2.58723
2.58335
2.57938
2.57531
2.57043
2.56544
2.56107
2.55636
2.55179
2.54711
2.54208
2.53742
2.53242
2.52732
2.52236
2.51753
2.51188
2.50662
2.50031
2.49462
2.48861
2.48276
2.47708
2.47107
2.46548
2.45935
2.45315
2.44689
2.44059
2.43471
2.42807
2.42115
2.41418
2.40695
2.40112
2.39455
2.38843
2.38228
2.37564
2.36897
2.36229
2.35559
2.34864
2.34191
2.33517
2.32793
2.32116
2.31437
2.30757
2.30076
2.29392
2.28731
2.27995
2.27257
2.26588
2.25869
2.25147
2.24493
2.23836
2.23127
2.2239
2.21649
2.20951
2.20273
2.19565
2.18828
2.18086
2.17362
2.16584
2.15848
2.15057
2.1426
2.13433
2.12672
2.11857
2.11035
2.10182
2.09348
2.08628
2.07734
2.06931
2.06098
2.05237
2.04395
2.03477
2.02555
2.01654
2.00799
2.00038
1.99227
1.98391
1.9753
1.96694
1.95811
1.94954
1.94074
1.93246
1.92421
1.91577
1.90713
1.8983
1.89001
1.88179
1.87387
1.86603
1.85827
1.85059
1.84251
1.83452
1.82661
1.81904
1.81203
1.80416
1.79709
1.78963
1.78274
1.77496
1.76799
1.76158
1.75499
1.74823
1.74153
1.73489
1.72854
1.72199
1.71571
1.70947
1.70205
1.69561
1.6887
1.68203
1.67561
1.66918
1.66322
1.65653
1.65006
1.64381
1.63729
1.63051
1.62346
1.61735
1.61073
1.60408
1.59765
1.59096
1.5845
1.57778
1.57034
1.56385
1.55738
1.55091
1.54398
1.53708
1.53022
1.52316
1.51687
1.51065
1.50473
1.49793
1.49121
1.48507
1.4788
1.47311
1.46755
1.46187
1.45584
1.44995
1.44469
1.44031
1.43585
1.43178
1.42741
1.42321
1.41942
1.41534
1.4112
1.40724
1.4042
1.40111
1.39798
1.39503
1.39253
1.3895
1.38691
1.38524
1.38304
1.38105
1.37925
1.37789
1.37673
1.37601
1.37501
1.37396
1.3731
1.37316
1.37318
1.37338
1.3745
1.37485
1.37562
1.37586
1.37724
1.37881
1.38007
1.38175
1.38385
1.38637
1.38905
1.39165
1.39514
1.39759
1.40019
1.40343
1.40657
1.40985
1.41327
1.41706
1.4205
1.4243
1.42821
1.43294
1.43706
1.44126
1.44458
1.4487
1.45337
1.45761
1.46262
1.46743
1.47251
1.4776
1.48246
1.48708
1.49193
1.49699
1.50178
1.50605
1.5105
1.51513
1.51969
1.52416
1.52806
1.53162
1.53531
1.53888
1.54281
1.54588
1.54906
1.55233
1.55546
1.55819
1.56124
1.56414
1.56639
1.56895
1.57159
1.57359
1.57518
1.57734
1.57885
1.58069
1.58237
1.58342
1.58433
1.58486
1.58526
1.58553
1.58592
1.58571
1.58612
1.58619
1.58617
1.58607
1.58541
1.58565
1.58558
1.58522
1.58458
1.58391
1.58369
1.5832
1.58295
1.58246
1.58173
1.581
1.5803
1.57961
1.57872
1.57786
1.57753
1.57629
1.57606
1.57589
1.57579
1.57648
1.57653
1.57641
1.57662
1.57716
1.57803
1.57827
1.57838
1.57955
1.5801
1.58077
1.58203
1.58365
1.5849
1.58629
1.5878
1.58944
1.59121
1.59287
1.5954
1.59758
1.59966
1.60238
1.60524
1.60776
1.61093
1.61424
1.61748
1.62087
1.62466
1.62789
1.63249
1.63726
1.64147
1.64609
1.65039
1.65463
1.65952
1.66434
1.66934
1.67522
1.6808
1.68655
1.69223
1.69833
1.70435
1.71078
1.71713
1.72413
1.73082
1.73766
1.74491
1.75255
1.76058
1.76852
1.7766
1.78459
1.79223
1.80025
1.80815
1.8169
1.82577
1.83452
1.84361
1.85233
1.86114
1.86981
1.87905
1.88837
1.89801
1.90748
1.91677
1.92636
1.93552
1.94521
1.95422
1.96398
1.97401
1.9843
1.99413
2.00397
2.01428
2.02435
2.03417
2.04421
2.05351
2.06278
2.07273
2.08168
2.09154
2.10134
2.1106
2.11956
2.12891
2.13795
2.14689
2.15599
2.16523
2.17436
2.18291
2.19109
2.19988
2.20806
2.21635
2.22403
2.2323
2.24042
2.24864
2.25648
2.2644
2.2717
2.27957
2.28681
2.2939
2.30061
2.3074
2.31334
2.31937
2.32551
2.33151
2.33763
2.34339
2.34927
2.3548
2.35976
2.36486
2.3706
2.37531
2.38091
2.38622
2.39124
2.39623
2.4012
2.40687
2.41231
2.41775
2.42274
2.428
2.43332
2.43844
2.44413
2.44941
2.45478
2.46001
2.4656
2.47108
2.47669
2.48292
2.48907
2.49513
2.5021
2.50803
2.51463
2.52167
2.5289
2.53707
2.54471
2.55209
2.56041
2.56871
2.57723
2.58574
2.59495
2.60391
2.61333
2.62321
2.6326
2.64292
2.65346
2.66349
2.67396
2.68463
2.69573
2.70653
2.71775
2.72938
2.74044
2.75214
2.76422
2.77642
2.78897
2.80187
2.81461
2.82791
2.83958
2.85178
2.86424
2.87672
2.88944
2.90286
2.91552
2.92788
2.94018
2.95239
2.96449
2.97672
2.98904
3.00194
3.01418
3.026
3.03737
3.04852
3.05944
3.06988
3.08102
3.0914
3.10149
3.11129
3.1203
3.12948
3.13809
3.14637
3.1543
3.16237
3.16985
3.17698
3.18254
3.18894
3.1945
3.19995
3.20479
3.20999
3.21412
3.21813
3.22156
3.22488
3.22834
3.23171
3.23403
3.23627
3.2382
3.23959
3.24068
3.24148
3.24201
3.24154
3.24178
3.24176
3.24078
3.23981
3.23862
3.23697
3.23535
3.2333
3.23177
3.22959
3.22748
3.22495
3.22252
3.21968
3.21671
3.21383
3.2113
3.20841
3.20515
3.20152
3.19851
3.19538
3.19094
3.18735
3.18341
3.17913
3.17475
3.17098
3.16639
3.16169
3.15785
3.15318
3.14841
3.14352
3.13899
3.13459
3.12982
3.1242
3.11821
3.11232
3.10653
3.10059
3.09402
3.08728
3.08109
3.07425
3.06746
3.06073
3.05356
3.04619
3.0386
3.03079
3.023
3.01449
3.00598
2.99747
2.98846
2.97894
2.96964
2.96055
2.95046
2.94008
2.92965
2.91869
2.90767
2.89587
2.88424
2.87208
2.85863
2.84561
2.83251
2.81934
2.80538
2.7916
2.77774
2.76286
2.74792
2.73291
2.71737
2.70154
2.68493
2.66901
2.65208
2.63464
2.61668
2.59967
2.58216
2.56392
2.54593
2.52769
2.50875
2.48958
2.47045
2.45063
2.43134
2.41161
2.39196
2.37189
2.35142
2.3308
2.31028
2.28987
2.26885
2.24771
2.22695
2.20537
2.18418
2.16268
2.1411
2.11972
2.0978
2.07584
2.05433
2.03281
2.01152
1.98999
1.96895
1.94721
1.92549
1.90382
1.88243
1.86111
1.83937
1.81796
1.79639
1.7754
1.75453
1.73377
1.7129
1.69264
1.6723
1.65259
1.63233
1.61248
1.59306
1.57431
1.55505
1.536
1.51693
1.49833
1.47997
1.46161
1.44376
1.42569
1.40813
1.39134
1.37508
1.35815
1.34201
1.32618
1.31067
1.29549
1.28064
1.26566
1.2515
1.23818
1.22474
1.21216
1.19994
1.18787
1.1757
1.16392
1.1535
1.14276
1.13243
1.12226
1.11276
1.10367
1.09549
1.08725
1.07872
1.07159
1.06466
1.05792
1.05186
1.04673
1.04157
1.03709
1.03306
1.02972
1.02611
1.02319
1.02073
1.01847
1.01643
1.01556
1.01538
1.01566
1.01614
1.01659
1.01725
1.01836
1.02039
1.02262
1.02554
1.02889
1.03268
1.03593
1.04082
1.04637
1.05211
1.0585
1.06411
1.07133
1.07895
1.08649
1.09419
1.10276
1.11123
1.12081
1.13052
1.14035
1.15055
1.16134
1.17224
1.18372
1.1953
1.20768
1.2199
1.23267
1.2455
1.25838
1.27179
1.28523
1.29919
1.31315
1.3276
1.34229
1.35697
1.37234
1.38768
1.40321
1.41868
1.4348
1.45061
1.4668
1.48312
1.49981
1.51637
1.53255
1.54954
1.5666
1.58348
1.59993
1.61713
1.63388
1.65136
1.66884
1.68582
1.70302
1.71946
1.73633
1.75289
1.76915
1.78629
1.80285
1.81955
1.83565
1.85187
1.86821
1.88344
1.89877
1.91467
1.93042
1.94552
1.96045
1.97546
1.99005
2.00446
2.0194
2.03369
2.04827
2.06194
2.07567
2.08946
2.10306
2.11648
2.12996
2.14278
2.15543
2.16791
2.17998
2.19261
2.20436
2.2162
2.22716
2.2387
2.24985
2.26111
2.27224
2.28348
2.2946
2.30488
2.31552
2.32629
2.33624
2.34632
2.35654
2.36714
2.37741
2.38735
2.39695
2.40671
2.41614
2.42571
2.43496
2.44364
2.45223
2.46144
2.47081
2.4796
2.48877
2.49736
2.50656
2.51493
2.52367
2.53278
2.54055
2.54844
2.55692
2.56501
2.57248
2.58003
2.58767
2.5949
2.60221
2.60885
2.61507
2.62134
2.62813
2.63424
2.64014
2.64582
2.65153
2.65677
2.66107
2.66585
2.67063
2.67445
2.67875
2.68256
2.68613
2.68969
2.69252
2.69535
2.69792
2.70049
2.70162
2.7037
2.70531
2.70644
2.70759
2.70875
2.70946
2.70971
2.71024
2.71009
2.70975
2.70947
2.70901
2.70816
2.70786
2.70719
2.70613
2.70568
2.70414
2.70226
2.70052
2.69917
2.69751
2.69554
2.69374
2.69166
2.68954
2.68738
2.68568
2.68372
2.68199
2.68026
2.67828
2.67584
2.6746
2.67291
2.67099
2.6691
2.66724
2.66565
2.66385
2.66209
2.65988
2.65795
2.65653
2.65491
2.65381
2.65225
2.65073
2.64875
2.64728
2.64632
2.64514
2.64421
2.64258
2.64119
2.63982
2.63796
2.63683
2.63569
2.63502
2.63385
2.63291
2.63171
2.63048
2.62897
2.62719
2.62561
2.62351
2.6216
2.61964
2.61835
2.61651
2.61438
2.61218
2.61016
2.6083
2.60686
2.60486
2.60206
2.5999
2.59742
2.59486
2.59221
2.58948
2.58666
2.58303
2.57978
2.57669
2.57303
2.56999
2.56662
2.56315
2.56008
2.55666
2.55291
2.54931
2.54561
2.54157
2.53768
2.53346
2.52938
2.52544
2.52094
2.51634
2.51164
2.5071
2.50246
2.49749
2.49268
2.48777
2.48349
2.47841
2.47324
2.46774
2.4624
2.45697
2.45075
2.44492
2.4395
2.43303
2.42698
2.4206
2.41464
2.40909
2.40251
2.39611
2.38988
2.38335
2.37701
2.37036
2.36367
2.35668
2.34964
2.34305
2.33665
2.32901
2.32181
2.31483
2.30757
2.30054
2.29348
2.2864
2.27931
2.27222
2.26511
2.25849
2.25114
2.24356
2.23672
2.23036
2.22331
2.21651
2.2095
2.20228
2.19557
2.18842
2.18155
2.17496
2.16769
2.1612
2.15428
2.14741
2.14036
2.13433
2.12788
2.12149
2.11492
2.10914
2.10342
2.09752
2.09193
2.08568
2.07925
2.07336
2.06753
2.06151
2.05555
2.04964
2.04451
2.03893
2.0334
2.0279
2.02268
2.01773
2.01255
2.00715
2.00153
1.99591
1.99101
1.98538
1.98023
1.97482
1.96939
1.96393
1.9582
1.95267
1.94759
1.94125
1.93534
1.92914
1.92337
1.91801
1.9126
1.90615
1.90012
1.89426
1.8881
1.88235
1.87581
1.87017
1.8635
1.85773
1.85095
1.84411
1.83769
1.83076
1.82378
1.81676
1.80972
1.80265
1.79556
1.7887
1.78111
1.77424
1.76738
1.7603
1.75348
1.74645
1.7397
1.73275
1.72609
1.71998
1.71368
1.70698
1.70036
1.69406
1.68785
1.68126
1.67525
1.66886
1.66307
1.65716
1.65186
1.64644
1.64115
1.63552
1.6305
1.62515
1.62066
1.61584
1.61069
1.60617
1.60204
1.59855
1.5945
1.59036
1.58687
1.58353
1.58012
1.57711
1.5745
1.57182
1.56907
1.56672
1.56454
1.56276
1.56044
1.559
1.55726
1.55544
1.55452
1.55377
1.55272
1.55233
1.55164
1.55113
1.55128
1.55138
1.55167
1.55214
1.55258
1.5532
1.55451
1.55554
1.55726
1.55918
1.56083
1.56318
1.56622
1.56875
1.57126
1.57448
1.57768
1.5811
1.58475
1.58838
1.5932
1.59752
1.60183
1.60612
1.61112
1.61658
1.62275
1.62841
1.63453
1.64086
1.64741
1.65369
1.66041
1.66733
1.67446
1.68226
1.68928
1.69746
1.70534
1.71292
1.72115
1.72931
1.73787
1.74611
1.75475
1.76403
1.77344
1.783
1.79245
1.80228
1.812
1.82136
1.83156
1.84139
1.85109
1.86114
1.87177
1.8825
1.89284
1.9035
1.91448
1.92602
1.93739
1.9481
1.95934
1.97087
1.98173
1.9931
2.00426
2.01472
2.02615
2.0371
2.04829
2.05922
2.0706
2.08219
2.09302
2.10378
2.11472
2.12582
2.1361
2.14701
2.15756
2.16798
2.17803
2.18816
2.19814
2.20769
2.2173
2.22647
2.2359
2.24463
2.25409
2.26282
2.27104
2.27997
2.2874
2.2943
2.30115
2.30792
2.31414
2.32027
2.32583
2.33105
2.33615
2.34067
2.34531
2.34958
2.35301
2.35606
2.3585
2.36105
2.36273
2.36453
2.36571
2.367
2.36743
2.36725
2.36743
2.36676
2.36598
2.36484
2.36335
2.36176
2.35959
2.35685
2.35355
2.35089
2.34745
2.34371
2.33968
2.33561
2.33127
2.32691
2.32207
2.31698
2.31143
2.30542
2.29944
2.29326
2.28691
2.2799
2.27296
2.26588
2.2589
2.25179
2.24432
2.23699
2.22981
2.2223
2.21521
2.20757
2.19965
2.19169
2.1837
2.17594
2.16793
2.16065
2.15267
2.14519
2.13774
2.12962
2.1218
2.11404
2.10683
2.09995
2.09292
2.08598
2.07891
2.07195
2.06512
2.05794
2.05161
2.04495
2.03892
2.03281
2.02662
2.02059
2.01499
2.00956
2.00456
1.99976
1.99442
1.99001
1.98508
1.98059
1.97655
1.97273
1.96936
1.96621
1.96327
1.96056
1.95807
1.95532
1.95352
1.95121
1.94889
1.94702
1.94538
1.94443
1.94297
1.94196
1.94141
1.94129
1.94113
1.94093
1.9414
1.94181
1.94239
1.94267
1.94287
1.94371
1.94518
1.94655
1.94781
1.94919
1.95094
1.95278
1.95449
1.95628
1.95863
1.9608
1.9628
1.96508
1.96813
1.97071
1.97284
1.97497
1.97685
1.97921
1.98179
1.98457
1.98659
1.9888
1.99096
1.99329
1.99555
1.99725
1.99886
2.00037
2.00204
2.00384
2.00507
2.00642
2.00767
2.00881
2.0096
2.01077
2.01134
2.01204
2.01193
2.01195
2.01308
2.01363
2.01435
2.0145
2.01506
2.01508
2.01529
2.01521
2.01534
2.01521
2.01434
2.01444
2.01478
2.01468
2.01437
2.01436
2.01441
2.01454
2.01477
2.01535
2.01556
2.01616
2.0169
2.01757
2.01913
2.01993
2.02141
2.02311
2.02504
2.02721
2.02987
2.0328
2.036
2.039
2.04205
2.04588
2.04978
2.0535
2.05875
2.0636
2.06926
2.07573
2.0806
2.08676
2.09301
2.10007
2.10698
2.11445
2.12272
2.13082
2.13971
2.14841
2.1574
2.16691
2.1762
2.18622
2.19745
2.20842
2.21936
2.23049
2.24203
2.25325
2.26484
2.27679
2.2886
2.30023
2.31216
2.32387
2.33607
2.34825
2.35967
2.3715
2.38276
2.39414
2.40514
2.41549
2.42614
2.43682
2.44654
2.45722
2.46689
2.47675
2.48582
2.49504
2.50367
2.5117
2.51959
2.52685
2.53396
2.54018
2.54647
2.55257
2.55802
2.56304
2.56788
2.57229
2.57581
2.57939
2.58256
2.58509
2.58748
2.589
2.5904
2.59144
2.59213
2.59298
2.59328
2.59327
2.59274
2.59194
2.59041
2.58936
2.58786
2.58566
2.58351
2.58118
2.57893
2.57653
2.57351
2.5706
2.56805
2.56516
2.56216
2.55931
2.55638
2.55312
2.54979
2.54711
2.5434
2.54011
2.53651
2.53261
2.52841
2.52487
2.52102
2.51687
2.51289
2.50884
2.50496
2.50077
2.49626
2.49167
2.48748
2.48272
2.47788
2.47342
2.46839
2.46326
2.45851
2.45293
2.4475
2.4422
2.43703
2.43079
2.42541
2.4192
2.41313
2.40695
2.4009
2.395
2.38876
2.38266
2.37648
2.36996
2.3636
2.35668
2.3497
2.34312
2.33577
2.32909
2.32189
2.31513
2.30786
2.30106
2.29425
2.28721
2.28041
2.2734
2.26667
2.25949
2.25334
2.24652
2.23907
2.23194
2.22539
2.21896
2.21289
2.20719
2.20116
2.19601
2.19054
2.185
2.17918
2.17379
2.16956
2.16507
2.1608
2.15701
2.15322
2.14967
2.14661
2.14333
2.14031
2.13732
2.13484
2.13264
2.13095
2.12954
2.12816
2.12683
2.126
2.12594
2.12566
2.12517
2.12543
2.12643
2.1272
2.12871
2.12998
2.13124
2.13297
2.13443
2.13635
2.13895
2.14126
2.14424
2.14666
2.14972
2.15414
2.15749
2.16145
2.16431
2.16752
2.17178
2.17515
2.17955
2.1828
2.1868
2.19132
2.19512
2.19892
2.20343
2.20743
2.21116
2.21508
2.21893
2.2232
2.22737
2.23121
2.23495
2.23784
2.24085
2.24372
2.24669
2.2495
2.25239
2.25486
2.2574
2.25975
2.26167
2.26315
2.26443
2.26574
2.26708
2.26772
2.26838
2.26883
2.26929
2.26928
2.26905
2.26884
2.26792
2.26701
2.26588
2.26454
2.26321
2.26119
2.25944
2.257
2.2546
2.25224
2.2492
2.24622
2.24307
2.23901
2.23551
2.23185
2.22756
2.22408
2.22048
2.21602
2.21144
2.20651
2.20172
2.19708
2.19236
2.18732
2.18198
2.17707
2.1726
2.16785
2.16356
2.15805
2.15351
2.14825
2.14324
2.13803
2.13333
2.12868
2.12409
2.11932
2.11438
2.10978
2.10502
2.10038
2.09656
2.09215
2.08835
2.08445
2.08118
2.07758
2.07415
2.07089
2.06781
2.06539
2.06293
2.06067
2.05812
2.05579
2.05416
2.05226
2.05035
2.04963
2.04842
2.04768
2.04743
2.04693
2.04644
2.04667
2.04787
2.04836
2.04957
2.05032
2.05179
2.05399
2.05524
2.05745
2.0604
2.06334
2.06629
2.06876
2.07243
2.07609
2.07999
2.08388
2.08775
2.09209
2.09641
2.10094
2.10594
2.11066
2.11631
2.12241
2.12822
2.13423
2.14139
2.14825
2.15506
2.16252
2.16991
2.17747
2.18496
2.19259
2.20037
2.20806
2.21612
2.22407
2.23263
2.24105
2.24935
2.25822
2.26719
2.276
2.28416
2.29335
2.30236
2.31165
2.32075
2.3301
2.339
2.3491
2.35823
2.36711
2.3762
2.385
2.394
2.4027
2.41204
2.42081
2.42972
2.43852
2.44672
2.45478
2.46269
2.47117
2.47899
2.48662
2.4943
2.50177
2.50855
2.51558
2.52236
2.52842
2.53445
2.5407
2.54594
2.55089
2.55603
2.56037
2.56464
2.56859
2.57173
2.57476
2.57769
2.58051
2.58249
2.58435
2.58583
2.5867
2.58742
2.58848
2.58916
2.58896
2.58764
2.58689
2.58525
2.58346
2.58151
2.57843
2.57496
2.57156
2.568
2.56381
2.55898
2.554
2.5484
2.54266
2.5363
2.53005
2.5232
2.51575
2.50868
2.50079
2.49161
2.48259
2.47376
2.46414
2.45449
2.44506
2.43489
2.42473
2.41411
2.40352
2.39202
2.38059
2.36925
2.35802
2.34594
2.33425
2.3232
2.31136
2.29973
2.28807
2.27714
2.26453
2.25244
2.24041
2.22893
2.21754
2.20699
2.19561
2.18437
2.17379
2.16267
2.15223
2.14225
2.1313
2.12132
2.11137
2.10218
2.09256
2.08349
2.07547
2.06754
2.05948
2.05225
2.04539
2.03891
2.03234
2.0264
2.02134
2.01622
2.01199
2.00746
2.00408
2.0004
1.99741
1.9946
1.99248
1.9908
1.98956
1.98876
1.9884
1.98897
1.98925
1.99044
1.99206
1.99387
1.99611
1.99876
2.00206
2.00529
2.00963
2.01389
2.01852
2.02353
2.02867
2.0344
2.04071
2.04711
2.05432
2.06136
2.06894
2.07632
2.08422
2.09285
2.10101
2.10989
2.11874
2.1278
2.13681
2.14648
2.15606
2.1658
2.17615
2.18565
2.19574
2.20567
2.21591
2.22597
2.23608
2.24669
2.25706
2.26744
2.27756
2.28789
2.29792
2.3079
2.31828
2.32857
2.33877
2.34836
2.35758
2.36715
2.37656
2.38556
2.39439
2.40375
2.41242
2.42089
2.42913
2.4369
2.44492
2.45269
2.45995
2.4672
2.47345
2.48014
2.48606
2.4917
2.49679
2.50183
2.5068
2.51171
2.51606
2.51962
2.52384
2.52725
2.53036
2.53315
2.53564
2.5383
2.54041
2.54175
2.54327
2.54426
2.54497
2.54516
2.54509
2.54499
2.54465
2.54382
2.54251
2.54147
2.5407
2.53948
2.5376
2.53554
2.53355
2.53117
2.52866
2.52601
2.52422
2.52208
2.51937
2.51635
2.5135
2.51013
2.50671
2.50326
2.50028
2.49754
2.4948
2.49232
2.48963
2.48649
2.4834
2.48061
2.47836
2.47522
2.47239
2.46989
2.46772
2.46493
2.46247
2.46061
2.45885
2.45697
2.45473
2.45309
2.45109
2.44946
2.44819
2.44706
2.44558
2.44495
2.44373
2.44362
2.44315
2.44306
2.44311
2.4433
2.44315
2.44361
2.44445
2.44519
2.44583
2.44612
2.4468
2.44834
2.45002
2.4516
2.45356
2.45519
2.45745
2.45985
2.46144
2.46414
2.46675
2.46952
2.47244
2.47504
2.47804
2.4812
2.48404
2.48778
2.4912
2.49527
2.49927
2.50369
2.50901
2.51354
2.51874
2.52315
2.5275
2.53227
2.53723
2.54285
2.54913
2.55512
2.56104
2.5669
2.57342
2.58012
2.58699
2.59427
2.60148
2.60861
2.61566
2.62406
2.63213
2.64009
2.6482
2.65691
2.66502
2.67349
2.68207
2.69075
2.69951
2.70812
2.71704
2.72603
2.73507
2.74416
2.75352
2.76291
2.77208
2.78125
2.79066
2.79982
2.80919
2.81805
2.82711
2.8354
2.84411
2.85275
2.86155
2.87027
2.87937
2.88814
2.89655
2.90436
2.91254
2.92058
2.92872
2.93648
2.94409
2.95178
2.95883
2.96643
2.97338
2.9799
2.98697
2.99337
2.99981
3.00606
3.01211
3.01723
3.02262
3.02805
3.03302
3.03802
3.04329
3.04737
3.05099
3.05391
3.05757
3.06101
3.06448
3.06724
3.07028
3.07237
3.07451
3.07668
3.07841
3.08043
3.08203
3.08344
3.08444
3.08527
3.08691
3.08767
3.08854
3.08879
3.08916
3.08942
3.08933
3.08891
3.08912
3.08902
3.08812
3.08789
3.08857
3.088
3.08787
3.08795
3.08729
3.08636
3.08566
3.08494
3.0847
3.08421
3.08371
3.08345
3.08318
3.08291
3.08214
3.08136
3.08081
3.08
3.07964
3.07901
3.07811
3.07692
3.07616
3.07558
3.0747
3.07398
3.07318
3.07229
3.07082
3.06973
3.06827
3.06669
3.06474
3.06216
3.05991
3.05773
3.05515
3.05238
3.04919
3.04676
3.04294
3.03986
3.03609
3.0321
3.02812
3.02463
3.02018
3.01549
3.01007
3.00512
2.99968
2.99373
2.98801
2.98203
2.97554
2.96878
2.96176
2.95446
2.94666
2.93883
2.93073
2.92213
2.91302
2.90413
2.89425
2.88485
2.87519
2.86528
2.85561
2.84522
2.83459
2.82374
2.81291
2.80138
2.78989
2.77795
2.76582
2.75351
2.74127
2.7291
2.71653
2.70382
2.69097
2.67823
2.66513
2.65192
2.63885
2.62546
2.61199
2.5982
2.58437
2.57024
2.55728
2.54381
2.53104
2.51682
2.50308
2.48935
2.47539
2.46195
2.44903
2.43542
2.42187
2.40885
2.39567
2.38231
2.36831
2.35464
2.34178
2.32902
2.3154
2.3026
2.28993
2.27712
2.26469
2.25213
2.23971
2.22791
2.21601
2.20473
2.19337
2.18167
2.17038
2.15949
2.14781
2.13703
2.12642
2.11625
2.10626
2.09648
2.0869
2.07705
2.0679
2.05849
2.04956
2.04086
2.03242
2.02423
2.01655
2.0089
2.00129
1.99421
1.98767
1.98143
1.97502
1.96917
1.96365
1.95823
1.95362
1.94961
1.94522
1.94192
1.9385
1.93568
1.93348
1.93142
1.92997
1.92841
1.92724
1.92596
1.92554
1.9255
1.92631
1.92725
1.92832
1.92999
1.93225
1.9339
1.93662
1.93918
1.94231
1.94576
1.94975
1.95428
1.95861
1.96321
1.96832
1.97344
1.9788
1.98487
1.98995
1.99522
2.00166
2.00827
2.01456
2.02125
2.02807
2.03503
2.04187
2.04953
2.05705
2.06441
2.07136
2.07886
2.08666
2.09499
2.10215
2.10958
2.11727
2.12497
2.13268
2.14087
2.14857
2.15625
2.16367
2.1713
2.17889
2.18669
2.19396
2.20141
2.20906
2.21616
2.22319
2.2304
2.23777
2.24481
2.25129
2.25791
2.26468
2.27158
2.27813
2.28456
2.29136
2.2973
2.30359
2.30998
2.31526
2.32063
2.32607
2.3311
2.3362
2.34087
2.34536
2.34964
2.35396
2.35806
2.36147
2.36513
2.3688
2.37199
2.37518
2.37788
2.37984
2.38155
2.38372
2.38562
2.38702
2.38863
2.3895
2.39058
2.39091
2.39074
2.39032
2.38916
2.38848
2.38731
2.38591
2.38453
2.38268
2.38112
2.37959
2.37741
2.37529
2.37277
2.36938
2.36682
2.36366
2.36041
2.3573
2.35389
2.35018
2.34715
2.34361
2.34055
2.33702
2.33399
2.33076
2.32759
2.32448
2.3217
2.31854
2.31621
2.31352
2.31145
2.30953
2.3073
2.30451
2.30263
2.30166
2.29993
2.2989
2.2976
2.29797
2.29688
2.29651
2.29638
2.2965
2.29687
2.29701
2.29789
2.29878
2.30088
2.30252
2.30441
2.30752
2.30967
2.31255
2.31519
2.31854
2.32165
2.32474
2.32853
2.3323
2.33651
2.34043
2.34503
2.34956
2.35475
2.35986
2.36487
2.37027
2.37603
2.38192
2.38791
2.394
2.39993
2.40618
2.41176
2.41787
2.42403
2.42997
2.43616
2.44213
2.44832
2.45451
2.4609
2.46702
2.4731
2.47912
2.48531
2.49096
2.49677
2.50273
2.50812
2.51413
2.5198
2.52559
2.5308
2.53588
2.54036
2.54544
2.55039
2.55449
2.55894
2.56278
2.56721
2.57127
2.5752
2.57876
2.58219
2.58598
2.5894
2.59294
2.59613
2.59943
2.60239
2.60499
2.60773
2.61061
2.61363
2.61583
2.61843
2.62069
2.62287
2.62425
2.62651
2.62846
2.6301
2.63192
2.63342
2.63487
2.6365
2.63807
2.63935
2.6413
2.64271
2.64407
2.64513
2.64663
2.64807
2.64826
2.64911
2.65014
2.65111
2.65177
2.65285
2.65408
2.65452
2.65486
2.65512
2.65527
2.65531
2.65571
2.65622
2.65636
2.65634
2.65592
2.65558
2.65433
2.65336
2.65195
2.65031
2.64893
2.64682
2.64494
2.64232
2.63942
2.63623
2.63299
2.6292
2.62511
2.62118
2.61717
2.61236
2.60698
2.60127
2.59549
2.58914
2.58319
2.57669
2.56917
2.56183
2.55397
2.5456
2.5377
2.52931
2.52022
2.51069
2.50241
2.493
2.48369
2.47426
2.46448
2.45463
2.44472
2.43478
2.42531
2.41586
2.40644
2.39708
2.38756
2.37815
2.36885
2.35945
2.35069
2.34187
2.33324
2.32458
2.31637
2.30841
2.30044
2.29273
2.28553
2.27909
2.27245
2.26561
2.25954
2.25377
2.24806
2.24265
2.23754
2.23273
2.22822
2.22449
2.22058
2.21695
2.21433
2.21176
2.20899
2.20672
2.20473
2.20323
2.20175
2.20051
2.19951
2.19897
2.19842
2.1976
2.19746
2.19728
2.19752
2.19793
2.19828
2.19878
2.19991
2.20095
2.20211
2.20388
2.20457
2.20608
2.20768
2.2089
2.21068
2.21254
2.21399
2.21574
2.21803
2.21989
2.22275
2.22566
2.22789
2.23039
2.23291
2.23523
2.2366
2.23871
2.24084
2.24347
2.24636
2.24853
2.25072
2.2534
2.25586
2.25784
2.2608
2.26329
2.26555
2.26831
2.27061
2.27316
2.27573
2.27784
2.28021
2.28259
2.28501
2.28792
2.29086
2.29358
2.29584
2.29909
2.30164
2.30445
2.30703
2.30988
2.3125
2.31538
2.31923
2.32164
2.32453
2.32766
2.33054
2.33364
2.33673
2.33955
2.34234
2.34557
2.34851
2.35187
2.35469
2.35695
2.35962
2.36172
2.36372
2.36586
2.36837
2.37052
2.37231
2.37421
2.37597
2.37686
2.37833
2.37941
2.38034
2.38063
2.38125
2.38194
2.38224
2.38311
2.38357
2.38317
2.38309
2.38214
2.3813
2.38056
2.38017
2.37892
2.37804
2.37681
2.37594
2.37401
2.37175
2.36987
2.36792
2.36564
2.36329
2.36159
2.35911
2.35681
2.35445
2.35229
2.34982
2.34707
2.34452
2.34191
2.3395
2.33728
2.33477
2.33149
2.32864
2.32574
2.32278
2.32025
2.31765
2.31475
2.31154
2.30874
2.30539
2.3022
2.29893
2.29558
2.29214
2.28789
2.28451
2.28032
2.27651
2.27238
2.26814
2.26405
2.25987
2.25536
2.25148
2.24727
2.24274
2.23836
2.23392
2.22964
2.22457
2.21968
2.21475
2.20977
2.20451
2.1997
2.19464
2.18981
2.18473
2.17919
2.17439
2.16939
2.16491
2.15976
2.1554
2.15063
2.14667
2.14209
2.13786
2.13375
2.1293
2.12546
2.12154
2.11778
2.11395
2.1103
2.10732
2.10477
2.10195
2.09933
2.09693
2.09475
2.09254
2.09081
2.08978
2.08825
2.08719
2.0866
2.08623
2.08584
2.08591
2.08595
2.08596
2.08641
2.08681
2.08763
2.08863
2.08955
2.09087
2.09257
2.09391
2.09561
2.09694
2.09883
2.10079
2.10258
2.10417
2.10627
2.10791
2.11028
2.11239
2.11497
2.1163
2.11782
2.12025
2.12213
2.12344
2.12467
2.12629
2.1278
2.1292
2.13074
2.13143
2.13273
2.13392
2.13498
2.13545
2.13604
2.1358
2.13545
2.13571
2.13612
2.13644
2.13643
2.13634
2.13667
2.13693
2.13666
2.13634
2.13622
2.13656
2.13591
2.13501
2.13458
2.13416
2.134
2.13385
2.13325
2.13292
2.13214
2.13214
2.13169
2.13155
2.1317
2.13143
2.1317
2.1318
2.13245
2.13244
2.1325
2.13263
2.13331
2.13381
2.1339
2.13454
2.13573
2.13673
2.13754
2.13793
2.1386
2.13956
2.1408
2.14184
2.14266
2.14374
2.14461
2.14549
2.14661
2.14798
2.14886
2.1495
2.15156
2.15263
2.15368
2.15494
2.15616
2.15734
2.15872
2.15957
2.16036
2.1611
2.16154
2.16144
2.162
2.16274
2.1627
2.16307
2.16362
2.16411
2.16405
2.16394
2.16426
2.16428
2.16449
2.16466
2.16406
2.16391
2.16373
2.16328
2.16377
2.16352
2.16374
2.16348
2.16322
2.16297
2.16321
2.16347
2.16376
2.16408
2.16371
2.16386
2.16381
2.1631
2.16388
2.16424
2.16417
2.16417
2.16447
2.16484
2.16576
2.16603
2.16613
2.16677
2.16652
2.16754
2.16911
2.17002
2.17124
2.17227
2.17312
2.1745
2.17593
2.17692
2.1782
2.17951
2.18109
2.18221
2.18359
2.18547
2.18688
2.18853
2.18945
2.19085
2.19224
2.19385
2.19496
2.19627
2.19731
2.19904
2.20024
2.20139
2.20249
2.20354
2.20453
2.20522
2.20584
2.20664
2.20737
2.20827
2.20861
2.20937
2.20957
2.21017
2.21046
2.21068
2.21058
2.21064
2.21087
2.21103
2.21063
2.21064
2.2101
2.20998
2.20954
2.20856
2.20799
2.20784
2.20691
2.2064
2.20583
2.20472
2.20404
2.20258
2.20203
2.20071
2.19983
2.19865
2.19792
2.1969
2.19559
2.19401
2.19238
2.1912
2.1895
2.18777
2.186
2.18468
2.18236
2.18049
2.17884
2.1774
2.17569
2.1742
2.17245
2.17068
2.16889
2.16756
2.16622
2.16463
2.16302
2.15995
2.15856
2.15692
2.15455
2.15291
2.15127
2.14939
2.14776
2.1459
2.14406
2.14198
2.13993
2.13789
2.13588
2.13414
2.13219
2.13028
2.1284
2.12705
2.12502
2.124
2.12256
2.12118
2.11986
2.11836
2.11791
2.1168
2.11578
2.11461
2.11425
2.1135
2.1131
2.11256
2.11238
2.1128
2.11285
2.1128
2.11288
2.11309
2.11393
2.11444
2.11535
2.11641
2.11716
2.11808
2.11941
2.12092
2.12237
2.12425
2.12681
2.12884
2.13131
2.13374
2.13663
2.14021
2.14303
2.1468
2.15102
2.15499
2.15917
2.16359
2.16822
2.17332
2.17817
2.18349
2.18903
2.19455
2.20078
2.20699
2.21293
2.21958
2.22668
2.23375
2.24103
2.24947
2.25691
2.2643
2.27236
2.28037
2.28878
2.29713
2.30613
2.31479
2.32312
2.33208
2.34092
2.3506
2.36016
2.37006
2.38005
2.3894
2.39907
2.4088
2.41834
2.42841
2.43898
2.44861
2.45849
2.4686
2.47845
2.48804
2.49807
2.50828
2.51819
2.52826
2.53777
2.54741
2.55718
2.56659
2.57586
2.58426
2.59347
2.60226
2.6104
2.61858
2.62728
2.63481
2.64212
2.64967
2.65723
2.66381
2.67085
2.67691
2.68317
2.68866
2.69435
2.69998
2.70578
2.71103
2.71548
2.71937
2.72293
2.72616
2.72929
2.73207
2.73427
2.7366
2.73809
2.73899
2.73977
2.74042
2.7412
2.74136
2.74092
2.74011
2.73869
2.73714
2.73521
2.73268
2.72929
2.72626
2.72261
2.71883
2.71493
2.71042
2.70554
2.69958
2.69446
2.68849
2.68218
2.67551
2.66873
2.66113
2.65342
2.64538
2.63725
2.62855
2.61952
2.61018
2.60077
2.59057
2.5803
2.56975
2.55938
2.54826
2.53637
2.52446
2.51277
2.50034
2.48742
2.47474
2.46206
2.44892
2.4358
2.42199
2.40772
2.39374
2.37956
2.3652
2.35018
2.33571
2.32131
2.30652
2.29109
2.27623
2.26076
2.24539
2.22966
2.21404
2.19831
2.18224
2.16654
2.14978
2.13317
2.11552
2.09924
2.08264
2.06574
2.04903
2.03202
2.01497
1.99813
1.98102
1.96364
1.9465
1.92934
1.91267
1.89529
1.87841
1.86155
1.84496
1.82794
1.8112
1.79405
1.7772
1.76067
1.74423
1.72836
1.71212
1.69599
1.67999
1.66412
1.64863
1.63306
1.61741
1.60241
1.58711
1.57225
1.55735
1.54242
1.5282
1.51421
1.50022
1.48672
1.47349
1.45981
1.44641
1.43451
1.42219
1.41018
1.39874
1.38715
1.37638
1.36597
1.35568
1.34648
1.33742
1.32875
1.32023
1.31212
1.30467
1.29739
1.29055
1.28462
1.27841
1.27313
1.26855
1.26395
1.26029
1.25662
1.25343
1.25096
1.24873
1.24699
1.24573
1.2452
1.24469
1.24514
1.24585
1.24728
1.24873
1.25114
1.2538
1.25669
1.26102
1.2651
1.26915
1.27367
1.27911
1.28547
1.29227
1.299
1.30709
1.31438
1.32229
1.33057
1.33968
1.34888
1.35816
1.36774
1.37712
1.38699
1.39759
1.40817
1.41894
1.43037
1.44194
1.45316
1.46447
1.47611
1.48803
1.49974
1.5112
1.52287
1.53449
1.5453
1.55649
1.56778
1.57916
1.59011
1.60012
1.61039
1.62015
1.63012
1.63858
1.64768
1.65644
1.6646
1.67286
1.68049
1.68795
1.69499
1.70207
1.70775
1.71298
1.71799
1.72229
1.72637
1.73022
1.73288
1.73579
1.73776
1.7395
1.74056
1.74116
1.74205
1.74179
1.74111
1.74027
1.73881
1.73697
1.73502
1.7325
1.72941
1.72651
1.72309
1.71965
1.71622
1.71257
1.70874
1.70449
1.70059
1.69632
1.69171
1.68655
1.68134
1.67633
1.67205
1.6673
1.66283
1.65793
1.65312
1.64866
1.64431
1.64011
1.63607
1.63269
1.62903
1.62533
1.62259
1.61985
1.61689
1.61443
1.61154
1.60989
1.60806
1.60679
1.60558
1.6047
1.60486
1.60463
1.60546
1.6059
1.60691
1.60802
1.6097
1.61195
1.61548
1.61886
1.62182
1.62558
1.62891
1.63301
1.63643
1.64132
1.64551
1.6497
1.65508
1.65997
1.66578
1.67129
1.67771
1.6838
1.69003
1.69639
1.7031
1.70989
1.71676
1.72417
1.73089
1.73691
1.74366
1.75014
1.75683
1.76395
1.77076
1.77724
1.78362
1.78964
1.79527
1.801
1.80752
1.8129
1.81831
1.824
1.82898
1.83396
1.83869
1.84316
1.84688
1.85007
1.85346
1.85726
1.86076
1.86323
1.86561
1.86743
1.86892
1.86984
1.87115
1.87164
1.87203
1.87161
1.87109
1.87072
1.86979
1.86804
1.86645
1.86479
1.86209
1.85909
1.85628
1.85269
1.84907
1.84541
1.84198
1.83758
1.8327
1.82759
1.82227
1.81723
1.812
1.8066
1.8008
1.79485
1.789
1.78256
1.77602
1.77034
1.76388
1.75735
1.75078
1.74394
1.73708
1.72998
1.72362
1.71656
1.71027
1.70428
1.69788
1.69156
1.68533
1.67922
1.67347
1.6669
1.66119
1.65637
1.65147
1.64652
1.642
1.63744
1.63286
1.62826
1.6239
1.61978
1.61518
1.61181
1.60871
1.60564
1.6031
1.60085
1.59889
1.59725
1.59591
1.5949
1.59468
1.59408
1.59356
1.59411
1.59476
1.59599
1.5971
1.59879
1.60109
1.60374
1.60651
1.60964
1.61337
1.61699
1.62121
1.62579
1.63073
1.63555
1.64121
1.64746
1.65358
1.66028
1.66707
1.67468
1.68212
1.69012
1.69842
1.70749
1.71588
1.72476
1.73414
1.7435
1.75357
1.76334
1.77305
1.78339
1.79289
1.80347
1.81412
1.82482
1.83578
1.84649
1.85717
1.86753
1.87803
1.88864
1.89883
1.90953
1.91952
1.9285
1.93813
1.94717
1.95487
1.96311
1.97042
1.97725
1.98357
1.98958
1.9955
2.00034
2.00481
2.00864
2.01085
2.01311
2.01516
2.01603
2.01572
2.01446
2.01345
2.01126
2.00934
2.006
2.00223
1.9973
1.99222
1.98626
1.97994
1.9728
1.96487
1.95641
1.9477
1.93804
1.92844
1.91844
1.90785
1.89669
1.88549
1.87404
1.86262
1.85103
1.83931
1.82798
1.81586
1.80421
1.79184
1.78001
1.76754
1.75566
1.74442
1.73313
1.72204
1.71144
1.7011
1.69082
1.68086
1.67149
1.66224
1.6529
1.64396
1.63641
1.62881
1.62166
1.61522
1.60878
1.60233
1.5971
1.59309
1.5891
1.58538
1.58216
1.5792
1.57723
1.57552
1.57407
1.57311
1.57336
1.5736
1.57454
1.5757
1.57731
1.58007
1.58252
1.5861
1.58935
1.59249
1.59622
1.60053
1.60517
1.61035
1.61534
1.62131
1.62705
1.63302
1.63919
1.64531
1.65232
1.659
1.66606
1.67298
1.67977
1.68687
1.69379
1.70124
1.70871
1.71571
1.72247
1.72969
1.73688
1.74355
1.75112
1.75838
1.76507
1.77192
1.77939
1.78579
1.79255
1.79895
1.80475
1.81064
1.81664
1.82249
1.82844
1.83375
1.83891
1.84368
1.84852
1.8532
1.85772
1.86208
1.86627
1.8703
1.8744
1.87786
1.88164
1.88549
1.8887
1.89223
1.89512
1.89809
1.90114
1.90355
1.90605
1.90792
1.91012
1.91192
1.91359
1.91559
1.91745
1.91894
1.92054
1.922
1.92286
1.92312
1.92398
1.92521
1.92609
1.92638
1.92658
1.92717
1.92768
1.92786
1.92797
1.92777
1.92776
1.92793
1.92781
1.92742
1.92748
1.92704
1.92706
1.92708
1.92687
1.92642
1.926
1.92562
1.92527
1.92473
1.92473
1.92529
1.92568
1.92568
1.92578
1.92647
1.92704
1.92798
1.92929
1.93003
1.93117
1.93223
1.93442
1.93608
1.93816
1.94069
1.94342
1.9454
1.94855
1.95122
1.95411
1.95796
1.96132
1.96469
1.96878
1.97288
1.97771
1.98183
1.98668
1.99225
1.99759
2.0034
2.00946
2.01599
2.02249
2.02994
2.03687
2.04376
2.05156
2.05929
2.06694
2.07474
2.08243
2.09049
2.09864
2.10639
2.11492
2.12326
2.13163
2.13976
2.14763
2.15619
2.16469
2.17239
2.18047
2.1882
2.19602
2.20416
2.21165
2.21821
2.22552
2.23236
2.23822
2.24431
2.25036
2.25612
2.26086
2.26601
2.2706
2.27536
2.27954
2.28315
2.28667
2.28985
2.29246
2.29473
2.29643
2.29853
2.29981
2.30078
2.30215
2.30274
2.30279
2.30231
2.30251
2.30123
2.30041
2.29933
2.29777
2.2962
2.29441
2.29311
2.29113
2.2887
2.28609
2.2828
2.27958
2.27619
2.27313
2.26943
2.26607
2.26209
2.25823
2.25424
2.25014
2.24545
2.24091
2.23675
2.23228
2.22797
2.22359
2.21939
2.2149
2.21037
2.20533
2.20025
2.19516
2.19053
2.1859
2.18104
2.17619
2.17087
2.16582
2.16105
2.15583
2.15115
2.14651
2.14218
2.13791
2.13395
2.12958
2.12505
2.12084
2.11695
2.11267
2.10848
2.1051
2.10229
2.09861
2.09502
2.09176
2.08786
2.08477
2.08201
2.07886
2.07578
2.07303
2.06914
2.06678
2.06376
2.06178
2.05962
2.05703
2.05451
2.05252
2.04986
2.04749
2.04516
2.0436
2.0416
2.03964
2.03772
2.03534
2.03324
2.03141
2.02937
2.02759
2.02536
2.02363
2.02193
2.01904
2.01642
2.01429
2.01194
2.00985
2.00802
2.00645
2.00465
2.00262
2.00037
1.99909
1.99734
1.99584
1.99387
1.99287
1.99116
1.98945
1.98775
1.98629
1.98459
1.9829
1.98144
1.97999
1.97805
1.97659
1.97463
1.9734
1.97168
1.97043
1.96917
1.96718
1.96591
1.9639
1.96236
1.96058
1.95902
1.95722
1.95492
1.95359
1.95225
1.95066
1.94859
1.94676
1.94493
1.94311
1.94153
1.93972
1.93792
1.93612
1.93386
1.93186
1.92962
1.92789
1.92642
1.92496
1.92352
1.92187
1.92023
1.91885
1.91725
1.91566
1.91409
1.91252
1.91121
1.90917
1.90761
1.90604
1.9047
1.90333
1.90193
1.9005
1.89877
1.89651
1.89489
1.89272
1.89093
1.88881
1.8873
1.88446
1.88148
1.87861
1.87606
1.8731
1.87022
1.86667
1.86342
1.85997
1.85632
1.85223
1.84793
1.84343
1.83873
1.83383
1.8285
1.82274
1.81752
1.81165
1.80587
1.80066
1.79485
1.7894
1.7829
1.77632
1.77016
1.76422
1.75802
1.75183
1.74591
1.7398
1.73354
1.72737
1.72109
1.71615
1.71041
1.70485
1.69902
1.69365
1.68852
1.68388
1.67952
1.67592
1.67262
1.66866
1.66525
1.66218
1.65991
1.6575
1.65591
1.6549
1.65351
1.65271
1.65224
1.65212
1.65233
1.65262
1.653
1.65394
1.65566
1.65768
1.66
1.66235
1.66521
1.66832
1.67145
1.67408
1.67861
1.68215
1.68613
1.68956
1.69388
1.69788
1.70249
1.70747
1.71257
1.71728
1.72184
1.72647
1.73164
1.73638
1.74139
1.74643
1.75147
1.75652
1.7618
1.76706
1.77348
1.77818
1.78379
1.78861
1.79361
1.79852
1.80311
1.80736
1.812
1.81604
1.82044
1.82424
1.82816
1.83243
1.83656
1.84031
1.84391
1.84737
1.85116
1.85431
1.85587
1.85871
1.8614
1.86346
1.8656
1.86782
1.8699
1.87159
1.87385
1.87549
1.87699
1.87884
1.88008
1.88121
1.88221
1.88263
1.88295
1.88365
1.88427
1.8841
1.88506
1.88548
1.88585
1.88619
1.88651
1.88728
1.88757
1.8881
1.88768
1.888
1.88811
1.8885
1.8887
1.88871
1.88902
1.88964
1.8901
1.89087
1.89125
1.89219
1.89345
1.8948
1.89576
1.89656
1.89792
1.89961
1.90113
1.90271
1.90387
1.90581
1.90779
1.90979
1.91134
1.91313
1.91491
1.91692
1.91865
1.9208
1.92265
1.92418
1.92537
1.92692
1.92811
1.92963
1.93026
1.93097
1.93221
1.93229
1.9324
1.93253
1.93219
1.93187
1.9313
1.93
1.92918
1.92764
1.92585
1.92406
1.92251
1.92
1.91727
1.91409
1.91093
1.90733
1.90379
1.89983
1.89618
1.89214
1.88748
1.88317
1.8785
1.87445
1.8703
1.86583
1.86105
1.85597
1.85132
1.84662
1.84165
1.83713
1.83187
1.82659
1.8213
1.81623
1.81164
1.8068
1.80172
1.79711
1.79177
1.78643
1.78155
1.77643
1.77081
1.76541
1.76
1.7548
1.74886
1.74361
1.73833
1.73303
1.72793
1.72255
1.7169
1.71145
1.70572
1.7002
1.6944
1.68833
1.68295
1.67754
1.67186
1.66664
1.66141
1.65544
1.65019
1.6447
1.63898
1.63351
1.62808
1.62244
1.6166
1.61081
1.60558
1.59994
1.59462
1.58917
1.58382
1.57859
1.57326
1.56903
1.56424
1.55986
1.55566
1.55165
1.54784
1.54401
1.54016
1.53775
1.53534
1.53294
1.53032
1.52749
1.52566
1.52363
1.52214
1.52117
1.5205
1.52014
1.52032
1.52033
1.52112
1.5215
1.52266
1.52436
1.52565
1.52771
1.53054
1.53343
1.53611
1.53882
1.54204
1.54576
1.54925
1.55345
1.55812
1.56324
1.56808
1.57264
1.57809
1.58322
1.58851
1.5944
1.60018
1.60582
1.61178
1.61806
1.6244
1.63054
1.63695
1.64289
1.64907
1.65548
1.66209
1.66818
1.67397
1.68017
1.68604
1.69205
1.69748
1.70326
1.70868
1.71395
1.71932
1.72428
1.72907
1.73418
1.73837
1.74214
1.7457
1.7498
1.75417
1.7576
1.76083
1.76336
1.76688
1.7697
1.77207
1.7747
1.77663
1.77738
1.77913
1.78043
1.782
1.7829
1.78383
1.78434
1.78419
1.78457
1.78503
1.78508
1.78522
1.78473
1.78435
1.78384
1.78272
1.78174
1.78066
1.78045
1.77919
1.77859
1.77745
1.77577
1.77477
1.7735
1.77124
1.76848
1.7674
1.7656
1.76405
1.76203
1.76003
1.75878
1.75683
1.7554
1.75376
1.75241
1.75086
1.74911
1.7474
1.7467
1.74581
1.74471
1.74366
1.74265
1.74192
1.74122
1.74079
1.73991
1.73904
1.73844
1.73784
1.73653
1.73547
1.7344
1.73356
1.73319
1.73232
1.73166
1.73074
1.73027
1.72951
1.72799
1.72739
1.72601
1.72482
1.72357
1.72203
1.72042
1.71875
1.71701
1.71569
1.71382
1.71237
1.71061
1.70855
1.70666
1.70423
1.70223
1.69968
1.69781
1.69564
1.69343
1.69093
1.6884
1.68607
1.68395
1.68133
1.67918
1.67677
1.67411
1.67097
1.66857
1.66666
1.66501
1.66314
1.66035
1.65809
1.65587
1.65323
1.6509
1.64912
1.6467
1.64461
1.64262
1.64073
1.63896
1.63755
1.63651
1.63537
1.63438
1.63402
1.63311
1.63213
1.63229
1.63215
1.63197
1.63247
1.63294
1.63339
1.6343
1.63496
1.63681
1.63867
1.64077
1.64289
1.6455
1.64814
1.65129
1.65424
1.65721
1.66071
1.66474
1.66881
1.67317
1.67806
1.683
1.68848
1.69425
1.70079
1.70715
1.71404
1.72074
1.72821
1.73548
1.7428
1.75064
1.759
1.76715
1.77629
1.78594
1.79537
1.80481
1.81474
1.8254
1.83581
1.84621
1.85708
1.8684
1.87944
1.89068
1.90235
1.91469
1.92671
1.93913
1.95172
1.96372
1.97634
1.98909
2.00196
2.01518
2.02827
2.04144
2.0547
2.06803
2.08192
2.09514
2.10865
2.12245
2.13604
2.14919
2.1626
2.17603
2.18947
2.2034
2.21637
2.23006
2.24399
2.25742
2.27108
2.28448
2.29811
2.3117
2.32576
2.33954
2.3528
2.36652
2.37971
2.39286
2.40621
2.41975
2.433
2.44644
2.45958
2.47242
2.48519
2.4979
2.5115
2.52453
2.53725
2.54963
2.56192
2.57459
2.58691
2.5996
2.61193
2.62365
2.63523
2.64643
2.65819
2.66931
2.68025
2.69125
2.7023
2.71289
2.72303
2.73342
2.74309
2.75322
2.76285
2.77268
2.78125
2.78977
2.79796
2.80535
2.81407
2.82123
2.82778
2.8342
2.84045
2.84631
2.85174
2.85651
2.86108
2.86496
2.86838
2.87133
2.87357
2.87532
2.87658
2.87782
2.8776
2.87712
2.87684
2.87654
2.87524
2.8739
2.87133
2.86848
2.86488
2.86101
2.85639
2.85128
2.84566
2.84004
2.83297
2.82566
2.81812
2.80989
2.80192
2.79303
2.78371
2.77349
2.76334
2.75256
2.74163
2.73057
2.71867
2.70642
2.69432
2.68118
2.66845
2.65567
2.64189
2.6276
2.61306
2.59876
2.58424
2.56951
2.55482
2.54019
2.52515
2.50948
2.49416
2.47847
2.46291
2.44703
2.43107
2.41528
2.39946
2.3836
2.36748
2.35112
2.33502
2.31895
2.30292
2.28671
2.27057
2.25549
2.2393
2.22396
2.20851
2.19344
2.17782
2.16285
2.14831
2.13445
2.12008
2.1057
2.09251
2.07837
2.06473
2.05184
2.03947
2.02666
2.01464
2.00268
1.99127
1.98043
1.96943
1.95805
1.94725
1.93776
1.92789
1.91814
1.90899
1.90141
1.89323
1.88542
1.87822
1.87115
1.86422
1.85766
1.85195
1.84638
1.84143
1.83636
1.83143
1.82711
1.82339
1.82005
1.81707
1.81421
1.81195
1.81053
1.80875
1.80755
1.80646
1.80572
1.80555
1.8062
1.80718
1.80849
1.80916
1.81039
1.81218
1.81427
1.81643
1.81912
1.82236
1.82612
1.82968
1.83328
1.83716
1.84154
1.84666
1.85204
1.85719
1.86233
1.86772
1.87309
1.87941
1.88619
1.89269
1.8994
1.90654
1.91314
1.92065
1.92833
1.93593
1.94345
1.95135
1.95939
1.96732
1.97561
1.9845
1.99276
2.00135
2.0105
2.01924
2.02852
2.03761
2.0465
2.05565
2.06434
2.07352
2.08269
2.09135
2.09975
2.10932
2.11762
2.1261
2.13475
2.14307
2.15128
2.15963
2.16762
2.17572
2.1832
2.19076
2.19889
2.2066
2.21414
2.221
2.22791
2.2351
2.24112
2.24764
2.25443
2.26027
2.26636
2.27173
2.27688
2.28203
2.28621
2.2904
2.2946
2.29855
2.30275
2.30672
2.31022
2.31325
2.3163
2.31889
2.32151
2.32344
2.32565
2.32767
2.32853
2.32969
2.33116
2.33197
2.33334
2.33335
2.33442
2.3351
2.33517
2.3351
2.3354
2.33557
2.33515
2.33438
2.33423
2.33302
2.33267
2.332
2.33124
2.33039
2.32897
2.32772
2.32687
2.32546
2.32421
2.32288
2.32148
2.32
2.31868
2.3168
2.31459
2.31278
2.31113
2.30914
2.30731
2.30467
2.30289
2.30077
2.29807
2.2955
2.29283
2.28932
2.28618
2.28365
2.27979
2.27654
2.27292
2.26966
2.26554
2.2613
2.25741
2.25363
2.24948
2.24519
2.24053
2.23597
2.23128
2.22646
2.22151
2.21667
2.2117
2.20612
2.20067
2.19509
2.18915
2.18334
2.17742
2.17163
2.16502
2.1588
2.15296
2.1468
2.14031
2.13374
2.12734
2.12063
2.11387
2.10704
2.10042
2.0935
2.08679
2.08005
2.07328
2.06649
2.0592
2.05263
2.04582
2.03924
2.03196
2.02469
2.01791
2.01092
2.0042
1.99655
1.98965
1.9828
1.97599
1.96874
1.96226
1.95535
1.94873
1.94241
1.93567
1.92898
1.92283
1.91674
1.90999
1.90376
1.8976
1.89124
1.88518
1.87941
1.87344
1.86775
1.86186
1.85601
1.85019
1.84415
1.83813
1.83261
1.82735
1.82137
1.81635
1.81085
1.80558
1.79982
1.79381
1.78825
1.78244
1.77635
1.77048
1.76434
1.75864
1.75291
1.74666
1.74014
1.73454
1.72842
1.72251
1.71633
1.70988
1.70341
1.69764
1.69161
1.68557
1.67904
1.67227
1.66576
1.65877
1.65278
1.64657
1.6404
1.63428
1.6287
1.62246
1.61654
1.61095
1.60472
1.59908
1.59452
1.58888
1.58313
1.578
1.57351
1.5687
1.56406
1.56008
1.55557
1.55126
1.54739
1.54397
1.54054
1.53734
1.53437
1.53165
1.52966
1.52767
1.52619
1.52378
1.52259
1.52144
1.52057
1.52022
1.51991
1.5199
1.52041
1.52098
1.52209
1.52277
1.52399
1.5255
1.52707
1.52943
1.53184
1.53455
1.53803
1.54229
1.54492
1.5488
1.55297
1.55743
1.56241
1.56767
1.57297
1.5783
1.58486
1.5912
1.59757
1.60491
1.61178
1.61986
1.62698
1.63433
1.64264
1.65093
1.65993
1.6689
1.67832
1.68722
1.69705
1.70659
1.7168
1.72647
1.73656
1.74706
1.75773
1.76832
1.77883
1.78925
1.80078
1.81197
1.82354
1.83501
1.8466
1.85833
1.87018
1.88214
1.89422
1.90738
1.92016
1.93257
1.94556
1.95841
1.97136
1.98392
1.99657
2.00932
2.02287
2.03579
2.04904
2.06212
2.07529
2.08902
2.10282
2.11646
2.12993
2.14371
2.1578
2.17148
2.18571
2.19976
2.21339
2.22803
2.24225
2.25677
2.2711
2.28547
2.30037
2.31436
2.32886
2.34315
2.35772
2.37232
2.38645
2.40061
2.41574
2.43039
2.44505
2.45946
2.47458
2.48945
2.50357
2.51839
2.53292
2.54742
2.56186
2.576
2.5908
2.60479
2.61942
2.63323
2.64694
2.66076
2.67495
2.68875
2.70193
2.71591
2.72923
2.74213
2.7546
2.76735
2.77963
2.79169
2.80303
2.81411
2.82566
2.83692
2.84718
2.85762
2.86775
2.87781
2.88778
2.89693
2.90525
2.9137
2.92202
2.92973
2.93755
2.9445
2.95154
2.95771
2.96323
2.96835
2.97355
2.97761
2.98175
2.98524
2.98807
2.99122
2.9942
2.99628
2.99797
2.99925
3.00013
3.00038
3
2.99996
2.99929
2.99802
2.99613
2.99462
2.99274
2.98981
2.98677
2.98389
2.98045
2.97693
2.97191
2.96755
2.9629
2.9575
2.95278
2.94757
2.94186
2.9359
2.92995
2.92329
2.91664
2.91027
2.90297
2.89547
2.88779
2.8804
2.87259
2.86438
2.856
2.84723
2.83903
2.83044
2.82171
2.81285
2.80362
2.79498
2.78574
2.77638
2.76643
2.75684
2.74739
2.73759
2.72769
2.71744
2.70733
2.69712
2.68657
2.67616
2.6659
2.65555
2.6451
2.63407
2.62343
2.6127
2.60139
2.59024
2.57875
2.5679
2.55575
2.54424
2.53265
2.52097
2.50849
2.49641
2.4845
2.47227
2.46046
2.44859
2.43617
2.42395
2.41167
2.3996
2.38701
2.3744
2.36176
2.34888
2.33598
2.32334
2.31095
2.29834
2.286
2.27394
2.26145
2.24927
2.2374
2.22488
2.21342
2.20157
2.18984
2.17822
2.16696
2.15657
2.14487
2.13381
2.12291
2.11218
2.10162
2.091
2.08105
2.07081
2.06125
2.05164
2.04248
2.03256
2.02358
2.01505
2.00648
1.99789
1.99024
1.98256
1.97484
1.96734
1.96005
1.9532
1.94632
1.93939
1.93314
1.92684
1.92073
1.9148
1.90928
1.90394
1.89756
1.89279
1.88792
1.88297
1.8784
1.87348
1.8687
1.86404
1.85998
1.85579
1.85171
1.8475
1.84338
1.8396
1.83591
1.83231
1.82783
1.82463
1.82127
1.81822
1.815
1.81186
1.80878
1.80626
1.8026
1.79974
1.7967
1.79397
1.7906
1.78803
1.78529
1.78239
1.78005
1.77756
1.77565
1.77383
1.77162
1.77096
1.76921
1.7678
1.76628
1.7656
1.76456
1.76317
1.76168
1.76056
1.75984
1.75926
1.75909
1.75955
1.75897
1.75929
1.75905
1.75947
1.76007
1.76157
1.76229
1.7632
1.76502
1.76679
1.76827
1.77066
1.77229
1.77459
1.77684
1.77976
1.78264
1.78522
1.78871
1.79263
1.796
1.80003
1.80424
1.80837
1.81291
1.8164
1.82173
1.826
1.83114
1.83568
1.8406
1.84563
1.85029
1.85553
1.86063
1.86606
1.87132
1.87713
1.88277
1.88821
1.89393
1.90017
1.9057
1.91198
1.91777
1.92332
1.92933
1.93412
1.94032
1.946
1.9521
1.95815
1.96366
1.96957
1.97468
1.98091
1.9868
1.99211
1.99708
2.00146
2.00644
2.0118
2.01631
2.02094
2.02569
2.02959
2.03361
2.03797
2.04149
2.04609
2.05007
2.05345
2.05718
2.06104
2.06405
2.06742
2.0702
2.07311
2.07592
2.07861
2.08146
2.08396
2.08661
2.08894
2.09143
2.0936
2.09594
2.09798
2.09995
2.10211
2.10397
2.10603
2.10805
2.1093
2.11101
2.11245
2.1141
2.1155
2.11712
2.11921
2.1213
2.1229
2.12475
2.12612
2.12773
2.12864
2.13005
2.1322
2.13388
2.1356
2.1371
2.13863
2.14068
2.14276
2.14465
2.14657
2.14854
2.15056
2.15263
2.15426
2.15644
2.15867
2.1612
2.16403
2.16693
2.16917
2.17196
2.17482
2.17752
2.18077
2.18289
2.18606
2.1893
2.19311
2.19653
2.19979
2.2029
2.20635
2.20989
2.21401
2.21798
2.2223
2.22648
2.23029
2.23492
2.23919
2.24356
2.24805
2.25241
2.25689
2.26198
2.26694
2.27202
2.27723
2.28281
2.28827
2.29362
2.29934
2.30495
2.31093
2.31728
2.32328
2.32965
2.33592
2.34327
2.35003
2.35692
2.36418
2.3718
2.37907
2.38645
2.3942
2.40206
2.40956
2.4174
2.42559
2.43364
2.44227
2.45075
2.45931
2.4682
2.47716
2.4857
2.49406
2.50272
2.51118
2.51992
2.52845
2.53723
2.54627
2.55555
2.5641
2.5731
2.5816
2.58933
2.59773
2.60583
2.61434
2.62275
2.63107
2.63976
2.64785
2.65604
2.66384
2.67173
2.67872
2.68649
2.69383
2.70048
2.70691
2.71311
2.71956
2.72623
2.7312
2.73638
2.74201
2.74686
2.75119
2.75545
2.75964
2.76353
2.7671
2.77034
2.77303
2.77514
2.77669
2.77864
2.78003
2.78109
2.78159
2.78203
2.78191
2.7815
2.78103
2.78028
2.77901
2.77797
2.77643
2.77466
2.77242
2.77021
2.76756
2.76498
2.76271
2.75982
2.75655
2.75317
2.74921
2.74566
2.74276
2.73909
2.73564
2.73193
2.72799
2.72431
2.72067
2.71707
2.71354
2.71057
2.70841
2.70514
2.70224
2.69921
2.69631
2.6938
2.69143
2.68945
2.68764
2.68574
2.68449
2.68293
2.68129
2.67982
2.67875
2.67785
2.67712
2.67654
2.67588
2.67536
2.67571
2.67572
2.67585
2.67611
2.67672
2.67793
2.67826
2.67917
2.68015
2.68121
2.68185
2.68302
2.68424
2.68501
2.68604
2.68685
2.68791
2.68897
2.68978
2.6913
2.69207
2.69354
2.69376
2.69467
2.69577
2.69634
2.69781
2.69826
2.69913
2.69945
2.69946
2.69989
2.69999
2.70051
2.7007
2.70082
2.70062
2.70058
2.69998
2.70003
2.70048
2.69965
2.69922
2.69896
2.69886
2.69846
2.69846
2.69766
2.6968
2.69563
2.69511
2.6938
2.69267
2.69172
2.69022
2.68867
2.68753
2.6861
2.68461
2.68282
2.68123
2.67958
2.67787
2.67612
2.67432
2.67198
2.67009
2.66838
2.66639
2.66412
2.66181
2.65921
2.6573
2.65487
2.6524
2.65038
2.6476
2.64528
2.64293
2.64031
2.6379
2.635
2.63256
2.62986
2.62738
2.62538
2.62313
2.62064
2.61742
2.61493
2.61244
2.6102
2.6075
2.60432
2.60166
2.59877
2.59591
2.59333
2.59126
2.58923
2.58724
2.58482
2.5827
2.58062
2.57836
2.57664
2.57427
2.57268
2.57068
2.56923
2.56761
2.56582
2.56436
2.56297
2.56166
2.56019
2.55904
2.55845
2.55771
2.55657
2.55527
2.55453
2.55387
2.55305
2.55254
2.55139
2.55127
2.55098
2.55076
2.55013
2.5498
2.55001
2.55027
2.55083
2.55096
2.55065
2.5511
2.55111
2.5514
2.55172
2.55206
2.55243
2.55281
2.55345
2.55362
2.55452
2.5547
2.55465
2.55458
2.555
2.55492
2.5558
2.55667
2.55679
2.55642
2.55699
2.5573
2.55759
2.55786
2.5581
2.55831
2.55874
2.5589
2.55903
2.55937
2.5592
2.55948
2.56021
2.56019
2.56038
2.56029
2.5604
2.56024
2.5598
2.55957
2.55929
2.55921
2.55885
2.5582
2.55798
2.55795
2.55738
2.55676
2.55631
2.55578
2.55519
2.55379
2.55327
2.55193
2.55098
2.54992
2.54923
2.54794
2.54628
2.54449
2.54231
2.54046
2.53822
2.53556
2.53298
2.53045
2.52726
2.52388
2.52053
2.51722
2.51347
2.50974
2.50484
2.50043
2.49629
2.49145
2.48639
2.48135
2.47609
2.47062
2.46518
2.45905
2.45273
2.44646
2.43976
2.43338
2.42659
2.4194
2.4116
2.40391
2.39609
2.38842
2.3809
2.37353
2.36514
2.35693
2.34845
2.34066
2.33309
2.32479
2.31673
2.30918
2.30116
2.29342
2.28596
2.27758
2.27069
2.26289
2.2549
2.24769
2.24006
2.232
2.22471
2.21772
2.21053
2.20289
2.1953
2.18749
2.17994
2.17288
2.1651
2.1578
2.15072
2.14338
2.136
2.12859
2.12112
2.11383
2.10623
2.09832
2.09105
2.0832
2.07527
2.06724
2.05912
2.05113
2.04305
2.03415
2.02564
2.0168
2.00788
1.99889
1.98982
1.98142
1.97225
1.96377
1.95431
1.94531
1.93633
1.92785
1.91941
1.91078
1.90102
1.89256
1.88372
1.87549
1.86765
1.85998
1.85152
1.84375
1.83596
1.82864
1.82158
1.81479
1.80804
1.80208
1.7962
1.79089
1.78568
1.78131
1.77684
1.77299
1.76977
1.76672
1.76359
1.76089
1.75861
1.75725
1.75536
1.75488
1.75461
1.75479
1.75589
1.75745
1.75898
1.76096
1.7629
1.76577
1.76932
1.77306
1.77746
1.78325
1.78895
1.79433
1.8001
1.80599
1.81199
1.81882
1.82596
1.83341
1.84114
1.84936
1.85758
1.86625
1.87511
1.88388
1.89205
1.90105
1.90987
1.91921
1.92952
1.93883
1.94808
1.95699
1.96554
1.97415
1.98233
1.99027
1.99819
2.00557
2.01262
2.01907
2.02562
2.03175
2.03769
2.04245
2.04721
2.05172
2.05524
2.05823
2.06069
2.06262
2.06425
2.06534
2.06612
2.06542
2.06515
2.06485
2.06308
2.06131
2.05931
2.05614
2.05279
2.04904
2.04466
2.04018
2.03537
2.03003
2.02465
2.01928
2.01345
2.00792
2.00128
1.99546
1.98883
1.98213
1.97562
1.96908
1.96256
1.95606
1.94985
1.94371
1.93766
1.93124
1.92542
1.91951
1.91351
1.90816
1.90227
1.89657
1.89156
1.88675
1.88216
1.87778
1.87363
1.8697
1.86649
1.86301
1.85904
1.85624
1.85391
1.85106
1.84867
1.84622
1.84421
1.84238
1.84047
1.83945
1.83809
1.83711
1.83649
1.83574
1.83436
1.83355
1.83256
1.83114
1.83073
1.83034
1.82996
1.82935
1.82848
1.82806
1.82737
1.82711
1.82584
1.82522
1.8243
1.82257
1.82196
1.82078
1.81927
1.81767
1.81621
1.8149
1.81374
1.81154
1.80997
1.80832
1.80611
1.80383
1.80126
1.79911
1.79764
1.79517
1.79316
1.7904
1.78788
1.78535
1.78284
1.78083
1.77933
1.7769
1.77452
1.77244
1.76994
1.76798
1.7661
1.76479
1.76356
1.7617
1.76042
1.75923
1.7579
1.75668
1.75531
1.75429
1.75386
1.7528
1.75185
1.75172
1.75072
1.75005
1.74948
1.74924
1.74908
1.749
1.74901
1.74884
1.74874
1.74871
1.74922
1.74954
1.74968
1.74986
1.75057
1.75156
1.75234
1.75292
1.75376
1.75464
1.75554
1.75525
1.75571
1.75618
1.75715
1.75813
1.75889
1.75965
1.76091
1.76193
1.76249
1.76329
1.7641
1.76517
1.76553
1.76686
1.76844
1.76955
1.77068
1.77135
1.77203
1.77226
1.77347
1.77374
1.775
1.77581
1.77688
1.77823
1.77961
1.78031
1.78128
1.78229
1.78334
1.78467
1.78604
1.78794
1.78964
1.79043
1.79222
1.79334
1.79523
1.79644
1.79722
1.79877
1.80085
1.80226
1.80396
1.8057
1.80748
1.8098
1.81168
1.81432
1.817
1.819
1.82128
1.82383
1.82619
1.82857
1.83122
1.83415
1.83638
1.83911
1.84163
1.84416
1.84696
1.84953
1.85236
1.85471
1.85755
1.85967
1.86228
1.86513
1.86774
1.87058
1.87342
1.87648
1.8793
1.88187
1.88418
1.88648
1.88852
1.89078
1.89326
1.8962
1.89863
1.9008
1.90343
1.9053
1.90762
1.90992
1.91194
1.91416
1.91612
1.91827
1.91991
1.92127
1.92307
1.92507
1.92679
1.92822
1.92986
1.93193
1.93444
1.93618
1.93835
1.93952
1.94113
1.94292
1.9442
1.94614
1.94732
1.94893
1.95026
1.95082
1.95206
1.9535
1.95466
1.95577
1.95709
1.95813
1.95938
1.96084
1.96107
1.96176
1.96266
1.96283
1.96371
1.9653
1.96592
1.96679
1.96743
1.96856
1.96995
1.97089
1.97259
1.9736
1.97489
1.97625
1.97718
1.97793
1.97853
1.97993
1.9819
1.98276
1.98445
1.9865
1.98842
1.99047
1.99193
1.99377
1.99575
1.99836
2.00137
2.00454
2.00763
2.01089
2.01481
2.01818
2.02197
2.02569
2.02984
2.03418
2.03869
2.04315
2.04828
2.05335
2.0586
2.0638
2.06942
2.0757
2.08168
2.08784
2.09465
2.10092
2.10711
2.11396
2.12097
2.12838
2.13596
2.14394
2.15159
2.15891
2.16663
2.17449
2.18275
2.19091
2.1997
2.20863
2.21746
2.22618
2.23529
2.24429
2.2539
2.26317
2.27352
2.28304
2.29292
2.30316
2.31352
2.32327
2.33386
2.34406
2.35436
2.36524
2.3762
2.387
2.3986
2.40977
2.42051
2.43129
2.44283
2.45366
2.46449
2.47483
2.48612
2.49689
2.50736
2.5185
2.52882
2.53954
2.55013
2.56011
2.56994
2.58008
2.5898
2.60051
2.61003
2.61884
2.62738
2.63686
2.64507
2.6537
2.66153
2.6695
2.67711
2.6834
2.68954
2.69578
2.70089
2.70655
2.71131
2.71541
2.71955
2.72325
2.72651
2.72908
2.73121
2.73289
2.73389
2.73516
2.73527
2.73519
2.73469
2.73351
2.73217
2.73066
2.72828
2.72551
2.72261
2.71863
2.7155
2.71108
2.70706
2.7025
2.69765
2.69229
2.68691
2.6813
2.67546
2.66942
2.66367
2.65727
2.65095
2.64353
2.63695
2.63003
2.62301
2.61641
2.60926
2.60183
2.59533
2.58858
2.58159
2.57413
2.56669
2.5593
2.55292
2.54612
2.5394
2.53252
2.52549
2.5188
2.51247
2.50601
2.4992
2.49251
2.48693
2.48101
2.47547
2.47081
2.46534
2.46003
2.45487
2.4494
2.44481
2.44013
2.43587
2.43152
2.42708
2.42305
2.41941
2.41544
2.41186
2.40915
2.40561
2.40269
2.39966
2.39723
2.39421
2.39178
2.38945
2.38675
2.38415
2.38139
2.37968
2.37756
2.37551
2.37329
2.37184
2.3702
2.36812
2.36656
2.36479
2.36329
2.36156
2.35984
2.35765
2.35595
2.35352
2.35205
2.35033
2.34955
2.34828
2.3465
2.34422
2.34191
2.34007
2.33747
2.33533
2.33365
2.33194
2.32997
2.3275
2.32525
2.32298
2.32118
2.31889
2.31707
2.31526
2.31296
2.31092
2.30937
2.30712
2.30513
2.30366
2.30197
2.30009
2.29778
2.29599
2.29451
2.29332
2.29196
2.2902
2.28851
2.28665
2.28585
2.28513
2.28354
2.28276
2.28135
2.27979
2.27906
2.27841
2.27811
2.27741
2.27729
2.27654
2.2766
2.2765
2.27648
2.27654
2.27668
2.27689
2.27788
2.27797
2.27836
2.27904
2.28001
2.28078
2.28136
2.28148
2.28261
2.28255
2.283
2.28372
2.28397
2.28497
2.28575
2.28606
2.28687
2.28867
2.28905
2.28993
2.29132
2.29251
2.29325
2.29427
2.29462
2.29575
2.29694
2.29819
2.29977
2.3007
2.30221
2.30382
2.30601
2.30808
2.30979
2.31211
2.31456
2.31643
2.31917
2.32182
2.32413
2.32685
2.32972
2.333
2.33667
2.34051
2.34402
2.34768
2.35149
2.35592
2.36048
2.36493
2.36974
2.3744
2.37989
2.38425
2.38844
2.39412
2.39887
2.40437
2.40915
2.4144
2.41962
2.42455
2.42942
2.4342
2.43889
2.44273
2.44765
2.45217
2.45605
2.46023
2.46373
2.46703
2.47011
2.47295
2.47581
2.47889
2.48077
2.48286
2.48518
2.48627
2.48758
2.48862
2.48941
2.48993
2.48972
2.48951
2.48953
2.48933
2.4889
2.48826
2.48621
2.48494
2.48325
2.48188
2.47988
2.47847
2.4767
2.47482
2.47238
2.47011
2.46755
2.46591
2.46377
2.46114
2.45876
2.45616
2.45336
2.4511
2.44866
2.44678
2.44451
2.44211
2.4403
2.43862
2.4366
2.43496
2.43372
2.43239
2.43124
2.43074
2.43067
2.4303
2.4306
2.43061
2.43033
2.43025
2.43109
2.43188
2.43287
2.43405
2.43543
2.437
2.43876
2.4407
2.44281
2.44558
2.44853
2.45163
2.45441
2.45733
2.46064
2.46313
2.46646
2.46967
2.47323
2.47714
2.48115
2.48596
2.48989
2.49388
2.49794
2.50156
2.50596
2.51014
2.51483
2.51906
2.52329
2.52776
2.53199
2.53619
2.54013
2.5438
2.54815
2.55197
2.55574
2.55969
2.56382
2.56763
2.57137
2.57526
2.57859
2.58158
2.58448
2.58776
2.59118
2.59426
2.59699
2.59986
2.60261
2.60526
2.60779
2.60997
2.61228
2.61496
2.61728
2.61902
2.62088
2.62264
2.62429
2.62607
2.62751
2.62885
2.63009
2.63123
2.63252
2.63348
2.63435
2.63489
2.63583
2.63644
2.63673
2.63744
2.63806
2.63862
2.63864
2.63834
2.63847
2.63854
2.63832
2.63805
2.63822
2.63834
2.63769
2.63725
2.63701
2.63722
2.63692
2.63683
2.63623
2.6361
2.63546
2.63504
2.63437
2.6332
2.6325
2.63228
2.63204
2.63131
2.63083
2.63058
2.62985
2.62911
2.62838
2.62717
2.62692
2.62667
2.62667
2.62667
2.62594
2.62522
2.62473
2.62424
2.62375
2.6235
2.62275
2.622
2.62147
2.62068
2.62036
2.61952
2.61962
2.61897
2.61803
2.6173
2.61651
2.61567
2.615
2.61403
2.61299
2.6121
2.61136
2.60981
2.60887
2.6071
2.60545
2.60391
2.602
2.60043
2.59871
2.59611
2.59358
2.59088
2.58727
2.58421
2.58046
2.577
2.57334
2.56995
2.56561
2.56154
2.55676
2.55175
2.54675
2.54177
