1.10069
1.10205
1.10333
1.10452
1.10564
1.10668
1.10763
1.10851
1.1093
1.11001
1.11065
1.1112
1.11167
1.11207
1.11239
1.11262
1.11279
1.11287
1.11288
1.11281
1.11267
1.11245
1.11216
1.1118
1.11137
1.11087
1.1103
1.10966
1.10895
1.10818
1.10733
1.10643
1.10546
1.10443
1.10333
1.10218
1.10096
1.09969
1.09836
1.09697
1.09553
1.09403
1.09248
1.09088
1.08923
1.08753
1.08577
1.08397
1.08213
1.08023
1.0783
1.07631
1.07429
1.07222
1.07012
1.06797
1.06578
1.06356
1.0613
1.05901
1.05668
1.05432
1.05193
1.0495
1.04705
1.04456
1.04205
1.03951
1.03695
1.03436
1.03175
1.02911
1.02645
1.02378
1.02108
1.01836
1.01563
1.01289
1.01013
1.00735
1.00457
1.00177
0.998968
0.996156
0.993338
0.990514
0.987687
0.984859
0.982031
0.979203
0.976378
0.973558
0.970743
0.967935
0.965137
0.96235
0.959575
0.956815
0.954071
0.951344
0.948637
0.945951
0.943288
0.940651
0.938041
0.93546
0.93291
0.930394
0.927912
0.925467
0.923061
0.920695
0.918372
0.916094
0.913862
0.911678
0.909543
0.90746
0.90543
0.903454
0.901534
0.899672
0.897868
0.896125
0.894442
0.892822
0.891265
0.889772
0.888345
0.886983
0.885688
0.884459
0.883297
0.882202
0.881175
0.880216
0.879324
0.878499
0.87774
0.877048
0.87642
0.875857
0.875357
0.87492
0.874544
0.874228
0.87397
0.873768
0.873622
0.87353
0.873489
0.873498
0.873555
0.873657
0.873802
0.873988
0.874213
0.874473
0.874767
0.875092
0.875446
0.875825
0.876228
0.876652
0.877094
0.877551
0.878021
0.878501
0.878989
0.879483
0.879978
0.880474
0.880969
0.881458
0.881942
0.882416
0.882878
0.883326
0.883759
0.884174
0.884569
0.884942
0.885293
0.885618
0.885917
0.886187
0.886429
0.886639
0.886817
0.886962
0.887073
0.887149
0.887189
0.887192
0.887158
0.887086
0.886976
0.886828
0.88664
0.886414
0.886149
0.885845
0.885502
0.885121
0.8847
0.884242
0.883746
0.883213
0.882644
0.882038
0.881398
0.880722
0.880014
0.879272
0.878499
0.877697
0.876864
0.876004
0.875116
0.874203
0.873266
0.872307
0.871327
0.870327
0.86931
0.868278
0.867232
0.866173
0.865105
0.864029
0.862949
0.861865
0.86078
0.859697
0.858618
0.857546
0.856484
0.855434
0.854399
0.853382
0.852385
0.851411
0.850464
0.849545
0.848659
0.847808
0.846996
0.846224
0.845496
0.844815
0.844184
0.843606
0.843082
0.842616
0.84221
0.841867
0.841588
0.841375
0.84123
0.841156
0.841153
0.841222
0.841365
0.841582
0.841875
0.842243
0.842687
0.843207
0.843802
0.844472
0.845215
0.846031
0.84692
0.847879
0.848907
0.850002
0.851162
0.852386
0.85367
0.855012
0.856411
0.857862
0.859364
0.860913
0.862506
0.86414
0.865812
0.86752
0.869259
0.871027
0.87282
0.874636
0.87647
0.87832
0.880183
0.882056
0.883937
0.885821
0.887705
0.889588
0.891466
0.893337
0.895198
0.897046
0.898879
0.900694
0.90249
0.904263
0.906013
0.907736
0.909431
0.911096
0.912728
0.914327
0.91589
0.917415
0.918902
0.920349
0.921755
0.923116
0.924433
0.925705
0.92693
0.928106
0.929232
0.930308
0.931332
0.932304
0.933222
0.934087
0.934896
0.93565
0.936348
0.936989
0.937573
0.938099
0.938566
0.938975
0.939326
0.939617
0.939849
0.940021
0.940135
0.94019
0.940186
0.940124
0.940003
0.939824
0.939586
0.939291
0.938939
0.93853
0.938065
0.937544
0.936969
0.93634
0.935659
0.934925
0.934141
0.933308
0.932427
0.931499
0.930526
0.929508
0.928447
0.927346
0.926205
0.925027
0.923812
0.922563
0.921282
0.91997
0.918629
0.917261
0.915869
0.914453
0.913017
0.911562
0.91009
0.908604
0.907105
0.905596
0.904078
0.902555
0.901027
0.899498
0.89797
0.896443
0.894921
0.893406
0.891898
0.890401
0.888916
0.887446
0.885991
0.884555
0.883138
0.881743
0.880371
0.879023
0.877702
0.876408
0.875143
0.873908
0.872705
0.871535
0.870398
0.869297
0.868231
0.867201
0.866209
0.865256
0.864342
0.863469
0.862635
0.861843
0.861092
0.860384
0.859717
0.859093
0.858512
0.857974
0.85748
0.857029
0.856621
0.856257
0.855935
0.855657
0.855422
0.855229
0.855079
0.85497
0.854902
0.854875
0.854889
0.854943
0.855036
0.855168
0.855337
0.855543
0.855784
0.85606
0.85637
0.856712
0.857086
0.857491
0.857926
0.858389
0.85888
0.859396
0.859938
0.860502
0.861088
0.861695
0.86232
0.862963
0.863622
0.864295
0.864981
0.865679
0.866386
0.867103
0.867825
0.868553
0.869285
0.870018
0.870752
0.871485
0.872214
0.872939
0.873657
0.874367
0.875068
0.875758
0.876436
0.877099
0.877748
0.878379
0.878992
0.879586
0.880158
0.880709
0.881237
0.881739
0.882216
0.882665
0.883088
0.883482
0.883846
0.88418
0.884484
0.884756
0.884996
0.885205
0.885381
0.885524
0.885635
0.885713
0.885759
0.885772
0.885753
0.885703
0.885621
0.88551
0.885369
0.885199
0.885001
0.884778
0.884529
0.884256
0.883961
0.883646
0.883311
0.882958
0.88259
0.882208
0.881814
0.88141
0.880998
0.880581
0.88016
0.879737
0.879315
0.878894
0.878478
0.878067
0.877665
0.877271
0.876889
0.87652
0.876165
0.875826
0.875502
0.875197
0.874911
0.874644
0.874397
0.874171
0.873965
0.873781
0.873619
0.873478
0.87336
0.873263
0.873187
0.873133
0.873098
0.873084
0.873089
0.873114
0.873158
0.87322
0.873301
0.873398
0.873513
0.873643
0.87379
0.873951
0.874127
0.874318
0.874522
0.874739
0.87497
0.875214
0.87547
0.875739
0.87602
0.876314
0.876619
0.876937
0.877266
0.877606
0.877959
0.878322
0.878697
0.879083
0.879481
0.879889
0.880308
0.880739
0.88118
0.881632
0.882095
0.882569
0.883052
0.883546
0.884049
0.884561
0.885082
0.885612
0.88615
0.886696
0.887249
0.887808
0.888375
0.888947
0.889524
0.890106
0.890692
0.891282
0.891874
0.892468
0.893064
0.893661
0.894258
0.894855
0.895451
0.896045
0.896636
0.897225
0.897809
0.89839
0.898966
0.899536
0.900101
0.900659
0.90121
0.901753
0.902288
0.902814
0.903332
0.90384
0.904339
0.904828
0.905306
0.905774
0.906231
0.906677
0.907112
0.907535
0.907946
0.908346
0.908735
0.909113
0.909478
0.909832
0.910174
0.910505
0.910823
0.91113
0.911427
0.911711
0.911984
0.912245
0.912495
0.912734
0.912962
0.913178
0.913384
0.913578
0.91376
0.913931
0.914091
0.914239
0.914375
0.9145
0.914613
0.914714
0.914803
0.914881
0.914947
0.915
0.915041
0.915068
0.915081
0.915081
0.915065
0.915036
0.914991
0.91493
0.914853
0.914759
0.914647
0.914518
0.914371
0.914203
0.914015
0.913806
0.913576
0.913323
0.913047
0.912748
0.912423
0.912073
0.911697
0.911294
0.910862
0.910403
0.909914
0.909396
0.908847
0.908266
0.907654
0.90701
0.906332
0.905622
0.904877
0.904099
0.903286
0.902437
0.901555
0.900637
0.899684
0.898696
0.897674
0.896616
0.895524
0.894399
0.89324
0.892048
0.890825
0.88957
0.888285
0.886972
0.885632
0.884266
0.882876
0.881462
0.880027
0.878572
0.877099
0.87561
0.874107
0.872593
0.871069
0.869539
0.868005
0.866469
0.864934
0.863403
0.861878
0.860362
0.858857
0.857366
0.855892
0.854437
0.853006
0.851599
0.85022
0.84887
0.847554
0.846272
0.845026
0.843819
0.842654
0.841531
0.840453
0.83942
0.838435
0.837498
0.836611
0.835774
0.834989
0.834255
0.833574
0.832944
0.832367
0.831842
0.831369
0.830948
0.830577
0.830256
0.829984
0.829759
0.82958
0.829447
0.829356
0.829307
0.829298
0.829328
0.829395
0.829497
0.829633
0.829799
0.829995
0.830219
0.830467
0.83074
0.831033
0.831347
0.831678
0.832025
0.832387
0.83276
0.833145
0.833538
0.83394
0.834347
0.834759
0.835173
0.835589
0.836005
0.83642
0.836832
0.837241
0.837645
0.838042
0.838431
0.838813
0.839186
0.839549
0.839901
0.840241
0.840569
0.840883
0.841184
0.841471
0.841742
0.841998
0.842238
0.842462
0.842668
0.842857
0.843027
0.84318
0.843313
0.843428
0.843522
0.843596
0.843649
0.843681
0.843691
0.84368
0.843646
0.843589
0.843509
0.843406
0.843278
0.843126
0.842949
0.842746
0.842517
0.842262
0.841979
0.841669
0.841331
0.840964
0.840568
0.840143
0.839687
0.839201
0.838683
0.838134
0.837552
0.836939
0.836292
0.835611
0.834896
0.834147
0.833363
0.832545
0.83169
0.830801
0.829876
0.828916
0.82792
0.826889
0.825822
0.824719
0.823582
0.82241
0.821203
0.819963
0.818691
0.817386
0.816049
0.814682
0.813285
0.81186
0.810407
0.808928
0.807425
0.805899
0.804351
0.802784
0.801198
0.799597
0.797982
0.796355
0.79472
0.793077
0.791431
0.789782
0.788134
0.78649
0.784853
0.783224
0.781608
0.780006
0.778422
0.77686
0.775321
0.77381
0.772329
0.770882
0.769472
0.768101
0.766774
0.765493
0.764261
0.763082
0.761958
0.760893
0.75989
0.758951
0.758079
0.757277
0.756546
0.755891
0.755312
0.754813
0.754395
0.75406
0.75381
0.753646
0.753569
0.753582
0.753684
0.753876
0.754159
0.754534
0.754999
0.755556
0.756202
0.756938
0.757762
0.758673
0.75967
0.760752
0.761915
0.763158
0.764479
0.765875
0.767344
0.768882
0.770486
0.772152
0.773879
0.775662
0.777497
0.779381
0.78131
0.78328
0.785286
0.787325
0.789392
0.791484
0.793596
0.795724
0.797865
0.800014
0.802167
0.804321
0.806472
0.808615
0.810748
0.812867
0.814969
0.817049
0.819106
0.821136
0.823137
0.825105
0.827038
0.828934
0.830789
0.832602
0.834371
0.836093
0.837767
0.839391
0.840964
0.842484
0.84395
0.84536
0.846715
0.848013
0.849252
0.850434
0.851557
0.85262
0.853624
0.854569
0.855454
0.85628
0.857047
0.857754
0.858404
0.858995
0.859528
0.860004
0.860424
0.860789
0.861099
0.861355
0.861557
0.861708
0.861809
0.861861
0.861865
0.861822
0.861733
0.861601
0.861426
0.86121
0.860956
0.860665
0.860338
0.859977
0.859585
0.859164
0.858715
0.85824
0.857743
0.857224
0.856686
0.856132
0.855563
0.854982
0.854391
0.853793
0.853189
0.852584
0.851978
0.851374
0.850775
0.850183
0.849601
0.84903
0.848474
0.847934
0.847412
0.846911
0.846435
0.845984
0.845561
0.845168
0.844807
0.844479
0.844187
0.843932
0.843716
0.843541
0.843407
0.843316
0.84327
0.843269
0.843315
0.843409
0.84355
0.843742
0.843984
0.844276
0.844618
0.845011
0.845455
0.84595
0.846496
0.847091
0.847737
0.848433
0.849177
0.849969
0.850809
0.851694
0.852623
0.853596
0.854611
0.855667
0.856763
0.857897
0.859067
0.860273
0.861511
0.862781
0.864081
0.865409
0.866763
0.868141
0.869541
0.87096
0.872399
0.873853
0.875322
0.876803
0.878294
0.879793
0.881299
0.882808
0.88432
0.885831
0.887341
0.888846
0.890344
0.891833
0.893312
0.894778
0.89623
0.897665
0.899081
0.900478
0.901852
0.903203
0.904529
0.905826
0.907094
0.908331
0.909535
0.910704
0.911837
0.912932
0.913988
0.915004
0.915977
0.916907
0.917793
0.918632
0.919424
0.920169
0.920865
0.92151
0.922105
0.922649
0.923141
0.92358
0.923967
0.9243
0.924579
0.924804
0.924976
0.925093
0.925157
0.925166
0.925121
0.925023
0.924872
0.924669
0.924414
0.924108
0.923751
0.923346
0.922892
0.922392
0.921844
0.921252
0.920616
0.919937
0.919216
0.918456
0.917658
0.916823
0.915953
0.915049
0.914113
0.913146
0.91215
0.911126
0.910078
0.909006
0.907911
0.906797
0.905664
0.904514
0.903348
0.90217
0.900979
0.899778
0.898569
0.897353
0.896132
0.894908
0.893681
0.892454
0.891229
0.890007
0.888789
0.887577
0.886372
0.885175
0.883988
0.882813
0.881649
0.880499
0.879363
0.878242
0.877137
0.876049
0.874979
0.873927
0.872895
0.871882
0.87089
0.869918
0.868968
0.86804
0.867134
0.86625
0.865389
0.864551
0.863736
0.862944
0.862174
0.861428
0.860705
0.860004
0.859326
0.85867
0.858036
0.857423
0.856833
0.856263
0.855714
0.855185
0.854676
0.854185
0.853713
0.853259
0.852822
0.852401
0.851997
0.851609
0.851235
0.850876
0.85053
0.850197
0.849877
0.849568
0.849271
0.848985
0.848708
0.84844
0.848181
0.84793
0.847687
0.84745
0.84722
0.846997
0.846778
0.846564
0.846355
0.846149
0.845947
0.845748
0.845552
0.845358
0.845165
0.844974
0.844784
0.844595
0.844407
0.844219
0.844031
0.843842
0.843654
0.843464
0.843274
0.843083
0.842891
0.842698
0.842505
0.84231
0.842114
0.841916
0.841717
0.841516
0.841314
0.841111
0.840907
0.840701
0.840495
0.840288
0.84008
0.839871
0.839662
0.839452
0.839242
0.839032
0.838822
0.838612
0.838403
0.838194
0.837987
0.837782
0.837578
0.837376
0.837177
0.836981
0.836789
0.8366
0.836417
0.836238
0.836065
0.835896
0.835734
0.835579
0.835431
0.835291
0.835158
0.835034
0.834919
0.834812
0.834716
0.83463
0.834556
0.834492
0.834442
0.834404
0.834379
0.834368
0.834372
0.834391
0.834426
0.834477
0.834546
0.834632
0.834736
0.83486
0.835002
0.835165
0.835348
0.835552
0.835777
0.836023
0.836291
0.83658
0.836892
0.837226
0.837583
0.837962
0.838364
0.838788
0.839235
0.839705
0.840196
0.840709
0.841242
0.841797
0.842371
0.842966
0.843579
0.84421
0.844858
0.845522
0.846202
0.846897
0.847605
0.848326
0.849057
0.849798
0.850548
0.851304
0.852067
0.852834
0.853605
0.854377
0.855149
0.855921
0.856689
0.857454
0.858214
0.858967
0.859711
0.860446
0.861171
0.861884
0.862584
0.863269
0.863939
0.864592
0.865228
0.865845
0.866443
0.867021
0.867579
0.868116
0.868631
0.869123
0.869594
0.870041
0.870465
0.870866
0.871243
0.871597
0.871928
0.872236
0.87252
0.872782
0.87302
0.873236
0.873429
0.8736
0.87375
0.873879
0.873987
0.874074
0.874141
0.874188
0.874216
0.874224
0.874214
0.874186
0.87414
0.874076
0.873995
0.873897
0.873783
0.873651
0.873504
0.873342
0.873163
0.872969
0.872761
0.872537
0.872298
0.872044
0.871775
0.871492
0.871194
0.870881
0.870554
0.870211
0.869855
0.869484
0.8691
0.868702
0.86829
0.867864
0.867426
0.866975
0.866511
0.866035
0.865547
0.865048
0.864539
0.864019
0.86349
0.862951
0.862405
0.861851
0.861292
0.860726
0.860156
0.859582
0.859006
0.858429
0.857852
0.857275
0.8567
0.856127
0.85556
0.854997
0.854442
0.853896
0.853358
0.852831
0.852316
0.851813
0.851325
0.850852
0.850397
0.849959
0.84954
0.849142
0.848765
0.848411
0.848081
0.847775
0.847495
0.84724
0.847013
0.846814
0.846643
0.846501
0.846388
0.846306
0.846255
0.846234
0.846245
0.846288
0.846363
0.84647
0.84661
0.846783
0.846987
0.847224
0.847493
0.847794
0.848127
0.848492
0.848889
0.849317
0.849777
0.850267
0.850789
0.85134
0.851922
0.852532
0.853172
0.853839
0.854535
0.855257
0.856007
0.856782
0.857583
0.858409
0.859258
0.860132
0.861028
0.861946
0.862885
0.863845
0.864824
0.865822
0.866839
0.867872
0.868922
0.869987
0.871067
0.87216
0.873265
0.874381
0.875507
0.876642
0.877783
0.878931
0.880084
0.88124
0.882399
0.883559
0.884718
0.885876
0.887029
0.888178
0.889319
0.890451
0.891572
0.892681
0.893776
0.894855
0.895916
0.896958
0.897978
0.898974
0.899945
0.900889
0.901803
0.902685
0.903534
0.904347
0.905123
0.905859
0.906554
0.907206
0.907813
0.908374
0.908887
0.90935
0.909761
0.910118
0.910421
0.910667
0.910856
0.910986
0.911055
0.911064
0.91101
0.910894
0.910713
0.910469
0.910159
0.909784
0.909345
0.908839
0.908269
0.907634
0.906935
0.906171
0.905345
0.904456
0.903506
0.902496
0.901427
0.900301
0.899119
0.897884
0.896597
0.895261
0.893877
0.892449
0.890978
0.889467
0.88792
0.886339
0.884727
0.883088
0.881424
0.87974
0.878038
0.876322
0.874596
0.872862
0.871126
0.86939
0.867658
0.865935
0.864225
0.86253
0.860853
0.8592
0.857573
0.855975
0.854411
0.852883
0.851395
0.84995
0.84855
0.8472
0.845901
0.844655
0.843466
0.842336
0.841265
0.840256
0.83931
0.838429
0.837613
0.836863
0.83618
0.835564
0.835015
0.834533
0.834116
0.833763
0.833475
0.833249
0.833084
0.832978
0.832929
0.832934
0.832992
0.833099
0.833253
0.833449
0.833686
0.83396
0.834267
0.834604
0.834968
0.835355
0.835762
0.836183
0.836618
0.83706
0.837508
0.837957
0.838404
0.838846
0.839279
0.8397
0.840107
0.840496
0.840865
0.841211
0.841532
0.841825
0.842088
0.84232
0.842519
0.842682
0.842808
0.842896
0.842944
0.842951
0.842917
0.842841
0.842722
0.842559
0.842352
0.8421
0.841804
0.841463
0.841077
0.840647
0.840173
0.839655
0.839094
0.83849
0.837845
0.837159
0.836432
0.835665
0.83486
0.834017
0.833137
0.832223
0.831274
0.830293
0.829281
0.828239
0.827169
0.826071
0.824947
0.823799
0.822628
0.821435
0.820222
0.818991
0.817744
0.816482
0.815206
0.81392
0.812623
0.811319
0.810008
0.808693
0.807375
0.806057
0.804739
0.803423
0.802112
0.800807
0.79951
0.798222
0.796945
0.795682
0.794433
0.793201
0.791988
0.790794
0.789622
0.788473
0.787348
0.786249
0.785178
0.784136
0.783124
0.782144
0.781197
0.780284
0.779408
0.778569
0.777768
0.777007
0.776286
0.775606
0.774969
0.774374
0.773823
0.773316
0.772855
0.772438
0.772068
0.771745
0.771468
0.771239
0.771057
0.770922
0.770835
0.770797
0.770806
0.770862
0.770966
0.771117
0.771314
0.771558
0.771848
0.772184
0.772564
0.772988
0.773455
0.773965
0.774516
0.775108
0.775739
0.77641
0.777119
0.777866
0.778648
0.779466
0.780317
0.781201
0.782117
0.783063
0.784039
0.785043
0.786074
0.78713
0.788211
0.789316
0.790442
0.79159
0.792757
0.793943
0.795146
0.796366
0.7976
0.798849
0.80011
0.801382
0.802664
0.803956
0.805255
0.806561
0.807873
0.80919
0.81051
0.811831
0.813154
0.814476
0.815796
0.817114
0.818428
0.819736
0.821039
0.822334
0.82362
0.824897
0.826162
0.827416
0.828657
0.829884
0.831095
0.832292
0.833471
0.834633
0.835776
0.836898
0.838
0.839081
0.840139
0.841174
0.842184
0.84317
0.844131
0.845067
0.845976
0.846859
0.847716
0.848547
0.84935
0.850125
0.850873
0.851594
0.852286
0.852951
0.853587
0.854197
0.854779
0.855335
0.855864
0.856366
0.856843
0.857294
0.857722
0.858124
0.858504
0.85886
0.859195
0.859508
0.8598
0.860073
0.860326
0.860562
0.860781
0.860984
0.861172
0.861345
0.861506
0.861655
0.861792
0.861919
0.862037
0.862147
0.86225
0.862346
0.862436
0.862521
0.862603
0.862682
0.862759
0.862836
0.862911
0.862987
0.863063
0.863142
0.863223
0.863307
0.863395
0.863488
0.863585
0.863687
0.863795
0.863909
0.864029
0.864155
0.864288
0.864428
0.864576
0.864732
0.864894
0.865065
0.865243
0.865429
0.865622
0.865823
0.866031
0.866246
0.866468
0.866696
0.866931
0.867172
0.867418
0.86767
0.867927
0.868189
0.868455
0.868725
0.868998
0.869275
0.869553
0.869834
0.870116
0.870398
0.870681
0.870965
0.871247
0.871527
0.871806
0.872082
0.872354
0.872623
0.872888
0.873148
0.873403
0.873652
0.873895
0.874131
0.874359
0.874579
0.87479
0.874993
0.875186
0.87537
0.875544
0.875708
0.875861
0.876002
0.876133
0.876252
0.876359
0.876455
0.876539
0.87661
0.87667
0.876718
0.876753
0.876777
0.876789
0.876789
0.876779
0.876758
0.876725
0.876683
0.87663
0.876567
0.876494
0.876413
0.876323
0.876225
0.87612
0.876007
0.875888
0.875762
0.875631
0.875495
0.875354
0.87521
0.875063
0.874914
0.874763
0.874611
0.87446
0.874308
0.874158
0.87401
0.873864
0.873722
0.873583
0.87345
0.873321
0.873197
0.87308
0.872969
0.872865
0.872769
0.872681
0.872602
0.872532
0.872472
0.872423
0.872384
0.872356
0.872341
0.872337
0.872346
0.872368
0.872403
0.872451
0.872513
0.872588
0.872678
0.872781
0.872898
0.873029
0.873174
0.873332
0.873504
0.873688
0.873885
0.874096
0.874318
0.874552
0.874798
0.875054
0.87532
0.875596
0.875881
0.876173
0.876473
0.876778
0.877088
0.877403
0.877721
0.87804
0.878361
0.878681
0.879001
0.879318
0.879631
0.87994
0.880242
0.880538
0.880826
0.881105
0.881373
0.88163
0.881875
0.882105
0.882321
0.882522
0.882706
0.882872
0.883021
0.883152
0.883263
0.883355
0.883427
0.883477
0.883506
0.883514
0.8835
0.883464
0.883407
0.883328
0.883228
0.883107
0.882964
0.882802
0.88262
0.882419
0.882199
0.881962
0.881709
0.88144
0.881156
0.88086
0.880552
0.880232
0.879903
0.879567
0.879224
0.878876
0.878524
0.878172
0.877819
0.877468
0.877121
0.876778
0.876443
0.876117
0.8758
0.875496
0.875205
0.87493
0.874671
0.874431
0.874209
0.87401
0.873832
0.873679
0.87355
0.873447
0.87337
0.87332
0.873297
0.873302
0.873336
0.873398
0.873489
0.873608
0.873756
0.873932
0.874136
0.874366
0.874622
0.874904
0.87521
0.875538
0.875888
0.876259
0.876648
0.877054
0.877475
0.87791
0.878356
0.878814
0.879278
0.879749
0.880223
0.880698
0.881172
0.881643
0.882109
0.882568
0.883016
0.883452
0.883873
0.884278
0.884665
0.885032
0.885376
0.885694
0.885986
0.88625
0.886482
0.886683
0.886849
0.88698
0.887074
0.88713
0.887146
0.887121
0.887054
0.886945
0.886791
0.886593
0.886349
0.88606
0.885724
0.885341
0.884911
0.884434
0.883909
0.883337
0.882719
0.882054
0.881343
0.880586
0.879784
0.878938
0.878049
0.877117
0.876144
0.87513
0.874077
0.872987
0.871861
0.870699
0.869505
0.868278
0.867022
0.865738
0.864428
0.863094
0.861738
0.860361
0.858967
0.857556
0.856131
0.854694
0.853248
0.851796
0.850338
0.848877
0.847416
0.845958
0.844503
0.843055
0.841617
0.84019
0.838777
0.837378
0.835998
0.834638
0.833301
0.831987
0.830701
0.829443
0.828216
0.827022
0.825863
0.824739
0.823653
0.822608
0.821603
0.820642
0.819725
0.818855
0.818032
0.817259
0.816534
0.815861
0.81524
0.814671
0.814156
0.813695
0.813289
0.812938
0.812643
0.812404
0.812221
0.812096
0.812026
0.812014
0.812059
0.81216
0.812318
0.812531
0.812801
0.813126
0.813505
0.813939
0.814426
0.814966
0.815557
0.816198
0.816888
0.817628
0.818415
0.819248
0.820126
0.821048
0.822012
0.823018
0.824064
0.825148
0.82627
0.827427
0.828619
0.829843
0.831098
0.832384
0.833697
0.835037
0.836403
0.837792
0.839203
0.840635
0.842086
0.843553
0.845037
0.846535
0.848045
0.849567
0.851099
0.85264
0.854188
0.855741
0.857298
0.858857
0.860416
0.861975
0.863531
0.865083
0.866629
0.868168
0.869699
0.87122
0.872729
0.874226
0.87571
0.877177
0.878629
0.880062
0.881475
0.882869
0.884241
0.885589
0.886914
0.888213
0.889485
0.890731
0.891947
0.893134
0.89429
0.895415
0.896508
0.897567
0.898593
0.899585
0.90054
0.901459
0.902341
0.903186
0.903993
0.904761
0.90549
0.90618
0.906831
0.907443
0.908014
0.908546
0.909037
0.909488
0.909899
0.91027
0.9106
0.91089
0.91114
0.911351
0.911522
0.911654
0.911748
0.911804
0.911822
0.911803
0.911747
0.911655
0.911528
0.911366
0.911169
0.91094
0.910677
0.910383
0.910058
0.909703
0.90932
0.908908
0.908469
0.908003
0.907511
0.906995
0.906456
0.905894
0.90531
0.904705
0.904081
0.903437
0.902776
0.902097
0.901403
0.900693
0.89997
0.899233
0.898485
0.897724
0.896953
0.896172
0.895382
0.894584
0.893779
0.892968
0.89215
0.891327
0.890499
0.889668
0.888834
0.887997
0.887158
0.886317
0.885476
0.884636
0.883796
0.882959
0.882123
0.88129
0.880461
0.879635
0.878815
0.878
0.877192
0.876391
0.875599
0.874815
0.874041
0.873277
0.872526
0.871786
0.87106
0.870348
0.869652
0.868971
0.868309
0.867666
0.867043
0.866441
0.865861
0.865304
0.864772
0.864267
0.863788
0.863338
0.862918
0.862528
0.86217
0.861845
0.861554
0.861298
0.861079
0.860897
0.860754
0.86065
0.860586
0.860563
0.860581
0.860641
0.860744
0.860889
0.861077
0.861309
0.861585
0.861904
0.862265
0.86267
0.863117
0.863606
0.864135
0.864705
0.865313
0.86596
0.866642
0.86736
0.868111
0.868893
0.869706
0.870546
0.871413
0.872305
0.873219
0.874153
0.875105
0.876073
0.877054
0.878046
0.879047
0.880055
0.881067
0.882082
0.883096
0.884108
0.885116
0.886116
0.887109
0.888091
0.88906
0.890016
0.890955
0.891876
0.892778
0.893659
0.894518
0.895353
0.896164
0.89695
0.897708
0.89844
0.899144
0.899819
0.900466
0.901084
0.901673
0.902232
0.902762
0.903263
0.903735
0.904179
0.904594
0.904982
0.905343
0.905678
0.905987
0.906273
0.906535
0.906776
0.906997
0.907198
0.907382
0.907548
0.9077
0.907837
0.907962
0.908075
0.90818
0.908276
0.908366
0.908452
0.908535
0.908616
0.908697
0.908779
0.908865
0.908956
0.909054
0.90916
0.909275
0.909401
0.909539
0.90969
0.909856
0.910038
0.910237
0.910455
0.910692
0.91095
0.911229
0.91153
0.911855
0.912203
0.912576
0.912974
0.913397
0.913845
0.91432
0.91482
0.915347
0.9159
0.916478
0.917082
0.917711
0.918365
0.919043
0.919745
0.920469
0.921216
0.921984
0.922773
0.92358
0.924405
0.925247
0.926104
0.926976
0.927861
0.928756
0.929661
0.930573
0.931491
0.932413
0.933338
0.934262
0.935186
0.936105
0.93702
0.937926
0.938822
0.939706
0.940576
0.941428
0.942263
0.943076
0.943866
0.944631
0.945368
0.946075
0.946751
0.947393
0.947999
0.948567
0.949096
0.949583
0.950026
0.950425
0.950778
0.951082
0.951338
0.951543
0.951696
0.951795
0.951841
0.95183
0.951763
0.951639
0.951456
0.951215
0.950916
0.950556
0.950137
0.949658
0.949119
0.94852
0.947861
0.947143
0.946364
0.945527
0.944631
0.943677
0.942666
0.941598
0.940475
0.939297
0.938065
0.936781
0.935445
0.93406
0.932626
0.931145
0.92962
0.928051
0.926441
0.92479
0.923101
0.921376
0.919616
0.917824
0.916001
0.91415
0.912273
0.910372
0.908448
0.906504
0.904543
0.902566
0.900575
0.898574
0.896563
0.894546
0.892524
0.890501
0.888477
0.886456
0.88444
0.882431
0.88043
0.87844
0.876463
0.8745
0.872555
0.870629
0.868722
0.866838
0.864979
0.863145
0.861338
0.85956
0.857813
0.856098
0.854416
0.852769
0.851157
0.849581
0.848043
0.846544
0.845084
0.843665
0.842286
0.840948
0.839652
0.838398
0.837186
0.836017
0.834891
0.833808
0.832767
0.831769
0.830812
0.829898
0.829026
0.828194
0.827402
0.82665
0.825937
0.825262
0.824625
0.824024
0.823458
0.822928
0.822431
0.821967
0.821535
0.821133
0.820761
0.820417
0.8201
0.819808
0.819542
0.8193
0.81908
0.818881
0.818702
0.818543
0.818402
0.818278
0.818171
0.818079
0.818001
0.817938
0.817888
0.81785
0.817824
0.817809
0.817804
0.81781
0.817825
0.81785
0.817884
0.817926
0.817978
0.818038
0.818107
0.818185
0.818271
0.818367
0.818471
0.818585
0.818708
0.818842
0.818986
0.819142
0.819308
0.819486
0.819676
0.819879
0.820095
0.820324
0.820567
0.820824
0.821096
0.821383
0.821686
0.822005
0.822339
0.822688
0.823053
0.823434
0.823831
0.824244
0.824672
0.825116
0.825574
0.826046
0.826531
0.82703
0.82754
0.828063
0.828596
0.829138
0.829691
0.830251
0.830818
0.831391
0.831967
0.832546
0.833125
0.833705
0.834282
0.834857
0.835426
0.83599
0.836545
0.837091
0.837626
0.838148
0.838656
0.839147
0.839621
0.840075
0.840508
0.840919
0.841306
0.841667
0.842
0.842306
0.842581
0.842825
0.843036
0.843214
0.843357
0.843464
0.843534
0.843567
0.84356
0.843515
0.843429
0.843303
0.843136
0.842926
0.842674
0.84238
0.842043
0.841665
0.841243
0.840779
0.840273
0.839725
0.839136
0.838505
0.837835
0.837125
0.836376
0.83559
0.834768
0.833911
0.833021
0.832099
0.831146
0.830163
0.829154
0.828119
0.827061
0.825981
0.824883
0.823767
0.822637
0.821496
0.820345
0.819187
0.818026
0.816863
0.815703
0.814549
0.813402
0.812267
0.811145
0.810041
0.808958
0.807897
0.806863
0.805858
0.804886
0.80395
0.803053
0.802198
0.801387
0.800623
0.799909
0.799248
0.798641
0.798092
0.797603
0.797174
0.796809
0.79651
0.796277
0.796114
0.79602
0.795997
0.796046
0.796168
0.796362
0.796628
0.796967
0.797379
0.797863
0.798418
0.799044
0.799739
0.800503
0.801334
0.80223
0.80319
0.804213
0.805295
0.806435
0.807631
0.808879
0.810178
0.811525
0.812916
0.814351
0.815825
0.817335
0.818879
0.820454
0.822056
0.823683
0.825333
0.827001
0.828686
0.830385
0.832094
0.833812
0.835535
0.837261
0.838987
0.840712
0.842431
0.844144
0.845848
0.84754
0.84922
0.850884
0.852532
0.854162
0.855772
0.85736
0.858926
0.860467
0.861983
0.863472
0.864933
0.866366
0.867769
0.869143
0.870485
0.871795
0.873074
0.874319
0.875532
0.876712
0.877858
0.878971
0.880049
0.881094
0.882104
0.883081
0.884023
0.884931
0.885805
0.886645
0.88745
0.888221
0.888959
0.889662
0.890333
0.890969
0.891573
0.892144
0.892682
0.893187
0.893659
0.8941
0.894509
0.894887
0.895232
0.895547
0.895831
0.896083
0.896305
0.896497
0.896657
0.896787
0.896887
0.896958
0.896999
0.89701
0.896992
0.896946
0.896871
0.896767
0.896634
0.896474
0.896285
0.896069
0.895826
0.895555
0.895257
0.894933
0.894583
0.894206
0.893803
0.893375
0.892922
0.892444
0.891942
0.891417
0.890868
0.890295
0.8897
0.889083
0.888443
0.887782
0.887099
0.886396
0.885672
0.884928
0.884165
0.883382
0.882582
0.881763
0.880927
0.880074
0.879205
0.878319
0.877418
0.876502
0.875571
0.874626
0.873669
0.872699
0.871716
0.870722
0.869716
0.8687
0.867673
0.866637
0.865593
0.86454
0.863479
0.862412
0.861338
0.860258
0.859174
0.858085
0.856993
0.855899
0.854802
0.853704
0.852605
0.851506
0.850408
0.849311
0.848218
0.847127
0.84604
0.844958
0.843881
0.842811
0.841748
0.840694
0.839648
0.838612
0.837586
0.836571
0.835567
0.834575
0.833597
0.832632
0.831682
0.830746
0.829826
0.828922
0.828034
0.827163
0.82631
0.825476
0.82466
0.823863
0.823086
0.82233
0.821594
0.82088
0.820188
0.819517
0.818868
0.818242
0.817639
0.817058
0.816502
0.815969
0.815459
0.814973
0.814512
0.814075
0.813662
0.813274
0.81291
0.812571
0.812257
0.811967
0.811703
0.811463
0.811247
0.811057
0.810891
0.810749
0.810632
0.810539
0.81047
0.810426
0.810405
0.810408
0.810436
0.810486
0.81056
0.810656
0.810775
0.810915
0.811077
0.81126
0.811464
0.811688
0.811931
0.812194
0.812475
0.812774
0.813091
0.813425
0.813775
0.814139
0.814519
0.814913
0.815321
0.815741
0.816174
0.816618
0.817072
0.817538
0.818013
0.818497
0.81899
0.81949
0.819997
0.82051
0.821029
0.821553
0.822081
0.822612
0.823147
0.823685
0.824224
0.824766
0.825308
0.82585
0.826392
0.826934
0.827474
0.828012
0.828548
0.829081
0.829612
0.830139
0.830662
0.83118
0.831693
0.832201
0.832703
0.833198
0.833688
0.83417
0.834644
0.835111
0.835569
0.836018
0.836458
0.83689
0.837312
0.837724
0.838126
0.838518
0.8389
0.839271
0.839633
0.839983
0.840323
0.840652
0.840971
0.84128
0.841579
0.841868
0.842147
0.842418
0.842679
0.842932
0.843177
0.843415
0.843647
0.843873
0.844094
0.84431
0.844524
0.844735
0.844944
0.845154
0.845365
0.845578
0.845794
0.846016
0.846244
0.846479
0.846722
0.846975
0.847239
0.847515
0.847804
0.848108
0.848428
0.848764
0.849118
0.849492
0.849885
0.8503
0.850737
0.851196
0.851679
0.852186
0.852717
0.853275
0.853858
0.854468
0.855103
0.855764
0.856452
0.857165
0.857904
0.858667
0.859456
0.860269
0.861106
0.861965
0.862847
0.863749
0.864672
0.865613
0.866572
0.867548
0.86854
0.869546
0.870564
0.871593
0.872631
0.873678
0.87473
0.875787
0.876845
0.877905
0.878963
0.880019
0.881069
0.882113
0.883149
0.884174
0.885187
0.886187
0.88717
0.888136
0.889084
0.89001
0.890913
0.891792
0.892644
0.89347
0.894266
0.895032
0.895765
0.896465
0.89713
0.897758
0.898348
0.898899
0.899409
0.899877
0.900302
0.900683
0.901019
0.901309
0.901552
0.901748
0.901895
0.901992
0.902039
0.902035
0.90198
0.901873
0.901712
0.901499
0.901231
0.90091
0.900535
0.900105
0.89962
0.899081
0.898487
0.89784
0.897138
0.896382
0.895571
0.894707
0.89379
0.892819
0.891798
0.890725
0.889601
0.888427
0.887203
0.885931
0.884611
0.883246
0.881834
0.880379
0.878882
0.877343
0.875765
0.87415
0.872499
0.870814
0.869096
0.867346
0.865566
0.863759
0.861927
0.86007
0.858192
0.856295
0.854379
0.852449
0.850505
0.848551
0.846588
0.844619
0.842646
0.840671
0.838697
0.836725
0.834758
0.832797
0.830845
0.828903
0.826974
0.825061
0.823164
0.821286
0.819429
0.817594
0.815784
0.814
0.812244
0.810517
0.808821
0.807157
0.805527
0.803932
0.802373
0.800852
0.79937
0.797928
0.796527
0.795169
0.793853
0.792582
0.791355
0.790173
0.789037
0.787947
0.786903
0.785907
0.784957
0.784055
0.783202
0.782396
0.781637
0.780926
0.780263
0.779647
0.779078
0.778557
0.778081
0.777651
0.777266
0.776926
0.77663
0.776376
0.776166
0.775996
0.775868
0.775778
0.775727
0.775713
0.775735
0.775792
0.775882
0.776005
0.776158
0.776341
0.776552
0.77679
0.777053
0.777339
0.777648
0.777977
0.778326
0.778693
0.779076
0.779474
0.779885
0.780309
0.780743
0.781187
0.781638
0.782097
0.782563
0.783032
0.783505
0.78398
0.784455
0.784931
0.785405
0.785877
0.786347
0.786812
0.787274
0.78773
0.788181
0.788626
0.789065
0.789496
0.789921
0.790338
0.790746
0.791147
0.791539
0.791922
0.792297
0.792662
0.793019
0.793367
0.793707
0.794037
0.794359
0.794673
0.794979
0.795277
0.795567
0.795849
0.796125
0.796394
0.796656
0.796912
0.797162
0.797405
0.797644
0.797877
0.798106
0.798331
0.798551
0.798767
0.798979
0.799187
0.799392
0.799593
0.799791
0.799987
0.80018
0.800371
0.80056
0.800748
0.800934
0.801119
0.801302
0.801485
0.801667
0.801849
0.80203
0.802211
0.802392
0.802572
0.802753
0.802935
0.803117
0.803301
0.803486
0.803672
0.80386
0.804049
0.804241
0.804434
0.804629
0.804827
0.805029
0.805233
0.805441
0.805652
0.805868
0.806088
0.806312
0.806542
0.806777
0.807018
0.807266
0.80752
0.807781
0.80805
0.808327
0.808612
0.808906
0.809208
0.809521
0.809843
0.810175
0.810517
0.810871
0.811236
0.811613
0.812002
0.812403
0.812816
0.813243
0.813682
0.814134
0.8146
0.815079
0.815571
0.816077
0.816596
0.817129
0.817674
0.818233
0.818805
0.819389
0.819985
0.820593
0.821213
0.821843
0.822483
0.823132
0.823791
0.824459
0.825134
0.825816
0.826505
0.827198
0.827896
0.828596
0.829299
0.830003
0.830707
0.831409
0.832109
0.832806
0.833497
0.834183
0.834861
0.835532
0.836192
0.836841
0.837478
0.838101
0.838708
0.8393
0.839875
0.840431
0.840966
0.84148
0.841971
0.842437
0.842878
0.843293
0.84368
0.844038
0.844367
0.844666
0.844932
0.845167
0.845368
0.845535
0.845666
0.845762
0.845822
0.845845
0.84583
0.845777
0.845686
0.845557
0.845389
0.845181
0.844935
0.84465
0.844325
0.843962
0.84356
0.843121
0.842644
0.84213
0.84158
0.840993
0.840371
0.839715
0.839025
0.838302
0.837547
0.836761
0.835945
0.8351
0.834228
0.833329
0.832406
0.831459
0.83049
0.829499
0.82849
0.827462
0.826418
0.825359
0.824288
0.823204
0.82211
0.821008
0.819899
0.818785
0.817668
0.816548
0.815429
0.814311
0.813196
0.812086
0.810982
0.809886
0.8088
0.807724
0.806661
0.805611
0.804577
0.80356
0.802561
0.801582
0.800623
0.799686
0.798773
0.797884
0.79702
0.796183
0.795374
0.794593
0.793842
0.79312
0.792429
0.79177
0.791143
0.790549
0.789988
0.789461
0.788969
0.788512
0.788089
0.787701
0.787348
0.787032
0.786751
0.786506
0.786296
0.786123
0.785984
0.785881
0.785813
0.785779
0.785781
0.785816
0.785886
0.785988
0.786122
0.786289
0.786487
0.786716
0.786975
0.787263
0.78758
0.787925
0.788296
0.788695
0.789119
0.789568
0.790042
0.790539
0.791059
0.791601
0.792163
0.792745
0.793345
0.793964
0.794601
0.795254
0.795923
0.796607
0.797306
0.798019
0.798745
0.799484
0.800235
0.800998
0.801771
0.802556
0.803351
0.804156
0.804971
0.805796
0.806632
0.807477
0.808333
0.8092
0.810078
0.810967
0.811868
0.812782
0.813708
0.814648
0.815602
0.816571
0.817555
0.818557
0.819576
0.820612
0.821668
0.822744
0.82384
0.824958
0.826098
0.827261
0.828447
0.829658
0.830894
0.832155
0.833442
0.834754
0.836093
0.837458
0.83885
0.840269
0.841713
0.843184
0.844679
0.8462
0.847744
0.84931
0.850899
0.852509
0.854137
0.855785
0.857449
0.859129
0.860823
0.862528
0.864244
0.865969
0.867701
0.869438
0.871179
0.872921
0.874663
0.876402
0.878136
0.879864
0.881582
0.883291
0.884988
0.886671
0.888339
0.88999
0.891622
0.893235
0.894825
0.896393
0.897937
0.899454
0.900946
0.902409
0.903843
0.905247
0.906621
0.907963
0.909271
0.910546
0.911787
0.912993
0.914163
0.915298
0.916397
0.917459
0.918484
0.919472
0.920422
0.921335
0.92221
0.923047
0.923846
0.924607
0.925329
0.926012
0.926658
0.927266
0.927835
0.928367
0.928862
0.929321
0.929742
0.930128
0.930477
0.930791
0.931069
0.931313
0.931523
0.931699
0.931843
0.931954
0.932033
0.932082
0.932101
0.93209
0.93205
0.931983
0.931888
0.931767
0.931622
0.931451
0.931258
0.931041
0.930802
0.930541
0.930261
0.929961
0.929643
0.929309
0.928957
0.928591
0.92821
0.927816
0.92741
0.926992
0.926564
0.926126
0.92568
0.925226
0.924765
0.924299
0.923828
0.923353
0.922875
0.922395
0.921912
0.921429
0.920946
0.920464
0.919983
0.919505
0.919029
0.918556
0.918088
0.917625
0.917167
0.916714
0.916267
0.915827
0.915395
0.914969
0.91455
0.914139
0.913736
0.91334
0.912952
0.912573
0.912201
0.911838
0.911482
0.911134
0.910794
0.910462
0.910138
0.90982
0.909508
0.909203
0.908903
0.908608
0.908319
0.908034
0.907753
0.907475
0.9072
0.906927
0.906656
0.906386
0.906115
0.905844
0.905571
0.905297
0.905019
0.904738
0.904452
0.904161
0.903864
0.903562
0.903252
0.902934
0.902608
0.902273
0.901929
0.901574
0.901208
0.900832
0.900444
0.900045
0.899633
0.89921
0.898775
0.898327
0.897867
0.897396
0.896911
0.896415
0.895907
0.895388
0.894858
0.894317
0.893767
0.893208
0.892639
0.892063
0.891479
0.890889
0.890293
0.889693
0.889089
0.888482
0.887874
0.887264
0.886655
0.886047
0.885442
0.884839
0.88424
0.883647
0.88306
0.882479
0.881907
0.881342
0.880786
0.880239
0.879702
0.879176
0.878662
0.878159
0.877667
0.877188
0.87672
0.876265
0.875823
0.875392
0.874974
0.874567
0.874173
0.873789
0.873416
0.873055
0.872703
0.872361
0.872027
0.871703
0.871386
0.871077
0.870775
0.870479
0.870189
0.869904
0.869623
0.869346
0.869072
0.868801
0.868533
0.868266
0.868001
0.867737
0.867474
0.867211
0.866949
0.866687
0.866424
0.866161
0.865897
0.865633
0.865368
0.865102
0.864836
0.864568
0.8643
0.864032
0.863764
0.863496
0.863228
0.862959
0.862691
0.862423
0.862156
0.861891
0.861626
0.861364
0.861103
0.860844
0.860587
0.860332
0.86008
0.859832
0.859586
0.859344
0.859106
0.858871
0.858641
0.858415
0.858194
0.857978
0.857768
0.857562
0.857363
0.857171
0.856985
0.856805
0.856632
0.856467
0.856309
0.85616
0.856018
0.855885
0.855761
0.855646
0.855541
0.855447
0.855363
0.855291
0.85523
0.855182
0.855146
0.855124
0.855115
0.85512
0.85514
0.855176
0.855228
0.855296
0.855382
0.855485
0.855608
0.855751
0.855914
0.856097
0.856303
0.85653
0.856781
0.857054
0.857352
0.857675
0.858023
0.858396
0.858796
0.859222
0.859676
0.860157
0.860666
0.861203
0.861769
0.862363
0.862987
0.86364
0.864321
0.865032
0.865771
0.866538
0.867334
0.868158
0.869009
0.869888
0.870792
0.871722
0.872677
0.873655
0.874657
0.875681
0.876727
0.877792
0.878878
0.879981
0.881102
0.882239
0.88339
0.884554
0.885729
0.886915
0.88811
0.889311
0.890519
0.89173
0.892943
0.894158
0.895371
0.896582
0.897788
0.898988
0.90018
0.901363
0.902535
0.903693
0.904837
0.905966
0.907077
0.908168
0.909239
0.910286
0.911309
0.912306
0.913275
0.914215
0.915124
0.916001
0.916845
0.917654
0.918426
0.919161
0.919857
0.920513
0.921127
0.9217
0.922229
0.922714
0.923154
0.923548
0.923896
0.924195
0.924447
0.92465
0.924803
0.924906
0.92496
0.924962
0.924914
0.924814
0.924664
0.924462
0.92421
0.923906
0.923552
0.923147
0.922692
0.922187
0.921633
0.921031
0.920381
0.919684
0.918941
0.918153
0.917321
0.916447
0.91553
0.914574
0.913578
0.912546
0.911479
0.910378
0.909246
0.908083
0.906892
0.905674
0.904432
0.903168
0.901882
0.900579
0.899258
0.897923
0.896577
0.895221
0.893857
0.892488
0.891115
0.889741
0.888366
0.886994
0.885626
0.884263
0.882908
0.881563
0.880228
0.878905
0.877597
0.876303
0.875026
0.873766
0.872524
0.871301
0.870097
0.868914
0.867751
0.866608
0.865486
0.864385
0.863305
0.862244
0.861205
0.860185
0.859184
0.858202
0.857237
0.85629
0.855359
0.854443
0.853542
0.852655
0.851779
0.850915
0.85006
0.849214
0.848375
0.847543
0.846715
0.845891
0.84507
0.84425
0.84343
0.842609
0.841786
0.84096
0.840131
0.839297
0.838457
0.837611
0.836757
0.835895
0.835025
0.834145
0.833256
0.832356
0.831446
0.830525
0.829592
0.828647
0.82769
0.826721
0.825741
0.824748
0.823743
0.822727
0.821699
0.82066
0.819609
0.818548
0.817477
0.816395
0.815304
0.814203
0.813093
0.811975
0.81085
0.809717
0.808578
0.807434
0.806284
0.805132
0.803976
0.802818
0.801659
0.8005
0.799341
0.798183
0.797028
0.795876
0.794728
0.793586
0.79245
0.791321
0.7902
0.789088
0.787986
0.786895
0.785815
0.784748
0.783695
0.782655
0.781631
0.780623
0.779632
0.778658
0.777702
0.776765
0.775848
0.774951
0.774075
0.773221
0.772388
0.771579
0.770793
0.77003
0.769292
0.768579
0.767891
0.767228
0.766591
0.76598
0.765395
0.764837
0.764306
0.763801
0.763324
0.762874
0.762452
0.762057
0.761691
0.761353
0.761044
0.760763
0.760511
0.760288
0.760095
0.759931
0.759797
0.759693
0.759621
0.759578
0.759567
0.759587
0.75964
0.759725
0.759843
0.759995
0.76018
0.760401
0.760656
0.760946
0.761273
0.761637
0.762037
0.762476
0.762953
0.763469
0.764025
0.764621
0.765258
0.765936
0.766656
0.767419
0.768224
0.769074
0.769967
0.770904
0.771886
0.772914
0.773986
0.775103
0.776266
0.777474
0.778727
0.780025
0.781367
0.782754
0.784183
0.785656
0.787171
0.788728
0.790326
0.791963
0.79364
0.795354
0.797104
0.798889
0.800709
0.802561
0.804445
0.806357
0.808297
0.810263
0.812254
0.814267
0.816301
0.818355
0.820427
0.822515
0.824618
0.826733
0.828858
0.830992
0.833134
0.835281
0.837432
0.839585
0.84174
0.843894
0.846046
0.848194
0.850337
0.852473
0.854602
0.856722
0.858831
0.860929
0.863014
0.865086
0.867143
0.869184
0.871209
0.873217
0.875205
0.877175
0.879125
0.881054
0.882962
0.884847
0.88671
0.888549
0.890364
0.892154
0.893919
0.895658
0.89737
0.899056
0.900714
0.902344
0.903946
0.905519
0.907064
0.908581
0.910067
0.911524
0.912951
0.914348
0.915714
0.917051
0.918358
0.919635
0.920881
0.922098
0.923284
0.924441
0.925569
0.926668
0.927738
0.928779
0.929792
0.930777
0.931735
0.932665
0.933569
0.934447
0.935299
0.936126
0.936928
0.937706
0.93846
0.939191
0.939899
0.940585
0.941249
0.941892
0.942514
0.943115
0.943697
0.94426
0.944804
0.945331
0.945839
0.94633
0.946802
0.947258
0.947696
0.948117
0.948521
0.948909
0.94928
0.949635
0.949972
0.950293
0.950597
0.950883
0.951151
0.951401
0.951633
0.951846
0.95204
0.952214
0.952368
0.952501
0.952614
0.952704
0.952772
0.952816
0.952838
0.952835
0.952807
0.952754
0.952675
0.952568
0.952433
0.952269
0.952076
0.951853
0.9516
0.951315
0.950999
0.950651
0.95027
0.949857
0.94941
0.948929
0.948414
0.947866
0.947282
0.946663
0.946008
0.945318
0.944592
0.943831
0.943035
0.942203
0.941336
0.940436
0.939501
0.938531
0.937528
0.936492
0.935423
0.934323
0.933191
0.932028
0.930836
0.929614
0.928364
0.927086
0.925782
0.924453
0.9231
0.921723
0.920325
0.918906
0.917467
0.916011
0.914539
0.91305
0.911548
0.910034
0.908509
0.906975
0.905434
0.903886
0.902334
0.900778
0.899221
0.897663
0.896108
0.894555
0.893008
0.891468
0.889937
0.888417
0.886908
0.885412
0.883931
0.882467
0.88102
0.879593
0.878187
0.876804
0.875445
0.87411
0.872803
0.871523
0.870273
0.869054
0.867866
0.866711
0.86559
0.864505
0.863456
0.862445
0.861473
0.860541
0.859649
0.8588
0.857992
0.857228
0.856509
0.855834
0.855204
0.854621
0.854085
0.853596
0.853155
0.852763
0.85242
0.852126
0.851882
0.851687
0.851543
0.851449
0.851406
0.851413
0.851471
0.851579
0.851738
0.851947
0.852205
0.852513
0.852871
0.853277
0.853731
0.854232
0.85478
0.855374
0.856014
0.856698
0.857426
0.858195
0.859005
0.859855
0.860743
0.861668
0.862629
0.863625
0.864652
0.86571
0.866797
0.867912
0.869051
0.870214
0.871399
0.872603
0.873825
0.875063
0.876314
0.877577
0.878848
0.880126
0.88141
0.882696
0.883983
0.885268
0.886549
0.887825
0.889092
0.890349
0.891593
0.892822
0.894035
0.89523
0.896405
0.897557
0.898684
0.899787
0.900861
0.901906
0.902919
0.903899
0.904843
0.90575
0.90662
0.907449
0.908236
0.90898
0.909679
0.910333
0.910939
0.911497
0.912005
0.912462
0.912867
0.913217
0.913512
0.913752
0.913934
0.914059
0.914124
0.91413
0.914075
0.91396
0.913783
0.913544
0.913242
0.912877
0.912448
0.911955
0.911397
0.910774
0.910087
0.909334
0.908516
0.907634
0.906686
0.905675
0.904599
0.90346
0.902258
0.900995
0.89967
0.898285
0.896841
0.895339
0.89378
0.892166
0.890499
0.88878
0.887012
0.885196
0.883334
0.881429
0.879484
0.8775
0.875481
0.873428
0.871346
0.869236
0.867102
0.864947
0.862775
0.860587
0.85839
0.856185
0.853976
0.851766
0.84956
0.84736
0.84517
0.842994
0.840835
0.838697
0.836583
0.834497
0.832442
0.83042
0.828435
0.826489
0.824585
0.822726
0.820915
0.819153
0.817442
0.815785
0.814183
0.812638
0.81115
0.809721
0.808351
0.807041
0.805792
0.804602
0.803474
0.802405
0.801396
0.800445
0.799554
0.798719
0.797941
0.797218
0.796549
0.795932
0.795366
0.794848
0.794378
0.793953
0.793572
0.793232
0.792932
0.792669
0.792441
0.792247
0.792085
0.791952
0.791847
0.791769
0.791714
0.791682
0.79167
0.791677
0.791701
0.79174
0.791795
0.791862
0.79194
0.792029
0.792126
0.792231
0.792343
0.79246
0.792581
0.792706
0.792833
0.792962
0.793092
0.793222
0.793352
0.793479
0.793605
0.793728
0.793847
0.793961
0.79407
0.794173
0.794269
0.794357
0.794437
0.794507
0.794566
0.794615
0.794652
0.794677
0.794689
0.794687
0.79467
0.794638
0.79459
0.794525
0.794444
0.794345
0.794227
0.794091
0.793936
0.793761
0.793565
0.793349
0.793113
0.792856
0.792578
0.79228
0.79196
0.79162
0.79126
0.790879
0.790477
0.790056
0.789616
0.789157
0.788679
0.788183
0.787669
0.787138
0.786592
0.78603
0.785455
0.784867
0.784266
0.783654
0.783032
0.782401
0.781762
0.781118
0.780468
0.779816
0.779161
0.778507
0.777854
0.777204
0.776558
0.775918
0.775286
0.774663
0.77405
0.773451
0.772865
0.772296
0.771744
0.771212
0.770701
0.770213
0.76975
0.769313
0.768904
0.768523
0.768174
0.767856
0.767572
0.767322
0.767109
0.766933
0.766795
0.766696
0.766637
0.766618
0.76664
0.766704
0.766809
0.766957
0.767148
0.767382
0.767658
0.767978
0.768339
0.768743
0.769189
0.769676
0.770203
0.77077
0.771376
0.77202
0.772701
0.773417
0.774167
0.774951
0.775765
0.77661
0.777483
0.778383
0.779309
0.780258
0.78123
0.782221
0.783231
0.784258
0.785299
0.786352
0.787418
0.788492
0.789574
0.790661
0.791752
0.792846
0.79394
0.795033
0.796122
0.797205
0.798282
0.79935
0.800407
0.801452
0.802485
0.803502
0.804503
0.805487
0.806451
0.807396
0.80832
0.809222
0.810101
0.810956
0.811786
0.81259
0.813368
0.814119
0.814844
0.81554
0.816209
0.81685
0.817463
0.818049
0.818607
0.819137
0.81964
0.820116
0.820566
0.820991
0.821392
0.821768
0.822121
0.822453
0.822764
0.823055
0.823328
0.823583
0.823822
0.824047
0.82426
0.824461
0.824653
0.824836
0.825014
0.825187
0.825358
0.825528
0.825699
0.825872
0.826049
0.826233
0.826424
0.826625
0.826837
0.827063
0.827304
0.827562
0.827838
0.828133
0.828449
0.828787
0.829148
0.829534
0.829944
0.830381
0.830846
0.831338
0.831859
0.832409
0.832989
0.833598
0.834237
0.834906
0.835604
0.836332
0.83709
0.837877
0.838693
0.839537
0.840409
0.841308
0.842231
0.84318
0.844152
0.845148
0.846164
0.8472
0.848255
0.849327
0.850415
0.851518
0.852632
0.853757
0.854891
0.856032
0.857178
0.858328
0.85948
0.860631
0.861782
0.862928
0.864069
0.865204
0.866329
0.867443
0.868546
0.869634
0.870706
0.871761
0.872798
0.873815
0.87481
0.875783
0.876733
0.877658
0.878557
0.87943
0.880276
0.881095
0.881885
0.882647
0.883379
0.884081
0.884754
0.885397
0.88601
0.886594
0.887149
0.887675
0.888173
0.888642
0.889085
0.8895
0.889889
0.890253
0.890592
0.890908
0.891202
0.891474
0.891726
0.891959
0.892173
0.89237
0.892551
0.892717
0.892869
0.893007
0.893133
0.893248
0.893353
0.893448
0.893535
0.893614
0.893687
0.893753
0.893814
0.893869
0.893921
0.893968
0.894011
0.894051
0.894087
0.89412
0.894149
0.894176
0.8942
0.894221
0.894238
0.894251
0.894261
0.894266
0.894267
0.894263
0.894253
0.894238
0.894216
0.894188
0.894152
0.894108
0.894055
0.893993
0.89392
0.893837
0.893744
0.893639
0.893522
0.893393
0.893251
0.893094
0.892923
0.892737
0.892535
0.892317
0.892081
0.891827
0.891555
0.891264
0.890953
0.890622
0.890271
0.889899
0.889505
0.88909
0.888652
0.888193
0.88771
0.887205
0.886676
0.886123
0.885546
0.884946
0.884322
0.883674
0.883004
0.882309
0.881591
0.88085
0.880085
0.879297
0.878486
0.877653
0.876797
0.87592
0.875021
0.874102
0.873161
0.872202
0.871223
0.870226
0.869211
0.868179
0.867132
0.86607
0.864993
0.863903
0.8628
0.861686
0.86056
0.859424
0.858278
0.857124
0.855963
0.854795
0.853621
0.852442
0.851258
0.850071
0.848881
0.847689
0.846496
0.845303
0.84411
0.842919
0.84173
0.840542
0.839359
0.838179
0.837005
0.835836
0.834673
0.833517
0.83237
0.831232
0.830104
0.828987
0.827883
0.826792
0.825716
0.824657
0.823615
0.822592
0.82159
0.820612
0.819658
0.818731
0.817833
0.816964
0.816129
0.815328
0.814564
0.81384
0.813156
0.812516
0.811922
0.811376
0.81088
0.810437
0.810047
0.809713
0.809437
0.809221
0.809066
0.808973
0.808946
0.808983
0.809087
0.809258
0.809498
0.809807
0.810185
0.810633
0.81115
0.811738
0.812394
0.81312
0.813914
0.814777
0.815707
0.816702
0.817761
0.818885
0.82007
0.821316
0.822621
0.823983
0.8254
0.826871
0.828394
0.829965
0.831584
0.833248
0.834955
0.836702
0.838487
0.840307
0.842161
0.844045
0.845957
0.847894
0.849854
0.851834
0.85383
0.855841
0.857863
0.859894
0.861931
0.86397
0.866009
0.868045
0.870075
0.872096
0.874104
0.876098
0.878074
0.880029
0.88196
0.883864
0.885739
0.887582
0.889389
0.891158
0.892886
0.89457
0.896207
0.897795
0.899332
0.900815
0.902241
0.90361
0.904918
0.906164
0.907345
0.908461
0.909509
0.910488
0.911396
0.912231
0.912994
0.913682
0.914295
0.914832
0.915292
0.915675
0.91598
0.916207
0.916356
0.916427
0.916419
0.916333
0.916169
0.915928
0.915611
0.915218
0.914749
0.914207
0.913591
0.912904
0.912146
0.911319
0.910425
0.909466
0.908442
0.907356
0.906209
0.905005
0.903745
0.902431
0.901065
0.89965
0.898188
0.896683
0.895136
0.893551
0.891931
0.890277
0.888593
0.886882
0.885147
0.88339
0.881616
0.879826
0.878025
0.876215
0.8744
0.872583
0.870767
0.868956
0.867151
0.865358
0.863579
0.861817
0.860075
0.858357
0.856665
0.855002
0.853372
0.851778
0.850221
0.848705
0.847233
0.845808
0.844431
0.843105
0.841833
0.840616
0.839457
0.838358
0.837322
0.836349
0.835441
0.834601
0.833829
0.833127
0.832495
0.831935
0.831448
0.831034
0.830693
0.830426
0.830234
0.830117
0.830073
0.830103
0.830206
0.830382
0.83063
0.830949
0.831338
0.831796
0.832321
0.832912
0.833568
0.834286
0.835064
0.835902
0.836795
0.837743
0.838743
0.839792
0.840889
0.84203
0.843213
0.844436
0.845695
0.846988
0.848312
0.849665
0.851043
0.852445
0.853866
0.855304
0.856756
0.858219
0.859691
0.861168
0.862648
0.864128
0.865606
0.867079
0.868545
0.870002
0.871446
0.872876
0.87429
0.875686
0.877061
0.878414
0.879743
0.881047
0.882324
0.883572
0.88479
0.885977
0.887131
0.888251
0.889337
0.890387
0.8914
0.892376
0.893314
0.894213
0.895074
0.895896
0.896678
0.89742
0.898121
0.898783
0.899404
0.899986
0.900527
0.901027
0.901487
0.901908
0.902288
0.90263
0.902932
0.903196
0.903421
0.903609
0.90376
0.903873
0.90395
0.90399
0.903994
0.903963
0.903898
0.903798
0.903665
0.903499
0.9033
0.903069
0.902807
0.902514
0.902191
0.901839
0.901458
0.901048
0.90061
0.900146
0.899656
0.89914
0.898599
0.898034
0.897445
0.896834
0.896201
0.895547
0.894872
0.894178
0.893466
0.892736
0.891989
0.891227
0.89045
0.88966
0.888857
0.888043
0.887219
0.886386
0.885544
0.884696
0.883842
0.882984
0.882122
0.881257
0.880391
0.879524
0.878658
0.877795
0.876934
0.876078
0.875228
0.874384
0.873547
0.872719
0.871901
0.871093
0.870297
0.869514
0.868743
0.867986
0.867243
0.866515
0.865803
0.865107
0.864428
0.863765
0.863119
0.862491
0.861879
0.861285
0.860708
0.860148
0.859604
0.859077
0.858566
0.85807
0.857588
0.857121
0.856667
0.856226
0.855797
0.855379
0.854972
0.854574
0.854187
0.853807
0.853435
0.85307
0.852711
0.852358
0.85201
0.851666
0.851327
0.850991
0.850661
0.850335
0.850013
0.849697
0.849386
0.849081
0.848783
0.848492
0.84821
0.847937
0.847676
0.847428
0.847193
0.846975
0.846775
0.846594
0.846436
0.846301
0.846191
0.846109
0.846057
0.846036
0.846048
0.846095
0.846179
0.846301
0.846462
0.846664
0.846907
0.847192
0.84752
0.847889
0.848301
0.848754
0.849248
0.849783
0.850357
0.850969
0.851616
0.852298
0.853013
0.853757
0.854531
0.85533
0.856153
0.856997
0.857861
0.85874
0.859632
0.860535
0.861446
0.862363
0.863283
0.864203
0.865122
0.866037
0.866946
0.867848
0.868741
0.869622
0.870491
0.871347
0.872188
0.873013
0.873821
0.874612
0.875384
0.876136
0.87687
0.877583
0.878277
0.87895
0.879603
0.880236
0.88085
0.881443
0.882017
0.882572
0.883108
0.883625
0.884125
0.884606
0.88507
0.885517
0.885947
0.88636
0.886758
0.887139
0.887506
0.887856
0.888192
0.888512
0.888818
0.889109
0.889385
0.889647
0.889895
0.890128
0.890348
0.890554
0.890746
0.890923
0.891087
0.891237
0.891372
0.891493
0.8916
0.891692
0.891769
0.891832
0.89188
0.891914
0.891932
0.891934
0.89192
0.891891
0.891845
0.891783
0.891705
0.891611
0.8915
0.891373
0.891229
0.891069
0.890893
0.890701
0.890493
0.890268
0.890026
0.889767
0.889491
0.889199
0.88889
0.888565
0.888223
0.887865
0.887491
0.887101
0.886695
0.886272
0.885834
0.88538
0.88491
0.884425
0.883925
0.88341
0.88288
0.882335
0.881776
0.881202
0.880615
0.880015
0.8794
0.878773
0.878132
0.877478
0.876812
0.876133
0.875441
0.874738
0.874022
0.873295
0.872558
0.871809
0.871049
0.870279
0.869499
0.86871
0.867911
0.867104
0.866287
0.865463
0.864631
0.863792
0.862945
0.862092
0.861232
0.860367
0.859497
0.85862
0.857738
0.856851
0.855959
0.855063
0.854163
0.853259
0.852352
0.851442
0.850529
0.849614
0.848697
0.847779
0.84686
0.84594
0.845019
0.844098
0.843178
0.842259
0.84134
0.840423
0.839509
0.838596
0.837687
0.836781
0.835879
0.834981
0.834088
0.833201
0.832321
0.831447
0.830581
0.829723
0.828873
0.828034
0.827203
0.826383
0.825573
0.824775
0.823989
0.823216
0.822455
0.821709
0.820978
0.820262
0.819561
0.818878
0.818211
0.817561
0.816929
0.816315
0.81572
0.815143
0.814586
0.814047
0.813527
0.813027
0.812547
0.812085
0.811643
0.81122
0.810815
0.810429
0.81006
0.809709
0.809374
0.809057
0.808754
0.808467
0.808194
0.807934
0.807686
0.80745
0.807224
0.807008
0.806801
0.806601
0.806409
0.806223
0.806043
0.805867
0.805695
0.805526
0.80536
0.805196
0.805034
0.804873
0.804714
0.804556
0.804399
0.804242
0.804087
0.803933
0.803781
0.80363
0.803483
0.803338
0.803197
0.80306
0.80293
0.802805
0.802688
0.80258
0.802481
0.802394
0.80232
0.802261
0.802216
0.802189
0.80218
0.802191
0.802223
0.802279
0.802359
0.802466
0.8026
0.802763
0.802956
0.803181
0.803439
0.803733
0.804061
0.804426
0.804828
0.805267
0.805746
0.806264
0.806822
0.80742
0.808059
0.808739
0.809459
0.810221
0.811024
0.811867
0.812751
0.813675
0.814639
0.815641
0.816682
0.81776
0.818875
0.820025
0.821209
0.822427
0.823677
0.824959
0.82627
0.82761
0.828978
0.830373
0.831792
0.833235
0.834699
0.836185
0.83769
0.839213
0.840753
0.842308
0.843878
0.845461
0.847055
0.84866
0.850273
0.851895
0.853523
0.855157
0.856796
0.858438
0.860082
0.861727
0.863372
0.865017
0.866659
0.8683
0.869936
0.871568
0.873194
0.874814
0.876426
0.878031
0.879627
0.881214
0.88279
0.884357
0.885911
0.887453
0.888982
0.890497
0.891997
0.893483
0.894953
0.896407
0.897844
0.899264
0.900667
0.902052
0.903419
0.904766
0.906095
0.907405
0.908696
0.909967
0.911219
0.91245
0.913661
0.914851
0.916022
0.917172
0.918302
0.919411
0.9205
0.921569
0.922617
0.923646
0.924655
0.925644
0.926614
0.927565
0.928498
0.929412
0.930309
0.931189
0.932052
0.932897
0.933727
0.934541
0.93534
0.936124
0.936894
0.93765
0.938394
0.939126
0.939847
0.940557
0.941256
0.941946
0.942626
0.943298
0.943963
0.94462
0.945271
0.945915
0.946555
0.947189
0.947819
0.948445
0.949067
0.949687
0.950305
0.95092
0.951534
0.952147
0.952758
0.953369
0.95398
0.95459
0.955201
0.955811
0.956421
0.957031
0.957641
0.95825
0.958861
0.959471
0.96008
0.960689
0.961296
0.961902
0.962506
0.963107
0.963706
0.964301
0.964892
0.965479
0.96606
0.966634
0.967202
0.967761
0.968312
0.968854
0.969384
0.969903
0.970408
0.9709
0.971377
0.971837
0.972281
0.972706
0.973112
0.973497
0.973861
0.974201
0.974517
0.974807
0.975071
0.975307
0.975513
0.975689
0.975833
0.975944
0.97602
0.976061
0.976066
0.976033
0.975961
0.97585
0.975698
0.975505
0.975269
0.974989
0.974665
0.974296
0.973881
0.97342
0.972912
0.972357
0.971753
0.971102
0.970402
0.969653
0.968855
0.968009
0.967113
0.966169
0.965177
0.964135
0.963046
0.96191
0.960727
0.959498
0.958225
0.956907
0.955546
0.954143
0.952701
0.951219
0.9497
0.948146
0.946557
0.944936
0.943284
0.941603
0.939896
0.938164
0.93641
0.934636
0.932843
0.931035
0.929213
0.92738
0.925538
0.923689
0.921837
0.919984
0.918131
0.916281
0.914438
0.912603
0.910779
0.908968
0.907171
0.905393
0.903634
0.901896
0.900182
0.898493
0.896832
0.8952
0.893598
0.892029
0.890494
0.888994
0.887531
0.886106
0.88472
0.883375
0.882071
0.880809
0.879591
0.878417
0.877288
0.876204
0.875168
0.874179
0.873237
0.872343
0.871499
0.870702
0.869954
0.869256
0.868606
0.868005
0.867453
0.866948
0.866492
0.866083
0.865721
0.865406
0.865136
0.864911
0.864729
0.86459
0.864492
0.864434
0.864414
0.864432
0.864485
0.864572
0.864691
0.86484
0.865017
0.86522
0.865447
0.865696
0.865965
0.866252
0.866554
0.86687
0.867198
0.867534
0.867879
0.868228
0.868581
0.868934
0.869287
0.869637
0.869982
0.870322
0.870653
0.870975
0.871285
0.871583
0.871867
0.872135
0.872387
0.87262
0.872836
0.873032
0.873207
0.873363
0.873496
0.873607
0.873696
0.873762
0.873806
0.873826
0.873824
0.873798
0.873749
0.873678
0.873584
0.873469
0.873334
0.873177
0.873001
0.872806
0.872593
0.872362
0.872115
0.871853
0.871577
0.871287
0.870986
0.870674
0.870352
0.870022
0.869686
0.869343
0.868997
0.868647
0.868297
0.867945
0.867595
0.867247
0.866902
0.866561
0.866227
0.865901
0.865583
0.865274
0.864976
0.86469
0.864416
0.864156
0.863911
0.86368
0.863465
0.863266
0.863084
0.86292
0.862773
0.862645
0.862536
0.862446
0.862376
0.862324
0.862292
0.862279
0.862285
0.86231
0.862353
0.862415
0.862495
0.862593
0.862709
0.862841
0.862989
0.863154
0.863333
0.863526
0.863734
0.863954
0.864187
0.864433
0.864689
0.864956
0.865233
0.865519
0.865814
0.866116
0.866426
0.866743
0.867065
0.867393
0.867726
0.868064
0.868405
0.868751
0.8691
0.869452
0.869808
0.870166
0.870528
0.870892
0.87126
0.87163
0.872003
0.87238
0.872761
0.873145
0.873534
0.873928
0.874326
0.874729
0.875138
0.875554
0.875976
0.876406
0.876843
0.877289
0.877744
0.878208
0.878681
0.879164
0.879658
0.880161
0.880675
0.8812
0.881735
0.882282
0.88284
0.883409
0.883988
0.884578
0.885178
0.885787
0.886406
0.887032
0.887667
0.88831
0.888958
0.889613
0.890272
0.890935
0.8916
0.892267
0.892935
0.893603
0.894269
0.894932
0.895592
0.896247
0.896897
0.89754
0.898175
0.898803
0.899421
0.90003
0.900627
0.901214
0.901788
0.90235
0.902898
0.903433
0.903953
0.904459
0.90495
0.905427
0.905889
0.906336
0.906769
0.907187
0.907591
0.907982
0.908359
0.908723
0.909075
0.909414
0.909742
0.910059
0.910366
0.910663
0.910952
0.911232
0.911504
0.91177
0.91203
0.912284
0.912533
0.912779
0.913021
0.913261
0.913499
0.913736
0.913972
0.914209
0.914446
0.914684
0.914925
0.915168
0.915413
0.915662
0.915915
0.916171
0.916431
0.916697
0.916967
0.917243
0.917523
0.917809
0.9181
0.918396
0.918698
0.919005
0.919317
0.919635
0.919957
0.920285
0.920618
0.920955
0.921296
0.921642
0.921993
0.922347
0.922704
0.923065
0.923429
0.923795
0.924164
0.924534
0.924906
0.925279
0.925652
0.926026
0.926399
0.926771
0.927143
0.927513
0.927881
0.928247
0.928611
0.928971
0.929327
0.92968
0.93003
0.930374
0.930713
0.931047
0.931376
0.931699
0.932016
0.932326
0.93263
0.932928
0.933218
0.933502
0.933779
0.934048
0.93431
0.934563
0.934809
0.935047
0.935277
0.9355
0.935714
0.93592
0.936118
0.936307
0.936487
0.93666
0.936824
0.936979
0.937127
0.937265
0.937394
0.937514
0.937626
0.937728
0.937821
0.937904
0.937978
0.938043
0.938097
0.938142
0.938177
0.938202
0.938215
0.938217
0.938207
0.938185
0.938151
0.938104
0.938043
0.937969
0.93788
0.937777
0.937658
0.937523
0.937373
0.937206
0.937021
0.936819
0.936598
0.936358
0.936098
0.935819
0.935519
0.935199
0.934858
0.934495
0.93411
0.933702
0.933272
0.932819
0.932343
0.931843
0.931319
0.930772
0.9302
0.929604
0.928984
0.928339
0.92767
0.926976
0.926258
0.925516
0.92475
0.923961
0.923147
0.92231
0.92145
0.920568
0.919662
0.918734
0.917785
0.916814
0.915822
0.91481
0.913778
0.912727
0.911657
0.91057
0.909465
0.908344
0.907206
0.906054
0.904887
0.903705
0.902511
0.901304
0.900086
0.898857
0.897618
0.896369
0.895112
0.893848
0.892577
0.891301
0.890019
0.888734
0.887446
0.886155
0.884864
0.883573
0.882283
0.880994
0.879708
0.878426
0.877147
0.875873
0.874604
0.873342
0.872087
0.87084
0.869602
0.868372
0.867154
0.865946
0.86475
0.863567
0.862397
0.861241
0.860101
0.858976
0.857867
0.856775
0.855702
0.854647
0.853612
0.852598
0.851605
0.850633
0.849684
0.848759
0.847858
0.846981
0.84613
0.845305
0.844507
0.843736
0.842992
0.842279
0.841595
0.840943
0.840322
0.839733
0.839177
0.838655
0.838166
0.837711
0.83729
0.836906
0.836557
0.836245
0.83597
0.835732
0.835533
0.835372
0.83525
0.835167
0.835123
0.835119
0.835155
0.835232
0.835349
0.835506
0.835704
0.835942
0.836219
0.836537
0.836895
0.837292
0.837729
0.838206
0.838723
0.839277
0.839871
0.840502
0.84117
0.841876
0.842618
0.843395
0.844208
0.845054
0.845933
0.846845
0.847789
0.848763
0.849767
0.8508
0.851861
0.852948
0.85406
0.855196
0.856356
0.857537
0.85874
0.859962
0.861202
0.86246
0.863734
0.865022
0.866324
0.867637
0.868961
0.870294
0.871635
0.872982
0.874334
0.87569
0.877048
0.878407
0.879766
0.881123
0.882476
0.883826
0.88517
0.886507
0.887835
0.889153
0.890461
0.891758
0.893041
0.894311
0.895565
0.896804
0.898025
0.899227
0.900411
0.901574
0.902717
0.903839
0.904938
0.906014
0.907066
0.908093
0.909095
0.910072
0.911022
0.911947
0.912844
0.913714
0.914557
0.915372
0.91616
0.916919
0.917651
0.918354
0.919029
0.919676
0.920295
0.920886
0.92145
0.921986
0.922495
0.922977
0.923433
0.923862
0.924265
0.924642
0.924993
0.92532
0.925622
0.9259
0.926155
0.926386
0.926594
0.926781
0.926945
0.927088
0.92721
0.927311
0.927394
0.927457
0.927501
0.927527
0.927535
0.927527
0.927501
0.927459
0.9274
0.927326
0.927236
0.92713
0.927009
0.926874
0.926725
0.926561
0.926384
0.926192
0.925987
0.925769
0.925537
0.925292
0.925034
0.924763
0.924479
0.924182
0.923872
0.923549
0.923213
0.922864
0.922502
0.922127
0.921738
0.921336
0.920921
0.920492
0.920049
0.919593
0.919122
0.918638
0.91814
0.917628
0.917101
0.91656
0.916004
0.915434
0.914848
0.914248
0.913632
0.913001
0.912354
0.911691
0.911013
0.910318
0.909608
0.908882
0.908139
0.907379
0.906603
0.90581
0.905
0.904172
0.903327
0.902464
0.901583
0.900684
0.899768
0.898833
0.89788
0.89691
0.895922
0.894916
0.893892
0.892849
0.891789
0.890711
0.889616
0.888502
0.887371
0.886222
0.885056
0.883875
0.882677
0.881463
0.880234
0.878989
0.87773
0.876455
0.875167
0.873866
0.872551
0.871224
0.869885
0.868535
0.867174
0.865804
0.864424
0.863036
0.861639
0.860236
0.858827
0.857412
0.855994
0.854572
0.853147
0.851721
0.850295
0.848869
0.847446
0.846025
0.844609
0.843199
0.841794
0.840397
0.839009
0.83763
0.836263
0.834907
0.833565
0.832237
0.830924
0.829628
0.828349
0.827089
0.825849
0.824629
0.823431
0.822255
0.821102
0.819973
0.81887
0.817793
0.816741
0.815717
0.814721
0.813753
0.812814
0.811904
0.811024
0.810174
0.809355
0.808566
0.807809
0.807083
0.806389
0.805727
0.805096
0.804497
0.80393
0.803393
0.802888
0.802414
0.801971
0.801558
0.801175
0.800822
0.800498
0.800204
0.799938
0.7997
0.79949
0.799307
0.79915
0.799018
0.798912
0.79883
0.798771
0.798735
0.798721
0.798728
0.798755
0.798801
0.798865
0.798948
0.799047
0.799162
0.799291
0.799435
0.799592
0.79976
0.799938
0.800126
0.800323
0.800528
0.800739
0.800955
0.801177
0.801402
0.80163
0.801859
0.80209
0.802321
0.80255
0.802778
0.803004
0.803226
0.803443
0.803655
0.803862
0.804063
0.804256
0.804443
0.804621
0.80479
0.804951
0.805102
0.805243
0.805374
0.805495
0.805605
0.805704
0.805791
0.805866
0.80593
0.805982
0.806022
0.806051
0.806068
0.806073
0.806066
0.806047
0.806017
0.805975
0.805922
0.805859
0.805785
0.8057
0.805605
0.805501
0.805387
0.805264
0.805132
0.804992
0.804845
0.80469
0.804529
0.804361
0.804188
0.804009
0.803826
0.803638
0.803447
0.803254
0.803059
0.802863
0.802666
0.80247
0.802275
0.802083
0.801893
0.801707
0.801526
0.80135
0.80118
0.801017
0.800861
0.800713
0.800575
0.800447
0.80033
0.800225
0.800132
0.800053
0.799987
0.799935
0.799899
0.799878
0.799873
0.799884
0.799912
0.799958
0.800021
0.800103
0.800203
0.800321
0.800458
0.800614
0.800788
0.800981
0.801192
0.801421
0.801669
0.801934
0.802218
0.802518
0.802836
0.80317
0.80352
0.803885
0.804265
0.804659
0.805066
0.805487
0.80592
0.806364
0.806819
0.807284
0.807759
0.808242
0.808732
0.809229
0.809732
0.81024
0.810752
0.811267
0.811784
0.812302
0.812821
0.813339
0.813856
0.814371
0.814882
0.815389
0.81589
0.816386
0.816875
0.817356
0.817829
0.818294
0.818748
0.819191
0.819623
0.820042
0.820449
0.820841
0.821219
0.821582
0.82193
0.822261
0.822575
0.822871
0.82315
0.823409
0.823649
0.82387
0.824071
0.824251
0.824411
0.824549
0.824665
0.82476
0.824831
0.824881
0.824908
0.824912
0.824892
0.824849
0.824783
0.824693
0.824579
0.824441
0.82428
0.824095
0.823887
0.823656
0.823403
0.823128
0.822831
0.822513
0.822174
0.821816
0.821438
0.821042
0.820628
0.820196
0.819749
0.819287
0.818811
0.818323
0.817824
0.817315
0.816797
0.816273
0.815743
0.815209
0.814673
0.814136
0.8136
0.813066
0.812536
0.812014
0.811499
0.810993
0.810499
0.810018
0.809551
0.809101
0.808669
0.808257
0.807866
0.807497
0.807154
0.806836
0.806546
0.806285
0.806054
0.805853
0.805685
0.80555
0.805449
0.805383
0.805353
0.80536
0.805403
0.805483
0.805601
0.805756
0.80595
0.806181
0.80645
0.806757
0.807102
0.807483
0.807902
0.808357
0.808848
0.809374
0.809934
0.810528
0.811155
0.811813
0.812503
0.813222
0.813971
0.814748
0.815552
0.816382
0.817237
0.818116
0.819018
0.819941
0.820884
0.821847
0.822828
0.823826
0.82484
0.825868
0.826911
0.827967
0.829034
0.830113
0.831202
0.832301
0.833407
0.83452
0.835639
0.836764
0.837893
0.839025
0.840161
0.841297
0.842435
0.843573
0.84471
0.845845
0.846979
0.84811
0.849237
0.85036
0.851478
0.852591
0.853697
0.854796
0.855887
0.85697
0.858044
0.859108
0.860163
0.861207
0.86224
0.863261
0.86427
0.865267
0.86625
0.867219
0.868175
0.869117
0.870044
0.870955
0.871852
0.872732
0.873597
0.874447
0.875279
0.876095
0.876895
0.877678
0.878444
0.879193
0.879926
0.880643
0.881342
0.882025
0.882691
0.88334
0.883973
0.88459
0.88519
0.885774
0.886343
0.886895
0.887432
0.887953
0.888459
0.88895
0.889426
0.889888
0.890336
0.89077
0.89119
0.891596
0.891988
0.892366
0.89273
0.893081
0.893419
0.893744
0.894055
0.894354
0.89464
0.894912
0.895173
0.89542
0.895655
0.895877
0.896086
0.896284
0.896468
0.896641
0.896801
0.896948
0.897084
0.897207
0.897318
0.897417
0.897504
0.897579
0.897642
0.897693
0.897732
0.89776
0.897775
0.897779
0.897771
0.897752
0.897721
0.89768
0.897627
0.897564
0.89749
0.897406
0.897311
0.897206
0.897091
0.896967
0.896834
0.896692
0.896541
0.896382
0.896214
0.896038
0.895854
0.895663
0.895464
0.895258
0.895045
0.894824
0.894597
0.894363
0.894122
0.893875
0.893621
0.893361
0.893094
0.89282
0.892539
0.892252
0.891958
0.891656
0.891347
0.89103
0.890706
0.890374
0.890034
0.889686
0.889329
0.888963
0.888587
0.888201
0.887805
0.887399
0.88698
0.88655
0.886107
0.885651
0.885183
0.8847
0.884203
0.883692
0.883164
0.88262
0.882059
0.881481
0.880884
0.88027
0.879637
0.878985
0.878312
0.877618
0.876904
0.876169
0.875412
0.874634
0.873835
0.873014
0.87217
0.871304
0.870415
0.869504
0.868571
0.867615
0.866638
0.865638
0.864616
0.863573
0.862508
0.861424
0.860319
0.859194
0.858052
0.856891
0.855713
0.854519
0.85331
0.852086
0.85085
0.849602
0.848344
0.847077
0.845802
0.84452
0.843233
0.841943
0.840651
0.839359
0.838069
0.836783
0.835502
0.834229
0.832964
0.83171
0.830469
0.829243
0.828033
0.826842
0.825672
0.824525
0.823402
0.822305
0.821236
0.820197
0.819189
0.818215
0.817275
0.816371
0.815506
0.814679
0.813893
0.813149
0.812448
0.81179
0.811177
0.81061
0.810088
0.809613
0.809185
0.808805
0.808472
0.808187
0.80795
0.807761
0.807619
0.807523
0.807474
0.807471
0.807513
0.8076
0.80773
0.807903
0.808119
0.808375
0.80867
0.809004
0.809374
0.80978
0.810221
0.810694
0.811199
0.811734
0.812298
0.812889
0.813506
0.814148
0.814812
0.815498
0.816204
0.816929
0.81767
0.818427
0.819198
0.819981
0.820775
0.821578
0.82239
0.823208
0.824032
0.82486
0.825691
0.826523
0.827355
0.828185
0.829013
0.829837
0.830656
0.831468
0.832274
0.833071
0.833858
0.834634
0.835399
0.83615
0.836888
0.83761
0.838317
0.839006
0.839677
0.840329
0.840961
0.841573
0.842163
0.842731
0.843276
0.843797
0.844293
0.844765
0.845212
0.845632
0.846025
0.846391
0.846728
0.847038
0.847319
0.847571
0.847793
0.847986
0.848149
0.848282
0.848385
0.848458
0.848501
0.848514
0.848498
0.848452
0.848376
0.848272
0.848138
0.847977
0.847788
0.847571
0.847329
0.84706
0.846766
0.846448
0.846105
0.84574
0.845353
0.844944
0.844515
0.844067
0.843602
0.843119
0.842622
0.84211
0.841585
0.841049
0.840502
0.839947
0.839385
0.838816
0.838244
0.837668
0.83709
0.836513
0.835936
0.835362
0.834793
0.83423
0.833674
0.833127
0.832591
0.832065
0.831553
0.831056
0.830575
0.83011
0.829664
0.829237
0.82883
0.828445
0.828083
0.827744
0.827429
0.827139
0.826876
0.826639
0.82643
0.826249
0.826097
0.825974
0.82588
0.825815
0.825779
0.825774
0.825799
0.825854
0.825939
0.826053
0.826197
0.826371
0.826574
0.826806
0.827067
0.827356
0.827673
0.828017
0.828388
0.828784
0.829205
0.82965
0.830118
0.830607
0.831118
0.83165
0.832201
0.832771
0.833358
0.833962
0.834582
0.835216
0.835863
0.836524
0.837195
0.837876
0.838566
0.839264
0.839969
0.840679
0.841394
0.842112
0.842832
0.843553
0.844275
0.844995
0.845715
0.846431
0.847144
0.847853
0.848557
0.849254
0.849944
0.850626
0.8513
0.851966
0.852621
0.853267
0.853903
0.854527
0.855141
0.855743
0.856332
0.85691
0.857475
0.858028
0.858569
0.859098
0.859614
0.860117
0.860608
0.861087
0.861554
0.86201
0.862455
0.862888
0.86331
0.863721
0.864122
0.864512
0.864893
0.865265
0.865628
0.865983
0.866329
0.866668
0.867
0.867326
0.867645
0.867959
0.868267
0.86857
0.868869
0.869165
0.869457
0.869747
0.870035
0.870321
0.870606
0.87089
0.871173
0.871457
0.871741
0.872026
0.872312
0.8726
0.87289
0.873183
0.873478
0.873776
0.874078
0.874383
0.874691
0.875004
0.875321
0.875644
0.875972
0.876305
0.876645
0.876991
0.877344
0.877704
0.878072
0.878446
0.878829
0.879219
0.879618
0.880026
0.880442
0.880868
0.881304
0.881749
0.882204
0.88267
0.883147
0.883634
0.884133
0.884643
0.885165
0.885699
0.886244
0.886801
0.88737
0.887951
0.888544
0.889151
0.889769
0.890399
0.891041
0.891695
0.892361
0.893038
0.893726
0.894426
0.895138
0.89586
0.896594
0.897337
0.898091
0.898854
0.899627
0.900407
0.901196
0.901992
0.902795
0.903605
0.904421
0.905241
0.906066
0.906895
0.907726
0.90856
0.909395
0.910231
0.911067
0.911902
0.912735
0.913565
0.914392
0.915215
0.916032
0.916844
0.917648
0.918444
0.919231
0.920009
0.920775
0.921531
0.922274
0.923004
0.923721
0.924424
0.925111
0.925783
0.926438
0.927076
0.927697
0.928299
0.928884
0.92945
0.929997
0.930523
0.93103
0.931517
0.931984
0.93243
0.932857
0.933264
0.93365
0.934016
0.934363
0.934689
0.934996
0.935283
0.935552
0.935802
0.936034
0.936249
0.936447
0.936627
0.936791
0.936938
0.937071
0.937189
0.937294
0.937384
0.937462
0.937526
0.937579
0.937619
0.937648
0.937665
0.937671
0.937667
0.937653
0.937628
0.937593
0.937549
0.937495
0.937432
0.937359
0.937277
0.937186
0.937086
0.936977
0.936859
0.936732
0.936597
0.936453
0.9363
0.936138
0.935967
0.935787
0.935599
0.935401
0.935194
0.934979
0.934754
0.934521
0.934279
0.934028
0.933768
0.933499
0.933221
0.932935
0.932641
0.932338
0.932027
0.931707
0.931379
0.931042
0.930697
0.930343
0.929981
0.929611
0.929231
0.928842
0.928444
0.928036
0.927617
0.927188
0.926748
0.926296
0.925831
0.925354
0.924862
0.924356
0.923836
0.923299
0.922746
0.922176
0.921588
0.92098
0.920353
0.919704
0.919035
0.918342
0.917627
0.916887
0.916123
0.915333
0.914517
0.913674
0.912803
0.911905
0.910977
0.910022
0.909037
0.908023
0.906981
0.90591
0.90481
0.903682
0.902526
0.901342
0.900133
0.898897
0.897637
0.896353
0.895046
0.893718
0.892371
0.891007
0.889626
0.888231
0.886824
0.885408
0.883984
0.882556
0.881124
0.879692
0.878261
0.876834
0.875413
0.874002
0.872603
0.871218
0.869849
0.868499
0.867171
0.865866
0.864586
0.863333
0.862109
0.860917
0.859757
0.858631
0.85754
0.856487
0.85547
0.854492
0.853552
0.852652
0.851792
0.850971
0.85019
0.849449
0.848748
0.848085
0.847461
0.846874
0.846324
0.845811
0.845333
0.844889
0.844478
0.844099
0.843751
0.843433
0.843143
0.84288
0.842644
0.842433
0.842246
0.842081
0.841938
0.841814
0.84171
0.841624
0.841554
0.841501
0.841463
0.841438
0.841428
0.84143
0.841444
0.841469
0.841505
0.841551
0.841606
0.84167
0.841743
0.841823
0.841912
0.842009
0.842114
0.842225
0.842345
0.842471
0.842605
0.842747
0.842896
0.843052
0.843217
0.843391
0.843572
0.843762
0.843962
0.844171
0.84439
0.844619
0.84486
0.845113
0.845377
0.845654
0.845944
0.846249
0.846568
0.846903
0.847254
0.847622
0.848006
0.848409
0.84883
0.849271
0.849732
0.850213
0.850717
0.851242
0.85179
0.852361
0.852955
0.853574
0.854218
0.854888
0.855583
0.856304
0.857052
0.857827
0.85863
0.859459
0.860317
0.861202
0.862116
0.863059
0.864029
0.865027
0.866054
0.867107
0.868188
0.869295
0.870429
0.87159
0.872776
0.873987
0.875222
0.876482
0.877764
0.87907
0.880397
0.881745
0.883113
0.884499
0.885904
0.887326
0.888763
0.890215
0.891679
0.893155
0.894641
0.896136
0.897639
0.899148
0.900662
0.902178
0.903697
0.905216
0.906733
0.908247
0.909756
0.911258
0.912752
0.914235
0.915708
0.917167
0.918611
0.920039
0.921448
0.922837
0.924204
0.925547
0.926864
0.928155
0.929417
0.930648
0.931848
0.933015
0.934147
0.935242
0.936301
0.937321
0.9383
0.939238
0.940132
0.940983
0.941788
0.942548
0.94326
0.943925
0.944541
0.945108
0.945624
0.946089
0.946502
0.946863
0.947171
0.947427
0.94763
0.947779
0.947875
0.947917
0.947906
0.947841
0.947722
0.947551
0.947327
0.94705
0.946721
0.946341
0.94591
0.945427
0.944894
0.944312
0.943681
0.943001
0.942274
0.941501
0.940683
0.93982
0.938913
0.937965
0.936976
0.935947
0.93488
0.933776
0.932636
0.931462
0.930256
0.929018
0.927751
0.926455
0.925133
0.923786
0.922416
0.921025
0.919613
0.918184
0.916738
0.915277
0.913802
0.912316
0.910821
0.909317
0.907807
0.906293
0.904776
0.903257
0.901739
0.900223
0.89871
0.897203
0.895702
0.894209
0.892727
0.891255
0.889795
0.888349
0.886917
0.885502
0.884104
0.882724
0.881363
0.880022
0.878703
0.877405
0.876129
0.874876
0.873647
0.872443
0.871263
0.870109
0.868981
0.867879
0.866804
0.865755
0.864732
0.863736
0.862766
0.861823
0.860906
0.860015
0.85915
0.85831
0.857494
0.856702
0.855934
0.85519
0.854468
0.853767
0.853087
0.852428
0.851788
0.851166
0.850561
0.849974
0.849401
0.848842
0.848295
0.847761
0.847237
0.846723
0.846218
0.845721
0.84523
0.844745
0.844264
0.843787
0.843312
0.842839
0.842367
0.841895
0.841423
0.84095
0.840475
0.839999
0.839521
0.83904
0.838557
0.838072
0.837585
0.837096
0.836605
0.836114
0.835622
0.835131
0.834642
0.834156
0.833673
0.833197
0.832727
0.832266
0.831816
0.831378
0.830955
0.830547
0.830159
0.82979
0.829445
0.829124
0.828831
0.828568
0.828337
0.82814
0.827981
0.827861
0.827783
0.827748
0.82776
0.82782
0.82793
0.828093
0.828309
0.82858
0.828909
0.829295
0.82974
0.830246
0.830812
0.831439
0.832127
0.832877
0.833688
0.834559
0.835491
0.836483
0.837533
0.838641
0.839803
0.84102
0.842288
0.843607
0.844975
0.846388
0.847845
0.849343
0.85088
0.852452
0.854057
0.855693
0.857356
0.859043
0.860752
0.862479
0.864222
0.865978
0.867743
0.869514
0.871289
0.873066
0.874841
0.876611
0.878375
0.880129
0.881872
0.883601
0.885315
0.88701
0.888686
0.89034
0.89197
0.893575
0.895153
0.896703
0.898223
0.899713
0.901171
0.902597
0.903988
0.905345
0.906666
0.907951
0.909199
0.910409
0.911582
0.912716
0.913812
0.91487
0.915888
0.916867
0.917808
0.918711
0.919574
0.920399
0.921185
0.921933
0.922643
0.923314
0.923947
0.924543
0.925101
0.925622
0.926107
0.926556
0.926968
0.927345
0.927686
0.927992
0.928263
0.928501
0.928705
0.928875
0.929014
0.92912
0.929195
0.929239
0.929252
0.929235
0.929189
0.929115
0.929011
0.92888
0.928722
0.928537
0.928326
0.928089
0.927829
0.927544
0.927236
0.926905
0.926552
0.926177
0.925783
0.925369
0.924936
0.924485
0.924016
0.923531
0.923031
0.922517
0.921989
0.921449
0.920898
0.920337
0.919767
0.919189
0.918604
0.918013
0.917417
0.916817
0.916214
0.91561
0.915005
0.9144
0.913797
0.913198
0.912602
0.912012
0.911429
0.910853
0.910285
0.909727
0.909179
0.908643
0.90812
0.907611
0.907115
0.906636
0.906171
0.905723
0.905292
0.904879
0.904484
0.904107
0.90375
0.903412
0.903094
0.902795
0.902517
0.902258
0.90202
0.901802
0.901603
0.901425
0.901266
0.901127
0.901006
0.900903
0.900819
0.900753
0.900703
0.90067
0.900651
0.900646
0.900655
0.900675
0.900708
0.900751
0.900802
0.900862
0.900929
0.901002
0.901079
0.901161
0.901245
0.901331
0.901417
0.901501
0.901583
0.901662
0.901736
0.901803
0.901863
0.901915
0.901957
0.901988
0.902009
0.902017
0.902011
0.90199
0.901954
0.901901
0.901831
0.901742
0.901634
0.901506
0.901357
0.901187
0.900995
0.90078
0.900542
0.900281
0.899996
0.899687
0.899353
0.898996
0.898613
0.898206
0.897773
0.897317
0.896835
0.89633
0.8958
0.895246
0.894669
0.894068
0.893446
0.892801
0.892136
0.89145
0.890744
0.89002
0.889277
0.888517
0.887742
0.886951
0.886147
0.88533
0.884502
0.883664
0.882817
0.881963
0.881104
0.880239
0.879372
0.878503
0.877635
0.876769
0.875906
0.875049
0.8742
0.873359
0.872529
0.871711
0.870908
0.870121
0.869353
0.868604
0.867878
0.867175
0.866498
0.865847
0.865226
0.864636
0.864079
0.863556
0.863069
0.862619
0.862208
0.861838
0.86151
0.861225
0.860986
0.860793
0.860646
0.860548
0.860499
0.860501
0.860553
0.860658
0.860814
0.861022
0.861284
0.861599
0.861969
0.862391
0.862867
0.863396
0.863977
0.86461
0.865295
0.86603
0.866816
0.867651
0.868534
0.869465
0.870442
0.871464
0.872529
0.873635
0.874782
0.875968
0.87719
0.878447
0.879738
0.88106
0.882411
0.88379
0.885194
0.88662
0.888067
0.889532
0.891012
0.892506
0.894011
0.895526
0.897046
0.898572
0.900099
0.901626
0.903151
0.904671
0.906185
0.907689
0.909182
0.910662
0.912127
0.913576
0.915005
0.916413
0.917799
0.919159
0.920493
0.921799
0.923076
0.92432
0.925533
0.926711
0.927853
0.928958
0.930025
0.931053
0.93204
0.932985
0.933887
0.934746
0.93556
0.936329
0.937052
0.937728
0.938357
0.938937
0.939469
0.939952
0.940385
0.940769
0.941102
0.941384
0.941615
0.941795
0.941923
0.942001
0.942026
0.942001
0.941924
0.941795
0.941615
0.941383
0.941101
0.940767
0.940384
0.939951
0.939468
0.938935
0.938354
0.937724
0.937046
0.936321
0.935549
0.93473
0.933865
0.932956
0.932002
0.931005
0.929966
0.928885
0.927763
0.926601
0.925401
0.924162
0.922886
0.921574
0.920228
0.918847
0.917434
0.91599
0.914516
0.913012
0.91148
0.909921
0.908336
0.906727
0.905095
0.90344
0.901765
0.90007
0.898357
0.896627
0.894882
0.893124
0.891353
0.889573
0.887782
0.885983
0.884176
0.882364
0.880546
0.878725
0.876902
0.875077
0.873253
0.87143
0.869611
0.867795
0.865983
0.864179
0.862381
0.860592
0.858811
0.857041
0.855282
0.853535
0.851801
0.85008
0.848374
0.846683
0.845007
0.843348
0.841705
0.84008
0.838473
0.836885
0.835315
0.833766
0.832236
0.830727
0.829239
0.827772
0.826327
0.824904
0.823503
0.822124
0.820768
0.819436
0.818126
0.816841
0.815579
0.814342
0.813129
0.811941
0.810779
0.809642
0.808532
0.807448
0.806392
0.805364
0.804363
0.803391
0.802448
0.801533
0.800649
0.799795
0.798971
0.79818
0.797422
0.796696
0.796003
0.795346
0.794723
0.794137
0.793587
0.793075
0.792601
0.792166
0.791771
0.791417
0.791105
0.790835
0.79061
0.79043
0.790295
0.790207
0.790166
0.790173
0.79023
0.790337
0.790495
0.790704
0.790967
0.791283
0.791653
0.792079
0.79256
0.793097
0.793691
0.794342
0.795051
0.795817
0.79664
0.797521
0.79846
0.799457
0.800512
0.801625
0.802795
0.804023
0.805306
0.806645
0.808039
0.809486
0.810987
0.812539
0.814141
0.815793
0.817492
0.819237
0.821026
0.822857
0.824729
0.826639
0.828585
0.830566
0.832578
0.83462
0.836689
0.838782
0.840898
0.843032
0.845183
0.847348
0.849524
0.851708
0.853899
0.856092
0.858285
0.860476
0.86266
0.864837
0.867002
0.869153
0.871288
0.873404
0.875499
0.87757
0.879614
0.881629
0.883613
0.885564
0.887479
0.889355
0.891192
0.892987
0.894738
0.896444
0.898104
0.899714
0.901275
0.902786
0.904243
0.905647
0.906996
0.90829
0.909528
0.910709
0.911832
0.912898
0.913904
0.914853
0.915742
0.916573
0.917346
0.91806
0.918716
0.919316
0.91986
0.920348
0.920781
0.92116
0.921486
0.921761
0.921986
0.922162
0.92229
0.922372
0.922409
0.922404
0.922358
0.922272
0.92215
0.921992
0.921801
0.921578
0.921326
0.921047
0.920741
0.920412
0.920062
0.919692
0.919305
0.918903
0.918487
0.918059
0.917621
0.917174
0.91672
0.916262
0.9158
0.915335
0.91487
0.914406
0.913943
0.913483
0.913027
0.912575
0.912128
0.911686
0.911251
0.910823
0.910401
0.909988
0.909582
0.909184
0.908794
0.908412
0.908037
0.907671
0.907313
0.906961
0.906618
0.906282
0.905952
0.905629
0.905313
0.905002
0.904698
0.9044
0.904106
0.903819
0.903536
0.903258
0.902984
0.902716
0.902453
0.902194
0.901939
0.90169
0.901444
0.901204
0.900968
0.900738
0.900513
0.900293
0.900079
0.89987
0.899667
0.899471
0.899281
0.899098
0.898923
0.898755
0.898595
0.898443
0.898299
0.898165
0.898041
0.897926
0.897821
0.897726
0.897643
0.89757
0.897509
0.89746
0.897422
0.897397
0.897384
0.897384
0.897396
0.897421
0.897459
0.89751
0.897573
0.897649
0.897738
0.897841
0.897955
0.898083
0.898222
0.898374
0.898538
0.898713
0.898899
0.899096
0.899303
0.899521
0.899748
0.899984
0.900229
0.900482
0.900743
0.90101
0.901283
0.901562
0.901846
0.902134
0.902426
0.902722
0.90302
0.90332
0.903621
0.903923
0.904224
0.904523
0.904821
0.905115
0.905406
0.905693
0.905975
0.90625
0.906519
0.906781
0.907035
0.907279
0.907514
0.907738
0.90795
0.908151
0.908339
0.908514
0.908674
0.908819
0.908949
0.909064
0.909162
0.909244
0.909308
0.909354
0.909382
0.90939
0.90938
0.909349
0.909299
0.909228
0.909137
0.909027
0.908896
0.908746
0.908576
0.908387
0.908179
0.907951
0.907706
0.907443
0.907163
0.906867
0.906555
0.906228
0.905888
0.905535
0.905171
0.904797
0.904415
0.904025
0.903629
0.90323
0.902828
0.902425
0.902021
0.90162
0.901221
0.900828
0.900441
0.900062
0.899692
0.899333
0.898986
0.898652
0.898333
0.898028
0.897739
0.897466
0.89721
0.896972
0.896751
0.896549
0.896364
0.896197
0.896046
0.895912
0.895792
0.895688
0.895597
0.895519
0.895451
0.895394
0.895344
0.895302
0.895265
0.895232
0.895199
0.895166
0.895131
0.895092
0.895046
0.894994
0.894932
0.89486
0.894775
0.894677
0.894564
0.894435
0.89429
0.894126
0.893943
0.893741
0.893519
0.893276
0.893013
0.89273
0.892426
0.892102
0.891757
0.891394
0.891011
0.89061
0.890193
0.889759
0.889311
0.888849
0.888376
0.887893
0.8874
0.886901
0.886397
0.88589
0.885382
0.884874
0.884369
0.883868
0.883373
0.882888
0.882413
0.881951
0.881504
0.881075
0.880664
0.880276
0.879912
0.879574
0.879264
0.878985
0.878737
0.878524
0.878347
0.878208
0.878108
0.87805
0.878036
0.878066
0.878142
0.878266
0.87844
0.878664
0.87894
0.87927
0.879653
0.880092
0.880586
0.881137
0.881746
0.882413
0.883138
0.883922
0.884765
0.885668
0.886629
0.88765
0.88873
0.889869
0.891065
0.892319
0.89363
0.894998
0.896421
0.897898
0.89943
0.901014
0.902649
0.904333
0.906065
0.907843
0.909665
0.91153
0.913435
0.915379
0.91736
0.919374
0.921422
0.923498
0.925602
0.927729
0.929879
0.932047
0.934231
0.93643
0.938639
0.940856
0.943078
0.945303
0.947527
0.949747
0.951962
0.954167
0.95636
0.958538
0.960699
0.962839
0.964957
0.967048
0.969111
0.971143
0.973141
0.975103
0.977028
0.978913
0.980756
0.982555
0.984307
0.986011
0.987664
0.989265
0.990813
0.992306
0.993742
0.995121
0.99644
0.9977
0.998899
1.00004
1.00111
1.00212
1.00307
1.00395
1.00478
1.00553
1.00622
1.00685
1.00742
1.00791
1.00835
1.00872
1.00903
1.00928
1.00947
1.00959
1.00966
1.00966
1.00961
1.0095
1.00934
1.00912
1.00885
1.00852
1.00814
1.00772
1.00724
1.00672
1.00616
1.00554
1.00489
1.00419
1.00346
1.00269
1.00188
1.00103
1.00015
0.999238
0.998295
0.997323
0.996324
0.995298
0.994248
0.993176
0.992082
0.990969
0.989837
0.988687
0.987522
0.986343
0.985151
0.983947
0.982733
0.981511
0.980281
0.979044
0.977803
0.976559
0.975312
0.974065
0.972818
0.971574
0.970332
0.969094
0.967862
0.966636
0.965419
0.96421
0.963012
0.961824
0.960648
0.959485
0.958336
0.957201
0.956082
0.954979
0.953893
0.952825
0.951774
0.950743
0.949732
0.94874
0.947768
0.946817
0.945886
0.944976
0.944087
0.943218
0.942369
0.94154
0.94073
0.93994
0.939169
0.938416
0.93768
0.936961
0.936258
0.935571
0.934897
0.934236
0.933587
0.932948
0.93232
0.931699
0.931086
0.930479
0.929876
0.929277
0.928679
0.928082
0.927485
0.926887
0.926286
0.92568
0.92507
0.924454
0.923831
0.9232
0.92256
0.92191
0.92125
0.92058
0.919898
0.919204
0.918499
0.91778
0.917049
0.916306
0.91555
0.914781
0.914
0.913208
0.912404
0.91159
0.910764
0.909929
0.909085
0.908233
0.907373
0.906507
0.905636
0.904761
0.903883
0.903003
0.902122
0.901242
0.900363
0.899488
0.898617
0.897753
0.896896
0.896048
0.895212
0.894387
0.893577
0.892784
0.892008
0.891252
0.890516
0.889801
0.88911
0.888445
0.887806
0.887196
0.886616
0.886067
0.88555
0.885067
0.884619
0.884208
0.883836
0.883503
0.883211
0.882961
0.882753
0.882588
0.882469
0.882395
0.882368
0.882388
0.882456
0.882572
0.882737
0.882951
0.883214
0.883527
0.88389
0.884302
0.884764
0.885275
0.885834
0.886441
0.887095
0.887794
0.888539
0.889327
0.890158
0.891031
0.891944
0.892895
0.893883
0.894906
0.895961
0.897047
0.898162
0.899303
0.900467
0.901653
0.902857
0.904077
0.905311
0.906555
0.907806
0.909063
0.910321
0.911578
0.912831
0.914077
0.915312
0.916535
0.917741
0.918929
0.920094
0.921233
0.922345
0.923426
0.924472
0.925482
0.926452
0.92738
0.928262
0.929096
0.929881
0.930614
0.931291
0.931912
0.932473
0.932973
0.933409
0.933779
0.934082
0.934316
0.934478
0.934569
0.934585
0.934527
0.934392
0.93418
0.933889
0.933518
0.933068
0.932537
0.931925
0.931232
0.930457
0.929601
0.928663
0.927644
0.926544
0.925363
0.924103
0.922764
0.921347
0.919853
0.918282
0.916637
0.914918
0.913128
0.911267
0.909339
0.907345
0.905287
0.903167
0.900989
0.898755
0.896467
0.894129
0.891743
0.889311
0.886836
0.884322
0.881772
0.879189
0.876576
0.873938
0.871276
0.868595
0.865898
0.863188
0.860469
0.857745
0.855018
0.852292
0.84957
0.846856
0.844152
0.841462
0.838789
0.836135
0.833504
0.830899
0.828321
0.825773
0.823259
0.820781
0.81834
0.815938
0.813578
0.811262
0.808991
0.806767
0.804591
0.802466
0.800392
0.79837
0.796402
0.794488
0.79263
0.790828
0.789083
0.787396
0.785766
0.784196
0.782684
0.781233
0.779842
0.778511
0.777241
0.776032
0.774884
0.773797
0.772771
0.771807
0.770903
0.770061
0.769281
0.768561
0.767902
0.767303
0.766765
0.766287
0.765868
0.765509
0.76521
0.764969
0.764786
0.764661
0.764594
0.764583
0.764629
0.764731
0.764888
0.7651
0.765365
0.765684
0.766056
0.766479
0.766954
0.767479
0.768052
0.768674
0.769343
0.770059
0.770821
0.771627
0.772478
0.773371
0.774307
0.775285
0.776304
0.777362
0.778458
0.779592
0.780763
0.781971
0.783213
0.78449
0.7858
0.787142
0.788515
0.789919
0.791352
0.792814
0.794304
0.795821
0.797364
0.798933
0.800526
0.802142
0.803781
0.805441
0.807121
0.808821
0.81054
0.812276
0.814029
0.815798
0.817582
0.819378
0.821187
0.823007
0.824837
0.826676
0.828524
0.830378
0.832238
0.834101
0.835967
0.837835
0.839703
0.84157
0.843435
0.845295
0.847151
0.848999
0.850839
0.85267
0.854488
0.856294
0.858086
0.859862
0.86162
0.863361
0.865081
0.866779
0.868454
0.870105
0.87173
0.873328
0.874897
0.876436
0.877944
0.879419
0.880861
0.882267
0.883637
0.884969
0.886262
0.887515
0.888728
0.889899
0.891027
0.892112
0.893152
0.894148
0.895097
0.896
0.896856
0.897663
0.898424
0.899136
0.899799
0.900412
0.900977
0.901491
0.901956
0.902371
0.902735
0.90305
0.903315
0.90353
0.903696
0.903814
0.903882
0.903902
0.903874
0.903798
0.903676
0.903507
0.903293
0.903033
0.902728
0.90238
0.901989
0.901556
0.901082
0.900568
0.900014
0.899421
0.898791
0.898125
0.897422
0.896685
0.895914
0.89511
0.894275
0.893409
0.892514
0.891591
0.89064
0.889664
0.888663
0.887638
0.88659
0.88552
0.884429
0.883319
0.882189
0.881042
0.879879
0.8787
0.877507
0.876301
0.875083
0.873853
0.872614
0.871365
0.870109
0.868846
0.867577
0.866304
0.865027
0.863748
0.862468
0.861188
0.859909
0.858633
0.85736
0.856093
0.854831
0.853577
0.852332
0.851097
0.849874
0.848664
0.847468
0.84629
0.845129
0.843987
0.842866
0.841768
0.840693
0.839645
0.838623
0.837631
0.836668
0.835737
0.834841
0.833979
0.833155
0.83237
0.831625
0.830921
0.830261
0.829645
0.829075
0.828553
0.828079
0.827654
0.82728
0.826959
0.82669
0.826476
0.826315
0.82621
0.826159
0.826164
0.826224
0.82634
0.826511
0.826737
0.827017
0.827352
0.82774
0.828181
0.828673
0.829215
0.829807
0.830445
0.831129
0.831857
0.832627
0.833437
0.834285
0.83517
0.836088
0.837038
0.838016
0.839021
0.84005
0.841101
0.842171
0.843257
0.844357
0.845469
0.846589
0.847716
0.848846
0.849978
0.851109
0.852237
0.85336
0.854475
0.855581
0.856676
0.857757
0.858824
0.859874
0.860906
0.861919
0.862911
0.863881
0.864828
0.865751
0.86665
0.867522
0.868369
0.869191
0.869986
0.870754
0.871496
0.87221
0.872899
0.873561
0.874198
0.87481
0.875397
0.875961
0.876502
0.877021
0.877519
0.877999
0.878459
0.878903
0.87933
0.879742
0.880142
0.880529
0.880906
0.881274
0.881635
0.88199
0.882342
0.88269
0.883037
0.883384
0.883733
0.884085
0.884441
0.884802
0.885171
0.885547
0.885932
0.886327
0.886733
0.887152
0.887582
0.888027
0.888486
0.888959
0.889446
0.889948
0.890466
0.890999
0.891547
0.892111
0.892689
0.893283
0.89389
0.894511
0.895146
0.895795
0.896455
0.897127
0.897811
0.898504
0.899206
0.899916
0.900633
0.901357
0.902085
0.902818
0.903554
0.904291
0.905029
0.905766
0.906501
0.907234
0.907963
0.908687
0.909405
0.910116
0.910819
0.911513
0.912197
0.912871
0.913532
0.914181
0.914817
0.91544
0.916048
0.916641
0.917218
0.91778
0.918325
0.918854
0.919367
0.919862
0.92034
0.920802
0.921246
0.921672
0.922081
0.922474
0.92285
0.923208
0.923551
0.923877
0.924188
0.924484
0.924765
0.925033
0.925286
0.925527
0.925755
0.925972
0.926178
0.926373
0.926559
0.926735
0.926903
0.927064
0.927218
0.927366
0.927509
0.927647
0.927782
0.927914
0.928044
0.928172
0.928298
0.928425
0.928551
0.928678
0.928807
0.928937
0.92907
0.929205
0.929344
0.929486
0.929632
0.929783
0.929937
0.930096
0.93026
0.930429
0.930603
0.930783
0.930968
0.931158
0.931354
0.931554
0.931759
0.931968
0.932181
0.932398
0.932618
0.932841
0.933067
0.933295
0.933524
0.933755
0.933986
0.934217
0.934448
0.934678
0.934906
0.935132
0.935355
0.935574
0.935788
0.935997
0.9362
0.936396
0.936584
0.936764
0.936936
0.937097
0.937247
0.937386
0.937514
0.937628
0.937729
0.937816
0.937888
0.937944
0.937984
0.938008
0.938014
0.938001
0.937971
0.937921
0.937851
0.937762
0.937651
0.937519
0.937366
0.93719
0.936992
0.936772
0.93653
0.936264
0.935975
0.935663
0.935328
0.93497
0.934587
0.934182
0.933753
0.933302
0.932827
0.932329
0.931808
0.931264
0.930698
0.93011
0.929501
0.928869
0.928216
0.927542
0.926847
0.926131
0.925396
0.924641
0.923867
0.923074
0.922262
0.921433
0.920585
0.919721
0.918839
0.917942
0.917028
0.916099
0.915154
0.914195
0.913221
0.912234
0.911233
0.910219
0.909192
0.908153
0.907103
0.90604
0.904967
0.903883
0.90279
0.901686
0.900573
0.89945
0.898319
0.897179
0.896031
0.894876
0.893712
0.892542
0.891365
0.890181
0.888992
0.887796
0.886595
0.885388
0.884177
0.882962
0.881743
0.880522
0.879298
0.878073
0.876846
0.875617
0.874389
0.873161
0.871934
0.870708
0.869485
0.868266
0.867051
0.865841
0.864637
0.86344
0.862251
0.861071
0.859902
0.858742
0.857595
0.85646
0.855339
0.854233
0.853143
0.852069
0.851014
0.849977
0.848961
0.847966
0.846992
0.846042
0.845115
0.844212
0.843334
0.842481
0.841655
