1.6511
1.65335
1.65558
1.65779
1.65996
1.6621
1.6642
1.66626
1.66827
1.67024
1.67216
1.67402
1.67582
1.67755
1.67923
1.68083
1.68236
1.68382
1.6852
1.6865
1.68771
1.68885
1.68989
1.69085
1.69172
1.69251
1.6932
1.6938
1.6943
1.69472
1.69505
1.69528
1.69543
1.69548
1.69545
1.69534
1.69514
1.69485
1.69449
1.69404
1.69353
1.69293
1.69227
1.69154
1.69075
1.6899
1.68899
1.68803
1.68703
1.68597
1.68488
1.68374
1.68258
1.68138
1.68016
1.67892
1.67766
1.67638
1.67509
1.6738
1.6725
1.67121
1.66991
1.66862
1.66734
1.66606
1.6648
1.66356
1.66234
1.66113
1.65995
1.65879
1.65765
1.65654
1.65546
1.65441
1.65339
1.6524
1.65143
1.6505
1.64961
1.64874
1.64791
1.64711
1.64634
1.64561
1.64491
1.64425
1.64362
1.64302
1.64246
1.64193
1.64144
1.64098
1.64056
1.64017
1.63982
1.63951
1.63923
1.63899
1.63878
1.63862
1.6385
1.63841
1.63836
1.63836
1.6384
1.63848
1.6386
1.63877
1.63898
1.63925
1.63955
1.63991
1.64032
1.64077
1.64128
1.64184
1.64245
1.64311
1.64383
1.64459
1.64542
1.6463
1.64723
1.64821
1.64925
1.65034
1.65149
1.65268
1.65393
1.65523
1.65658
1.65797
1.6594
1.66088
1.6624
1.66396
1.66556
1.66718
1.66884
1.67052
1.67222
1.67394
1.67568
1.67742
1.67917
1.68093
1.68267
1.68441
1.68613
1.68784
1.68952
1.69118
1.6928
1.69438
1.69591
1.6974
1.69883
1.7002
1.7015
1.70273
1.70389
1.70497
1.70596
1.70686
1.70767
1.70838
1.70899
1.70949
1.70989
1.71017
1.71034
1.71039
1.71032
1.71012
1.70981
1.70937
1.7088
1.7081
1.70728
1.70633
1.70526
1.70406
1.70273
1.70128
1.69971
1.69802
1.69622
1.6943
1.69227
1.69013
1.68789
1.68555
1.68312
1.6806
1.67799
1.67531
1.67255
1.66972
1.66683
1.66389
1.6609
1.65786
1.6548
1.6517
1.64858
1.64545
1.64232
1.63918
1.63606
1.63294
1.62985
1.62679
1.62376
1.62077
1.61783
1.61494
1.61212
1.60936
1.60666
1.60405
1.60151
1.59905
1.59669
1.59441
1.59223
1.59015
1.58816
1.58628
1.5845
1.58282
1.58125
1.57979
1.57842
1.57716
1.57601
1.57496
1.57401
1.57315
1.5724
1.57174
1.57118
1.5707
1.57032
1.57002
1.56979
1.56965
1.56958
1.56959
1.56966
1.5698
1.57
1.57026
1.57058
1.57095
1.57136
1.57183
1.57233
1.57288
1.57346
1.57408
1.57473
1.5754
1.57611
1.57684
1.57759
1.57836
1.57915
1.57995
1.58076
1.58159
1.58242
1.58327
1.58412
1.58497
1.58582
1.58667
1.58752
1.58837
1.58921
1.59004
1.59086
1.59168
1.59248
1.59326
1.59403
1.59479
1.59552
1.59624
1.59693
1.59759
1.59824
1.59885
1.59944
1.59999
1.60052
1.60102
1.60148
1.6019
1.60229
1.60265
1.60296
1.60324
1.60347
1.60366
1.60381
1.60392
1.60398
1.604
1.60397
1.6039
1.60377
1.60361
1.60339
1.60313
1.60281
1.60245
1.60205
1.60159
1.60109
1.60054
1.59994
1.59929
1.5986
1.59786
1.59708
1.59625
1.59538
1.59447
1.59351
1.59251
1.59147
1.59039
1.58928
1.58812
1.58693
1.58571
1.58445
1.58316
1.58184
1.58049
1.57911
1.57771
1.57628
1.57483
1.57336
1.57187
1.57037
1.56885
1.56732
1.56578
1.56423
1.56268
1.56112
1.55956
1.55801
1.55645
1.55491
1.55337
1.55184
1.55033
1.54884
1.54736
1.54591
1.54448
1.54308
1.54171
1.54037
1.53907
1.5378
1.53657
1.53539
1.53425
1.53316
1.53211
1.53112
1.53018
1.5293
1.52848
1.52771
1.52701
1.52638
1.52581
1.52531
1.52487
1.52451
1.52423
1.52402
1.52389
1.52384
1.52387
1.52399
1.52419
1.52448
1.52485
1.52532
1.52587
1.52651
1.52724
1.52806
1.52898
1.52998
1.53107
1.53225
1.53351
1.53486
1.5363
1.53781
1.5394
1.54107
1.54281
1.54461
1.54648
1.5484
1.55037
1.55239
1.55446
1.55655
1.55868
1.56083
1.563
1.56517
1.56735
1.56953
1.57169
1.57384
1.57597
1.57807
1.58014
1.58217
1.58415
1.58608
1.58796
1.58978
1.59154
1.59324
1.59486
1.59641
1.59789
1.59929
1.60061
1.60186
1.60302
1.60411
1.60512
1.60605
1.60689
1.60767
1.60836
1.60898
1.60953
1.61001
1.61043
1.61078
1.61107
1.6113
1.61148
1.61161
1.6117
1.61174
1.61175
1.61172
1.61167
1.61159
1.6115
1.6114
1.61128
1.61117
1.61106
1.61095
1.61086
1.61079
1.61073
1.61071
1.61072
1.61077
1.61085
1.61099
1.61117
1.61141
1.61171
1.61208
1.61251
1.61301
1.61358
1.61424
1.61497
1.61579
1.61669
1.61768
1.61876
1.61993
1.62119
1.62255
1.624
1.62554
1.62719
1.62893
1.63076
1.63269
1.63472
1.63684
1.63905
1.64135
1.64375
1.64623
1.64881
1.65146
1.6542
1.65702
1.65991
1.66289
1.66593
1.66904
1.67223
1.67547
1.67878
1.68214
1.68555
1.68902
1.69254
1.69609
1.6997
1.70333
1.70701
1.71071
1.71445
1.7182
1.72198
1.72577
1.72958
1.7334
1.73723
1.74106
1.7449
1.74873
1.75256
1.75638
1.76019
1.76399
1.76777
1.77153
1.77527
1.77899
1.78267
1.78633
1.78996
1.79354
1.79709
1.8006
1.80406
1.80748
1.81084
1.81415
1.81741
1.82061
1.82375
1.82682
1.82983
1.83277
1.83564
1.83843
1.84114
1.84378
1.84633
1.8488
1.85117
1.85345
1.85564
1.85773
1.85972
1.86161
1.86338
1.86505
1.86661
1.86806
1.86938
1.87059
1.87167
1.87262
1.87345
1.87415
1.87472
1.87515
1.87544
1.8756
1.87561
1.87548
1.87521
1.87479
1.87423
1.87351
1.87265
1.87164
1.87047
1.86916
1.8677
1.86608
1.86432
1.8624
1.86034
1.85813
1.85577
1.85326
1.85062
1.84783
1.8449
1.84183
1.83863
1.8353
1.83184
1.82825
1.82455
1.82072
1.81678
1.81273
1.80857
1.80432
1.79996
1.79552
1.79099
1.78637
1.78168
1.77692
1.7721
1.76722
1.76228
1.75729
1.75227
1.7472
1.74211
1.73699
1.73185
1.7267
1.72154
1.71638
1.71123
1.70608
1.70096
1.69585
1.69077
1.68573
1.68073
1.67577
1.67086
1.66601
1.66122
1.6565
1.65185
1.64728
1.64279
1.63839
1.63409
1.62988
1.62578
1.62178
1.6179
1.61414
1.6105
1.60699
1.6036
1.60036
1.59725
1.59429
1.59147
1.5888
1.58628
1.58392
1.58171
1.57966
1.57778
1.57605
1.57449
1.57309
1.57186
1.57078
1.56987
1.56913
1.56854
1.56811
1.56784
1.56773
1.56776
1.56795
1.56828
1.56875
1.56936
1.57011
1.57098
1.57198
1.5731
1.57434
1.57568
1.57713
1.57868
1.58033
1.58206
1.58388
1.58577
1.58774
1.58977
1.59186
1.59401
1.59621
1.59845
1.60073
1.60305
1.6054
1.60777
1.61017
1.61258
1.615
1.61743
1.61987
1.6223
1.62474
1.62716
1.62958
1.63199
1.63438
1.63675
1.63911
1.64144
1.64375
1.64603
1.64829
1.65051
1.65271
1.65488
1.65701
1.65911
1.66118
1.66321
1.66521
1.66718
1.66911
1.671
1.67286
1.67469
1.67648
1.67825
1.67998
1.68167
1.68334
1.68498
1.68659
1.68818
1.68973
1.69127
1.69278
1.69426
1.69573
1.69718
1.6986
1.70001
1.7014
1.70278
1.70414
1.7055
1.70684
1.70817
1.70949
1.7108
1.71211
1.71341
1.7147
1.716
1.71729
1.71857
1.71986
1.72114
1.72242
1.7237
1.72498
1.72626
1.72754
1.72883
1.73011
1.7314
1.73269
1.73398
1.73528
1.73657
1.73787
1.73918
1.74048
1.74179
1.74311
1.74442
1.74574
1.74706
1.74838
1.74971
1.75103
1.75236
1.75369
1.75502
1.75636
1.75769
1.75903
1.76036
1.7617
1.76304
1.76438
1.76571
1.76705
1.76839
1.76972
1.77106
1.77239
1.77373
1.77506
1.77639
1.77771
1.77904
1.78036
1.78167
1.78299
1.78429
1.78559
1.78689
1.78817
1.78945
1.79072
1.79198
1.79324
1.79448
1.79571
1.79693
1.79814
1.79933
1.80051
1.80167
1.80282
1.80394
1.80504
1.80613
1.80719
1.80822
1.80923
1.81021
1.81116
1.81209
1.81297
1.81383
1.81465
1.81543
1.81617
1.81687
1.81752
1.81813
1.81869
1.8192
1.81966
1.82006
1.82041
1.8207
1.82093
1.82109
1.82119
1.82122
1.82119
1.82108
1.82091
1.82065
1.82033
1.81992
1.81944
1.81887
1.81823
1.8175
1.81669
1.81579
1.81481
1.81374
1.81259
1.81135
1.81002
1.8086
1.8071
1.80551
1.80383
1.80207
1.80022
1.79829
1.79628
1.79418
1.79201
1.78975
1.78742
1.78501
1.78253
1.77998
1.77736
1.77467
1.77192
1.76911
1.76625
1.76333
1.76035
1.75733
1.75426
1.75116
1.74801
1.74482
1.74161
1.73837
1.7351
1.73181
1.7285
1.72518
1.72185
1.71851
1.71517
1.71182
1.70848
1.70514
1.70181
1.69849
1.69518
1.69189
1.68863
1.68538
1.68216
1.67896
1.67579
1.67265
1.66955
1.66648
1.66344
1.66045
1.6575
1.65458
1.65171
1.64889
1.64611
1.64337
1.64069
1.63805
1.63546
1.63293
1.63045
1.62802
1.62564
1.62332
1.62106
1.61885
1.6167
1.61461
1.61257
1.61059
1.60868
1.60682
1.60503
1.60329
1.60162
1.60001
1.59846
1.59698
1.59555
1.59419
1.5929
1.59167
1.5905
1.58939
1.58835
1.58737
1.58646
1.58561
1.58482
1.5841
1.58344
1.58284
1.5823
1.58183
1.58142
1.58107
1.58078
1.58055
1.58038
1.58027
1.58022
1.58022
1.58028
1.5804
1.58057
1.58079
1.58107
1.5814
1.58178
1.58221
1.58269
1.58322
1.58379
1.58441
1.58507
1.58578
1.58652
1.58731
1.58813
1.58899
1.58989
1.59082
1.59178
1.59277
1.59379
1.59484
1.59591
1.597
1.59811
1.59925
1.6004
1.60156
1.60274
1.60394
1.60514
1.60634
1.60756
1.60877
1.60998
1.6112
1.6124
1.6136
1.6148
1.61598
1.61715
1.6183
1.61944
1.62057
1.62167
1.62275
1.62381
1.62484
1.62585
1.62683
1.62778
1.62871
1.62961
1.63047
1.63131
1.63212
1.6329
1.63365
1.63437
1.63506
1.63573
1.63637
1.63699
1.63758
1.63815
1.6387
1.63923
1.63975
1.64025
1.64074
1.64123
1.64171
1.64218
1.64266
1.64314
1.64363
1.64412
1.64463
1.64515
1.64569
1.64625
1.64684
1.64746
1.6481
1.64879
1.6495
1.65026
1.65106
1.65191
1.65279
1.65373
1.65471
1.65575
1.65684
1.65798
1.65918
1.66043
1.66173
1.6631
1.66452
1.66599
1.66752
1.66911
1.67075
1.67244
1.67418
1.67598
1.67782
1.67971
1.68165
1.68363
1.68566
1.68772
1.68983
1.69197
1.69414
1.69634
1.69857
1.70083
1.70311
1.7054
1.70772
1.71006
1.7124
1.71476
1.71712
1.7195
1.72187
1.72425
1.72663
1.72901
1.73138
1.73374
1.7361
1.73844
1.74078
1.7431
1.74541
1.7477
1.74997
1.75223
1.75447
1.75668
1.75888
1.76105
1.76321
1.76534
1.76745
1.76953
1.77159
1.77363
1.77564
1.77763
1.77959
1.78153
1.78344
1.78533
1.7872
1.78905
1.79087
1.79267
1.79445
1.79621
1.79795
1.79967
1.80138
1.80306
1.80472
1.80637
1.80799
1.8096
1.81119
1.81276
1.81432
1.81586
1.81737
1.81887
1.82035
1.82181
1.82325
1.82467
1.82606
1.82743
1.82877
1.83008
1.83136
1.83261
1.83382
1.835
1.83614
1.83724
1.83829
1.8393
1.84027
1.84118
1.84203
1.84283
1.84357
1.84425
1.84486
1.84541
1.84588
1.84629
1.84661
1.84686
1.84703
1.84712
1.84712
1.84704
1.84687
1.84661
1.84626
1.84582
1.84529
1.84466
1.84393
1.84312
1.8422
1.8412
1.84009
1.83889
1.8376
1.83621
1.83473
1.83315
1.83149
1.82974
1.8279
1.82598
1.82397
1.82188
1.81972
1.81747
1.81515
1.81276
1.81031
1.80778
1.8052
1.80255
1.79985
1.79709
1.79429
1.79143
1.78854
1.7856
1.78263
1.77963
1.77659
1.77353
1.77045
1.76734
1.76422
1.76109
1.75795
1.75481
1.75166
1.74851
1.74537
1.74224
1.73911
1.736
1.73291
1.72983
1.72678
1.72375
1.72076
1.71779
1.71485
1.71196
1.7091
1.70628
1.7035
1.70077
1.69809
1.69546
1.69288
1.69035
1.68788
1.68546
1.6831
1.6808
1.67856
1.67639
1.67427
1.67222
1.67023
1.66831
1.66645
1.66466
1.66293
1.66127
1.65968
1.65815
1.65669
1.6553
1.65397
1.65272
1.65152
1.6504
1.64934
1.64834
1.6474
1.64653
1.64573
1.64498
1.6443
1.64367
1.64311
1.6426
1.64215
1.64176
1.64142
1.64114
1.64092
1.64075
1.64063
1.64056
1.64054
1.64058
1.64066
1.6408
1.64098
1.6412
1.64148
1.6418
1.64216
1.64257
1.64302
1.64351
1.64404
1.64461
1.64523
1.64587
1.64656
1.64728
1.64804
1.64883
1.64965
1.6505
1.65138
1.65228
1.65322
1.65418
1.65516
1.65616
1.65718
1.65822
1.65928
1.66036
1.66144
1.66254
1.66364
1.66475
1.66587
1.66699
1.66812
1.66924
1.67035
1.67147
1.67257
1.67367
1.67476
1.67583
1.67689
1.67793
1.67896
1.67997
1.68096
1.68192
1.68286
1.68377
1.68466
1.68552
1.68635
1.68715
1.68792
1.68866
1.68936
1.69004
1.69067
1.69128
1.69185
1.69238
1.69288
1.69335
1.69377
1.69417
1.69453
1.69485
1.69514
1.6954
1.69562
1.69581
1.69596
1.69608
1.69617
1.69623
1.69626
1.69626
1.69622
1.69616
1.69608
1.69596
1.69582
1.69566
1.69546
1.69525
1.69501
1.69475
1.69446
1.69415
1.69382
1.69347
1.69309
1.6927
1.69228
1.69184
1.69139
1.69092
1.69042
1.68992
1.68939
1.68885
1.68828
1.68771
1.68711
1.6865
1.68587
1.68523
1.68457
1.68389
1.6832
1.6825
1.68178
1.68104
1.6803
1.67953
1.67876
1.67797
1.67718
1.67637
1.67555
1.67471
1.67387
1.67303
1.67217
1.6713
1.67043
1.66956
1.66868
1.6678
1.66691
1.66602
1.66513
1.66424
1.66335
1.66247
1.66158
1.6607
1.65983
1.65896
1.65809
1.65723
1.65638
1.65554
1.65471
1.65389
1.65308
1.65228
1.6515
1.65073
1.64997
1.64923
1.6485
1.64779
1.6471
1.64642
1.64576
1.64511
1.64448
1.64387
1.64327
1.64269
1.64213
1.64159
1.64106
1.64055
1.64005
1.63958
1.63911
1.63867
1.63824
1.63782
1.63742
1.63704
1.63667
1.63631
1.63597
1.63564
1.63533
1.63503
1.63474
1.63447
1.6342
1.63395
1.63371
1.63348
1.63326
1.63305
1.63285
1.63266
1.63247
1.6323
1.63213
1.63197
1.63182
1.63168
1.63155
1.63142
1.6313
1.63119
1.63108
1.63098
1.63089
1.63081
1.63073
1.63065
1.63058
1.63052
1.63047
1.63042
1.63037
1.63033
1.6303
1.63027
1.63025
1.63024
1.63023
1.63023
1.63024
1.63025
1.63026
1.63029
1.63032
1.63036
1.6304
1.63045
1.63051
1.63058
1.63065
1.63073
1.63082
1.63091
1.63102
1.63113
1.63125
1.63138
1.63152
1.63167
1.63183
1.63199
1.63218
1.63237
1.63257
1.63279
1.63302
1.63327
1.63353
1.6338
1.63409
1.6344
1.63473
1.63507
1.63544
1.63583
1.63623
1.63667
1.63712
1.6376
1.6381
1.63864
1.63919
1.63978
1.64039
1.64104
1.64171
1.64242
1.64316
1.64393
1.64473
1.64557
1.64643
1.64733
1.64827
1.64923
1.65023
1.65126
1.65232
1.65341
1.65453
1.65568
1.65686
1.65806
1.65929
1.66054
1.66181
1.66311
1.66442
1.66575
1.6671
1.66846
1.66983
1.6712
1.67258
1.67397
1.67535
1.67674
1.67812
1.67949
1.68085
1.6822
1.68354
1.68486
1.68615
1.68743
1.68868
1.6899
1.69109
1.69225
1.69337
1.69446
1.6955
1.69651
1.69747
1.69838
1.69925
1.70007
1.70084
1.70156
1.70223
1.70284
1.7034
1.7039
1.70435
1.70474
1.70507
1.70535
1.70556
1.70572
1.70582
1.70586
1.70584
1.70577
1.70564
1.70545
1.70521
1.70492
1.70458
1.70418
1.70374
1.70324
1.70271
1.70212
1.7015
1.70084
1.70013
1.6994
1.69863
1.69783
1.697
1.69615
1.69528
1.69438
1.69348
1.69255
1.69162
1.69069
1.68974
1.6888
1.68786
1.68692
1.68599
1.68507
1.68416
1.68327
1.68239
1.68154
1.68071
1.6799
1.67911
1.67836
1.67764
1.67695
1.67629
1.67567
1.67509
1.67454
1.67403
1.67357
1.67314
1.67276
1.67241
1.67211
1.67186
1.67164
1.67147
1.67134
1.67125
1.67121
1.67121
1.67125
1.67134
1.67147
1.67164
1.67185
1.67211
1.67241
1.67275
1.67313
1.67355
1.67401
1.6745
1.67504
1.67561
1.67622
1.67687
1.67755
1.67827
1.67902
1.6798
1.68062
1.68147
1.68235
1.68326
1.6842
1.68517
1.68617
1.68719
1.68824
1.68931
1.6904
1.69151
1.69265
1.69381
1.69498
1.69617
1.69737
1.69859
1.69982
1.70106
1.70231
1.70356
1.70483
1.70609
1.70736
1.70863
1.7099
1.71117
1.71244
1.7137
1.71495
1.7162
1.71743
1.71866
1.71987
1.72107
1.72226
1.72343
1.72458
1.72571
1.72682
1.72791
1.72897
1.73002
1.73103
1.73203
1.73299
1.73393
1.73483
1.7357
1.73654
1.73735
1.73812
1.73885
1.73955
1.7402
1.74082
1.74139
1.74192
1.7424
1.74283
1.74322
1.74357
1.74386
1.7441
1.74429
1.74442
1.7445
1.74453
1.74449
1.7444
1.74425
1.74404
1.74378
1.74345
1.74306
1.7426
1.74209
1.74151
1.74087
1.74016
1.73939
1.73856
1.73766
1.7367
1.73568
1.73459
1.73345
1.73224
1.73098
1.72966
1.72828
1.72684
1.72536
1.72382
1.72223
1.72059
1.71891
1.71719
1.71542
1.71361
1.71176
1.70988
1.70797
1.70603
1.70407
1.70208
1.70006
1.69803
1.69599
1.69393
1.69186
1.68979
1.68771
1.68563
1.68355
1.68147
1.67939
1.67732
1.67526
1.67321
1.67118
1.66916
1.66716
1.66517
1.66321
1.66127
1.65935
1.65745
1.65558
1.65374
1.65192
1.65013
1.64837
1.64664
1.64494
1.64327
1.64164
1.64003
1.63846
1.63691
1.63541
1.63393
1.63249
1.63108
1.6297
1.62836
1.62705
1.62578
1.62454
1.62334
1.62218
1.62104
1.61995
1.61889
1.61787
1.61689
1.61594
1.61504
1.61417
1.61334
1.61256
1.61181
1.61111
1.61046
1.60984
1.60928
1.60875
1.60828
1.60785
1.60747
1.60714
1.60686
1.60662
1.60644
1.60632
1.60624
1.60622
1.60625
1.60634
1.60648
1.60668
1.60693
1.60724
1.60761
1.60804
1.60852
1.60906
1.60966
1.61031
1.61103
1.6118
1.61263
1.61351
1.61445
1.61545
1.6165
1.61761
1.61878
1.62
1.62127
1.62259
1.62397
1.6254
1.62688
1.62841
1.62998
1.63161
1.63327
1.63498
1.63674
1.63853
1.64036
1.64223
1.64413
1.64607
1.64804
1.65003
1.65205
1.6541
1.65616
1.65825
1.66034
1.66245
1.66458
1.6667
1.66883
1.67096
1.67309
1.67521
1.67732
1.67942
1.6815
1.68357
1.68561
1.68762
1.6896
1.69154
1.69345
1.69532
1.69715
1.69892
1.70065
1.70232
1.70393
1.70549
1.70698
1.70841
1.70977
1.71106
1.71228
1.71342
1.71449
1.71548
1.7164
1.71723
1.71799
1.71866
1.71926
1.71977
1.7202
1.72056
1.72083
1.72102
1.72113
1.72117
1.72112
1.72101
1.72082
1.72055
1.72022
1.71981
1.71934
1.7188
1.7182
1.71754
1.71682
1.71605
1.71522
1.71434
1.7134
1.71242
1.7114
1.71033
1.70922
1.70808
1.70689
1.70568
1.70443
1.70315
1.70184
1.7005
1.69914
1.69775
1.69635
1.69492
1.69347
1.692
1.69052
1.68902
1.6875
1.68597
1.68443
1.68287
1.6813
1.67972
1.67813
1.67653
1.67492
1.6733
1.67167
1.67004
1.66839
1.66674
1.66508
1.66341
1.66174
1.66007
1.65838
1.6567
1.65501
1.65331
1.65162
1.64992
1.64822
1.64652
1.64482
1.64312
1.64143
1.63974
1.63805
1.63637
1.63469
1.63302
1.63136
1.62971
1.62808
1.62645
1.62484
1.62325
1.62168
1.62012
1.61859
1.61708
1.6156
1.61414
1.61272
1.61132
1.60997
1.60864
1.60736
1.60612
1.60492
1.60376
1.60265
1.60159
1.60059
1.59963
1.59873
1.59789
1.5971
1.59638
1.59571
1.59511
1.59458
1.59411
1.59371
1.59337
1.59311
1.59292
1.5928
1.59275
1.59278
1.59288
1.59306
1.59331
1.59364
1.59404
1.59452
1.59507
1.5957
1.59641
1.59719
1.59805
1.59898
1.59999
1.60107
1.60222
1.60344
1.60474
1.60611
1.60755
1.60905
1.61063
1.61227
1.61398
1.61575
1.61759
1.61949
1.62145
1.62348
1.62556
1.6277
1.6299
1.63216
1.63446
1.63682
1.63923
1.64169
1.6442
1.64675
1.64934
1.65197
1.65464
1.65735
1.66009
1.66286
1.66566
1.66848
1.67132
1.67419
1.67707
1.67996
1.68286
1.68576
1.68867
1.69157
1.69447
1.69736
1.70024
1.7031
1.70594
1.70876
1.71155
1.71431
1.71703
1.71971
1.72235
1.72494
1.72749
1.72997
1.73241
1.73478
1.73709
1.73933
1.74151
1.74361
1.74564
1.74759
1.74947
1.75126
1.75297
1.7546
1.75614
1.75759
1.75896
1.76023
1.76142
1.76251
1.76351
1.76442
1.76524
1.76597
1.76661
1.76716
1.76761
1.76798
1.76826
1.76846
1.76857
1.7686
1.76855
1.76842
1.76821
1.76793
1.76757
1.76715
1.76665
1.76609
1.76547
1.76479
1.76406
1.76326
1.76242
1.76153
1.76059
1.75961
1.75858
1.75752
1.75643
1.7553
1.75415
1.75297
1.75176
1.75053
1.74928
1.74801
1.74673
1.74544
1.74413
1.74282
1.7415
1.74017
1.73885
1.73752
1.7362
1.73488
1.73357
1.73226
1.73097
1.72968
1.72841
1.72716
1.72592
1.72471
1.72351
1.72234
1.7212
1.72008
1.71899
1.71794
1.71692
1.71594
1.715
1.7141
1.71324
1.71243
1.71168
1.71097
1.71032
1.70972
1.70918
1.70871
1.7083
1.70795
1.70766
1.70745
1.7073
1.70723
1.70722
1.70729
1.70744
1.70765
1.70794
1.7083
1.70874
1.70925
1.70983
1.71048
1.71121
1.712
1.71286
1.71379
1.71478
1.71583
1.71695
1.71812
1.71934
1.72062
1.72194
1.72331
1.72473
1.72619
1.72768
1.72921
1.73077
1.73235
1.73396
1.7356
1.73725
1.73892
1.7406
1.74229
1.74398
1.74568
1.74738
1.74908
1.75077
1.75245
1.75413
1.75579
1.75743
1.75906
1.76066
1.76225
1.76381
1.76534
1.76684
1.76831
1.76976
1.77116
1.77253
1.77386
1.77515
1.7764
1.77761
1.77877
1.77988
1.78095
1.78197
1.78294
1.78386
1.78472
1.78554
1.7863
1.78701
1.78766
1.78826
1.7888
1.78929
1.78972
1.79009
1.7904
1.79065
1.79085
1.79099
1.79107
1.79109
1.79106
1.79096
1.79081
1.7906
1.79033
1.79
1.78961
1.78917
1.78867
1.78812
1.78751
1.78684
1.78613
1.78535
1.78452
1.78364
1.78271
1.78173
1.78069
1.7796
1.77846
1.77727
1.77604
1.77475
1.77341
1.77202
1.77059
1.76911
1.76758
1.76601
1.76439
1.76272
1.76101
1.75926
1.75746
1.75562
1.75374
1.75181
1.74985
1.74784
1.7458
1.74371
1.74159
1.73943
1.73723
1.735
1.73273
1.73042
1.72808
1.72571
1.72331
1.72088
1.71842
1.71593
1.71341
1.71087
1.70829
1.7057
1.70308
1.70044
1.69777
1.69509
1.69238
1.68967
1.68693
1.68419
1.68143
1.67865
1.67587
1.67309
1.67029
1.66749
1.66469
1.66189
1.65908
1.65628
1.65348
1.65068
1.64789
1.64511
1.64233
1.63957
1.63682
1.63409
1.63136
1.62866
1.62598
1.62331
1.62067
1.61805
1.61545
1.61289
1.61035
1.60783
1.60535
1.60291
1.60049
1.59811
1.59578
1.59348
1.59122
1.589
1.58683
1.5847
1.58262
1.58059
1.57861
1.57669
1.57482
1.57301
1.57125
1.56956
1.56793
1.56637
1.56488
1.56345
1.5621
1.56082
1.55962
1.5585
1.55745
1.55649
1.55562
1.55483
1.55413
1.55352
1.55301
1.55258
1.55226
1.55203
1.5519
1.55187
1.55193
1.5521
1.55237
1.55275
1.55322
1.5538
1.55448
1.55526
1.55614
1.55712
1.5582
1.55937
1.56064
1.562
1.56346
1.565
1.56663
1.56835
1.57015
1.57202
1.57398
1.576
1.5781
1.58026
1.58248
1.58476
1.5871
1.58949
1.59192
1.5944
1.59691
1.59946
1.60204
1.60464
1.60726
1.6099
1.61255
1.61521
1.61787
1.62054
1.6232
1.62585
1.62849
1.63111
1.63372
1.6363
1.63885
1.64137
1.64386
1.64632
1.64873
1.65111
1.65344
1.65572
1.65796
1.66015
1.66229
1.66437
1.6664
1.66837
1.67029
1.67214
1.67394
1.67568
1.67737
1.67899
1.68055
1.68206
1.6835
1.68489
1.68622
1.68749
1.6887
1.68986
1.69097
1.69202
1.69303
1.69398
1.69488
1.69573
1.69654
1.69731
1.69803
1.69871
1.69935
1.69995
1.70052
1.70105
1.70155
1.70201
1.70245
1.70285
1.70323
1.70357
1.7039
1.7042
1.70447
1.70472
1.70495
1.70516
1.70535
1.70552
1.70567
1.7058
1.70592
1.70601
1.70608
1.70613
1.70616
1.70617
1.70616
1.70613
1.70607
1.70599
1.70589
1.70576
1.7056
1.70542
1.70521
1.70496
1.70469
1.70439
1.70405
1.70369
1.70328
1.70284
1.70237
1.70186
1.70132
1.70074
1.70012
1.69946
1.69876
1.69803
1.69726
1.69645
1.69561
1.69473
1.69381
1.69285
1.69187
1.69084
1.68979
1.6887
1.68759
1.68645
1.68528
1.68408
1.68287
1.68163
1.68037
1.67909
1.6778
1.67649
1.67517
1.67383
1.67249
1.67114
1.66978
1.66842
1.66705
1.66568
1.66432
1.66295
1.66158
1.66022
1.65886
1.6575
1.65615
1.6548
1.65346
1.65212
1.65079
1.64946
1.64814
1.64683
1.64552
1.64422
1.64292
1.64163
1.64035
1.63906
1.63779
1.63651
1.63524
1.63397
1.63271
1.63145
1.63019
1.62894
1.62769
1.62644
1.62519
1.62395
1.62271
1.62148
1.62026
1.61904
1.61783
1.61664
1.61545
1.61427
1.61311
1.61197
1.61084
1.60973
1.60864
1.60758
1.60654
1.60553
1.60455
1.6036
1.60268
1.60179
1.60094
1.60013
1.59936
1.59862
1.59793
1.59728
1.59667
1.59611
1.59559
1.59512
1.59469
1.5943
1.59396
1.59366
1.59341
1.59319
1.59302
1.59289
1.59279
1.59273
1.5927
1.5927
1.59274
1.5928
1.59289
1.593
1.59314
1.5933
1.59347
1.59366
1.59387
1.59408
1.59431
1.59455
1.59479
1.59504
1.59529
1.59554
1.59579
1.59604
1.59628
1.59653
1.59677
1.597
1.59723
1.59746
1.59767
1.59789
1.59809
1.59829
1.59849
1.59867
1.59886
1.59904
1.59921
1.59938
1.59955
1.59971
1.59987
1.60003
1.60019
1.60035
1.60052
1.60068
1.60085
1.60102
1.6012
1.60138
1.60157
1.60177
1.60198
1.6022
1.60243
1.60267
1.60292
1.60319
1.60347
1.60377
1.60408
1.60442
1.60477
1.60514
1.60553
1.60595
1.60639
1.60685
1.60734
1.60785
1.6084
1.60897
1.60957
1.61019
1.61086
1.61155
1.61228
1.61304
1.61383
1.61467
1.61554
1.61644
1.61739
1.61838
1.61941
1.62048
1.6216
1.62276
1.62397
1.62522
1.62653
1.62788
1.62928
1.63073
1.63223
1.63378
1.63539
1.63704
1.63875
1.64052
1.64233
1.6442
1.64613
1.64811
1.65015
1.65224
1.65438
1.65658
1.65883
1.66114
1.66349
1.6659
1.66835
1.67085
1.6734
1.67599
1.67863
1.68131
1.68403
1.68678
1.68957
1.69238
1.69523
1.6981
1.70099
1.70391
1.70683
1.70977
1.71272
1.71567
1.71862
1.72157
1.72451
1.72744
1.73034
1.73323
1.73609
1.73893
1.74172
1.74448
1.74719
1.74986
1.75247
1.75503
1.75752
1.75995
1.76232
1.7646
1.76682
1.76895
1.771
1.77296
1.77484
1.77661
1.7783
1.77988
1.78136
1.78274
1.78401
1.78518
1.78623
1.78718
1.78801
1.78874
1.78935
1.78984
1.79022
1.79049
1.79065
1.79069
1.79062
1.79044
1.79015
1.78975
1.78924
1.78863
1.78791
1.78709
1.78617
1.78515
1.78403
1.78282
1.78152
1.78012
1.77864
1.77708
1.77544
1.77372
1.77192
1.77006
1.76812
1.76612
1.76405
1.76192
1.75974
1.7575
1.7552
1.75286
1.75047
1.74804
1.74557
1.74306
1.74051
1.73793
1.73531
1.73267
1.73
1.72731
1.72459
1.72185
1.71909
1.71632
1.71353
1.71073
1.70792
1.70511
1.70228
1.69945
1.69662
1.69379
1.69095
1.68813
1.68531
1.68249
1.67969
1.6769
1.67413
1.67137
1.66864
1.66592
1.66323
1.66057
1.65794
1.65533
1.65276
1.65023
1.64773
1.64527
1.64286
1.64049
1.63817
1.6359
1.63368
1.63152
1.62942
1.62737
1.62538
1.62346
1.6216
1.61981
1.61809
1.61644
1.61486
1.61336
1.61193
1.61058
1.6093
1.60811
1.60699
1.60595
1.605
1.60413
1.60334
1.60264
1.60202
1.60148
1.60103
1.60066
1.60037
1.60017
1.60005
1.60001
1.60005
1.60018
1.60038
1.60067
1.60103
1.60147
1.60198
1.60257
1.60324
1.60397
1.60477
1.60564
1.60657
1.60757
1.60863
1.60975
1.61092
1.61216
1.61344
1.61477
1.61616
1.61758
1.61905
1.62056
1.62211
1.6237
1.62531
1.62696
1.62863
1.63033
1.63206
1.6338
1.63557
1.63735
1.63914
1.64095
1.64277
1.64459
1.64642
1.64826
1.6501
1.65194
1.65377
1.65561
1.65744
1.65926
1.66108
1.66289
1.66469
1.66648
1.66826
1.67003
1.67178
1.67352
1.67525
1.67696
1.67866
1.68034
1.68201
1.68366
1.68529
1.68692
1.68852
1.69012
1.69169
1.69326
1.69481
1.69635
1.69788
1.6994
1.7009
1.7024
1.70389
1.70537
1.70685
1.70831
1.70978
1.71124
1.71269
1.71415
1.7156
1.71705
1.71851
1.71996
1.72141
1.72287
1.72433
1.72579
1.72725
1.72872
1.73018
1.73166
1.73313
1.73461
1.7361
1.73759
1.73908
1.74057
1.74207
1.74357
1.74506
1.74656
1.74806
1.74955
1.75104
1.75253
1.75401
1.75549
1.75695
1.75841
1.75986
1.76129
1.7627
1.76411
1.76549
1.76685
1.76819
1.76951
1.77081
1.77207
1.77331
1.77451
1.77568
1.77682
1.77791
1.77897
1.77999
1.78096
1.78189
1.78277
1.78361
1.78439
1.78513
1.7858
1.78643
1.78699
1.7875
1.78795
1.78834
1.78866
1.78893
1.78913
1.78926
1.78933
1.78934
1.78928
1.78916
1.78898
1.78872
1.78841
1.78803
1.78758
1.78708
1.78651
1.78588
1.78519
1.78445
1.78365
1.78279
1.78188
1.78092
1.77991
1.77886
1.77776
1.77662
1.77545
1.77423
1.77299
1.77171
1.77041
1.76908
1.76772
1.76635
1.76496
1.76356
1.76215
1.76073
1.7593
1.75787
1.75643
1.755
1.75357
1.75215
1.75074
1.74933
1.74794
1.74656
1.74519
1.74384
1.74251
1.74119
1.7399
1.73862
1.73737
1.73614
1.73493
1.73374
1.73257
1.73142
1.7303
1.72919
1.7281
1.72704
1.72599
1.72496
1.72394
1.72294
1.72194
1.72096
1.71999
1.71903
1.71807
1.71711
1.71615
1.7152
1.71424
1.71327
1.71231
1.71133
1.71035
1.70935
1.70835
1.70733
1.7063
1.70526
1.7042
1.70313
1.70205
1.70096
1.69985
1.69873
1.69761
1.69647
1.69533
1.69419
1.69305
1.69191
1.69078
1.68966
1.68855
1.68745
1.68638
1.68533
1.6843
1.68331
1.68235
1.68143
1.68055
1.67972
1.67893
1.67819
1.67751
1.67687
1.6763
1.67578
1.67533
1.67493
1.67459
1.67431
1.67409
1.67393
1.67383
1.67379
1.6738
1.67387
1.67398
1.67415
1.67437
1.67463
1.67493
1.67527
1.67565
1.67606
1.6765
1.67698
1.67747
1.678
1.67854
1.6791
1.67968
1.68027
1.68088
1.6815
1.68213
1.68276
1.68341
1.68405
1.68471
1.68537
1.68603
1.6867
1.68737
1.68804
1.68872
1.6894
1.69008
1.69076
1.69145
1.69214
1.69284
1.69354
1.69424
1.69496
1.69568
1.6964
1.69714
1.69788
1.69863
1.69939
1.70016
1.70095
1.70174
1.70255
1.70336
1.70419
1.70503
1.70588
1.70675
1.70763
1.70852
1.70943
1.71034
1.71127
1.71222
1.71317
1.71413
1.71511
1.7161
1.71709
1.71809
1.71911
1.72012
1.72115
1.72218
1.72321
1.72425
1.72529
1.72633
1.72738
1.72842
1.72946
1.7305
1.73153
1.73255
1.73357
1.73459
1.73559
1.73658
1.73756
1.73852
1.73947
1.74041
1.74132
1.74221
1.74308
1.74393
1.74475
1.74555
1.74631
1.74705
1.74775
1.74842
1.74905
1.74965
1.75021
1.75073
1.7512
1.75164
1.75203
1.75238
1.75268
1.75293
1.75314
1.75329
1.7534
1.75345
1.75345
1.75339
1.75329
1.75312
1.7529
1.75263
1.7523
1.75192
1.75147
1.75098
1.75043
1.74982
1.74916
1.74845
1.74769
1.74688
1.74602
1.74511
1.74415
1.74316
1.74212
1.74105
1.73994
1.73879
1.73762
1.73642
1.7352
1.73395
1.73269
1.73142
1.73014
1.72884
1.72755
1.72626
1.72497
1.72369
1.72242
1.72117
1.71993
1.71872
1.71754
1.71638
1.71525
1.71416
1.7131
1.71207
1.71109
1.71015
1.70926
1.70841
1.7076
1.70684
1.70612
1.70545
1.70483
1.70425
1.70372
1.70323
1.70279
1.70239
1.70203
1.70172
1.70145
1.70122
1.70102
1.70086
1.70074
1.70065
1.70059
1.70057
1.70057
1.7006
1.70066
1.70075
1.70086
1.70099
1.70115
1.70133
1.70154
1.70176
1.70201
1.70227
1.70256
1.70286
1.70319
1.70353
1.7039
1.70428
1.70469
1.70512
1.70557
1.70603
1.70653
1.70704
1.70758
1.70815
1.70874
1.70936
1.71
1.71068
1.71139
1.71212
1.71289
1.71369
1.71453
1.71539
1.7163
1.71724
1.71822
1.71923
1.72029
1.72138
1.72251
1.72368
1.72489
1.72614
1.72743
1.72876
1.73013
1.73154
1.73299
1.73448
1.73601
1.73758
1.73919
1.74083
1.7425
1.74421
1.74596
1.74773
1.74953
1.75137
1.75322
1.75511
1.75701
1.75894
1.76088
1.76284
1.76481
1.7668
1.76879
1.77079
1.7728
1.7748
1.7768
1.7788
1.78079
1.78276
1.78473
1.78667
1.78859
1.79049
1.79237
1.79421
1.79602
1.79779
1.79952
1.80121
1.80286
1.80445
1.80599
1.80748
1.8089
1.81027
1.81157
1.8128
1.81396
1.81505
1.81606
1.81699
1.81783
1.8186
1.81928
1.81986
1.82036
1.82076
1.82107
1.82128
1.82139
1.8214
1.82131
1.82111
1.82081
1.82041
1.8199
1.81928
1.81856
1.81773
1.81679
1.81574
1.81459
1.81333
1.81197
1.8105
1.80893
1.80725
1.80548
1.8036
1.80163
1.79956
1.7974
1.79515
1.79281
1.79038
1.78788
1.78529
1.78263
1.7799
1.7771
1.77423
1.77129
1.7683
1.76526
1.76217
1.75902
1.75584
1.75261
1.74935
1.74606
1.74274
1.73939
1.73603
1.73265
1.72926
1.72586
1.72245
1.71905
1.71564
1.71225
1.70887
1.7055
1.70215
1.69882
1.69552
1.69224
1.689
1.6858
1.68264
1.67952
1.67644
1.67342
1.67046
1.66755
1.66471
1.66193
1.65922
1.65659
1.65403
1.65155
1.64916
1.64686
1.64465
1.64253
1.64052
1.6386
1.63679
1.63509
1.6335
1.63202
1.63066
1.62942
1.62831
1.62731
1.62645
1.62571
1.6251
1.62462
1.62427
1.62406
1.62398
1.62403
1.62421
1.62453
1.62498
1.62556
1.62627
1.6271
1.62806
1.62914
1.63034
1.63166
1.63309
1.63463
1.63627
1.63802
1.63987
1.64181
1.64384
1.64596
1.64815
1.65042
1.65276
1.65516
1.65763
1.66014
1.66271
1.66531
1.66796
1.67063
1.67334
1.67606
1.6788
1.68155
1.68431
1.68706
1.68982
1.69256
1.69529
1.69801
1.7007
1.70337
1.706
1.70861
1.71117
1.71369
1.71617
1.7186
1.72099
1.72331
1.72559
1.7278
1.72995
1.73204
1.73407
1.73603
1.73792
1.73975
1.7415
1.74319
1.74481
1.74636
1.74783
1.74924
1.75057
1.75184
1.75303
1.75416
1.75521
1.7562
1.75712
1.75797
1.75875
1.75947
1.76013
1.76072
1.76125
1.76171
1.76212
1.76248
1.76277
1.76301
1.76319
1.76333
1.76341
1.76344
1.76342
1.76335
1.76323
1.76307
1.76286
1.76261
1.76232
1.76198
1.7616
1.76117
1.76071
1.7602
1.75966
1.75907
1.75845
1.75778
1.75708
1.75633
1.75555
1.75473
1.75387
1.75297
1.75203
1.75106
1.75005
1.749
1.74792
1.7468
1.74564
1.74444
1.74321
1.74195
1.74065
1.73932
1.73796
1.73656
1.73513
1.73368
1.7322
1.73069
1.72915
1.72759
1.72601
1.72441
1.72279
1.72115
1.7195
1.71783
1.71615
1.71446
1.71277
1.71107
1.70938
1.70768
1.70599
1.7043
1.70262
1.70096
1.69931
1.69767
1.69606
1.69447
1.6929
1.69137
1.68986
1.68839
1.68696
1.68556
1.68421
1.6829
1.68164
1.68042
1.67926
1.67816
1.6771
1.67611
1.67518
1.6743
1.67349
1.67275
1.67207
1.67146
1.67091
1.67044
1.67003
1.6697
1.66944
1.66925
1.66913
1.66908
1.66911
1.66921
1.66938
1.66963
1.66994
1.67033
1.67078
1.67131
1.6719
1.67257
1.6733
1.67409
1.67495
1.67587
1.67686
1.6779
1.679
1.68016
1.68137
1.68263
1.68395
1.68532
1.68673
1.68819
1.6897
1.69124
1.69283
1.69446
1.69612
1.69781
1.69954
1.7013
1.70309
1.70491
1.70675
1.70861
1.71049
1.7124
1.71432
1.71626
1.71821
1.72018
1.72216
1.72414
1.72613
1.72813
1.73013
1.73213
1.73414
1.73614
1.73814
1.74013
1.74212
1.7441
1.74607
1.74802
1.74996
1.75189
1.7538
1.75569
1.75755
1.7594
1.76122
1.76302
1.76479
1.76653
1.76824
1.76992
1.77156
1.77317
1.77474
1.77627
1.77775
1.7792
1.7806
1.78195
1.78326
1.78452
1.78572
1.78688
1.78798
1.78902
1.79001
1.79094
1.79181
1.79262
1.79336
1.79405
1.79467
1.79523
1.79572
1.79615
1.79651
1.79679
1.79702
1.79717
1.79725
1.79726
1.7972
1.79707
1.79687
1.7966
1.79626
1.79586
1.79538
1.79483
1.79422
1.79353
1.79279
1.79197
1.79109
1.79015
1.78915
1.78808
1.78696
1.78578
1.78454
1.78324
1.7819
1.7805
1.77906
1.77756
1.77602
1.77444
1.77282
1.77116
1.76946
1.76772
1.76595
1.76416
1.76233
1.76048
1.75861
1.75672
1.75481
1.75288
1.75094
1.749
1.74704
1.74508
1.74312
1.74115
1.73919
1.73723
1.73528
1.73334
1.73141
1.7295
1.7276
1.72572
1.72387
1.72204
1.72024
1.71846
1.71672
1.71501
1.71334
1.71171
1.71012
1.70856
1.70706
1.7056
1.7042
1.70284
1.70154
1.70029
1.6991
1.69796
1.69689
1.69589
1.69494
1.69407
1.69326
1.69252
1.69186
1.69127
1.69075
1.6903
1.68994
1.68965
1.68944
1.68931
1.68926
1.68929
1.68941
1.6896
1.68988
1.69023
1.69067
1.6912
1.6918
1.69249
1.69326
1.69411
1.69503
1.69604
1.69712
1.69827
1.69949
1.70079
1.70216
1.70359
1.70509
1.70664
1.70826
1.70994
1.71166
1.71344
1.71527
1.71714
1.71905
1.72099
1.72297
1.72498
1.72701
1.72907
1.73115
1.73324
1.73534
1.73745
1.73956
1.74167
1.74377
1.74587
1.74795
1.75001
1.75206
1.75408
1.75608
1.75804
1.75997
1.76186
1.76372
1.76552
1.76728
1.76899
1.77064
1.77224
1.77378
1.77526
1.77667
1.77802
1.7793
1.78051
1.78165
1.78271
1.78371
1.78462
1.78546
1.78622
1.78691
1.78751
1.78803
1.78848
1.78884
1.78912
1.78932
1.78944
1.78948
1.78944
1.78933
1.78913
1.78885
1.7885
1.78808
1.78757
1.787
1.78636
1.78565
1.78487
1.78403
1.78312
1.78215
1.78112
1.78003
1.7789
1.77771
1.77647
1.77519
1.77386
1.7725
1.77109
1.76966
1.7682
1.7667
1.76519
1.76366
1.76211
1.76055
1.75898
1.7574
1.75582
1.75425
1.75269
1.75113
1.74959
1.74807
1.74657
1.74509
1.74365
1.74223
1.74085
1.73951
1.73821
1.73695
1.73574
1.73458
1.73347
1.73242
1.73142
1.73048
1.7296
1.72878
1.72802
1.72732
1.72668
1.72611
1.7256
1.72515
1.72476
1.72444
1.72418
1.72397
1.72383
1.72374
1.72372
1.72374
1.72382
1.72396
1.72414
1.72437
1.72465
1.72497
1.72534
1.72575
1.72619
1.72668
1.7272
1.72776
1.72835
1.72897
1.72962
1.73031
1.73102
1.73176
1.73253
1.73333
1.73415
1.73499
1.73586
1.73675
1.73767
1.73861
1.73958
1.74056
1.74158
1.74261
1.74368
1.74476
1.74587
1.74701
1.74817
1.74936
1.75057
1.7518
1.75306
1.75435
1.75565
1.75699
1.75834
1.75972
1.76112
1.76255
1.76399
1.76546
1.76694
1.76844
1.76996
1.77149
1.77304
1.77459
1.77616
1.77773
1.77931
1.78088
1.78246
1.78404
1.78561
1.78718
1.78873
1.79028
1.7918
1.79331
1.7948
1.79627
1.7977
1.79911
1.80049
1.80183
1.80313
1.80439
1.80561
1.80678
1.8079
1.80897
1.80998
1.81093
1.81183
1.81266
1.81343
1.81413
1.81477
1.81533
1.81583
1.81625
1.8166
1.81687
1.81706
1.81718
1.81722
1.81719
1.81707
1.81688
1.8166
1.81625
1.81581
1.8153
1.81471
1.81404
1.8133
1.81247
1.81158
1.8106
1.80956
1.80844
1.80726
1.806
1.80468
1.8033
1.80184
1.80033
1.79876
1.79713
1.79545
1.79371
1.79193
1.79009
1.78821
1.78628
1.78432
1.78231
1.78027
1.77819
1.77608
1.77394
1.77177
1.76957
1.76735
1.76512
1.76286
1.76059
1.7583
1.756
1.75369
1.75137
1.74905
1.74672
1.7444
1.74207
1.73974
1.73741
1.73509
1.73277
1.73046
1.72815
1.72586
1.72357
1.7213
1.71903
1.71678
1.71455
1.71232
1.71011
1.70792
1.70574
1.70358
1.70143
1.6993
1.69718
1.69508
1.693
1.69094
1.68889
1.68685
1.68483
1.68283
1.68084
1.67887
1.67691
1.67497
1.67304
1.67112
1.66921
1.66732
1.66544
1.66356
1.6617
1.65985
1.65801
1.65617
1.65434
1.65252
1.65071
1.6489
1.64709
1.64529
1.64349
1.6417
1.6399
1.63811
1.63632
1.63453
1.63274
1.63094
1.62915
1.62736
1.62556
1.62376
1.62196
1.62016
1.61835
1.61654
1.61472
1.61291
1.61109
1.60926
1.60744
1.60561
1.60378
1.60195
1.60012
1.5983
1.59647
1.59465
1.59282
1.59101
1.5892
1.5874
1.58561
1.58383
1.58207
1.58032
1.57859
1.57688
1.57519
1.57353
1.5719
1.5703
1.56872
1.56719
1.56569
1.56424
1.56283
1.56147
1.56015
1.55889
1.55769
1.55655
1.55546
1.55444
1.55349
1.5526
1.55179
1.55105
1.55038
1.54979
1.54927
1.54884
1.54849
1.54822
1.54804
1.54794
1.54792
1.54799
1.54815
1.5484
1.54873
1.54915
1.54965
1.55024
1.55092
1.55168
1.55253
1.55346
1.55447
1.55556
1.55674
1.55799
1.55932
1.56073
1.56221
1.56376
1.56538
1.56707
1.56882
1.57064
1.57251
1.57444
1.57642
1.57846
1.58053
1.58265
1.58481
1.58701
1.58923
1.59148
1.59375
1.59603
1.59833
1.60063
1.60293
1.60523
1.60752
1.6098
1.61206
1.61429
1.6165
1.61867
1.6208
1.62289
1.62494
1.62693
1.62886
1.63073
1.63254
1.63428
1.63595
1.63755
1.63906
1.6405
1.64186
1.64314
1.64433
1.64544
1.64645
1.64738
1.64822
1.64896
1.64962
1.65019
1.65067
1.65107
1.65137
1.65159
1.65173
1.65178
1.65175
1.65164
1.65145
1.65119
1.65085
1.65045
1.64997
1.64943
1.64882
1.64815
1.64743
1.64665
1.64582
1.64494
1.64402
1.64305
1.64204
1.641
1.63993
1.63882
1.63769
1.63653
1.63535
1.63416
1.63295
1.63173
1.63049
1.62926
1.62802
1.62677
1.62553
1.6243
1.62306
1.62184
1.62063
1.61943
1.61825
1.61708
1.61594
1.61481
1.6137
1.61261
1.61155
1.61051
1.6095
1.60852
1.60756
1.60664
1.60574
1.60487
1.60403
1.60322
1.60245
1.6017
1.60098
1.6003
1.59965
1.59902
1.59843
1.59787
1.59734
1.59685
1.59638
1.59595
1.59555
1.59518
1.59484
1.59453
1.59425
1.59401
1.5938
1.59363
1.59349
1.59338
1.5933
1.59326
1.59326
1.59329
1.59335
1.59346
1.5936
1.59377
1.59399
1.59425
1.59455
1.59488
1.59526
1.59568
1.59615
1.59665
1.59721
1.59781
1.59845
1.59914
1.59989
1.60068
1.60152
1.60241
1.60335
1.60435
1.6054
1.60651
1.60768
1.6089
1.61018
1.61151
1.61291
1.61437
1.61589
1.61748
1.61913
1.62084
1.62262
1.62446
1.62638
1.62835
1.6304
1.63251
1.63469
1.63693
1.63925
1.64162
1.64407
1.64657
1.64914
1.65177
1.65446
1.65721
1.66001
1.66287
1.66578
1.66873
1.67173
1.67477
1.67785
1.68096
1.6841
1.68727
1.69046
1.69367
1.69689
1.70012
1.70336
1.70659
1.70982
1.71304
1.71625
1.71943
1.72259
1.72572
1.72881
1.73187
1.73488
1.73785
1.74076
1.74362
1.74641
1.74915
1.75182
1.75441
1.75694
1.75938
1.76175
1.76404
1.76624
1.76836
1.77039
1.77233
1.77418
1.77593
1.7776
1.77917
1.78064
1.78203
1.78331
1.7845
1.7856
1.7866
1.7875
1.78832
1.78904
1.78966
1.7902
1.79064
1.79099
1.79126
1.79144
1.79153
1.79153
1.79146
1.7913
1.79107
1.79076
1.79037
1.78991
1.78938
1.78878
1.78811
1.78738
1.78658
1.78573
1.78482
1.78385
1.78283
1.78176
1.78064
1.77948
1.77827
1.77702
1.77574
1.77442
1.77307
1.77168
1.77027
1.76883
1.76737
1.76588
1.76438
1.76286
1.76132
1.75978
1.75822
1.75665
1.75508
1.75351
1.75193
1.75035
1.74877
1.74719
1.74562
1.74405
1.74249
1.74093
1.73939
1.73785
1.73632
1.7348
1.73329
1.7318
1.73031
1.72884
1.72738
1.72593
1.72449
1.72306
1.72164
1.72023
1.71883
1.71744
1.71605
1.71467
1.71329
1.71191
1.71054
1.70917
1.70779
1.70642
1.70504
1.70365
1.70226
1.70086
1.69945
1.69803
1.6966
1.69516
1.6937
1.69223
1.69074
1.68923
1.68771
1.68617
1.68462
1.68304
1.68144
1.67983
1.6782
1.67655
1.67488
1.67319
1.67149
1.66978
1.66805
1.6663
1.66455
1.66279
1.66102
1.65924
1.65746
1.65569
1.65391
1.65213
1.65036
1.64861
1.64686
1.64513
1.64342
1.64173
1.64006
1.63842
1.63681
1.63524
1.6337
1.6322
1.63075
1.62935
1.628
1.6267
1.62546
1.62428
1.62316
1.62211
1.62113
1.62022
1.61939
1.61863
1.61795
1.61736
1.61685
1.61642
1.61608
1.61584
1.61568
1.61561
1.61564
1.61575
1.61596
1.61627
1.61666
1.61716
1.61774
1.61842
1.61919
1.62004
1.62099
1.62202
1.62313
1.62433
1.6256
1.62695
1.62837
1.62987
1.63143
1.63304
1.63472
1.63645
1.63823
1.64006
1.64192
1.64382
1.64575
1.6477
1.64967
1.65166
1.65365
1.65564
1.65763
1.65961
1.66157
1.66352
1.66544
1.66732
1.66917
1.67098
1.67273
1.67443
1.67607
1.67765
1.67915
1.68059
1.68194
1.68321
1.68439
1.68548
1.68647
1.68736
1.68815
1.68884
1.68941
1.68988
1.69023
1.69047
1.69059
1.69058
1.69047
1.69023
1.68986
1.68938
1.68878
1.68806
1.68722
1.68627
1.6852
1.68401
1.68272
1.68132
1.67981
1.6782
1.6765
1.6747
1.67282
1.67085
1.6688
1.66668
1.66449
1.66224
1.65993
1.65757
1.65516
1.65271
1.65023
1.64773
1.6452
1.64266
1.6401
1.63755
1.63499
1.63244
1.62991
1.62738
1.62488
1.6224
1.61995
1.61753
1.61514
1.61279
1.61048
1.60821
1.60597
1.60378
1.60163
1.59953
1.59747
1.59545
1.59348
1.59155
1.58966
1.58782
1.58601
1.58425
1.58252
1.58084
1.57919
1.57758
1.576
1.57447
1.57296
1.5715
1.57007
1.56868
1.56733
1.56602
1.56475
1.56352
1.56233
1.56118
1.56009
1.55904
1.55804
1.55709
1.5562
1.55537
1.55459
1.55388
1.55324
1.55266
1.55216
1.55173
1.55138
1.55111
1.55093
1.55083
1.55082
1.5509
1.55107
1.55135
1.55172
1.55219
1.55276
1.55344
1.55423
1.55512
1.55612
1.55723
1.55844
1.55977
1.5612
1.56275
1.5644
1.56616
1.56802
1.56999
1.57207
1.57424
1.57651
1.57888
1.58134
1.5839
1.58654
1.58926
1.59206
1.59494
1.59789
1.60091
1.60399
1.60713
1.61032
1.61356
1.61685
1.62017
1.62352
1.6269
1.6303
1.63372
1.63715
1.64058
1.64401
1.64744
1.65085
1.65425
1.65763
1.66098
1.6643
1.66758
1.67082
1.67401
1.67716
1.68024
1.68327
1.68624
1.68913
1.69196
1.69471
1.69738
1.69997
1.70248
1.7049
1.70722
1.70946
1.7116
1.71364
1.71558
1.71742
1.71915
1.72078
1.72231
1.72372
1.72503
1.72622
1.72731
1.72828
1.72914
1.72988
1.73051
1.73103
1.73144
1.73173
1.7319
1.73196
1.73191
1.73174
1.73146
1.73106
1.73055
1.72993
1.7292
1.72836
1.7274
1.72634
1.72517
1.72389
1.72251
1.72102
1.71944
1.71775
1.71596
1.71408
1.7121
1.71002
1.70786
1.7056
1.70326
1.70084
1.69833
1.69575
1.69308
1.69035
1.68755
1.68468
1.68175
1.67876
1.67572
1.67262
1.66948
1.6663
1.66307
1.65982
1.65653
1.65322
1.6499
1.64656
1.64321
1.63986
1.63652
1.63318
1.62986
1.62656
1.62329
1.62005
1.61685
1.61369
1.61059
1.60754
1.60456
1.60164
1.5988
1.59604
1.59337
1.59078
1.5883
1.58592
1.58364
1.58148
1.57944
1.57752
1.57572
1.57406
1.57253
1.57113
1.56988
1.56878
1.56782
1.56701
1.56636
1.56585
1.5655
1.56531
1.56528
1.5654
1.56568
1.56612
1.56672
1.56748
1.56839
1.56946
1.57069
1.57206
1.57358
1.57526
1.57707
1.57903
1.58112
1.58335
1.58572
1.58821
1.59082
1.59355
1.5964
1.59936
1.60242
1.60559
1.60884
1.61219
1.61562
1.61913
1.62272
1.62637
1.63008
1.63385
1.63766
1.64153
1.64542
1.64935
1.65331
1.65728
1.66127
1.66527
1.66926
1.67326
1.67724
1.6812
1.68515
1.68906
1.69294
1.69679
1.70059
1.70434
1.70803
1.71167
1.71524
1.71874
1.72217
1.72552
1.72879
1.73197
1.73506
1.73806
1.74096
1.74376
1.74646
1.74905
1.75153
1.7539
1.75616
1.7583
1.76033
1.76223
1.76402
1.76568
1.76722
1.76864
1.76993
1.77109
1.77213
1.77305
1.77384
1.77451
1.77506
1.77548
1.77579
1.77597
1.77604
1.77599
1.77582
1.77554
1.77515
1.77465
1.77405
1.77335
1.77254
1.77165
1.77065
1.76958
1.76841
1.76717
1.76585
1.76445
1.763
1.76147
1.75989
1.75826
1.75657
1.75485
1.75308
1.75128
1.74945
1.7476
1.74573
1.74385
1.74196
1.74006
1.73816
1.73627
1.73439
1.73251
1.73066
1.72882
1.72701
1.72522
1.72346
1.72173
1.72003
1.71837
1.71674
1.71515
1.71359
1.71207
1.71058
1.70913
1.70772
1.70634
1.70499
1.70367
1.70238
1.70112
1.69988
1.69867
1.69747
1.69629
1.69513
1.69398
1.69284
1.69171
1.69058
1.68946
1.68833
1.68721
1.68608
1.68495
1.68381
1.68266
1.6815
1.68033
1.67914
1.67795
1.67674
1.67551
1.67428
1.67302
1.67175
1.67047
1.66917
1.66786
1.66653
1.66519
1.66384
1.66247
1.6611
1.65971
1.65831
1.6569
1.65548
1.65406
1.65262
1.65117
1.64971
1.64825
1.64677
1.64529
1.6438
1.64229
1.64078
1.63926
1.63772
1.63617
1.6346
1.63302
1.63142
1.6298
1.62816
1.62649
1.6248
1.62309
1.62135
1.61958
1.61777
1.61594
1.61407
1.61217
1.61023
1.60826
1.60625
1.6042
1.60212
1.6
1.59785
1.59567
1.59345
1.59121
1.58895
1.58666
1.58436
1.58205
1.57974
1.57743
1.57513
1.57285
1.5706
1.56838
1.56621
1.56409
1.56203
1.56006
1.55816
1.55637
1.55468
1.55312
1.55169
1.55039
1.54925
1.54827
1.54746
1.54683
1.54638
1.54612
1.54606
1.5462
1.54654
1.54708
1.54782
1.54877
1.54992
1.55126
1.55279
1.55451
1.5564
1.55846
1.56068
1.56305
1.56557
1.56821
1.57097
1.57383
1.57679
1.57984
1.58295
1.58612
1.58935
1.5926
1.59589
1.59919
1.6025
1.6058
1.6091
1.61237
1.61561
1.61882
1.62199
1.62511
1.62817
1.63118
1.63413
1.63701
1.63983
1.64258
1.64525
1.64785
1.65037
1.65282
1.6552
1.65749
1.65971
1.66185
1.66392
1.66591
1.66782
1.66967
1.67144
1.67315
1.67478
1.67635
1.67786
1.6793
1.68069
1.68201
1.68329
1.6845
1.68567
1.68679
1.68787
1.6889
1.68989
1.69084
1.69176
1.69264
1.69349
1.69431
1.69511
1.69588
1.69663
1.69735
1.69806
1.69875
1.69943
1.70009
1.70075
1.70139
1.70202
1.70265
1.70327
1.70388
1.70449
1.7051
1.70571
1.70632
1.70692
1.70753
1.70814
1.70875
1.70936
1.70997
1.71059
1.7112
1.71182
1.71244
1.71307
1.71369
1.71431
1.71494
1.71557
1.7162
1.71682
1.71745
1.71807
1.71869
1.71931
1.71992
1.72052
1.72112
1.72171
1.7223
1.72287
1.72343
1.72398
1.72452
1.72504
1.72555
1.72605
1.72652
1.72698
1.72742
1.72784
1.72825
1.72863
1.72899
1.72932
1.72963
1.72992
1.73018
1.73042
1.73063
1.73081
1.73096
1.73109
1.73118
1.73124
1.73127
1.73127
1.73124
1.73117
1.73107
1.73093
1.73077
1.73056
1.73032
1.73005
1.72974
1.72939
1.72901
1.72859
1.72814
1.72765
1.72713
1.72657
1.72597
1.72534
1.72467
1.72397
1.72323
1.72246
1.72166
1.72083
1.71996
1.71906
1.71813
1.71717
1.71618
1.71516
1.71411
1.71304
1.71194
1.71082
1.70968
1.70852
1.70733
1.70613
1.70492
1.70369
1.70244
1.70119
1.69993
1.69866
1.69739
1.69611
1.69484
1.69357
1.69229
1.69103
1.68977
1.68852
1.68728
1.68606
1.68485
1.68365
1.68247
1.68131
1.68017
1.67905
1.67795
1.67687
1.67581
1.67478
1.67377
1.67278
1.67181
1.67087
1.66994
1.66904
1.66815
1.66729
1.66644
1.6656
1.66478
1.66396
1.66316
1.66236
1.66157
1.66077
1.65998
1.65919
1.65839
1.65758
1.65676
1.65593
1.65508
1.65422
1.65334
1.65243
1.6515
1.65055
1.64957
1.64856
1.64753
1.64646
1.64537
1.64424
1.64308
1.6419
1.64068
1.63944
1.63816
1.63686
1.63553
1.63418
1.63281
1.63141
1.63
1.62857
1.62713
1.62568
1.62422
1.62276
1.62129
1.61982
1.61836
1.61691
1.61546
1.61403
1.61261
1.61121
1.60984
1.60849
1.60716
1.60587
1.60461
1.60339
1.60221
1.60106
1.59997
1.59891
1.59791
1.59695
1.59605
1.5952
1.5944
1.59366
1.59298
1.59235
1.59178
1.59127
1.59083
1.59044
1.59011
1.58984
1.58964
1.58949
1.58941
1.58938
1.58942
1.58951
1.58966
1.58987
1.59013
1.59045
1.59083
1.59125
1.59173
1.59225
1.59283
1.59345
1.59412
1.59483
1.59558
1.59637
1.5972
1.59807
1.59897
1.5999
1.60087
1.60187
1.60289
1.60393
1.605
1.60609
1.6072
1.60833
1.60948
1.61064
1.61181
1.61298
1.61417
1.61536
1.61656
1.61775
1.61895
1.62015
1.62134
1.62252
1.6237
1.62487
1.62603
1.62718
1.62831
1.62943
1.63054
1.63162
1.63269
1.63373
1.63476
1.63575
1.63673
1.63768
1.6386
1.63949
1.64036
1.64119
1.642
1.64277
1.64351
1.64422
1.6449
1.64554
1.64615
1.64672
1.64727
1.64777
1.64825
1.64868
1.64909
1.64946
1.6498
1.6501
1.65037
1.65061
1.65082
1.651
1.65116
1.65128
1.65138
1.65146
1.65151
1.65154
1.65155
1.65154
1.65151
1.65147
1.65142
1.65135
1.65128
1.6512
1.65112
1.65103
1.65095
1.65086
1.65079
1.65071
1.65065
1.6506
1.65056
1.65054
1.65054
1.65055
1.65059
1.65066
1.65075
1.65087
1.65103
1.65122
1.65144
1.6517
1.65199
1.65233
1.6527
1.65312
1.65358
1.65409
1.65464
1.65524
1.65588
1.65657
1.6573
1.65808
1.6589
1.65977
1.66069
1.66165
1.66265
1.66369
1.66477
1.6659
1.66706
1.66825
1.66948
1.67074
1.67202
1.67334
1.67467
1.67603
1.6774
1.67879
1.68019
1.6816
1.68302
1.68443
1.68584
1.68725
1.68865
1.69004
1.69141
1.69276
1.69409
1.6954
1.69667
1.69791
1.69912
1.70028
1.7014
1.70248
1.70351
1.70449
1.70541
1.70628
1.70708
1.70783
1.70851
1.70913
1.70968
1.71016
1.71057
1.71091
1.71118
1.71137
1.71149
1.71154
1.71151
1.7114
1.71122
1.71097
1.71064
1.71024
1.70977
1.70922
1.70861
1.70793
1.70718
1.70636
1.70549
1.70455
1.70355
1.7025
1.70139
1.70023
1.69902
1.69776
1.69646
1.69512
1.69374
1.69232
1.69087
1.68939
1.68789
1.68636
1.68482
1.68325
1.68167
1.68009
1.67849
1.67688
1.67528
1.67367
1.67207
1.67047
1.66889
1.66731
1.66575
1.6642
1.66267
1.66117
1.65968
1.65823
1.65679
1.65539
1.65402
1.65268
1.65138
1.65011
1.64888
1.64769
1.64654
1.64543
1.64436
1.64334
1.64236
1.64142
1.64054
1.6397
1.6389
1.63815
1.63746
1.6368
1.6362
1.63564
1.63513
1.63467
1.63425
1.63388
1.63355
1.63327
1.63303
1.63284
1.63269
1.63257
1.6325
1.63247
1.63247
1.63251
1.63259
1.6327
1.63284
1.63301
1.63322
1.63344
1.6337
1.63398
1.63428
1.6346
1.63494
1.6353
1.63568
1.63607
1.63647
1.63689
1.63732
1.63775
1.63819
1.63864
1.63909
1.63955
1.64001
1.64046
1.64092
1.64137
1.64182
1.64227
1.64271
1.64314
1.64357
1.64398
1.64439
1.64478
1.64516
1.64554
1.64589
1.64624
1.64657
1.64688
1.64718
1.64746
1.64772
1.64796
1.64819
1.6484
1.64858
1.64875
1.6489
1.64902
1.64913
1.64921
1.64927
1.64931
1.64933
1.64932
1.6493
1.64925
1.64918
1.64908
1.64897
1.64883
1.64867
1.64849
1.64829
1.64807
1.64783
1.64758
1.6473
1.647
1.64669
1.64635
1.64601
1.64564
1.64526
1.64487
1.64446
1.64404
1.64362
1.64318
1.64273
1.64227
1.64181
1.64134
1.64086
1.64038
1.6399
1.63942
1.63893
1.63845
1.63796
1.63748
1.63701
1.63653
1.63607
1.63561
1.63517
1.63473
1.6343
1.63388
1.63348
1.63309
1.63272
1.63236
1.63201
1.63169
1.63138
1.6311
1.63083
1.63058
1.63036
1.63016
1.62998
1.62983
1.6297
1.62959
1.62951
1.62946
1.62943
1.62943
1.62945
1.6295
1.62958
1.62969
1.62983
1.63
1.6302
1.63043
1.63069
1.63098
1.6313
1.63165
1.63204
1.63245
1.63291
1.63339
1.63391
1.63446
1.63505
1.63567
1.63633
1.63703
1.63776
1.63854
1.63934
1.64019
1.64108
1.642
1.64297
1.64397
1.64502
1.64611
1.64724
1.64841
1.64962
1.65087
1.65216
1.6535
1.65488
1.6563
1.65776
1.65926
1.6608
1.66237
1.66399
1.66564
1.66733
1.66905
1.67081
1.6726
1.67442
1.67627
1.67815
1.68006
1.68198
1.68393
1.6859
1.68788
1.68988
1.69189
1.69391
1.69594
1.69797
1.7
1.70203
1.70405
1.70607
1.70807
1.71006
1.71204
1.71399
1.71591
1.71781
1.71968
1.72152
1.72332
1.72508
1.7268
1.72847
1.7301
1.73168
1.7332
1.73466
1.73606
1.73741
1.73868
1.7399
1.74104
1.74212
1.74312
1.74405
1.74491
1.74569
1.74639
1.74701
1.74755
1.74801
1.74839
1.74869
1.74891
1.74905
1.7491
1.74908
1.74898
1.74879
1.74853
1.74819
1.74778
1.74728
1.74672
1.74608
1.74536
1.74458
1.74373
1.74282
1.74184
1.74081
1.73971
1.73856
1.73736
1.73611
1.73481
1.73346
1.73208
1.73066
1.7292
1.72771
1.72619
1.72465
1.72309
1.72151
1.71991
1.7183
1.71669
1.71507
1.71344
1.71182
1.7102
1.70859
1.70698
1.70539
1.70381
1.70225
1.7007
1.69918
1.69768
1.6962
1.69475
1.69333
1.69194
1.69058
1.68926
1.68797
1.68672
1.6855
1.68432
1.68318
1.68207
1.681
1.67997
1.67897
1.67801
1.67708
1.67619
1.67533
1.6745
1.6737
1.67293
1.67218
1.67147
1.67077
1.6701
1.66944
1.6688
1.66817
1.66756
1.66696
1.66636
1.66577
1.66518
1.66459
1.664
1.66341
1.66281
1.6622
1.66158
1.66095
1.66031
1.65965
1.65898
1.65829
1.65759
1.65687
1.65613
1.65538
1.6546
1.65381
1.65301
1.65219
1.65135
1.65051
1.64965
1.64879
1.64792
1.64704
1.64616
1.64529
1.64441
1.64355
1.64269
1.64185
1.64103
1.64022
1.63944
1.63868
1.63796
1.63727
1.63662
1.63601
1.63544
1.63492
1.63445
1.63403
1.63368
1.63338
1.63314
1.63297
1.63287
1.63283
1.63287
1.63297
1.63315
1.63341
1.63374
1.63415
1.63463
1.63519
1.63583
1.63654
1.63732
1.63818
1.63911
1.64012
1.64119
1.64233
1.64354
1.64481
1.64614
1.64753
1.64897
1.65047
1.65203
1.65363
1.65528
1.65697
1.6587
1.66047
1.66227
1.6641
1.66597
1.66786
1.66977
1.6717
1.67365
1.67561
1.67759
1.67958
1.68157
1.68357
1.68557
1.68757
1.68956
1.69156
1.69355
1.69553
1.6975
1.69946
1.7014
1.70333
1.70525
1.70715
1.70902
1.71088
1.71272
1.71453
1.71631
1.71807
1.7198
1.7215
1.72317
1.72481
1.72642
1.72799
1.72952
1.73102
1.73247
1.73389
1.73526
1.7366
1.73788
1.73912
1.74031
1.74145
1.74253
1.74356
1.74454
1.74546
1.74632
1.74712
1.74785
1.74852
1.74912
1.74965
1.7501
1.75049
1.7508
1.75103
1.75118
1.75124
1.75123
1.75112
1.75093
1.75065
1.75028
1.74981
1.74925
1.7486
1.74785
1.747
1.74605
1.74501
1.74386
1.74262
1.74128
1.73983
1.73829
1.73665
1.73491
1.73308
1.73115
1.72913
1.72702
1.72482
1.72253
1.72015
1.7177
1.71516
1.71255
1.70987
1.70711
1.7043
1.70142
1.69848
1.69549
1.69246
1.68938
1.68626
1.6831
1.67992
1.67671
1.67348
1.67024
1.66699
1.66374
1.66049
1.65725
1.65401
1.65079
1.64759
1.64442
1.64127
1.63816
1.63508
1.63204
1.62905
1.6261
1.62321
1.62037
1.61758
1.61485
1.61219
1.60958
1.60704
1.60457
1.60217
1.59984
1.59757
1.59538
1.59326
1.59122
1.58924
1.58734
1.58552
1.58377
1.58209
1.58049
1.57896
1.57751
1.57613
1.57483
1.5736
1.57245
1.57137
1.57036
1.56943
1.56857
1.56779
1.56707
1.56644
1.56587
1.56538
1.56496
1.56461
1.56433
1.56412
1.56399
1.56392
1.56392
1.56399
1.56412
1.56432
1.56458
1.56491
1.56529
1.56574
1.56624
1.56679
1.5674
1.56806
1.56877
1.56953
1.57032
1.57115
1.57202
1.57292
1.57385
1.57481
1.57579
1.57678
1.5778
1.57882
1.57985
1.58088
1.58191
1.58294
1.58397
1.58498
1.58598
1.58696
1.58792
1.58887
1.58978
1.59068
1.59154
1.59238
1.59318
1.59396
1.5947
1.5954
1.59608
1.59672
1.59733
1.59791
1.59846
1.59898
1.59948
1.59996
1.60042
1.60087
1.6013
1.60173
1.60215
1.60257
1.603
1.60344
1.60389
1.60437
1.60487
1.6054
1.60597
1.60659
1.60725
1.60797
1.60875
1.60959
1.61051
1.6115
1.61256
1.61371
1.61494
1.61627
1.61768
1.61919
1.6208
1.6225
1.6243
1.6262
1.62819
1.63028
1.63247
1.63475
1.63712
1.63958
1.64212
1.64475
1.64745
1.65023
1.65308
1.65599
1.65896
1.66198
1.66506
1.66817
1.67132
1.6745
1.6777
1.68092
1.68416
1.6874
1.69065
1.69389
1.69712
1.70034
1.70354
1.70671
1.70985
1.71296
1.71603
1.71905
1.72203
1.72496
1.72784
1.73066
1.73342
1.73612
1.73875
1.74132
1.74381
1.74624
1.74859
1.75087
1.75308
1.7552
1.75725
1.75922
1.76111
1.76291
1.76464
1.76628
1.76784
1.76932
1.77072
1.77203
1.77326
1.7744
1.77546
1.77644
1.77734
1.77816
1.77889
1.77955
1.78012
1.78062
1.78103
1.78137
1.78163
1.78181
1.78192
1.78195
1.7819
1.78179
1.7816
1.78134
1.78101
1.7806
1.78013
1.77959
1.77899
1.77831
1.77758
1.77678
1.77592
1.77499
1.77401
1.77297
1.77187
1.77072
1.76951
1.76825
1.76693
1.76557
1.76415
1.76269
1.76119
1.75964
1.75804
1.75641
1.75474
1.75303
1.75128
1.7495
1.74769
1.74584
1.74397
1.74208
1.74015
1.73821
1.73625
1.73427
1.73228
1.73028
1.72826
1.72625
1.72423
1.72221
1.72019
1.71818
1.71618
1.7142
1.71223
1.71028
1.70836
1.70647
1.7046
1.70278
1.70099
1.69925
1.69755
1.69591
1.69433
1.6928
1.69134
1.68995
1.68863
1.68738
1.68622
1.68514
1.68414
1.68324
1.68242
1.68171
1.68108
1.68056
1.68014
1.67983
1.67962
1.67951
1.67951
1.67962
1.67983
1.68015
1.68058
1.68111
1.68174
1.68247
1.68331
1.68424
1.68526
1.68638
1.68758
1.68887
1.69024
1.69169
1.69321
1.6948
1.69645
1.69815
1.69992
1.70173
1.70359
1.70548
1.70741
1.70938
1.71136
1.71337
1.71539
1.71742
1.71945
1.72149
1.72352
1.72555
1.72757
1.72957
1.73155
1.73351
1.73544
1.73734
1.73922
1.74105
1.74285
1.74461
1.74633
1.748
1.74962
1.75119
1.75271
1.75418
1.75559
1.75694
1.75823
1.75947
1.76064
1.76175
1.7628
1.76378
1.76469
1.76555
1.76633
1.76704
1.76769
1.76826
1.76876
1.7692
1.76956
1.76984
1.77005
1.77019
1.77025
1.77024
1.77015
1.76998
1.76973
1.7694
1.769
1.76852
1.76795
1.76731
1.76659
1.76579
1.7649
1.76394
1.7629
1.76178
1.76058
1.7593
1.75795
1.75652
1.75502
1.75344
1.75178
1.75006
1.74827
1.74641
1.74449
1.7425
1.74046
1.73836
1.73622
1.73402
1.73178
1.72949
1.72717
1.72482
1.72243
1.72003
1.7176
1.71516
1.71271
1.71026
1.7078
1.70535
1.70291
1.70048
1.69807
1.69569
1.69333
1.691
1.68871
1.68645
1.68424
1.68207
1.67995
1.67788
1.67586
1.67389
1.67197
1.67011
1.6683
1.66655
1.66485
1.66321
1.66162
1.66008
1.65859
1.65715
1.65576
1.65441
1.6531
1.65183
1.65061
1.64941
1.64825
1.64712
1.64601
1.64493
1.64387
1.64282
1.6418
1.64079
1.63979
1.6388
1.63782
1.63685
1.63588
1.63492
1.63396
1.63299
1.63203
1.63107
1.6301
1.62913
1.62816
1.62719
1.62621
1.62523
1.62424
1.62325
1.62226
1.62127
1.62027
1.61927
1.61828
1.61728
1.61628
1.61528
1.61428
1.61329
1.6123
1.61131
1.61033
1.60935
1.60838
1.60742
1.60647
1.60553
1.6046
1.60368
1.60277
1.60187
1.60099
1.60012
1.59927
1.59843
1.59761
1.59681
1.59602
1.59525
1.5945
1.59378
1.59307
1.59238
1.59172
1.59107
1.59045
1.58985
1.58927
1.58872
1.58819
1.58768
1.5872
1.58674
1.58631
1.58591
1.58553
1.58517
1.58485
1.58455
1.58427
1.58403
1.58382
1.58363
1.58347
1.58335
1.58326
1.5832
1.58318
1.58319
1.58323
1.58331
1.58344
1.5836
1.5838
1.58405
1.58434
1.58467
1.58506
1.58549
1.58597
1.58651
1.58709
1.58774
1.58844
1.5892
1.59002
1.59089
1.59184
1.59284
1.59391
1.59504
1.59624
1.59751
1.59884
1.60023
1.60169
1.60322
1.60481
1.60646
1.60818
1.60996
1.6118
1.6137
1.61565
1.61766
1.61972
1.62183
1.62399
1.6262
1.62844
1.63072
1.63304
1.63539
1.63776
1.64016
1.64258
1.64501
1.64745
1.6499
1.65236
1.65482
1.65727
1.65971
1.66214
1.66456
1.66695
1.66932
1.67166
1.67397
1.67625
1.67848
1.68068
1.68282
1.68492
1.68697
1.68896
1.6909
1.69277
1.69458
1.69633
1.69801
1.69962
1.70116
1.70262
1.70401
1.70533
1.70657
1.70773
1.70881
1.70982
1.71074
1.71159
1.71235
1.71303
1.71363
1.71415
1.71459
1.71495
1.71524
1.71544
1.71556
1.71561
1.71558
1.71548
1.7153
1.71505
1.71473
1.71434
1.71388
1.71336
1.71277
1.71212
1.7114
1.71063
1.7098
1.70892
1.70798
1.707
1.70597
1.70489
1.70377
1.70262
1.70142
1.70019
1.69893
1.69765
1.69633
1.69499
1.69363
1.69225
1.69086
1.68945
1.68803
1.68661
1.68518
1.68375
1.68232
1.68089
1.67946
1.67804
1.67663
1.67523
1.67383
1.67246
1.67109
1.66974
1.6684
1.66708
1.66578
1.6645
1.66324
1.66199
1.66076
1.65955
1.65836
1.65719
1.65603
1.65489
1.65376
1.65265
1.65155
1.65045
1.64937
1.64829
1.64722
1.64615
1.64508
1.64401
1.64294
1.64186
1.64077
1.63967
1.63856
1.63744
1.6363
1.63514
1.63396
1.63276
1.63154
1.63029
1.62902
1.62772
1.6264
1.62504
1.62366
1.62224
1.6208
1.61933
1.61783
1.61629
1.61473
1.61314
1.61152
1.60988
1.60822
1.60653
1.60483
1.60311
1.60138
1.59963
1.59788
1.59613
1.59437
1.59262
1.59088
1.58915
1.58743
1.58574
1.58407
1.58243
1.58083
1.57927
1.57776
1.57629
1.57489
1.57354
1.57226
1.57105
1.56991
1.56886
1.5679
1.56702
1.56624
1.56556
1.56498
1.56451
1.56415
1.5639
1.56377
1.56376
1.56388
1.56411
1.56448
1.56497
1.56559
1.56634
1.56721
1.56822
1.56935
1.5706
1.57198
1.57349
1.57511
1.57684
1.57869
1.58065
1.58272
1.58488
1.58715
1.5895
1.59195
1.59447
1.59707
1.59974
1.60248
1.60527
1.60812
1.61102
1.61395
1.61693
1.61993
1.62295
1.626
1.62905
1.63211
1.63517
1.63823
1.64128
1.64431
1.64733
1.65032
1.65328
1.6562
1.65909
1.66194
1.66474
1.6675
1.67021
1.67286
1.67546
1.678
1.68049
1.68291
1.68527
1.68757
1.68981
1.69198
1.69409
1.69614
1.69813
1.70005
1.70191
1.70371
1.70545
1.70713
1.70876
1.71033
1.71184
1.71331
1.71473
1.7161
1.71742
1.7187
1.71995
1.72115
1.72232
1.72346
1.72456
1.72564
1.72669
1.72772
1.72873
1.72971
1.73068
1.73163
1.73257
1.7335
1.73442
1.73533
1.73623
1.73713
1.73802
1.73892
1.73981
1.7407
1.74159
1.74248
1.74337
1.74427
1.74516
1.74606
1.74696
1.74787
1.74877
1.74968
1.75058
1.75149
1.75239
1.7533
1.7542
1.7551
1.75599
1.75688
1.75776
1.75863
1.7595
1.76035
1.76119
1.76202
1.76284
1.76364
1.76443
1.76519
1.76594
1.76667
1.76738
1.76806
1.76872
1.76936
1.76997
1.77055
1.77111
1.77164
1.77214
1.77261
1.77305
1.77346
1.77384
1.77419
1.7745
1.77479
1.77505
1.77527
1.77546
1.77562
1.77575
1.77585
1.77592
1.77596
1.77597
1.77595
1.7759
1.77582
1.77571
1.77558
1.77542
1.77524
1.77503
1.7748
1.77454
1.77426
1.77396
1.77364
1.7733
1.77293
1.77255
1.77215
1.77173
1.7713
1.77085
1.77038
1.7699
1.76941
1.7689
1.76837
1.76784
1.76729
1.76673
1.76615
1.76557
1.76497
1.76436
1.76374
1.76311
1.76247
1.76182
1.76116
1.76048
1.75979
1.75909
1.75839
1.75767
1.75694
1.7562
1.75545
1.75468
1.75391
1.75312
1.75233
1.75152
1.75071
1.74988
1.74904
1.74819
1.74733
1.74645
1.74557
1.74467
1.74376
1.74284
1.74191
1.74097
1.74001
1.73904
1.73806
1.73707
1.73607
1.73505
1.73402
1.73298
1.73192
1.73085
1.72976
1.72866
1.72754
1.7264
1.72525
1.72407
1.72288
1.72166
1.72043
1.71917
1.71789
1.71658
1.71525
1.71389
1.71251
1.7111
1.70966
1.70819
1.70669
1.70516
1.70359
1.70199
1.70036
1.6987
1.69699
1.69526
1.69349
1.69168
1.68984
1.68797
1.68606
1.68412
1.68215
1.68015
1.67813
1.67607
1.674
1.6719
1.66979
1.66767
1.66554
1.6634
1.66127
1.65914
1.65703
1.65494
1.65287
1.65083
1.64884
1.64689
1.64501
1.64318
1.64143
1.63977
1.63819
1.63672
1.63536
1.63412
1.633
1.63203
1.6312
1.63053
1.63003
1.62969
1.62954
1.62957
1.6298
1.63023
1.63086
1.6317
1.63275
1.63402
1.6355
1.63721
1.63913
1.64126
1.64361
1.64618
1.64895
1.65193
1.6551
1.65848
1.66204
1.66578
1.66969
1.67377
1.67801
1.68239
1.6869
1.69154
1.6963
1.70117
1.70613
1.71117
1.71629
1.72148
1.72671
1.73199
1.7373
1.74263
1.74798
1.75333
1.75867
1.76401
1.76932
1.7746
1.77985
1.78505
1.7902
1.79529
1.80033
1.80529
1.81019
1.815
1.81974
1.82439
1.82895
1.83342
1.8378
1.84208
1.84626
1.85035
1.85433
1.8582
1.86197
1.86564
1.86921
1.87267
1.87602
1.87927
1.88242
1.88546
1.8884
1.89123
1.89397
1.8966
1.89914
1.90158
1.90392
1.90617
1.90833
1.9104
1.91237
1.91426
1.91606
1.91777
1.91941
1.92096
1.92243
1.92382
1.92514
1.92638
1.92755
1.92865
1.92968
1.93064
1.93153
1.93236
1.93312
1.93382
1.93446
1.93503
1.93555
1.93601
1.9364
1.93675
1.93703
1.93726
1.93743
1.93755
1.93761
1.93761
1.93756
1.93746
1.93729
1.93708
1.93681
1.93648
1.93609
1.93565
1.93515
1.9346
1.93399
1.93332
1.93259
1.9318
1.93095
1.93005
1.92908
1.92805
1.92696
1.9258
1.92459
1.92331
1.92197
1.92057
1.9191
1.91757
1.91598
1.91432
1.9126
1.91082
1.90898
1.90707
1.9051
1.90307
1.90098
1.89883
1.89662
1.89435
1.89203
1.88965
1.88721
1.88472
1.88218
1.87958
1.87693
1.87423
1.87149
1.86869
1.86585
1.86296
1.86004
1.85706
1.85405
1.851
1.84791
1.84478
1.84162
1.83842
1.8352
1.83194
1.82865
1.82534
1.82199
1.81863
1.81524
1.81183
1.8084
1.80495
1.80148
1.798
1.79451
1.791
1.78748
1.78395
1.78041
1.77687
1.77332
1.76976
1.7662
1.76264
1.75907
1.75551
1.75194
1.74838
1.74482
1.74126
1.73771
1.73417
1.73063
1.72709
1.72356
1.72004
1.71653
1.71303
1.70954
1.70606
1.70259
1.69913
1.69568
1.69225
1.68883
1.68542
1.68203
1.67866
1.67531
1.67197
1.66866
1.66536
1.66209
1.65885
1.65563
1.65243
1.64927
1.64614
1.64304
1.63998
1.63696
1.63397
1.63103
1.62814
1.62529
1.6225
1.61976
1.61707
1.61445
1.61189
1.6094
1.60697
1.60462
1.60235
1.60016
1.59805
1.59603
1.59409
1.59225
1.59051
1.58887
1.58732
1.58589
1.58456
1.58334
1.58224
1.58125
1.58039
1.57964
1.57901
1.57851
1.57814
1.57789
1.57777
1.57778
1.57791
1.57818
1.57858
1.5791
1.57976
1.58054
1.58144
1.58247
1.58363
1.5849
1.58629
1.5878
1.58942
1.59115
1.59298
1.59492
1.59696
1.59908
1.6013
1.6036
1.60598
1.60844
1.61097
1.61356
1.61621
1.61892
1.62168
1.62449
1.62733
1.63022
1.63313
1.63607
1.63904
1.64202
1.64502
1.64803
1.65104
1.65405
1.65706
1.66007
1.66306
1.66604
1.66901
1.67196
1.67489
1.67779
1.68067
1.68352
1.68634
1.68913
1.69188
1.6946
1.69729
1.69993
1.70253
1.7051
1.70762
1.7101
1.71254
1.71493
1.71728
1.71959
1.72185
1.72407
1.72625
1.72838
1.73046
1.7325
1.73449
1.73645
1.73835
1.74022
1.74204
1.74382
1.74555
1.74725
1.7489
1.75051
1.75208
1.75361
1.75511
1.75657
1.75799
1.75938
1.76073
1.76205
1.76333
1.76458
1.7658
1.767
1.76816
1.76929
1.7704
1.77147
1.77253
1.77355
1.77456
1.77554
1.7765
1.77743
1.77835
1.77925
1.78012
1.78098
1.78183
1.78265
1.78347
1.78426
1.78505
1.78582
1.78658
1.78733
1.78807
1.7888
1.78952
1.79023
1.79094
1.79164
1.79233
1.79302
1.7937
1.79438
1.79505
1.79573
1.7964
1.79706
1.79773
1.79839
1.79906
1.79972
1.80039
1.80105
1.80172
1.80239
1.80305
1.80372
1.80439
1.80506
1.80573
1.8064
1.80708
1.80775
1.80841
1.80908
1.80975
1.81041
1.81107
1.81172
1.81237
1.81301
1.81364
1.81427
1.81488
1.81548
1.81607
1.81664
1.8172
1.81774
1.81826
1.81876
1.81923
1.81969
1.82011
1.82052
1.82089
1.82124
1.82155
1.82183
1.82208
1.8223
1.82247
1.82261
1.82271
1.82278
1.8228
1.82277
1.82271
1.8226
1.82244
1.82224
1.822
1.82171
1.82137
1.82098
1.82054
1.82006
1.81953
1.81895
1.81833
1.81765
1.81693
1.81616
1.81535
1.81448
1.81358
1.81262
1.81162
1.81058
1.80949
1.80835
1.80717
1.80595
1.80469
1.80338
1.80203
1.80063
1.7992
1.79772
1.7962
1.79465
1.79305
1.79142
1.78975
1.78804
1.78629
1.78451
1.78268
1.78083
1.77894
1.77701
1.77504
1.77305
1.77101
1.76895
1.76685
1.76472
1.76256
1.76037
1.75815
1.75589
1.75361
1.7513
1.74896
1.74659
1.7442
1.74178
1.73933
1.73686
1.73436
1.73184
1.7293
1.72674
1.72416
1.72156
1.71894
1.7163
1.71364
1.71097
1.70828
1.70558
1.70286
1.70013
1.69739
1.69464
1.69187
1.6891
1.68632
1.68353
1.68073
1.67792
1.67511
1.6723
1.66947
1.66665
1.66381
1.66098
1.65814
1.6553
1.65245
1.64961
1.64676
1.64391
1.64107
1.63822
1.63537
1.63253
1.6297
1.62687
1.62404
1.62123
1.61843
1.61564
1.61287
1.61011
1.60738
1.60467
1.60199
1.59933
1.59672
1.59414
1.59161
1.58913
1.5867
1.58433
1.58203
1.5798
1.57766
1.57559
1.57362
1.57175
1.56998
1.56832
1.56679
1.56537
1.56409
1.56295
1.56194
1.56109
1.56038
1.55983
1.55945
1.55922
1.55917
1.55928
1.55956
1.56001
1.56062
1.56141
1.56236
1.56348
1.56475
1.56619
1.56777
1.56951
1.57138
1.57339
1.57554
1.5778
1.58018
1.58267
1.58526
1.58795
1.59073
1.59358
1.5965
1.59949
1.60254
1.60564
1.60878
1.61195
1.61516
1.61838
1.62163
1.62488
1.62814
1.6314
1.63465
1.6379
1.64113
1.64434
1.64753
1.65069
1.65383
1.65692
1.65999
1.66301
1.66599
1.66893
1.67182
1.67467
1.67746
1.6802
1.68288
1.68551
1.68809
1.6906
1.69305
1.69545
1.69777
1.70004
1.70224
1.70437
1.70643
1.70843
1.71036
1.71221
1.714
1.71571
1.71735
1.71892
1.72041
1.72183
1.72317
1.72444
1.72564
1.72675
1.7278
1.72876
1.72964
1.73045
1.73118
1.73184
1.73241
1.73291
1.73334
1.73368
1.73395
1.73415
1.73427
1.73431
1.73428
1.73417
1.73399
1.73374
1.73342
1.73302
1.73256
1.73202
1.73142
1.73075
1.73001
1.72921
1.72834
1.72741
1.72642
1.72537
1.72426
1.72308
1.72186
1.72057
1.71923
1.71784
1.71639
1.7149
1.71335
1.71176
1.71012
1.70843
1.7067
1.70493
1.70311
1.70126
1.69936
1.69743
1.69547
1.69347
1.69143
1.68937
1.68727
1.68514
1.68299
1.68081
1.67861
1.67639
1.67414
1.67188
1.66959
1.66729
1.66497
1.66264
1.6603
1.65795
1.65559
1.65322
1.65084
1.64847
1.64609
1.64371
1.64134
1.63898
1.63662
1.63427
1.63193
1.62961
1.6273
1.62501
1.62274
1.6205
1.61828
1.61609
1.61393
1.6118
1.60971
1.60766
1.60565
1.60368
1.60175
1.59987
1.59805
1.59627
1.59455
1.59288
1.59128
1.58973
1.58825
1.58683
1.58547
1.58418
1.58297
1.58182
1.58074
1.57974
1.57882
1.57797
1.57719
1.57649
1.57587
1.57533
1.57487
1.57449
1.57419
1.57396
1.57382
1.57375
1.57376
1.57385
1.57401
1.57425
1.57456
1.57494
1.5754
1.57592
1.57652
1.57718
1.5779
1.57868
1.57953
1.58043
1.58139
1.5824
1.58346
1.58457
1.58573
1.58692
1.58816
1.58943
1.59074
1.59208
1.59345
1.59485
1.59627
1.59771
1.59917
1.60064
1.60213
1.60363
1.60514
1.60665
1.60817
1.60969
1.61121
1.61273
1.61424
1.61574
1.61723
1.61871
1.62018
1.62163
1.62306
1.62446
1.62585
1.62721
1.62854
1.62985
1.63112
1.63236
1.63356
1.63473
1.63586
1.63695
1.63799
1.639
1.63996
1.64087
1.64174
1.64255
1.64332
1.64404
1.64471
1.64533
1.64589
1.64641
1.64687
1.64729
1.64765
1.64797
1.64824
1.64846
1.64864
1.64877
1.64887
1.64893
1.64895
1.64895
1.64891
1.64886
1.64878
1.64869
1.64858
1.64847
1.64836
1.64825
1.64815
1.64807
1.648
1.64796
1.64794
1.64797
1.64803
1.64814
1.6483
1.64852
1.64879
1.64914
1.64955
1.65003
1.6506
1.65124
1.65196
1.65278
1.65368
1.65468
1.65577
1.65695
1.65823
1.65961
1.66109
1.66266
1.66434
1.6661
1.66797
1.66992
1.67197
1.67412
1.67635
1.67866
1.68106
1.68355
1.68611
1.68874
1.69145
1.69423
1.69707
1.69997
1.70293
1.70594
1.70899
1.7121
1.71524
1.71842
1.72163
1.72486
1.72812
1.7314
1.73469
1.73799
1.7413
1.74461
1.74792
1.75123
1.75453
1.75781
1.76109
1.76434
1.76756
1.77077
1.77394
1.77708
1.78019
1.78326
1.78629
1.78928
1.79222
1.79512
1.79797
1.80077
1.80352
1.80622
1.80886
1.81144
1.81397
1.81645
1.81886
1.82122
1.82351
1.82575
1.82793
1.83005
1.83211
1.83411
1.83605
1.83794
1.83976
1.84153
1.84325
1.84491
1.84652
1.84807
1.84957
1.85102
1.85241
1.85376
1.85507
1.85632
1.85753
1.8587
1.85982
1.86091
1.86195
1.86296
1.86393
1.86486
1.86577
1.86663
1.86747
1.86827
1.86905
1.86979
1.87051
1.8712
1.87187
1.87251
1.87312
1.87371
1.87428
1.87482
1.87533
1.87582
1.87628
1.87672
1.87714
1.87752
1.87788
1.87822
1.87852
1.8788
1.87905
1.87927
1.87946
1.87962
1.87974
1.87984
1.8799
1.87993
1.87992
1.87987
1.87979
1.87967
1.87951
1.87931
1.87907
1.87879
1.87847
1.8781
1.8777
1.87725
1.87675
1.87622
1.87564
1.87501
1.87434
1.87363
1.87287
1.87207
1.87122
1.87034
1.86941
1.86844
1.86744
1.86639
1.86531
1.86418
1.86303
1.86184
1.86061
1.85936
1.85807
1.85675
1.85541
1.85403
1.85264
1.85122
1.84978
1.84833
1.84685
1.84537
1.84386
1.84235
1.84082
1.83929
1.83776
1.83621
1.83467
1.83312
1.83158
1.83004
1.8285
1.82696
1.82543
1.82391
1.82239
1.82089
1.81939
1.81791
1.81644
1.81498
1.81354
1.81212
1.81071
1.80931
1.80794
1.80658
1.80524
1.80392
1.80262
1.80133
1.80007
1.79882
1.7976
1.79639
1.7952
1.79403
1.79288
1.79175
1.79063
1.78954
1.78846
1.7874
1.78636
1.78534
1.78434
1.78336
1.7824
1.78145
1.78053
1.77963
1.77874
1.77788
1.77703
1.77621
1.77541
1.77463
1.77387
1.77313
1.77242
1.77172
1.77106
1.77041
1.76979
1.7692
1.76864
1.7681
1.76758
1.7671
1.76665
1.76622
1.76583
1.76546
1.76513
1.76482
1.76455
1.76431
1.7641
1.76393
1.76378
1.76366
1.76358
1.76353
1.7635
1.76351
1.76354
1.7636
1.76369
1.76381
1.76394
1.76411
1.76429
1.76449
1.76471
1.76495
1.76519
1.76545
1.76572
1.766
1.76627
1.76656
1.76684
1.76711
1.76738
1.76764
1.76789
1.76812
1.76833
1.76851
1.76868
1.76882
1.76893
1.769
1.76904
1.76905
1.76901
1.76894
1.76882
1.76865
1.76843
1.76817
1.76785
1.76748
1.76706
1.76658
1.76605
1.76546
1.76481
1.76411
1.76335
1.76253
1.76165
1.76072
1.75974
1.7587
1.75761
1.75646
1.75527
1.75403
1.75274
1.75141
1.75003
1.74862
1.74717
1.74569
1.74418
1.74265
1.74109
1.7395
1.73791
1.7363
1.73468
1.73305
1.73143
1.7298
1.72818
1.72657
1.72498
1.7234
1.72185
1.72031
1.71881
1.71734
1.7159
1.7145
1.71313
1.71182
1.71054
1.70932
1.70814
1.70702
1.70595
1.70494
1.70398
1.70309
1.70225
1.70148
1.70076
1.70011
1.69952
1.69898
1.69851
1.6981
1.69776
1.69747
1.69723
1.69706
1.69695
1.69689
1.69688
1.69693
1.69703
1.69718
1.69738
1.69763
1.69792
1.69825
1.69863
1.69904
1.69949
1.69998
1.7005
1.70105
1.70162
1.70223
1.70285
1.7035
1.70417
1.70486
1.70556
1.70628
1.70701
1.70775
1.70849
1.70925
1.71
1.71076
1.71152
1.71228
1.71304
1.71379
1.71454
1.71528
1.71601
1.71673
1.71745
1.71815
1.71885
1.71953
1.7202
1.72085
1.72149
1.72212
1.72273
1.72333
1.72391
1.72448
1.72503
1.72557
1.7261
1.72661
1.7271
1.72759
1.72806
1.72853
1.72898
1.72942
1.72985
1.73028
1.7307
1.73111
1.73151
1.73191
1.73231
1.7327
1.73309
1.73348
1.73386
1.73424
1.73462
1.735
1.73538
1.73576
1.73613
1.73651
1.73688
1.73726
1.73763
1.738
1.73837
1.73873
1.73909
1.73944
1.73979
1.74013
1.74046
1.74078
1.7411
1.74139
1.74168
1.74195
1.7422
1.74244
1.74266
1.74286
1.74304
1.74319
1.74332
1.74343
1.74351
1.74356
1.74358
1.74357
1.74354
1.74347
1.74338
1.74325
1.7431
1.74291
1.7427
1.74245
1.74219
1.74189
1.74157
1.74123
1.74087
1.74048
1.74008
1.73967
1.73924
1.7388
1.73835
1.7379
1.73744
1.73697
1.73651
1.73605
1.7356
1.73515
1.73471
1.73428
1.73386
1.73345
1.73305
1.73267
1.73229
1.73193
1.73158
1.73124
1.7309
1.73057
1.73025
1.72992
1.7296
1.72926
1.72892
1.72857
1.7282
1.72781
1.7274
1.72696
1.72648
1.72597
1.72541
1.72481
1.72416
1.72346
1.7227
1.72189
1.72101
1.72006
1.71905
1.71797
1.71682
1.7156
1.71431
1.71295
1.71152
1.71002
1.70845
1.70682
1.70513
1.70338
1.70157
1.69972
1.69783
1.69589
1.69393
1.69194
1.68993
1.68791
1.68589
1.68387
1.68187
1.67988
1.67792
1.676
1.67412
1.6723
1.67053
1.66884
1.66721
1.66566
1.6642
1.66283
1.66156
1.66038
1.65931
1.65834
1.65747
1.65672
1.65607
1.65552
1.65508
1.65474
1.6545
1.65435
1.6543
1.65433
1.65444
1.65462
1.65487
1.65518
1.65554
1.65594
1.65638
1.65685
1.65733
1.65783
1.65833
1.65882
1.65931
1.65977
1.6602
1.6606
1.66095
1.66125
1.6615
1.66168
1.66178
1.66181
1.66176
1.66162
1.66139
1.66107
1.66064
1.6601
1.65946
1.6587
1.65783
1.65684
1.65573
1.6545
1.65314
1.65166
1.65006
1.64833
1.64647
1.64448
1.64237
1.64013
1.63776
1.63527
1.63266
1.62992
1.62707
1.6241
1.62102
1.61782
1.61451
1.6111
1.60759
1.60398
1.60027
1.59648
1.5926
1.58865
1.58462
1.58052
1.57635
1.57214
1.56787
1.56355
1.5592
1.55482
1.55041
1.54599
1.54155
1.53711
1.53268
1.52826
1.52385
1.51947
1.51513
1.51082
1.50657
1.50237
1.49823
1.49416
1.49016
1.48626
1.48244
1.47871
1.47509
1.47157
1.46817
1.46489
1.46173
1.4587
1.4558
1.45304
1.45042
1.44794
1.44561
1.44342
1.44139
1.4395
1.43777
1.43619
1.43477
1.4335
1.43238
1.43141
1.4306
1.42994
1.42943
1.42907
1.42885
1.42877
1.42883
1.42904
1.42937
1.42984
1.43043
1.43114
1.43198
1.43293
1.43399
1.43516
1.43643
1.4378
1.43927
1.44082
1.44246
1.44418
1.44597
1.44783
1.44976
1.45175
1.45379
1.45589
1.45803
1.46022
1.46244
1.4647
1.46698
1.46929
1.47162
1.47396
1.47631
1.47867
1.48103
1.48339
1.48574
1.48809
1.49042
1.49273
1.49503
1.4973
1.49955
1.50177
1.50396
1.50612
1.50824
1.51033
1.51238
1.51438
1.51634
1.51826
1.52014
1.52196
1.52374
1.52547
1.52716
1.52879
1.53038
1.53192
1.5334
1.53484
1.53624
1.53759
1.53889
1.54014
1.54136
1.54253
1.54366
1.54476
1.54581
1.54683
1.54781
1.54876
1.54968
1.55057
1.55144
1.55228
1.55309
1.55389
1.55466
1.55542
1.55616
1.55689
1.55761
1.55832
1.55902
1.55972
1.56042
1.56111
1.56181
1.5625
1.5632
1.56391
1.56462
1.56534
1.56606
1.5668
1.56755
1.56831
1.56909
1.56987
1.57068
1.5715
1.57234
1.5732
1.57407
1.57497
1.57588
1.57681
1.57777
1.57874
1.57974
1.58075
1.58179
1.58285
1.58393
1.58503
1.58615
1.58729
1.58845
1.58963
1.59083
1.59205
1.59329
1.59455
1.59582
1.59711
1.59842
1.59974
1.60108
1.60242
1.60378
1.60515
1.60653
1.60792
1.60931
1.61071
1.61211
1.61351
1.61492
1.61633
1.61773
1.61913
1.62053
1.62191
1.62329
1.62466
1.62602
1.62736
1.62869
1.63001
1.6313
1.63258
1.63383
1.63506
1.63627
1.63746
1.63861
1.63974
1.64085
1.64192
1.64296
1.64398
1.64496
1.6459
1.64682
1.64769
1.64854
1.64934
1.65011
1.65085
1.65154
1.6522
1.65282
1.6534
1.65394
1.65444
1.6549
1.65532
1.6557
1.65604
1.65634
1.6566
1.65681
1.65699
1.65712
1.6572
1.65725
1.65725
1.65721
1.65712
1.65699
1.65681
1.65659
1.65633
1.65602
1.65567
1.65527
1.65483
1.65434
1.65381
1.65323
1.65261
1.65195
1.65125
1.65051
1.64973
1.64892
1.64807
1.64718
1.64626
1.64531
1.64433
1.64333
1.6423
1.64125
1.64018
1.63909
1.63799
1.63689
1.63578
1.63466
1.63355
1.63244
1.63134
1.63025
1.62918
1.62813
1.62711
1.62611
1.62514
1.6242
1.62331
1.62245
1.62164
1.62087
1.62015
1.61948
1.61886
1.61829
1.61778
1.61732
1.61691
1.61656
1.61627
1.61603
1.61584
1.61571
1.61563
1.61559
1.61561
1.61566
1.61577
1.61591
1.61609
1.61631
1.61655
1.61683
1.61713
1.61745
1.61779
1.61815
1.61851
1.61889
1.61927
1.61965
1.62003
1.62041
1.62077
1.62113
1.62148
1.62181
1.62213
1.62242
1.6227
1.62295
1.62318
1.62338
1.62356
1.6237
1.62382
1.6239
1.62396
1.62398
1.62397
1.62393
1.62385
1.62375
1.62361
1.62344
1.62324
1.62302
1.62276
1.62248
1.62218
1.62185
1.62151
1.62114
1.62076
1.62036
1.61996
1.61954
1.61911
1.61868
1.61825
1.61782
1.6174
1.61698
1.61657
1.61617
1.6158
1.61544
1.61511
1.6148
1.61452
1.61427
1.61406
1.61389
1.61376
1.61367
1.61364
1.61364
1.6137
1.61382
1.61399
1.61421
1.6145
1.61484
1.61525
1.61571
1.61624
1.61683
1.61748
1.61819
1.61896
1.61979
1.62067
1.62162
1.62262
1.62367
1.62477
1.62592
1.62711
1.62835
1.62962
1.63094
1.63228
1.63365
1.63505
1.63647
1.6379
1.63935
1.64081
1.64227
1.64374
1.6452
1.64666
1.64811
1.64954
1.65096
1.65235
1.65373
1.65507
1.65639
1.65767
1.65891
1.66012
1.66129
1.66241
1.66349
1.66452
1.6655
1.66643
1.6673
1.66813
1.6689
1.66961
1.67027
1.67088
1.67143
1.67192
1.67235
1.67273
1.67306
1.67332
1.67354
1.67369
1.6738
1.67385
1.67385
1.6738
1.6737
1.67355
1.67336
1.67312
1.67284
1.67251
1.67215
1.67175
1.67131
1.67083
1.67033
1.66979
1.66922
1.66863
1.66802
1.66738
1.66672
1.66605
1.66536
1.66465
1.66394
1.66322
1.66249
1.66176
1.66103
1.6603
1.65957
1.65885
1.65814
1.65744
1.65676
1.65609
1.65544
1.65481
1.65421
1.65363
1.65309
1.65257
1.65209
1.65164
1.65123
1.65086
1.65054
1.65025
1.65002
1.64982
1.64968
1.64958
1.64953
1.64954
1.64959
1.6497
1.64985
1.65006
1.65032
1.65063
1.65098
1.65139
1.65184
1.65234
1.65288
1.65346
1.65407
1.65473
1.65541
1.65613
1.65687
1.65764
1.65843
1.65924
1.66006
1.66089
1.66173
1.66257
1.66341
1.66425
1.66508
1.6659
1.6667
1.66749
1.66826
1.669
1.66971
1.67039
1.67104
1.67165
1.67221
1.67274
1.67322
1.67366
1.67405
1.67439
1.67468
1.67491
1.67509
1.67522
1.67529
1.67531
1.67527
1.67518
1.67503
1.67482
1.67456
1.67425
1.67388
1.67347
1.673
1.67248
1.67192
1.67131
1.67065
1.66996
1.66922
1.66845
1.66764
1.6668
1.66593
1.66503
1.6641
1.66315
1.66218
1.66119
1.66019
1.65917
1.65814
1.65711
1.65607
1.65502
1.65398
1.65294
1.65191
1.65088
1.64986
1.64886
1.64787
1.6469
1.64595
1.64502
1.64411
1.64323
1.64238
1.64155
1.64076
1.64001
1.63929
1.63861
1.63796
1.63736
1.6368
1.63629
1.63581
1.63539
1.63501
1.63468
1.6344
1.63417
1.63399
1.63386
1.63378
1.63376
1.63378
1.63386
1.63399
1.63417
1.63441
1.6347
1.63504
1.63543
1.63587
1.63636
1.63691
1.63749
1.63813
1.63881
1.63954
1.64031
1.64113
1.64198
1.64287
1.6438
1.64477
1.64576
1.64679
1.64785
1.64894
1.65004
1.65117
1.65232
1.65349
1.65467
1.65587
1.65707
1.65828
1.6595
1.66071
1.66193
1.66315
1.66436
1.66556
1.66676
1.66794
1.66912
1.67028
1.67142
1.67255
1.67366
1.67475
1.67582
1.67686
1.67789
1.67889
1.67987
1.68082
1.68175
1.68265
1.68353
1.68439
1.68522
1.68602
1.68681
1.68756
1.6883
1.68901
1.68969
1.69036
1.691
1.69162
1.69221
1.69278
1.69333
1.69386
1.69436
1.69484
1.69529
1.69572
1.69612
1.6965
1.69685
1.69718
1.69747
1.69774
1.69797
1.69817
1.69834
1.69847
1.69857
1.69862
1.69864
1.69862
1.69856
1.69845
1.6983
1.6981
1.69786
1.69757
1.69724
1.69685
1.69642
1.69594
1.69541
1.69482
1.69419
1.69351
1.69278
1.69199
1.69116
1.69027
1.68934
1.68836
1.68733
1.68625
1.68512
1.68395
1.68273
1.68146
1.68015
1.6788
1.6774
1.67596
1.67449
1.67297
1.67142
1.66983
1.6682
1.66655
1.66486
1.66314
1.6614
1.65963
1.65784
1.65603
1.6542
1.65236
1.6505
1.64864
1.64677
1.6449
1.64302
1.64115
1.63929
1.63744
1.6356
1.63377
1.63197
1.6302
1.62845
1.62674
1.62507
1.62343
1.62185
1.62031
1.61883
1.61742
1.61606
1.61478
1.61357
1.61243
1.61138
1.61042
1.60955
1.60877
1.60809
1.60751
1.60703
1.60666
1.6064
1.60625
1.60621
1.60629
1.60648
1.60678
1.6072
1.60773
1.60837
1.60912
1.60998
1.61094
1.612
1.61316
1.61441
1.61575
1.61717
1.61867
1.62024
1.62187
1.62356
1.6253
1.62709
1.62892
1.63077
1.63265
1.63455
1.63646
1.63837
1.64028
1.64218
1.64407
1.64593
1.64777
1.64958
1.65135
1.65308
1.65477
1.6564
1.65799
1.65951
1.66098
1.66238
1.66373
1.665
1.66622
1.66736
1.66844
1.66945
1.67039
1.67127
1.67208
1.67283
1.67351
1.67413
1.67469
1.67519
1.67564
1.67604
1.67638
1.67668
1.67694
1.67715
1.67732
1.67745
1.67755
1.67763
1.67767
1.67769
1.67769
1.67767
1.67763
1.67758
1.67752
1.67744
1.67737
1.67728
1.67719
1.6771
1.67701
1.67692
1.67683
1.67675
1.67666
1.67658
1.67651
1.67643
1.67636
1.6763
1.67623
1.67617
1.67611
1.67605
1.67598
1.67592
1.67584
1.67577
1.67569
1.67559
1.67549
1.67538
1.67526
1.67512
1.67497
1.67481
1.67463
1.67443
1.67421
1.67397
1.67372
1.67344
1.67315
1.67283
1.67249
1.67214
1.67177
1.67137
1.67096
1.67053
1.67009
1.66963
1.66916
1.66867
1.66818
1.66767
1.66716
1.66664
1.66612
1.6656
1.66507
1.66455
1.66404
1.66353
1.66303
1.66254
1.66207
1.66161
1.66116
1.66074
1.66033
1.65995
1.65959
1.65925
1.65894
1.65866
1.6584
1.65817
1.65797
1.6578
1.65766
1.65755
1.65747
1.65743
1.65741
1.65742
1.65746
1.65753
1.65763
1.65777
1.65793
1.65812
1.65834
1.65858
1.65886
1.65916
1.65948
1.65984
1.66022
1.66063
1.66106
1.66152
1.66201
1.66251
1.66305
1.66361
1.66419
1.66479
1.66542
1.66607
1.66674
1.66744
1.66815
1.6689
1.66966
1.67044
1.67125
1.67208
1.67293
1.67381
1.6747
1.67562
1.67655
1.67751
1.67849
1.67949
1.6805
1.68154
1.6826
1.68367
1.68477
1.68588
1.687
1.68814
1.6893
1.69047
1.69165
1.69285
1.69406
1.69527
1.6965
1.69774
1.69898
1.70023
1.70149
1.70275
1.70402
1.70528
1.70655
1.70782
1.70909
1.71035
1.71161
1.71286
1.71411
1.71536
1.71659
1.71782
1.71903
1.72023
1.72141
1.72259
1.72374
1.72488
1.72599
1.72709
1.72816
1.72922
1.73025
1.73125
1.73223
1.73318
1.7341
1.73499
1.73586
1.73669
1.73749
1.73826
1.73899
1.73969
1.74035
1.74097
1.74156
1.7421
1.74261
1.74308
1.74351
1.7439
1.74424
1.74454
1.74479
1.74501
1.74517
1.74529
1.74536
1.74539
1.74537
1.74529
1.74517
1.74501
1.74479
1.74452
1.74419
1.74382
1.7434
1.74292
1.74239
1.74181
1.74118
1.74049
1.73975
1.73896
1.73812
1.73722
1.73627
1.73526
1.7342
1.73309
1.73192
1.73071
1.72944
1.72811
1.72674
1.72532
1.72384
1.72232
1.72074
1.71911
1.71744
1.71572
1.71395
1.71214
1.71028
1.70838
1.70643
1.70445
1.70242
1.70036
1.69826
1.69613
1.69397
1.69177
1.68954
1.68729
1.68502
1.68272
1.68041
1.67808
1.67574
1.67339
1.67103
1.66867
1.6663
1.66395
1.6616
1.65927
1.65695
1.65465
1.65238
1.65014
1.64794
1.64578
1.64366
1.64159
1.63957
1.63762
1.63573
1.63391
1.63217
1.63051
1.62893
1.62744
1.62604
1.62475
1.62355
1.62247
1.62149
1.62063
1.61988
1.61926
1.61876
1.61839
1.61814
1.61802
1.61803
1.61817
1.61844
1.61884
1.61937
1.62002
1.62081
1.62172
1.62275
1.6239
1.62518
1.62656
1.62806
