-0.20971
-0.219457
-0.228933
-0.237414
-0.246102
-0.254272
-0.261924
-0.268817
-0.275673
-0.28177
-0.287108
-0.29193
-0.296477
-0.30027
-0.303551
-0.306564
-0.309071
-0.311315
-0.312576
-0.313824
-0.314578
-0.314843
-0.314864
-0.314163
-0.312746
-0.311341
-0.308747
-0.305694
-0.302185
-0.298466
-0.294302
-0.289698
-0.284901
-0.279435
-0.273548
-0.267247
-0.260778
-0.253184
-0.245677
-0.237539
-0.229258
-0.220599
-0.211569
-0.202175
-0.192424
-0.182564
-0.171878
-0.161577
-0.150463
-0.138785
-0.12703
-0.115446
-0.103319
-0.0901717
-0.077458
-0.0647021
-0.0514296
-0.0376471
-0.0231212
-0.00834011
0.00644681
0.0214738
0.0369746
0.0519794
0.0674445
0.0826394
0.0985195
0.114838
0.131106
0.147316
0.163941
0.180734
0.198168
0.21503
0.232517
0.249899
0.267167
0.284795
0.303014
0.320612
0.338544
0.356561
0.374173
0.392332
0.410308
0.428573
0.446876
0.465206
0.483313
0.501189
0.519304
0.53765
0.555492
0.573302
0.591791
0.610226
0.628355
0.645928
0.663896
0.681766
0.699287
0.716928
0.734197
0.751803
0.768772
0.786056
0.802919
0.819833
0.836063
0.852319
0.868351
0.884148
0.899938
0.915468
0.930728
0.945469
0.959197
0.973589
0.98743
1.00071
1.01439
1.02725
1.03976
1.05168
1.06373
1.07541
1.08648
1.09717
1.10724
1.11692
1.12646
1.13536
1.14435
1.15246
1.16066
1.16774
1.17515
1.18264
1.18878
1.19477
1.20061
1.20536
1.20997
1.21469
1.21904
1.2228
1.22621
1.22929
1.23155
1.23421
1.23632
1.23837
1.23941
1.2409
1.24212
1.24285
1.2431
1.2436
1.24366
1.24352
1.24319
1.2427
1.24156
1.24053
1.23938
1.23835
1.23747
1.23603
1.235
1.23367
1.23255
1.23068
1.2288
1.2274
1.22554
1.22394
1.22263
1.22136
1.21993
1.21857
1.21681
1.21611
1.21601
1.21529
1.21495
1.21425
1.21394
1.21378
1.21378
1.21418
1.21475
1.21549
1.21593
1.2168
1.21737
1.21885
1.22053
1.2224
1.22422
1.22576
1.22798
1.2304
1.23301
1.23606
1.23907
1.24203
1.24494
1.24827
1.25203
1.25646
1.26058
1.26463
1.26958
1.2742
1.27851
1.28368
1.28876
1.29397
1.29908
1.30479
1.31037
1.31582
1.3216
1.32748
1.33319
1.33969
1.346
1.35213
1.35804
1.36422
1.37041
1.37684
1.38301
1.38891
1.39501
1.40009
1.40654
1.41266
1.41844
1.42411
1.4294
1.4343
1.43999
1.44503
1.44987
1.4545
1.45889
1.46305
1.46718
1.4708
1.47364
1.47642
1.47912
1.48077
1.48279
1.48421
1.4855
1.48666
1.48766
1.48779
1.48775
1.48681
1.48522
1.48345
1.48125
1.47959
1.47678
1.47354
1.46988
1.46579
1.46129
1.45662
1.45106
1.44487
1.43877
1.43229
1.42569
1.41801
1.41047
1.4026
1.39442
1.38594
1.37693
1.36814
1.35911
1.34983
1.34011
1.33042
1.3208
1.31029
1.29988
1.28935
1.27895
1.26821
1.25765
1.2463
1.23564
1.22472
1.21379
1.20263
1.19174
1.18089
1.1701
1.15938
1.14875
1.13798
1.12756
1.11703
1.10736
1.09761
1.08777
1.07811
1.06864
1.05937
1.05054
1.04169
1.03355
1.02588
1.01774
1.00985
1.00173
0.994369
0.98728
0.980475
0.973959
0.967739
0.96158
0.955969
0.95067
0.945688
0.941027
0.936693
0.932928
0.929496
0.926401
0.923644
0.920989
0.918436
0.916468
0.914848
0.913334
0.912649
0.912552
0.912561
0.913156
0.913134
0.914178
0.915324
0.917052
0.918395
0.920556
0.923289
0.926351
0.929495
0.9332
0.936978
0.940823
0.945212
0.949898
0.95415
0.958924
0.964214
0.96977
0.975827
0.981893
0.989162
0.995459
1.00174
1.00895
1.01661
1.02421
1.032
1.0402
1.04784
1.0561
1.06426
1.07254
1.08118
1.0904
1.09923
1.10813
1.11685
1.12587
1.13493
1.14425
1.15311
1.16221
1.1713
1.18062
1.19014
1.19913
1.20759
1.21623
1.22526
1.23421
1.24282
1.25131
1.25945
1.26722
1.27581
1.28378
1.29158
1.29899
1.3067
1.31351
1.3211
1.32825
1.33496
1.34122
1.34752
1.35359
1.35945
1.36507
1.37047
1.37563
1.38031
1.38499
1.38943
1.39337
1.39707
1.401
1.4042
1.40738
1.40983
1.4125
1.41492
1.41709
1.41828
1.41994
1.42134
1.42323
1.42414
1.4248
1.42427
1.42421
1.42415
1.42435
1.42431
1.42405
1.42285
1.42167
1.42004
1.41821
1.41642
1.41444
1.41226
1.41015
1.40762
1.40541
1.40255
1.39978
1.39614
1.3926
1.38966
1.38683
1.38317
1.3794
1.3753
1.37111
1.36708
1.36226
1.35809
1.35388
1.35034
1.34557
1.34052
1.33595
1.33184
1.32774
1.32365
1.31982
1.31554
1.3113
1.30735
1.30369
1.29961
1.29536
1.29071
1.28664
1.28337
1.27997
1.27668
1.27327
1.26998
1.26658
1.26356
1.26091
1.25794
1.25487
1.25268
1.24993
1.24782
1.24588
1.24434
1.24298
1.2413
1.24052
1.2387
1.2373
1.23655
1.23573
1.23507
1.2353
1.23521
1.23552
1.23574
1.23634
1.23733
1.23772
1.23801
1.23913
1.2406
1.24194
1.24337
1.24488
1.24623
1.24764
1.24958
1.25085
1.25263
1.25395
1.25551
1.2566
1.25816
1.26019
1.2617
1.26317
1.26531
1.26668
1.26797
1.26944
1.27058
1.27164
1.27261
1.27347
1.274
1.27441
1.27521
1.27564
1.27621
1.27618
1.27603
1.27576
1.27586
1.27537
1.275
1.27452
1.27369
1.27275
1.27219
1.27152
1.27027
1.2694
1.26843
1.26689
1.26526
1.26378
1.26221
1.2608
1.25883
1.25702
1.25488
1.25292
1.25088
1.249
1.24681
1.24503
1.24246
1.23982
1.23734
1.2348
1.23195
1.22927
1.22652
1.22395
1.22083
1.21788
1.21463
1.21131
1.20768
1.20496
1.20217
1.19931
1.19616
1.1927
1.18942
1.18585
1.18246
1.17854
1.17505
1.17126
1.16695
1.16308
1.15916
1.15521
1.15122
1.14647
1.14242
1.13858
1.13472
1.1306
1.12623
1.12208
1.11768
1.11377
1.11009
1.10545
1.1013
1.09716
1.09255
1.0882
1.08363
1.07957
1.07578
1.0713
1.06733
1.0634
1.05927
1.05495
1.05115
1.0474
1.04442
1.04102
1.03719
1.03366
1.02971
1.02606
1.02247
1.01943
1.01622
1.01307
1.01047
1.00721
1.00427
1.00115
0.998583
0.996329
0.993184
0.990593
0.988073
0.986106
0.983729
0.981426
0.978713
0.977036
0.97519
0.973418
0.971479
0.969613
0.967581
0.965865
0.964225
0.962662
0.961175
0.960007
0.958435
0.957184
0.956012
0.954923
0.954397
0.952751
0.951672
0.95044
0.950262
0.949936
0.949223
0.948848
0.948813
0.948159
0.948091
0.948134
0.94877
0.94928
0.949185
0.950176
0.951052
0.951819
0.95296
0.954239
0.955179
0.956265
0.957983
0.959615
0.961405
0.963598
0.965718
0.968008
0.969992
0.972634
0.975216
0.977984
0.981662
0.984809
0.98815
0.991447
0.994942
0.99912
1.0035
1.00833
1.01263
1.01715
1.02234
1.02775
1.03287
1.03893
1.0447
1.05091
1.05707
1.06391
1.07046
1.07743
1.08481
1.09238
1.09962
1.10678
1.11457
1.12322
1.13129
1.13948
1.14778
1.15618
1.16468
1.1735
1.18214
1.1906
1.19958
1.20954
1.21832
1.22709
1.23585
1.24434
1.25326
1.26188
1.27043
1.27912
1.28723
1.29546
1.30428
1.31246
1.32001
1.32809
1.33527
1.34249
1.34998
1.35652
1.36331
1.36985
1.37591
1.3817
1.38748
1.39297
1.39796
1.40242
1.40635
1.41024
1.41433
1.41788
1.42139
1.42438
1.42612
1.42782
1.4302
1.43208
1.43394
1.43554
1.43665
1.43776
1.43815
1.43856
1.43875
1.4385
1.43877
1.43861
1.43828
1.43802
1.43688
1.43584
1.43467
1.43337
1.43172
1.43044
1.42884
1.42739
1.42514
1.42308
1.42192
1.41999
1.41803
1.4158
1.41355
1.41105
1.40903
1.40773
1.40524
1.40422
1.40226
1.40033
1.39892
1.39731
1.39551
1.39377
1.39184
1.38998
1.38868
1.38696
1.38556
1.38424
1.38349
1.3821
1.38081
1.37985
1.379
1.37848
1.37759
1.37753
1.37733
1.37749
1.37704
1.37696
1.37699
1.37643
1.37671
1.37737
1.37767
1.37811
1.37941
1.38061
1.38219
1.38367
1.38482
1.38685
1.3883
1.39015
1.39215
1.39408
1.39593
1.39867
1.40158
1.40418
1.40696
1.41015
1.41352
1.41708
1.42106
1.42474
1.42837
1.43268
1.43694
1.44187
1.44676
1.45184
1.45761
1.46333
1.46876
1.4744
1.48095
1.4865
1.49272
1.5001
1.50719
1.51447
1.52194
1.52982
1.53741
1.54517
1.55333
1.56094
1.56918
1.57782
1.58612
1.59479
1.60359
1.61274
1.62152
1.63064
1.64008
1.64936
1.65894
1.66857
1.67823
1.68744
1.69689
1.70634
1.71504
1.72443
1.73353
1.74303
1.75173
1.76081
1.76929
1.77859
1.78702
1.796
1.80455
1.81241
1.82004
1.82743
1.83529
1.84214
1.84894
1.85542
1.86134
1.86691
1.87259
1.87742
1.88186
1.88637
1.89021
1.89339
1.89659
1.89862
1.90065
1.90221
1.90327
1.90384
1.90366
1.90298
1.90226
1.90054
1.89902
1.89601
1.89297
1.88964
1.88532
1.88073
1.87515
1.86931
1.86298
1.85641
1.84961
1.84258
1.83439
1.82577
1.81625
1.80657
1.79699
1.78705
1.77676
1.76662
1.75594
1.74521
1.73422
1.72251
1.71058
1.69797
1.68567
1.67346
1.66063
1.64795
1.63518
1.62259
1.60949
1.59685
1.58397
1.57112
1.55831
1.54509
1.53219
1.5194
1.50673
1.4942
1.48183
1.46963
1.45785
1.4458
1.43468
1.42331
1.4129
1.40227
1.39165
1.38059
1.37077
1.36172
1.35273
1.34405
1.33591
1.32761
1.31987
1.31246
1.30513
1.29837
1.29219
1.28538
1.27962
1.27372
1.26839
1.26436
1.26017
1.25584
1.25159
1.24718
1.24454
1.24125
1.23827
1.23584
1.23371
1.23212
1.23009
1.22907
1.22832
1.2276
1.22666
1.22645
1.22672
1.22651
1.22724
1.22795
1.22886
1.22972
1.23125
1.23295
1.23434
1.23635
1.23801
1.2398
1.24195
1.24395
1.24653
1.24917
1.25164
1.25392
1.25623
1.25856
1.26138
1.26371
1.2665
1.26878
1.27125
1.27343
1.27601
1.27826
1.28042
1.28294
1.28486
1.28688
1.28876
1.29047
1.29201
1.29337
1.29477
1.29549
1.29552
1.29557
1.29515
1.29473
1.29479
1.29387
1.29294
1.29175
1.2903
1.28929
1.28729
1.28501
1.28317
1.28033
1.27794
1.27405
1.27014
1.26642
1.26219
1.2572
1.25242
1.24738
1.24184
1.23653
1.23072
1.22468
1.21816
1.21117
1.20444
1.1975
1.1906
1.18278
1.17549
1.16828
1.16041
1.15215
1.14375
1.13545
1.12703
1.11874
1.11083
1.10234
1.09354
1.08516
1.07575
1.06654
1.05779
1.04925
1.03974
1.03168
1.02243
1.01369
1.00475
0.995864
0.986797
0.978046
0.96914
0.960331
0.952352
0.944011
0.935317
0.926283
0.918603
0.911085
0.903017
0.895854
0.888883
0.881152
0.874354
0.868499
0.86239
0.856278
0.850411
0.845039
0.839686
0.834601
0.830031
0.825019
0.820773
0.81682
0.813645
0.810769
0.807716
0.805452
0.803258
0.801136
0.798848
0.797117
0.795702
0.795327
0.794788
0.794326
0.794421
0.79483
0.795311
0.79634
0.797917
0.799554
0.801489
0.803476
0.805992
0.809031
0.812587
0.816172
0.819539
0.823645
0.827759
0.831874
0.836702
0.84007
0.845339
0.850574
0.856009
0.862114
0.867678
0.873654
0.87955
0.886078
0.892507
0.899068
0.906232
0.913268
0.920407
0.927638
0.934712
0.942342
0.949794
0.957541
0.964852
0.972198
0.979091
0.98624
0.993399
1.0008
1.00867
1.0158
1.02339
1.03047
1.03726
1.04473
1.05215
1.05926
1.06607
1.07305
1.07995
1.087
1.09397
1.10037
1.10643
1.1131
1.11944
1.12518
1.13178
1.13778
1.14366
1.14967
1.15531
1.16059
1.16575
1.17055
1.17643
1.18121
1.18612
1.19042
1.19508
1.19938
1.2038
1.20761
1.21155
1.21537
1.2198
1.22364
1.22736
1.23122
1.23497
1.23839
1.24146
1.24467
1.2478
1.25083
1.25378
1.25688
1.25942
1.26188
1.26379
1.2661
1.2698
1.27222
1.27434
1.27665
1.27865
1.28085
1.28324
1.28582
1.28787
1.29013
1.2921
1.29404
1.29571
1.29734
1.29895
1.30077
1.30208
1.30385
1.30536
1.30758
1.30929
1.31075
1.31244
1.31435
1.31625
1.31789
1.32001
1.32188
1.32351
1.32512
1.32624
1.3276
1.32919
1.33126
1.33259
1.33441
1.33597
1.33729
1.33885
1.34015
1.34145
1.34298
1.3445
1.34577
1.34776
1.34924
1.35072
1.35195
1.3534
1.35483
1.35601
1.35716
1.35854
1.36014
1.36147
1.36302
1.3643
1.36579
1.36653
1.36772
1.36935
1.37022
1.37153
1.37231
1.37305
1.37422
1.37534
1.37641
1.37718
1.37741
1.37829
1.37888
1.37939
1.37984
1.38045
1.38098
1.3812
1.38109
1.38089
1.38085
1.38072
1.38049
1.38016
1.37997
1.37919
1.37903
1.37828
1.37741
1.37691
1.37557
1.37482
1.37299
1.372
1.37064
1.3689
1.36656
1.36456
1.36243
1.36016
1.358
1.3557
1.35303
1.3495
1.34655
1.34348
1.34026
1.33668
1.33297
1.32938
1.3259
1.3223
1.31811
1.31404
1.30987
1.3056
1.30122
1.29676
1.29221
1.2871
1.2824
1.27788
1.27305
1.26818
1.26278
1.25806
1.25404
1.24928
1.24426
1.23924
1.23423
1.22947
1.22497
1.21977
1.21486
1.20975
1.20493
1.20017
1.19548
1.19158
1.18729
1.18284
1.17896
1.17495
1.17031
1.16627
1.16258
1.15853
1.15508
1.15151
1.14808
1.14477
1.1416
1.13856
1.13566
1.13289
1.13075
1.1285
1.12519
1.12274
1.12091
1.11897
1.11718
1.11624
1.11423
1.11259
1.11085
1.10972
1.10895
1.10735
1.10684
1.10621
1.10546
1.10579
1.10552
1.10536
1.10532
1.10515
1.10533
1.10538
1.10553
1.10628
1.10713
1.10808
1.10866
1.10957
1.11108
1.11219
1.11341
1.11497
1.11639
1.11766
1.11951
1.12097
1.12277
1.12467
1.12666
1.12898
1.13139
1.13365
1.13623
1.1389
1.14142
1.14425
1.14692
1.14967
1.15297
1.15586
1.15858
1.16159
1.16491
1.16779
1.17072
1.17418
1.17767
1.18096
1.18402
1.18687
1.1907
1.19404
1.19763
1.20073
1.2043
1.20809
1.21089
1.21389
1.21709
1.22025
1.22358
1.22685
1.22957
1.2322
1.23548
1.23866
1.24101
1.24399
1.24636
1.24862
1.2505
1.2525
1.25508
1.25655
1.2586
1.25977
1.26078
1.26139
1.26207
1.26331
1.26389
1.26454
1.26453
1.26434
1.26468
1.26412
1.26289
1.26196
1.26108
1.26001
1.25899
1.25755
1.2564
1.25434
1.2521
1.24991
1.24802
1.24547
1.24225
1.23934
1.23601
1.23299
1.22956
1.22644
1.2222
1.21803
1.21394
1.2097
1.20507
1.20125
1.19681
1.1915
1.18654
1.18121
1.17551
1.16969
1.16423
1.15938
1.15418
1.14792
1.14228
1.13631
1.12954
1.1234
1.11744
1.11116
1.10483
1.09869
1.09178
1.08531
1.07906
1.07302
1.06673
1.05995
1.0539
1.04762
1.04136
1.03512
1.02893
1.02328
1.01672
1.01023
1.00406
0.998461
0.992246
0.986623
0.980884
0.974798
0.969341
0.9638
0.958668
0.953957
0.949197
0.944399
0.940055
0.935696
0.931572
0.927696
0.925038
0.921925
0.919088
0.91702
0.914765
0.912576
0.911182
0.909389
0.908167
0.907765
0.906985
0.906797
0.907448
0.90822
0.909358
0.910867
0.91299
0.915249
0.917645
0.920419
0.923812
0.927582
0.932209
0.936728
0.941616
0.947111
0.952726
0.958696
0.965014
0.971672
0.978904
0.985975
0.993117
1.00056
1.00925
1.01774
1.02649
1.03525
1.04424
1.0532
1.06285
1.07292
1.08292
1.09282
1.10309
1.11324
1.12371
1.13401
1.14485
1.15547
1.16562
1.17625
1.18732
1.1981
1.20856
1.21846
1.22848
1.23909
1.24907
1.25887
1.26874
1.27767
1.2871
1.29582
1.30451
1.31342
1.32181
1.32966
1.33744
1.34467
1.35132
1.35789
1.36411
1.36998
1.37599
1.38091
1.38573
1.3897
1.39381
1.39756
1.40097
1.40404
1.4075
1.40991
1.41201
1.41333
1.41411
1.41558
1.41678
1.4175
1.41799
1.41827
1.41786
1.41825
1.41775
1.41711
1.41683
1.41621
1.4155
1.41498
1.41417
1.41334
1.41274
1.41215
1.41112
1.41037
1.40969
1.4091
1.4086
1.40797
1.40771
1.4076
1.40739
1.40735
1.40652
1.40684
1.4076
1.40928
1.4107
1.41185
1.41371
1.41604
1.41812
1.42044
1.42301
1.42606
1.42911
1.43242
1.43621
1.44001
1.44429
1.44882
1.45311
1.45812
1.46361
1.46909
1.47456
1.4805
1.48641
1.49254
1.4984
1.50446
1.51095
1.51787
1.52425
1.53201
1.53922
1.54658
1.55361
1.56174
1.57001
1.57817
1.58668
1.5953
1.60353
1.6121
1.6205
1.62969
1.6387
1.64704
1.6559
1.66479
1.67345
1.68213
1.69152
1.70042
1.7093
1.71863
1.72768
1.73643
1.74536
1.75422
1.76275
1.7712
1.77905
1.78728
1.79514
1.80312
1.81095
1.81863
1.82615
1.83351
1.84069
1.84768
1.85473
1.86133
1.86748
1.87342
1.87913
1.88462
1.89035
1.89559
1.90059
1.9051
1.90911
1.91309
1.91681
1.92074
1.92416
1.92754
1.9304
1.93274
1.93479
1.9368
1.93876
1.93947
1.94086
1.94197
1.94254
1.94283
1.94308
1.9428
1.94177
1.94118
1.93983
1.93893
1.93728
1.93561
1.93345
1.93102
1.92835
1.92592
1.92324
1.92033
1.91695
1.91359
1.90929
1.90502
1.90078
1.89611
1.89149
1.88644
1.88097
1.87557
1.87025
1.86454
1.85867
1.8529
1.84651
1.84048
1.83408
1.82709
1.82047
1.81399
1.80742
1.80028
1.79307
1.78578
1.77891
1.77198
1.76404
1.75678
1.74924
1.74215
1.73456
1.72744
1.71983
1.7127
1.70558
1.69871
1.69162
1.6848
1.67754
1.67032
1.66338
1.65603
1.64849
1.64126
1.63387
1.62728
1.62029
1.61412
1.6078
1.60135
1.59525
1.58927
1.58316
1.57718
1.57133
1.56537
1.56004
1.5546
1.5493
1.54416
1.53988
1.53431
1.52986
1.52557
1.52191
1.51817
1.51435
1.51045
1.50695
1.50336
1.4997
1.49667
1.49356
1.4906
1.4878
1.48515
1.48192
1.47979
1.47806
1.47597
1.47403
1.47221
1.47076
1.46895
1.46775
1.46569
1.46446
1.4631
1.46256
1.46138
1.4603
1.45978
1.45862
1.45824
1.45746
1.45721
1.45606
1.45592
1.45558
1.45529
1.45527
1.4548
1.45508
1.45537
1.45496
1.4548
1.45465
1.45402
1.45411
1.45347
1.45354
1.45287
1.45219
1.45173
1.45149
1.45099
1.45069
1.45037
1.44978
1.44963
1.44945
1.44924
1.44874
1.44821
1.4474
1.44727
1.44662
1.44593
1.44496
1.4442
1.44364
1.4428
1.44193
1.44102
1.43984
1.43838
1.43762
1.43635
1.43577
1.43469
1.43334
1.43294
1.43204
1.43064
1.42923
1.42756
1.42638
1.42543
1.42423
1.42304
1.42137
1.42043
1.41926
1.41786
1.41672
1.41535
1.41401
1.41317
1.41188
1.41085
1.40986
1.40915
1.40823
1.40759
1.40651
1.40572
1.40448
1.40378
1.40337
1.403
1.40269
1.40219
1.40151
1.40063
1.40054
1.40002
1.39955
1.39938
1.39878
1.39872
1.39872
1.39876
1.39862
1.39925
1.39945
1.39945
1.39998
1.40056
1.40093
1.40183
1.403
1.40397
1.40424
1.40479
1.40536
1.40595
1.40656
1.40743
1.40783
1.40823
1.4084
1.40906
1.40995
1.41011
1.41147
1.41209
1.41245
1.41279
1.41359
1.4146
1.41557
1.41579
1.4162
1.41658
1.41715
1.41743
1.41742
1.41711
1.41746
1.41751
1.41726
1.41718
1.41703
1.41681
1.41651
1.41613
1.41496
1.41466
1.41332
1.41261
1.41158
1.41046
1.40901
1.40771
1.40657
1.40485
1.40352
1.4021
1.40035
1.39876
1.39756
1.39579
1.39418
1.39249
1.38999
1.3879
1.38598
1.38374
1.38072
1.37859
1.37616
1.3732
1.37067
1.36785
1.36547
1.36258
1.3599
1.35695
1.35447
1.35126
1.34828
1.34578
1.34305
1.34009
1.33716
1.33473
1.33185
1.32925
1.32645
1.32395
1.3215
1.31887
1.31679
1.31455
1.31262
1.31053
1.30805
1.30565
1.30407
1.30283
1.30145
1.29968
1.29802
1.2967
1.29549
1.29487
1.29387
1.29321
1.29266
1.29222
1.29163
1.29138
1.29123
1.29093
1.29072
1.29083
1.29054
1.29056
1.29017
1.2896
1.2898
1.2903
1.29035
1.29092
1.29152
1.29189
1.29203
1.29265
1.29301
1.29337
1.29345
1.29326
1.2935
1.29393
1.29382
1.2934
1.29337
1.2935
1.29329
1.29298
1.2928
1.29226
1.2916
1.29008
1.28963
1.28856
1.28758
1.28646
1.28495
1.28328
1.2817
1.27925
1.27688
1.27483
1.2724
1.26957
1.26708
1.2642
1.26119
1.2578
1.25477
1.25162
1.24811
1.2445
1.24103
1.23723
1.23336
1.22966
1.22566
1.22114
1.21754
1.21367
1.2098
1.20616
1.20206
1.19846
1.19394
1.18995
1.18602
1.18241
1.17864
1.17546
1.17117
1.16726
1.16395
1.16128
1.15851
1.15592
1.15277
1.1503
1.14778
1.14618
1.14408
1.14219
1.14101
1.14007
1.13888
1.1389
1.13869
1.13849
1.13831
1.13887
1.13945
1.13982
1.14093
1.14232
1.14373
1.14565
1.14783
1.15003
1.1525
1.15546
1.1582
1.16215
1.16586
1.16934
1.17328
1.17794
1.18257
1.18718
1.19199
1.19724
1.20195
1.20756
1.2131
1.21904
1.22488
1.23134
1.23745
1.24319
1.24975
1.25616
1.26313
1.26993
1.27726
1.28367
1.29082
1.29799
1.30493
1.31161
1.31826
1.32439
1.33072
1.3377
1.34461
1.35142
1.35765
1.36401
1.37001
1.3761
1.3818
1.38758
1.3927
1.39812
1.40311
1.40813
1.41317
1.41775
1.42258
1.42691
1.431
1.43386
1.43766
1.4407
1.44369
1.44616
1.44809
1.45021
1.45202
1.4528
1.45374
1.45438
1.45421
1.45445
1.45412
1.45323
1.45201
1.45072
1.44934
1.44715
1.44464
1.4423
1.44011
1.43689
1.4336
1.43072
1.42658
1.42213
1.41763
1.41236
1.40656
1.40169
1.39534
1.38897
1.38258
1.37617
1.36977
1.3624
1.35456
1.34698
1.33919
1.33167
1.32323
1.3146
1.30579
1.2968
1.28838
1.27932
1.26987
1.26077
1.25106
1.24147
1.23128
1.22172
1.21159
1.20162
1.19157
1.18121
1.17032
1.15962
1.1496
1.13908
1.12853
1.11845
1.10814
1.0971
1.08681
1.07654
1.06654
1.05659
1.04669
1.03661
1.02611
1.01617
1.00656
0.996796
0.987133
0.977578
0.96862
0.959303
0.950357
0.941309
0.932646
0.923894
0.91506
0.906631
0.898133
0.890293
0.881915
0.873965
0.866209
0.858894
0.851782
0.844637
0.837947
0.831475
0.825224
0.818958
0.813161
0.808077
0.802505
0.797169
0.792313
0.787213
0.782836
0.778222
0.77385
0.769964
0.766322
0.763406
0.760495
0.758551
0.755885
0.753943
0.752242
0.749816
0.748348
0.747115
0.746354
0.745581
0.744793
0.744469
0.744364
0.744234
0.744557
0.745088
0.745822
0.747236
0.748844
0.7504
0.752381
0.754059
0.755672
0.757935
0.760362
0.762225
0.764722
0.767366
0.770153
0.772836
0.77589
0.779309
0.782608
0.786023
0.789786
0.792931
0.796895
0.800711
0.805095
0.808839
0.81266
0.817036
0.821959
0.825499
0.829577
0.833948
0.838126
0.841866
0.846126
0.850661
0.855467
0.859816
0.864187
0.868815
0.873696
0.878585
0.882754
0.887162
0.891806
0.896681
0.901061
0.906384
0.910721
0.91527
0.919786
0.924022
0.928456
0.933082
0.93669
0.940961
0.945407
0.949783
0.954082
0.958298
0.962184
0.965493
0.969421
0.973
0.976221
0.97932
0.982771
0.985844
0.988292
0.990348
0.992727
0.995904
0.998668
1.00053
1.00245
1.00418
1.0057
1.00703
1.0079
1.00855
1.00923
1.01015
1.01085
1.01058
1.01032
1.00934
1.00859
1.00783
1.00659
1.00605
1.00455
1.00255
1.00007
0.99758
0.994125
0.99067
0.987461
0.983299
0.979393
0.975508
0.971171
0.966632
0.962378
0.957938
0.953081
0.948297
0.943116
0.937789
0.932088
0.925541
0.919847
0.914296
0.908178
0.901747
0.895014
0.889437
0.883343
0.876505
0.87038
0.864257
0.85863
0.852788
0.846744
0.840266
0.83481
0.828703
0.823157
0.817461
0.811864
0.805891
0.800514
0.795259
0.790374
0.785623
0.780531
0.775824
0.771265
0.767098
0.762364
0.758267
0.754328
0.750548
0.746927
0.743946
0.740642
0.737494
0.73426
0.731659
0.729207
0.726899
0.724731
0.722458
0.720797
0.718537
0.716877
0.715328
0.71268
0.711575
0.710079
0.708668
0.707092
0.706307
0.705101
0.704188
0.702835
0.70176
0.700471
0.699683
0.698664
0.697648
0.696144
0.695347
0.693805
0.692954
0.692065
0.690891
0.689904
0.688617
0.687265
0.685839
0.684335
0.682505
0.680825
0.67929
0.677414
0.675675
0.674068
0.672108
0.669793
0.667602
0.665051
0.66238
0.659587
0.657155
0.654119
0.651444
0.648649
0.645495
0.642226
0.638363
0.635353
0.631033
0.627333
0.623537
0.619167
0.614712
0.610899
0.606532
0.601859
0.597369
0.593069
0.588245
0.583388
0.578749
0.573856
0.569682
0.564792
0.55992
0.555557
0.551232
0.546716
0.542743
0.538123
0.53383
0.529875
0.52627
0.522307
0.518237
0.514553
0.511028
0.507673
0.504019
0.5008
0.498027
0.495712
0.492902
0.490812
0.488971
0.487389
0.485835
0.484799
0.48405
0.482872
0.482479
0.482396
0.483112
0.48391
0.485279
0.486743
0.488788
0.490938
0.492714
0.496046
0.49949
0.502809
0.50769
0.511965
0.516358
0.52183
0.527659
0.533363
0.53942
0.545587
0.552102
0.558959
0.566637
0.574649
0.582749
0.59093
0.599669
0.608717
0.618307
0.627709
0.637637
0.6476
0.658311
0.669276
0.680247
0.691455
0.703129
0.714535
0.726145
0.738669
0.75089
0.76376
0.776303
0.78947
0.802527
0.815461
0.828499
0.841389
0.854357
0.867873
0.88096
0.894327
0.907239
0.920405
0.934294
0.94841
0.961778
0.975348
0.988628
1.00161
1.01451
1.02781
1.04125
1.05386
1.06659
1.07919
1.09117
1.10348
1.11564
1.12834
1.14039
1.15249
1.16415
1.17513
1.18615
1.19719
1.20801
1.21812
1.22872
1.2386
1.24752
1.25668
1.26607
1.27522
1.28387
1.29227
1.30041
1.30878
1.31641
1.3238
1.33068
1.3378
1.34418
1.3508
1.3567
1.36259
1.36824
1.3739
1.37909
1.38406
1.3888
1.39405
1.39837
1.40272
1.40687
1.41059
1.41388
1.41771
1.42112
1.42389
1.42649
1.42893
1.43122
1.43361
1.43561
1.43797
1.43948
1.4411
1.44261
1.44425
1.44602
1.44769
1.4495
1.4505
1.45188
1.45318
1.45464
1.45505
1.45611
1.45708
1.45775
1.45834
1.45934
1.46003
1.46064
1.46119
1.46142
1.46158
1.46167
1.46169
1.46187
1.4615
1.46081
1.46076
1.46015
1.4597
1.45868
1.45806
1.45687
1.45608
1.45543
1.45445
1.45362
1.4522
1.45142
1.45054
1.44884
1.44728
1.44587
1.44388
1.44156
1.43914
1.43736
1.435
1.43279
1.4305
1.42838
1.42593
1.4227
1.42035
1.41747
1.41453
1.41153
1.40946
1.40662
1.40376
1.40087
1.39821
1.3953
1.39263
1.38973
1.38685
1.38376
1.38094
1.37817
1.37642
1.37401
1.37118
1.3682
1.36531
1.36349
1.36177
1.3592
1.35725
1.35471
1.35327
1.35175
1.34966
1.34798
1.34672
1.34611
1.34546
1.345
1.34498
1.34541
1.34556
1.34569
1.34628
1.34709
1.34788
1.34915
1.35065
1.35262
1.35434
1.35654
1.35897
1.36164
1.36455
1.36768
1.37129
1.37488
1.3787
1.38273
1.38675
1.39169
1.39588
1.40098
1.40532
1.41031
1.41621
1.42155
1.42704
1.43317
1.43967
1.44605
1.45231
1.45842
1.46487
1.47138
1.47772
1.4841
1.49076
1.49695
1.50361
1.51099
1.51833
1.52465
1.53091
1.53709
1.54341
1.54985
1.55591
1.56182
1.56733
1.57265
1.57776
1.5829
1.58828
1.59318
1.59756
1.60215
1.60621
1.60971
1.6129
1.61551
1.61827
1.62042
1.62222
1.62316
1.62517
1.62631
1.62633
1.6262
1.62591
1.62497
1.62388
1.6219
1.61928
1.61602
1.61309
1.60977
1.6063
1.60222
1.59728
1.59246
1.58704
1.58105
1.57544
1.56927
1.56256
1.55579
1.54899
1.54143
1.53363
1.52607
1.51806
1.51032
1.50215
1.49357
1.4846
1.47573
1.46722
1.45788
1.44941
1.43966
1.43034
1.42097
1.41134
1.40217
1.39228
1.38312
1.37352
1.36395
1.35396
1.34475
1.33562
1.32633
1.31715
1.30903
1.30055
1.29148
1.28254
1.2747
1.26606
1.25805
1.24972
1.2418
1.23477
1.22769
1.22055
1.21384
1.20731
1.20075
1.19413
1.1882
1.18151
1.17575
1.16995
1.16411
1.15896
1.15427
1.14882
1.14454
1.14023
1.13613
1.13225
1.12857
1.12486
1.12184
1.1188
1.11596
1.11405
1.11186
1.10964
1.10763
1.1063
1.10421
1.10233
1.10113
1.10013
1.09932
1.0992
1.09856
1.09811
1.0981
1.09804
1.09842
1.09947
1.10048
1.10167
1.10281
1.10439
1.10567
1.10713
1.1095
1.11205
1.11407
1.1165
1.11888
1.12167
1.12415
1.12802
1.13109
1.13457
1.13823
1.14156
1.14507
1.14921
1.15352
1.15846
1.16284
1.16809
1.17398
1.17928
1.1845
1.18961
1.19511
1.20074
1.20651
1.21241
1.21844
1.22411
1.23039
1.23702
1.24354
1.24992
1.25713
1.26397
1.27091
1.27747
1.28509
1.29256
1.2994
1.30728
1.31524
1.3228
1.33068
1.33887
1.3464
1.35472
1.36213
1.37055
1.37855
1.38732
1.39516
1.40328
1.41095
1.41913
1.42661
1.43483
1.44307
1.45155
1.45932
1.46733
1.4763
1.48453
1.49299
1.50118
1.5096
1.5175
1.52584
1.53367
1.54193
1.5499
1.55781
1.56566
1.57369
1.58141
1.58905
1.59638
1.60434
1.61222
1.61976
1.62696
1.63383
1.64058
1.64748
1.65426
1.6614
1.66795
1.67437
1.6809
1.68707
1.69238
1.69828
1.70428
1.71061
1.71633
1.72189
1.72659
1.73137
1.73601
1.74049
1.74529
1.74945
1.7537
1.75826
1.76195
1.76546
1.7693
1.77249
1.77599
1.77885
1.78203
1.78503
1.78763
1.79006
1.79233
1.79467
1.79636
1.79812
1.79973
1.80092
1.80172
1.80307
1.80402
1.80481
1.8052
1.80568
1.80576
1.80593
1.80643
1.8063
1.80627
1.80585
1.80505
1.8046
1.80401
1.80305
1.80197
1.80076
1.79943
1.79799
1.79643
1.79477
1.79276
1.79089
1.78941
1.78736
1.78522
1.78299
1.78093
1.77831
1.77586
1.7731
1.77028
1.76765
1.76496
1.76246
1.7592
1.75662
1.75376
1.75087
1.74795
1.74476
1.74203
1.73881
1.73581
1.73328
1.73075
1.72773
1.72472
1.72243
1.71966
1.71546
1.71248
1.70951
1.70705
1.70437
1.70147
1.6986
1.69552
1.69223
1.68946
1.68649
1.68429
1.6814
1.67857
1.67602
1.6728
1.67084
1.66869
1.66588
1.66408
1.66138
1.65875
1.65713
1.65534
1.65312
1.65073
1.64985
1.64854
1.64681
1.64515
1.64403
1.64224
1.64074
1.6393
1.63792
1.63658
1.63504
1.63355
1.63234
1.63115
1.63
1.62887
1.62777
1.62667
1.62534
1.62402
1.62293
1.62231
1.62192
1.62102
1.61984
1.61912
1.61763
1.61705
1.61545
1.61428
1.61327
1.61147
1.60935
1.60738
1.60532
1.60316
1.60114
1.59853
1.59605
1.5937
1.59171
1.58912
1.58568
1.58285
1.57988
1.57631
1.57309
1.56926
1.56603
1.56244
1.55873
1.55466
1.55071
1.54665
1.54249
1.53822
1.53386
1.52916
1.52486
1.52025
1.51532
1.51032
1.50527
1.5009
1.49601
1.49132
1.48662
1.48166
1.47671
1.472
1.46659
1.46217
1.45731
1.45274
1.44799
1.4433
1.4387
1.43419
1.42978
1.42476
1.42033
1.41652
1.41237
1.40838
1.40454
1.40111
1.39834
1.39479
1.39168
1.38877
1.38631
1.38336
1.38111
1.37934
1.37782
1.37678
1.37552
1.37477
1.37452
1.37455
1.37438
1.3745
1.37562
1.37729
1.37877
1.38055
1.38313
1.38529
1.38777
1.39032
1.39344
1.39711
1.40111
1.40519
1.4096
1.41409
1.41914
1.42453
1.43071
1.43698
1.44333
1.45
1.45723
1.46405
1.47167
1.47911
1.48806
1.49659
1.50566
1.51453
1.52393
1.53337
1.54356
1.55378
1.56449
1.57522
1.5857
1.59642
1.60784
1.61947
1.63083
1.6431
1.65531
1.6677
1.68026
1.69296
1.7058
1.71877
1.7321
1.74529
1.75857
1.77193
1.78536
1.79883
1.81163
1.82469
1.83801
1.85157
1.86512
1.87865
1.89214
1.90558
1.91897
1.93252
1.94575
1.95889
1.97168
1.98483
1.99834
2.01123
2.02397
2.03655
2.04897
2.06096
2.07278
2.08416
2.09558
2.10703
2.11802
2.12856
2.13934
2.14941
2.15947
2.16905
2.17885
2.18744
2.19698
2.20624
2.215
2.22301
2.23099
2.23918
2.24709
2.25449
2.2616
2.2682
2.27452
2.2808
2.28633
2.29158
2.2968
2.30151
2.30594
2.31012
2.31427
2.31816
2.32252
2.3259
2.32904
2.33194
2.33484
2.33775
2.33972
2.34171
2.34349
2.34507
2.34645
2.34716
2.34816
2.34899
2.34966
2.34992
2.35027
2.35072
2.35055
2.35074
2.3508
2.35027
2.34964
2.34939
2.34857
2.34791
2.34718
2.3459
2.34431
2.34315
2.34219
2.34119
2.34015
2.33884
2.33775
2.33688
2.33577
2.33488
2.33375
2.33286
2.33197
2.33109
2.32998
2.32937
2.32828
2.32722
2.32665
2.32539
2.32438
2.32341
2.32245
2.32176
2.32086
2.31974
2.3184
2.31757
2.31677
2.31599
2.31499
2.31402
2.3133
2.31237
2.31242
2.312
2.3116
2.31145
2.31084
2.31024
2.30964
2.30858
2.30776
2.30743
2.3071
2.30629
2.30596
2.30539
2.30458
2.30425
2.30343
2.30285
2.30226
2.30166
2.30105
2.30066
2.29955
2.29889
2.29823
2.2973
2.29612
2.29564
2.29489
2.29485
2.29359
2.29254
2.29195
2.29133
2.29044
2.28977
2.28931
2.2881
2.2871
2.28606
2.28475
2.28413
2.283
2.28182
2.28037
2.2796
2.27807
2.27673
2.27535
2.27416
2.27341
2.27213
2.27032
2.26893
2.26701
2.26502
2.26322
2.26088
2.25872
2.25673
2.25491
2.25303
2.25107
2.24832
2.24622
2.24355
2.24129
2.23847
2.23557
2.2333
2.23047
2.22803
2.22478
2.22144
2.21777
2.21425
2.21113
2.20791
2.20388
2.20024
2.19652
2.19174
2.18783
2.18408
2.18025
2.17657
2.17233
2.16825
2.16386
2.15987
2.15534
2.15074
2.1468
2.14136
2.13659
2.13129
2.12715
2.12201
2.11683
2.11187
2.10641
2.10142
2.09642
2.09118
2.08594
2.08072
2.07599
2.07105
2.06615
2.06153
2.05671
2.05195
2.04726
2.04263
2.03809
2.03411
2.02998
2.02547
2.02107
2.01678
2.01286
2.00931
2.00517
2.0019
1.9983
1.9951
1.99109
1.98773
1.9843
1.98177
1.97919
1.97655
1.97459
1.97306
1.97173
1.97013
1.96897
1.96826
1.96752
1.96651
1.96643
1.96657
1.96693
1.96726
1.96756
1.96832
1.96905
1.97047
1.97137
1.97417
1.9762
1.97819
1.98038
1.98276
1.98508
1.98783
1.99003
1.99313
1.99687
2.00053
2.0041
2.00806
2.01215
2.01613
2.01999
2.02421
2.02854
2.0332
2.03748
2.04183
2.04674
2.05098
2.05577
2.06108
2.06618
2.07083
2.07622
2.08162
2.08629
2.09071
2.09559
2.10093
2.10623
2.11124
2.11547
2.12061
2.12543
2.12968
2.13458
2.13865
2.14261
2.14671
2.1502
2.15381
2.15752
2.16134
2.16501
2.16804
2.17116
2.17387
2.17665
2.17927
2.18146
2.18347
2.18553
2.18765
2.18957
2.19106
2.19283
2.19392
2.1948
2.19549
2.19572
2.19647
2.1963
2.19615
2.19532
2.19476
2.19375
2.1923
2.19113
2.18975
2.18793
2.18663
2.18441
2.18224
2.18012
2.17757
2.17507
2.17216
2.1693
2.16627
2.16332
2.15971
2.15594
2.15226
2.14866
2.14443
2.1403
2.13578
2.13065
2.12562
2.12072
2.11617
2.11079
2.10577
2.10065
2.09567
2.08986
2.08396
2.07821
2.07261
2.06597
2.05972
2.0534
2.04725
2.0415
2.03521
2.02885
2.02193
2.01544
2.00912
2.0025
1.99581
1.98881
1.98199
1.97511
1.96791
1.96088
1.95378
1.9466
1.93935
1.93153
1.92411
1.91612
1.90851
1.90105
1.8935
1.88559
1.87734
1.86897
1.86121
1.85285
1.84437
1.836
1.82726
1.81839
1.80914
1.8
1.79072
1.78131
1.772
1.76279
1.75297
1.74301
1.73292
1.72318
1.71259
1.70213
1.69179
1.6811
1.67031
1.65966
1.64844
1.63738
1.62601
1.61481
1.60284
1.59154
1.58045
1.56958
1.55796
1.54658
1.53473
1.52386
1.51253
1.50124
1.48999
1.47857
1.46746
1.45618
1.44523
1.43414
1.4234
1.41277
1.40227
1.39166
1.38167
1.37183
1.36142
1.35166
1.34206
1.33336
1.32364
1.31458
1.3062
1.29753
1.28882
1.28079
1.27274
1.26441
1.25653
1.24911
1.24167
1.23469
1.22794
1.22188
1.21509
1.20925
1.20291
1.1968
1.19115
1.18598
1.18103
1.17583
1.17109
1.16634
1.16253
1.15846
1.15534
1.15195
1.14853
1.14557
1.14282
1.14052
1.13843
1.13606
1.13461
1.13263
1.13133
1.12997
1.12856
1.12756
1.12699
1.12586
1.1249
1.12435
1.1237
1.12418
1.1248
1.12508
1.12525
1.12628
1.12696
1.128
1.12867
1.13017
1.13153
1.13276
1.13407
1.13572
1.13696
1.13876
1.14014
1.14208
1.14407
1.14563
1.14772
1.14962
1.15106
1.15302
1.15525
1.1575
1.15977
1.1618
1.16385
1.16662
1.16866
1.17046
1.17249
1.17475
1.17675
1.17873
1.18044
1.18261
1.18426
1.18612
1.18819
1.18998
1.19126
1.19321
1.19464
1.19651
1.19809
1.19939
1.20112
1.20257
1.20446
1.20582
1.20785
1.20864
1.20915
1.21034
1.21149
1.21284
1.21368
1.21472
1.21598
1.21672
1.21744
1.2179
1.21857
1.21948
1.2206
1.22197
1.22308
1.2242
1.22508
1.22668
1.22806
1.22872
1.22965
1.23084
1.23157
1.23282
1.23386
1.2347
1.23605
1.23721
1.23842
1.23992
1.241
1.24237
1.24355
1.24528
1.24659
1.24844
1.25012
1.25162
1.25342
1.25553
1.25723
1.25923
1.26129
1.26366
1.26537
1.26761
1.26991
1.27203
1.27443
1.27688
1.27937
1.28215
1.28471
1.28779
1.29018
1.29282
1.29548
1.29767
1.29986
1.30253
1.30496
1.30738
1.31002
1.31216
1.31524
1.31781
1.31985
1.3221
1.32455
1.32695
1.32931
1.33184
1.33336
1.33579
1.33815
1.34045
1.34221
1.3439
1.346
1.34804
1.34954
1.35049
1.35257
1.3546
1.35608
1.35751
1.35863
1.35947
1.36072
1.36194
1.36286
1.36398
1.3653
1.36682
1.36734
1.36807
1.36998
1.37065
1.37131
1.37242
1.3728
1.3734
1.37447
1.37577
1.37682
1.37835
1.37938
1.38018
1.38049
1.38104
1.38135
1.38214
1.38317
1.3842
1.38499
1.38579
1.38658
1.38714
1.38721
1.38728
1.38807
1.38886
1.38964
1.39018
1.39144
1.39149
1.39249
1.39348
1.39446
1.39542
1.39614
1.39707
1.39752
1.39818
1.39906
1.39945
1.40005
1.40062
1.40117
1.40146
1.40196
1.40266
1.40334
1.40398
1.40459
1.40493
1.4057
1.40595
1.40617
1.40658
1.4067
1.40726
1.40705
1.40703
1.4072
1.40707
1.40689
1.40664
1.40682
1.40669
1.40601
1.4055
1.40516
1.4045
1.404
1.40294
1.40204
1.40104
1.4002
1.39902
1.39774
1.3966
1.39535
1.39351
1.39228
1.39021
1.38875
1.38595
1.38423
1.38189
1.37991
1.3773
1.37528
1.37214
1.36911
1.36544
1.36234
1.3591
1.35521
1.35165
1.34745
1.34333
1.33929
1.33557
1.33073
1.32669
1.32177
1.3167
1.31146
1.30559
1.29981
1.29436
1.28877
1.28255
1.27643
1.27018
1.2638
1.25729
1.25043
1.24345
1.23612
1.22894
1.22166
1.21477
1.20709
1.19957
1.19247
1.18507
1.17739
1.16991
1.16264
1.15487
1.14685
1.14003
1.13226
1.12475
1.11727
1.11007
1.10267
1.09485
1.08734
1.08063
1.07353
1.06628
1.05915
1.05212
1.04523
1.03871
1.03186
1.02541
1.0196
1.01421
1.00852
1.00351
0.998451
0.993122
0.988492
0.984087
0.979674
0.975259
0.971333
0.967419
0.963766
0.960618
0.957501
0.955143
0.95379
0.951759
0.950019
0.948576
0.947914
0.947553
0.947497
0.947267
0.947829
0.94822
0.949405
0.95018
0.95151
0.952911
0.955346
0.957612
0.960429
0.963072
0.96626
0.969511
0.97306
0.977625
0.981517
0.986415
0.991111
0.996803
1.00228
1.00826
1.01425
1.02
1.02647
1.03388
1.04127
1.04863
1.05618
1.06368
1.0716
1.07896
1.08648
1.09438
1.10289
1.11153
1.12027
1.12911
1.13707
1.14534
1.15439
1.16326
1.17216
1.18085
1.19003
1.19923
1.20793
1.21663
1.22554
1.23465
1.24349
1.25252
1.26125
1.26991
1.27851
1.28679
1.29524
1.3036
1.31116
1.31934
1.32744
1.33544
1.34359
1.35165
1.35962
1.36702
1.37456
1.38178
1.38939
1.3962
1.40342
1.41056
1.41763
1.42416
1.43087
1.43776
1.44509
1.45213
1.45866
1.46516
1.47187
1.4788
1.48572
1.49239
1.49907
1.5055
1.51195
1.51865
1.52585
1.53259
1.53912
1.54593
1.55277
1.55942
1.56659
1.5738
1.58083
1.58815
1.59504
1.60247
1.60996
1.61727
1.62488
1.63279
1.63956
1.64783
1.6552
1.66215
1.66987
1.6779
1.68598
1.69315
1.70133
1.70908
1.71735
1.72519
1.73331
1.7417
1.75013
1.75834
1.76658
1.77484
1.78287
1.79091
1.79944
1.80797
1.81625
1.82428
1.83253
1.84077
1.8485
1.85643
1.86385
1.87146
1.87926
1.88725
1.89517
1.90255
1.9101
1.91757
1.92495
1.93297
1.94065
1.94775
1.95474
1.96163
1.96863
1.97552
1.98229
1.9882
1.9947
2.00082
2.00703
2.01311
2.01902
2.02455
2.03016
2.03512
2.04064
2.04528
2.05094
2.05571
2.06054
2.0652
2.06895
2.07325
2.07736
2.08104
2.08453
2.0876
2.09048
2.09316
2.09637
2.0989
2.10124
2.10362
2.10532
2.10705
2.10811
2.10919
2.11056
2.11172
2.11146
2.1122
2.11224
2.11207
2.1124
2.11179
2.11167
2.11134
2.11005
2.10902
2.10727
2.10552
2.10354
2.10131
2.09884
2.09612
2.09291
2.08969
2.08573
2.08198
2.07798
2.07371
2.06893
2.06387
2.05854
2.05294
2.0473
2.04137
2.03565
2.02915
2.02262
2.01604
2.00893
2.00154
1.99363
1.98567
1.97719
1.96843
1.95964
1.95033
1.941
1.93091
1.92105
1.91069
1.90057
1.88971
1.87814
1.86682
1.8548
1.8428
1.8306
1.81843
1.80632
1.79403
1.78157
1.76846
1.75544
1.74253
1.72875
1.71606
1.70253
1.68866
1.67517
1.66137
1.64749
1.63355
1.61931
1.60503
1.59048
1.57637
1.56226
1.54789
1.534
1.51989
1.50555
1.49171
1.47767
1.46367
1.44995
1.43605
1.4222
1.40867
1.3952
1.38206
1.36828
1.35483
1.34147
1.32845
1.31506
1.30202
1.28934
1.27605
1.26312
1.24985
1.23742
1.22538
1.21347
1.20146
1.1896
1.1779
1.1661
1.15518
1.14321
1.13141
1.12049
1.10973
1.09914
1.08897
1.07824
1.06792
1.05874
1.04901
1.03945
1.02983
1.02086
1.01207
1.00274
0.993332
0.984824
0.975766
0.967845
0.960336
0.952515
0.945585
0.938099
0.931021
0.924105
0.91711
0.909793
0.902874
0.896352
0.889743
0.883285
0.877458
0.871296
0.86576
0.860368
0.854875
0.849522
0.844545
0.839462
0.834992
0.829931
0.82524
0.820679
0.816247
0.811942
0.808004
0.803952
0.800268
0.796227
0.792794
0.789007
0.785588
0.782298
0.778898
0.775871
0.772978
0.77022
0.767842
0.765603
0.763267
0.760835
0.759034
0.757383
0.755887
0.754309
0.752652
0.751641
0.750075
0.748682
0.747946
0.747388
0.746774
0.746588
0.746593
0.747033
0.747431
0.748271
0.749075
0.749847
0.75131
0.753226
0.754636
0.756985
0.759556
0.762588
0.76464
0.766675
0.769658
0.772629
0.776069
0.779737
0.783152
0.786794
0.791385
0.796201
0.801723
0.806261
0.811741
0.817198
0.822389
0.828514
0.835086
0.842102
0.848356
0.855046
0.861684
0.868749
0.875754
0.882692
0.89028
0.898268
0.90593
0.913981
0.921691
0.930014
0.938942
0.947506
0.956178
0.964951
0.973093
0.981797
0.990575
0.998934
1.00831
1.01749
1.02671
1.03619
1.04545
1.05472
1.06398
1.07323
1.08222
1.09165
1.10152
1.11086
1.11965
1.12861
1.13749
1.14604
1.15449
1.16331
1.17128
1.1801
1.18805
1.1961
1.20448
1.21222
1.21978
1.22741
1.23486
1.24163
1.24844
1.25481
1.2612
1.26737
1.27404
1.27976
1.28523
1.29022
1.29496
1.29993
1.30464
1.30837
1.31231
1.31574
1.31889
1.32248
1.32556
1.32883
1.33133
1.3333
1.33522
1.33709
1.3377
1.33875
1.33853
1.3385
1.33841
1.33779
1.33687
1.33614
1.33488
1.33333
1.33126
1.3289
1.3265
1.32382
1.32136
1.31766
1.31395
1.30974
1.30575
1.30153
1.2973
1.29261
1.28794
1.2833
1.27797
1.27244
1.26673
1.2606
1.25455
1.24834
1.2415
1.23525
1.22912
1.22167
1.21413
1.20698
1.19975
1.19318
1.18584
1.1787
1.17202
1.16485
1.15791
1.15099
1.14409
1.13698
1.12993
1.12318
1.11627
1.10944
1.10271
1.09561
1.08911
1.08275
1.07629
1.07047
1.06457
1.05885
1.05259
1.04726
1.04189
1.03722
1.03303
1.02858
1.02439
1.02045
1.01677
1.01385
1.01072
1.00764
1.00461
1.00237
1.00044
0.998819
0.997525
0.99656
0.995928
0.995637
0.995691
0.996094
0.99685
0.997964
0.998957
1.00031
1.00252
1.00486
1.00781
1.01113
1.01459
1.01867
1.02288
1.02795
1.03364
1.03922
1.04494
1.05127
1.05796
1.06479
1.07269
1.08047
1.08836
1.09708
1.10613
1.11528
1.12475
1.13477
1.1451
1.15476
1.16543
1.17636
1.18804
1.19924
1.21116
1.22353
1.23562
1.2479
1.26011
1.27247
1.28497
1.29783
1.31055
1.32358
1.33693
1.34983
1.36299
1.3764
1.38954
1.40314
1.41595
1.42917
1.44229
1.4553
1.46841
1.48088
1.49343
1.5053
1.51721
1.52866
1.54011
1.55107
1.562
1.57241
1.58254
1.59284
1.60284
1.61251
1.62163
1.63016
1.63909
1.64743
1.65544
1.66286
1.66969
1.67666
1.68305
1.68862
1.69458
1.69972
1.70454
1.70953
1.71372
1.71808
1.72167
1.72522
1.72872
1.73196
1.73494
1.73695
1.73968
1.74171
1.74327
1.74488
1.74653
1.74751
1.74808
1.74848
1.7497
1.75052
1.75097
1.75154
1.75127
1.75137
1.75161
1.75104
1.75038
1.75013
1.75005
1.74919
1.74875
1.74826
1.74773
1.74692
1.74608
1.74594
1.74577
1.74511
1.74395
1.74303
1.74355
1.74311
1.74243
1.74177
1.74041
1.73979
1.73943
1.73815
1.73762
1.73738
1.73694
1.73607
1.73525
1.73498
1.73476
1.73462
1.7343
1.73406
1.73438
1.73478
1.73575
1.73608
1.73675
1.73728
1.73766
1.73838
1.73944
1.74037
1.74117
1.74207
1.74308
1.74443
1.74518
1.74675
1.74843
1.74997
1.75186
1.75434
1.75715
1.75911
1.7614
1.76378
1.76649
1.76905
1.77169
1.77489
1.77792
1.78078
1.78346
1.78643
1.78921
1.793
1.7961
1.79899
1.80213
1.8053
1.80846
1.81259
1.81574
1.81887
1.82173
1.82431
1.82733
1.83029
1.83319
1.83601
1.8385
1.84091
1.84321
1.8454
1.84723
1.84941
1.85097
1.8531
1.85484
1.85593
1.85757
1.85856
1.85911
1.85995
1.86011
1.86006
1.8598
1.85956
1.85958
1.85914
1.85846
1.85756
1.85642
1.85504
1.85343
1.8511
1.84877
1.84693
1.84437
1.84181
1.83855
1.83529
1.83205
1.82811
1.82419
1.82031
1.81598
1.81145
1.80648
1.80158
1.7965
1.79125
1.7856
1.77956
1.77386
1.76778
1.76182
1.75647
1.75005
1.74378
1.73742
1.73123
1.72522
1.71891
1.71232
1.70545
1.69952
1.69286
1.68571
1.67929
1.67312
1.66674
1.6604
1.6541
1.64761
1.64119
1.63507
1.62856
1.62285
1.61675
1.611
1.60463
1.59837
1.59247
1.58694
1.58129
1.57626
1.57112
1.56661
1.56176
1.55706
1.55251
1.54786
1.54433
1.54047
1.53675
1.53319
1.52953
1.52602
1.5229
1.51919
1.51611
1.51291
1.51057
1.50787
1.50553
1.50306
1.5007
1.49844
1.49675
1.49491
1.49291
1.49049
1.48885
1.48703
1.48476
1.48277
1.48129
1.47958
1.47787
1.47641
1.47444
1.47269
1.47091
1.46909
1.46698
1.46528
1.46303
1.46167
1.45925
1.45698
1.45461
1.45236
1.44976
1.44751
1.4449
1.44191
1.43926
1.43574
1.43207
1.42874
1.42621
1.42232
1.41828
1.41407
1.40971
1.40543
1.40124
1.39617
1.39118
1.38556
1.37956
1.37389
1.36833
1.36239
1.35608
1.34989
1.34359
1.33742
1.33091
1.32478
1.31858
1.31205
1.30546
1.29881
1.29211
1.28585
1.27933
1.27255
1.26527
1.25848
1.25218
1.24542
1.2387
1.2325
1.22586
1.21929
1.21279
1.20662
1.20005
1.19382
1.1877
1.18169
1.1763
1.17055
1.16542
1.15995
1.15512
1.14948
1.144
1.13869
1.13451
1.13002
1.12571
1.12134
1.11738
1.11361
1.10979
1.10662
1.1034
1.10012
1.09701
1.09433
1.0923
1.08972
1.08755
1.08555
1.08395
1.08226
1.08073
1.07935
1.07834
1.07772
1.07723
1.07614
1.07541
1.07479
1.07477
1.07412
1.07382
1.07361
1.07324
1.0732
1.073
1.07311
1.07377
1.07425
1.07479
1.07515
1.07581
1.077
1.07751
1.07855
1.07916
1.08005
1.08002
1.08099
1.08129
1.08162
1.08296
1.08362
1.08457
1.08507
1.08611
1.08815
1.08855
1.08973
1.09096
1.09249
1.09431
1.09571
1.09717
1.09894
1.10054
1.10245
1.10467
1.10721
1.10862
1.1106
1.11242
1.11432
1.11583
1.1184
1.12083
1.12432
1.12694
1.12991
1.13251
1.13546
1.13804
1.14145
1.14475
1.14792
1.15193
1.15535
1.15913
1.16279
1.16659
1.17075
1.17504
1.17947
1.18426
1.18847
1.19305
1.198
1.2026
1.20757
1.21291
1.21838
1.22422
1.22994
1.23531
1.24152
1.24761
1.25406
1.26014
1.26658
1.27289
1.2793
1.28629
1.29339
1.29961
1.3064
1.31352
1.31975
1.32727
1.33437
1.34225
1.34972
1.35724
1.36456
1.37169
1.37958
1.3875
1.39521
1.40294
1.41069
1.41845
1.42646
1.43447
1.44199
1.44975
1.45749
1.46545
1.4734
1.48107
1.48871
1.49655
1.50411
1.51163
1.51909
1.52649
1.5336
1.54111
1.54831
1.55544
1.56295
1.56941
1.57602
1.58275
1.58937
1.59563
1.60224
1.60847
1.61503
1.62119
1.62645
1.63225
1.63787
1.6428
1.64799
1.65296
1.65696
1.66096
1.66493
1.66887
1.67205
1.67492
1.67748
1.68044
1.68283
1.68463
1.68608
1.68693
1.68789
1.68871
1.6889
1.68846
1.68762
1.68637
1.68496
1.68314
1.68114
1.67825
1.67495
1.67123
1.66686
1.66232
1.65738
1.65203
1.64629
1.64039
1.63364
1.62722
1.61996
1.61283
1.60462
1.59655
1.58839
1.57967
1.57017
1.56086
1.55054
1.53971
1.52911
1.5185
1.50791
1.49687
1.48586
1.47468
1.4626
1.45037
1.43873
1.42696
1.41485
1.40313
1.39086
1.37901
1.36641
1.35402
1.34163
1.32925
1.31715
1.30509
1.2931
1.28119
1.26914
1.25721
1.24541
1.23352
1.22229
1.21147
1.1999
1.18879
1.17815
1.16776
1.1574
1.14756
1.1385
1.12877
1.11986
1.11079
1.10256
1.09492
1.08741
1.08028
1.07379
1.06744
1.06199
1.05599
1.05114
1.04623
1.04247
1.03892
1.03605
1.03242
1.0302
1.02795
1.0264
1.02529
1.02464
1.02444
1.02517
1.0261
1.02748
1.02929
1.0313
1.03373
1.03635
1.03962
1.0433
1.04762
1.05209
1.05693
1.06191
1.06725
1.07294
1.0792
1.08651
1.09316
1.10036
1.10784
1.11583
1.12384
1.1328
1.14151
1.14994
1.1588
1.16784
1.17656
1.18613
1.19583
1.20563
1.21576
1.22548
1.23525
1.24456
1.25437
1.26417
1.27371
1.28297
1.29288
1.30247
1.31196
1.32062
1.3301
1.33967
1.34763
1.35636
1.36488
1.37343
1.38174
1.3898
1.39759
1.40437
1.41134
1.418
1.42433
1.43033
1.4355
1.44031
1.44523
1.44977
1.4544
1.45816
1.46127
1.46397
1.46601
1.46715
1.46859
1.46984
1.4709
1.47104
1.47099
1.47027
1.46936
1.46851
1.46723
1.4648
1.46221
1.45895
1.45554
1.45125
1.44657
1.44176
1.43657
1.43151
1.42586
1.42011
1.41404
1.40742
1.40074
1.39426
1.38679
1.37931
1.37159
1.3634
1.35549
1.34714
1.3391
1.33041
1.32014
1.31094
1.30163
1.29222
1.28274
1.27295
1.26336
1.25397
1.24409
1.2342
1.22481
1.2152
1.2054
1.19589
1.18621
1.17685
1.16758
1.15865
1.1496
1.14044
1.13165
1.12301
1.11524
1.10764
1.09925
1.09127
1.08325
1.07613
1.06802
1.06034
1.0536
1.04659
1.03956
1.03371
1.02808
1.02268
1.01703
1.01113
1.0057
1.00026
0.995059
0.990329
0.985835
0.981575
0.97779
0.973755
0.970675
0.967584
0.964722
0.962088
0.959438
0.957011
0.954566
0.952821
0.951293
0.950221
0.949121
0.947989
0.947304
0.947061
0.946779
0.947175
0.947042
0.947342
0.948069
0.948739
0.949589
0.950615
0.951815
0.953183
0.954957
0.956651
0.958743
0.960987
0.96362
0.966397
0.969073
0.971402
0.974101
0.977407
0.98011
0.983168
0.986817
0.989847
0.993214
0.996674
1.0007
1.00457
1.00899
1.01299
1.01658
1.0207
1.02511
1.02883
1.03308
1.03687
1.04068
1.04475
1.04931
1.05315
1.05722
1.06177
1.06557
1.06983
1.07358
1.07754
1.08145
1.08531
1.08864
1.09264
1.09657
1.10019
1.10422
1.10769
1.11157
1.11464
1.11739
1.12053
1.12382
1.12677
1.12988
1.13266
1.1351
1.13744
1.14018
1.14235
1.14466
1.14665
1.1488
1.1511
1.15309
1.15476
1.15684
1.15861
1.16008
1.16172
1.16356
1.16533
1.16658
1.16778
1.16894
1.17031
1.1714
1.17246
1.17373
1.17497
1.17546
1.17713
1.17805
1.17894
1.17932
1.18039
1.18119
1.18147
1.18242
1.18333
1.18395
1.1845
1.18426
1.18515
1.18596
1.18595
1.18679
1.18777
1.18814
1.18814
1.18799
1.18721
1.18675
1.18661
1.18628
1.18552
1.18409
1.18294
1.18135
1.18051
1.17849
1.17602
1.17358
1.17117
1.16831
1.16476
1.16174
1.15804
1.15415
1.15009
1.1461
1.14195
1.13693
1.13274
1.12771
1.12281
1.11733
1.11322
1.10759
1.10288
1.09837
1.09359
1.08856
1.0833
1.07829
1.07355
1.06861
1.06348
1.05841
1.05366
1.04874
1.04439
1.04038
1.03551
1.03099
1.02731
1.02326
1.0191
1.01555
1.01188
1.00811
1.00495
1.00168
0.998553
0.995078
0.992219
0.989014
0.986424
0.983968
0.981644
0.979209
0.976423
0.974245
0.972916
0.97123
0.969427
0.968468
0.967629
0.966667
0.965341
0.96389
0.962795
0.962055
0.960947
0.960433
0.960271
0.959739
0.959799
0.959487
0.959525
0.959914
0.95993
0.960297
0.960772
0.961598
0.962293
0.963099
0.964014
0.965282
0.96642
0.968152
0.969515
0.970509
0.972098
0.973802
0.975381
0.977316
0.979127
0.981295
0.983339
0.985499
0.987777
0.990411
0.993404
0.996511
0.999012
1.00163
1.0046
1.00817
1.01186
1.0159
1.01957
1.02336
1.02702
1.0308
1.03468
1.0382
1.04206
1.04651
1.05083
1.0555
1.06027
1.06515
1.06989
1.07473
1.07942
1.08518
1.09056
1.09626
1.10207
1.10748
1.11274
1.11833
1.12376
1.12976
1.13608
1.14225
1.14801
1.15456
1.16096
1.16718
1.17324
1.18008
1.18675
1.19349
1.20052
1.20738
1.21405
1.22102
1.22828
1.23535
1.2427
1.2501
1.25682
1.26455
1.27206
1.2789
1.28624
1.29361
1.30053
1.30772
1.31517
1.32288
1.33061
1.33859
1.34587
1.35364
1.36093
1.36872
1.37626
1.38381
1.39135
1.39841
1.40594
1.41346
1.42073
1.42847
1.43571
1.44293
1.4506
1.45801
1.46563
1.47347
1.4803
1.4871
1.49433
1.50153
1.50843
1.51553
1.52329
1.52955
1.53623
1.54261
1.54891
1.55563
1.56227
1.56883
1.57531
1.58218
1.58849
1.5947
1.60081
1.60706
1.61321
1.61949
1.62542
1.631
1.6367
1.64228
1.64773
1.65355
1.65876
1.66335
1.66782
1.67288
1.67733
1.68165
1.68584
1.68965
1.69358
1.69714
1.70081
1.70411
1.70753
1.71107
1.71448
1.71755
1.72026
1.72286
1.72584
1.72799
1.73077
1.73323
1.73607
1.73835
1.74055
1.74292
1.74474
1.74626
1.74867
1.75055
1.75237
1.75439
1.75636
1.75828
1.75944
1.7608
1.76261
1.76413
1.76513
1.76658
1.76774
1.76935
1.77043
1.77243
1.77366
1.77485
1.77549
1.77584
1.77708
1.77802
1.7784
1.77942
1.78011
1.78095
1.78168
1.78206
1.78233
1.78247
1.78296
1.78258
1.7823
1.78186
1.78125
1.78023
1.77927
1.77788
1.77629
1.77499
1.77274
1.77101
1.76881
1.76662
1.76372
1.76035
1.75746
1.75408
1.75046
1.74683
1.74271
1.73834
1.73348
1.72934
1.72398
1.71885
1.71348
1.70738
1.70105
1.6952
1.68863
1.68232
1.67579
1.66904
1.66159
1.6537
1.6461
1.6383
1.62984
1.62167
1.61382
1.60461
1.59595
1.58716
1.57798
1.56843
1.55948
1.55017
1.54051
1.531
1.52091
1.51121
1.50072
1.49064
1.48025
1.46982
1.45933
1.4488
1.43873
1.42838
1.41801
1.40764
1.39749
1.38759
1.37697
1.36636
1.356
1.34567
1.33489
1.32414
1.31368
1.30374
1.29336
1.28328
1.27326
1.26355
1.25318
1.2436
1.23386
1.22445
1.21512
1.20564
1.19601
1.1872
1.17776
1.16867
1.15945
1.15058
1.14181
1.13317
1.12511
1.11646
1.10841
1.10023
1.09218
1.08474
1.07694
1.06951
1.06148
1.0543
1.04773
1.04057
1.03354
1.02664
1.01987
1.0137
1.00718
1.00007
0.994039
0.987892
0.982349
0.976443
0.971617
0.965944
0.960384
0.954936
0.949356
0.944364
0.939476
0.934207
0.929036
0.9242
0.919214
0.914316
0.909502
0.90501
0.900598
0.896742
0.892476
0.888759
0.884385
0.880793
0.876779
0.872339
0.868673
0.864815
0.861245
0.857477
0.853509
0.84982
0.846166
0.842546
0.838957
0.835398
0.831866
0.828602
0.8244
0.820702
0.817269
0.813859
0.810471
0.807106
0.803764
0.800927
0.797632
0.7946
0.791112
0.787412
0.784462
0.781304
0.778661
0.775573
0.772283
0.769758
0.766555
0.763883
0.760542
0.758221
0.755723
0.752569
0.749727
0.74696
0.744758
0.742162
0.740141
0.737737
0.73616
0.734213
0.732384
0.731158
0.72934
0.728139
0.726359
0.725451
0.724699
0.723388
0.722485
0.721998
0.720972
0.720618
0.721181
0.721224
0.721957
0.722423
0.723591
0.724745
0.726131
0.728235
0.729859
0.731971
0.734335
0.736956
0.740079
0.743225
0.746399
0.750324
0.754282
0.758276
0.762307
0.767099
0.772171
0.777524
0.783159
0.789798
0.795753
0.802468
0.808979
0.816006
0.823304
0.831113
0.838703
0.846792
0.855377
0.863969
0.873043
0.882112
0.891405
0.901399
0.91136
0.920559
0.930189
0.940482
0.950944
0.961805
0.97233
0.983231
0.994495
1.00563
1.01758
1.02889
1.04028
1.05196
1.06296
1.07447
1.086
1.09729
1.10905
1.12054
1.13175
1.14338
1.15471
1.16596
1.17759
1.18888
1.20005
1.21085
1.22127
1.23178
1.24236
1.25302
1.263
1.27256
1.2824
1.29154
1.30023
1.30917
1.3174
1.32587
1.33386
1.34256
1.35027
1.35725
1.36444
1.37136
1.37824
1.38532
1.39165
1.39696
1.40272
1.40818
1.41263
1.4168
1.42115
1.42522
1.42852
1.43274
1.43595
1.43912
1.44128
1.44342
1.44528
1.44736
1.44918
1.44955
1.45087
1.45195
1.45208
1.45271
1.45264
1.4526
1.45213
1.45172
1.45113
1.45038
1.44924
1.44844
1.44726
1.44597
1.44434
1.44309
1.442
1.44035
1.43865
1.43762
1.43584
1.43403
1.4322
1.43061
1.42831
1.42627
1.42353
1.42179
1.41985
1.41845
1.41687
1.41536
1.4144
1.41329
1.41154
1.40988
1.4088
1.40759
1.40696
1.40619
1.40578
1.40548
1.40482
1.40427
1.40431
1.40448
1.40451
1.40466
1.40541
1.40626
1.40674
1.40732
1.408
1.40878
1.41014
1.41134
1.41262
1.41374
1.41517
1.41643
1.41751
1.4184
1.41982
1.42128
1.42254
1.4243
1.42536
1.42692
1.42872
1.43004
1.43136
1.43314
1.4349
1.43663
1.43809
1.43975
1.44088
1.4422
1.44346
1.44514
1.44603
1.44684
1.44805
1.44871
1.44927
1.44999
1.45086
1.45139
1.45158
1.45143
1.4519
1.45202
1.45156
1.45148
1.45129
1.45099
1.45059
1.45033
1.44948
1.44878
1.44869
1.44803
1.44727
1.44642
1.44524
1.44373
1.44213
1.44094
1.43943
1.43761
1.43644
1.43496
1.43317
1.43157
1.42943
1.42748
1.42596
1.42392
1.42135
1.41899
1.41731
1.41536
1.41314
1.41137
1.40909
1.40679
1.40399
1.4014
1.39928
1.39738
1.39498
1.39232
1.38988
1.38742
1.38567
1.38389
1.38161
1.37906
1.37625
1.37414
1.37151
1.36838
1.36665
1.36416
1.36116
1.35787
1.35478
1.35213
1.34895
1.34643
1.34363
1.34053
1.33738
1.33392
1.3309
1.32757
1.32418
1.32074
1.31627
1.31271
1.30885
1.30493
1.30096
1.29718
1.29335
1.28996
1.28653
1.28281
1.27858
1.27481
1.27076
1.26694
1.26286
1.2595
1.25517
1.25132
1.24724
1.24318
1.23937
1.23535
1.2316
1.22764
1.22373
1.21962
1.21531
1.21155
1.20712
1.20371
1.20013
1.19637
1.19293
1.18956
1.18651
1.1833
1.18016
1.17711
1.17461
1.17171
1.16913
1.16615
1.16372
1.16113
1.15861
1.1564
1.15378
1.15122
1.14897
1.14678
1.14464
1.14255
1.14027
1.13804
1.13608
1.13369
1.13229
1.13067
1.12885
1.12752
1.12573
1.12348
1.12171
1.11923
1.11747
1.11572
1.1142
1.11243
1.11089
1.1091
1.10681
1.10547
1.10363
1.10177
1.09964
1.09796
1.09651
1.09454
1.09206
1.09003
1.08798
1.08589
1.08329
1.08115
1.07897
1.07629
1.07405
1.07203
1.06974
1.06766
1.06532
1.06343
1.0608
1.05863
1.0562
1.05327
1.05129
1.04833
1.04584
1.04285
1.0401
1.03759
1.03507
1.0328
1.03004
1.02777
1.02527
1.02277
1.02005
1.01806
1.01585
1.01342
1.01149
1.00838
1.00601
1.00344
1.00137
0.999102
0.996623
0.995144
0.992981
0.991098
0.989257
0.987218
0.984741
0.982552
0.979927
0.977833
0.97579
0.973798
0.971377
0.970212
0.968379
0.967083
0.965361
0.963696
0.962329
0.961263
0.960256
0.95931
0.957942
0.957116
0.955631
0.954692
0.953817
0.952768
0.952508
0.951593
0.950988
0.949972
0.94999
0.948878
0.948802
0.94808
0.948157
0.947591
0.947589
0.947432
0.947602
0.948342
0.948452
0.948656
0.949437
0.949837
0.95082
0.951668
0.952383
0.95345
0.95463
0.956406
0.957822
0.95936
0.960784
0.962576
0.964259
0.966557
0.969232
0.971562
0.974035
0.976651
0.97869
0.981599
0.984656
0.988105
0.991224
0.994738
0.998407
1.00247
1.00645
1.01083
1.01512
1.01957
1.02442
1.02895
1.03411
1.03919
1.04442
1.05004
1.05557
1.06102
1.06661
1.07283
1.07895
1.08546
1.09258
1.09937
1.10604
1.11284
1.11977
1.12706
1.13399
1.14104
1.14844
1.15642
1.16403
1.17173
1.17953
1.18742
1.19564
1.20393
1.21182
1.22001
1.22852
1.23708
1.24594
1.2546
1.26307
1.27158
1.27988
1.28844
1.29703
1.30636
1.31521
1.32431
1.33268
1.34201
1.35037
1.35822
1.3663
1.37482
1.3838
1.39225
1.40114
1.40926
1.41781
1.42606
1.43352
1.44163
1.44991
1.45763
1.46526
1.47303
1.48096
1.48854
1.49602
1.50363
1.51088
1.518
1.52501
1.53188
1.53861
1.54569
1.55214
1.55796
1.56434
1.56984
1.57542
1.58107
1.58655
1.59185
1.59696
1.60141
1.60615
1.61165
1.61647
1.62084
1.62428
1.62751
1.63125
1.63428
1.63733
1.6404
1.64251
1.64487
1.64675
1.6484
1.64956
1.65095
1.65234
1.65325
1.65366
1.65381
1.65324
1.65312
1.653
1.65262
1.6515
1.65012
1.64897
1.64733
1.64543
1.64304
1.64039
1.63822
1.63531
1.63216
1.62925
1.62537
1.6215
1.61691
1.61281
1.60825
1.60322
1.59821
1.59299
1.58756
1.58217
1.57586
1.57009
1.56364
1.55701
1.55045
1.54373
1.53685
1.52981
1.52239
1.51507
1.50714
1.49957
1.49236
1.48481
1.47619
1.4682
1.46061
1.45222
1.44377
1.4355
1.42693
1.41832
1.40992
1.40126
1.39281
1.38484
1.37615
1.3677
1.35902
1.35061
1.34199
1.33365
1.32536
1.31687
1.30869
1.30081
1.29253
1.28433
1.27646
1.26868
1.261
1.25318
1.24572
1.23861
1.23115
1.22405
1.21684
1.21025
1.20356
1.19702
1.19038
1.1839
1.1778
1.17211
1.16609
1.16024
1.15455
1.14926
1.1439
1.13895
1.13393
1.12908
1.12488
1.12061
1.11675
1.11378
1.11026
1.1069
1.10275
1.09925
1.09616
1.09275
1.09022
1.08737
1.08493
1.08264
1.07978
1.0778
1.07597
1.07452
1.07299
1.0716
1.07011
1.06852
1.06707
1.06647
1.06553
1.06447
1.0645
1.06394
1.06398
1.06414
1.06442
1.0641
1.06437
1.06476
1.06502
1.06563
1.06611
1.06742
1.06835
1.06939
1.07078
1.07178
1.07289
1.0741
1.0759
1.07707
1.07906
1.08044
1.08239
1.08468
1.0866
1.08909
1.09144
1.09413
1.09644
1.0991
1.10209
1.10494
1.10862
1.11192
1.11507
1.11809
1.12194
1.1254
1.12873
1.13265
1.13594
1.14007
1.1443
1.14839
1.1526
1.15691
1.16157
1.16562
1.17026
1.17428
1.17842
1.18387
1.18919
1.19415
1.19946
1.20463
1.21041
1.21654
1.22254
1.22794
1.23417
1.24052
1.2465
1.25308
1.25954
1.2661
1.27231
1.27935
1.28602
1.2928
1.30042
1.30743
1.31479
1.32225
1.32911
1.3368
1.34459
1.35297
1.36024
1.36785
1.37532
1.38384
1.39246
1.40068
1.40924
1.41835
1.42731
1.43658
1.44544
1.45365
1.46265
1.47194
1.48082
1.4895
1.49895
1.50772
1.51701
1.52657
1.53639
1.54576
1.5549
1.56428
1.57367
1.5833
1.59243
1.60179
1.61137
1.62067
1.62994
1.63892
1.64785
1.65697
1.66626
1.67501
1.68391
1.69322
1.70195
1.71082
1.71936
1.72778
1.73634
1.74428
1.75259
1.76076
1.7688
1.77645
1.78492
1.79251
1.79994
1.80746
1.81432
1.82126
1.82803
1.83438
1.8408
1.84703
1.85284
1.85894
1.86462
1.86914
1.87395
1.87953
1.8842
1.88892
1.8932
1.89705
1.90119
1.90441
1.90792
1.91149
1.91487
1.91782
1.92034
1.92317
1.92557
1.92804
1.92985
1.93173
1.93392
1.93522
1.93661
1.93783
1.93915
1.94007
1.9406
1.94124
1.94198
1.94235
1.94284
1.9432
1.94296
1.94285
1.94288
1.94208
1.94191
1.94141
1.94034
1.93992
1.93895
1.93862
1.93776
1.9366
1.93539
1.93413
1.93283
1.93174
1.93014
1.92948
1.92832
1.92667
1.92524
1.92381
1.92263
1.9212
1.92027
1.91887
1.91796
1.91684
1.91526
1.91418
1.9129
1.91212
1.91138
1.91044
1.91002
1.90892
1.90761
1.90683
1.9061
1.90517
1.90502
1.90442
1.90364
1.90338
1.90269
1.90229
1.90193
1.90162
1.90136
1.90115
1.90121
1.9006
1.90051
1.90046
1.9007
1.90024
1.90006
1.89967
1.89955
1.89946
1.90036
1.9008
1.9015
1.90174
1.90198
1.90248
1.90299
1.90302
1.90377
1.90332
1.90334
1.90358
1.9043
1.90427
1.90421
1.90509
1.90522
1.90506
1.90583
1.90534
1.90529
1.90518
1.90502
1.90479
1.90425
1.90364
1.90367
1.90242
1.90253
1.90183
1.90103
1.90015
1.8994
1.89832
1.89713
1.89608
1.89444
1.89292
1.89106
1.8886
1.88675
1.88503
1.88295
1.88076
1.87845
1.87579
1.87325
1.87012
1.86736
1.86449
1.86152
1.85916
1.85573
1.85244
1.84906
1.84582
1.84226
1.8386
1.83438
1.83057
1.82619
1.82199
1.81796
1.81387
1.80996
1.80577
1.80152
1.79723
1.79291
1.78879
1.78417
1.77977
1.7756
1.77142
1.76747
1.76304
1.75862
1.75398
1.74959
1.74522
1.74089
1.73707
1.7328
1.72834
1.72417
1.71981
1.71624
1.71248
1.7088
1.70519
1.70117
1.69723
1.69338
1.68962
1.68595
1.68286
1.67988
1.67627
1.67349
1.67058
1.66779
1.66511
1.66279
1.66036
1.65828
1.65586
1.65356
1.65139
1.64911
1.64745
1.64592
1.64453
1.64255
1.64143
1.64045
1.63961
1.63915
1.63907
1.63864
1.63859
1.6382
1.63866
1.63853
1.63828
1.63913
1.63961
1.63998
1.64046
1.64129
1.64199
1.64328
1.64418
1.64542
1.64625
1.64741
1.6484
1.65017
1.65128
1.65268
1.65437
1.65584
1.65734
1.65861
1.66037
1.66189
1.66363
1.66487
1.66728
1.66893
1.67004
1.67157
1.6728
1.67418
1.67595
1.67714
1.67797
1.6787
1.67953
1.68047
1.68103
1.68167
1.68192
1.682
1.68166
1.68187
1.68118
1.68054
1.67994
1.67963
1.67839
1.67647
1.67483
1.67249
1.67043
1.66863
1.66639
1.6637
1.66079
1.65768
1.65412
1.65012
1.64639
1.64247
1.63835
1.63477
1.63003
1.62511
1.62049
1.61571
1.61051
1.60515
1.5994
1.59349
1.5872
1.58101
1.57468
1.56847
1.56215
1.5557
1.54916
1.54251
1.53576
1.52893
1.52201
1.51478
1.50748
1.50035
1.49293
1.48521
1.47816
1.47059
1.46323
1.45631
1.44913
1.44194
1.43448
1.42701
1.41979
1.41232
1.40485
1.39764
1.38972
1.3823
1.37514
1.36777
1.36019
1.35241
1.34538
1.33841
1.331
1.32412
1.31706
1.31054
1.30408
1.29696
1.28992
1.28343
1.27749
1.27116
1.26442
1.25777
1.25145
1.24546
1.23907
1.23327
1.22731
1.22146
1.2157
1.20957
1.20449
1.1988
1.19394
1.18894
1.1838
1.17878
1.17385
1.16904
1.16457
1.16021
1.15571
1.15132
1.14728
1.14262
1.13855
1.13482
1.13072
1.12696
1.1233
1.11974
1.11628
1.11293
1.10967
1.10651
1.1032
1.10022
1.09734
1.09432
1.09162
1.08926
1.08675
1.08433
1.08175
1.07951
1.07711
1.0748
1.07282
1.07092
1.06935
1.06738
1.06573
1.06345
1.06198
1.06082
1.05951
1.05853
1.05762
1.0568
1.05558
1.05468
1.05386
1.05313
1.05247
1.05141
1.05067
1.0505
1.05064
1.05062
1.04996
1.04985
1.04982
1.05035
1.05048
1.0502
1.05047
1.05057
1.05099
1.05123
1.05178
1.05241
1.05358
1.05481
1.05539
1.05627
1.05793
1.05893
1.05902
1.06013
1.0613
1.06229
1.06453
1.06561
1.06699
1.0689
1.07062
1.07214
1.07419
1.07533
1.07723
1.0787
1.08021
1.08201
1.0841
1.08623
1.08816
1.09014
1.09217
1.09425
1.09589
1.09831
1.10053
1.1028
1.10513
1.108
1.11019
1.11317
1.11597
1.11931
1.122
1.12499
1.12781
1.13095
1.13368
1.1372
1.14033
1.14353
1.14682
1.1502
1.15392
1.15772
1.16162
1.16514
1.16876
1.17272
1.17654
1.18072
1.185
1.1894
1.19415
1.19901
1.20399
1.20836
1.21261
1.21769
1.22289
1.22797
1.23341
1.23873
1.24463
1.25017
1.25607
1.26208
1.26819
1.27417
1.28049
1.28667
1.29319
1.30003
1.30721
1.31374
1.32059
1.32775
1.3345
1.34106
1.34815
1.35456
1.36197
1.36892
1.37614
1.38361
1.39084
1.39854
1.40575
1.41269
1.42007
1.42717
1.4342
1.44094
1.44759
1.45463
1.46158
1.46818
1.4749
1.48028
1.48648
1.49277
1.49842
1.50437
1.51015
1.51549
1.52064
1.52533
1.52981
1.5343
1.53855
1.54306
1.54707
1.55035
1.55385
1.55685
1.55982
1.56277
1.56496
1.56711
1.56899
1.57035
1.57167
1.57271
1.57299
1.573
1.57273
1.57244
1.57163
1.57128
1.57019
1.56909
1.56846
1.56638
1.56382
1.56151
1.55873
1.55598
1.55302
1.54961
1.54625
1.54246
1.53849
1.53435
1.53053
1.52607
1.52171
1.51721
1.51282
1.50807
1.50345
1.49897
1.49391
1.48877
1.48307
1.47803
1.47268
1.46729
1.46161
1.45541
1.45015
1.44463
1.4391
1.43357
1.42804
1.42252
1.41727
1.41155
1.40588
1.40072
1.39538
1.39008
1.38461
1.37921
1.37436
1.36887
1.36395
1.35865
1.35368
1.34857
1.3443
1.3399
1.33586
1.33195
1.32769
1.32404
1.32078
1.31693
1.31371
1.31016
1.30701
1.30401
1.30093
1.29826
1.29599
1.29389
1.29196
1.28972
1.2879
1.28601
1.28429
1.28323
1.28187
1.28044
1.27967
1.27907
1.27864
1.27887
1.27855
1.27815
1.2784
1.27906
1.27891
1.2794
1.28076
1.28179
1.28297
1.28477
1.28598
1.28756
1.28927
1.29085
1.29255
1.2946
1.2965
1.29874
1.30154
1.30394
1.30665
1.30966
1.31201
1.31392
1.31659
1.31954
1.3225
1.32548
1.32823
1.33073
1.33346
1.33617
1.33861
1.3415
1.34434
1.34641
1.34914
1.35156
1.35294
1.35567
1.3576
1.35967
1.36212
1.36397
1.36595
1.36781
1.36929
1.37041
1.37211
1.37342
1.37411
1.37465
1.37551
1.37526
1.37532
1.37523
1.37522
1.37576
1.37565
1.37514
1.37471
1.37411
1.37286
1.37168
1.37011
1.36861
1.36622
1.36416
1.3617
1.35981
1.35729
1.35534
1.35253
1.35005
1.34721
1.34423
1.34113
1.33815
1.33481
1.33136
1.32781
1.32391
1.31944
1.31537
1.31145
1.30721
1.30291
1.29878
1.29459
1.29107
1.28679
1.28222
1.27811
1.27348
1.26932
1.26514
1.26119
1.25652
1.25209
1.24766
1.24325
1.2391
1.23521
1.23087
1.22656
1.22228
1.21781
1.21337
1.20923
1.20562
1.20157
1.19711
1.19294
1.18955
1.18575
1.18201
1.17809
1.17352
1.16997
1.16649
1.16284
1.1595
1.15623
1.15326
1.15012
1.14704
1.14427
1.14107
1.1377
1.13487
1.13234
1.12962
1.1272
1.12435
1.12179
1.11928
1.11657
1.11438
1.11247
1.11037
1.10829
1.10625
1.10351
1.10104
1.09884
1.09641
1.09401
1.09137
1.08971
1.08758
1.08522
1.08382
1.0817
1.07957
1.07745
1.07507
1.07293
1.07053
1.06788
1.06497
1.06277
1.06054
1.05877
1.05649
1.05419
1.05186
1.04973
1.04685
1.04466
1.04243
1.03967
1.03687
1.03451
1.03162
1.02868
1.0257
1.02314
1.02028
1.01738
1.01441
1.01163
1.0083
1.00515
1.00194
0.998421
0.995797
0.992383
0.988899
0.985344
0.981716
0.977533
0.973997
0.970146
0.966459
0.962215
0.957895
0.953738
0.950224
0.945911
0.94152
0.937052
0.93275
0.928371
0.923678
0.91867
0.91383
0.908679
0.903215
0.898645
0.893528
0.888105
0.88286
0.878037
0.872917
0.867743
0.861796
0.856042
0.850484
0.845125
0.839249
0.833338
0.827159
0.821918
0.816174
0.810415
0.804885
0.798624
0.793323
0.786821
0.781049
0.77577
0.770268
0.764306
0.758131
0.751988
0.746605
0.741264
0.73573
0.730491
0.726031
0.72091
0.715134
0.709187
0.703796
0.698727
0.6935
0.688601
0.683794
0.67884
0.673984
0.668507
0.663855
0.659548
0.655351
0.651505
0.647531
0.642707
0.63896
0.635328
0.632292
0.628649
0.625364
0.622435
0.619863
0.617166
0.614581
0.611628
0.608786
0.605811
0.603666
0.601385
0.599208
0.597133
0.595399
0.593521
0.591016
0.590285
0.589402
0.588125
0.586692
0.585342
0.584071
0.582879
0.581765
0.580966
0.58
0.578865
0.578282
0.577529
0.577084
0.576707
0.576157
0.575673
0.575015
0.574904
0.574378
0.574158
0.574003
0.573914
0.574371
0.574893
0.575239
0.575412
0.575411
0.576439
0.576571
0.577252
0.578001
0.578576
0.579218
0.579687
0.580465
0.581551
0.582465
0.583447
0.584977
0.586093
0.587036
0.588287
0.589604
0.59123
0.592441
0.593961
0.59579
0.597446
0.598448
0.600482
0.601865
0.603078
0.605328
0.607652
0.609573
0.611573
0.613412
0.615817
0.618309
0.620892
0.623568
0.626341
0.629696
0.632674
0.635519
0.638957
0.64203
0.645706
0.649265
0.652714
0.656296
0.660257
0.663879
0.668129
0.67277
0.677564
0.682035
0.687149
0.692426
0.697629
0.703002
0.709026
0.71474
0.720626
0.726204
0.732434
0.738594
0.745163
0.75214
0.759281
0.766341
0.773797
0.781405
0.788675
0.796325
0.804107
0.812011
0.820271
0.828394
0.836853
0.845155
0.853289
0.861725
0.870689
0.879207
0.887989
0.896541
0.90485
0.913382
0.922124
0.93058
0.938495
0.946821
0.954821
0.962721
0.970751
0.978657
0.98643
0.994056
1.00177
1.00883
1.01596
1.02266
1.02989
1.03669
1.04304
1.04942
1.0551
1.06178
1.06727
1.0723
1.07735
1.0817
1.08631
1.09094
1.09536
1.09932
1.10307
1.1059
1.10924
1.11239
1.11558
1.11835
1.12093
1.12334
1.12534
1.12718
1.12813
1.12941
1.13079
1.1325
1.1336
1.13458
1.13591
1.13688
1.13797
1.13848
1.13889
1.13943
1.1406
1.14096
1.14075
1.14093
1.14103
1.1413
1.14148
1.1416
1.14139
1.14088
1.14006
1.13941
1.13893
1.13838
1.13776
1.13756
1.13705
1.13647
1.13559
1.13487
1.1336
1.13225
1.13132
1.13006
1.12825
1.12707
1.12485
1.12327
1.1216
1.11983
1.1175
1.11554
1.11373
1.11156
1.10978
1.10788
1.10562
1.10301
1.10003
1.09717
1.09418
1.09106
1.08708
1.08345
1.07991
1.07622
1.07263
1.06889
1.06451
1.06021
1.05504
1.05042
1.04564
1.04094
1.0351
1.02958
1.02413
1.01827
1.01297
1.00701
1.00136
0.995296
0.989064
0.982424
0.975377
0.968406
0.961513
0.95422
0.946528
0.939163
0.931406
0.923503
0.914974
0.906548
0.898228
0.889057
0.880242
0.871551
0.862749
0.852636
0.843868
0.834525
0.825338
0.816315
0.807222
0.797827
0.788619
0.779366
0.769595
0.759556
0.75046
0.741354
0.731525
0.721706
0.712387
0.702857
0.693126
0.684165
0.675022
0.665467
0.656953
0.648288
0.63924
0.630543
0.621965
0.613277
0.604489
0.596092
0.588338
0.580031
0.572385
0.564687
0.556947
0.549654
0.542336
0.535724
0.529103
0.522483
0.516592
0.510716
0.505346
0.499764
0.49494
0.4904
0.485425
0.481706
0.477805
0.474209
0.470679
0.467703
0.465043
0.462461
0.460682
0.459227
0.457856
0.456572
0.455856
0.455228
0.45517
0.455923
0.456764
0.457931
0.459425
0.461724
0.464104
0.466082
0.469579
0.472429
0.47559
0.478817
0.482587
0.486175
0.490777
0.495186
0.500118
0.505087
0.510084
0.516067
0.521825
0.528073
0.534564
0.540808
0.547276
0.554444
0.561581
0.569159
0.576929
0.585363
0.59349
0.602262
0.610948
0.619778
0.628261
0.637111
0.646077
0.654667
0.664075
0.673329
0.682899
0.691572
0.700782
0.711
0.720772
0.730811
0.740145
0.749486
0.759548
0.769357
0.778424
0.787943
0.798146
0.807822
0.816722
0.826042
0.835534
0.844709
0.853801
0.863044
0.871951
0.880997
0.889696
0.897801
0.906271
0.914381
0.922365
0.930219
0.938182
0.94625
0.953939
0.960764
0.96817
0.975673
0.983031
0.989764
0.996591
1.00303
1.00884
1.015
1.021
1.02711
1.03283
1.03842
1.04364
1.04896
1.05439
1.05946
1.06464
1.07019
1.0749
1.0795
1.084
1.08816
1.0927
1.09668
1.10105
1.10534
1.1098
1.11323
1.11732
1.12135
1.12509
1.12951
1.1334
1.13701
1.14107
1.14487
1.14863
1.15238
1.15611
1.15958
1.16303
1.16696
1.17063
1.17406
1.17747
1.18111
1.18498
1.18859
1.19195
1.19552
1.19907
1.20259
1.20607
1.20903
1.21243
1.21649
1.21976
1.22272
1.22607
1.22909
1.23225
1.23553
1.23796
1.24074
1.24289
1.24511
1.24716
1.24902
1.25067
1.25236
1.25333
1.25503
1.25552
1.25598
1.25616
1.25534
1.2547
1.25423
1.25345
1.25187
1.24995
1.24793
1.24533
1.24238
1.23932
1.23591
1.23214
1.22754
1.22354
1.21871
1.21353
1.20777
1.20215
1.19596
1.18969
1.18287
1.17574
1.16856
1.16061
1.15288
1.14537
1.13714
1.1282
1.11905
1.10995
1.1009
1.09192
1.08208
1.07114
1.06152
1.05156
1.04128
1.03118
1.02102
1.01083
1.00037
0.990392
0.979942
0.969997
0.959849
0.949272
0.939239
0.92856
0.918932
0.909884
0.900224
0.890445
0.880797
0.871287
0.861926
0.85248
0.843678
0.835046
0.82659
0.818075
0.81023
0.802336
0.794641
0.786906
0.779615
0.772293
0.76518
0.758762
0.751836
0.745608
0.739356
0.733563
0.727746
0.72287
0.717491
0.712571
0.708111
0.703628
0.699362
0.695554
0.692202
0.688343
0.685417
0.68222
0.679474
0.676695
0.674123
0.671755
0.66959
0.667866
0.665618
0.663565
0.661945
0.660516
0.659995
0.659178
0.657821
0.657366
0.656845
0.65746
0.657524
0.658237
0.658633
0.65943
0.660384
0.661493
0.662028
0.663432
0.664738
0.665941
0.667521
0.669231
0.67203
0.674469
0.676543
0.67873
0.681266
0.683905
0.68616
0.688749
0.691665
0.694662
0.697012
0.699913
0.70312
0.705901
0.709457
0.712338
0.716221
0.719415
0.722637
0.725881
0.729381
0.732649
0.736161
0.739669
0.742685
0.745684
0.749142
0.752331
0.755002
0.758114
0.76118
0.764676
0.767873
0.770766
0.772869
0.77514
0.778056
0.78041
0.782921
0.784621
0.786952
0.789671
0.791571
0.79313
0.795551
0.797629
0.799122
0.80051
0.802035
0.803454
0.804768
0.80646
0.807567
0.808333
0.809238
0.810528
0.811
0.811379
0.81191
0.812114
0.811995
0.812522
0.812737
0.812885
0.813933
0.813961
0.813697
0.813387
0.81328
0.814101
0.813451
0.813502
0.814261
0.814528
0.814072
0.813862
0.813664
0.813724
0.81357
0.813447
0.813123
0.813325
0.813819
0.813889
0.814744
0.814464
0.814741
0.81558
0.816024
0.8168
0.817913
0.819128
0.819967
0.820676
0.821741
0.823646
0.824951
0.827103
0.82866
0.830829
0.832409
0.834845
0.837176
0.839162
0.841526
0.844029
0.84619
0.848971
0.851889
0.855184
0.858135
0.861459
0.865156
0.868743
0.872697
0.877737
0.881452
0.885043
0.889228
0.893279
0.897433
0.902406
0.90699
0.91166
0.916891
0.922195
0.926842
0.93179
0.936789
0.94183
0.947148
0.952494
0.95786
0.962996
0.968134
0.972782
0.977171
0.982256
0.987304
0.992305
0.99725
1.00237
1.00741
1.01189
1.01674
1.02125
1.02516
1.02967
1.03379
1.03801
1.04182
1.04547
1.04846
1.05174
1.05483
1.05771
1.06037
1.06306
1.06599
1.0682
1.07065
1.0726
1.07357
1.07427
1.07543
1.07582
1.07617
1.07624
1.0753
1.0743
1.07325
1.07215
1.07002
1.06784
1.06536
1.06306
1.06071
1.05759
1.05393
1.05023
1.04649
1.04199
1.03746
1.0329
1.02759
1.02252
1.0172
1.01116
1.00513
0.999123
0.992905
0.986005
0.978675
0.971164
0.963727
0.956375
0.948637
0.940526
0.932777
0.924441
0.916492
0.908223
0.899887
0.891978
0.883547
0.875329
0.866615
0.858139
0.849676
0.841236
0.832594
0.824001
0.816192
0.808458
0.800571
0.793504
0.785823
0.778022
0.771558
0.764274
0.756662
0.750177
0.743383
0.736772
0.729631
0.723171
0.717162
0.71137
0.705802
0.700467
0.695371
0.690522
0.686167
0.681829
0.677995
0.674431
0.670659
0.667888
0.664918
0.662236
0.660326
0.657988
0.656668
0.654926
0.653968
0.652832
0.652003
0.651481
0.650787
0.651125
0.651773
0.65225
0.653037
0.654858
0.656748
0.658947
0.661216
0.664032
0.667154
0.669616
0.673102
0.676888
0.680971
0.685831
0.691222
0.696902
0.702866
0.708631
0.714673
0.72099
0.726854
0.733705
0.741537
0.748179
0.756273
0.763888
0.771741
0.780067
0.788378
0.797151
0.805896
0.81533
0.824243
0.833829
0.84408
0.853549
0.86343
0.873716
0.88416
0.894993
0.905968
0.916836
0.92783
0.938942
0.950165
0.961248
0.973145
0.985608
0.997184
1.00979
1.02221
1.03396
1.04551
1.05758
1.0692
1.08107
1.09344
1.10581
1.11769
1.1298
1.14117
1.15275
1.16454
1.17604
1.18726
1.1989
1.21023
1.2215
1.23318
1.24453
1.25579
1.2672
1.279
1.2907
1.3018
1.31279
1.32367
1.33418
1.34481
1.35532
1.36545
1.37544
1.38481
1.39452
1.40384
1.41326
1.42156
1.43067
1.43987
1.4489
1.45778
1.46625
1.47455
1.48269
1.49017
1.49773
1.50511
1.51255
1.51982
1.52714
1.53428
1.54076
1.54704
1.55385
1.55999
1.56569
1.57144
1.57698
1.58232
1.58793
1.59285
1.59804
1.60229
1.60655
1.61012
1.61441
1.61775
1.62086
1.62324
1.62611
1.62848
1.63084
1.63295
1.63504
1.63662
1.63793
1.63921
1.63972
1.64116
1.64135
1.64124
1.6406
1.6399
1.63865
1.63758
1.63595
1.63425
1.63198
1.62964
1.62648
1.62324
1.61991
1.616
1.61199
1.60765
1.60273
1.59747
1.59188
1.58594
1.57967
1.57331
1.5666
1.55909
1.55172
1.54379
1.53602
1.52721
1.51833
1.50914
1.49966
1.48988
1.47934
1.46925
1.45865
1.44803
1.43717
1.42656
1.415
1.40323
1.39126
1.37887
1.36678
1.35406
1.34143
1.32843
1.31532
1.30258
1.28929
1.27616
1.26299
1.25025
1.23726
1.2245
1.21127
1.19807
1.18491
1.17205
1.15927
1.14634
1.13351
1.12056
1.10823
1.0958
1.08355
1.07122
1.05909
1.04741
1.03594
1.02494
1.01394
1.00247
0.991987
0.981775
0.971844
0.962205
0.952624
0.944072
0.935352
0.926954
0.918882
0.91042
0.902536
0.894752
0.888033
0.881662
0.8754
0.869248
0.864168
0.85944
0.85434
0.850071
0.845909
0.841848
0.838609
0.835948
0.833619
0.831136
0.828491
0.827122
0.826062
0.825542
0.824834
0.824411
0.825225
0.825582
0.825473
0.826813
0.827666
0.828021
0.829072
0.830808
0.832494
0.834361
0.836639
0.838834
0.841176
0.844134
0.846253
0.849448
0.852504
0.855412
0.858162
0.861465
0.86459
0.867528
0.87051
0.873768
0.876815
0.879881
0.883201
0.886287
0.889375
0.892459
0.895535
0.898839
0.902366
0.905873
0.908634
0.91209
0.915518
0.918434
0.92156
0.924894
0.927952
0.931217
0.934207
0.937404
0.941047
0.944173
0.947025
0.949843
0.952869
0.956103
0.95834
0.961027
0.963682
0.965824
0.968898
0.971458
0.973265
0.975761
0.978226
0.980416
0.982332
0.984696
0.986543
0.988595
0.990608
0.993785
0.995718
0.99785
0.999697
1.00174
1.00349
1.0052
1.00709
1.00845
1.00999
1.01171
1.01337
1.01497
1.01674
1.01796
1.01911
1.02043
1.02167
1.02283
1.02464
1.02564
1.02632
1.02667
1.0279
1.02831
1.02936
1.02984
1.02998
1.03027
1.03047
1.03033
1.03035
1.02978
1.0296
1.02933
1.02873
1.02803
1.02724
1.02612
1.02539
1.02458
1.02392
1.02318
1.0226
1.02121
1.01999
1.01846
1.01758
1.01614
1.01489
1.01357
1.01195
1.01028
1.00832
1.00631
1.00473
1.0036
1.00171
0.999788
0.998078
0.996105
0.993871
0.991865
0.989607
0.987585
0.985561
0.983782
0.981529
0.979529
0.977787
0.975585
0.97365
0.971746
0.970358
0.96853
0.966022
0.964045
0.962602
0.960975
0.95917
0.95767
0.956478
0.955359
0.953591
0.951902
0.951017
0.950217
0.949024
0.947921
0.947152
0.946237
0.9459
0.94566
0.94552
0.945236
0.944329
0.944482
0.944012
0.94388
0.944083
0.94438
0.945009
0.945726
0.946289
0.947174
0.948377
0.948932
0.949795
0.950479
0.951942
0.952733
0.954048
0.9554
0.956298
0.957217
0.95791
0.959089
0.960026
0.960954
0.962105
0.96299
0.963841
0.964652
0.965174
0.966364
0.967492
0.968793
0.969541
0.970213
0.970564
0.971072
0.971253
0.972308
0.973031
0.972943
0.973246
0.97322
0.97311
0.9734
0.973131
0.973028
0.972616
0.972142
0.971614
0.970556
0.969939
0.969289
0.968614
0.967926
0.966751
0.966062
0.965386
0.964491
0.963869
0.963287
0.962753
0.962276
0.962344
0.962002
0.961496
0.961797
0.960982
0.960982
0.960839
0.961038
0.962062
0.962467
0.963219
0.964075
0.965034
0.965856
0.96702
0.967799
0.968912
0.970113
0.971397
0.972277
0.973708
0.975681
0.976987
0.978821
0.98021
0.981384
0.982575
0.984494
0.98641
0.987347
0.988981
0.990578
0.992367
0.994336
0.995992
0.997083
0.998558
0.999685
1.00117
1.00181
1.00302
1.00359
1.00375
1.00422
1.00377
1.00457
1.00371
1.00311
1.00204
1.00097
0.999646
0.997582
0.99549
0.993363
0.990951
0.988007
0.985006
0.9817
0.978085
0.974877
0.970868
0.966535
0.961634
0.956403
0.950598
0.94446
0.937745
0.931657
0.924753
0.917513
0.90994
0.902277
0.894045
0.885488
0.876851
0.868138
0.858391
0.848579
0.838227
0.827582
0.816896
0.806174
0.795427
0.783942
0.771971
0.760007
0.747819
0.735177
0.722577
0.709549
0.696346
0.683465
0.669958
0.656562
0.643291
0.62968
0.615503
0.601978
0.587919
0.574304
0.560429
0.54703
0.533163
0.519323
0.505529
0.491796
0.47814
0.464579
0.451368
0.4378
0.424132
0.411584
0.398726
0.386295
0.373823
0.361566
0.348813
0.337501
0.325959
0.314681
0.303679
0.292724
0.282548
0.272439
0.262646
0.253659
0.244525
0.235732
0.227046
0.218954
0.211462
0.204094
0.196855
0.189988
0.183257
0.177386
0.172135
0.166301
0.161572
0.157466
0.153019
0.149676
0.146714
0.143888
0.14216
0.140082
0.138373
0.136788
0.136045
0.134935
0.134658
0.135205
0.135368
0.136106
0.137893
0.139037
0.141216
0.143699
0.14624
0.149311
0.152183
0.155089
0.15802
0.161931
0.166092
0.170013
0.174165
0.17806
0.182892
0.187689
0.192684
0.19835
0.203955
0.209971
0.215907
0.222237
0.227989
0.234118
0.240133
0.24699
0.253477
0.26103
0.268196
0.275688
0.282778
0.289698
0.29692
0.304198
0.311282
0.318887
0.326524
0.334425
0.341139
0.348584
0.355791
0.362994
0.370667
0.377839
0.384746
0.39162
0.39918
0.406214
0.41344
0.420852
0.427482
0.434769
0.441745
0.448406
0.455469
0.462209
0.469104
0.475908
0.481897
0.488513
0.494791
0.500971
0.50657
0.512307
0.518185
0.523963
0.529641
0.534981
0.540704
0.545852
0.551388
0.556354
0.561475
0.566272
0.571714
0.57636
0.581419
0.586415
0.591595
0.596965
0.601567
0.60637
0.610658
0.61468
0.618923
0.623152
0.627375
0.632079
0.636548
0.641029
0.645046
0.64981
0.654363
0.65919
0.663817
0.668248
0.672487
0.67726
0.682089
0.687218
0.692167
0.69742
0.702497
0.707641
0.713093
0.718611
0.724196
0.729366
0.73484
0.741099
0.746453
0.751865
0.757812
0.76357
0.769854
0.775457
0.781097
0.787249
0.793427
0.799864
0.806073
0.811326
0.81754
0.823507
0.829699
0.835387
0.841286
0.847147
0.852479
0.857757
0.863211
0.869076
0.874616
0.880066
0.884934
0.889935
0.895062
0.900306
0.905178
0.909184
0.914003
0.918184
0.922439
0.92604
0.929941
0.933653
0.937411
0.940965
0.943586
0.946231
0.948893
0.951327
0.953526
0.955487
0.956964
0.95771
0.958684
0.959644
0.960344
0.960784
0.96072
0.960875
0.960523
0.960628
0.959987
0.958842
0.957194
0.95625
0.954569
0.952397
0.95046
0.947801
0.944907
0.941545
0.937962
0.935128
0.93185
0.927895
0.923035
0.918722
0.914489
0.909624
0.904862
0.899735
0.894739
0.890611
0.885678
0.880438
0.875389
0.869341
0.863755
0.858167
0.852833
0.847048
0.841792
0.836601
0.830769
0.825758
0.820861
0.815856
0.811242
0.807035
0.802529
0.798462
0.794852
0.791232
0.78786
0.78451
0.781919
0.77986
0.777626
0.775951
0.774608
0.773611
0.772489
0.771978
0.771609
0.772112
0.773017
0.774093
0.775109
0.777276
0.779157
0.781723
0.784498
0.788452
0.792385
0.797266
0.802133
0.807954
0.814008
0.820778
0.827782
0.834781
0.842737
0.850923
0.859821
0.868945
0.879255
0.889782
0.899798
0.910982
0.922846
0.935382
0.948098
0.960987
0.974277
0.987717
1.00226
1.01668
1.03194
1.04705
1.06249
1.07823
1.09475
1.11057
1.1269
1.14371
1.16074
1.17773
1.19491
1.21226
1.23023
1.24785
1.26534
1.28339
1.30152
1.31921
1.33765
1.35586
1.3743
1.39271
1.41035
1.42816
1.44637
1.46424
1.48198
1.49959
1.51704
1.53457
1.55167
1.56929
1.58574
1.60172
1.61794
1.63415
1.65033
1.66552
1.68091
1.69625
1.71104
1.72552
1.73944
1.75279
1.76581
1.77849
1.79131
1.80354
1.81541
1.82692
1.83856
1.8491
1.86
1.87004
1.8797
1.88827
1.89717
1.9057
1.91409
1.92161
1.92874
1.93573
1.94234
1.94832
1.95415
1.9596
1.96443
1.96911
1.97341
1.97684
1.98062
1.98354
1.98608
1.98873
1.99125
1.99292
1.99422
1.99491
1.99549
1.99522
1.99533
1.99508
1.99449
1.99307
1.9918
1.98995
1.98801
1.98551
1.98269
1.97955
1.97611
1.9726
1.96831
1.96349
1.95886
1.95418
1.94875
1.94352
1.93779
1.93156
1.92555
1.91881
1.91182
1.90532
1.89834
1.89089
1.88346
1.87606
1.86821
1.85991
1.85165
1.84392
1.83504
1.82525
1.81625
1.80683
1.79702
1.78752
1.77739
1.76759
1.75718
1.74687
1.73643
1.72635
1.71567
1.70465
1.69376
1.68255
1.67172
1.66082
1.65008
1.63904
1.62746
1.61607
1.6044
1.59317
1.58169
1.57042
1.55915
1.54787
1.53589
1.52392
1.5127
1.50151
1.49013
1.47856
1.46778
1.45659
1.44548
1.43494
1.42426
1.41369
1.40227
1.39194
1.38102
1.37049
1.36059
1.35109
1.34104
1.33164
1.32243
1.31293
1.30387
1.29526
1.28662
1.27869
1.27074
1.26303
1.25508
1.24761
1.24039
1.23344
1.2265
1.22007
1.21439
1.20826
1.20289
1.19781
1.19252
1.18752
1.18209
1.17815
1.17474
1.17114
1.16784
1.16459
1.16188
1.15946
1.15685
1.15573
1.15419
1.15269
1.15197
1.15152
1.15136
1.15124
1.1514
1.15207
1.15277
1.15398
1.15521
1.15646
1.15748
1.15947
1.16195
1.16466
1.16785
1.17078
1.17418
1.17756
1.18139
1.18518
1.18918
1.19313
1.19726
1.2023
1.20704
1.21218
1.21676
1.22222
1.22735
1.23263
1.23804
1.24358
1.24972
1.25599
1.26237
1.26837
1.27447
1.28066
1.28718
1.29402
1.30092
1.3079
1.31445
1.32106
1.32795
1.33512
1.34184
1.34906
1.35631
1.36308
1.3701
1.37736
1.38412
1.39111
1.39807
1.40524
1.41188
1.41872
1.42574
1.43221
1.43885
1.44517
1.45187
1.45775
1.46377
1.47014
1.47543
1.48154
1.48775
1.49356
1.49897
1.50396
1.50926
1.51388
1.5183
1.52323
1.52794
1.5317
1.53571
1.53924
1.54227
1.54504
1.54803
1.5505
1.55318
1.55557
1.55694
1.55778
1.5588
1.55927
1.55968
1.55906
1.55885
1.55857
1.55774
1.55684
1.55515
1.5534
1.55111
1.54924
1.54683
1.54414
1.54069
1.53745
1.5337
1.52921
1.52472
1.52024
1.51528
1.51012
1.50499
1.49943
1.49418
1.48828
1.48247
1.47701
1.4707
1.465
1.45825
1.45189
1.44523
1.43875
1.43223
1.42617
1.41986
1.4133
1.407
1.40024
1.39375
1.38732
1.38069
1.3739
1.36791
1.36176
1.35571
1.34952
1.34417
1.33869
1.33285
1.32762
1.32229
1.31709
1.31227
1.30784
1.30306
1.29868
1.29396
1.2889
1.28423
1.28018
1.27652
1.27324
1.26913
1.26539
1.26202
1.25925
1.25564
1.25214
1.24971
1.24714
1.24442
1.24202
1.23947
1.23747
1.23505
1.23317
1.23157
1.22954
1.22754
1.22508
1.22312
1.22116
1.21873
1.21581
1.2136
1.21137
1.20936
1.20684
1.20451
1.20191
1.19949
1.19703
1.19426
1.19168
1.18903
1.18632
1.18378
1.18093
1.17777
1.17478
1.17172
1.16859
1.16515
1.16187
1.15854
1.15514
1.1524
1.14863
1.14482
1.14071
1.13703
1.13355
1.12955
1.126
1.12194
1.1181
1.11472
1.11085
1.10697
1.1031
1.09923
1.09561
1.09129
1.08796
1.08417
1.08018
1.07648
1.07233
1.06848
1.06493
1.0612
1.05778
1.05418
1.05066
1.04771
1.04435
1.04132
1.03886
1.03625
1.03325
1.03083
1.02778
1.02579
1.02367
1.02188
1.01947
1.01765
1.01568
1.01454
1.01277
1.0111
1.00952
1.00805
1.0069
1.00561
1.00464
1.00376
1.00296
1.002
1.00136
1.00007
0.999806
0.998889
0.998273
0.997475
0.996973
0.997001
0.996594
0.995988
0.995901
0.995364
0.994857
0.994375
0.994395
0.994433
0.993763
0.994066
0.994135
0.994208
0.99428
0.993627
0.99345
0.993024
0.993067
0.992374
0.991425
0.991421
0.991398
0.991114
0.990808
0.990479
0.990126
0.989747
0.989103
0.988433
0.988219
0.987499
0.986996
0.986471
0.985684
0.985359
0.984535
0.983694
0.983079
0.982453
0.981576
0.980692
0.980044
0.979155
0.978508
0.977866
0.977232
0.977092
0.976002
0.975413
0.974607
0.97431
0.974286
0.973575
0.973144
0.972755
0.972896
0.972609
0.972618
0.972448
0.972582
0.972786
0.972581
0.973175
0.973128
0.973887
0.974014
0.974954
0.975027
0.975199
0.976197
0.977301
0.977792
0.978875
0.979833
0.981149
0.982827
0.984386
0.98607
0.987881
0.989819
0.992127
0.994565
0.997136
0.999839
1.00268
1.00565
1.00803
1.01151
1.01513
1.01887
1.02227
1.02581
1.02972
1.03328
1.03769
1.04102
1.04569
1.05049
1.05517
1.05973
1.06394
1.06899
1.07367
1.07896
1.08387
1.0889
1.09428
1.10001
1.10536
1.11106
1.11685
1.12275
1.12874
1.13507
1.14149
1.14776
1.15411
1.16031
1.16707
1.17343
1.17987
1.18687
1.19369
1.20059
1.20756
1.21483
1.22145
1.2286
1.23582
1.24358
1.25115
1.25878
1.26645
1.27394
1.28171
1.2888
1.29642
1.3036
1.31154
1.31928
1.32728
1.33508
1.34219
1.35028
1.35792
1.36581
1.37372
1.38188
1.3898
1.3975
1.40519
1.41312
1.42105
1.42896
1.43686
1.44498
1.45235
1.45993
1.46747
1.47522
1.48219
1.48983
1.49741
1.50565
1.5131
1.52072
1.52801
1.53521
1.54232
1.54933
1.556
1.56279
1.56899
1.5753
1.58173
1.58778
1.59394
1.59995
1.60582
1.61154
1.61687
