-3.42056
-3.42026
-3.42056
-3.42072
-3.42102
-3.42087
-3.42087
-3.42102
-3.42086
-3.42086
-3.42071
-3.42086
-3.42071
-3.42056
-3.42056
-3.42056
-3.42071
-3.42041
-3.42056
-3.42056
-3.42056
-3.42041
-3.42041
-3.42041
-3.42071
-3.42101
-3.42086
-3.42101
-3.42131
-3.42147
-3.42147
-3.42101
-3.42071
-3.42086
-3.42101
-3.42086
-3.42101
-3.42101
-3.42132
-3.42147
-3.42147
-3.42132
-3.42132
-3.42132
-3.42132
-3.42147
-3.42147
-3.42162
-3.42162
-3.42162
-3.42207
-3.42177
-3.42192
-3.42207
-3.42223
-3.42223
-3.42208
-3.42192
-3.42208
-3.42193
-3.42223
-3.42238
-3.42208
-3.42223
-3.42208
-3.42208
-3.42208
-3.42193
-3.42178
-3.42178
-3.42178
-3.42132
-3.42102
-3.42117
-3.42147
-3.42162
-3.42132
-3.42147
-3.42147
-3.42147
-3.42132
-3.42132
-3.42117
-3.42087
-3.42087
-3.42102
-3.42087
-3.42042
-3.42057
-3.42057
-3.42041
-3.42057
-3.42057
-3.42026
-3.42011
-3.42011
-3.42011
-3.42026
-3.42026
-3.42011
-3.42011
-3.42026
-3.42041
-3.42056
-3.42056
-3.42072
-3.42072
-3.42087
-3.42072
-3.42056
-3.42041
-3.42041
-3.42056
-3.42072
-3.42072
-3.42056
-3.42087
-3.42041
-3.42041
-3.42072
-3.42087
-3.42087
-3.42087
-3.42102
-3.42087
-3.42041
-3.42011
-3.41996
-3.41951
-3.41966
-3.41951
-3.41935
-3.4195
-3.4195
-3.41981
-3.41966
-3.4195
-3.41981
-3.41996
-3.41996
-3.41981
-3.41965
-3.41981
-3.41996
-3.42011
-3.42026
-3.42011
-3.42011
-3.4198
-3.42011
-3.4195
-3.41935
-3.41935
-3.4195
-3.41935
-3.4192
-3.4195
-3.41965
-3.4195
-3.41965
-3.41965
-3.4198
-3.41965
-3.4195
-3.4195
-3.4195
-3.4198
-3.41965
-3.4195
-3.41935
-3.4195
-3.41965
-3.41904
-3.41904
-3.41919
-3.41874
-3.41829
-3.41829
-3.41829
-3.41844
-3.41859
-3.41874
-3.41904
-3.41934
-3.41919
-3.41934
-3.41934
-3.4195
-3.4195
-3.4195
-3.4195
-3.41965
-3.4198
-3.41965
-3.41935
-3.41935
-3.4195
-3.4195
-3.41935
-3.41965
-3.4198
-3.4201
-3.42025
-3.4198
-3.41995
-3.4198
-3.4198
-3.4198
-3.4201
-3.41995
-3.42026
-3.42041
-3.42026
-3.42011
-3.42026
-3.4198
-3.41996
-3.42011
-3.42056
-3.42056
-3.42101
-3.42101
-3.42086
-3.42147
-3.42147
-3.42147
-3.42132
-3.42117
-3.42071
-3.42086
-3.42086
-3.42102
-3.42041
-3.42056
-3.42026
-3.42056
-3.42071
-3.42071
-3.42102
-3.42102
-3.42072
-3.42041
-3.42071
-3.42041
-3.42026
-3.42041
-3.42056
-3.42011
-3.42011
-3.42056
-3.42041
-3.42071
-3.42087
-3.42087
-3.42086
-3.42086
-3.42102
-3.42102
-3.42102
-3.42102
-3.42086
-3.42071
-3.42056
-3.42041
-3.42026
-3.42041
-3.42041
-3.42041
-3.42011
-3.42026
-3.42011
-3.42011
-3.42011
-3.42011
-3.41981
-3.41996
-3.42011
-3.42071
-3.42071
-3.42071
-3.42086
-3.42177
-3.42177
-3.42147
-3.42147
-3.42162
-3.42147
-3.42162
-3.42177
-3.42162
-3.42162
-3.42146
-3.42131
-3.42116
-3.42101
-3.42131
-3.42116
-3.42086
-3.42071
-3.42086
-3.42086
-3.42086
-3.42071
-3.42041
-3.4201
-3.41965
-3.4195
-3.4195
-3.41935
-3.4192
-3.41905
-3.41905
-3.41905
-3.41905
-3.41905
-3.4189
-3.41905
-3.41905
-3.4195
-3.4195
-3.41935
-3.4195
-3.41935
-3.41965
-3.41965
-3.4198
-3.41996
-3.42011
-3.4198
-3.41996
-3.41996
-3.41981
-3.41981
-3.4195
-3.4195
-3.4192
-3.41935
-3.4195
-3.41935
-3.4192
-3.4192
-3.41905
-3.41935
-3.41905
-3.41905
-3.41935
-3.4192
-3.41905
-3.4189
-3.4189
-3.41905
-3.41905
-3.4192
-3.4192
-3.41905
-3.41905
-3.4192
-3.4192
-3.4192
-3.41935
-3.41935
-3.41935
-3.4192
-3.41935
-3.41935
-3.41935
-3.41935
-3.41935
-3.41935
-3.41935
-3.4192
-3.41935
-3.41965
-3.4195
-3.41996
-3.41965
-3.4198
-3.41965
-3.41996
-3.41996
-3.42011
-3.41995
-3.42026
-3.42026
-3.42026
-3.42071
-3.42056
-3.42056
-3.42086
-3.42086
-3.42086
-3.42071
-3.42086
-3.42116
-3.42101
-3.42086
-3.42101
-3.42131
-3.42146
-3.42101
-3.42116
-3.42131
-3.42131
-3.42131
-3.42116
-3.42086
-3.4204
-3.42025
-3.4204
-3.42025
-3.4198
-3.4198
-3.4198
-3.41965
-3.41965
-3.41935
-3.4192
-3.41935
-3.41935
-3.4192
-3.4195
-3.4195
-3.4195
-3.4195
-3.41935
-3.41935
-3.41935
-3.41965
-3.41965
-3.41935
-3.41995
-3.41995
-3.4198
-3.41995
-3.42041
-3.42011
-3.41996
-3.4198
-3.41965
-3.41981
-3.4195
-3.41965
-3.41935
-3.41935
-3.41935
-3.41935
-3.4192
-3.4195
-3.41996
-3.42026
-3.42026
-3.42056
-3.42056
-3.42071
-3.42071
-3.42071
-3.42056
-3.42072
-3.42087
-3.42102
-3.42072
-3.42056
-3.42056
-3.42041
-3.42056
-3.42026
-3.42026
-3.42072
-3.42056
-3.42041
-3.42041
-3.42057
-3.42057
-3.42041
-3.42026
-3.41981
-3.41966
-3.41996
-3.42026
-3.42041
-3.42057
-3.42041
-3.42026
-3.42041
-3.42087
-3.42087
-3.42087
-3.42102
-3.42102
-3.42087
-3.42132
-3.42102
-3.42102
-3.42117
-3.42102
-3.42102
-3.42087
-3.42056
-3.42056
-3.42071
-3.42056
-3.42071
-3.42071
-3.42026
-3.42026
-3.42041
-3.42011
-3.41996
-3.41935
-3.41875
-3.41875
-3.4186
-3.41829
-3.41814
-3.41784
-3.41784
-3.41799
-3.41814
-3.41859
-3.41859
-3.41859
-3.41875
-3.41859
-3.41814
-3.41784
-3.41799
-3.41754
-3.41723
-3.41708
-3.41678
-3.41678
-3.41678
-3.41648
-3.41633
-3.41618
-3.41648
-3.41678
-3.41708
-3.41739
-3.41769
-3.41754
-3.41754
-3.41754
-3.41769
-3.41769
-3.41799
-3.41769
-3.41784
-3.41769
-3.41754
-3.41739
-3.41724
-3.41724
-3.41754
-3.41754
-3.41739
-3.41754
-3.41739
-3.41694
-3.41694
-3.41679
-3.41679
-3.41649
-3.41633
-3.41603
-3.41588
-3.41588
-3.41588
-3.41588
-3.41603
-3.41573
-3.41588
-3.41558
-3.41543
-3.41543
-3.41513
-3.41513
-3.41528
-3.41528
-3.41513
-3.41498
-3.41467
-3.41467
-3.41422
-3.41407
-3.41422
-3.41407
-3.41407
-3.41392
-3.41377
-3.41392
-3.41422
-3.41452
-3.41452
-3.41468
-3.41483
-3.41468
-3.41468
-3.41468
-3.41483
-3.41483
-3.41468
-3.41453
-3.41468
-3.41483
-3.41483
-3.41498
-3.41513
-3.41513
-3.41513
-3.41513
-3.41513
-3.41513
-3.41513
-3.41528
-3.41558
-3.41528
-3.41589
-3.41619
-3.41634
-3.41649
-3.41694
-3.41694
-3.41694
-3.41724
-3.41724
-3.41679
-3.41664
-3.41649
-3.41649
-3.41679
-3.41694
-3.41679
-3.41694
-3.41709
-3.41649
-3.41619
-3.41634
-3.41649
-3.41649
-3.41649
-3.41649
-3.41634
-3.41619
-3.41634
-3.41634
-3.41649
-3.41664
-3.41664
-3.41694
-3.41724
-3.4177
-3.41785
-3.41815
-3.41785
-3.41815
-3.41785
-3.41815
-3.418
-3.418
-3.418
-3.41815
-3.418
-3.41785
-3.4177
-3.418
-3.41785
-3.41785
-3.418
-3.41815
-3.41875
-3.4189
-3.41845
-3.4186
-3.41905
-3.41905
-3.4192
-3.4195
-3.4192
-3.4195
-3.4195
-3.41966
-3.41965
-3.41981
-3.4195
-3.41981
-3.41996
-3.41996
-3.41981
-3.41965
-3.41905
-3.41875
-3.41875
-3.41875
-3.4186
-3.4186
-3.41875
-3.41875
-3.41845
-3.4183
-3.41814
-3.4183
-3.41799
-3.41814
-3.4183
-3.4186
-3.41875
-3.41875
-3.41845
-3.4186
-3.4186
-3.4183
-3.41815
-3.41815
-3.418
-3.41785
-3.41785
-3.41785
-3.418
-3.41815
-3.41815
-3.41815
-3.418
-3.418
-3.41785
-3.4177
-3.4177
-3.4177
-3.41755
-3.4174
-3.41755
-3.41755
-3.41725
-3.4171
-3.41725
-3.41725
-3.4171
-3.41725
-3.41755
-3.41786
-3.41786
-3.41816
-3.41801
-3.41801
-3.41771
-3.41786
-3.41786
-3.41786
-3.41771
-3.41771
-3.41786
-3.41786
-3.41786
-3.41786
-3.41755
-3.41755
-3.41771
-3.41755
-3.41771
-3.41771
-3.41755
-3.41771
-3.41801
-3.41816
-3.41801
-3.41801
-3.41786
-3.41831
-3.41831
-3.41801
-3.41801
-3.41846
-3.41816
-3.41846
-3.41861
-3.41876
-3.41876
-3.41891
-3.41876
-3.41891
-3.41891
-3.41891
-3.41891
-3.41876
-3.41876
-3.41876
-3.41876
-3.41861
-3.41861
-3.4186
-3.41906
-3.41921
-3.41891
-3.41891
-3.41906
-3.41906
-3.41906
-3.41906
-3.41936
-3.41921
-3.41906
-3.41875
-3.41906
-3.41906
-3.41891
-3.4189
-3.4186
-3.4186
-3.4186
-3.4186
-3.41906
-3.41906
-3.41906
-3.41921
-3.41951
-3.41966
-3.41951
-3.41951
-3.41951
-3.41966
-3.42026
-3.42026
-3.42042
-3.42027
-3.42027
-3.42011
-3.41981
-3.41996
-3.41981
-3.41981
-3.42012
-3.42012
-3.42012
-3.42042
-3.42027
-3.41996
-3.41981
-3.41966
-3.41951
-3.41966
-3.41951
-3.41951
-3.41951
-3.41891
-3.41906
-3.41906
-3.41921
-3.41906
-3.41891
-3.41891
-3.41861
-3.41846
-3.4183
-3.4183
-3.4183
-3.41815
-3.418
-3.418
-3.41785
-3.4174
-3.4174
-3.41725
-3.4174
-3.4174
-3.4177
-3.41755
-3.4177
-3.41785
-3.418
-3.418
-3.41815
-3.41846
-3.41846
-3.41861
-3.41815
-3.4183
-3.418
-3.4177
-3.4177
-3.4177
-3.4174
-3.4174
-3.4177
-3.4174
-3.4171
-3.4171
-3.41694
-3.4171
-3.4171
-3.4171
-3.4171
-3.41679
-3.41664
-3.41649
-3.41619
-3.41604
-3.41589
-3.41559
-3.41589
-3.41619
-3.41604
-3.41604
-3.41634
-3.41604
-3.41574
-3.41589
-3.41604
-3.41619
-3.41604
-3.41604
-3.41589
-3.41604
-3.41604
-3.41619
-3.41604
-3.41619
-3.41664
-3.41619
-3.41634
-3.41649
-3.41664
-3.41634
-3.41649
-3.41664
-3.41649
-3.41649
-3.41634
-3.41649
-3.41619
-3.41604
-3.41604
-3.41589
-3.41589
-3.41574
-3.41574
-3.41604
-3.41589
-3.41589
-3.41619
-3.41604
-3.41574
-3.41559
-3.41544
-3.41559
-3.41559
-3.41559
-3.41574
-3.41574
-3.41574
-3.41559
-3.41574
-3.41574
-3.41574
-3.41544
-3.41559
-3.41559
-3.41574
-3.41589
-3.41589
-3.41574
-3.41589
-3.41574
-3.41574
-3.41574
-3.41604
-3.41604
-3.41604
-3.41589
-3.41589
-3.41574
-3.41559
-3.41574
-3.41574
-3.41589
-3.41574
-3.41589
-3.41574
-3.41589
-3.41589
-3.41574
-3.41589
-3.41559
-3.41559
-3.41574
-3.41514
-3.41529
-3.41529
-3.41499
-3.41514
-3.41468
-3.41514
-3.41529
-3.41544
-3.41574
-3.41559
-3.41574
-3.41574
-3.41544
-3.41574
-3.41559
-3.41529
-3.41529
-3.41559
-3.41544
-3.41559
-3.41589
-3.41604
-3.41604
-3.41649
-3.41634
-3.41619
-3.41634
-3.41604
-3.41589
-3.41604
-3.41619
-3.41634
-3.41634
-3.41619
-3.41604
-3.41574
-3.41574
-3.41559
-3.41544
-3.41559
-3.41559
-3.41574
-3.41544
-3.41559
-3.41559
-3.41574
-3.41559
-3.41559
-3.41559
-3.41589
-3.41604
-3.41619
-3.41634
-3.41619
-3.41649
-3.41634
-3.41664
-3.41679
-3.41679
-3.4171
-3.41725
-3.4171
-3.4171
-3.4171
-3.4171
-3.41725
-3.4171
-3.4171
-3.41679
-3.41695
-3.4171
-3.4171
-3.41755
-3.41725
-3.4174
-3.4174
-3.4177
-3.41785
-3.41815
-3.418
-3.41785
-3.41785
-3.4177
-3.4177
-3.4177
-3.41785
-3.41785
-3.418
-3.41815
-3.41815
-3.41785
-3.4177
-3.4174
-3.41755
-3.4174
-3.4174
-3.4177
-3.41785
-3.41755
-3.4177
-3.4174
-3.41755
-3.4174
-3.41755
-3.4177
-3.41785
-3.418
-3.41815
-3.41815
-3.41846
-3.41861
-3.41861
-3.41861
-3.41846
-3.41861
-3.41861
-3.41846
-3.41846
-3.41846
-3.41861
-3.41876
-3.41876
-3.41861
-3.41876
-3.41891
-3.41876
-3.41876
-3.41861
-3.41891
-3.41891
-3.41891
-3.41876
-3.41906
-3.41906
-3.41936
-3.41936
-3.41952
-3.41967
-3.41921
-3.41921
-3.41921
-3.41906
-3.41906
-3.41906
-3.41891
-3.41891
-3.41891
-3.41876
-3.41831
-3.41831
-3.41816
-3.41816
-3.41846
-3.41861
-3.41861
-3.41876
-3.41876
-3.41891
-3.41921
-3.41921
-3.41891
-3.41831
-3.418
-3.418
-3.418
-3.41785
-3.41785
-3.418
-3.41816
-3.41816
-3.418
-3.41785
-3.41755
-3.41785
-3.41755
-3.4177
-3.41785
-3.4177
-3.41816
-3.418
-3.41816
-3.41816
-3.41785
-3.41785
-3.4177
-3.4177
-3.4177
-3.41801
-3.41801
-3.41801
-3.41831
-3.41846
-3.41861
-3.41846
-3.41846
-3.41831
-3.41816
-3.41831
-3.41831
-3.41846
-3.41846
-3.41846
-3.41861
-3.41861
-3.41876
-3.41876
-3.41891
-3.41891
-3.41876
-3.41846
-3.41846
-3.41846
-3.41846
-3.41846
-3.41831
-3.41785
-3.4177
-3.41755
-3.4177
-3.4177
-3.41785
-3.41785
-3.4177
-3.41755
-3.4168
-3.4168
-3.4168
-3.4168
-3.4171
-3.41755
-3.41755
-3.41755
-3.41755
-3.4174
-3.41785
-3.4177
-3.41816
-3.41816
-3.41816
-3.41831
-3.41831
-3.418
-3.41785
-3.41785
-3.41816
-3.418
-3.4174
-3.4168
-3.41695
-3.4168
-3.4168
-3.4168
-3.41695
-3.4168
-3.41695
-3.41725
-3.4168
-3.41665
-3.4168
-3.41664
-3.4168
-3.4168
-3.4168
-3.41665
-3.41695
-3.41695
-3.4168
-3.4168
-3.41664
-3.41649
-3.41664
-3.41664
-3.41634
-3.41604
-3.41604
-3.41604
-3.41634
-3.41604
-3.41604
-3.41619
-3.41619
-3.41664
-3.41679
-3.41694
-3.4171
-3.41725
-3.4171
-3.41709
-3.41649
-3.41649
-3.41619
-3.41604
-3.41619
-3.41634
-3.41619
-3.41619
-3.41634
-3.41634
-3.41619
-3.41634
-3.41664
-3.41679
-3.41664
-3.41649
-3.41649
-3.41679
-3.41694
-3.41694
-3.41709
-3.41724
-3.41724
-3.41724
-3.41755
-3.418
-3.418
-3.41785
-3.4177
-3.4177
-3.4177
-3.41755
-3.4177
-3.41785
-3.41785
-3.41785
-3.41785
-3.41785
-3.4177
-3.41785
-3.41785
-3.41785
-3.418
-3.418
-3.418
-3.418
-3.41815
-3.418
-3.418
-3.418
-3.41785
-3.41785
-3.41785
-3.418
-3.4183
-3.4183
-3.41861
-3.41891
-3.41906
-3.41891
-3.41891
-3.41876
-3.41876
-3.41876
-3.41921
-3.41906
-3.41906
-3.41921
-3.41906
-3.41921
-3.41936
-3.41981
-3.41966
-3.41966
-3.41951
-3.41951
-3.41951
-3.41936
-3.41936
-3.41951
-3.41996
-3.41981
-3.42012
-3.42042
-3.42027
-3.42027
-3.41981
-3.41981
-3.41966
-3.41951
-3.41966
-3.41951
-3.41936
-3.41921
-3.41921
-3.41981
-3.41951
-3.41966
-3.41966
-3.41981
-3.41981
-3.41997
-3.41981
-3.42012
-3.42012
-3.42012
-3.42027
-3.42012
-3.41997
-3.41982
-3.41967
-3.41982
-3.41967
-3.41982
-3.41982
-3.41967
-3.41936
-3.41936
-3.41936
-3.41921
-3.41906
-3.41891
-3.41876
-3.41891
-3.41906
-3.41906
-3.41906
-3.41891
-3.41876
-3.41937
-3.41921
-3.41891
-3.41891
-3.41876
-3.41846
-3.41831
-3.41816
-3.41846
-3.41846
-3.41846
-3.41861
-3.41846
-3.41816
-3.41816
-3.41801
-3.41816
-3.41816
-3.41846
-3.41831
-3.41876
-3.41891
-3.41906
-3.41906
-3.41906
-3.41936
-3.41936
-3.41876
-3.41861
-3.41891
-3.41891
-3.41876
-3.41906
-3.41891
-3.41906
-3.41921
-3.41891
-3.41906
-3.41951
-3.41936
-3.41921
-3.41921
-3.41906
-3.41906
-3.41906
-3.41906
-3.41891
-3.41921
-3.41921
-3.41906
-3.41921
-3.41951
-3.41951
-3.41936
-3.41921
-3.41906
-3.41951
-3.41966
-3.41966
-3.41981
-3.41966
-3.41951
-3.41951
-3.41936
-3.41906
-3.41921
-3.41936
-3.41951
-3.41936
-3.41981
-3.41966
-3.41951
-3.41966
-3.41981
-3.41996
-3.41996
-3.41996
-3.41981
-3.41981
-3.41981
-3.41996
-3.42011
-3.42072
-3.42087
-3.42102
-3.42102
-3.42117
-3.42117
-3.42148
-3.42132
-3.42132
-3.42117
-3.42117
-3.42102
-3.42087
-3.42087
-3.42087
-3.42102
-3.42087
-3.42087
-3.42057
-3.42057
-3.42042
-3.42057
-3.42012
-3.41997
-3.41981
-3.41936
-3.41936
-3.41906
-3.41906
-3.41906
-3.41891
-3.41876
-3.41846
-3.41861
-3.41861
-3.4183
-3.4183
-3.41815
-3.4183
-3.41861
-3.41861
-3.41845
-3.41876
-3.41876
-3.41876
-3.41891
-3.41891
-3.41906
-3.41891
-3.41876
-3.41846
-3.41846
-3.41861
-3.41891
-3.41891
-3.41891
-3.41891
-3.41876
-3.41876
-3.41876
-3.41846
-3.41876
-3.41966
-3.41982
-3.41982
-3.41982
-3.41951
-3.41966
-3.41997
-3.42012
-3.42027
-3.42012
-3.42027
-3.42012
-3.42012
-3.42012
-3.42042
-3.42057
-3.42057
-3.42057
-3.42072
-3.42087
-3.42087
-3.42117
-3.42102
-3.42072
-3.42087
-3.42042
-3.42042
-3.42026
-3.42011
-3.41996
-3.41966
-3.41966
-3.41966
-3.41981
-3.41981
-3.41996
-3.41996
-3.41996
-3.41951
-3.4192
-3.41936
-3.41905
-3.4186
-3.41875
-3.41905
-3.4189
-3.4192
-3.41951
-3.41951
-3.41951
-3.4192
-3.4192
-3.41905
-3.4192
-3.4192
-3.4192
-3.41935
-3.41966
-3.41966
-3.41966
-3.41981
-3.41951
-3.41951
-3.41935
-3.41935
-3.4192
-3.41935
-3.41935
-3.41981
-3.41966
-3.41966
-3.41966
-3.41936
-3.41951
-3.41951
-3.41951
-3.41936
-3.41951
-3.41951
-3.41981
-3.41981
-3.41981
-3.41936
-3.41951
-3.41951
-3.41966
-3.41996
-3.41996
-3.41981
-3.41997
-3.41951
-3.41981
-3.41981
-3.41982
-3.41982
-3.41966
-3.41936
-3.41936
-3.41951
-3.41921
-3.41936
-3.41921
-3.41906
-3.41936
-3.41967
-3.41982
-3.42012
-3.42012
-3.42027
-3.42057
-3.42042
-3.42057
-3.42057
-3.42073
-3.42042
-3.42057
-3.42027
-3.42042
-3.42012
-3.42027
-3.42012
-3.41997
-3.41982
-3.41982
-3.41982
-3.41952
-3.41967
-3.41997
-3.41982
-3.41967
-3.41982
-3.41982
-3.41997
-3.42012
-3.41997
-3.42012
-3.41997
-3.42012
-3.42058
-3.42042
-3.42042
-3.41982
-3.41997
-3.41952
-3.41937
-3.41921
-3.41921
-3.41952
-3.41967
-3.41952
-3.41921
-3.41921
-3.41952
-3.41967
-3.41982
-3.41952
-3.41921
-3.41921
-3.41906
-3.41906
-3.41906
-3.41906
-3.41891
-3.41891
-3.41861
-3.41876
-3.41906
-3.41906
-3.41936
-3.41981
-3.41966
-3.41966
-3.41951
-3.41981
-3.41951
-3.41966
-3.41996
-3.41996
-3.41996
-3.41996
-3.41996
-3.42011
-3.41996
-3.41981
-3.41996
-3.41996
-3.42011
-3.42027
-3.42042
-3.41996
-3.41996
-3.42011
-3.41996
-3.42027
-3.42027
-3.42027
-3.42011
-3.42027
-3.41981
-3.41981
-3.41966
-3.41966
-3.41921
-3.41921
-3.41936
-3.41936
-3.41936
-3.41936
-3.41951
-3.41996
-3.41966
-3.41981
-3.41951
-3.41951
-3.41966
-3.41966
-3.41966
-3.41966
-3.41981
-3.41966
-3.41966
-3.42027
-3.42042
-3.42087
-3.42087
-3.42087
-3.42072
-3.42087
-3.42057
-3.42042
-3.42011
-3.42027
-3.42027
-3.42027
-3.42042
-3.42042
-3.42042
-3.42057
-3.42042
-3.42027
-3.42042
-3.42042
-3.42042
-3.41981
-3.41981
-3.42011
-3.42011
-3.41981
-3.41996
-3.42011
-3.42011
-3.42027
-3.42011
-3.42011
-3.42011
-3.41996
-3.41996
-3.41966
-3.41951
-3.41936
-3.41936
-3.41951
-3.41951
-3.41951
-3.41951
-3.41966
-3.41951
-3.41966
-3.41966
-3.41951
-3.41921
-3.41921
-3.41921
-3.41876
-3.41861
-3.41845
-3.4183
-3.41845
-3.41815
-3.4183
-3.41845
-3.41815
-3.418
-3.418
-3.41785
-3.41785
-3.41785
-3.418
-3.41846
-3.41846
-3.41876
-3.41906
-3.41906
-3.41936
-3.41936
-3.41951
-3.41966
-3.41951
-3.41936
-3.41906
-3.41921
-3.41906
-3.41891
-3.41891
-3.41861
-3.41861
-3.41876
-3.41876
-3.41861
-3.41861
-3.4183
-3.41815
-3.4183
-3.41815
-3.4183
-3.418
-3.4177
-3.4177
-3.4177
-3.4177
-3.41785
-3.41815
-3.4183
-3.4186
-3.41845
-3.4186
-3.4186
-3.4186
-3.4186
-3.4183
-3.41845
-3.41845
-3.4186
-3.4186
-3.41845
-3.4183
-3.4183
-3.41845
-3.4186
-3.4183
-3.4183
-3.4186
-3.41845
-3.41845
-3.4183
-3.4183
-3.41815
-3.4183
-3.4183
-3.41815
-3.4183
-3.4183
-3.41815
-3.41845
-3.41845
-3.41845
-3.4186
-3.4186
-3.41845
-3.41799
-3.41784
-3.41784
-3.41754
-3.41739
-3.41815
-3.41799
-3.41784
-3.41754
-3.41754
-3.41724
-3.41739
-3.41739
-3.41709
-3.41694
-3.41709
-3.41724
-3.41724
-3.41739
-3.41724
-3.41769
-3.41784
-3.41799
-3.41815
-3.41799
-3.41784
-3.41784
-3.41784
-3.41784
-3.41784
-3.41769
-3.41739
-3.41739
-3.41769
-3.41769
-3.41769
-3.41754
-3.41724
-3.41739
-3.41739
-3.41724
-3.41709
-3.41679
-3.41649
-3.41649
-3.41664
-3.41679
-3.41694
-3.41724
-3.41709
-3.41709
-3.41694
-3.41679
-3.41694
-3.41679
-3.41694
-3.41709
-3.41709
-3.41709
-3.41694
-3.41664
-3.41664
-3.41664
-3.41649
-3.41649
-3.41664
-3.41694
-3.41724
-3.41709
-3.41694
-3.41709
-3.41724
-3.41755
-3.41739
-3.41755
-3.41785
-3.4177
-3.41755
-3.41739
-3.41739
-3.4174
-3.41709
-3.41724
-3.41694
-3.41664
-3.41679
-3.41679
-3.41664
-3.41664
-3.41649
-3.41649
-3.41649
-3.41649
-3.41664
-3.41664
-3.41664
-3.41664
-3.41634
-3.41619
-3.41619
-3.41634
-3.41619
-3.41649
-3.41649
-3.41649
-3.41634
-3.41619
-3.41619
-3.41619
-3.41634
-3.41604
-3.41619
-3.41589
-3.41619
-3.41619
-3.41604
-3.41604
-3.41619
-3.41619
-3.41604
-3.41604
-3.41589
-3.41604
-3.41605
-3.41605
-3.41574
-3.41589
-3.41544
-3.41544
-3.41559
-3.41574
-3.41559
-3.41544
-3.41559
-3.41559
-3.41544
-3.41544
-3.41544
-3.41529
-3.41544
-3.41514
-3.41514
-3.41529
-3.41529
-3.41499
-3.41499
-3.41499
-3.41499
-3.41499
-3.41574
-3.41574
-3.41574
-3.41589
-3.41605
-3.41604
-3.41589
-3.41604
-3.41604
-3.41589
-3.41559
-3.41529
-3.41544
-3.41528
-3.41528
-3.41559
-3.41543
-3.41589
-3.41604
-3.41619
-3.41649
-3.41664
-3.41648
-3.41663
-3.41678
-3.41693
-3.41678
-3.41678
-3.41663
-3.41633
-3.41648
-3.41648
-3.41602
-3.41617
-3.41617
-3.41572
-3.41587
-3.41572
-3.41572
-3.41572
-3.41572
-3.41557
-3.41572
-3.41572
-3.41587
-3.41572
-3.41602
-3.41603
-3.41588
-3.41557
-3.41557
-3.41588
-3.41603
-3.41603
-3.41618
-3.41588
-3.41588
-3.41603
-3.41603
-3.41664
-3.41634
-3.41604
-3.41604
-3.41619
-3.41619
-3.41604
-3.41604
-3.41573
-3.41589
-3.41589
-3.41589
-3.41589
-3.41619
-3.41619
-3.41604
-3.41604
-3.41619
-3.41634
-3.41619
-3.41619
-3.41619
-3.41619
-3.41634
-3.41664
-3.41634
-3.41649
-3.41619
-3.41634
-3.41634
-3.41619
-3.41634
-3.41619
-3.41604
-3.41604
-3.41574
-3.41604
-3.41619
-3.41619
-3.41649
-3.41634
-3.41649
-3.4168
-3.4168
-3.4171
-3.4168
-3.41664
-3.41664
-3.41664
-3.41695
-3.41664
-3.4168
-3.4168
-3.41695
-3.4168
-3.41695
-3.4171
-3.41679
-3.41679
-3.41664
-3.4171
-3.4174
-3.41725
-3.41725
-3.41725
-3.41725
-3.4171
-3.4171
-3.41695
-3.41695
-3.41695
-3.41695
-3.4168
-3.41695
-3.4171
-3.4171
-3.41725
-3.41695
-3.41664
-3.41664
-3.41664
-3.41664
-3.4168
-3.4168
-3.41695
-3.4171
-3.41695
-3.41695
-3.4168
-3.41664
-3.4168
-3.4168
-3.41664
-3.41649
-3.41634
-3.41649
-3.41634
-3.41649
-3.41664
-3.41664
-3.41649
-3.41649
-3.41679
-3.41664
-3.41679
-3.41709
-3.41694
-3.41694
-3.41679
-3.41664
-3.41649
-3.41634
-3.41664
-3.41664
-3.41664
-3.41679
-3.41679
-3.41664
-3.41664
-3.41649
-3.41649
-3.41649
-3.41664
-3.41709
-3.41709
-3.41709
-3.41679
-3.41634
-3.41634
-3.41634
-3.41649
-3.41649
-3.41664
-3.41618
-3.41618
-3.41588
-3.41558
-3.41558
-3.41588
-3.41603
-3.41603
-3.41543
-3.41528
-3.41543
-3.41634
-3.41664
-3.41649
-3.41588
-3.41573
-3.41603
-3.41588
-3.41573
-3.41543
-3.41543
-3.41543
-3.41513
-3.41498
-3.41483
-3.41483
-3.41468
-3.41437
-3.41452
-3.41452
-3.41468
-3.41498
-3.41513
-3.41513
-3.41498
-3.41513
-3.41528
-3.41528
-3.41528
-3.41543
-3.41558
-3.41574
-3.41574
-3.41543
-3.41528
-3.41559
-3.41574
-3.41589
-3.41574
-3.41574
-3.41589
-3.41589
-3.41604
-3.41604
-3.41634
-3.41649
-3.41664
-3.41619
-3.41634
-3.41664
-3.41664
-3.41664
-3.41649
-3.41634
-3.41619
-3.41604
-3.41619
-3.41634
-3.41634
-3.41664
-3.41694
-3.41679
-3.4171
-3.4171
-3.4171
-3.41694
-3.41694
-3.41694
-3.41679
-3.41694
-3.41709
-3.41709
-3.4174
-3.41755
-3.41725
-3.41664
-3.41679
-3.41679
-3.41679
-3.41679
-3.41649
-3.41634
-3.41649
-3.41649
-3.41619
-3.41619
-3.41604
-3.41619
-3.41649
-3.41634
-3.41634
-3.41634
-3.41634
-3.41649
-3.41664
-3.41679
-3.41694
-3.41709
-3.41694
-3.41694
-3.41679
-3.41679
-3.41619
-3.41619
-3.41619
-3.41634
-3.41649
-3.41649
-3.41664
-3.41634
-3.41649
-3.41664
-3.41664
-3.41664
-3.41679
-3.41679
-3.41694
-3.41679
-3.41679
-3.41664
-3.41679
-3.41694
-3.4171
-3.4171
-3.41725
-3.4174
-3.4174
-3.41725
-3.41695
-3.41634
-3.41664
-3.4171
-3.41725
-3.4171
-3.4171
-3.4171
-3.4174
-3.41755
-3.41755
-3.4177
-3.4174
-3.41725
-3.4171
-3.4171
-3.41695
-3.41679
-3.41679
-3.41679
-3.41664
-3.41679
-3.41664
-3.41679
-3.41679
-3.41695
-3.4174
-3.4174
-3.4174
-3.41785
-3.418
-3.418
-3.41815
-3.418
-3.41831
-3.41876
-3.41906
-3.41921
-3.41846
-3.41815
-3.41831
-3.41815
-3.41815
-3.41861
-3.41891
-3.41921
-3.41951
-3.41967
-3.41936
-3.41921
-3.41951
-3.41921
-3.41921
-3.41951
-3.41936
-3.41906
-3.41906
-3.41906
-3.41891
-3.41861
-3.41846
-3.41846
-3.41846
-3.41846
-3.41846
-3.41861
-3.41861
-3.418
-3.4177
-3.4177
-3.4177
-3.41785
-3.418
-3.41785
-3.41785
-3.4174
-3.4174
-3.41695
-3.4168
-3.41695
-3.4168
-3.4168
-3.41695
-3.4168
-3.41695
-3.41695
-3.4168
-3.41665
-3.41649
-3.41649
-3.41634
-3.41634
-3.4168
-3.41695
-3.4171
-3.4171
-3.41695
-3.41664
-3.41664
-3.41694
-3.41725
-3.4171
-3.41679
-3.41679
-3.41664
-3.41679
-3.41664
-3.41664
-3.41679
-3.41709
-3.41709
-3.41709
-3.41739
-3.41739
-3.4177
-3.4177
-3.41769
-3.418
-3.4183
-3.4183
-3.4186
-3.4186
-3.41905
-3.41905
-3.4186
-3.41799
-3.41784
-3.41769
-3.41769
-3.41784
-3.41799
-3.41814
-3.41814
-3.41829
-3.41845
-3.41845
-3.41875
-3.41844
-3.4186
-3.41875
-3.4186
-3.41844
-3.4186
-3.4186
-3.41844
-3.41829
-3.4186
-3.4186
-3.4186
-3.4186
-3.4186
-3.4189
-3.41905
-3.4189
-3.41875
-3.41905
-3.41875
-3.41875
-3.4189
-3.41905
-3.41935
-3.4192
-3.41935
-3.41951
-3.41966
-3.41981
-3.41981
-3.41996
-3.41966
-3.42026
-3.42011
-3.42026
-3.42011
-3.42026
-3.42026
-3.42011
-3.42042
-3.42057
-3.42087
-3.42057
-3.42072
-3.42072
-3.42072
-3.42072
-3.42087
-3.42057
-3.42057
-3.42057
-3.42057
-3.42072
-3.42087
-3.42102
-3.42133
-3.42148
-3.42148
-3.42118
-3.42148
-3.42208
-3.42208
-3.42178
-3.42193
-3.42163
-3.42118
-3.42102
-3.42072
-3.42072
-3.42057
-3.42057
-3.42087
-3.42087
-3.42102
-3.42087
-3.42072
-3.42057
-3.42057
-3.42042
-3.42042
-3.42012
-3.41997
-3.42012
-3.41981
-3.41936
-3.41966
-3.41966
-3.42012
-3.42012
-3.42027
-3.42042
-3.42057
-3.42072
-3.42072
-3.42057
-3.42057
-3.42087
-3.42102
-3.42132
-3.42117
-3.42132
-3.42132
-3.42117
-3.42117
-3.42087
-3.42102
-3.42132
-3.42163
-3.42163
-3.42163
-3.42148
-3.42163
-3.42193
-3.42193
-3.42193
-3.42193
-3.42193
-3.42163
-3.42147
-3.42147
-3.42163
-3.42163
-3.42148
-3.42148
-3.42132
-3.42117
-3.42132
-3.42147
-3.42178
-3.42163
-3.42178
-3.42178
-3.42163
-3.42147
-3.42132
-3.42147
-3.42147
-3.42208
-3.42193
-3.42193
-3.42208
-3.42223
-3.42238
-3.42223
-3.42299
-3.42314
-3.42329
-3.42299
-3.42283
-3.42268
-3.42253
-3.42253
-3.42253
-3.42268
-3.42268
-3.42238
-3.42238
-3.42223
-3.42223
-3.42238
-3.42238
-3.42253
-3.42253
-3.42253
-3.42268
-3.42283
-3.42283
-3.42298
-3.42253
-3.42253
-3.42268
-3.42268
-3.42253
-3.42283
-3.42268
-3.42253
-3.42268
-3.42314
-3.42298
-3.42283
-3.42268
-3.42268
-3.42298
-3.42344
-3.42314
-3.42299
-3.42314
-3.42344
-3.42344
-3.42329
-3.42314
-3.42298
-3.42268
-3.42283
-3.42283
-3.42283
-3.42238
-3.42253
-3.42283
-3.42253
-3.42268
-3.42283
-3.42253
-3.42268
-3.42268
-3.42268
-3.42268
-3.42268
-3.42268
-3.42283
-3.42268
-3.42253
-3.42253
-3.42268
-3.42268
-3.42253
-3.42253
-3.42238
-3.42238
-3.42253
-3.42238
-3.42223
-3.42238
-3.42223
-3.42238
-3.42223
-3.42193
-3.42193
-3.42193
-3.42193
-3.42162
-3.42117
-3.42087
-3.42087
-3.42147
-3.42162
-3.42147
-3.42102
-3.42102
-3.42132
-3.42117
-3.42117
-3.42102
-3.42102
-3.42102
-3.42057
-3.42072
-3.42102
-3.42072
-3.42042
-3.42057
-3.42042
-3.42026
-3.42026
-3.42011
-3.42011
-3.41981
-3.41966
-3.41996
-3.41981
-3.41951
-3.41966
-3.41981
-3.41996
-3.41981
-3.41981
-3.41966
-3.41966
-3.41966
-3.41981
-3.41981
-3.41951
-3.41921
-3.41921
-3.41891
-3.4186
-3.4186
-3.41891
-3.41876
-3.41876
-3.41906
-3.41906
-3.41891
-3.41906
-3.41891
-3.41861
-3.41861
-3.41861
-3.41861
-3.41876
-3.41876
-3.41876
-3.41846
-3.41861
-3.41891
-3.41891
-3.41921
-3.41982
-3.41982
-3.41982
-3.41966
-3.41982
-3.41997
-3.41997
-3.41982
-3.41982
-3.41921
-3.41906
-3.41906
-3.41891
-3.41921
-3.41921
-3.41906
-3.41906
-3.41921
-3.41906
-3.41906
-3.41921
-3.41936
-3.41906
-3.41906
-3.41936
-3.41906
-3.41876
-3.41891
-3.41876
-3.41891
-3.41906
-3.41906
-3.41951
-3.41936
-3.41921
-3.41936
-3.41951
-3.41981
-3.41981
-3.41997
-3.42012
-3.42027
-3.41997
-3.42012
-3.42012
-3.41997
-3.41997
-3.42042
-3.42012
-3.42012
-3.41981
-3.42012
-3.42012
-3.41996
-3.41996
-3.41996
-3.41996
-3.41996
-3.41996
-3.41981
-3.41981
-3.41981
-3.41981
-3.42012
-3.42027
-3.42057
-3.42042
-3.42042
-3.42027
-3.42072
-3.42042
-3.42011
-3.42027
-3.41996
-3.41996
-3.41996
-3.41996
-3.42011
-3.42011
-3.42027
-3.42042
-3.42042
-3.42042
-3.42042
-3.42042
-3.42011
-3.41981
-3.41996
-3.41996
-3.42011
-3.42011
-3.41996
-3.41996
-3.42011
-3.41996
-3.41981
-3.42011
-3.42011
-3.42011
-3.42011
-3.42026
-3.41996
-3.41981
-3.42011
-3.42042
-3.42026
-3.42026
-3.42042
-3.42026
-3.42042
-3.42026
-3.42027
-3.42027
-3.42027
-3.42011
-3.42011
-3.41981
-3.41996
-3.42012
-3.42012
-3.41996
-3.41981
-3.41996
-3.41981
-3.41981
-3.42012
-3.42042
-3.42057
-3.42072
-3.42072
-3.42057
-3.42072
-3.42087
-3.42072
-3.42117
-3.42133
-3.42148
-3.42117
-3.42102
-3.42148
-3.42178
-3.42223
-3.42253
-3.42284
-3.42299
-3.42299
-3.42299
-3.42254
-3.42223
-3.42223
-3.42223
-3.42208
-3.42193
-3.42223
-3.42238
-3.42223
-3.42238
-3.42238
-3.42223
-3.42238
-3.42178
-3.42163
-3.42163
-3.42163
-3.42163
-3.42148
-3.42163
-3.42163
-3.42133
-3.42133
-3.42118
-3.42133
-3.42133
-3.42163
-3.42148
-3.42163
-3.42148
-3.42148
-3.42133
-3.42133
-3.42133
-3.42148
-3.42148
-3.42163
-3.42178
-3.42193
-3.42193
-3.42193
-3.42178
-3.42163
-3.42193
-3.42208
-3.42223
-3.42238
-3.42253
-3.42284
-3.42268
-3.42253
-3.42238
-3.42223
-3.42238
-3.42238
-3.42238
-3.42253
-3.42223
-3.42238
-3.42178
-3.42178
-3.42163
-3.42178
-3.42193
-3.42193
-3.42193
-3.42178
-3.42163
-3.42163
-3.42193
-3.42223
-3.42223
-3.42238
-3.42238
-3.42253
-3.42268
-3.42283
-3.42268
-3.42253
-3.42238
-3.42208
-3.42208
-3.42253
-3.42208
-3.42223
-3.42178
-3.42223
-3.42223
-3.42223
-3.42253
-3.42268
-3.42268
-3.42238
-3.42223
-3.42238
-3.42238
-3.42223
-3.42208
-3.42193
-3.42208
-3.42223
-3.42238
-3.42223
-3.42223
-3.42193
-3.42208
-3.42238
-3.42238
-3.42238
-3.42238
-3.42253
-3.42253
-3.42253
-3.42238
-3.42208
-3.42223
-3.42238
-3.42223
-3.42208
-3.42208
-3.42193
-3.42193
-3.42238
-3.42208
-3.42223
-3.42268
-3.42253
-3.42253
-3.42253
-3.42253
-3.42283
-3.42268
-3.42268
-3.42193
-3.42193
-3.42193
-3.42253
-3.42268
-3.42238
-3.42238
-3.42223
-3.42238
-3.42238
-3.42238
-3.42223
-3.42238
-3.42193
-3.42178
-3.42148
-3.42132
-3.42102
-3.42117
-3.42117
-3.42133
-3.42163
-3.42133
-3.42148
-3.42087
-3.42117
-3.42163
-3.42163
-3.42178
-3.42148
-3.42163
-3.42178
-3.42163
-3.42178
-3.42178
-3.42178
-3.42148
-3.42163
-3.42163
-3.42133
-3.42117
-3.42133
-3.42133
-3.42133
-3.42102
-3.42102
-3.42102
-3.42087
-3.42102
-3.42132
-3.42117
-3.42117
-3.42117
-3.42132
-3.42147
-3.42163
-3.42163
-3.42178
-3.42178
-3.42193
-3.42178
-3.42178
-3.42193
-3.42208
-3.42223
-3.42208
-3.42177
-3.42177
-3.42147
-3.42147
-3.42162
-3.42177
-3.42162
-3.42177
-3.42162
-3.42162
-3.42208
-3.42238
-3.42208
-3.42238
-3.42223
-3.42253
-3.42268
-3.42253
-3.42238
-3.42253
-3.42268
-3.42283
-3.42283
-3.42313
-3.42298
-3.42268
-3.42268
-3.42268
-3.42298
-3.42313
-3.42329
-3.42359
-3.42359
-3.42359
-3.42329
-3.42298
-3.42283
-3.42283
-3.42268
-3.42283
-3.42238
-3.42208
-3.42193
-3.42223
-3.42238
-3.42223
-3.42238
-3.42223
-3.42208
-3.42223
-3.42223
-3.42193
-3.42208
-3.42223
-3.42253
-3.42253
-3.42268
-3.42284
-3.42314
-3.42314
-3.42344
-3.42359
-3.42374
-3.42374
-3.42374
-3.42329
-3.42359
-3.42359
-3.42344
-3.42344
-3.42359
-3.42374
-3.42435
-3.42435
-3.4242
-3.42389
-3.42374
-3.42405
-3.4242
-3.42405
-3.4242
-3.42435
-3.42435
-3.42435
-3.42465
-3.4248
-3.4248
-3.4248
-3.42465
-3.42465
-3.4245
-3.42495
-3.4251
-3.42526
-3.42526
-3.42541
-3.42526
-3.4251
-3.42526
-3.42526
-3.4251
-3.4251
-3.4251
-3.4251
-3.4251
-3.4248
-3.42495
-3.42465
-3.4248
-3.4248
-3.4248
-3.4251
-3.42495
-3.42495
-3.4248
-3.42465
-3.42465
-3.4245
-3.42495
-3.4251
-3.42526
-3.4251
-3.42495
-3.42465
-3.4248
-3.42495
-3.4248
-3.4251
-3.4251
-3.42465
-3.42495
-3.4248
-3.4251
-3.42495
-3.4248
-3.42495
-3.4251
-3.4254
-3.4254
-3.42525
-3.4251
-3.4248
-3.4245
-3.4245
-3.42465
-3.42495
-3.4248
-3.4248
-3.4251
-3.4251
-3.4251
-3.4251
-3.4251
-3.4254
-3.42495
-3.4248
-3.4248
-3.4245
-3.42465
-3.42465
-3.4248
-3.4248
-3.4248
-3.4248
-3.42465
-3.42465
-3.42465
-3.4248
-3.4251
-3.42495
-3.42465
-3.4248
-3.42495
-3.42495
-3.42465
-3.42465
-3.42435
-3.42435
-3.4245
-3.42435
-3.42465
-3.4245
-3.4245
-3.42465
-3.4248
-3.4248
-3.42495
-3.42495
-3.4248
-3.42465
-3.42465
-3.4248
-3.42435
-3.4245
-3.42465
-3.42465
-3.42465
-3.4245
-3.4245
-3.4245
-3.42419
-3.42419
-3.42435
-3.42419
-3.4245
-3.42434
-3.42434
-3.42419
-3.42404
-3.42389
-3.42374
-3.42344
-3.42344
-3.42344
-3.42344
-3.42389
-3.42374
-3.42389
-3.42389
-3.42374
-3.42404
-3.42404
-3.42404
-3.42404
-3.42389
-3.42389
-3.42389
-3.42419
-3.42434
-3.42404
-3.42389
-3.42404
-3.42404
-3.42404
-3.42389
-3.42404
-3.42389
-3.42389
-3.42374
-3.42359
-3.42343
-3.42343
-3.42343
-3.42343
-3.42328
-3.42313
-3.42298
-3.42328
-3.42313
-3.42283
-3.42313
-3.42313
-3.42359
-3.42374
-3.42374
-3.42344
-3.42344
-3.42328
-3.42328
-3.42344
-3.42328
-3.42298
-3.42283
-3.42253
-3.42208
-3.42193
-3.42178
-3.42193
-3.42223
-3.42208
-3.42208
-3.42193
-3.42163
-3.42148
-3.42148
-3.42132
-3.42133
-3.42148
-3.42163
-3.42193
-3.42193
-3.42223
-3.42208
-3.42193
-3.42178
-3.42193
-3.42208
-3.42223
-3.42238
-3.42238
-3.42269
-3.42269
-3.42238
-3.42223
-3.42269
-3.42208
-3.42223
-3.42239
-3.42223
-3.42208
-3.42208
-3.42163
-3.42163
-3.42163
-3.42118
-3.42102
-3.42133
-3.42148
-3.42148
-3.42133
-3.42133
-3.42133
-3.42133
-3.42133
-3.42117
-3.42087
-3.42087
-3.42072
-3.42087
-3.42087
-3.42102
-3.42148
-3.42132
-3.42148
-3.42208
-3.42178
-3.42208
-3.42223
-3.42223
-3.42178
-3.42178
-3.42148
-3.42132
-3.42148
-3.42163
-3.42117
-3.42132
-3.42148
-3.42132
-3.42132
-3.42132
-3.42132
-3.42148
-3.42117
-3.42132
-3.42117
-3.42117
-3.42117
-3.42087
-3.42102
-3.42117
-3.42117
-3.42102
-3.42117
-3.42132
-3.42147
-3.42132
-3.42147
-3.42147
-3.42147
-3.42132
-3.42132
-3.42147
-3.42132
-3.42132
-3.42147
-3.42117
-3.42147
-3.42147
-3.42162
-3.42178
-3.42193
-3.42147
-3.42147
-3.42147
-3.42132
-3.42147
-3.42132
-3.42132
-3.42132
-3.42147
-3.42147
-3.42117
-3.42072
-3.42072
-3.42026
-3.42026
-3.42072
-3.42072
-3.42102
-3.42102
-3.42117
-3.42117
-3.42147
-3.42132
-3.42117
-3.42117
-3.42117
-3.42102
-3.42102
-3.42087
-3.42087
-3.42056
-3.42056
-3.42072
-3.42071
-3.42087
-3.42087
-3.42087
-3.42056
-3.42056
-3.42056
-3.42041
-3.42041
-3.42041
-3.42041
-3.42041
-3.42056
-3.42056
-3.42026
-3.42026
-3.42072
-3.42041
-3.42011
-3.42026
-3.41981
-3.41966
-3.41951
-3.41936
-3.4189
-3.41905
-3.41921
-3.41921
-3.41936
-3.41951
-3.41951
-3.41966
-3.41966
-3.41966
-3.41966
-3.41966
-3.41936
-3.41921
-3.41906
-3.41891
-3.41845
-3.41815
-3.41785
-3.418
-3.41815
-3.418
-3.41815
-3.41815
-3.4177
-3.41755
-3.4177
-3.41755
-3.41755
-3.41755
-3.4177
-3.41785
-3.4177
-3.41785
-3.418
-3.41785
-3.41785
-3.41815
-3.41815
-3.4183
-3.41815
-3.41845
-3.41861
-3.41861
-3.41861
-3.41861
-3.41891
-3.41876
-3.41876
-3.41906
-3.41891
-3.41906
-3.41906
-3.41906
-3.41891
-3.41906
-3.41906
-3.41936
-3.41936
-3.41966
-3.41981
-3.41966
-3.41966
-3.41966
-3.41936
-3.41936
-3.4189
-3.4189
-3.4186
-3.41845
-3.4183
-3.41815
-3.41784
-3.41815
-3.41815
-3.41815
-3.41815
-3.418
-3.41815
-3.41799
-3.41815
-3.41799
-3.4183
-3.41845
-3.41845
-3.4183
-3.4183
-3.41799
-3.41815
-3.4183
-3.41784
-3.41784
-3.41769
-3.41754
-3.41739
-3.41709
-3.41724
-3.41769
-3.418
-3.41784
-3.41769
-3.41769
-3.41754
-3.41739
-3.41754
-3.41754
-3.41739
-3.41724
-3.41709
-3.41694
-3.41694
-3.41694
-3.41694
-3.41694
-3.41649
-3.41649
-3.41634
-3.41649
-3.41619
-3.41604
-3.41619
-3.41634
-3.41634
-3.41679
-3.41679
-3.41679
-3.4171
-3.41679
-3.41679
-3.41664
-3.41664
-3.41679
-3.4171
-3.41695
-3.41725
-3.41725
-3.41695
-3.41695
-3.4171
-3.41695
-3.41679
-3.41664
-3.41664
-3.41679
-3.41679
-3.41679
-3.41679
-3.41664
-3.41679
-3.41694
-3.41664
-3.41634
-3.41649
-3.41634
-3.41634
-3.41604
-3.41634
-3.41649
-3.41634
-3.41619
-3.41604
-3.41619
-3.41619
-3.41619
-3.41603
-3.41694
-3.41664
-3.41664
-3.41664
-3.41664
-3.41603
-3.41588
-3.41588
-3.41543
-3.41543
-3.41498
-3.41498
-3.41498
-3.41483
-3.41467
-3.41483
-3.41513
-3.41543
-3.41558
-3.41558
-3.41573
-3.41558
-3.41528
-3.41543
-3.41558
-3.41558
-3.41543
-3.41528
-3.41543
-3.41543
-3.41558
-3.41573
-3.41573
-3.41573
-3.41558
-3.41528
-3.41498
-3.41513
-3.41528
-3.41528
-3.41558
-3.41558
-3.41603
-3.41619
-3.41588
-3.41573
-3.41573
-3.41573
-3.41528
-3.41558
-3.41573
-3.41558
-3.41558
-3.41573
-3.41573
-3.41603
-3.41619
-3.41634
-3.41649
-3.41649
-3.41664
-3.41649
-3.41634
-3.41664
-3.41679
-3.41679
-3.41709
-3.41724
-3.41694
-3.41709
-3.41724
-3.41694
-3.41694
-3.41679
-3.41649
-3.41619
-3.41664
-3.41694
-3.41709
-3.41724
-3.41724
-3.41724
-3.41755
-3.41785
-3.4177
-3.4177
-3.4177
-3.418
-3.418
-3.41785
-3.41785
-3.41785
-3.418
-3.41815
-3.41815
-3.418
-3.418
-3.418
-3.418
-3.4177
-3.41754
-3.41754
-3.41754
-3.41724
-3.41709
-3.41724
-3.41739
-3.41754
-3.41724
-3.41709
-3.41709
-3.41724
-3.41724
-3.41739
-3.41694
-3.41694
-3.41679
-3.41664
-3.41664
-3.41679
-3.41664
-3.41694
-3.41709
-3.41709
-3.41709
-3.41724
-3.41724
-3.41724
-3.41739
-3.41709
-3.41694
-3.41679
-3.41679
-3.41694
-3.41679
-3.41679
-3.41679
-3.41649
-3.41679
-3.41679
-3.41664
-3.41649
-3.41633
-3.41633
-3.41633
-3.41618
-3.41633
-3.41618
-3.41633
-3.41633
-3.41588
-3.41618
-3.41618
-3.41649
-3.41664
-3.41664
-3.41664
-3.41664
-3.41664
-3.41679
-3.41709
-3.41724
-3.41709
-3.41709
-3.41724
-3.41754
-3.41724
-3.41709
-3.41709
-3.41739
-3.41694
-3.41694
-3.41709
-3.41694
-3.41679
-3.41664
-3.41664
-3.41664
-3.41664
-3.41649
-3.41664
-3.41664
-3.41649
-3.41649
-3.41603
-3.41603
-3.41603
-3.41603
-3.41588
-3.41558
-3.41543
-3.41573
-3.41558
-3.41558
-3.41573
-3.41588
-3.41588
-3.41618
-3.41649
-3.41649
-3.41634
-3.41603
-3.41618
-3.41634
-3.41619
-3.41634
-3.41588
-3.41588
-3.41558
-3.41543
-3.41543
-3.41528
-3.41528
-3.41543
-3.41528
-3.41543
-3.41573
-3.41558
-3.41558
-3.41588
-3.41604
-3.41604
-3.41619
-3.41619
-3.41649
-3.41649
-3.41619
-3.41604
-3.41634
-3.41664
-3.41679
-3.41679
-3.41694
-3.41694
-3.41634
-3.41619
-3.41589
-3.41634
-3.41664
-3.41694
-3.41694
-3.41664
-3.41664
-3.41679
-3.41679
-3.41694
-3.41664
-3.41679
-3.4171
-3.41725
-3.41725
-3.4174
-3.4177
-3.4177
-3.41785
-3.41785
-3.41785
-3.418
-3.41815
-3.4183
-3.41815
-3.4183
-3.4183
-3.41861
-3.41891
-3.41876
-3.41876
-3.41876
-3.41891
-3.41906
-3.41921
-3.41921
-3.41951
-3.41966
-3.41966
-3.41981
-3.41997
-3.42057
-3.42042
-3.42042
-3.42057
-3.42042
-3.42042
-3.42042
-3.42027
-3.42057
-3.42057
-3.42057
-3.42057
-3.42027
-3.42042
-3.41996
-3.41996
-3.41996
-3.41996
-3.42012
-3.41951
-3.41966
-3.41966
-3.41996
-3.42027
-3.42057
-3.42057
-3.42042
-3.42042
-3.42011
-3.41996
-3.41951
-3.41951
-3.41996
-3.41996
-3.41981
-3.41966
-3.41936
-3.41951
-3.41921
-3.41936
-3.41966
-3.41966
-3.41921
-3.4189
-3.4186
-3.41845
-3.41815
-3.41815
-3.4183
-3.41845
-3.4186
-3.4186
-3.4186
-3.41845
-3.4186
-3.4186
-3.4183
-3.41845
-3.41784
-3.41769
-3.41769
-3.41769
-3.41784
-3.41799
-3.41799
-3.41769
-3.41739
-3.41739
-3.41754
-3.41739
-3.41724
-3.41709
-3.41709
-3.41694
-3.41724
-3.41724
-3.41739
-3.41754
-3.41754
-3.41785
-3.41785
-3.41785
-3.418
-3.4183
-3.4183
-3.4183
-3.41845
-3.41845
-3.418
-3.418
-3.41815
-3.4183
-3.4186
-3.41876
-3.4186
-3.41906
-3.41906
-3.41876
-3.41891
-3.41906
-3.41891
-3.41891
-3.41891
-3.41846
-3.41861
-3.4183
-3.418
-3.41785
-3.4177
-3.4177
-3.41785
-3.418
-3.41785
-3.4177
-3.4177
-3.41785
-3.418
-3.41815
-3.418
-3.418
-3.418
-3.418
-3.41815
-3.41785
-3.4177
-3.41755
-3.4177
-3.41755
-3.4177
-3.4174
-3.41695
-3.41664
-3.41679
-3.41679
-3.41679
-3.41695
-3.41695
-3.4171
-3.4174
-3.4174
-3.41755
-3.41755
-3.4174
-3.41755
-3.41755
-3.41725
-3.41725
-3.41695
-3.41679
-3.4171
-3.41694
-3.41725
-3.4174
-3.41725
-3.41725
-3.41725
-3.41709
-3.41664
-3.41664
-3.41679
-3.41694
-3.41679
-3.41709
-3.41694
-3.41709
-3.41694
-3.41709
-3.41679
-3.41694
-3.41694
-3.41694
-3.41739
-3.41724
-3.41694
-3.41694
-3.41679
-3.41664
-3.41679
-3.41664
-3.41679
-3.41679
-3.41664
-3.41679
-3.41664
-3.41664
-3.41679
-3.41679
-3.41649
-3.41649
-3.41634
-3.41664
-3.41649
-3.41649
-3.41634
-3.41664
-3.41649
-3.41664
-3.41679
-3.41679
-3.41694
-3.41709
-3.41709
-3.41709
-3.41694
-3.41709
-3.41694
-3.41694
-3.41694
-3.41649
-3.41664
-3.41649
-3.41649
-3.41649
-3.4171
-3.41725
-3.4174
-3.4177
-3.4177
-3.41755
-3.41755
-3.41755
-3.41755
-3.4177
-3.4174
-3.41755
-3.4174
-3.4174
-3.41755
-3.41755
-3.4171
-3.41664
-3.41649
-3.41649
-3.41634
-3.4168
-3.41695
-3.41695
-3.41695
-3.4171
-3.41725
-3.41725
-3.4171
-3.4171
-3.4171
-3.41725
-3.41694
-3.41679
-3.41694
-3.41724
-3.41694
-3.41694
-3.41709
-3.41709
-3.41709
-3.41679
-3.41679
-3.41694
-3.41679
-3.41694
-3.41694
-3.41694
-3.41679
-3.41664
-3.41664
-3.41664
-3.41633
-3.41618
-3.41618
-3.41618
-3.41633
-3.41633
-3.41603
-3.41618
-3.41618
-3.41618
-3.41618
-3.41633
-3.41648
-3.41633
-3.41633
-3.41633
-3.41633
-3.41603
-3.41618
-3.41573
-3.41573
-3.41648
-3.41633
-3.41648
-3.41633
-3.41648
-3.41633
-3.41633
-3.41648
-3.41648
-3.41648
-3.41663
-3.41679
-3.41679
-3.41694
-3.41694
-3.41679
-3.41679
-3.41679
-3.41709
-3.41679
-3.41694
-3.41709
-3.41709
-3.41724
-3.41739
-3.41755
-3.4174
-3.4174
-3.4174
-3.41755
-3.4174
-3.4174
-3.41709
-3.41725
-3.4174
-3.4174
-3.4174
-3.41725
-3.4174
-3.41785
-3.41785
-3.41785
-3.41785
-3.418
-3.41785
-3.41785
-3.41785
-3.418
-3.41816
-3.41816
-3.41816
-3.41801
-3.41801
-3.41831
-3.41816
-3.41816
-3.41816
-3.41831
-3.41831
-3.41801
-3.4177
-3.41801
-3.41785
-3.41785
-3.41816
-3.41846
-3.41846
-3.41831
-3.41846
-3.41846
-3.41816
-3.41816
-3.41801
-3.41846
-3.41831
-3.41876
-3.41891
-3.41891
-3.41861
-3.41861
-3.41846
-3.41846
-3.41846
-3.41846
-3.41861
-3.41891
-3.41876
-3.41846
-3.41846
-3.41861
-3.41845
-3.41861
-3.41891
-3.41876
-3.41876
-3.41891
-3.41906
-3.41906
-3.41936
-3.41951
-3.41966
-3.41981
-3.41981
-3.41981
-3.41981
-3.41996
-3.42011
-3.41996
-3.42026
-3.42071
-3.42086
-3.42041
-3.42071
-3.42056
-3.42056
-3.42086
-3.42056
-3.42071
-3.42056
-3.42056
-3.42056
-3.42086
-3.42101
-3.42086
-3.42086
-3.42101
-3.42101
-3.42026
-3.42026
-3.42026
-3.41995
-3.42011
-3.42026
-3.42026
-3.41996
-3.41996
-3.42011
-3.4198
-3.41965
-3.41935
-3.4192
-3.41905
-3.4189
-3.4189
-3.41905
-3.4192
-3.41905
-3.4192
-3.4195
-3.41966
-3.41996
-3.42011
-3.41981
-3.41935
-3.4192
-3.41935
-3.41966
-3.41935
-3.41966
-3.41966
-3.41966
-3.41951
-3.41966
-3.41951
-3.41905
-3.41905
-3.41875
-3.41875
-3.4186
-3.4186
-3.41845
-3.41906
-3.41966
-3.41966
-3.41966
-3.41966
-3.41981
-3.41981
-3.41981
-3.41966
-3.41951
-3.41936
-3.41936
-3.41936
-3.41921
-3.41921
-3.41921
-3.41921
-3.41921
-3.41891
-3.41921
-3.41936
-3.41936
-3.41906
-3.41906
-3.41876
-3.41861
-3.41861
-3.4183
-3.4183
-3.41815
-3.418
-3.418
-3.41815
-3.4183
-3.41815
-3.418
-3.418
-3.41815
-3.41785
-3.41755
-3.4174
-3.41725
-3.41725
-3.4174
-3.41755
-3.41755
-3.41755
-3.4177
-3.41785
-3.418
-3.41815
-3.41815
-3.41815
-3.418
-3.41815
-3.41815
-3.41785
-3.4177
-3.4174
-3.41755
-3.41755
-3.4174
-3.41755
-3.4177
-3.41785
-3.41724
-3.41739
-3.41709
-3.41694
-3.41664
-3.41679
-3.41679
-3.41694
-3.41709
-3.41709
-3.41739
-3.41739
-3.41724
-3.41739
-3.41724
-3.41724
-3.41754
-3.41754
-3.41754
-3.41769
-3.41784
-3.41769
-3.41845
-3.4183
-3.41815
-3.41845
-3.4183
-3.41845
-3.41845
-3.4186
-3.4186
-3.4189
-3.41905
-3.41935
-3.41966
-3.41951
-3.41951
-3.41951
-3.41936
-3.41905
-3.41905
-3.4189
-3.41905
-3.41905
-3.41875
-3.4189
-3.4186
-3.4186
-3.4186
-3.4186
-3.4186
-3.4186
-3.41845
-3.41845
-3.4186
-3.41845
-3.4186
-3.4186
-3.41845
-3.41845
-3.4183
-3.41815
-3.41769
-3.4177
-3.41754
-3.41785
-3.4177
-3.4177
-3.4177
-3.41785
-3.41785
-3.41755
-3.41724
-3.41724
-3.41724
-3.41709
-3.41709
-3.41709
-3.41694
-3.41694
-3.41679
-3.41694
-3.41709
-3.41724
-3.41755
-3.41755
-3.41755
-3.4177
-3.41755
-3.41755
-3.4177
-3.418
-3.41785
-3.418
-3.41845
-3.41861
-3.41876
-3.41906
-3.41906
-3.41906
-3.41906
-3.41891
-3.41876
-3.41846
-3.4183
-3.41891
-3.41861
-3.41861
-3.41891
-3.41891
-3.41876
-3.41891
-3.41876
-3.41861
-3.41891
-3.41876
-3.41861
-3.41861
-3.41846
-3.418
-3.41815
-3.41815
-3.418
-3.4177
-3.41785
-3.418
-3.418
-3.41815
-3.41815
-3.4183
-3.418
-3.41815
-3.4183
-3.41815
-3.41815
-3.41785
-3.41785
-3.418
-3.418
-3.418
-3.4183
-3.41845
-3.4183
-3.4183
-3.41815
-3.41815
-3.4183
-3.4183
-3.41845
-3.41845
-3.4186
-3.41875
-3.41875
-3.41845
-3.41815
-3.41815
-3.418
-3.4183
-3.41815
-3.41845
-3.4186
-3.4186
-3.41845
-3.4186
-3.4186
-3.4186
-3.41845
-3.41845
-3.4183
-3.41815
-3.4183
-3.41845
-3.41845
-3.4183
-3.41815
-3.4183
-3.4183
-3.4183
-3.41845
-3.41876
-3.41891
-3.41906
-3.41876
-3.41891
-3.41876
-3.4186
-3.41845
-3.41815
-3.41755
-3.41785
-3.418
-3.418
-3.4183
-3.418
-3.41815
-3.418
-3.4177
-3.4177
-3.418
-3.418
-3.418
-3.418
-3.418
-3.418
-3.41815
-3.4183
-3.4186
-3.4186
-3.41875
-3.41891
-3.41906
-3.41906
-3.41906
-3.41921
-3.41921
-3.41951
-3.41951
-3.41951
-3.41951
-3.41966
-3.41951
-3.41951
-3.41966
-3.41966
-3.41951
-3.41966
-3.41966
-3.41966
-3.42011
-3.41981
-3.42027
-3.42011
-3.42011
-3.42027
-3.42011
-3.42011
-3.42011
-3.41981
-3.41996
-3.41966
-3.42011
-3.42011
-3.41996
-3.41996
-3.41936
-3.41906
-3.4186
-3.4183
-3.41815
-3.418
-3.4183
-3.41815
-3.418
-3.418
-3.418
-3.41815
-3.4183
-3.4183
-3.41815
-3.41815
-3.41815
-3.41815
-3.418
-3.41784
-3.418
-3.41784
-3.41769
-3.41754
-3.41769
-3.41784
-3.418
-3.41815
-3.41815
-3.4183
-3.4183
-3.41845
-3.41845
-3.4183
-3.4183
-3.4186
-3.4186
-3.4189
-3.41905
-3.41935
-3.41935
-3.41935
-3.41905
-3.41905
-3.41905
-3.41905
-3.41905
-3.4195
-3.41965
-3.41996
-3.41996
-3.42011
-3.42011
-3.42041
-3.42071
-3.42132
-3.42132
-3.42162
-3.42147
-3.42117
-3.42117
-3.42117
-3.42117
-3.42087
-3.42087
-3.42071
-3.42117
-3.42117
-3.42102
-3.42117
-3.42117
-3.42102
-3.42041
-3.42041
-3.42026
-3.41996
-3.41996
-3.41981
-3.41966
-3.41966
-3.41936
-3.41906
-3.4189
-3.4189
-3.4189
-3.41905
-3.41906
-3.41921
-3.41936
-3.41981
-3.41996
-3.42026
-3.42011
-3.42011
-3.42011
-3.41996
-3.42011
-3.42026
-3.42011
-3.42011
-3.42026
-3.41981
-3.41981
-3.41996
-3.42042
-3.42057
-3.42072
-3.42102
-3.42087
-3.42087
-3.42057
-3.42057
-3.42072
-3.42057
-3.42072
-3.42087
-3.42102
-3.42087
-3.42072
-3.42041
-3.42041
-3.42026
-3.42041
-3.42011
-3.42026
-3.42056
-3.42041
-3.42056
-3.42026
-3.42026
-3.42041
-3.42026
-3.42011
-3.41981
-3.41981
-3.41966
-3.41981
-3.41981
-3.41996
-3.41966
-3.4192
-3.4192
-3.4195
-3.41966
-3.41981
-3.41981
-3.41981
-3.41966
-3.41981
-3.41996
-3.41966
-3.41951
-3.41951
-3.41966
-3.41951
-3.41966
-3.41996
-3.42011
-3.42011
-3.42026
-3.42011
-3.41981
-3.42011
-3.42041
-3.42042
-3.42057
-3.42026
-3.42011
-3.41981
-3.41966
-3.41981
-3.41951
-3.41966
-3.41951
-3.41951
-3.41936
-3.41936
-3.41936
-3.41921
-3.41906
-3.41861
-3.41861
-3.41906
-3.41861
-3.41845
-3.41861
-3.41845
-3.41845
-3.41861
-3.41861
-3.41861
-3.41861
-3.41845
-3.41815
-3.41785
-3.41785
-3.4177
-3.4174
-3.4177
-3.4174
-3.4177
-3.41725
-3.41679
-3.41679
-3.41679
-3.41679
-3.41694
-3.41709
-3.41709
-3.41679
-3.41694
-3.41664
-3.41649
-3.41649
-3.41619
-3.41588
-3.41573
-3.41543
-3.41543
-3.41543
-3.41558
-3.41558
-3.41543
-3.41543
-3.41573
-3.41573
-3.41573
-3.41573
-3.41588
-3.41618
-3.41664
-3.41664
-3.41649
-3.41664
-3.41709
-3.41709
-3.41679
-3.41694
-3.41694
-3.41724
-3.41739
-3.41739
-3.41739
-3.41754
-3.41754
-3.41739
-3.41739
-3.41739
-3.41694
-3.41709
-3.41679
-3.41694
-3.41739
-3.41739
-3.41724
-3.41739
-3.41724
-3.41709
-3.41694
-3.41739
-3.41724
-3.41724
-3.41709
-3.41724
-3.41784
-3.41815
-3.41815
-3.4183
-3.41815
-3.41815
-3.41784
-3.418
-3.418
-3.41754
-3.41785
-3.41769
-3.41739
-3.41769
-3.41754
-3.418
-3.418
-3.41815
-3.41815
-3.41815
-3.41815
-3.41785
-3.418
-3.418
-3.418
-3.41815
-3.418
-3.4177
-3.4177
-3.41785
-3.41785
-3.41769
-3.41785
-3.418
-3.41815
-3.41815
-3.41875
-3.4186
-3.4186
-3.4186
-3.41845
-3.418
-3.418
-3.41815
-3.418
-3.418
-3.418
-3.41785
-3.41815
-3.41845
-3.4186
-3.41845
-3.4186
-3.4183
-3.41815
-3.41845
-3.418
-3.418
-3.4183
-3.4183
-3.4183
-3.41845
-3.41845
-3.41875
-3.4189
-3.41875
-3.41875
-3.41875
-3.41875
-3.41875
-3.41875
-3.4186
-3.4186
-3.4186
-3.4189
-3.4189
-3.41906
-3.41936
-3.41921
-3.4186
-3.41875
-3.4186
-3.41845
-3.4186
-3.41875
-3.41845
-3.4183
-3.41845
-3.4183
-3.41891
-3.41876
-3.41876
-3.41891
-3.41891
-3.41876
-3.41891
-3.41906
-3.41891
-3.41891
-3.41906
-3.41906
-3.41906
-3.41921
-3.41906
-3.41876
-3.41831
-3.41831
-3.41831
-3.41831
-3.41846
-3.41831
-3.418
-3.41801
-3.41785
-3.41785
-3.41801
-3.41801
-3.41801
-3.41846
-3.41846
-3.41831
-3.41846
-3.41831
-3.41815
-3.41815
-3.418
-3.41785
-3.41785
-3.418
-3.41785
-3.41815
-3.41815
-3.4186
-3.41891
-3.41891
-3.41906
-3.41906
-3.41936
-3.41921
-3.41951
-3.41981
-3.41996
-3.42011
-3.42011
-3.42041
-3.42011
-3.41996
-3.41966
-3.41981
-3.41981
-3.41966
-3.41981
-3.41996
-3.41951
-3.41996
-3.41981
-3.41996
-3.41996
-3.41996
-3.41996
-3.42011
-3.41981
-3.41996
-3.42011
-3.41996
-3.41996
-3.41981
-3.41981
-3.41996
-3.42011
-3.41996
-3.41981
-3.41951
-3.41966
-3.41966
-3.41951
-3.41921
-3.41876
-3.4186
-3.4186
-3.4186
-3.4186
-3.4186
-3.4186
-3.41876
-3.4186
-3.41891
-3.41876
-3.41845
-3.41815
-3.41876
-3.41876
-3.4186
-3.4186
-3.4183
-3.41815
-3.41815
-3.4183
-3.4183
-3.41845
-3.41875
-3.41845
-3.41815
-3.41785
-3.41785
-3.41785
-3.41785
-3.41785
-3.4177
-3.4177
-3.4177
-3.4177
-3.4177
-3.418
-3.418
-3.41785
-3.41785
-3.4183
-3.4183
-3.4183
-3.4183
-3.4183
-3.41815
-3.4183
-3.4183
-3.4183
-3.41815
-3.41815
-3.4183
-3.4183
-3.41769
-3.41785
-3.41845
-3.4183
-3.418
-3.418
-3.41815
-3.4186
-3.4186
-3.4186
-3.41845
-3.4186
-3.41845
-3.4183
-3.41815
-3.4183
-3.41845
-3.4186
-3.4183
-3.4183
-3.41815
-3.41815
-3.4186
-3.4186
-3.4183
-3.41845
-3.4183
-3.4186
-3.41891
-3.41906
-3.41891
-3.41906
-3.41906
-3.41906
-3.41891
-3.41876
-3.41891
-3.41876
-3.41876
-3.41876
-3.41876
-3.41891
-3.41891
-3.41861
-3.41876
-3.4183
-3.4183
-3.41815
-3.4183
-3.41815
-3.418
-3.41785
-3.418
-3.418
-3.418
-3.41785
-3.41785
-3.41755
-3.4177
-3.41755
-3.41755
-3.41725
-3.41709
-3.41709
-3.41709
-3.41709
-3.41725
-3.41755
-3.41725
-3.4174
-3.41725
-3.4174
-3.41755
-3.41755
-3.4174
-3.41755
-3.41755
-3.4177
-3.41785
-3.4177
-3.418
-3.418
-3.418
-3.41785
-3.41785
-3.4183
-3.4183
-3.418
-3.418
-3.41815
-3.41815
-3.41815
-3.4183
-3.41845
-3.41845
-3.41875
-3.41951
-3.41951
-3.41996
-3.41996
-3.41981
-3.41981
-3.41996
-3.41996
-3.42011
-3.41966
-3.41966
-3.41951
-3.41966
-3.41966
-3.41951
-3.41951
-3.41951
-3.41936
-3.41936
-3.41936
-3.41921
-3.41951
-3.41951
-3.41921
-3.41905
-3.41951
-3.41966
-3.41966
-3.41966
-3.41981
-3.41966
-3.41936
-3.41936
-3.41906
-3.41921
-3.4189
-3.41921
-3.41906
-3.41921
-3.41921
-3.41906
-3.41936
-3.41936
-3.41921
-3.41936
-3.41906
-3.41921
-3.41891
-3.41875
-3.41876
-3.41845
-3.41891
-3.41891
-3.41891
-3.41906
-3.41906
-3.41951
-3.41936
-3.41921
-3.41936
-3.41951
-3.41951
-3.41936
-3.41921
-3.41921
-3.41921
-3.41951
-3.41951
-3.41921
-3.41936
-3.41921
-3.41921
-3.41951
-3.41936
-3.41936
-3.41936
-3.41921
-3.41936
-3.41906
-3.41891
-3.4186
-3.4186
-3.4186
-3.41845
-3.418
-3.418
-3.418
-3.418
-3.41815
-3.41785
-3.4177
-3.4177
-3.4177
-3.418
-3.4183
-3.4183
-3.418
-3.41785
-3.4177
-3.41739
-3.41694
-3.41694
-3.41709
-3.41739
-3.41739
-3.41724
-3.41724
-3.41724
-3.41739
-3.41709
-3.41709
-3.41709
-3.41739
-3.4177
-3.4177
-3.41754
-3.41754
-3.41785
-3.4177
-3.4177
-3.41724
-3.41709
-3.41709
-3.41709
-3.41724
-3.41724
-3.41724
-3.41739
-3.41755
-3.41755
-3.41724
-3.41709
-3.41724
-3.41709
-3.41694
-3.41694
-3.41694
-3.41694
-3.41709
-3.41694
-3.41709
-3.4174
-3.41755
-3.4174
-3.41725
-3.4174
-3.4174
-3.41725
-3.41725
-3.4171
-3.4171
-3.41695
-3.41695
-3.4171
-3.41695
-3.4174
-3.4171
-3.4171
-3.4174
-3.4174
-3.4171
-3.4171
-3.4171
-3.4168
-3.4168
-3.4168
-3.41649
-3.41649
-3.41649
-3.41665
-3.41649
-3.41649
-3.41634
-3.41619
-3.41604
-3.41634
-3.41634
-3.41649
-3.41619
-3.41604
-3.41619
-3.41634
-3.41649
-3.41649
-3.41634
-3.41665
-3.41695
-3.4171
-3.4171
-3.4171
-3.41725
-3.41725
-3.41679
-3.41664
-3.41679
-3.4171
-3.41725
-3.41679
-3.41649
-3.41679
-3.41649
-3.41664
-3.41649
-3.41649
-3.41694
-3.41694
-3.41709
-3.41725
-3.41679
-3.41679
-3.41694
-3.4174
-3.4174
-3.41755
-3.4174
-3.41755
-3.41755
-3.41724
-3.41755
-3.41724
-3.41755
-3.41739
-3.41739
-3.41755
-3.41724
-3.41724
-3.41724
-3.41709
-3.41709
-3.41679
-3.41679
-3.41694
-3.41709
-3.41754
-3.41754
-3.4177
-3.4177
-3.418
-3.41815
-3.41815
-3.41785
-3.41785
-3.41785
-3.41754
-3.41754
-3.41754
-3.41709
-3.41664
-3.41664
-3.41679
-3.41694
-3.41679
-3.41694
-3.41694
-3.41709
-3.41709
-3.41709
-3.41709
-3.41724
-3.41694
-3.41694
-3.41679
-3.41694
-3.41679
-3.41709
-3.41709
-3.41694
-3.41694
-3.41694
-3.4171
-3.41725
-3.41725
-3.4174
-3.4171
-3.4171
-3.4171
-3.4171
-3.4174
-3.4171
-3.4171
-3.41725
-3.41725
-3.4174
-3.41725
-3.41695
-3.41679
-3.41679
-3.4171
-3.4171
-3.4168
-3.4168
-3.41695
-3.41725
-3.41755
-3.4177
-3.4177
-3.4177
-3.4177
-3.418
-3.4177
-3.4177
-3.41816
-3.41816
-3.41816
-3.41846
-3.41876
-3.41861
-3.41876
-3.41861
-3.41861
-3.41861
-3.41861
-3.41861
-3.41861
-3.41891
-3.41876
-3.41876
-3.41891
-3.41921
-3.41936
-3.41921
-3.41952
-3.41952
-3.41936
-3.41952
-3.41952
-3.41936
-3.41952
-3.41952
-3.41952
-3.41982
-3.41982
-3.41967
-3.41982
-3.41997
-3.41967
-3.41967
-3.41952
-3.41921
-3.41967
-3.41951
-3.41967
-3.41982
-3.41982
-3.41982
-3.42012
-3.41997
-3.42012
-3.42012
-3.42012
-3.42057
-3.42087
-3.42103
-3.42118
-3.42118
-3.42133
-3.42133
-3.42118
-3.42163
-3.42148
-3.42133
-3.42118
-3.42133
-3.42163
-3.42163
-3.42148
-3.42178
-3.42178
-3.42163
-3.42163
-3.42163
-3.42133
-3.42148
-3.42148
-3.42163
-3.42193
-3.42193
-3.42163
-3.42208
-3.42208
-3.42178
-3.42193
-3.42208
-3.42208
-3.42208
-3.42163
-3.42163
-3.42148
-3.42133
-3.42133
-3.42148
-3.42163
-3.42163
-3.42133
-3.42118
-3.42133
-3.42148
-3.42118
-3.42072
-3.42087
-3.42087
-3.42103
-3.42103
-3.42118
-3.42087
-3.42103
-3.42088
-3.42072
-3.42072
-3.42042
-3.41982
-3.41982
-3.41951
-3.41936
-3.41921
-3.41891
-3.41876
-3.41861
-3.41831
-3.41861
-3.41861
-3.41861
-3.41861
-3.41861
-3.41876
-3.41876
-3.41876
-3.41876
-3.41861
-3.41846
-3.41861
-3.41846
-3.41831
-3.41801
-3.41786
-3.4177
-3.4174
-3.41725
-3.41725
-3.41725
-3.41725
-3.4171
-3.41695
-3.4168
-3.4165
-3.41665
-3.4168
-3.41695
-3.4168
-3.4165
-3.4165
-3.41619
-3.41604
-3.41574
-3.41544
-3.41529
-3.41514
-3.41514
-3.41514
-3.41498
-3.41498
-3.41453
-3.41468
-3.41438
-3.41423
-3.41423
-3.41438
-3.41408
-3.41393
-3.41393
-3.41377
-3.41423
-3.41453
-3.41423
-3.41438
-3.41453
-3.41438
-3.41438
-3.41438
-3.41453
-3.41438
-3.41423
-3.41453
-3.41468
-3.41438
-3.41453
-3.41453
-3.41438
-3.41453
-3.41453
-3.41453
-3.41453
-3.41453
-3.41438
-3.41453
-3.41453
-3.41468
-3.41453
-3.41438
-3.41468
-3.41453
-3.41422
-3.41438
-3.41453
-3.41453
-3.41453
-3.41453
-3.41468
-3.41437
-3.41437
-3.41437
-3.41437
-3.41437
-3.41452
-3.41452
-3.41483
-3.41498
-3.41437
-3.41437
-3.41437
-3.41407
-3.41422
-3.41422
-3.41407
-3.41407
-3.41407
-3.41422
-3.41452
-3.41452
-3.41452
-3.41407
-3.41392
-3.41377
-3.41377
-3.41362
-3.41347
-3.41347
-3.41331
-3.41331
-3.41347
-3.41347
-3.41347
-3.41332
-3.41362
-3.41347
-3.41347
-3.41362
-3.41347
-3.41347
-3.41362
-3.41347
-3.41332
-3.41362
-3.41362
-3.41377
-3.41392
-3.41392
-3.41407
-3.41407
-3.41407
-3.41392
-3.41422
-3.41438
-3.41438
-3.41453
-3.41453
-3.41468
-3.41468
-3.41498
-3.41483
-3.41513
-3.41589
-3.41589
-3.41604
-3.41604
-3.41589
-3.41589
-3.41589
-3.41589
-3.41604
-3.41619
-3.41619
-3.41619
-3.41619
-3.41619
-3.41649
-3.41649
-3.41649
-3.41665
-3.41665
-3.41649
-3.41649
-3.41634
-3.41619
-3.41649
-3.41664
-3.4168
-3.4168
-3.41695
-3.4174
-3.4174
-3.4174
-3.41725
-3.41725
-3.4171
-3.41725
-3.41725
-3.41725
-3.4171
-3.4168
-3.4168
-3.41664
-3.41664
-3.41695
-3.41695
-3.4171
-3.41725
-3.41725
-3.41725
-3.41695
-3.4171
-3.4171
-3.4171
-3.41695
-3.41695
-3.41649
-3.41634
-3.41634
-3.41649
-3.41664
-3.41664
-3.41679
-3.41695
-3.4171
-3.41725
-3.4171
-3.41679
-3.4168
-3.4171
-3.41725
-3.4171
-3.4174
-3.4174
-3.4174
-3.41725
-3.41725
-3.41725
-3.4171
-3.4171
-3.41695
-3.41695
-3.4168
-3.41695
-3.4171
-3.41695
-3.41695
-3.4171
-3.4171
-3.4174
-3.41755
-3.4174
-3.41725
-3.41695
-3.4171
-3.41664
-3.4168
-3.41695
-3.4168
-3.4168
-3.41695
-3.4171
-3.41725
-3.4174
-3.4171
-3.4171
-3.4171
-3.41725
-3.4171
-3.4171
-3.4168
-3.41695
-3.41695
-3.4174
-3.41755
-3.4174
-3.4174
-3.4174
-3.41755
-3.4177
-3.41771
-3.41786
-3.41786
-3.41816
-3.41801
-3.41831
-3.41846
-3.41861
-3.41876
-3.41861
-3.41876
-3.41892
-3.41907
-3.41937
-3.41922
-3.41892
-3.41892
-3.41877
-3.41861
-3.41877
-3.41892
-3.41892
-3.41922
-3.41922
-3.41907
-3.41922
-3.41922
-3.41922
-3.41907
-3.41937
-3.41937
-3.41937
-3.41952
-3.41967
-3.41997
-3.41952
-3.41922
-3.41982
-3.41982
-3.41997
-3.42012
-3.42027
-3.42012
-3.41997
-3.42012
-3.42012
-3.42027
-3.42027
-3.42042
-3.42027
-3.42012
-3.42027
-3.42012
-3.42042
-3.42057
-3.42072
-3.42072
-3.42102
-3.42117
-3.42102
-3.42102
-3.42102
-3.42087
-3.42102
-3.42087
-3.42087
-3.42072
-3.42071
-3.42056
-3.42056
-3.42041
-3.42026
-3.42056
-3.42056
-3.42071
-3.42086
-3.42117
-3.42102
-3.42117
-3.42117
-3.42147
-3.42132
-3.42117
-3.42132
-3.42177
-3.42192
-3.42162
-3.42177
-3.42177
-3.42177
-3.42177
-3.42207
-3.42237
-3.42222
-3.42192
-3.42162
-3.42162
-3.42207
-3.42207
-3.42207
-3.42192
-3.42207
-3.42207
-3.42177
-3.42147
-3.42177
-3.42177
-3.42162
-3.42162
-3.42162
-3.42147
-3.42162
-3.42147
-3.42163
-3.42163
-3.42163
-3.42132
-3.42133
-3.42133
-3.42148
-3.42148
-3.42148
-3.42163
-3.42148
-3.42133
-3.42118
-3.42133
-3.42193
-3.42178
-3.42148
-3.42163
-3.42133
-3.42118
-3.42088
-3.42088
-3.42073
-3.42057
-3.42103
-3.42088
-3.42133
-3.42148
-3.42163
-3.42163
-3.42163
-3.42148
-3.42118
-3.42057
-3.42057
-3.42042
-3.42057
-3.42057
-3.42042
-3.42042
-3.42058
-3.42058
-3.42058
-3.42058
-3.42027
-3.42027
-3.42027
-3.42027
-3.42012
-3.42042
-3.42027
-3.42027
-3.41982
-3.41997
-3.41997
-3.41997
-3.41997
-3.41982
-3.41997
-3.42027
-3.42012
-3.41997
-3.41967
-3.41982
-3.42012
-3.42027
-3.42027
-3.42027
-3.42058
-3.42088
-3.42073
-3.42088
-3.42103
-3.42103
-3.42103
-3.42103
-3.42088
-3.42118
-3.42118
-3.42118
-3.42118
-3.42118
-3.42118
-3.42103
-3.42133
-3.42103
-3.42088
-3.42073
-3.42088
-3.42133
-3.42118
-3.42088
-3.42103
-3.42088
-3.42103
-3.42103
-3.42073
-3.42103
-3.42088
-3.42073
-3.42042
-3.42012
-3.42012
-3.42012
-3.42012
-3.42042
-3.42042
-3.42057
-3.42072
-3.42057
-3.42072
-3.42072
-3.42057
-3.42042
-3.42027
-3.42042
-3.42012
-3.42042
-3.42042
-3.42057
-3.42042
-3.42026
-3.41996
-3.41981
-3.41981
-3.41981
-3.41966
-3.41981
-3.41981
-3.41981
-3.41966
-3.41966
-3.4195
-3.4195
-3.4195
-3.4195
-3.41935
-3.4192
-3.41935
-3.41935
-3.41935
-3.41935
-3.4195
-3.4198
-3.4195
-3.41965
-3.41965
-3.41965
-3.4198
-3.42026
-3.42011
-3.42026
-3.42056
-3.42041
-3.42071
-3.42056
-3.42041
-3.42026
-3.42026
-3.42041
-3.42056
-3.42056
-3.42056
-3.42011
-3.41981
-3.41966
-3.41966
-3.41966
-3.41981
-3.41996
-3.42011
-3.42011
-3.42026
-3.42042
-3.42057
-3.42027
-3.42087
-3.42072
-3.42012
-3.41996
-3.41951
-3.41921
-3.41906
-3.41921
-3.41891
-3.41891
-3.41861
-3.41876
-3.41876
-3.41861
-3.41876
-3.41876
-3.41921
-3.41921
-3.41921
-3.41906
-3.41906
-3.41876
-3.41876
-3.41861
-3.41861
-3.41861
-3.41876
-3.41906
-3.41937
-3.41952
-3.41937
-3.41952
-3.41937
-3.41922
-3.41952
-3.41937
-3.41937
-3.41922
-3.41922
-3.41907
-3.41876
-3.41922
-3.41922
-3.41906
-3.41906
-3.41906
-3.41922
-3.41937
-3.41937
-3.41937
-3.41906
-3.41876
-3.41846
-3.41831
-3.41831
-3.41831
-3.41846
-3.41831
-3.41831
-3.41831
-3.41831
-3.41831
-3.41846
-3.41831
-3.41846
-3.41831
-3.41816
-3.41801
-3.41816
-3.41801
-3.41801
-3.41831
-3.41831
-3.41846
-3.41891
-3.41876
-3.41876
-3.41876
-3.41876
-3.41861
-3.41891
-3.41906
-3.41906
-3.41891
-3.41876
-3.41891
-3.41891
-3.41891
-3.41906
-3.41906
-3.41921
-3.41906
-3.41906
-3.41921
-3.41936
-3.41921
-3.41921
-3.41951
-3.41921
-3.41921
-3.41921
-3.41921
-3.41906
-3.41921
-3.41875
-3.41875
-3.41875
-3.4189
-3.41905
-3.4189
-3.41905
-3.4189
-3.4186
-3.4186
-3.4186
-3.4186
-3.41875
-3.41875
-3.41875
-3.4186
-3.4186
-3.4186
-3.4192
-3.4192
-3.41935
-3.4189
-3.4189
-3.4189
-3.4192
-3.4192
-3.4192
-3.41935
-3.4192
-3.41905
-3.4189
-3.41935
-3.41905
-3.4189
-3.41844
-3.41844
-3.41844
-3.41829
-3.41845
-3.4186
-3.4186
-3.41875
-3.41875
-3.41875
-3.41875
-3.41875
-3.4189
-3.4189
-3.41875
-3.41875
-3.41845
-3.4186
-3.41845
-3.4183
-3.41845
-3.4183
-3.41845
-3.4183
-3.4183
-3.4183
-3.41815
-3.41815
-3.41845
-3.41891
-3.4186
-3.41876
-3.41906
-3.41906
-3.41936
-3.41951
-3.41981
-3.42012
-3.42027
-3.42012
-3.42027
-3.42012
-3.42012
-3.42027
-3.42027
-3.42012
-3.41997
-3.42012
-3.42057
-3.42057
-3.42027
-3.42042
-3.42072
-3.42072
-3.42088
-3.42072
-3.42072
-3.42088
-3.42088
-3.42072
-3.42072
-3.42087
-3.42072
-3.42072
-3.42072
-3.42072
-3.42103
-3.42087
-3.42087
-3.42057
-3.42057
-3.42072
-3.42072
-3.42027
-3.42042
-3.42042
-3.42057
-3.42072
-3.42087
-3.42072
-3.42072
-3.42102
-3.42087
-3.42072
-3.42027
-3.42042
-3.42042
-3.42057
-3.42087
-3.42072
-3.42057
-3.42011
-3.42011
-3.41981
-3.41996
-3.41996
-3.42011
-3.42011
-3.41966
-3.41951
-3.41935
-3.4195
-3.41905
-3.41905
-3.41935
-3.4195
-3.41966
-3.41966
-3.4195
-3.4195
-3.41966
-3.41981
-3.41981
-3.41966
-3.41981
-3.42011
-3.42011
-3.42026
-3.42041
-3.42041
-3.42056
-3.42056
-3.42072
-3.42072
-3.42072
-3.42087
-3.42072
-3.42072
-3.42087
-3.42117
-3.42117
-3.42117
-3.42132
-3.42117
-3.42117
-3.42117
-3.42117
-3.42132
-3.42117
-3.42102
-3.42102
-3.42072
-3.42087
-3.42072
-3.42057
-3.41997
-3.41981
-3.41981
-3.41951
-3.41966
-3.41966
-3.41966
-3.41966
-3.41966
-3.41951
-3.41936
-3.41951
-3.41936
-3.41936
-3.41951
-3.41982
-3.41982
-3.41966
-3.41982
-3.42012
-3.41997
-3.42042
-3.42042
-3.42057
-3.42057
-3.42057
-3.42027
-3.41997
-3.41997
-3.42012
-3.42012
-3.41966
-3.41981
-3.41981
-3.42027
-3.42042
-3.42012
-3.41981
-3.41997
-3.41966
-3.41966
-3.41996
-3.42057
-3.42042
-3.42042
-3.42042
-3.42057
-3.42072
-3.42102
-3.42087
-3.42042
-3.42057
-3.42072
-3.42042
-3.42027
-3.42027
-3.42042
-3.42027
-3.42026
-3.42057
-3.42057
-3.42042
-3.42042
-3.41996
-3.41981
-3.41996
-3.41996
-3.41996
-3.41996
-3.41966
-3.41936
-3.41936
-3.41936
-3.41921
-3.41921
-3.41921
-3.41921
-3.41921
-3.41921
-3.41921
-3.4189
-3.41875
-3.4186
-3.4186
-3.41875
-3.41905
-3.4189
-3.4189
-3.4189
-3.41875
-3.4186
-3.41875
-3.4189
-3.4189
-3.4189
-3.4192
-3.4189
-3.4189
-3.4189
-3.41921
-3.41936
-3.41936
-3.4192
-3.41905
-3.41905
-3.4192
-3.41951
-3.41966
-3.41996
-3.42057
-3.42057
-3.42057
-3.42057
-3.42041
-3.42011
-3.42026
-3.42026
-3.42026
-3.42042
-3.42026
-3.42011
-3.42011
-3.41996
-3.41996
-3.41996
-3.41981
-3.41981
-3.41996
-3.41996
-3.41966
-3.41966
-3.41966
-3.41951
-3.41951
-3.41981
-3.41996
-3.41996
-3.41966
-3.41966
-3.41951
-3.41921
-3.41906
-3.41906
-3.41906
-3.41891
-3.41891
-3.41906
-3.41906
-3.41906
-3.41906
-3.41921
-3.41906
-3.41876
-3.41861
-3.41891
-3.41891
-3.41891
-3.41906
-3.41876
-3.41906
-3.41891
-3.41891
-3.41891
-3.41891
-3.41906
-3.41921
-3.41921
-3.41936
-3.41906
-3.41921
-3.41936
-3.41981
-3.41981
-3.41966
-3.41936
-3.41966
-3.41981
-3.41981
-3.41966
-3.41981
-3.41966
-3.41981
-3.42011
-3.41981
-3.41951
-3.41936
-3.41936
-3.41905
-3.41905
-3.41936
-3.41936
-3.41966
-3.41981
-3.41966
-3.41966
-3.41981
-3.41981
-3.41951
-3.41981
-3.41935
-3.41966
-3.41981
-3.42011
-3.42011
-3.41996
-3.41996
-3.41981
-3.41981
-3.4195
-3.4195
-3.4195
-3.41965
-3.41935
-3.41935
-3.41965
-3.41981
-3.41965
-3.41935
-3.4192
-3.4189
-3.4192
-3.41905
-3.4192
-3.4189
-3.4192
-3.4192
-3.41935
-3.4195
-3.41965
-3.41965
-3.41935
-3.4192
-3.4195
-3.4195
-3.4195
-3.4192
-3.4192
-3.4192
-3.41905
-3.4189
-3.4189
-3.41875
-3.4186
-3.41875
-3.41875
-3.41845
-3.4186
-3.41875
-3.4192
-3.41935
-3.4189
-3.41905
-3.41905
-3.4192
-3.41935
-3.4192
-3.4192
-3.41935
-3.41966
-3.41951
-3.41951
-3.41981
-3.41996
-3.41966
-3.41981
-3.41981
-3.41996
-3.41996
-3.41981
-3.41966
-3.41936
-3.41921
-3.41936
-3.41936
-3.41906
-3.4189
-3.41921
-3.4189
-3.4189
-3.41845
-3.4186
-3.4186
-3.4189
-3.41906
-3.41936
-3.41951
-3.41951
-3.41951
-3.41951
-3.41936
-3.41966
-3.41966
-3.41951
-3.41951
-3.41936
-3.41951
-3.41936
-3.41936
-3.41936
-3.41921
-3.41921
-3.4192
-3.41905
-3.41951
-3.41936
-3.41951
-3.41966
-3.41981
-3.42011
-3.42041
-3.42026
-3.42026
-3.42041
-3.42041
-3.42087
-3.42056
-3.42026
-3.42026
-3.42041
-3.42071
-3.42041
-3.42041
-3.42041
-3.42026
-3.42056
-3.42056
-3.42041
-3.42026
-3.42041
-3.42026
-3.42041
-3.42041
-3.42056
-3.42041
-3.41981
-3.42011
-3.41996
-3.41996
-3.42011
-3.42026
-3.42041
-3.42041
-3.42056
-3.42056
-3.42071
-3.42071
-3.42087
-3.42056
-3.42071
-3.42041
-3.42041
-3.42071
-3.42087
-3.42102
-3.42071
-3.42041
-3.42026
-3.42041
-3.42041
-3.42056
-3.42056
-3.42102
-3.42056
-3.42041
-3.42026
-3.42026
-3.42011
-3.42011
-3.42011
-3.41996
-3.41966
-3.41966
-3.41966
-3.41951
-3.41936
-3.41951
-3.41935
-3.4192
-3.41905
-3.4192
-3.4192
-3.41875
-3.4189
-3.41905
-3.41935
-3.4192
-3.4192
-3.41935
-3.4192
-3.41936
-3.41936
-3.4192
-3.41951
-3.41951
-3.41966
-3.41981
-3.41981
-3.42011
-3.41966
-3.41951
-3.41951
-3.41966
-3.41996
-3.41996
-3.42011
-3.42026
-3.42041
-3.42071
-3.42056
-3.42056
-3.42087
-3.42102
-3.42147
-3.42162
-3.42177
-3.42207
-3.42207
-3.42177
-3.42192
-3.42238
-3.42253
-3.42253
-3.42238
-3.42238
-3.42223
-3.42238
-3.42238
-3.42238
-3.42207
-3.42192
-3.42192
-3.42177
-3.42192
-3.42207
-3.42192
-3.42192
-3.42177
-3.42208
-3.42208
-3.42223
-3.42208
-3.42208
-3.42238
-3.42283
-3.42283
-3.42283
-3.42268
-3.42268
-3.42268
-3.42298
-3.42298
-3.42253
-3.42253
-3.42208
-3.42223
-3.42238
-3.42223
-3.42238
-3.42253
-3.42283
-3.42283
-3.42283
-3.42283
-3.42268
-3.42283
-3.42268
-3.42268
-3.42253
-3.42283
-3.42268
-3.42268
-3.42298
-3.42298
-3.42283
-3.42283
-3.42314
-3.42329
-3.42298
-3.42283
-3.42268
-3.42268
-3.42268
-3.42238
-3.42253
-3.42223
-3.42223
-3.42208
-3.42208
-3.42208
-3.42223
-3.42238
-3.42222
-3.42207
-3.42222
-3.42207
-3.42207
-3.42192
-3.42177
-3.42177
-3.42177
-3.42162
-3.42162
-3.42192
-3.42207
-3.42207
-3.42237
-3.42207
-3.42161
-3.42161
-3.42161
-3.42161
-3.42161
-3.42161
-3.42222
-3.42222
-3.42207
-3.42207
-3.42207
-3.42207
-3.42207
-3.42192
-3.42192
-3.42207
-3.42162
-3.42146
-3.42162
-3.42162
-3.42131
-3.42162
-3.42207
-3.42192
-3.42237
-3.42253
-3.42268
-3.42298
-3.42283
-3.42283
-3.42298
-3.42298
-3.42283
-3.42313
-3.42298
-3.42298
-3.42298
-3.42313
-3.42328
-3.42328
-3.42328
-3.42344
-3.42359
-3.42374
-3.42374
-3.42359
-3.42374
-3.42389
-3.42389
-3.42374
-3.42344
-3.42344
-3.42344
-3.42298
-3.42298
-3.42298
-3.42268
-3.42268
-3.42268
-3.42268
-3.42283
-3.42268
-3.42268
-3.42298
-3.42298
-3.42313
-3.42283
-3.42268
-3.42268
-3.42253
-3.42253
-3.42268
-3.42253
-3.42222
-3.42207
-3.42207
-3.42207
-3.42207
-3.42192
-3.42177
-3.42162
-3.42207
-3.42253
-3.42237
-3.42253
-3.42253
-3.42222
-3.42222
-3.42207
-3.42237
-3.42237
-3.42222
-3.42207
-3.42222
-3.42222
-3.42222
-3.42222
-3.42222
-3.42222
-3.42253
-3.42222
-3.42237
-3.42237
-3.42253
-3.42268
-3.42283
-3.42298
-3.42313
-3.42328
-3.42328
-3.42313
-3.42343
-3.42313
-3.42328
-3.42328
-3.42358
-3.42374
-3.42343
-3.42343
-3.42343
-3.42328
-3.42313
-3.42268
-3.42253
-3.42238
-3.42238
-3.42222
-3.42207
-3.42207
-3.42207
-3.42207
-3.42207
-3.42177
-3.42162
-3.42132
-3.42117
-3.42132
-3.42132
-3.42177
-3.42162
-3.42162
-3.42177
-3.42132
-3.42147
-3.42222
-3.42222
-3.42207
-3.42207
-3.42253
-3.42283
-3.42298
-3.42283
-3.42283
-3.42298
-3.42313
-3.42343
-3.42374
-3.42389
-3.42343
-3.42343
-3.42343
-3.42343
-3.42328
-3.42328
-3.42328
-3.42358
-3.42343
-3.42343
-3.42328
-3.42313
-3.42298
-3.42298
-3.42283
-3.42268
-3.42238
-3.42223
-3.42238
-3.42253
-3.42268
-3.42253
-3.42253
-3.42253
-3.42238
-3.42238
-3.42238
-3.42238
-3.42223
-3.42207
-3.42207
-3.42207
-3.42192
-3.42207
-3.42207
-3.42177
-3.42177
-3.42192
-3.42162
-3.42147
-3.42132
-3.42117
-3.42087
-3.42102
-3.42102
-3.42102
-3.42102
-3.42117
-3.42117
-3.42117
-3.42117
-3.42147
-3.42117
-3.42117
-3.42102
-3.42102
-3.42102
-3.42102
-3.42117
-3.42132
-3.42132
-3.42132
-3.42071
-3.42071
-3.42041
-3.42011
-3.42026
-3.42041
-3.42056
-3.42056
-3.42041
-3.42041
-3.42041
-3.42041
-3.4201
-3.4198
-3.4192
-3.4192
-3.4195
-3.41935
-3.4195
-3.4195
-3.4198
-3.41995
-3.41965
-3.41965
-3.41965
-3.41965
-3.41965
-3.4198
-3.41965
-3.4195
-3.41935
-3.4192
-3.41905
-3.41875
-3.4189
-3.41905
-3.4189
-3.41905
-3.41905
-3.4192
-3.4192
-3.41965
-3.41981
-3.41966
-3.4195
-3.41981
-3.42011
-3.42026
-3.42026
-3.42041
-3.42026
-3.41981
-3.41951
-3.41951
-3.41951
-3.41951
-3.41966
-3.41996
-3.41996
-3.41996
-3.41996
-3.42011
-3.41981
-3.42011
-3.42011
-3.41981
-3.41996
-3.42011
-3.42011
-3.42011
-3.41996
-3.41996
-3.41996
-3.41996
-3.41981
-3.41996
-3.41996
-3.42026
-3.42041
-3.42041
-3.42026
-3.42072
-3.42087
-3.42117
-3.42132
-3.42147
-3.42132
-3.42117
-3.42117
-3.42132
-3.42117
-3.42132
-3.42147
-3.42102
-3.42072
-3.42087
-3.42057
-3.42072
-3.42057
-3.42072
-3.42072
-3.42057
-3.42072
-3.42072
-3.42102
-3.42102
-3.42087
-3.42087
-3.42072
-3.42072
-3.42087
-3.42072
-3.42072
-3.42072
-3.42026
-3.42011
-3.42026
-3.42041
-3.42026
-3.42011
-3.41996
-3.42011
-3.41996
-3.42041
-3.42041
-3.42041
-3.42026
-3.42056
-3.42026
-3.42026
-3.42026
-3.42071
-3.42056
-3.42056
-3.42071
-3.42071
-3.42071
-3.42026
-3.42026
-3.42056
-3.42041
-3.42011
-3.42011
-3.41996
-3.4195
-3.4195
-3.4195
-3.4198
-3.4195
-3.4195
-3.41965
-3.41965
-3.41995
-3.41995
-3.4195
-3.4195
-3.4195
-3.4192
-3.4195
-3.41965
-3.41965
-3.4198
-3.4195
-3.4195
-3.41965
-3.42025
-3.42041
-3.42056
-3.42041
-3.41995
-3.42041
-3.42056
-3.42041
-3.42041
-3.42025
-3.42041
-3.42041
-3.42041
-3.42041
-3.42071
-3.42056
-3.42056
-3.42101
-3.42086
-3.42101
-3.42101
-3.42086
-3.42116
-3.42131
-3.42116
-3.42101
-3.42116
-3.42132
-3.42116
-3.42101
-3.42101
-3.42132
-3.42147
-3.42147
-3.42162
-3.42162
-3.42162
-3.42192
-3.42222
-3.42238
-3.42222
-3.42238
-3.42238
-3.42222
-3.42222
-3.42253
-3.42253
-3.42223
-3.42192
-3.42177
-3.42177
-3.42162
-3.42147
-3.42132
-3.42117
-3.42071
-3.42041
-3.42041
-3.42056
-3.42041
-3.42041
-3.42041
-3.42056
-3.42056
-3.42056
-3.42056
-3.42071
-3.42071
-3.42071
-3.42071
-3.42071
-3.42041
-3.42041
-3.42041
-3.42071
-3.42071
-3.42086
-3.42117
-3.42117
-3.42071
-3.42056
-3.42056
-3.42041
-3.42026
-3.42041
-3.42011
-3.42026
-3.42071
-3.42071
-3.42071
-3.42071
-3.42101
-3.42116
-3.42132
-3.42117
-3.42116
-3.42132
-3.42117
-3.42101
-3.42071
-3.42041
-3.42026
-3.42011
-3.42026
-3.42026
-3.42041
-3.42041
-3.42041
-3.42011
-3.42011
-3.41996
-3.41981
-3.41996
-3.41981
-3.4195
-3.41981
-3.41996
-3.41996
-3.41996
-3.41996
-3.42041
-3.42071
-3.42041
-3.42041
-3.42026
-3.42011
-3.42011
-3.42026
-3.42026
-3.42011
-3.41996
-3.41996
-3.42011
-3.42026
-3.42011
-3.4198
-3.41965
-3.4198
-3.41995
-3.42026
-3.4201
-3.41965
-3.4195
-3.41965
-3.41965
-3.41995
-3.42041
-3.42025
-3.42025
-3.4201
-3.41995
-3.4201
-3.4201
-3.41995
-3.42025
-3.4204
-3.42056
-3.42025
-3.4198
-3.4201
-3.4204
-3.41995
-3.4201
-3.42025
-3.41995
-3.41995
-3.4204
-3.4204
-3.4204
-3.4204
-3.4204
-3.42025
-3.42025
-3.42025
-3.42055
-3.42025
-3.41995
-3.41995
-3.4198
-3.4198
-3.41965
-3.41995
-3.42025
-3.42025
-3.4201
-3.4198
-3.41965
-3.41935
-3.41935
-3.41919
-3.41889
-3.41904
-3.41919
-3.41904
-3.41889
-3.41889
-3.41874
-3.41859
-3.41859
-3.41799
-3.41784
-3.41799
-3.41784
-3.41738
-3.41738
-3.41769
-3.41784
-3.41784
-3.41799
-3.41799
-3.41814
-3.41814
-3.41799
-3.41799
-3.41814
-3.41829
-3.41799
-3.41799
-3.41769
-3.41754
-3.41739
-3.41708
-3.41723
-3.41723
-3.41708
-3.41678
-3.41663
-3.41633
-3.41618
-3.41618
-3.41618
-3.41633
-3.41663
-3.41648
-3.41663
-3.41663
-3.41648
-3.41648
-3.41648
-3.41693
-3.41724
-3.41724
-3.41709
-3.41709
-3.41709
-3.41724
-3.41709
-3.41693
-3.41693
-3.41693
-3.41693
-3.41693
-3.41678
-3.41663
-3.41678
-3.41708
-3.41708
-3.41678
-3.41663
-3.41663
-3.41648
-3.41633
-3.41648
-3.41633
-3.41618
-3.41663
-3.41693
-3.41693
-3.41693
-3.41739
-3.41724
-3.41724
-3.41708
-3.41723
-3.41754
-3.41769
-3.41814
-3.41799
-3.41814
-3.41769
-3.41769
-3.41769
-3.41754
-3.41723
-3.41723
-3.41723
-3.41754
-3.41769
-3.41723
-3.41723
-3.41738
-3.41754
-3.41738
-3.41754
-3.41769
-3.41814
-3.41814
-3.41799
-3.41799
-3.41754
-3.41738
-3.41738
-3.41754
-3.41723
-3.41738
-3.41738
-3.41708
-3.41678
-3.41678
-3.41648
-3.41633
-3.41633
-3.41648
-3.41648
-3.41633
-3.41663
-3.41648
-3.41648
-3.41633
-3.41633
-3.41633
-3.41633
-3.41618
-3.41602
-3.41572
-3.41557
-3.41557
-3.41572
-3.41572
-3.41557
-3.41542
-3.41572
-3.41542
-3.41542
-3.41557
-3.41542
-3.41527
-3.41512
-3.41512
-3.41512
-3.41497
-3.41497
-3.41527
-3.41497
-3.41497
-3.41497
-3.41497
-3.41482
-3.41497
-3.41482
-3.41497
-3.41512
-3.41482
-3.41497
-3.41512
-3.41497
-3.41543
-3.41543
-3.41527
-3.41497
-3.41482
-3.41497
-3.41482
-3.41482
-3.41482
-3.41512
-3.41512
-3.41527
-3.41527
-3.41573
-3.41603
-3.41633
-3.41633
-3.41633
-3.41648
-3.41648
-3.41663
-3.41648
-3.41663
-3.41648
-3.41648
-3.41618
-3.41633
-3.41603
-3.41633
-3.41633
-3.41648
-3.41633
-3.41618
-3.41588
-3.41603
-3.41588
-3.41573
-3.41573
-3.41573
-3.41588
-3.41573
-3.41573
-3.41573
-3.41588
-3.41558
-3.41603
-3.41588
-3.41588
-3.41558
-3.41558
-3.41558
-3.41573
-3.41558
-3.41543
-3.41527
-3.41543
-3.41558
-3.41588
-3.41573
-3.41588
-3.41603
-3.41558
-3.41558
-3.41603
-3.41618
-3.41573
-3.41588
-3.41573
-3.41542
-3.41542
-3.41542
-3.41542
-3.41542
-3.41588
-3.41588
-3.41542
-3.41527
-3.41527
-3.41542
-3.41542
-3.41527
-3.41572
-3.41587
-3.41587
-3.41557
-3.41557
-3.41557
-3.41557
-3.41542
-3.41542
-3.41512
-3.41481
-3.41512
-3.41512
-3.41512
-3.41542
-3.41512
-3.41512
-3.41527
-3.41527
-3.41481
-3.41512
-3.41496
-3.41496
-3.41527
-3.41527
-3.41512
-3.41512
-3.41512
-3.41527
-3.41542
-3.41527
-3.41542
-3.41557
-3.41542
-3.41587
-3.41557
-3.41542
-3.41557
-3.41557
-3.41557
-3.41557
-3.41557
-3.41542
-3.41557
-3.41558
-3.41527
-3.41542
-3.41543
-3.41558
-3.41573
-3.41588
-3.41573
-3.41573
-3.41558
-3.41558
-3.41603
-3.41558
-3.41573
-3.41588
-3.41588
-3.41558
-3.41603
-3.41648
-3.41648
-3.41633
-3.41618
-3.41618
-3.41603
-3.41603
-3.41648
-3.41633
-3.41588
-3.41558
-3.41558
-3.41558
-3.41588
-3.41573
-3.41588
-3.41603
-3.41558
-3.41558
-3.41558
-3.41573
-3.41543
-3.41543
-3.41528
-3.41528
-3.41513
-3.41528
-3.41498
-3.41482
-3.41452
-3.41452
-3.41482
-3.41513
-3.41558
-3.41498
-3.41513
-3.41513
-3.41498
-3.41498
-3.41543
-3.41528
-3.41513
-3.41528
-3.41513
-3.41528
-3.41543
-3.41558
-3.41603
-3.41603
-3.41603
-3.41588
-3.41618
-3.41633
-3.41664
-3.41679
-3.41679
-3.41694
-3.41694
-3.41694
-3.41709
-3.41709
-3.41709
-3.41709
-3.41694
-3.41679
-3.41679
-3.41709
-3.41694
-3.41694
-3.41694
-3.41724
-3.41724
-3.41694
-3.41709
-3.41739
-3.41724
-3.41709
-3.41678
-3.41678
-3.41709
-3.41694
-3.41694
-3.41724
-3.41739
-3.41739
-3.41739
-3.41754
-3.41724
-3.41739
-3.41739
-3.41739
-3.41769
-3.41784
-3.41815
-3.41815
-3.4183
-3.4183
-3.41875
-3.41905
-3.4189
-3.41875
-3.41905
-3.4189
-3.4189
-3.41906
-3.41905
-3.41921
-3.41921
-3.41921
-3.41981
-3.41981
-3.41951
-3.41906
-3.41906
-3.41906
-3.41906
-3.41936
-3.41981
-3.41951
-3.41966
-3.41996
-3.41996
-3.42026
-3.42041
-3.42026
-3.42057
-3.42056
-3.42072
-3.42072
-3.42056
-3.42056
-3.42087
-3.42071
-3.42056
-3.42056
-3.42041
-3.42086
-3.42086
-3.42086
-3.42101
-3.42101
-3.42086
-3.42086
-3.42101
-3.42101
-3.42116
-3.42101
-3.42116
-3.42131
-3.42146
-3.42146
-3.42131
-3.42131
-3.42116
-3.42116
-3.42101
-3.42101
-3.42116
-3.42101
-3.42101
-3.42086
-3.42086
-3.4204
-3.4204
-3.42025
-3.42025
-3.42025
-3.4201
-3.4198
-3.42011
-3.42026
-3.42056
-3.42056
-3.42056
-3.42026
-3.42011
-3.41996
-3.41996
-3.41981
-3.42011
-3.41996
-3.41996
-3.41966
-3.41951
-3.41936
-3.41951
-3.41981
-3.41996
-3.42026
-3.42057
-3.42026
-3.42011
-3.42026
-3.42042
-3.42057
-3.42087
-3.42087
-3.42072
-3.42072
-3.42042
-3.42042
-3.42027
-3.42057
-3.42011
-3.42011
-3.42027
-3.42027
-3.42027
-3.42042
-3.42042
-3.42042
-3.42042
-3.42012
-3.42012
-3.42012
-3.42011
-3.42057
-3.42087
-3.42102
-3.42102
-3.42132
-3.42163
-3.42178
-3.42178
-3.42162
-3.42132
-3.42102
-3.42102
-3.42087
-3.42102
-3.42102
-3.42132
-3.42117
-3.42132
-3.42117
-3.42117
-3.42072
-3.42072
-3.42056
-3.42056
-3.42087
-3.42056
-3.42041
-3.42041
-3.42041
-3.42011
-3.41996
-3.42011
-3.42056
-3.42056
-3.42086
-3.42086
-3.42101
-3.42071
-3.42086
-3.42101
-3.42086
-3.42116
-3.42162
-3.42146
-3.42146
-3.42162
-3.42161
-3.42146
-3.42146
-3.42161
-3.42161
-3.42207
-3.42191
-3.42191
-3.42176
-3.42146
-3.42116
-3.42116
-3.42131
-3.42131
-3.42146
-3.42146
-3.42146
-3.42161
-3.42161
-3.42161
-3.42191
-3.42176
-3.42176
-3.42146
-3.42191
-3.42191
-3.42191
-3.42161
-3.42191
-3.42191
-3.42161
-3.42161
-3.42161
-3.42161
-3.42176
-3.42176
-3.42161
-3.42146
-3.42131
-3.42146
-3.42146
-3.42131
-3.42146
-3.42146
-3.42146
-3.42131
-3.42086
-3.42101
-3.42086
-3.42086
-3.42101
-3.42116
-3.42132
-3.42147
-3.42147
-3.42162
-3.42147
-3.42132
-3.42132
-3.42117
-3.42102
-3.42102
-3.42102
-3.42117
-3.42087
-3.42087
-3.42072
-3.42087
-3.42057
-3.42087
-3.42072
-3.42072
-3.42072
-3.42087
-3.42087
-3.42117
-3.42102
-3.42102
-3.42087
-3.42102
-3.42117
-3.42117
-3.42117
-3.42132
-3.42148
-3.42132
-3.42132
-3.42132
-3.42148
-3.42148
-3.42147
-3.42132
-3.42132
-3.42147
-3.42178
-3.42163
-3.42147
-3.42147
-3.42117
-3.42147
-3.42147
-3.42162
-3.42177
-3.42162
-3.42177
-3.42162
-3.42132
-3.42132
-3.42117
-3.42132
-3.42102
-3.42087
-3.42072
-3.42087
-3.42087
-3.42102
-3.42087
-3.42087
-3.42071
-3.42011
-3.41981
-3.41966
-3.4195
-3.41966
-3.41966
-3.41996
-3.41981
-3.41981
-3.42011
-3.41981
-3.41996
-3.41981
-3.41981
-3.41965
-3.41965
-3.41996
-3.4198
-3.41935
-3.4195
-3.4195
-3.4192
-3.4192
-3.41965
-3.4195
-3.41935
-3.4195
-3.41965
-3.4201
-3.42041
-3.42025
-3.4201
-3.42025
-3.42025
-3.42025
-3.42025
-3.41995
-3.4198
-3.41965
-3.4198
-3.41995
-3.4198
-3.41965
-3.4195
-3.41965
-3.4198
-3.41965
-3.41935
-3.4195
-3.4195
-3.4195
-3.4198
-3.4198
-3.41965
-3.4195
-3.4195
-3.41965
-3.4198
-3.4198
-3.41995
-3.41965
-3.41965
-3.4195
-3.4192
-3.41935
-3.4195
-3.4195
-3.4195
-3.41935
-3.4198
-3.42011
-3.41996
-3.41996
-3.42026
-3.41996
-3.41996
-3.4195
-3.4195
-3.4192
-3.4189
-3.4195
-3.4195
-3.41966
-3.41935
-3.41951
-3.41951
-3.4192
-3.4189
-3.4189
-3.4189
-3.4189
-3.4192
-3.41936
-3.41981
-3.41996
-3.41951
-3.41951
-3.41936
-3.41921
-3.41905
-3.4189
-3.4186
-3.4186
-3.41875
-3.41875
-3.41875
-3.4189
-3.4189
-3.4189
-3.41875
-3.41875
-3.4189
-3.41921
-3.41951
-3.41966
-3.41951
-3.41951
-3.41951
-3.41951
-3.41951
-3.41951
-3.41966
-3.41936
-3.41936
-3.41951
-3.41981
-3.41996
-3.41996
-3.41996
-3.41996
-3.42011
-3.41996
-3.41981
-3.41966
-3.41966
-3.41981
-3.41981
-3.41981
-3.41966
-3.41966
-3.41981
-3.41996
-3.41996
-3.41981
-3.42011
-3.42011
-3.41996
-3.41996
-3.41966
-3.41966
-3.4195
-3.41981
-3.41996
-3.42041
-3.42056
-3.42011
-3.42026
-3.42041
-3.42056
-3.42056
-3.42071
-3.42117
-3.42147
-3.42147
-3.42147
-3.42132
-3.42102
-3.42102
-3.42102
-3.42086
-3.42086
-3.42041
-3.42011
-3.42011
-3.41996
-3.42041
-3.42056
-3.42056
-3.42041
-3.42026
-3.42026
-3.42041
-3.42041
-3.42041
-3.42056
-3.42041
-3.42026
-3.42026
-3.42086
-3.42086
-3.42102
-3.42086
-3.42086
-3.42117
-3.42117
-3.42132
-3.42132
-3.42117
-3.42117
-3.42102
-3.42102
-3.42147
-3.42192
-3.42207
-3.42222
-3.42222
-3.42207
-3.42192
-3.42177
-3.42177
-3.42162
-3.42162
-3.42162
-3.42162
-3.42132
-3.42101
-3.42086
-3.42071
-3.42086
-3.42071
-3.42071
-3.42071
-3.42086
-3.42071
-3.42071
-3.42071
-3.42117
-3.42132
-3.42117
-3.42086
-3.42071
-3.42071
-3.42086
-3.42086
-3.42086
-3.42056
-3.42071
-3.42086
-3.42132
-3.42147
-3.42177
-3.42207
-3.42162
-3.42177
-3.42177
-3.42177
-3.42207
-3.42223
-3.42253
-3.42298
-3.42313
-3.42313
-3.42313
-3.42298
-3.42283
-3.42223
-3.42238
-3.42253
-3.42253
-3.42253
-3.42253
-3.42253
-3.42223
-3.42208
-3.42177
-3.42193
-3.42208
-3.42223
-3.42193
-3.42193
-3.42253
-3.42268
-3.42298
-3.42298
-3.42283
-3.42253
-3.42253
-3.42253
-3.42238
-3.42192
-3.42192
-3.42238
-3.42223
-3.42207
-3.42207
-3.42223
-3.42222
-3.42238
-3.42268
-3.42283
-3.42283
-3.42298
-3.42313
-3.42328
-3.42373
-3.42358
-3.42358
-3.42373
-3.42358
-3.42298
-3.42298
-3.42313
-3.42328
-3.42328
-3.42343
-3.42343
-3.42343
-3.42358
-3.42358
-3.42343
-3.42328
-3.42358
-3.42358
-3.42358
-3.42343
-3.42343
-3.42358
-3.42418
-3.42403
-3.42403
-3.42403
-3.42418
-3.42418
-3.42403
-3.42418
-3.42448
-3.42463
-3.42463
-3.42418
-3.42418
-3.42418
-3.42403
-3.42403
-3.42403
-3.42433
-3.42448
-3.42479
-3.42464
-3.42448
-3.42524
-3.42509
-3.42509
-3.42509
-3.42539
-3.42569
-3.42554
-3.42569
-3.4257
-3.42585
-3.4257
-3.42554
-3.42539
-3.42524
-3.42524
-3.42539
-3.4257
-3.42585
-3.42585
-3.4257
-3.4257
-3.42555
-3.4257
-3.42585
-3.42585
-3.42555
-3.4254
-3.42555
-3.42585
-3.42585
-3.4257
-3.4257
-3.426
-3.42585
-3.42585
-3.4257
-3.4254
-3.4251
-3.4251
-3.42494
-3.42494
-3.42464
-3.42449
-3.42434
-3.42434
-3.42449
-3.42419
-3.42404
-3.42389
-3.42434
-3.42434
-3.42434
-3.42449
-3.42464
-3.42464
-3.42479
-3.42464
-3.42434
-3.42449
-3.42449
-3.4248
-3.42495
-3.42525
-3.42525
-3.4251
-3.4251
-3.42525
-3.4251
-3.42495
-3.4248
-3.42464
-3.42419
-3.42404
-3.42434
-3.42464
-3.42449
-3.42449
-3.42404
-3.42389
-3.42374
-3.42389
-3.42389
-3.42404
-3.42434
-3.42404
-3.42419
-3.42419
-3.42404
-3.42374
-3.42404
-3.42358
-3.42389
-3.42419
-3.42434
-3.42434
-3.42419
-3.42404
-3.42404
-3.42373
-3.42343
-3.42343
-3.42328
-3.42313
-3.42313
-3.42313
-3.42343
-3.42388
-3.42388
-3.42373
-3.42388
-3.42388
-3.42373
-3.42373
-3.42373
-3.42388
-3.42419
-3.42449
-3.42434
-3.42449
-3.42464
-3.42434
-3.42434
-3.42449
-3.42449
-3.42404
-3.42419
-3.42389
-3.42404
-3.42434
-3.42434
-3.42374
-3.42358
-3.42343
-3.42313
-3.42343
-3.42328
-3.42343
-3.42328
-3.42328
-3.42343
-3.42343
-3.42359
-3.42374
-3.42404
-3.42389
-3.42389
-3.42374
-3.42374
-3.42374
-3.42374
-3.42389
-3.42389
-3.42374
-3.42359
-3.42374
-3.42374
-3.42389
-3.42404
-3.42419
-3.42419
-3.42419
-3.42419
-3.42419
-3.42419
-3.42449
-3.42449
-3.42449
-3.42464
-3.42464
-3.42449
-3.42449
-3.42449
-3.42449
-3.42434
-3.42419
-3.42404
-3.42404
-3.42419
-3.42404
-3.42419
-3.42419
-3.42434
-3.42479
-3.42449
-3.42449
-3.42434
-3.42419
-3.42404
-3.42404
-3.42389
-3.42389
-3.42389
-3.42389
-3.42389
-3.42404
-3.42404
-3.42419
-3.42419
-3.42389
-3.42389
-3.42404
-3.42389
-3.42404
-3.42389
-3.42419
-3.42419
-3.42404
-3.42374
-3.42374
-3.42389
-3.42404
-3.42419
-3.42404
-3.42404
-3.42343
-3.42313
-3.42313
-3.42313
-3.42343
-3.42343
-3.42343
-3.42359
-3.42359
-3.42344
-3.42344
-3.42328
-3.42328
-3.42298
-3.42283
-3.42298
-3.42283
-3.42268
-3.42253
-3.42253
-3.42253
-3.42238
-3.42238
-3.42253
-3.42223
-3.42208
-3.42238
-3.42223
-3.42208
-3.42238
-3.42253
-3.42223
-3.42207
-3.42177
-3.42162
-3.42162
-3.42192
-3.42192
-3.42192
-3.42222
-3.42207
-3.42207
-3.42207
-3.42162
-3.42162
-3.42147
-3.42146
-3.42177
-3.42192
-3.42207
-3.42207
-3.42176
-3.42161
-3.42146
-3.42116
-3.42101
-3.42071
-3.42101
-3.42116
-3.42116
-3.42131
-3.42146
-3.42161
-3.42146
-3.42146
-3.42131
-3.42131
-3.42131
-3.42131
-3.42131
-3.42161
-3.42146
-3.42161
-3.42161
-3.42162
-3.42162
-3.42222
-3.42207
-3.42192
-3.42192
-3.42192
-3.42222
-3.42192
-3.42207
-3.42222
-3.42222
-3.42222
-3.42237
-3.42237
-3.42222
-3.42207
-3.42162
-3.42147
-3.42177
-3.42192
-3.42207
-3.42222
-3.42222
-3.42207
-3.42207
-3.42237
-3.42237
-3.42222
-3.42222
-3.42237
-3.42253
-3.42283
-3.42313
-3.42268
-3.42283
-3.42268
-3.42283
-3.42283
-3.42283
-3.42298
-3.42298
-3.42298
-3.42298
-3.42298
-3.42313
-3.42283
-3.42298
-3.42283
-3.42298
-3.42313
-3.42283
-3.42298
-3.42283
-3.42268
-3.42268
-3.42253
-3.42253
-3.42283
-3.42268
-3.42253
-3.42283
-3.42283
-3.42283
-3.42298
-3.42313
-3.42268
-3.42253
-3.42237
-3.42222
-3.42192
-3.42177
-3.42162
-3.42177
-3.42162
-3.42147
-3.42147
-3.42162
-3.42207
-3.42238
-3.42238
-3.42223
-3.42238
-3.42253
-3.42223
-3.42207
-3.42192
-3.42208
-3.42223
-3.42208
-3.42177
-3.42132
-3.42117
-3.42132
-3.42177
-3.42192
-3.42162
-3.42192
-3.42162
-3.42117
-3.42087
-3.42072
-3.42026
-3.42026
-3.42026
-3.42026
-3.42026
-3.42041
-3.42056
-3.42087
-3.42102
-3.42087
-3.42117
-3.42132
-3.42147
-3.42147
-3.42132
-3.42132
-3.42132
-3.42147
-3.42132
-3.42117
-3.42117
-3.42102
-3.42102
-3.42117
-3.42102
-3.42102
-3.42117
-3.42117
-3.42147
-3.42147
-3.42162
-3.42162
-3.42177
-3.42223
-3.42223
-3.42223
-3.42208
-3.42192
-3.42223
-3.42223
-3.42192
-3.42192
-3.42192
-3.42162
-3.42132
-3.42102
-3.42087
-3.42056
-3.42056
-3.42087
-3.42072
-3.42087
-3.42102
-3.42072
-3.42057
-3.42072
-3.42057
-3.42087
-3.42132
-3.42117
-3.42072
-3.42072
-3.42041
-3.42026
-3.42011
-3.41981
-3.41981
-3.41981
-3.41981
-3.41966
-3.41951
-3.41936
-3.41921
-3.41905
-3.4189
-3.41875
-3.4186
-3.4186
-3.41845
-3.41845
-3.4189
-3.41921
-3.4192
-3.41951
-3.4192
-3.4189
-3.41875
-3.41845
-3.41845
-3.41875
-3.4189
-3.41905
-3.41936
-3.41966
-3.41951
-3.41966
-3.41981
-3.41981
-3.41981
-3.42011
-3.41996
-3.41996
-3.41996
-3.41996
-3.41981
-3.41981
-3.41981
-3.41966
-3.41951
-3.41951
-3.41966
-3.41996
-3.41981
-3.41981
-3.41951
-3.41951
-3.41966
-3.41951
-3.41966
-3.41935
-3.4192
-3.4192
-3.41905
-3.41875
-3.4186
-3.4186
-3.41875
-3.41875
-3.41875
-3.41875
-3.41875
-3.41845
-3.41845
-3.4189
-3.4189
-3.4186
-3.41845
-3.41815
-3.41845
-3.4186
-3.4183
-3.41815
-3.4183
-3.4183
-3.4183
-3.41845
-3.4189
-3.41936
-3.41936
-3.41951
-3.41951
-3.41951
-3.41936
-3.41936
-3.41921
-3.41936
-3.41966
-3.41966
-3.41996
-3.41996
-3.41966
-3.41981
-3.42011
-3.41996
-3.41951
-3.41951
-3.4192
-3.41905
-3.4192
-3.41936
-3.4189
-3.4192
-3.4192
-3.4192
-3.41905
-3.41951
-3.41905
-3.4189
-3.4189
-3.4189
-3.4189
-3.4186
-3.41845
-3.4183
-3.41845
-3.41845
-3.41845
-3.4186
-3.4189
-3.41875
-3.41875
-3.4189
-3.4189
-3.4189
-3.4189
-3.4192
-3.41935
-3.41951
-3.41966
-3.41966
-3.41981
-3.41996
-3.41996
-3.41981
-3.41966
-3.41981
-3.41996
-3.42011
-3.41996
-3.41996
-3.41966
-3.41966
-3.41966
-3.4195
-3.41966
-3.41935
-3.41935
-3.41905
-3.4189
-3.41875
-3.41875
-3.4189
-3.4189
-3.41935
-3.41951
-3.41966
-3.41981
-3.41996
-3.41996
-3.41951
-3.41966
-3.41966
-3.41981
-3.41966
-3.41966
-3.41981
-3.41966
-3.41951
-3.41951
-3.41936
-3.41966
-3.41966
-3.41921
-3.41845
-3.4186
-3.41875
-3.41875
-3.41875
-3.41875
-3.41875
-3.41891
-3.41875
-3.41921
-3.41921
-3.41921
-3.41921
-3.41891
-3.41921
-3.41936
-3.41951
-3.41936
-3.41906
-3.41936
-3.41936
-3.41951
-3.41981
-3.41996
-3.41996
-3.42042
-3.42027
-3.42057
-3.42057
-3.42072
-3.42072
-3.42042
-3.42057
-3.42057
-3.42057
-3.42042
-3.42042
-3.42027
-3.42027
-3.42027
-3.42042
-3.42042
-3.42042
-3.42057
-3.42027
-3.42072
-3.42072
-3.42087
-3.42087
-3.42072
-3.42057
-3.42072
-3.42087
-3.42057
-3.42057
-3.42087
-3.42072
-3.42072
-3.42072
-3.42087
-3.42087
-3.42087
-3.42027
-3.42027
-3.42027
-3.42027
-3.42042
-3.42042
-3.42027
-3.42042
-3.42057
-3.42072
-3.42057
-3.42057
-3.42057
-3.42072
-3.42087
-3.42102
-3.42117
-3.42102
-3.42087
-3.42087
-3.42072
-3.42072
-3.42057
-3.42072
-3.42041
-3.42041
-3.42041
-3.42011
-3.42026
-3.42026
-3.42011
-3.42026
-3.41996
-3.41996
-3.42011
-3.42011
-3.41996
-3.41996
-3.41981
-3.41981
-3.41996
-3.41996
-3.41996
-3.41996
-3.41996
-3.41996
-3.41996
-3.41981
-3.41981
-3.41981
-3.41981
-3.41996
-3.41981
-3.41981
-3.41981
-3.41981
-3.41981
-3.41996
-3.41981
-3.41981
-3.41981
-3.42026
-3.42041
-3.42026
-3.42056
-3.42056
-3.42072
-3.42056
-3.42041
-3.42011
-3.42026
-3.41981
-3.41981
-3.41966
-3.41981
-3.41981
-3.41966
-3.41951
-3.41996
-3.42011
-3.42011
-3.42011
-3.42041
-3.41996
-3.42041
-3.42056
-3.42086
-3.42071
-3.42086
-3.42086
-3.42086
-3.42071
-3.42026
-3.42026
-3.42011
-3.42011
-3.42041
-3.42011
-3.42011
-3.42011
-3.41995
-3.41995
-3.42011
-3.42011
-3.42011
-3.42011
-3.41996
-3.41995
-3.41995
-3.4198
-3.41995
-3.41965
-3.41965
-3.41935
-3.41935
-3.4195
-3.4192
-3.41935
-3.41935
-3.4192
-3.4195
-3.41965
-3.41935
-3.41905
-3.4189
-3.41905
-3.41905
-3.4189
-3.41905
-3.41905
-3.41875
-3.4192
-3.41935
-3.4192
-3.41905
-3.4189
-3.4186
-3.41845
-3.41875
-3.41845
-3.4186
-3.41845
-3.4183
-3.4186
-3.41845
-3.41845
-3.41845
-3.41875
-3.41875
-3.4186
-3.41905
-3.4189
-3.4189
-3.41875
-3.4186
-3.41875
-3.41845
-3.41845
-3.41815
-3.41815
-3.41815
-3.41815
-3.41815
-3.41785
-3.41785
-3.4174
-3.4174
-3.4177
-3.4177
-3.4177
-3.41755
-3.41755
-3.4174
-3.4174
-3.4174
-3.4174
-3.41755
-3.4174
-3.4174
-3.41755
-3.41755
-3.4174
-3.4177
-3.41785
-3.4177
-3.418
-3.418
-3.418
-3.41785
-3.4183
-3.41845
-3.4186
-3.4186
-3.4186
-3.4186
-3.41875
-3.4186
-3.4186
-3.41845
-3.41845
-3.41815
-3.41769
-3.418
-3.4183
-3.4183
-3.41815
-3.41799
-3.41815
-3.41769
-3.41754
-3.41769
-3.41769
-3.41739
-3.41739
-3.41739
-3.41739
-3.41754
-3.41739
-3.41754
-3.41769
-3.41769
-3.41784
-3.41784
-3.41799
-3.41784
-3.41799
-3.41814
-3.41829
-3.41814
-3.41844
-3.41844
-3.41859
-3.41875
-3.4189
-3.41905
-3.41875
-3.41875
-3.4186
-3.4186
-3.4189
-3.4186
-3.41844
-3.41875
-3.41875
-3.4189
-3.4189
-3.41875
-3.41875
-3.41845
-3.41875
-3.4186
-3.4186
-3.4186
-3.41875
-3.4186
-3.41845
-3.41845
-3.4186
-3.4183
-3.4183
-3.4183
-3.4183
-3.4183
-3.41845
-3.41875
-3.41845
-3.4183
-3.4183
-3.41815
-3.4183
-3.41845
-3.41845
-3.41875
-3.4189
-3.4189
-3.41905
-3.41905
-3.41921
-3.41936
-3.41936
-3.41921
-3.41906
-3.41906
-3.41906
-3.41906
-3.41921
-3.41921
-3.41906
-3.41906
-3.41906
-3.41966
-3.41966
-3.41951
-3.41966
-3.41996
-3.42042
-3.42026
-3.42042
-3.42057
-3.42057
-3.42026
-3.42057
-3.42041
-3.42072
-3.42102
-3.42072
-3.42102
-3.42102
-3.42102
-3.42102
-3.42102
-3.42102
-3.42102
-3.42101
-3.42101
-3.42071
-3.42071
-3.42056
-3.42041
-3.42026
-3.42026
-3.42026
-3.4201
-3.42056
-3.41995
-3.4201
-3.4204
-3.4204
-3.4204
-3.42055
-3.42055
-3.4207
-3.4207
-3.4207
-3.42085
-3.42101
-3.42116
-3.421
-3.42055
-3.42055
-3.4204
-3.42025
-3.4204
-3.4204
-3.4204
-3.42025
-3.42025
-3.42025
-3.42025
-3.4204
-3.4207
-3.4204
-3.42025
-3.4204
-3.4207
-3.42055
-3.4207
-3.4207
-3.4204
-3.42025
-3.42055
-3.42055
-3.42025
-3.42025
-3.4201
-3.42025
-3.41995
-3.42025
-3.42025
-3.4201
-3.4201
-3.4201
-3.4198
-3.4198
-3.4198
-3.4198
-3.41995
-3.41995
-3.4198
-3.41965
-3.42011
-3.42011
-3.42011
-3.42026
-3.42026
-3.42041
-3.42102
-3.42117
-3.42117
-3.42132
-3.42162
-3.42132
-3.42132
-3.42177
-3.42162
-3.42162
-3.42178
-3.42178
-3.42208
-3.42208
-3.42208
-3.42208
-3.42208
-3.42223
-3.42253
-3.42284
-3.42253
-3.42238
-3.42238
-3.42268
-3.42253
-3.42284
-3.42284
-3.42284
-3.42284
-3.42238
-3.42208
-3.42208
-3.42223
-3.42253
-3.42238
-3.42253
-3.42268
-3.42283
-3.42314
-3.42299
-3.42283
-3.42299
-3.42314
-3.42314
-3.42359
-3.42329
-3.42314
-3.42329
-3.42314
-3.42313
-3.42329
-3.42344
-3.42313
-3.42298
-3.42298
-3.42268
-3.42238
-3.42238
-3.42238
-3.42253
-3.42253
-3.42283
-3.42268
-3.42268
-3.42283
-3.42253
-3.42268
-3.42252
-3.42252
-3.42267
-3.42283
-3.42252
-3.42252
-3.42252
-3.42267
-3.42267
-3.42222
-3.42237
-3.42207
-3.42192
-3.42177
-3.42192
-3.42222
-3.42237
-3.42222
-3.42237
-3.42237
-3.42267
-3.42282
-3.42297
-3.42297
-3.42343
-3.42358
-3.42312
-3.42297
-3.42297
-3.42312
-3.42267
-3.42237
-3.42237
-3.42237
-3.42222
-3.42222
-3.42222
-3.42237
-3.42222
-3.42176
-3.42176
-3.42131
-3.42146
-3.42101
-3.42101
-3.42101
-3.42086
-3.42116
-3.42071
-3.42086
-3.42071
-3.42071
-3.42071
-3.42086
-3.42086
-3.42101
-3.42116
-3.42116
-3.42131
-3.42161
-3.42161
-3.42161
-3.42146
-3.42131
-3.42131
-3.42161
-3.42176
-3.42176
-3.42191
-3.42237
-3.42222
-3.42191
-3.42191
-3.42207
-3.42207
-3.42222
-3.42207
-3.42192
-3.42176
-3.42161
-3.42116
-3.42131
-3.42131
-3.42116
-3.42116
-3.42116
-3.42101
-3.42131
-3.42101
