1.65129
1.65392
1.65653
1.65912
1.66168
1.66421
1.66672
1.6692
1.67164
1.67404
1.67641
1.67873
1.68102
1.68326
1.68545
1.68759
1.68969
1.69172
1.69371
1.69563
1.6975
1.6993
1.70105
1.70273
1.70435
1.70591
1.70739
1.70882
1.71017
1.71146
1.71268
1.71383
1.71492
1.71594
1.71689
1.71777
1.71859
1.71935
1.72004
1.72067
1.72123
1.72174
1.72218
1.72257
1.72291
1.72319
1.72342
1.72359
1.72372
1.7238
1.72383
1.72383
1.72377
1.72368
1.72356
1.72339
1.7232
1.72297
1.72271
1.72242
1.72211
1.72177
1.72141
1.72103
1.72063
1.72021
1.71977
1.71932
1.71886
1.71838
1.7179
1.7174
1.71689
1.71638
1.71586
1.71533
1.71479
1.71426
1.71372
1.71317
1.71262
1.71207
1.71152
1.71097
1.71041
1.70985
1.70929
1.70873
1.70817
1.70761
1.70704
1.70647
1.7059
1.70533
1.70475
1.70417
1.70358
1.70298
1.70239
1.70178
1.70117
1.70054
1.69991
1.69927
1.69861
1.69794
1.69726
1.69656
1.69585
1.69512
1.69436
1.69359
1.6928
1.69198
1.69115
1.69028
1.68939
1.68847
1.68752
1.68654
1.68553
1.68449
1.68341
1.68229
1.68114
1.67996
1.67873
1.67746
1.67616
1.67481
1.67342
1.67199
1.67051
1.66899
1.66743
1.66583
1.66418
1.66248
1.66075
1.65897
1.65715
1.65528
1.65337
1.65142
1.64943
1.6474
1.64533
1.64321
1.64107
1.63888
1.63667
1.63441
1.63213
1.62982
1.62747
1.6251
1.62271
1.62029
1.61785
1.61539
1.61291
1.61042
1.60791
1.60539
1.60286
1.60033
1.59779
1.59524
1.59269
1.59015
1.5876
1.58506
1.58253
1.58001
1.57749
1.57499
1.5725
1.57003
1.56758
1.56515
1.56273
1.56034
1.55798
1.55564
1.55332
1.55103
1.54878
1.54655
1.54435
1.54218
1.54005
1.53794
1.53587
1.53384
1.53184
1.52987
1.52794
1.52604
1.52418
1.52235
1.52057
1.51881
1.51709
1.51541
1.51376
1.51215
1.51057
1.50902
1.50751
1.50603
1.50458
1.50317
1.50179
1.50044
1.49912
1.49783
1.49658
1.49535
1.49416
1.493
1.49187
1.49077
1.48971
1.48868
1.48768
1.48672
1.48579
1.4849
1.48405
1.48323
1.48246
1.48173
1.48104
1.4804
1.47981
1.47927
1.47877
1.47834
1.47795
1.47763
1.47737
1.47717
1.47703
1.47696
1.47696
1.47703
1.47717
1.47739
1.47768
1.47805
1.4785
1.47902
1.47963
1.48031
1.48107
1.48191
1.48283
1.48382
1.48489
1.48603
1.48725
1.48854
1.48989
1.49131
1.49279
1.49433
1.49593
1.49757
1.49927
1.50101
1.50279
1.5046
1.50644
1.50831
1.5102
1.51211
1.51403
1.51595
1.51788
1.51981
1.52173
1.52364
1.52554
1.52741
1.52927
1.5311
1.5329
1.53466
1.53639
1.53808
1.53972
1.54133
1.54288
1.54438
1.54584
1.54724
1.54858
1.54987
1.5511
1.55228
1.55339
1.55445
1.55544
1.55637
1.55725
1.55806
1.55881
1.55951
1.56014
1.56072
1.56124
1.56171
1.56212
1.56248
1.56278
1.56304
1.56325
1.56341
1.56352
1.56359
1.56362
1.56361
1.56356
1.56347
1.56335
1.5632
1.56302
1.56282
1.56259
1.56233
1.56206
1.56177
1.56146
1.56114
1.56081
1.56048
1.56014
1.55979
1.55945
1.55911
1.55877
1.55844
1.55812
1.55782
1.55753
1.55726
1.557
1.55678
1.55657
1.5564
1.55626
1.55615
1.55607
1.55604
1.55604
1.55609
1.55618
1.55632
1.5565
1.55674
1.55703
1.55737
1.55777
1.55823
1.55875
1.55932
1.55996
1.56066
1.56142
1.56225
1.56314
1.56409
1.56511
1.56619
1.56733
1.56854
1.56981
1.57113
1.57252
1.57396
1.57546
1.57701
1.57862
1.58027
1.58197
1.58372
1.58551
1.58733
1.5892
1.59109
1.59302
1.59498
1.59696
1.59896
1.60098
1.60301
1.60505
1.6071
1.60915
1.61121
1.61326
1.6153
1.61733
1.61935
1.62136
1.62334
1.6253
1.62724
1.62914
1.63102
1.63286
1.63466
1.63642
1.63813
1.6398
1.64142
1.64299
1.64451
1.64597
1.64737
1.64871
1.64999
1.6512
1.65235
1.65343
1.65445
1.65539
1.65626
1.65706
1.65778
1.65843
1.659
1.6595
1.65992
1.66025
1.66051
1.66069
1.66079
1.66081
1.66076
1.66062
1.6604
1.6601
1.65973
1.65928
1.65875
1.65815
1.65747
1.65671
1.65589
1.65499
1.65403
1.653
1.6519
1.65074
1.64952
1.64824
1.64691
1.64552
1.64409
1.6426
1.64107
1.63949
1.63788
1.63623
1.63455
1.63284
1.6311
1.62934
1.62755
1.62575
1.62394
1.62211
1.62028
1.61845
1.61661
1.61477
1.61294
1.61111
1.6093
1.6075
1.60571
1.60394
1.60219
1.60046
1.59875
1.59707
1.59542
1.5938
1.59221
1.59065
1.58912
1.58763
1.58617
1.58475
1.58337
1.58203
1.58072
1.57946
1.57824
1.57705
1.57591
1.57481
1.57374
1.57272
1.57174
1.5708
1.5699
1.56904
1.56822
1.56745
1.5667
1.566
1.56534
1.56471
1.56413
1.56358
1.56306
1.56259
1.56214
1.56173
1.56136
1.56102
1.56071
1.56044
1.5602
1.55999
1.55981
1.55967
1.55955
1.55947
1.55941
1.55939
1.55939
1.55943
1.55949
1.55958
1.5597
1.55984
1.56002
1.56022
1.56045
1.56071
1.561
1.56131
1.56165
1.56202
1.56242
1.56284
1.5633
1.56378
1.56428
1.56482
1.56539
1.56598
1.5666
1.56725
1.56793
1.56863
1.56937
1.57014
1.57093
1.57176
1.57261
1.57349
1.57441
1.57535
1.57632
1.57732
1.57835
1.57941
1.58049
1.58161
1.58275
1.58392
1.58513
1.58635
1.58761
1.58889
1.5902
1.59154
1.59291
1.5943
1.59571
1.59715
1.59862
1.6001
1.60161
1.60315
1.6047
1.60627
1.60786
1.60947
1.6111
1.61274
1.6144
1.61607
1.61775
1.61945
1.62115
1.62286
1.62457
1.62629
1.62801
1.62973
1.63145
1.63317
1.63488
1.63658
1.63828
1.63996
1.64163
1.64329
1.64493
1.64655
1.64815
1.64973
1.65127
1.6528
1.65429
1.65575
1.65718
1.65857
1.65993
1.66125
1.66252
1.66376
1.66495
1.6661
1.6672
1.66825
1.66925
1.67021
1.67111
1.67196
1.67276
1.6735
1.67419
1.67482
1.6754
1.67592
1.67638
1.67679
1.67714
1.67744
1.67767
1.67785
1.67797
1.67804
1.67804
1.678
1.67789
1.67773
1.67752
1.67725
1.67692
1.67654
1.67611
1.67563
1.67509
1.67451
1.67387
1.67319
1.67245
1.67167
1.67084
1.66996
1.66904
1.66807
1.66706
1.666
1.6649
1.66376
1.66258
1.66135
1.66009
1.65878
1.65744
1.65606
1.65464
1.65318
1.65168
1.65015
1.64858
1.64698
1.64534
1.64367
1.64197
1.64023
1.63845
1.63665
1.63481
1.63294
1.63105
1.62912
1.62716
1.62517
1.62315
1.62111
1.61903
1.61693
1.61481
1.61266
1.61048
1.60828
1.60605
1.6038
1.60153
1.59924
1.59693
1.59459
1.59224
1.58987
1.58748
1.58508
1.58265
1.58022
1.57777
1.57531
1.57284
1.57036
1.56787
1.56537
1.56287
1.56037
1.55786
1.55535
1.55284
1.55034
1.54783
1.54533
1.54284
1.54036
1.53789
1.53543
1.53299
1.53056
1.52815
1.52576
1.5234
1.52106
1.51874
1.51646
1.51421
1.512
1.50982
1.50768
1.50558
1.50353
1.50153
1.49957
1.49767
1.49583
1.49404
1.49231
1.49065
1.48904
1.48751
1.48605
1.48465
1.48334
1.48209
1.48093
1.47985
1.47885
1.47794
1.47711
1.47637
1.47572
1.47517
1.4747
1.47434
1.47406
1.47389
1.47381
1.47383
1.47394
1.47416
1.47447
1.47488
1.47539
1.476
1.4767
1.4775
1.4784
1.47938
1.48047
1.48164
1.4829
1.48426
1.4857
1.48722
1.48883
1.49052
1.49228
1.49413
1.49605
1.49804
1.5001
1.50223
1.50443
1.50669
1.50901
1.51138
1.51381
1.51629
1.51882
1.5214
1.52402
1.52668
1.52938
1.53212
1.53489
1.53769
1.54052
1.54338
1.54625
1.54915
1.55206
1.55499
1.55793
1.56089
1.56384
1.56681
1.56978
1.57274
1.57571
1.57867
1.58163
1.58458
1.58752
1.59045
1.59336
1.59625
1.59913
1.60198
1.60481
1.60761
1.61039
1.61313
1.61585
1.61853
1.62117
1.62378
1.62635
1.62888
1.63137
1.63381
1.63621
1.63856
1.64086
1.64312
1.64532
1.64746
1.64955
1.65158
1.65356
1.65547
1.65732
1.65911
1.66083
1.66249
1.66408
1.66561
1.66706
1.66844
1.66975
1.67099
1.67215
1.67324
1.67426
1.67519
1.67605
1.67683
1.67754
1.67816
1.6787
1.67916
1.67954
1.67984
1.68005
1.68019
1.68024
1.6802
1.68009
1.67989
1.67961
1.67924
1.6788
1.67827
1.67767
1.67698
1.67621
1.67537
1.67445
1.67346
1.67238
1.67124
1.67002
1.66873
1.66737
1.66594
1.66445
1.66289
1.66127
1.6596
1.65786
1.65607
1.65423
1.65233
1.65039
1.64841
1.64638
1.64432
1.64222
1.64009
1.63793
1.63575
1.63354
1.63132
1.62909
1.62684
1.62459
1.62234
1.62009
1.61784
1.61561
1.6134
1.6112
1.60903
1.60689
1.60478
1.60271
1.60068
1.59871
1.59678
1.59491
1.5931
1.59137
1.5897
1.58811
1.5866
1.58518
1.58384
1.5826
1.58146
1.58042
1.57948
1.57865
1.57793
1.57732
1.57683
1.57646
1.57622
1.57609
1.57609
1.57621
1.57646
1.57683
1.57733
1.57796
1.57871
1.57958
1.58057
1.58168
1.5829
1.58424
1.58569
1.58724
1.58889
1.59064
1.59249
1.59443
1.59644
1.59854
1.60071
1.60294
1.60524
1.60759
1.60999
1.61243
1.61491
1.61741
1.61995
1.6225
1.62506
1.62763
1.6302
1.63277
1.63533
1.63787
1.64039
1.64288
1.64535
1.64778
1.65017
1.65252
1.65483
1.65709
1.65929
1.66144
1.66353
1.66557
1.66754
1.66945
1.67129
1.67306
1.67477
1.67641
1.67798
1.67948
1.68092
1.68228
1.68357
1.6848
1.68595
1.68704
1.68805
1.68901
1.68989
1.69071
1.69147
1.69216
1.69279
1.69335
1.69386
1.6943
1.69469
1.69502
1.6953
1.69552
1.69568
1.69579
1.69585
1.69586
1.69582
1.69573
1.69559
1.69541
1.69517
1.69489
1.69457
1.6942
1.69378
1.69332
1.69282
1.69227
1.69169
1.69106
1.69039
1.68968
1.68893
1.68814
1.68731
1.68645
1.68555
1.68462
1.68365
1.68265
1.68162
1.68055
1.67946
1.67834
1.67719
1.67602
1.67482
1.67361
1.67237
1.67112
1.66986
1.66858
1.66729
1.666
1.66469
1.66339
1.66208
1.66078
1.65948
1.65819
1.6569
1.65563
1.65437
1.65312
1.65189
1.65068
1.6495
1.64833
1.64719
1.64608
1.645
1.64395
1.64292
1.64193
1.64098
1.64005
1.63917
1.63831
1.6375
1.63671
1.63597
1.63526
1.63458
1.63394
1.63333
1.63276
1.63221
1.6317
1.63122
1.63077
1.63034
1.62994
1.62956
1.62921
1.62888
1.62857
1.62827
1.62799
1.62772
1.62747
1.62722
1.62698
1.62674
1.62651
1.62628
1.62604
1.6258
1.62556
1.62531
1.62504
1.62477
1.62449
1.62418
1.62387
1.62353
1.62318
1.6228
1.6224
1.62198
1.62153
1.62105
1.62055
1.62002
1.61947
1.61888
1.61827
1.61762
1.61695
1.61625
1.61552
1.61476
1.61397
1.61316
1.61231
1.61145
1.61055
1.60964
1.6087
1.60774
1.60676
1.60576
1.60475
1.60372
1.60269
1.60164
1.60058
1.59952
1.59846
1.59739
1.59633
1.59527
1.59422
1.59318
1.59215
1.59113
1.59013
1.58915
1.58819
1.58725
1.58634
1.58545
1.5846
1.58378
1.58299
1.58224
1.58153
1.58085
1.58022
1.57962
1.57907
1.57857
1.57811
1.57769
1.57732
1.577
1.57672
1.57649
1.57631
1.57617
1.57608
1.57604
1.57604
1.57609
1.57618
1.57631
1.57648
1.5767
1.57695
1.57723
1.57756
1.57791
1.5783
1.57873
1.57918
1.57965
1.58016
1.58068
1.58123
1.5818
1.58239
1.58299
1.58361
1.58424
1.58488
1.58553
1.58619
1.58686
1.58753
1.5882
1.58888
1.58956
1.59024
1.59092
1.5916
1.59227
1.59294
1.5936
1.59426
1.59491
1.59556
1.5962
1.59682
1.59745
1.59806
1.59866
1.59926
1.59985
1.60043
1.601
1.60157
1.60213
1.60268
1.60323
1.60377
1.6043
1.60484
1.60536
1.60589
1.60641
1.60694
1.60746
1.60799
1.60851
1.60904
1.60957
1.61011
1.61065
1.61119
1.61175
1.61231
1.61287
1.61344
1.61402
1.61461
1.61521
1.61581
1.61642
1.61704
1.61766
1.61829
1.61892
1.61956
1.6202
1.62084
1.62149
1.62213
1.62277
1.6234
1.62403
1.62465
1.62526
1.62586
1.62644
1.62701
1.62755
1.62808
1.62858
1.62905
1.62949
1.6299
1.63028
1.63062
1.63092
1.63118
1.6314
1.63157
1.63169
1.63176
1.63178
1.63175
1.63167
1.63152
1.63132
1.63107
1.63075
1.63037
1.62994
1.62945
1.6289
1.62829
1.62762
1.6269
1.62612
1.62529
1.62441
1.62349
1.62251
1.6215
1.62044
1.61935
1.61823
1.61708
1.6159
1.6147
1.61349
1.61226
1.61103
1.60979
1.60856
1.60733
1.60612
1.60494
1.60377
1.60264
1.60154
1.60048
1.59947
1.59851
1.59761
1.59677
1.59599
1.59528
1.59465
1.5941
1.59363
1.59324
1.59295
1.59274
1.59262
1.5926
1.59267
1.59284
1.5931
1.59346
1.59391
1.59446
1.59509
1.59582
1.59664
1.59754
1.59853
1.59959
1.60073
1.60194
1.60321
1.60455
1.60594
1.60739
1.60888
1.61042
1.61199
1.61359
1.61521
1.61686
1.61851
1.62018
1.62184
1.6235
1.62516
1.62679
1.62841
1.63
1.63156
1.63309
1.63457
1.63601
1.63741
1.63875
1.64004
1.64126
1.64243
1.64353
1.64456
1.64552
1.64641
1.64722
1.64795
1.64861
1.64919
1.64968
1.6501
1.65043
1.65067
1.65084
1.65092
1.65091
1.65082
1.65065
1.65039
1.65005
1.64963
1.64913
1.64855
1.64789
1.64715
1.64633
1.64544
1.64448
1.64344
1.64233
1.64116
1.63992
1.63861
1.63724
1.63581
1.63431
1.63276
1.63115
1.62948
1.62776
1.62599
1.62417
1.6223
1.62038
1.61842
1.61642
1.61439
1.61231
1.61019
1.60805
1.60586
1.60365
1.60141
1.59915
1.59686
1.59454
1.5922
1.58985
1.58747
1.58508
1.58268
1.58026
1.57784
1.57541
1.57297
1.57053
1.56809
1.56565
1.56321
1.56078
1.55836
1.55595
1.55355
1.55116
1.5488
1.54645
1.54412
1.54183
1.53956
1.53731
1.53511
1.53294
1.5308
1.52871
1.52667
1.52467
1.52272
1.52082
1.51898
1.5172
1.51547
1.51382
1.51222
1.5107
1.50925
1.50787
1.50657
1.50535
1.50421
1.50315
1.50218
1.5013
1.50051
1.49981
1.49921
1.4987
1.49829
1.49798
1.49776
1.49765
1.49765
1.49774
1.49795
1.49825
1.49867
1.49919
1.49981
1.50054
1.50138
1.50233
1.50337
1.50453
1.50578
1.50714
1.50859
1.51015
1.5118
1.51354
1.51538
1.51731
1.51933
1.52143
1.52361
1.52587
1.52821
1.53062
1.53309
1.53564
1.53824
1.5409
1.54362
1.54639
1.5492
1.55206
1.55495
1.55788
1.56084
1.56383
1.56684
1.56987
1.57292
1.57597
1.57904
1.58212
1.58519
1.58827
1.59133
1.5944
1.59745
1.60049
1.60351
1.60651
1.6095
1.61246
1.61539
1.61829
1.62117
1.62401
1.62682
1.62959
1.63232
1.63501
1.63766
1.64027
1.64284
1.64535
1.64782
1.65024
1.65262
1.65493
1.6572
1.65941
1.66157
1.66366
1.66571
1.66769
1.66961
1.67147
1.67327
1.675
1.67668
1.67828
1.67982
1.6813
1.68271
1.68405
1.68532
1.68652
1.68766
1.68872
1.68972
1.69065
1.6915
1.69229
1.693
1.69364
1.69421
1.69471
1.69514
1.6955
1.69579
1.696
1.69615
1.69624
1.69625
1.6962
1.69609
1.6959
1.69566
1.69535
1.69498
1.69455
1.69406
1.69351
1.69291
1.69225
1.69154
1.69078
1.68997
1.68912
1.68822
1.68727
1.68629
1.68527
1.68421
1.68312
1.682
1.68085
1.67967
1.67846
1.67723
1.67598
1.67472
1.67343
1.67213
1.67081
1.66948
1.66814
1.66679
1.66544
1.66408
1.66271
1.66134
1.65996
1.65859
1.65721
1.65582
1.65444
1.65305
1.65167
1.65028
1.64888
1.64749
1.64609
1.64469
1.64328
1.64187
1.64045
1.63903
1.6376
1.63616
1.63471
1.63325
1.63178
1.6303
1.62881
1.62731
1.6258
1.62428
1.62275
1.62121
1.61965
1.61809
1.61652
1.61494
1.61335
1.61176
1.61017
1.60857
1.60697
1.60537
1.60378
1.60219
1.60061
1.59904
1.59747
1.59592
1.59439
1.59287
1.59137
1.58989
1.58843
1.587
1.5856
1.58422
1.58287
1.58154
1.58025
1.57899
1.57776
1.57656
1.57539
1.57425
1.57315
1.57207
1.57103
1.57002
1.56903
1.56807
1.56714
1.56624
1.56536
1.5645
1.56367
1.56286
1.56206
1.56129
1.56053
1.55979
1.55907
1.55836
1.55766
1.55697
1.5563
1.55564
1.55498
1.55434
1.55371
1.55308
1.55247
1.55186
1.55127
1.55068
1.55011
1.54954
1.54899
1.54844
1.54792
1.5474
1.5469
1.54643
1.54597
1.54553
1.54511
1.54472
1.54436
1.54402
1.54372
1.54344
1.54321
1.543
1.54284
1.54272
1.54265
1.54262
1.54263
1.5427
1.54282
1.54299
1.54322
1.54351
1.54385
1.54425
1.54471
1.54524
1.54583
1.54648
1.5472
1.54798
1.54883
1.54975
1.55073
1.55177
1.55288
1.55405
1.55529
1.5566
1.55796
1.55938
1.56087
1.56241
1.56401
1.56566
1.56736
1.56911
1.57091
1.57276
1.57465
1.57658
1.57855
1.58055
1.58259
1.58465
1.58675
1.58887
1.59101
1.59317
1.59535
1.59754
1.59974
1.60195
1.60417
1.60639
1.60861
1.61083
1.61305
1.61526
1.61746
1.61965
1.62182
1.62398
1.62613
1.62825
1.63035
1.63243
1.63449
1.63652
1.63852
1.6405
1.64244
1.64435
1.64623
1.64807
1.64988
1.65166
1.65339
1.65509
1.65675
1.65837
1.65995
1.66149
1.66299
1.66444
1.66586
1.66722
1.66855
1.66984
1.67107
1.67227
1.67342
1.67452
1.67558
1.67659
1.67756
1.67848
1.67936
1.68019
1.68098
1.68172
1.68241
1.68306
1.68366
1.68421
1.68472
1.68518
1.68559
1.68596
1.68627
1.68654
1.68676
1.68693
1.68706
1.68713
1.68715
1.68713
1.68705
1.68692
1.68674
1.68651
1.68623
1.68589
1.6855
1.68506
1.68456
1.68401
1.68341
1.68274
1.68203
1.68125
1.68042
1.67954
1.6786
1.6776
1.67654
1.67542
1.67425
1.67302
1.67174
1.6704
1.669
1.66754
1.66604
1.66447
1.66285
1.66118
1.65946
1.65769
1.65587
1.65401
1.65209
1.65014
1.64814
1.6461
1.64403
1.64192
1.63978
1.63761
1.63541
1.63319
1.63095
1.62869
1.62641
1.62412
1.62182
1.61951
1.6172
1.61489
1.61258
1.61028
1.60799
1.6057
1.60343
1.60118
1.59894
1.59673
1.59453
1.59236
1.59022
1.5881
1.58601
1.58396
1.58193
1.57993
1.57796
1.57603
1.57412
1.57225
1.57041
1.56859
1.56681
1.56505
1.56333
1.56162
1.55995
1.5583
1.55667
1.55507
1.55349
1.55193
1.55038
1.54886
1.54736
1.54587
1.5444
1.54295
1.54152
1.5401
1.5387
1.53732
1.53596
1.53462
1.5333
1.53201
1.53074
1.5295
1.52829
1.52711
1.52597
1.52487
1.52382
1.52281
1.52186
1.52096
1.52013
1.51936
1.51867
1.51805
1.51751
1.51706
1.51669
1.51643
1.51626
1.51619
1.51623
1.51638
1.51665
1.51703
1.51754
1.51816
1.51892
1.51979
1.52079
1.52192
1.52317
1.52455
1.52606
1.52768
1.52943
1.53129
1.53326
1.53534
1.53753
1.53981
1.54219
1.54466
1.54722
1.54985
1.55255
1.55532
1.55815
1.56104
1.56397
1.56694
1.56994
1.57298
1.57603
1.5791
1.58219
1.58527
1.58836
1.59144
1.59451
1.59756
1.60059
1.6036
1.60658
1.60952
1.61243
1.6153
1.61813
1.62091
1.62364
1.62632
1.62895
1.63152
1.63404
1.63649
1.63888
1.64122
1.64348
1.64568
1.64782
1.64988
1.65188
1.65381
1.65567
1.65746
1.65918
1.66082
1.6624
1.6639
1.66533
1.66669
1.66797
1.66918
1.67032
1.67138
1.67238
1.67329
1.67414
1.67491
1.67561
1.67623
1.67678
1.67726
1.67766
1.67799
1.67824
1.67843
1.67853
1.67857
1.67853
1.67842
1.67823
1.67797
1.67764
1.67724
1.67676
1.67621
1.67559
1.6749
1.67414
1.67331
1.67241
1.67144
1.67041
1.6693
1.66813
1.6669
1.66561
1.66425
1.66284
1.66136
1.65983
1.65825
1.65661
1.65492
1.65318
1.6514
1.64958
1.64771
1.64581
1.64388
1.64191
1.63991
1.63789
1.63585
1.63379
1.63172
1.62963
1.62753
1.62542
1.62332
1.62121
1.61911
1.61702
1.61494
1.61287
1.61083
1.6088
1.6068
1.60483
1.60289
1.60099
1.59912
1.59729
1.59551
1.59377
1.59207
1.59043
1.58884
1.58731
1.58582
1.5844
1.58303
1.58173
1.58048
1.5793
1.57818
1.57712
1.57613
1.5752
1.57433
1.57353
1.57279
1.57211
1.57149
1.57094
1.57044
1.57001
1.56963
1.56931
1.56904
1.56883
1.56867
1.56856
1.5685
1.56848
1.56851
1.56858
1.5687
1.56885
1.56905
1.56927
1.56954
1.56983
1.57015
1.57051
1.57089
1.57129
1.57172
1.57217
1.57264
1.57312
1.57362
1.57414
1.57467
1.57521
1.57576
1.57633
1.57689
1.57747
1.57805
1.57864
1.57923
1.57982
1.58041
1.58101
1.5816
1.58219
1.58278
1.58336
1.58394
1.58451
1.58507
1.58562
1.58617
1.5867
1.58723
1.58774
1.58823
1.58871
1.58918
1.58963
1.59006
1.59048
1.59087
1.59124
1.59159
1.59192
1.59222
1.59251
1.59276
1.59299
1.5932
1.59338
1.59353
1.59365
1.59375
1.59383
1.59387
1.59389
1.59389
1.59386
1.59381
1.59373
1.59363
1.59351
1.59337
1.59322
1.59304
1.59285
1.59266
1.59245
1.59223
1.59201
1.59179
1.59157
1.59135
1.59114
1.59094
1.59075
1.59058
1.59043
1.59031
1.59021
1.59014
1.5901
1.5901
1.59014
1.59022
1.59035
1.59053
1.59075
1.59103
1.59137
1.59176
1.59221
1.59272
1.59329
1.59393
1.59463
1.59539
1.59622
1.59712
1.59808
1.59911
1.6002
1.60135
1.60257
1.60385
1.60519
1.60659
1.60805
1.60956
1.61113
1.61276
1.61443
1.61615
1.61792
1.61973
1.62159
1.62348
1.62542
1.62738
1.62938
1.63141
1.63347
1.63554
1.63764
1.63976
1.6419
1.64405
1.64621
1.64838
1.65056
1.65274
1.65492
1.65709
1.65927
1.66143
1.66359
1.66573
1.66786
1.66997
1.67206
1.67413
1.67618
1.67819
1.68018
1.68214
1.68407
1.68596
1.68782
1.68963
1.69141
1.69314
1.69483
1.69648
1.69807
1.69962
1.70111
1.70255
1.70394
1.70527
1.70655
1.70776
1.70892
1.71002
1.71106
1.71203
1.71294
1.71379
1.71458
1.7153
1.71595
1.71654
1.71707
1.71752
1.71791
1.71824
1.7185
1.71869
1.71882
1.71888
1.71887
1.7188
1.71866
1.71846
1.7182
1.71787
1.71748
1.71703
1.71653
1.71596
1.71534
1.71466
1.71392
1.71313
1.7123
1.71141
1.71047
1.70948
1.70845
1.70738
1.70626
1.70511
1.70391
1.70269
1.70142
1.70013
1.69881
1.69746
1.69609
1.6947
1.69328
1.69184
1.69039
1.68893
1.68745
1.68596
1.68446
1.68295
1.68143
1.67992
1.67839
1.67687
1.67535
1.67383
1.67231
1.67079
1.66928
1.66777
1.66627
1.66478
1.66329
1.66181
1.66033
1.65886
1.6574
1.65594
1.65449
1.65304
1.6516
1.65016
1.64872
1.64729
1.64585
1.64441
1.64298
1.64154
1.64009
1.63865
1.63719
1.63573
1.63426
1.63278
1.63129
1.62978
1.62826
1.62673
1.62518
1.62362
1.62203
1.62043
1.6188
1.61716
1.6155
1.61382
1.61211
1.61039
1.60864
1.60687
1.60507
1.60326
1.60143
1.59957
1.59769
1.59579
1.59388
1.59194
1.58999
1.58801
1.58603
1.58403
1.58201
1.57998
1.57795
1.5759
1.57384
1.57178
1.56972
1.56765
1.56558
1.5635
1.56143
1.55936
1.5573
1.55524
1.55319
1.55115
1.54912
1.5471
1.5451
1.54312
1.54115
1.53921
1.53729
1.53539
1.53351
1.53167
1.52985
1.52807
1.52632
1.52461
1.52294
1.5213
1.51971
1.51816
1.51666
1.51521
1.51381
1.51247
1.51118
1.50995
1.50878
1.50768
1.50664
1.50567
1.50477
1.50395
1.5032
1.50252
1.50193
1.50142
1.50099
1.50065
1.50039
1.50023
1.50015
1.50017
1.50027
1.50048
1.50077
1.50117
1.50165
1.50224
1.50292
1.50369
1.50456
1.50553
1.50659
1.50774
1.50899
1.51033
1.51176
1.51327
1.51487
1.51655
1.51831
1.52014
1.52205
1.52403
1.52607
1.52818
1.53034
1.53255
1.53482
1.53713
1.53948
1.54186
1.54428
1.54672
1.54917
1.55165
1.55413
1.55662
1.5591
1.56158
1.56405
1.5665
1.56893
1.57133
1.5737
1.57603
1.57832
1.58057
1.58278
1.58493
1.58702
1.58906
1.59104
1.59296
1.59481
1.59659
1.59831
1.59995
1.60153
1.60303
1.60446
1.60581
1.6071
1.60831
1.60945
1.61052
1.61152
1.61246
1.61333
1.61414
1.61488
1.61557
1.61621
1.61679
1.61732
1.61781
1.61825
1.61865
1.61902
1.61934
1.61964
1.61991
1.62015
1.62037
1.62057
1.62075
1.62092
1.62107
1.62121
1.62135
1.62148
1.62161
1.62173
1.62185
1.62198
1.6221
1.62223
1.62236
1.62249
1.62263
1.62277
1.62292
1.62307
1.62322
1.62338
1.62354
1.62371
1.62387
1.62404
1.62421
1.62437
1.62454
1.6247
1.62485
1.625
1.62515
1.62528
1.62541
1.62552
1.62563
1.62572
1.6258
1.62586
1.62591
1.62594
1.62596
1.62595
1.62593
1.62589
1.62582
1.62574
1.62563
1.62551
1.62536
1.62518
1.62499
1.62477
1.62453
1.62427
1.62398
1.62367
1.62333
1.62297
1.62259
1.62219
1.62176
1.62131
1.62083
1.62034
1.61982
1.61929
1.61873
1.61815
1.61755
1.61694
1.6163
1.61565
1.61498
1.61429
1.61359
1.61287
1.61213
1.61138
1.61062
1.60985
1.60906
1.60827
1.60746
1.60665
1.60583
1.60501
1.60418
1.60334
1.60251
1.60168
1.60084
1.60001
1.59918
1.59835
1.59753
1.59671
1.59591
1.59512
1.59433
1.59357
1.59282
1.59208
1.59137
1.59067
1.59
1.58935
1.58873
1.58814
1.58757
1.58704
1.58653
1.58606
1.58562
1.58522
1.58485
1.58452
1.58423
1.58398
1.58378
1.58361
1.58348
1.5834
1.58336
1.58336
1.5834
1.58349
1.58362
1.58379
1.584
1.58426
1.58455
1.58489
1.58526
1.58568
1.58613
1.58661
1.58713
1.58768
1.58827
1.58888
1.58952
1.59018
1.59086
1.59157
1.59229
1.59303
1.59378
1.59454
1.5953
1.59608
1.59685
1.59762
1.59839
1.59916
1.59991
1.60066
1.60139
1.6021
1.60279
1.60346
1.6041
1.60472
1.6053
1.60585
1.60636
1.60684
1.60727
1.60767
1.60802
1.60832
1.60858
1.6088
1.60896
1.60908
1.60914
1.60916
1.60912
1.60904
1.60891
1.60873
1.6085
1.60822
1.6079
1.60754
1.60713
1.60668
1.6062
1.60568
1.60513
1.60454
1.60393
1.60329
1.60263
1.60195
1.60126
1.60055
1.59983
1.5991
1.59837
1.59764
1.59692
1.5962
1.59549
1.59479
1.59411
1.59345
1.59281
1.59219
1.5916
1.59104
1.59051
1.59002
1.58956
1.58915
1.58877
1.58843
1.58814
1.58789
1.58769
1.58754
1.58743
1.58737
1.58737
1.58741
1.58751
1.58765
1.58785
1.5881
1.5884
1.58875
1.58915
1.5896
1.5901
1.59065
1.59124
1.59189
1.59258
1.59331
1.59408
1.5949
1.59576
1.59666
1.59759
1.59856
1.59956
1.60059
1.60165
1.60274
1.60385
1.60499
1.60614
1.60732
1.60851
1.60972
1.61094
1.61217
1.6134
1.61465
1.61589
1.61714
1.61838
1.61963
1.62086
1.62209
1.62331
1.62452
1.62572
1.62691
1.62807
1.62923
1.63036
1.63148
1.63257
1.63364
1.6347
1.63572
1.63673
1.63771
1.63867
1.6396
1.64051
1.6414
1.64226
1.64309
1.64391
1.6447
1.64547
1.64621
1.64694
1.64765
1.64834
1.64902
1.64967
1.65032
1.65095
1.65156
1.65217
1.65277
1.65335
1.65394
1.65451
1.65509
1.65566
1.65623
1.6568
1.65737
1.65795
1.65853
1.65912
1.65972
1.66033
1.66094
1.66157
1.66221
1.66287
1.66353
1.66421
1.66491
1.66562
1.66635
1.6671
1.66786
1.66864
1.66944
1.67025
1.67109
1.67194
1.67281
1.67369
1.6746
1.67552
1.67646
1.67741
1.67838
1.67936
1.68036
1.68137
1.68239
1.68342
1.68446
1.68552
1.68657
1.68764
1.68871
1.68978
1.69086
1.69194
1.69302
1.6941
1.69517
1.69625
1.69731
1.69837
1.69942
1.70046
1.70148
1.7025
1.70349
1.70447
1.70544
1.70638
1.7073
1.7082
1.70907
1.70991
1.71073
1.71152
1.71227
1.71299
1.71368
1.71434
1.71496
1.71554
1.71608
1.71658
1.71704
1.71746
1.71784
1.71818
1.71847
1.71872
1.71892
1.71908
1.7192
1.71926
1.71929
1.71926
1.71919
1.71908
1.71891
1.71871
1.71846
1.71816
1.71782
1.71743
1.71701
1.71654
1.71602
1.71547
1.71488
1.71425
1.71359
1.71288
1.71214
1.71137
1.71057
1.70973
1.70886
1.70797
1.70704
1.7061
1.70512
1.70413
1.70312
1.70208
1.70103
1.69997
1.69889
1.69779
1.69669
1.69557
1.69445
1.69332
1.69218
1.69105
1.68991
1.68877
1.68764
1.68651
1.68538
1.68426
1.68315
1.68205
1.68096
1.67988
1.67881
1.67776
1.67673
1.67571
1.67471
1.67373
1.67277
1.67183
1.67091
1.67001
1.66914
1.66829
1.66746
1.66666
1.66589
1.66514
1.66442
1.66372
1.66306
1.66242
1.66181
1.66122
1.66067
1.66014
1.65965
1.65918
1.65873
1.65832
1.65793
1.65758
1.65724
1.65694
1.65666
1.65641
1.65618
1.65598
1.6558
1.65565
1.65552
1.65541
1.65533
1.65527
1.65523
1.65521
1.65521
1.65523
1.65527
1.65534
1.65542
1.65552
1.65563
1.65577
1.65592
1.65609
1.65628
1.65648
1.6567
1.65694
1.65719
1.65747
1.65775
1.65805
1.65838
1.65871
1.65907
1.65944
1.65983
1.66024
1.66066
1.6611
1.66156
1.66204
1.66253
1.66305
1.66358
1.66413
1.66469
1.66527
1.66587
1.66649
1.66712
1.66776
1.66842
1.66909
1.66977
1.67046
1.67116
1.67187
1.67259
1.6733
1.67402
1.67474
1.67546
1.67617
1.67688
1.67757
1.67826
1.67893
1.67958
1.6802
1.68081
1.68138
1.68192
1.68243
1.68291
1.68334
1.68373
1.68407
1.68436
1.68459
1.68478
1.6849
1.68496
1.68495
1.68488
1.68474
1.68452
1.68423
1.68387
1.68342
1.68289
1.68228
1.68159
1.68081
1.67994
1.67898
1.67793
1.6768
1.67557
1.67425
1.67284
1.67133
1.66973
1.66804
1.66626
1.66439
1.66242
1.66037
1.65823
1.656
1.65368
1.65128
1.64879
1.64623
1.64358
1.64086
1.63806
1.63518
1.63224
1.62923
1.62616
1.62303
1.61985
1.61661
1.61332
1.60998
1.60661
1.6032
1.59976
1.59628
1.59279
1.58928
1.58575
1.58222
1.57868
1.57515
1.57162
1.5681
1.5646
1.56113
1.55768
1.55427
1.55089
1.54756
1.54429
1.54106
1.5379
1.53481
1.53179
1.52884
1.52598
1.5232
1.52051
1.51792
1.51543
1.51304
1.51076
1.50859
1.50654
1.5046
1.50278
1.50108
1.49951
1.49806
1.49674
1.49555
1.4945
1.49357
1.49277
1.4921
1.49157
1.49116
1.49088
1.49073
1.49071
1.49081
1.49103
1.49138
1.49184
1.49241
1.49309
1.49388
1.49477
1.49576
1.49685
1.49802
1.49928
1.50061
1.50202
1.50351
1.50505
1.50666
1.50832
1.51004
1.51179
1.51359
1.51543
1.51729
1.51917
1.52108
1.523
1.52494
1.52687
1.52881
1.53075
1.53268
1.53459
1.5365
1.53838
1.54024
1.54208
1.54389
1.54567
1.54741
1.54912
1.55079
1.55241
1.554
1.55554
1.55704
1.55849
1.55989
1.56124
1.56254
1.56379
1.56499
1.56614
1.56724
1.56828
1.56928
1.57021
1.5711
1.57193
1.57271
1.57344
1.57412
1.57474
1.57531
1.57583
1.57629
1.57671
1.57707
1.57738
1.57764
1.57785
1.57801
1.57812
1.57817
1.57817
1.57813
1.57803
1.57788
1.57767
1.57741
1.5771
1.57674
1.57632
1.57585
1.57533
1.57475
1.57411
1.57342
1.57267
1.57187
1.57101
1.5701
1.56914
1.56812
1.56704
1.56592
1.56474
1.56352
1.56224
1.56092
1.55955
1.55814
1.55669
1.5552
1.55368
1.55212
1.55053
1.54891
1.54727
1.54561
1.54393
1.54224
1.54053
1.53882
1.53711
1.5354
1.53369
1.532
1.53032
1.52866
1.52702
1.52541
1.52383
1.52228
1.52078
1.51932
1.51792
1.51656
1.51526
1.51403
1.51286
1.51175
1.51073
1.50978
1.50891
1.50812
1.50742
1.50682
1.5063
1.50589
1.50558
1.50537
1.50527
1.50528
1.50541
1.50564
1.506
1.50647
1.50706
1.50778
1.50862
1.50958
1.51066
1.51188
1.51322
1.51468
1.51626
1.51797
1.5198
1.52175
1.52381
1.52599
1.52827
1.53067
1.53316
1.53575
1.53844
1.54121
1.54406
1.54698
1.54998
1.55304
1.55615
1.55931
1.5625
1.56574
1.56899
1.57227
1.57556
1.57885
1.58214
1.58541
1.58867
1.5919
1.5951
1.59827
1.60139
1.60446
1.60749
1.61045
1.61335
1.61618
1.61895
1.62164
1.62425
1.62679
1.62925
1.63162
1.63392
1.63613
1.63826
1.64031
1.64228
1.64417
1.64598
1.64772
1.64938
1.65097
1.6525
1.65395
1.65535
1.65669
1.65798
1.65922
1.66042
1.66157
1.66269
1.66377
1.66483
1.66586
1.66688
1.66788
1.66887
1.66986
1.67084
1.67182
1.67281
1.67381
1.67482
1.67585
1.67689
1.67796
1.67904
1.68016
1.6813
1.68246
1.68366
1.68488
1.68614
1.68742
1.68874
1.69008
1.69146
1.69286
1.69429
1.69575
1.69723
1.69873
1.70025
1.7018
1.70336
1.70494
1.70653
1.70813
1.70974
1.71136
1.71299
1.71461
1.71624
1.71787
1.71949
1.72111
1.72273
1.72434
1.72594
1.72752
1.7291
1.73066
1.73221
1.73374
1.73526
1.73676
1.73825
1.73971
1.74116
1.74259
1.74401
1.7454
1.74678
1.74814
1.74948
1.7508
1.75211
1.75339
1.75466
1.75591
1.75714
1.75835
1.75955
1.76073
1.76188
1.76302
1.76414
1.76524
1.76631
1.76737
1.7684
1.76942
1.7704
1.77137
1.7723
1.77322
1.7741
1.77496
1.77579
1.77658
1.77735
1.77808
1.77878
1.77945
1.78007
1.78066
1.78121
1.78172
1.78219
1.78261
1.78299
1.78333
1.78362
1.78387
1.78407
1.78423
1.78433
1.78439
1.7844
1.78436
1.78428
1.78414
1.78396
1.78373
1.78346
1.78314
1.78277
1.78236
1.78191
1.78141
1.78088
1.78031
1.7797
1.77905
1.77837
1.77767
1.77693
1.77617
1.77538
1.77458
1.77375
1.77291
1.77206
1.7712
1.77033
1.76946
1.7686
1.76773
1.76686
1.76601
1.76517
1.76433
1.76352
1.76273
1.76195
1.7612
1.76048
1.75979
1.75912
1.75849
1.75789
1.75732
1.75679
1.75629
1.75582
1.75539
1.75499
1.75462
1.75429
1.75398
1.75371
1.75346
1.75324
1.75304
1.75286
1.7527
1.75255
1.75242
1.75229
1.75217
1.75206
1.75194
1.75182
1.75169
1.75155
1.7514
1.75122
1.75103
1.75081
1.75057
1.7503
1.74999
1.74966
1.74928
1.74887
1.74841
1.74792
1.74738
1.7468
1.74618
1.74551
1.74479
1.74403
1.74322
1.74237
1.74147
1.74053
1.73954
1.73851
1.73744
1.73633
1.73518
1.734
1.73278
1.73153
1.73024
1.72893
1.72758
1.72622
1.72483
1.72341
1.72198
1.72053
1.71906
1.71758
1.71609
1.71458
1.71307
1.71154
1.71002
1.70848
1.70695
1.7054
1.70386
1.70232
1.70077
1.69923
1.69768
1.69614
1.6946
1.69306
1.69153
1.69
1.68847
1.68695
1.68543
1.68392
1.68242
1.68092
1.67944
1.67796
1.6765
1.67505
1.67361
1.67218
1.67077
1.66938
1.66801
1.66666
1.66533
1.66402
1.66275
1.6615
1.66029
1.6591
1.65796
1.65685
1.65579
1.65477
1.65379
1.65287
1.65199
1.65117
1.65041
1.6497
1.64906
1.64848
1.64796
1.6475
1.64712
1.6468
1.64655
1.64638
1.64627
1.64624
1.64629
1.64641
1.64661
1.64688
1.64723
1.64765
1.64815
1.64873
1.64938
1.65011
1.65091
1.65178
1.65272
1.65373
1.65481
1.65596
1.65718
1.65846
1.6598
1.66121
1.66267
1.6642
1.66578
1.66741
1.66909
1.67083
1.67261
1.67444
1.67632
1.67824
1.68019
1.68219
1.68422
1.68629
1.68839
1.69052
1.69268
1.69486
1.69707
1.69929
1.70154
1.7038
1.70607
1.70836
1.71066
1.71297
1.71528
1.7176
1.71992
1.72224
1.72455
1.72686
1.72917
1.73146
1.73375
1.73602
1.73827
1.74051
1.74273
1.74493
1.74711
1.74926
1.75138
1.75348
1.75554
1.75758
1.75958
1.76155
1.76348
1.76537
1.76723
1.76904
1.77082
1.77255
1.77423
1.77588
1.77747
1.77902
1.78052
1.78198
1.78338
1.78474
1.78604
1.78729
1.7885
1.78965
1.79074
1.79179
1.79278
1.79373
1.79462
1.79546
1.79624
1.79698
1.79766
1.7983
1.79888
1.79941
1.79989
1.80033
1.80071
1.80105
1.80134
1.80159
1.80179
1.80195
1.80207
1.80214
1.80217
1.80216
1.80211
1.80203
1.80191
1.80175
1.80156
1.80133
1.80107
1.80077
1.80044
1.80009
1.7997
1.79928
1.79884
1.79836
1.79786
1.79732
1.79676
1.79617
1.79555
1.79489
1.79421
1.7935
1.79276
1.79198
1.79117
1.79032
1.78944
1.78852
1.78756
1.78656
1.78551
1.78442
1.78329
1.7821
1.78087
1.77958
1.77823
1.77683
1.77536
1.77384
1.77225
1.77059
1.76887
1.76707
1.7652
1.76326
1.76125
1.75916
1.75699
1.75474
1.75241
1.75
1.7475
1.74493
1.74227
1.73953
1.73672
1.73382
1.73084
1.72778
1.72464
1.72143
1.71815
1.7148
1.71138
1.70789
1.70434
1.70073
1.69707
1.69335
1.68958
1.68577
1.68192
1.67803
1.67412
1.67018
1.66621
1.66224
1.65825
1.65425
1.65026
1.64628
1.6423
1.63834
1.63441
1.63051
1.62664
1.62281
1.61902
1.61529
1.61161
1.608
1.60444
1.60096
1.59756
1.59423
1.59099
1.58783
1.58476
1.58179
1.57892
1.57614
1.57346
1.57089
1.56843
1.56607
1.56382
1.56168
1.55964
1.55772
1.55591
1.55421
1.55261
1.55113
1.54975
1.54847
1.5473
1.54624
1.54527
1.54441
1.54364
1.54296
1.54238
1.54189
1.54149
1.54117
1.54093
1.54078
1.54071
1.54071
1.54078
1.54093
1.54114
1.54142
1.54177
1.54218
1.54265
1.54319
1.54378
1.54443
1.54513
1.54589
1.5467
1.54756
1.54847
1.54943
1.55045
1.5515
1.55261
1.55376
1.55496
1.55621
1.55749
1.55882
1.5602
1.56161
1.56307
1.56456
1.56609
1.56766
1.56927
1.57091
1.57258
1.57429
1.57602
1.57778
1.57957
1.58139
1.58322
1.58507
1.58695
1.58883
1.59073
1.59263
1.59455
1.59646
1.59838
1.6003
1.60221
1.60411
1.606
1.60788
1.60975
1.61159
1.61341
1.61521
1.61698
1.61872
1.62042
1.62209
1.62372
1.62532
1.62687
1.62837
1.62984
1.63125
1.63261
1.63393
1.63519
1.6364
1.63756
1.63867
1.63971
1.64071
1.64165
1.64253
1.64336
1.64413
1.64485
1.64552
1.64612
1.64667
1.64717
1.64761
1.648
1.64833
1.64861
1.64884
1.64901
1.64913
1.6492
1.64922
1.64918
1.6491
1.64896
1.64877
1.64854
1.64825
1.64791
1.64752
1.64708
1.6466
1.64606
1.64547
1.64484
1.64416
1.64343
1.64265
1.64183
1.64096
1.64004
1.63908
1.63808
1.63704
1.63595
1.63483
1.63366
1.63247
1.63124
1.62997
1.62868
1.62737
1.62603
1.62466
1.62328
1.62189
1.62049
1.61908
1.61766
1.61625
1.61484
1.61344
1.61205
1.61069
1.60934
1.60801
1.60672
1.60546
1.60424
1.60306
1.60192
1.60084
1.5998
1.59882
1.5979
1.59705
1.59625
1.59552
1.59486
1.59426
1.59374
1.59328
1.59289
1.59257
1.59232
1.59214
1.59202
1.59196
1.59197
1.59203
1.59214
1.59231
1.59252
1.59278
1.59308
1.59341
1.59378
1.59417
1.59458
1.59501
1.59545
1.5959
1.59635
1.5968
1.59725
1.59768
1.59809
1.59849
1.59886
1.5992
1.59951
1.59979
1.60003
1.60022
1.60037
1.60047
1.60052
1.60052
1.60047
1.60036
1.6002
1.59997
1.59969
1.59935
1.59894
1.59848
1.59796
1.59738
1.59674
1.59604
1.59529
1.59448
1.59361
1.59269
1.59172
1.5907
1.58964
1.58853
1.58737
1.58618
1.58495
1.58368
1.58238
1.58104
1.57968
1.5783
1.57689
1.57547
1.57403
1.57258
1.57112
1.56966
1.56819
1.56672
1.56526
1.5638
1.56235
1.56092
1.5595
1.5581
1.55672
1.55537
1.55404
1.55275
1.55149
1.55026
1.54907
1.54793
1.54682
1.54576
1.54475
1.54379
1.54288
1.54202
1.54122
1.54047
1.53978
1.53915
1.53858
1.53807
1.53762
1.53723
1.53691
1.53665
1.53645
1.53632
1.53625
1.53625
1.53631
1.53643
1.53662
1.53687
1.53717
1.53754
1.53797
1.53846
1.539
1.5396
1.54025
1.54096
1.54171
1.54252
1.54337
1.54427
1.54521
1.54619
1.54721
1.54826
1.54935
1.55047
1.55162
1.55279
1.55399
1.55521
1.55646
1.55771
1.55898
1.56027
1.56156
1.56286
1.56417
1.56547
1.56678
1.56809
1.56939
1.57068
1.57197
1.57324
1.5745
1.57574
1.57697
1.57817
1.57936
1.58052
1.58166
1.58277
1.58385
1.5849
1.58592
1.58691
1.58786
1.58878
1.58966
1.59051
1.59132
1.59209
1.59282
1.59352
1.59417
1.59478
1.59536
1.59589
1.59638
1.59683
1.59723
1.5976
1.59792
1.59819
1.59843
1.59863
1.59878
1.5989
1.59897
1.59901
1.599
1.59895
1.59886
1.59874
1.59857
1.59836
1.59812
1.59783
1.59751
1.59715
1.59675
1.59632
1.59585
1.59534
1.59479
1.59421
1.59359
1.59294
1.59225
1.59152
1.59076
1.58997
1.58915
1.58829
1.58739
1.58647
1.58551
1.58452
1.5835
1.58246
1.58138
1.58027
1.57914
1.57798
1.5768
1.57559
1.57436
1.57311
1.57185
1.57056
1.56926
1.56794
1.56661
1.56527
1.56392
1.56256
1.5612
1.55983
1.55846
1.55709
1.55573
1.55437
1.55302
1.55168
1.55035
1.54903
1.54772
1.54643
1.54516
1.5439
1.54266
1.54145
1.54025
1.53908
1.53792
1.5368
1.53569
1.53461
1.53356
1.53253
1.53152
1.53053
1.52958
1.52864
1.52773
1.52684
1.52597
1.52512
1.52428
1.52347
1.52268
1.5219
1.52114
1.52039
1.51965
1.51893
1.51821
1.5175
1.51681
1.51611
1.51543
1.51475
1.51407
1.5134
1.51273
1.51206
1.5114
1.51073
1.51007
1.5094
1.50874
1.50807
1.5074
1.50673
1.50606
1.5054
1.50473
1.50406
1.50339
1.50273
1.50206
1.5014
1.50075
1.5001
1.49946
1.49883
1.49821
1.4976
1.49701
1.49642
1.49585
1.4953
1.49477
1.49426
1.49377
1.49331
1.49287
1.49245
1.49207
1.49171
1.49139
1.4911
1.49085
1.49063
1.49045
1.49032
1.49022
1.49017
1.49016
1.49019
1.49027
1.4904
1.49058
1.49081
1.49108
1.49141
1.49179
1.49222
1.49271
1.49325
1.49384
1.49448
1.49518
1.49593
1.49673
1.49759
1.49849
1.49945
1.50047
1.50153
1.50264
1.5038
1.50501
1.50627
1.50757
1.50891
1.5103
1.51173
1.5132
1.51471
1.51625
1.51783
1.51945
1.52109
1.52277
1.52448
1.52621
1.52797
1.52975
1.53155
1.53337
1.53521
1.53707
1.53894
1.54082
1.54271
1.54461
1.54651
1.54842
1.55034
1.55226
1.55417
1.55609
1.55801
1.55992
1.56182
1.56372
1.56561
1.56749
1.56936
1.57122
1.57306
1.5749
1.57671
1.57851
1.5803
1.58207
1.58382
1.58555
1.58726
1.58895
1.59062
1.59228
1.59391
1.59551
1.5971
1.59866
1.6002
1.60172
1.60322
1.6047
1.60615
1.60758
1.60898
1.61036
1.61172
1.61306
1.61437
1.61565
1.61691
1.61815
1.61936
1.62055
1.62172
1.62286
1.62398
1.62508
1.62615
1.62719
1.62822
1.62921
1.63018
1.63113
1.63205
1.63295
1.63382
1.63466
1.63548
1.63627
1.63703
1.63777
1.63848
1.63916
1.63981
1.64044
1.64104
1.6416
1.64214
1.64264
1.64312
1.64356
1.64397
1.64434
1.64468
1.64499
1.64527
1.6455
1.64571
1.64587
1.646
1.6461
1.64616
1.64618
1.64616
1.6461
1.64601
1.64587
1.6457
1.64549
1.64524
1.64495
1.64462
1.64426
1.64385
1.64341
1.64293
1.64241
1.64185
1.64126
1.64063
1.63996
1.63926
1.63852
1.63775
1.63695
1.63612
1.63526
1.63436
1.63344
1.6325
1.63152
1.63053
1.62951
1.62847
1.62741
1.62633
1.62523
1.62412
1.623
1.62187
1.62072
1.61957
1.61841
1.61725
1.61609
1.61493
1.61377
1.61262
1.61146
1.61032
1.60919
1.60807
1.60696
1.60586
1.60479
1.60373
1.60269
1.60167
1.60068
1.59971
1.59877
1.59785
1.59696
1.59611
1.59528
1.59449
1.59373
1.59301
1.59232
1.59166
1.59104
1.59046
1.58992
1.58941
1.58894
1.58851
1.58812
1.58776
1.58745
1.58717
1.58693
1.58673
1.58657
1.58644
1.58635
1.5863
1.58629
1.58631
1.58637
1.58647
1.5866
1.58677
1.58697
1.58721
1.58748
1.58779
1.58814
1.58852
1.58893
1.58937
1.58986
1.59037
1.59092
1.5915
1.59211
1.59275
1.59342
1.59412
1.59486
1.59562
1.5964
1.59721
1.59804
1.5989
1.59978
1.60067
1.60158
1.60251
1.60345
1.6044
1.60536
1.60633
1.6073
1.60826
1.60923
1.61018
1.61113
1.61206
1.61298
1.61388
1.61475
1.61559
1.61641
1.61719
1.61793
1.61864
1.61929
1.6199
1.62046
1.62097
1.62141
1.62179
1.62211
1.62236
1.62254
1.62265
1.62269
1.62264
1.62252
1.62232
1.62203
1.62167
1.62122
1.62068
1.62006
1.61935
1.61856
1.61768
1.61672
1.61568
1.61455
1.61334
1.61205
1.61068
1.60924
1.60772
1.60613
1.60447
1.60274
1.60095
1.59909
1.59718
1.59522
1.5932
1.59114
1.58903
1.58689
1.5847
1.58249
1.58025
1.57798
1.57569
1.57339
1.57108
1.56875
1.56643
1.5641
1.56177
1.55946
1.55716
1.55487
1.55261
1.55037
1.54816
1.54598
1.54384
1.54173
1.53967
1.53766
1.53569
1.53378
1.53193
1.53013
1.52839
1.52672
1.52512
1.52358
1.52212
1.52074
1.51943
1.5182
1.51705
1.51598
1.515
1.51411
1.5133
1.51257
1.51194
1.5114
1.51094
1.51058
1.5103
1.51012
1.51002
1.51002
1.5101
1.51026
1.51052
1.51086
1.51128
1.51179
1.51237
1.51303
1.51377
1.51459
1.51547
1.51643
1.51745
1.51853
1.51968
1.52088
1.52214
1.52345
1.52481
1.52622
1.52767
1.52917
1.53069
1.53226
1.53385
1.53547
1.53711
1.53878
1.54046
1.54216
1.54387
1.54559
1.54732
1.54905
1.55078
1.55251
1.55423
1.55595
1.55765
1.55935
1.56103
1.56269
1.56434
1.56596
1.56756
1.56914
1.57068
1.5722
1.57369
1.57515
1.57657
1.57796
1.57931
1.58062
1.5819
1.58313
1.58432
1.58548
1.58658
1.58764
1.58866
1.58963
1.59056
1.59143
1.59226
1.59304
1.59377
1.59446
1.59509
1.59567
1.59621
1.59669
1.59713
1.59752
1.59785
1.59814
1.59839
1.59858
1.59873
1.59884
1.5989
1.59891
1.59889
1.59882
1.59871
1.59856
1.59838
1.59815
1.59789
1.5976
1.59728
1.59692
1.59654
1.59613
1.59569
1.59523
1.59474
1.59424
1.59371
1.59317
1.59262
1.59204
1.59146
1.59087
1.59027
1.58966
1.58905
1.58843
1.58782
1.5872
1.58658
1.58597
1.58536
1.58475
1.58415
1.58356
1.58298
1.58241
1.58185
1.5813
1.58077
1.58025
1.57974
1.57926
1.57878
1.57833
1.57789
1.57747
1.57706
1.57667
1.5763
1.57595
1.57562
1.57531
1.57501
1.57473
1.57447
1.57422
1.57399
1.57378
1.57359
1.57341
1.57325
1.5731
1.57297
1.57285
1.57274
1.57265
1.57256
1.5725
1.57244
1.57239
1.57235
1.57232
1.5723
1.57228
1.57228
1.57228
1.57228
1.57229
1.5723
1.57231
1.57233
1.57235
1.57238
1.5724
1.57242
1.57245
1.57248
1.5725
1.57253
1.57255
1.57258
1.5726
1.57262
1.57265
1.57267
1.57268
1.5727
1.57272
1.57273
1.57275
1.57276
1.57278
1.57279
1.5728
1.57282
1.57284
1.57286
1.57289
1.57292
1.57295
1.57299
1.57304
1.5731
1.57317
1.57325
1.57334
1.57345
1.57357
1.57371
1.57386
1.57404
1.57424
1.57446
1.57471
1.57499
1.5753
1.57564
1.57602
1.57643
1.57687
1.57736
1.57789
1.57846
1.57907
1.57973
1.58044
1.58119
1.582
1.58286
1.58377
1.58473
1.58574
1.58681
1.58793
1.5891
1.59032
1.5916
1.59293
1.59431
1.59574
1.59722
1.59875
1.60031
1.60193
1.60358
1.60527
1.60699
1.60875
1.61054
1.61235
1.61419
1.61605
1.61792
1.61981
1.62171
1.62361
1.62551
1.62742
1.62932
1.6312
1.63308
1.63493
1.63677
1.63858
1.64036
1.64211
1.64382
1.64548
1.64711
1.64868
1.6502
1.65167
1.65308
1.65442
1.6557
1.65691
1.65805
1.65911
1.6601
1.66101
1.66183
1.66257
1.66322
1.66379
1.66426
1.66464
1.66493
1.66512
1.66521
1.6652
1.6651
1.66489
1.66458
1.66417
1.66365
1.66303
1.6623
1.66147
1.66054
1.6595
1.65836
1.65712
1.65577
1.65432
1.65277
1.65112
1.64937
1.64753
1.64558
1.64354
1.64141
1.63918
1.63687
1.63446
1.63197
1.6294
1.62675
1.62401
1.6212
1.61832
1.61537
1.61235
1.60927
1.60612
1.60292
1.59966
1.59636
1.593
1.5896
1.58616
1.58268
1.57917
1.57563
1.57207
1.56848
1.56488
1.56126
1.55764
1.554
1.55037
1.54674
1.54312
1.53951
1.53591
1.53234
1.52878
1.52526
1.52176
1.5183
1.51488
1.5115
1.50817
1.50489
1.50166
1.49849
1.49538
1.49234
1.48936
1.48645
1.48361
1.48085
1.47817
1.47556
1.47304
1.4706
1.46824
1.46597
1.46379
1.4617
1.4597
1.45779
1.45596
1.45423
1.45259
1.45105
1.44959
1.44822
1.44694
1.44574
1.44464
1.44361
1.44267
1.44181
1.44102
1.44032
1.43968
1.43912
1.43862
1.43819
1.43782
1.43751
1.43725
1.43704
1.43689
1.43678
1.43671
1.43667
1.43668
1.43671
1.43678
1.43687
1.43698
1.43711
1.43726
1.43742
1.43759
1.43777
1.43796
1.43814
1.43833
1.43852
1.43871
1.4389
1.43907
1.43925
1.43941
1.43956
1.43971
1.43984
1.43996
1.44007
1.44018
1.44026
1.44034
1.44041
1.44047
1.44051
1.44055
1.44058
1.4406
1.44061
1.44062
1.44062
1.44062
1.44061
1.4406
1.44059
1.44058
1.44058
1.44057
1.44057
1.44057
1.44057
1.44058
1.4406
1.44062
1.44065
1.44069
1.44074
1.4408
1.44087
1.44094
1.44103
1.44112
1.44122
1.44134
1.44146
1.44158
1.44172
1.44186
1.44201
1.44217
1.44233
1.4425
1.44268
1.44286
1.44305
1.44324
1.44345
1.44366
1.44387
1.4441
1.44433
1.44457
1.44483
1.44509
1.44537
1.44566
1.44597
1.44629
1.44663
1.44699
1.44738
1.44778
1.44821
1.44866
1.44914
1.44964
1.45018
1.45074
1.45134
1.45196
1.45261
1.4533
1.45402
1.45476
1.45554
1.45634
1.45718
1.45804
1.45892
1.45983
1.46075
1.4617
1.46266
1.46364
1.46462
1.46561
1.4666
1.4676
1.46859
1.46957
1.47055
1.47151
1.47246
1.47339
1.4743
1.47518
1.47603
1.47685
1.47763
1.47838
1.47909
1.47975
1.48037
1.48095
1.48147
1.48195
1.48237
1.48274
1.48305
1.48331
1.48352
1.48366
1.48375
1.48378
1.48375
1.48367
1.48353
1.48333
1.48308
1.48277
1.4824
1.48198
1.48151
1.48099
1.48042
1.47981
1.47915
1.47844
1.47769
1.4769
1.47607
1.47521
1.47432
1.47339
1.47243
1.47145
1.47044
1.46941
1.46836
1.46729
1.46621
1.46512
1.46402
1.46292
1.46181
1.4607
1.4596
1.45849
1.4574
1.45631
1.45524
1.45418
1.45314
1.45212
1.45112
1.45014
1.44918
1.44826
1.44736
1.44649
1.44566
1.44486
1.44409
1.44336
1.44267
1.44202
1.44141
1.44085
1.44032
1.43984
1.4394
1.439
1.43865
1.43834
1.43808
1.43786
1.43769
1.43756
1.43747
1.43743
1.43744
1.43748
1.43757
1.4377
1.43788
1.43809
1.43834
1.43863
1.43896
1.43932
1.43973
1.44016
1.44063
1.44113
1.44166
1.44222
1.44281
1.44342
1.44406
1.44472
1.44541
1.44612
1.44685
1.4476
1.44836
1.44915
1.44995
1.45077
1.4516
1.45244
1.45329
1.45416
1.45504
1.45593
1.45683
1.45773
1.45865
1.45958
1.46051
1.46145
1.4624
1.46336
1.46432
1.46529
1.46627
1.46726
1.46825
1.46925
1.47026
1.47128
1.4723
1.47334
1.47438
1.47544
1.4765
1.47758
1.47867
1.47977
1.48088
1.48201
1.48316
1.48431
1.48549
1.48668
1.48789
1.48911
1.49035
1.49161
1.49289
1.49418
1.49549
1.49682
1.49816
1.49952
1.50089
1.50227
1.50367
1.50508
1.50649
1.50791
1.50934
1.51077
1.5122
1.51363
1.51506
1.51648
1.51789
1.51928
1.52066
1.52202
1.52336
1.52468
1.52596
1.52722
1.52844
1.52962
1.53076
1.53185
1.5329
1.53389
1.53483
1.53572
1.53654
1.53731
1.53801
1.53864
1.53921
1.5397
1.54013
1.54048
1.54076
1.54096
1.54109
1.54114
1.54112
1.54103
1.54086
1.54062
1.5403
1.53992
1.53946
1.53894
1.53836
1.53771
1.537
1.53624
1.53542
1.53456
1.53365
1.5327
1.53171
1.53069
1.52964
1.52856
1.52747
1.52636
1.52525
1.52413
1.52302
1.52191
1.52082
1.51975
1.5187
1.51767
1.51669
1.51574
1.51484
1.51399
1.51319
1.51245
1.51177
1.51115
1.51061
1.51014
1.50974
1.50942
1.50918
1.50902
1.50894
1.50894
1.50903
1.50919
1.50944
1.50977
1.51018
1.51066
1.51123
1.51187
1.51258
1.51335
1.5142
1.51511
1.51608
1.51711
1.51819
1.51932
1.5205
1.52173
1.523
1.5243
1.52564
1.52702
1.52842
1.52985
1.53131
1.53279
1.53429
1.53581
1.53734
1.5389
1.54046
1.54204
1.54363
1.54523
1.54683
1.54845
1.55007
1.5517
1.55333
1.55497
1.55661
1.55825
1.5599
1.56155
1.5632
1.56485
1.5665
1.56815
1.5698
1.57144
1.57308
1.57471
1.57634
1.57796
1.57957
1.58118
1.58277
1.58435
1.58592
1.58748
1.58902
1.59054
1.59205
1.59354
1.59502
1.59647
1.59791
1.59932
1.60072
1.6021
1.60346
1.6048
1.60611
1.60741
1.6087
1.60996
1.61121
1.61244
1.61366
1.61486
1.61605
1.61723
1.6184
1.61955
1.62071
1.62185
1.623
1.62414
1.62528
1.62643
1.62758
1.62874
1.6299
1.63108
1.63227
1.63348
1.6347
1.63593
1.63719
1.63847
1.63978
1.64111
1.64247
1.64386
1.64527
1.64672
1.6482
1.64971
1.65125
1.65283
1.65444
1.65609
1.65777
1.65949
1.66124
1.66303
1.66485
1.6667
1.66859
1.6705
1.67245
1.67442
1.67643
1.67845
1.6805
1.68257
1.68467
1.68678
1.6889
1.69104
1.69319
1.69535
1.69751
1.69967
1.70183
1.70399
1.70614
1.70827
1.7104
1.7125
1.71459
1.71665
1.71869
1.72069
1.72266
1.72459
1.72649
1.72833
1.73013
1.73188
1.73358
1.73522
1.73681
1.73833
1.73978
1.74117
1.74249
1.74374
1.74491
1.746
1.74702
1.74795
1.7488
1.74957
1.75024
1.75083
1.75132
1.75173
1.75204
1.75225
1.75237
1.75239
1.75231
1.75213
1.75185
1.75147
1.75099
1.75041
1.74973
1.74895
1.74806
1.74707
1.74598
1.74479
1.74349
1.7421
1.7406
1.73901
1.73731
1.73552
1.73362
1.73163
1.72955
1.72736
1.72509
1.72272
1.72025
1.7177
1.71506
1.71233
1.70951
1.70661
1.70363
1.70057
1.69743
1.69422
1.69093
1.68758
1.68415
1.68066
1.67711
1.6735
1.66984
1.66612
1.66235
1.65854
1.65468
1.65079
1.64687
1.64291
1.63893
1.63494
1.63092
1.6269
1.62287
1.61883
1.61481
1.61079
1.60679
1.60281
1.59885
1.59493
1.59104
1.5872
1.5834
1.57966
1.57598
1.57236
1.56881
1.56533
1.56193
1.55862
1.55539
1.55226
1.54922
1.54629
1.54345
1.54073
1.53811
1.5356
1.53321
1.53093
1.52877
1.52673
1.52481
1.52301
1.52132
1.51976
1.51832
1.51699
1.51578
1.51468
1.5137
1.51282
1.51206
1.5114
1.51085
1.51039
1.51003
1.50977
1.50959
1.50951
1.5095
1.50958
1.50974
1.50996
1.51026
1.51062
1.51105
1.51153
1.51207
1.51266
1.51331
1.514
1.51474
1.51552
1.51634
1.51719
1.51809
1.51902
1.51999
1.52098
1.52201
1.52308
1.52417
1.52529
1.52644
1.52763
1.52884
1.53008
1.53135
1.53265
1.53398
1.53534
1.53673
1.53815
1.5396
1.54108
1.54259
1.54413
1.54569
1.54729
1.54891
1.55056
1.55223
1.55393
1.55564
1.55738
1.55914
1.56091
1.56269
1.56449
1.56629
1.5681
1.56991
1.57172
1.57352
1.57532
1.57711
1.57888
1.58063
1.58236
1.58406
1.58573
1.58737
1.58897
1.59052
1.59204
1.5935
1.59491
1.59626
1.59755
1.59878
1.59994
1.60103
1.60205
1.603
1.60387
1.60466
1.60536
1.60599
1.60652
1.60697
1.60733
1.60759
1.60777
1.60785
1.60783
1.60773
1.60753
1.60724
1.60685
1.60638
1.60581
1.60515
1.6044
1.60357
1.60266
1.60166
1.60059
1.59944
1.59823
1.59695
1.59561
1.59422
1.59277
1.59129
1.58976
1.58821
1.58662
1.58503
1.58342
1.5818
1.5802
1.5786
1.57702
1.57548
1.57396
1.57249
1.57107
1.56971
1.56841
1.56718
1.56603
1.56496
1.56398
1.5631
1.56231
1.56163
1.56105
1.56059
1.56024
1.56
1.55988
1.55988
1.56
1.56024
1.56059
1.56106
1.56165
1.56235
1.56317
1.56409
1.56512
1.56625
1.56748
1.5688
1.57022
1.57171
1.57329
1.57494
1.57666
1.57845
1.58029
1.58219
1.58413
1.58611
1.58813
1.59017
1.59224
1.59432
1.59642
1.59852
1.60061
1.60271
1.60478
1.60684
1.60888
1.61089
1.61286
1.6148
1.61669
1.61853
1.62032
1.62205
1.62372
1.62533
1.62687
1.62833
1.62972
1.63103
1.63226
1.6334
1.63446
1.63543
1.63632
1.63711
1.63781
1.63841
1.63892
1.63934
1.63966
1.63989
1.64001
1.64005
1.63999
1.63983
1.63958
1.63924
1.63881
1.63828
1.63768
1.63698
1.6362
1.63535
1.63441
1.6334
1.63232
1.63117
1.62995
1.62867
1.62734
1.62596
1.62453
1.62305
1.62154
1.62
1.61842
1.61682
1.61521
1.61358
1.61194
1.6103
1.60866
1.60702
1.6054
1.6038
1.60221
1.60065
1.59912
1.59763
1.59617
1.59475
1.59338
1.59205
1.59077
1.58955
1.58838
1.58726
1.5862
1.58521
1.58427
1.58339
1.58257
1.58182
1.58112
1.58049
1.57991
1.57939
1.57893
1.57852
1.57817
1.57787
1.57762
1.57742
1.57726
1.57715
1.57707
1.57703
1.57703
1.57706
1.57712
1.5772
1.5773
1.57743
1.57756
1.57771
1.57787
1.57802
1.57818
1.57833
1.57847
1.5786
1.57872
1.57882
1.57889
1.57893
1.57895
1.57894
1.57889
1.5788
1.57867
1.5785
1.57828
1.57801
1.5777
1.57733
1.57692
1.57645
1.57592
1.57535
1.57472
1.57404
1.57331
1.57253
1.57169
1.57081
1.56988
1.56891
1.56789
1.56684
1.56574
1.56461
1.56345
1.56226
1.56105
1.55981
1.55856
1.55729
1.55602
1.55473
1.55345
1.55217
1.55089
1.54963
1.54839
1.54716
1.54596
1.54479
1.54365
1.54256
1.5415
1.54049
1.53953
1.53863
1.53779
1.53702
1.53631
1.53568
1.53512
1.53464
1.53424
1.53393
1.53371
1.53358
1.53354
1.5336
1.53377
1.53403
1.5344
1.53488
1.53546
1.53615
1.53695
1.53786
1.53889
1.54002
1.54127
1.54263
1.5441
1.54568
1.54737
1.54917
1.55107
1.55308
1.55519
1.5574
1.55971
1.56211
1.5646
1.56719
1.56985
1.5726
1.57542
1.57831
1.58127
1.58429
1.58736
1.59049
1.59366
1.59687
1.60012
1.6034
1.60669
1.61001
1.61334
1.61666
1.61999
1.62331
1.62662
1.62991
1.63317
1.6364
1.6396
1.64275
1.64585
1.6489
1.65189
1.65482
1.65768
1.66047
1.66318
1.6658
1.66835
1.6708
1.67316
1.67542
1.67758
1.67965
1.6816
1.68345
1.68519
1.68682
1.68834
1.68974
1.69103
1.6922
1.69326
1.6942
1.69502
1.69572
1.6963
1.69677
1.69712
1.69736
1.69747
1.69748
1.69737
1.69714
1.69681
1.69637
1.69581
1.69515
1.69439
1.69352
1.69255
1.69148
1.69031
1.68904
1.68768
1.68623
1.68469
1.68307
1.68136
1.67956
1.67769
1.67574
1.67372
1.67162
1.66945
1.66721
1.66491
1.66255
1.66013
1.65765
1.65511
1.65253
1.64989
1.64721
1.64448
1.64171
1.63891
1.63607
1.6332
1.6303
1.62738
1.62443
1.62146
1.61848
1.61548
1.61247
1.60946
1.60644
1.60342
1.60041
1.5974
1.59441
1.59142
1.58846
1.58551
1.58259
1.57969
1.57683
1.574
1.5712
1.56845
1.56574
1.56308
1.56046
1.5579
1.5554
1.55295
1.55056
1.54824
1.54598
1.54379
1.54167
1.53962
1.53765
1.53575
1.53393
1.53219
1.53053
1.52895
1.52745
1.52604
1.5247
1.52345
1.52228
1.5212
1.52019
1.51927
1.51843
1.51766
1.51697
1.51636
1.51583
1.51536
1.51497
1.51464
1.51438
1.51418
1.51403
1.51395
1.51391
1.51393
1.51399
1.51409
1.51423
1.51441
1.51462
1.51485
1.51511
1.51539
1.51568
1.51599
1.5163
1.51662
1.51694
1.51726
1.51758
1.51788
1.51818
1.51847
1.51873
1.51899
1.51922
1.51944
1.51963
1.5198
1.51994
1.52006
1.52016
1.52023
1.52028
1.52031
1.52032
1.5203
1.52027
1.52023
1.52017
1.52009
1.52002
1.51993
1.51984
1.51976
1.51968
1.5196
1.51954
1.5195
1.51947
1.51947
1.51949
1.51955
1.51964
1.51978
1.51995
1.52017
1.52044
1.52077
1.52115
1.52159
1.5221
1.52267
1.5233
1.52401
1.52478
1.52563
1.52656
1.52755
1.52863
1.52979
1.53102
1.53233
1.53372
1.53519
1.53674
1.53836
1.54006
1.54184
1.54369
1.54562
1.54761
1.54968
1.55181
1.554
1.55626
1.55857
1.56094
1.56336
1.56582
1.56834
1.57089
1.57348
1.57611
1.57876
1.58144
1.58414
1.58686
1.5896
1.59234
1.5951
1.59785
1.6006
1.60335
1.60609
1.60882
1.61153
1.61423
1.6169
1.61955
1.62218
1.62478
1.62734
1.62988
1.63238
1.63484
1.63727
1.63965
1.642
1.6443
1.64656
1.64877
1.65093
1.65305
1.65512
1.65713
1.6591
1.66102
1.66289
1.6647
1.66646
1.66817
1.66982
1.67142
1.67297
1.67446
1.6759
1.67728
1.67861
1.67988
1.6811
1.68226
1.68337
1.68442
1.68541
1.68634
1.68722
1.68803
1.68879
1.6895
1.69014
1.69072
1.69125
1.69171
1.69212
1.69246
1.69274
1.69296
1.69312
1.69322
1.69326
1.69324
1.69315
1.693
1.69279
1.69252
1.69219
1.6918
1.69134
1.69082
1.69024
1.6896
1.68891
1.68815
1.68733
1.68646
1.68553
1.68454
1.6835
1.6824
1.68125
1.68005
1.6788
1.6775
1.67616
1.67477
1.67333
1.67186
1.67035
1.6688
1.66722
1.66561
1.66397
1.6623
1.66062
1.65892
1.6572
1.65546
1.65372
1.65197
1.65021
1.64846
1.64671
1.64497
1.64323
1.64151
1.6398
1.63811
1.63645
1.63481
1.6332
1.63162
1.63007
1.62857
1.6271
1.62567
1.62429
1.62295
1.62167
1.62043
1.61924
1.61811
1.61702
1.616
1.61502
1.6141
1.61324
1.61243
1.61167
1.61097
1.61032
1.60973
1.60918
1.60869
1.60825
1.60786
1.60751
1.60721
1.60696
1.60675
1.60658
1.60644
1.60635
1.60629
1.60626
1.60627
1.60631
1.60637
1.60646
1.60657
1.6067
1.60685
1.60701
1.60719
1.60738
1.60759
1.60779
1.60801
1.60823
1.60845
1.60867
1.60888
1.60909
1.60929
1.60948
1.60966
1.60982
1.60996
1.61009
1.61019
1.61027
1.61032
1.61035
1.61034
1.6103
1.61022
1.61011
1.60996
1.60977
1.60953
1.60925
1.60892
1.60854
1.60812
1.60764
1.60711
1.60652
1.60588
1.60518
1.60443
1.60362
1.60275
1.60182
1.60083
1.59979
1.59868
1.59752
1.59631
1.59504
1.59371
1.59232
1.59089
1.5894
1.58786
1.58627
1.58464
1.58296
1.58124
1.57948
1.57768
1.57584
1.57398
1.57208
1.57015
1.5682
1.56623
1.56424
1.56223
1.56021
1.55817
1.55612
1.55407
1.55202
1.54996
1.5479
1.54585
1.54381
1.54178
1.53975
1.53775
1.53576
1.53379
1.53185
1.52993
1.52804
1.52619
1.52436
1.52257
1.52083
1.51912
1.51746
1.51584
1.51428
1.51276
1.51131
1.50991
1.50857
1.5073
1.50609
1.50495
1.50388
1.50288
1.50196
1.50111
1.50035
1.49966
1.49905
1.49853
1.4981
1.49774
1.49748
1.4973
1.4972
1.49719
1.49726
1.49742
1.49766
1.49798
1.49838
1.49887
1.49943
1.50006
1.50077
1.50155
1.5024
1.5033
1.50427
1.5053
1.50638
1.50751
1.50868
1.5099
1.51115
1.51243
1.51374
1.51507
1.51643
1.51779
1.51917
1.52055
1.52194
1.52332
1.52469
1.52605
1.5274
1.52873
1.53004
1.53133
1.53259
1.53382
1.53502
1.53618
1.53732
1.53841
1.53947
1.5405
1.54148
1.54243
1.54334
1.54422
1.54506
1.54587
1.54665
1.54739
1.54811
1.54881
1.54948
1.55013
1.55076
1.55138
1.55198
1.55257
1.55316
1.55373
1.55431
1.55487
1.55544
1.556
1.55656
1.55712
1.55768
1.55824
1.55879
1.55933
1.55987
1.56039
1.5609
1.56139
1.56185
1.5623
1.56271
1.56308
1.56342
1.56371
1.56395
1.56413
1.56426
1.56432
1.56432
1.56424
1.56408
1.56385
1.56352
1.56312
1.56262
1.56202
1.56134
1.56056
1.55968
1.55871
1.55764
1.55647
1.55521
1.55386
1.55242
1.55089
1.54928
1.54759
1.54583
1.54399
1.54209
1.54012
1.53811
1.53604
1.53394
1.5318
1.52963
1.52744
1.52524
1.52303
1.52083
1.51864
1.51646
1.51431
1.51219
1.51011
1.50808
1.5061
1.50419
1.50234
1.50056
1.49887
1.49726
1.49574
1.49432
1.493
1.49178
1.49066
1.48966
1.48877
1.48799
1.48732
1.48677
1.48634
1.48602
1.48582
1.48573
1.48576
1.4859
1.48615
1.4865
1.48696
1.48752
1.48818
1.48894
1.48978
1.49071
1.49172
1.49281
1.49397
1.49521
1.4965
1.49786
1.49927
1.50074
1.50225
1.5038
1.50539
1.50702
1.50868
1.51036
1.51207
1.51379
1.51553
1.51729
1.51905
1.52082
1.52259
1.52436
1.52613
1.52789
1.52965
1.53141
1.53315
1.53488
1.5366
1.5383
1.53999
1.54167
1.54333
1.54497
1.5466
1.54821
1.5498
1.55138
1.55294
1.55448
1.55601
1.55753
1.55903
1.56053
1.56201
1.56349
1.56495
1.56642
1.56788
1.56934
1.5708
1.57226
1.57373
1.57521
1.5767
1.5782
1.57971
1.58124
1.58279
1.58437
1.58597
1.58759
1.58925
1.59093
1.59265
1.5944
1.59619
1.59802
1.59989
1.60179
1.60375
1.60574
1.60778
1.60986
1.61199
1.61416
1.61638
1.61864
1.62095
1.62329
1.62568
1.62811
1.63058
1.63309
1.63563
1.6382
1.64081
1.64344
1.6461
1.64878
1.65148
1.6542
1.65693
1.65968
1.66243
1.66518
1.66794
1.67069
1.67344
1.67618
1.67891
1.68163
1.68432
1.687
1.68966
1.69229
1.69489
1.69745
1.69999
1.70249
1.70495
1.70737
1.70975
1.71208
1.71437
1.71662
1.71882
1.72097
1.72307
1.72513
1.72713
1.72908
1.73098
1.73284
1.73464
1.73639
1.7381
1.73975
1.74136
1.74292
1.74443
1.74589
1.74731
1.74869
1.75002
1.75132
1.75257
1.75378
1.75496
1.7561
1.75721
1.75829
1.75933
1.76034
1.76133
1.76229
1.76323
1.76415
1.76504
1.76592
1.76678
1.76763
1.76846
1.76927
1.77008
1.77088
1.77166
1.77244
1.77322
1.77399
1.77475
1.77552
1.77628
1.77704
1.77779
1.77855
1.7793
1.78006
1.78081
1.78156
1.78231
1.78306
1.7838
1.78453
1.78526
1.78599
1.7867
1.7874
1.78809
1.78876
1.78942
1.79006
1.79068
1.79127
1.79184
1.79237
1.79288
1.79334
1.79377
1.79416
1.79449
1.79478
1.79502
1.79521
1.79533
1.7954
1.79539
1.79533
1.79519
1.79498
1.7947
1.79434
1.7939
1.79337
1.79277
1.79207
1.79129
1.79042
1.78946
1.78841
1.78727
1.78603
1.7847
1.78328
1.78176
1.78015
1.77845
1.77666
1.77478
1.77281
1.77075
1.76861
1.76638
1.76408
1.7617
1.75924
1.75672
1.75412
1.75146
1.74874
1.74596
1.74312
1.74024
1.7373
1.73433
1.73132
1.72828
1.72521
1.72212
1.71901
1.71589
1.71275
1.70961
1.70647
1.70333
1.7002
1.69708
1.69397
1.69088
1.68782
1.68478
1.68177
1.67878
1.67583
1.67292
1.67005
1.66722
1.66442
1.66168
1.65897
1.65631
1.6537
1.65113
1.64862
1.64614
1.64372
1.64134
1.63901
1.63673
1.63449
1.63229
1.63014
1.62803
1.62597
1.62394
1.62196
1.62001
1.61811
1.61624
1.6144
1.61261
1.61084
1.60911
1.60742
1.60575
1.60412
1.60252
1.60095
1.59941
1.5979
1.59642
1.59497
1.59355
1.59216
1.5908
1.58947
1.58817
1.5869
1.58566
1.58445
1.58327
1.58212
1.58101
1.57993
1.57888
1.57787
1.5769
1.57596
1.57506
1.5742
1.57338
1.5726
1.57185
1.57115
1.57049
1.56987
1.5693
1.56877
1.56828
1.56783
1.56743
1.56708
1.56676
1.5665
1.56627
1.56609
1.56596
1.56587
1.56582
1.56582
1.56586
1.56594
1.56606
1.56622
1.56642
1.56665
1.56692
1.56723
1.56757
1.56794
1.56834
1.56877
1.56923
1.56972
1.57023
1.57076
1.57132
1.5719
1.57249
1.5731
1.57372
1.57436
1.57501
1.57567
1.57634
1.57702
1.5777
1.57839
1.57907
1.57977
1.58046
1.58115
1.58184
1.58252
1.5832
1.58388
1.58455
1.58521
1.58587
1.58652
1.58716
1.58778
1.5884
1.58901
1.5896
1.59018
1.59075
1.59131
1.59185
1.59238
1.5929
1.5934
1.59388
1.59435
1.59481
1.59525
1.59567
1.59607
1.59646
1.59683
1.59719
1.59752
1.59784
1.59814
1.59842
1.59868
1.59892
1.59914
1.59934
1.59952
1.59967
1.59981
1.59992
1.60001
1.60008
1.60012
1.60014
1.60014
1.60011
1.60005
1.59997
1.59987
1.59973
1.59957
1.59939
1.59917
1.59893
1.59866
1.59836
1.59803
1.59768
1.5973
1.59689
1.59645
1.59599
1.5955
1.59498
1.59444
1.59388
1.59329
1.59268
1.59205
1.5914
1.59073
1.59004
1.58933
1.58861
1.58787
1.58712
1.58637
1.5856
1.58482
1.58403
1.58324
1.58245
1.58165
1.58084
1.58004
1.57924
1.57843
1.57762
1.57682
1.57601
1.57521
1.5744
1.5736
1.5728
1.57199
1.57118
1.57037
1.56956
1.56874
1.56791
1.56707
1.56623
1.56538
1.56451
1.56362
1.56272
1.56181
1.56087
1.55991
1.55892
1.55791
1.55687
1.55581
1.55471
1.55359
1.55243
1.55124
1.55001
1.54876
1.54746
1.54614
1.54477
1.54338
1.54195
1.54049
1.539
1.53747
1.53592
1.53435
1.53274
1.53112
1.52948
1.52781
1.52614
1.52445
1.52275
1.52104
1.51933
1.51762
1.51592
1.51422
1.51253
1.51085
1.50919
1.50755
1.50594
1.50435
1.50279
1.50127
1.49979
1.49834
1.49694
1.49559
1.49428
1.49303
1.49183
1.49069
1.48961
1.48859
1.48764
1.48675
1.48592
1.48517
1.48448
1.48386
1.48331
1.48284
1.48243
1.4821
1.48183
1.48164
1.48152
1.48147
1.48148
1.48156
1.4817
1.48191
1.48218
1.4825
1.48288
1.48331
1.48379
1.48431
1.48488
1.48548
1.48612
1.48679
1.48749
1.4882
1.48894
1.48968
1.49044
1.4912
1.49197
1.49273
1.49348
1.49421
1.49494
1.49564
1.49631
1.49695
1.49757
1.49814
1.49867
1.49916
1.4996
1.49999
1.50033
1.50061
1.50083
1.50098
1.50108
1.5011
1.50106
1.50095
1.50076
1.50051
1.50018
1.49977
1.49929
1.49874
1.49811
1.49741
1.49663
1.49578
1.49486
1.49386
1.4928
1.49166
1.49046
1.4892
1.48787
1.48648
1.48503
1.48352
1.48196
1.48035
1.47868
1.47697
1.47522
1.47342
1.47158
1.46971
1.4678
1.46586
1.46389
1.4619
1.45988
1.45785
1.45579
1.45372
1.45164
1.44955
1.44745
1.44534
1.44323
1.44112
1.43901
1.43691
1.43481
1.43272
1.43065
1.42858
1.42654
1.42451
1.4225
1.42051
1.41855
1.41662
1.41471
1.41283
1.41099
1.40918
1.40741
1.40568
1.40398
1.40233
1.40073
1.39917
1.39766
1.3962
1.39479
1.39344
1.39215
1.39091
1.38974
1.38863
1.38759
1.38661
1.38571
1.38487
1.38411
1.38342
1.38281
1.38228
1.38183
1.38147
1.38119
1.381
1.38089
1.38088
1.38095
1.38113
1.38139
1.38176
1.38222
1.38278
1.38345
1.38421
1.38509
1.38606
1.38715
1.38834
1.38963
1.39104
1.39255
1.39418
1.39591
1.39775
1.3997
1.40176
1.40393
1.4062
1.40859
1.41108
1.41367
1.41637
1.41917
1.42208
1.42508
1.42818
1.43138
1.43467
1.43806
1.44153
1.44509
1.44874
1.45246
1.45626
1.46014
1.46408
1.4681
1.47218
1.47631
1.4805
1.48475
1.48904
1.49337
1.49774
1.50215
1.50659
1.51105
1.51554
1.52004
1.52456
1.52908
1.53361
1.53814
1.54266
1.54717
1.55167
1.55614
1.5606
1.56503
1.56942
1.57378
1.57811
1.58239
1.58662
1.5908
1.59493
1.599
1.60301
1.60696
1.61084
1.61465
1.61838
1.62204
1.62562
1.62913
1.63254
1.63587
1.63912
1.64228
1.64534
1.64832
1.6512
1.65398
1.65667
1.65926
1.66175
1.66414
1.66643
1.66863
1.67072
1.67271
1.6746
1.67639
1.67808
1.67967
1.68116
1.68255
1.68384
1.68504
1.68614
1.68714
1.68806
1.68887
1.6896
1.69024
1.6908
1.69127
1.69165
1.69196
1.69218
1.69234
1.69242
1.69242
1.69236
1.69224
1.69206
1.69181
1.69151
1.69116
1.69075
1.6903
1.68981
1.68928
1.68871
1.6881
1.68747
1.68681
1.68613
1.68542
1.6847
1.68397
1.68322
1.68247
1.68171
1.68095
1.68019
1.67943
1.67869
1.67795
1.67722
1.67651
1.67582
1.67515
1.67449
1.67387
1.67326
1.67269
1.67215
1.67164
1.67116
1.67072
1.67031
1.66995
1.66962
1.66934
1.6691
1.6689
1.66875
1.66864
1.66859
1.66858
1.66862
1.66871
1.66885
1.66904
1.66928
1.66958
1.66992
1.67032
1.67076
1.67126
1.67181
1.67241
1.67305
1.67375
1.67449
1.67529
1.67612
1.677
1.67792
1.67888
1.67989
1.68093
1.682
1.68311
1.68425
1.68542
1.68661
1.68783
1.68908
1.69034
1.69162
1.69291
1.69421
1.69552
1.69684
1.69817
1.69949
1.70081
1.70213
1.70344
1.70474
1.70602
1.70729
1.70854
1.70977
1.71098
1.71216
1.71331
1.71443
1.71552
1.71657
1.71758
1.71856
1.71949
1.72039
1.72123
1.72203
1.72279
1.72349
1.72414
1.72474
1.72528
1.72578
1.72621
1.7266
1.72692
1.72719
1.7274
1.72755
1.72764
1.72767
1.72764
1.72755
1.7274
1.72719
1.72692
1.72659
1.72619
1.72574
1.72523
1.72465
1.72401
1.72332
1.72256
1.72174
1.72086
1.71992
1.71893
1.71787
1.71676
1.71558
1.71435
1.71306
1.71172
1.71032
1.70886
1.70735
1.70579
1.70417
1.70249
1.70077
1.69899
1.69716
1.69527
1.69334
1.69136
1.68934
1.68726
1.68514
1.68298
1.68077
1.67852
1.67623
1.6739
1.67154
1.66913
1.66669
1.66422
1.66171
1.65918
1.65661
1.65402
1.6514
1.64876
1.6461
1.64342
1.64073
1.63802
1.6353
1.63257
1.62984
1.6271
1.62436
1.62162
1.61888
1.61615
1.61344
1.61073
1.60804
1.60537
1.60273
1.6001
1.59751
1.59494
1.59241
1.58992
1.58746
1.58505
1.58268
1.58036
1.5781
1.57588
1.57372
1.57162
1.56958
1.56761
1.5657
1.56386
1.56208
1.56038
1.55875
1.55719
1.5557
1.55429
1.55295
1.55169
1.5505
1.54938
1.54834
1.54737
1.54648
1.54566
1.54491
1.54422
1.5436
1.54305
1.54256
1.54213
1.54176
1.54145
1.54119
1.54098
1.54081
1.54069
1.54062
1.54058
1.54058
1.5406
1.54066
1.54075
1.54085
1.54098
1.54112
1.54127
1.54144
1.54161
1.54179
1.54197
1.54215
1.54233
1.5425
1.54267
1.54283
1.54299
1.54313
1.54326
1.54339
1.54349
1.54359
1.54367
1.54374
1.5438
1.54384
1.54387
1.54389
1.5439
1.5439
1.54389
1.54388
1.54386
1.54385
1.54383
1.54381
1.5438
1.5438
1.5438
1.54382
1.54385
1.54391
1.54398
1.54407
1.5442
1.54435
1.54453
1.54475
1.545
1.54529
1.54562
1.546
1.54642
1.54689
1.54741
1.54797
1.54859
1.54926
1.54999
1.55077
1.5516
1.55249
1.55343
1.55443
1.55548
1.55659
1.55774
1.55895
1.56021
1.56152
1.56288
1.56428
1.56573
1.56722
1.56874
1.57031
1.57191
1.57354
1.5752
1.57689
1.57861
1.58035
1.58211
1.58388
1.58567
1.58747
1.58928
1.59109
1.5929
1.59472
1.59653
1.59833
1.60012
1.60191
1.60368
1.60543
1.60716
1.60887
1.61055
1.61221
1.61384
1.61543
1.61699
1.61851
1.62
1.62144
1.62284
1.62419
1.6255
1.62676
1.62797
1.62912
1.63022
1.63127
1.63226
1.63319
1.63406
1.63487
1.63561
1.63629
1.63691
1.63746
1.63794
1.63836
1.63871
1.63898
1.63919
1.63933
1.6394
1.63939
1.63932
1.63917
1.63896
1.63867
1.63832
1.63789
1.6374
1.63684
1.63621
1.63552
1.63475
1.63392
1.63303
1.63208
1.63106
1.62998
1.62885
1.62765
1.6264
1.6251
1.62374
1.62232
1.62086
1.61935
1.61779
1.61619
1.61454
1.61286
1.61113
1.60936
1.60756
1.60573
1.60386
1.60197
1.60005
1.5981
1.59613
1.59415
1.59214
1.59013
1.5881
1.58606
1.58401
1.58197
1.57992
1.57787
1.57583
1.5738
1.57178
1.56978
1.56779
1.56582
1.56388
1.56196
1.56008
1.55823
1.55642
1.55465
1.55292
1.55123
1.5496
1.54802
1.54649
1.54502
1.54361
1.54226
1.54097
1.53975
1.53859
1.53751
1.53649
1.53554
1.53466
1.53385
1.53311
1.53244
1.53185
1.53132
1.53087
1.53048
1.53016
1.5299
1.5297
1.52957
1.5295
1.52948
1.52952
1.5296
1.52974
1.52993
1.53015
1.53042
1.53073
1.53107
1.53145
1.53185
1.53228
1.53274
1.53321
1.53371
1.53422
1.53475
1.53529
1.53584
1.5364
1.53696
1.53753
1.5381
1.53868
1.53926
1.53983
1.54041
1.54098
1.54155
1.54212
1.54269
1.54325
1.54381
1.54436
1.54491
1.54547
1.54601
1.54656
1.54711
1.54765
1.5482
1.54875
1.5493
1.54986
1.55042
1.55098
1.55156
1.55214
1.55273
1.55333
1.55395
1.55457
1.55521
1.55586
1.55653
1.55722
1.55792
1.55865
1.55939
1.56015
1.56093
1.56174
1.56256
1.56341
1.56429
1.56519
1.56611
1.56705
1.56802
1.56901
1.57002
1.57106
1.57212
1.5732
1.5743
1.57543
1.57657
1.57774
1.57892
1.58013
1.58135
1.58259
1.58385
1.58512
1.58641
1.58771
1.58903
1.59036
1.5917
1.59306
1.59442
1.5958
1.59719
1.59859
1.6
1.60141
1.60284
1.60428
1.60572
1.60717
1.60863
1.6101
1.61157
1.61306
1.61455
1.61606
1.61757
1.61909
1.62062
1.62216
1.62372
1.62528
1.62685
1.62844
1.63004
1.63165
1.63328
1.63492
1.63657
1.63823
1.63991
1.6416
1.64331
1.64503
1.64677
1.64852
1.65029
1.65206
1.65385
1.65565
1.65747
1.65929
1.66112
1.66297
1.66482
1.66668
1.66854
1.67041
1.67228
1.67416
1.67604
1.67792
1.67979
1.68166
1.68353
1.68538
1.68723
1.68906
1.69088
1.69268
1.69447
1.69623
1.69797
1.69969
1.70138
1.70305
1.70468
1.70629
1.70786
1.70939
1.71089
1.71235
1.71377
1.71514
1.71648
1.71777
1.71901
1.72021
1.72135
1.72245
1.72349
1.72449
1.72543
1.72631
1.72714
1.72792
1.72864
1.72931
1.72992
1.73047
1.73097
1.73141
1.73179
1.73211
1.73237
1.73257
1.73271
1.73279
1.73281
1.73277
1.73267
1.73251
1.73229
1.732
1.73166
1.73125
1.73079
1.73026
1.72967
1.72902
1.72831
1.72753
1.7267
1.7258
1.72484
1.72382
1.72274
1.7216
1.72039
1.71913
1.7178
1.71641
1.71496
1.71345
1.71187
1.71024
1.70855
1.7068
1.70499
1.70312
1.7012
1.69921
1.69717
1.69507
1.69291
1.6907
1.68843
1.68611
1.68373
1.6813
1.67883
1.6763
1.67373
1.6711
1.66843
1.66572
1.66296
1.66017
1.65733
1.65445
1.65154
1.6486
1.64562
1.64262
1.63959
1.63653
1.63345
1.63035
1.62724
1.62411
1.62097
1.61782
1.61467
1.61152
1.60838
1.60524
1.60211
1.59899
1.5959
1.59282
1.58978
1.58677
1.58379
1.58085
1.57797
1.57513
1.57235
1.56963
1.56698
1.5644
1.5619
1.55948
1.55714
1.5549
1.55276
1.55072
1.54879
1.54697
1.54526
1.54368
1.54222
1.54088
1.53968
1.53861
1.53768
1.53689
1.53623
1.53571
1.53534
1.53511
1.53502
1.53507
1.53525
1.53558
1.53604
1.53663
1.53735
1.53819
1.53915
1.54023
1.54142
1.54272
1.54411
1.5456
1.54718
1.54884
1.55058
1.55238
1.55425
1.55618
1.55816
1.56018
1.56225
1.56434
1.56646
1.56861
1.57077
1.57294
1.57512
1.5773
1.57948
1.58165
1.58381
1.58596
1.58809
1.5902
1.59229
1.59436
1.5964
1.59841
1.6004
1.60235
1.60427
1.60616
1.60802
1.60984
1.61163
1.61339
1.61511
1.6168
1.61846
1.62008
1.62167
1.62323
1.62476
1.62626
1.62773
1.62916
1.63057
1.63195
1.63331
1.63464
1.63594
1.63721
1.63846
1.63969
1.64089
1.64207
1.64323
1.64436
1.64548
1.64657
1.64764
1.64869
1.64972
1.65072
1.65171
1.65267
1.65361
1.65453
1.65543
1.6563
1.65715
1.65798
1.65879
1.65958
1.66034
1.66107
1.66178
1.66247
1.66314
1.66378
1.6644
1.66499
1.66555
1.6661
1.66662
1.66711
1.66759
1.66804
1.66848
1.66889
1.66929
1.66968
1.67005
1.6704
1.67075
1.67109
1.67142
1.67175
1.67207
1.6724
1.67272
1.67305
1.67338
1.67372
1.67408
1.67444
1.67482
1.67521
1.67562
1.67605
1.67649
1.67695
1.67743
1.67793
1.67845
1.67898
1.67954
1.68011
1.68069
1.68128
1.68189
1.6825
1.68312
1.68374
1.68437
1.68498
1.6856
1.6862
1.68679
1.68736
1.68791
1.68844
1.68895
1.68942
1.68986
1.69026
1.69062
1.69094
1.69121
1.69143
1.6916
1.69172
1.69178
1.69178
1.69172
1.69161
1.69142
1.69118
1.69087
1.6905
1.69006
1.68955
1.68898
1.68834
1.68764
1.68687
1.68603
1.68513
1.68417
1.68315
1.68206
1.68092
1.67972
1.67845
1.67713
1.67576
1.67433
1.67285
1.67132
1.66974
1.66811
1.66644
1.66472
1.66296
1.66116
1.65932
1.65744
1.65553
1.65358
1.6516
1.64959
1.64755
1.64548
1.64339
1.64127
1.63913
1.63696
1.63478
1.63258
1.63037
1.62813
1.62589
1.62363
1.62136
1.61909
1.6168
1.61451
1.61221
1.60991
1.60761
1.60531
1.60301
1.60072
1.59842
1.59614
1.59386
1.59159
1.58934
1.5871
1.58487
1.58266
1.58047
1.57829
1.57615
1.57402
1.57193
1.56986
1.56782
1.56582
1.56385
1.56192
1.56003
1.55818
1.55637
1.55462
1.55291
1.55125
1.54964
1.5481
1.5466
1.54517
1.5438
1.5425
1.54126
1.54009
1.53899
1.53797
1.53701
1.53614
1.53534
1.53462
1.53398
1.53343
1.53295
1.53256
1.53226
1.53204
1.5319
1.53186
1.5319
1.53202
1.53224
1.53253
1.53292
1.53339
1.53394
1.53457
1.53528
1.53608
1.53694
1.53789
1.5389
1.53999
1.54114
1.54236
1.54365
1.54499
1.54639
1.54785
1.54936
1.55092
1.55252
1.55417
1.55586
1.55758
1.55934
1.56113
1.56296
1.5648
1.56667
1.56857
1.57048
1.57241
1.57435
1.57631
1.57828
1.58026
1.58224
1.58423
1.58623
1.58824
1.59025
1.59227
1.59429
1.59632
1.59835
1.60039
1.60243
1.60448
1.60653
1.6086
1.61067
1.61276
1.61485
1.61697
1.61909
1.62124
1.6234
1.62558
1.62779
1.63001
1.63226
1.63453
1.63683
1.63915
1.64151
1.64388
1.64629
1.64873
1.65119
1.65368
1.6562
1.65875
1.66133
1.66393
1.66656
1.66921
1.67188
1.67457
1.67728
1.68001
1.68276
1.68552
1.68828
1.69106
1.69384
1.69663
1.69941
1.70219
1.70496
1.70773
1.71048
1.71322
1.71594
1.71864
1.72132
1.72397
1.72658
1.72917
1.73172
1.73424
1.73671
1.73914
1.74153
1.74386
1.74615
1.74838
1.75055
1.75267
1.75473
1.75673
1.75866
1.76052
1.76232
1.76405
1.7657
1.76728
1.76878
1.77021
1.77155
1.77282
1.774
1.77509
1.7761
1.77703
1.77786
1.7786
1.77926
1.77982
1.78029
1.78066
1.78094
1.78113
1.78121
1.7812
1.7811
1.78089
1.78059
1.78019
1.7797
1.7791
1.77841
1.77762
1.77673
1.77574
1.77466
1.77348
1.77221
1.77084
1.76939
1.76784
1.7662
1.76447
1.76265
1.76075
1.75877
1.7567
1.75456
1.75233
1.75004
1.74767
1.74523
1.74273
1.74016
1.73754
1.73486
1.73212
1.72933
1.7265
1.72362
1.72071
1.71776
1.71478
1.71177
1.70874
1.70568
1.70262
1.69953
1.69644
1.69335
1.69026
1.68717
1.68409
1.68102
1.67797
1.67494
1.67193
1.66896
1.66602
1.66311
1.66025
1.65743
1.65465
1.65193
1.64927
1.64666
1.64411
1.64163
1.63921
1.63687
1.63459
1.63239
1.63026
1.62821
1.62623
1.62434
1.62253
1.62079
1.61914
1.61757
1.61607
1.61466
1.61333
1.61208
1.61091
1.60981
1.60879
1.60785
1.60697
1.60617
1.60544
1.60477
1.60416
1.60361
1.60313
1.60269
1.60231
1.60198
1.60169
1.60145
1.60125
1.60108
1.60095
1.60085
1.60077
1.60073
1.6007
1.60069
1.6007
1.60072
1.60076
1.6008
1.60084
1.60089
1.60094
1.60099
1.60103
1.60107
1.60111
1.60113
1.60115
1.60116
1.60115
1.60113
1.6011
1.60106
1.601
1.60093
1.60084
1.60073
1.60062
1.60049
1.60034
1.60018
1.60001
1.59983
1.59964
1.59943
1.59922
1.599
1.59877
1.59854
1.5983
1.59806
1.59782
1.59758
1.59734
1.5971
1.59686
1.59663
1.5964
1.59619
1.59598
1.59578
1.5956
1.59543
1.59528
1.59514
1.59502
1.59492
1.59484
1.59479
1.59475
1.59474
1.59476
1.5948
1.59487
1.59496
1.59508
1.59523
1.59541
1.59562
1.59586
1.59612
1.59642
1.59674
1.59709
1.59747
1.59788
1.59831
1.59877
1.59925
1.59975
1.60027
1.60081
1.60137
1.60195
1.60254
1.60315
1.60377
1.6044
1.60503
1.60567
1.60631
1.60696
1.6076
1.60824
1.60887
1.6095
1.61012
1.61073
1.61132
1.6119
1.61247
1.61301
1.61354
1.61404
1.61453
1.61499
1.61543
1.61584
1.61623
1.6166
1.61694
1.61726
1.61755
1.61782
1.61806
1.61828
1.61848
1.61866
1.61882
1.61897
1.61909
1.61921
1.61931
1.61941
1.61949
1.61958
1.61966
1.61975
1.61984
1.61994
1.62006
1.62019
1.62033
1.6205
1.62069
1.6209
1.62115
1.62143
1.62174
1.62209
1.62248
1.62291
1.62339
1.62391
1.62448
1.6251
1.62577
1.62649
1.62726
1.62808
1.62896
1.62989
1.63087
1.6319
1.63298
1.63411
1.63528
1.6365
1.63777
1.63908
1.64043
1.64182
1.64325
1.64472
1.64621
1.64774
1.64929
1.65086
1.65246
1.65408
1.65571
1.65736
1.65903
1.6607
1.66237
1.66405
1.66574
1.66742
1.6691
1.67077
1.67244
1.67409
1.67573
1.67736
1.67897
1.68057
1.68214
1.6837
1.68522
1.68672
1.6882
1.68964
1.69106
1.69244
1.69378
1.6951
1.69637
1.6976
1.6988
1.69995
1.70105
1.70211
1.70313
1.70409
1.70501
1.70587
1.70668
1.70743
1.70814
1.70878
1.70937
1.7099
1.71036
1.71077
1.71112
1.7114
1.71162
1.71178
1.71188
1.71191
1.71187
1.71177
1.71161
1.71138
1.71108
1.71072
1.71029
1.70981
1.70925
1.70864
1.70796
1.70721
1.70641
1.70554
1.70462
1.70364
1.7026
1.7015
1.70034
1.69914
1.69788
1.69656
1.6952
1.69379
1.69233
1.69083
1.68928
1.6877
1.68607
1.6844
1.6827
1.68096
1.67918
1.67738
1.67554
1.67368
1.67179
1.66987
1.66793
1.66598
1.664
1.662
1.65999
1.65796
1.65592
1.65387
1.65181
1.64975
1.64768
1.6456
1.64352
1.64145
1.63937
1.6373
1.63523
1.63317
1.63112
1.62908
1.62705
1.62503
1.62304
1.62105
1.61909
1.61715
1.61523
1.61333
1.61146
1.60962
1.6078
1.60601
1.60426
1.60254
1.60085
1.59919
1.59757
1.59599
1.59444
1.59293
1.59146
1.59004
1.58865
1.58731
1.586
1.58475
1.58353
1.58236
1.58123
1.58014
1.5791
1.57809
1.57714
1.57622
1.57535
1.57451
1.57372
1.57296
1.57225
1.57157
1.57093
1.57033
1.56976
1.56922
1.56872
1.56825
1.56781
1.5674
1.56702
1.56666
1.56633
1.56603
1.56574
1.56548
1.56524
1.56502
1.56482
1.56464
1.56447
1.56432
1.56418
1.56406
1.56394
1.56384
1.56376
1.56368
1.56361
1.56355
1.5635
1.56346
1.56342
1.56339
1.56337
1.56335
1.56334
1.56334
1.56333
1.56333
1.56334
1.56335
1.56335
1.56336
1.56338
1.56339
1.5634
1.56342
1.56343
1.56344
1.56346
1.56347
1.56348
1.56349
1.56349
1.56349
1.56349
1.56349
1.56348
1.56346
1.56344
1.56342
1.56339
1.56336
1.56332
1.56327
1.56321
1.56314
1.56307
1.56298
1.56289
1.56279
1.56268
1.56256
1.56242
1.56228
1.56213
1.56196
1.56179
1.5616
1.5614
1.56118
1.56095
1.56072
1.56046
1.5602
1.55992
1.55963
1.55933
1.55901
1.55868
1.55834
1.55799
1.55763
1.55726
1.55688
1.55648
1.55608
1.55567
1.55526
1.55483
1.55441
1.55398
1.55354
1.55311
1.55268
1.55225
1.55182
1.5514
1.551
1.5506
1.55022
1.54985
1.5495
1.54917
1.54887
1.54859
1.54834
1.54812
1.54794
1.54779
1.54769
1.54762
1.54761
1.54764
1.54772
1.54785
1.54804
1.54829
1.5486
1.54896
1.54939
1.54989
1.55044
1.55107
1.55176
1.55251
1.55333
1.55422
1.55517
1.55619
1.55726
1.5584
1.5596
1.56085
1.56216
1.56352
1.56493
1.56639
1.56789
1.56943
1.571
1.57261
1.57425
1.57591
1.57759
1.57928
1.58099
1.58271
1.58443
1.58616
1.58787
1.58958
1.59128
1.59296
1.59462
1.59626
1.59787
1.59945
1.601
1.60251
1.60399
1.60542
1.60681
1.60815
1.60944
1.61067
1.61186
1.61299
1.61407
1.61508
1.61604
1.61695
1.61779
1.61857
1.61929
1.61996
1.62056
1.6211
1.62159
1.62202
1.62239
1.62271
1.62297
1.62319
1.62335
1.62346
1.62353
1.62355
1.62354
1.62348
1.62339
1.62326
1.6231
1.62291
1.6227
1.62246
1.6222
1.62192
1.62163
1.62132
1.62101
1.62068
1.62035
1.62003
1.6197
1.61938
1.61906
1.61875
1.61845
1.61817
1.6179
1.61765
1.61741
1.6172
1.61701
1.61684
1.6167
1.61659
1.6165
1.61645
1.61642
1.61643
1.61647
1.61654
1.61664
1.61678
1.61695
1.61715
1.61739
1.61766
1.61797
1.61831
1.61868
1.61909
1.61952
1.61999
1.62049
1.62102
1.62158
1.62217
1.62279
1.62343
1.62409
1.62478
1.62549
1.62622
1.62697
1.62773
1.62852
1.62931
1.63012
1.63094
1.63177
1.63261
1.63346
1.63431
1.63516
1.63601
1.63686
1.63771
1.63855
1.63939
1.64022
1.64103
1.64184
1.64263
1.6434
1.64416
1.6449
1.64562
1.64631
1.64699
1.64764
1.64826
1.64886
1.64943
1.64997
1.65048
1.65096
1.65141
1.65182
1.6522
1.65254
1.65285
1.65313
1.65336
1.65357
1.65373
1.65386
1.65395
1.654
1.65402
1.65399
1.65393
1.65384
1.65371
1.65354
1.65333
1.65308
1.6528
1.65248
1.65212
1.65173
1.6513
1.65083
1.65033
1.64979
1.64921
1.6486
1.64795
1.64726
1.64654
1.64578
1.64498
1.64414
1.64327
1.64235
1.6414
1.64041
1.63939
1.63832
1.63721
1.63606
1.63487
1.63364
1.63236
1.63104
1.62968
1.62827
1.62682
1.62532
1.62378
1.62219
1.62056
1.61888
1.61716
1.61539
1.61357
1.61171
1.60981
1.60786
1.60587
1.60384
1.60177
1.59966
1.59751
1.59533
1.59311
1.59086
1.58859
1.58629
1.58397
1.58164
1.57929
1.57694
1.57457
1.57221
1.56986
1.56751
1.56518
1.56287
1.56058
1.55833
1.55611
1.55394
1.55181
1.54974
1.54773
1.54578
1.54391
1.54211
1.54038
1.53875
1.5372
1.53575
1.53439
1.53313
1.53197
1.53092
1.52997
1.52914
1.52841
1.52778
1.52727
1.52686
1.52656
1.52637
1.52627
1.52628
1.52638
1.52657
1.52685
1.52721
1.52765
1.52817
1.52875
1.52939
1.53009
1.53085
1.53164
1.53248
1.53335
1.53425
1.53517
1.53611
1.53705
1.538
1.53895
1.53989
1.54082
1.54173
1.54263
1.54349
1.54433
1.54513
1.54589
1.54661
1.54729
1.54793
1.54851
1.54904
1.54952
1.54994
1.55031
1.55062
1.55087
1.55107
1.5512
1.55128
1.55129
1.55125
1.55115
1.55099
1.55077
1.5505
1.55017
1.54979
1.54936
1.54887
1.54834
1.54776
1.54714
1.54647
1.54576
1.54501
1.54423
1.54341
1.54257
1.54169
1.54079
1.53987
1.53892
1.53796
1.53699
1.53601
1.53502
1.53403
1.53303
1.53204
1.53105
1.53008
1.52911
1.52816
1.52724
1.52633
1.52546
1.52461
1.52381
1.52304
1.52231
1.52163
1.521
1.52042
1.5199
1.51945
1.51906
1.51873
1.51848
1.51831
1.51821
1.5182
1.51827
1.51842
1.51867
1.51901
1.51945
1.51999
1.52063
1.52137
1.52222
1.52318
1.52423
1.5254
1.52668
1.52806
1.52956
1.53116
1.53287
1.53468
1.5366
1.53863
1.54076
1.54299
1.54531
1.54774
1.55025
1.55286
1.55555
1.55832
1.56117
1.56409
1.56708
1.57014
1.57325
1.57642
1.57964
1.5829
1.5862
1.58953
1.5929
1.59628
1.59968
1.60309
1.6065
1.60991
1.61332
1.61671
1.62009
1.62344
1.62676
1.63005
1.6333
1.6365
1.63966
1.64276
1.6458
1.64879
1.6517
1.65455
1.65732
1.66002
1.66263
1.66516
1.66761
1.66996
1.67223
1.6744
1.67647
1.67845
1.68032
1.6821
1.68377
1.68534
1.68681
1.68817
1.68942
1.69057
1.69161
1.69255
1.69337
1.6941
1.69471
1.69522
1.69563
1.69593
1.69613
1.69623
1.69623
1.69612
1.69592
1.69562
1.69522
1.69473
1.69415
1.69348
1.69272
1.69186
1.69093
1.68991
1.68881
1.68762
1.68636
1.68503
1.68362
1.68214
1.68059
1.67897
1.67728
1.67554
1.67373
1.67186
1.66994
1.66797
1.66594
1.66386
1.66174
1.65957
1.65736
1.65511
1.65283
1.6505
1.64815
1.64577
1.64336
1.64092
1.63846
1.63599
1.63349
1.63098
1.62846
1.62593
1.6234
1.62085
1.61831
1.61577
1.61324
1.61071
1.6082
1.60569
1.60321
1.60074
1.5983
1.59587
1.59348
1.59112
1.58879
1.58649
1.58423
1.58201
1.57984
1.5777
1.57562
1.57358
1.57159
1.56966
1.56778
1.56595
1.56419
1.56248
1.56083
1.55923
1.5577
1.55623
1.55482
1.55347
1.55219
1.55096
1.5498
1.54869
1.54765
1.54666
1.54573
1.54486
1.54404
1.54328
1.54257
1.54191
1.5413
1.54073
1.54021
1.53973
1.53929
1.53889
1.53852
1.53819
1.53788
1.53761
1.53736
1.53713
1.53692
1.53673
1.53655
1.53638
1.53623
1.53608
1.53594
1.5358
1.53566
1.53552
1.53538
1.53522
1.53506
1.53489
1.53471
1.53451
1.5343
1.53407
1.53382
1.53355
1.53326
1.53294
1.5326
1.53223
1.53183
1.53141
1.53096
1.53047
1.52996
1.52942
1.52885
1.52825
1.52761
1.52695
1.52625
1.52553
1.52477
1.52398
1.52317
1.52232
1.52145
1.52055
1.51963
1.51868
1.51771
1.51672
1.5157
1.51467
1.51362
1.51256
1.51149
1.5104
1.50931
1.50822
1.50712
1.50602
1.50492
1.50383
1.50275
1.50168
1.50062
1.49958
1.49855
1.49755
1.49658
1.49563
1.49471
1.49383
1.49298
1.49217
1.4914
1.49067
1.48998
1.48934
1.48875
1.48821
1.48772
1.48727
1.48688
1.48654
1.48626
1.48603
1.48586
1.48574
1.48568
1.48567
1.48571
1.48581
1.48597
1.48617
1.48643
1.48674
1.4871
1.48751
1.48798
1.48849
1.48905
1.48966
1.49032
1.49102
1.49177
1.49257
1.49341
1.49429
1.49522
1.4962
1.49722
1.49829
1.4994
1.50055
1.50175
1.50299
1.50428
1.50561
1.50699
1.50842
1.50989
1.5114
1.51296
1.51456
1.51621
1.5179
1.51963
1.52141
1.52323
1.52509
1.527
1.52894
1.53092
1.53294
1.535
1.5371
1.53922
1.54138
1.54356
1.54577
1.54801
1.55027
1.55254
1.55484
1.55714
1.55946
1.56178
1.56411
