-5.07267
-5.07545
-5.07806
-5.0802
-5.08246
-5.08499
-5.08765
-5.09043
-5.09302
-5.09543
-5.09719
-5.09952
-5.1018
-5.10374
-5.10578
-5.10807
-5.11032
-5.1122
-5.11434
-5.11611
-5.11798
-5.11948
-5.12108
-5.12291
-5.12468
-5.12623
-5.12802
-5.1296
-5.13095
-5.13254
-5.13376
-5.13477
-5.136
-5.13732
-5.13827
-5.13901
-5.13998
-5.14073
-5.14127
-5.14175
-5.14201
-5.14282
-5.14297
-5.1432
-5.14354
-5.14382
-5.14405
-5.14437
-5.1445
-5.14473
-5.14461
-5.14476
-5.14471
-5.14446
-5.14434
-5.14372
-5.14413
-5.14405
-5.14394
-5.1438
-5.14334
-5.14315
-5.14219
-5.14165
-5.1411
-5.14038
-5.1398
-5.1395
-5.13888
-5.13856
-5.13822
-5.13787
-5.13722
-5.13715
-5.13663
-5.13595
-5.13542
-5.13488
-5.13464
-5.13425
-5.13385
-5.13345
-5.13275
-5.1322
-5.13119
-5.13063
-5.13007
-5.12921
-5.1288
-5.12823
-5.12752
-5.12725
-5.12668
-5.12595
-5.12553
-5.12494
-5.12451
-5.12391
-5.12362
-5.12316
-5.1224
-5.12177
-5.12099
-5.12035
-5.11969
-5.11933
-5.11864
-5.1181
-5.11708
-5.11635
-5.11575
-5.11513
-5.11433
-5.11382
-5.11253
-5.11167
-5.11077
-5.10985
-5.10875
-5.10747
-5.10631
-5.10557
-5.10419
-5.10307
-5.10177
-5.10043
-5.09921
-5.09824
-5.09694
-5.09574
-5.09435
-5.09307
-5.09174
-5.08977
-5.08836
-5.08676
-5.08496
-5.08327
-5.08108
-5.0793
-5.07763
-5.07576
-5.074
-5.0722
-5.07021
-5.06818
-5.06611
-5.06384
-5.062
-5.05997
-5.05775
-5.0558
-5.05351
-5.0512
-5.0484
-5.04573
-5.04334
-5.04077
-5.03787
-5.03541
-5.03294
-5.03044
-5.02793
-5.02526
-5.02289
-5.0202
-5.01781
-5.01526
-5.01256
-5.01002
-5.00732
-5.00478
-5.0021
-4.99957
-4.99706
-4.99456
-4.99222
-4.99005
-4.9879
-4.98517
-4.98275
-4.98036
-4.97785
-4.97566
-4.97319
-4.97121
-4.9688
-4.96702
-4.96482
-4.96266
-4.96052
-4.95857
-4.9562
-4.95401
-4.95201
-4.95034
-4.94826
-4.94621
-4.94405
-4.94283
-4.94089
-4.93898
-4.93727
-4.93558
-4.93394
-4.93232
-4.93074
-4.92904
-4.92753
-4.9262
-4.92476
-4.92304
-4.92136
-4.92001
-4.91869
-4.91755
-4.91645
-4.91522
-4.91403
-4.91317
-4.9122
-4.9111
-4.91003
-4.909
-4.908
-4.90749
-4.90672
-4.90598
-4.90498
-4.90431
-4.90354
-4.90296
-4.90197
-4.90133
-4.90089
-4.9005
-4.89985
-4.89926
-4.89888
-4.89856
-4.89845
-4.89824
-4.89811
-4.89789
-4.89789
-4.89796
-4.8978
-4.89817
-4.89846
-4.89898
-4.89958
-4.90025
-4.90086
-4.90154
-4.90215
-4.90299
-4.90391
-4.9049
-4.90582
-4.90711
-4.90818
-4.90916
-4.91051
-4.91209
-4.91372
-4.91526
-4.917
-4.9188
-4.9205
-4.92209
-4.92356
-4.92537
-4.92737
-4.92924
-4.93113
-4.93319
-4.93526
-4.93703
-4.93881
-4.94074
-4.94296
-4.94487
-4.94677
-4.9485
-4.9502
-4.95158
-4.95307
-4.95499
-4.95672
-4.95856
-4.9602
-4.96196
-4.96351
-4.96517
-4.96617
-4.96726
-4.96876
-4.97035
-4.97143
-4.97245
-4.97357
-4.97447
-4.97531
-4.97595
-4.97712
-4.97793
-4.97869
-4.97923
-4.98017
-4.98029
-4.98112
-4.98173
-4.98214
-4.9822
-4.98235
-4.98246
-4.98267
-4.98283
-4.98294
-4.98256
-4.98258
-4.98242
-4.98252
-4.98244
-4.98247
-4.98232
-4.98229
-4.98178
-4.98155
-4.98145
-4.98072
-4.98043
-4.98027
-4.97965
-4.97917
-4.97914
-4.9788
-4.97845
-4.97841
-4.97822
-4.97773
-4.97755
-4.97739
-4.97693
-4.97664
-4.97607
-4.97612
-4.97589
-4.97599
-4.97566
-4.97582
-4.97602
-4.97579
-4.9759
-4.97591
-4.97626
-4.97635
-4.97649
-4.97652
-4.97676
-4.9769
-4.97709
-4.97734
-4.97795
-4.97816
-4.97874
-4.97953
-4.98023
-4.98084
-4.98151
-4.98225
-4.98335
-4.98422
-4.98575
-4.98705
-4.98841
-4.98997
-4.99115
-4.99254
-4.99353
-4.99487
-4.99658
-4.99803
-4.99984
-5.00139
-5.00313
-5.00462
-5.00645
-5.00831
-5.01006
-5.01183
-5.01379
-5.01592
-5.01762
-5.01933
-5.02152
-5.02356
-5.02561
-5.02766
-5.02957
-5.03147
-5.03351
-5.03554
-5.03787
-5.04002
-5.04216
-5.04412
-5.0462
-5.04826
-5.05013
-5.05182
-5.05362
-5.05553
-5.05725
-5.05862
-5.06009
-5.06181
-5.06317
-5.06433
-5.06558
-5.06662
-5.06805
-5.06956
-5.07071
-5.0718
-5.07296
-5.0739
-5.07477
-5.07527
-5.07614
-5.07679
-5.07752
-5.07801
-5.07873
-5.07892
-5.07933
-5.07966
-5.07961
-5.07948
-5.07957
-5.07989
-5.07937
-5.07922
-5.07855
-5.07809
-5.07757
-5.07681
-5.07628
-5.07538
-5.07395
-5.07335
-5.07254
-5.07166
-5.07041
-5.0691
-5.06773
-5.066
-5.06452
-5.06313
-5.06184
-5.06036
-5.05882
-5.0571
-5.05549
-5.05384
-5.0523
-5.05089
-5.04946
-5.04769
-5.04591
-5.04396
-5.042
-5.04047
-5.03894
-5.03696
-5.03527
-5.03328
-5.0313
-5.02947
-5.02811
-5.02631
-5.02482
-5.02305
-5.0213
-5.01972
-5.01787
-5.01649
-5.01499
-5.01352
-5.01192
-5.01006
-5.00869
-5.00719
-5.00574
-5.00417
-5.00233
-5.00099
-4.99953
-4.99812
-4.99689
-4.99571
-4.99487
-4.99346
-4.99225
-4.99138
-4.9904
-4.98931
-4.98856
-4.98755
-4.98673
-4.98595
-4.98521
-4.98481
-4.984
-4.98277
-4.98233
-4.98178
-4.98127
-4.98079
-4.98035
-4.97979
-4.97957
-4.97953
-4.97922
-4.9788
-4.97871
-4.9785
-4.97802
-4.97772
-4.97776
-4.97783
-4.97762
-4.97744
-4.97775
-4.97778
-4.9777
-4.97794
-4.9779
-4.9782
-4.97823
-4.97858
-4.97881
-4.97952
-4.97966
-4.97997
-4.98001
-4.98038
-4.98078
-4.98135
-4.98165
-4.98228
-4.98294
-4.98318
-4.98374
-4.98449
-4.98481
-4.98515
-4.98568
-4.98654
-4.98728
-4.98819
-4.98884
-4.98966
-4.99036
-4.9911
-4.99171
-4.99235
-4.99332
-4.99432
-4.99535
-4.99655
-4.99794
-4.99921
-5.00066
-5.00213
-5.00333
-5.00441
-5.00582
-5.0074
-5.00856
-5.0099
-5.01096
-5.0125
-5.01407
-5.01536
-5.01682
-5.01846
-5.02027
-5.02195
-5.02366
-5.02508
-5.02667
-5.02828
-5.02991
-5.03155
-5.03336
-5.03548
-5.03717
-5.03871
-5.04056
-5.04212
-5.04384
-5.04556
-5.04728
-5.04885
-5.05041
-5.05228
-5.0543
-5.05585
-5.05785
-5.05968
-5.06105
-5.06286
-5.0645
-5.06612
-5.06772
-5.06959
-5.07114
-5.07282
-5.07416
-5.07592
-5.0772
-5.07844
-5.07995
-5.08157
-5.08285
-5.08378
-5.08497
-5.08597
-5.08722
-5.08812
-5.08912
-5.09023
-5.09098
-5.09137
-5.09232
-5.09307
-5.09376
-5.09424
-5.09481
-5.09549
-5.09595
-5.09621
-5.09626
-5.09655
-5.09694
-5.09697
-5.09709
-5.0973
-5.09701
-5.09681
-5.09686
-5.09639
-5.09633
-5.09591
-5.09543
-5.09505
-5.09462
-5.09399
-5.09315
-5.09257
-5.09178
-5.09079
-5.09006
-5.08912
-5.08875
-5.08772
-5.08695
-5.08568
-5.08436
-5.08361
-5.08251
-5.08121
-5.07988
-5.07896
-5.07769
-5.07624
-5.07459
-5.07366
-5.07224
-5.07108
-5.06974
-5.06775
-5.06619
-5.06458
-5.06295
-5.06142
-5.05972
-5.05783
-5.05636
-5.0544
-5.05241
-5.05085
-5.04895
-5.04702
-5.04506
-5.04307
-5.04091
-5.03886
-5.03664
-5.03454
-5.03271
-5.03086
-5.02869
-5.02648
-5.02441
-5.02201
-5.01959
-5.01714
-5.01498
-5.0128
-5.0103
-5.00777
-5.00508
-5.00238
-5.00011
-4.99767
-4.99553
-4.99291
-4.99044
-4.98766
-4.98517
-4.98298
-4.98017
-4.97767
-4.97501
-4.97265
-4.97029
-4.96779
-4.96513
-4.96279
-4.96014
-4.95751
-4.95519
-4.95303
-4.95059
-4.94816
-4.9453
-4.94306
-4.9407
-4.93836
-4.93604
-4.93376
-4.93181
-4.9296
-4.92742
-4.92573
-4.92379
-4.92174
-4.91988
-4.91808
-4.91588
-4.91358
-4.91179
-4.91006
-4.9087
-4.90725
-4.90601
-4.90485
-4.90331
-4.90214
-4.90075
-4.89989
-4.89881
-4.89751
-4.89674
-4.89576
-4.89487
-4.89407
-4.89397
-4.89366
-4.89329
-4.89332
-4.8933
-4.89322
-4.89324
-4.89335
-4.89372
-4.89433
-4.89474
-4.8951
-4.89556
-4.89611
-4.89676
-4.8975
-4.89849
-4.89957
-4.9006
-4.90201
-4.90321
-4.90465
-4.90603
-4.90763
-4.90947
-4.91139
-4.91309
-4.91516
-4.91715
-4.91951
-4.92134
-4.92354
-4.92625
-4.92857
-4.93079
-4.93337
-4.93585
-4.93838
-4.94096
-4.94358
-4.94625
-4.94895
-4.95199
-4.95446
-4.95696
-4.95978
-4.96249
-4.96536
-4.96796
-4.97087
-4.97426
-4.9772
-4.98
-4.98296
-4.98592
-4.98874
-4.9917
-4.99452
-4.99718
-5.00059
-5.00369
-5.00693
-5.00986
-5.01262
-5.01521
-5.01809
-5.02079
-5.02331
-5.02597
-5.02874
-5.03119
-5.0339
-5.03613
-5.03878
-5.04169
-5.04441
-5.04709
-5.05003
-5.05292
-5.05532
-5.05752
-5.05983
-5.06208
-5.06428
-5.06612
-5.06836
-5.07024
-5.07222
-5.07413
-5.07613
-5.07822
-5.0801
-5.08145
-5.08305
-5.08427
-5.08587
-5.08756
-5.08872
-5.0901
-5.09142
-5.09266
-5.09398
-5.09506
-5.09638
-5.09731
-5.09771
-5.09848
-5.09902
-5.09933
-5.09971
-5.09986
-5.10023
-5.10051
-5.10056
-5.10068
-5.10071
-5.10067
-5.10054
-5.10017
-5.09958
-5.09935
-5.0989
-5.09776
-5.09775
-5.09721
-5.09598
-5.09499
-5.09407
-5.09277
-5.0914
-5.09011
-5.08875
-5.08702
-5.08583
-5.08427
-5.08265
-5.08083
-5.07909
-5.07715
-5.07515
-5.07326
-5.07117
-5.06934
-5.06716
-5.06479
-5.0627
-5.06072
-5.05856
-5.05607
-5.05417
-5.05195
-5.04971
-5.04762
-5.04552
-5.04356
-5.04116
-5.03922
-5.03684
-5.03462
-5.03258
-5.03041
-5.02811
-5.02616
-5.02424
-5.02236
-5.02038
-5.01861
-5.01734
-5.01584
-5.01395
-5.01228
-5.01084
-5.00934
-5.00806
-5.00688
-5.00564
-5.00449
-5.00345
-5.00236
-5.00138
-5.00081
-5.00036
-5.00002
-4.99965
-4.9991
-4.99912
-4.99912
-4.99925
-4.99949
-5.00002
-5.00097
-5.0019
-5.0025
-5.00337
-5.00451
-5.00562
-5.00654
-5.00788
-5.00948
-5.01103
-5.01253
-5.01444
-5.01598
-5.01822
-5.02009
-5.02233
-5.0242
-5.02628
-5.02873
-5.03123
-5.03348
-5.03592
-5.0384
-5.04091
-5.04329
-5.04614
-5.04871
-5.05143
-5.0537
-5.05642
-5.05882
-5.06106
-5.06343
-5.06563
-5.06809
-5.07052
-5.07307
-5.07511
-5.07757
-5.07983
-5.08188
-5.08373
-5.08597
-5.08786
-5.08998
-5.09234
-5.09403
-5.09596
-5.09766
-5.09885
-5.10027
-5.10207
-5.10336
-5.10472
-5.10616
-5.10708
-5.10854
-5.10963
-5.11095
-5.11175
-5.11248
-5.11345
-5.11391
-5.1146
-5.11507
-5.11534
-5.11554
-5.11599
-5.11683
-5.11716
-5.11758
-5.1178
-5.11752
-5.11763
-5.11769
-5.1177
-5.11781
-5.11757
-5.11743
-5.11709
-5.11716
-5.11673
-5.11655
-5.11573
-5.11471
-5.11425
-5.1139
-5.1135
-5.11261
-5.11183
-5.11116
-5.11015
-5.1094
-5.10891
-5.10809
-5.10768
-5.10663
-5.10585
-5.10488
-5.10388
-5.10285
-5.10193
-5.10084
-5.09987
-5.09902
-5.09785
-5.09666
-5.09574
-5.09436
-5.09296
-5.09154
-5.09011
-5.08852
-5.08692
-5.08577
-5.08386
-5.08271
-5.08156
-5.0798
-5.07836
-5.07707
-5.07565
-5.07454
-5.07314
-5.07191
-5.0707
-5.06936
-5.0682
-5.06691
-5.06595
-5.06471
-5.06381
-5.06264
-5.06195
-5.0613
-5.06007
-5.05903
-5.05818
-5.05736
-5.05628
-5.05583
-5.05497
-5.0543
-5.05381
-5.05335
-5.05247
-5.05208
-5.05142
-5.05109
-5.05063
-5.04975
-5.04905
-5.04837
-5.04787
-5.04769
-5.04738
-5.04678
-5.04665
-5.04668
-5.04643
-5.04558
-5.04519
-5.04495
-5.04472
-5.04494
-5.0447
-5.04446
-5.04452
-5.04412
-5.04416
-5.04373
-5.0433
-5.04285
-5.04238
-5.04204
-5.04169
-5.04116
-5.04061
-5.04049
-5.03989
-5.03956
-5.03906
-5.03868
-5.03843
-5.03785
-5.03708
-5.03644
-5.03531
-5.03446
-5.03403
-5.03327
-5.03248
-5.03152
-5.03098
-5.03011
-5.02937
-5.02845
-5.02736
-5.02625
-5.02542
-5.02473
-5.02326
-5.02254
-5.02135
-5.0206
-5.01955
-5.01848
-5.01712
-5.01605
-5.01469
-5.01363
-5.01288
-5.01199
-5.01111
-5.01009
-5.00909
-5.00826
-5.00715
-5.00636
-5.0059
-5.00502
-5.00401
-5.00319
-5.00225
-5.0012
-5.00033
-4.99966
-4.99918
-4.99858
-4.99773
-4.99737
-4.99706
-4.9971
-4.99688
-4.99671
-4.99643
-4.9962
-4.99557
-4.99574
-4.9955
-4.99591
-4.99636
-4.99611
-4.99619
-4.99678
-4.99725
-4.99792
-4.99817
-4.99831
-4.99893
-4.99914
-4.99968
-5.00056
-5.00116
-5.00148
-5.00199
-5.00267
-5.00321
-5.00378
-5.00437
-5.00497
-5.00574
-5.00667
-5.00716
-5.00781
-5.00862
-5.00944
-5.01027
-5.01034
-5.01102
-5.01154
-5.01253
-5.01321
-5.01373
-5.01425
-5.01477
-5.01528
-5.01579
-5.01629
-5.01648
-5.01697
-5.0176
-5.01822
-5.01914
-5.01974
-5.02034
-5.02093
-5.02151
-5.02223
-5.0228
-5.02351
-5.02391
-5.0243
-5.02499
-5.02553
-5.02606
-5.02659
-5.02697
-5.02749
-5.02786
-5.02869
-5.02936
-5.03004
-5.03027
-5.03065
-5.03103
-5.03172
-5.03227
-5.03343
-5.03429
-5.0347
-5.03512
-5.0357
-5.03629
-5.03704
-5.03764
-5.03795
-5.03871
-5.03919
-5.03997
-5.04075
-5.04139
-5.04203
-5.04267
-5.04347
-5.04381
-5.0446
-5.04478
-5.04526
-5.04588
-5.04619
-5.04678
-5.04737
-5.04778
-5.04833
-5.0487
-5.0489
-5.04952
-5.04997
-5.05038
-5.0509
-5.05109
-5.05094
-5.0515
-5.05157
-5.05189
-5.05232
-5.05224
-5.05226
-5.05223
-5.05214
-5.05215
-5.05195
-5.05184
-5.05137
-5.05085
-5.05026
-5.05007
-5.04922
-5.04891
-5.0484
-5.04752
-5.0469
-5.04607
-5.04504
-5.04411
-5.04299
-5.04197
-5.04107
-5.03967
-5.0387
-5.03755
-5.03637
-5.03517
-5.03411
-5.03273
-5.03119
-5.02981
-5.02857
-5.0275
-5.02659
-5.0254
-5.02439
-5.02356
-5.02231
-5.0214
-5.02039
-5.01943
-5.01823
-5.01754
-5.01661
-5.0159
-5.01527
-5.01487
-5.01425
-5.01371
-5.01356
-5.01396
-5.01399
-5.01382
-5.01419
-5.01421
-5.01417
-5.01468
-5.01513
-5.01583
-5.01662
-5.01719
-5.01816
-5.01906
-5.0199
-5.02126
-5.02195
-5.02301
-5.02428
-5.02577
-5.02686
-5.02816
-5.02965
-5.03164
-5.03336
-5.03466
-5.03629
-5.03793
-5.03944
-5.04171
-5.04337
-5.04503
-5.04668
-5.04832
-5.05024
-5.05183
-5.05339
-5.05462
-5.0561
-5.05739
-5.05879
-5.05998
-5.06126
-5.06249
-5.0635
-5.06445
-5.06579
-5.0666
-5.06733
-5.06815
-5.06873
-5.06939
-5.06981
-5.07046
-5.07118
-5.07151
-5.07145
-5.07131
-5.07139
-5.07138
-5.07129
-5.07097
-5.07071
-5.07022
-5.06995
-5.06945
-5.06887
-5.06821
-5.06732
-5.0665
-5.06561
-5.06465
-5.06361
-5.0619
-5.06088
-5.05964
-5.05833
-5.05711
-5.05537
-5.05403
-5.05247
-5.05101
-5.04965
-5.04793
-5.04646
-5.04449
-5.04232
-5.04025
-5.03844
-5.03674
-5.0344
-5.03232
-5.03036
-5.02821
-5.02573
-5.02337
-5.02113
-5.01901
-5.01657
-5.01441
-5.01192
-5.00986
-5.00749
-5.0048
-5.00239
-5.00028
-4.99816
-4.99557
-4.99344
-4.991
-4.98871
-4.98627
-4.98368
-4.98125
-4.97883
-4.97611
-4.97386
-4.97118
-4.96896
-4.96661
-4.96414
-4.96184
-4.95957
-4.95748
-4.95527
-4.95325
-4.95112
-4.94888
-4.94683
-4.94498
-4.94273
-4.94068
-4.93869
-4.93706
-4.93533
-4.93322
-4.93133
-4.92965
-4.9279
-4.92622
-4.92492
-4.9237
-4.92271
-4.92165
-4.92053
-4.9198
-4.91886
-4.91816
-4.9174
-4.91674
-4.91633
-4.91587
-4.91536
-4.9154
-4.91524
-4.91534
-4.91554
-4.91615
-4.91656
-4.91723
-4.91786
-4.91844
-4.91897
-4.92022
-4.92127
-4.92257
-4.92383
-4.92518
-4.92664
-4.92819
-4.92984
-4.93144
-4.93282
-4.9346
-4.93662
-4.93827
-4.94075
-4.94301
-4.9455
-4.94821
-4.95054
-4.95323
-4.95583
-4.95834
-4.96091
-4.96353
-4.96664
-4.9695
-4.97239
-4.97532
-4.97828
-4.98127
-4.98428
-4.98762
-4.99051
-4.99357
-4.99664
-4.99971
-5.00279
-5.00571
-5.00878
-5.01169
-5.01459
-5.01763
-5.0208
-5.02381
-5.02725
-5.03021
-5.03344
-5.03635
-5.03922
-5.04206
-5.04457
-5.04704
-5.04992
-5.05261
-5.05542
-5.05787
-5.06028
-5.06265
-5.06482
-5.06724
-5.06946
-5.07163
-5.07389
-5.0761
-5.07826
-5.08036
-5.08225
-5.08408
-5.086
-5.08771
-5.08951
-5.0914
-5.09307
-5.09483
-5.09667
-5.0986
-5.10001
-5.10135
-5.10277
-5.10412
-5.10526
-5.10587
-5.10672
-5.10764
-5.10865
-5.10943
-5.1103
-5.11094
-5.11151
-5.11216
-5.11259
-5.11295
-5.11339
-5.1136
-5.11406
-5.11444
-5.11401
-5.11411
-5.11414
-5.11411
-5.11401
-5.11385
-5.11348
-5.1132
-5.11302
-5.11247
-5.11171
-5.11045
-5.10974
-5.10883
-5.10818
-5.10747
-5.10657
-5.10533
-5.10419
-5.10257
-5.10181
-5.10057
-5.09945
-5.09829
-5.09727
-5.09636
-5.09498
-5.09389
-5.09262
-5.09148
-5.09018
-5.08871
-5.08723
-5.08574
-5.08409
-5.08304
-5.08137
-5.08001
-5.07848
-5.07711
-5.07558
-5.07375
-5.07251
-5.07128
-5.06959
-5.06851
-5.06742
-5.06573
-5.06463
-5.06309
-5.06153
-5.05998
-5.05871
-5.0576
-5.05617
-5.0552
-5.05376
-5.05246
-5.05085
-5.04953
-5.04805
-5.04656
-5.04506
-5.04325
-5.04158
-5.0402
-5.03865
-5.03695
-5.03524
-5.03367
-5.03209
-5.03035
-5.02861
-5.02701
-5.02511
-5.02321
-5.02161
-5.02017
-5.01873
-5.01715
-5.01558
-5.01432
-5.01307
-5.01153
-5.01016
-5.00882
-5.00749
-5.00633
-5.0046
-5.00334
-5.00212
-5.00092
-4.99914
-4.99785
-4.99628
-4.9949
-4.99385
-4.99284
-4.9917
-4.99059
-4.98937
-4.98863
-4.98731
-4.98648
-4.98522
-4.98429
-4.98353
-4.98265
-4.9818
-4.98112
-4.98045
-4.97951
-4.97889
-4.97828
-4.97724
-4.97666
-4.9761
-4.97556
-4.97518
-4.97435
-4.97354
-4.97304
-4.97224
-4.97161
-4.97114
-4.97067
-4.97022
-4.96977
-4.96934
-4.96891
-4.96865
-4.96825
-4.96816
-4.96763
-4.96727
-4.96647
-4.96584
-4.96538
-4.96479
-4.96437
-4.96398
-4.96362
-4.96298
-4.96282
-4.9627
-4.96276
-4.96287
-4.9624
-4.96258
-4.96251
-4.96218
-4.96219
-4.96241
-4.96268
-4.9627
-4.96308
-4.96367
-4.96371
-4.96426
-4.96488
-4.96555
-4.96584
-4.96649
-4.96736
-4.96815
-4.96899
-4.96976
-4.97074
-4.97163
-4.97289
-4.97391
-4.97485
-4.9763
-4.97797
-4.9797
-4.98133
-4.98272
-4.98387
-4.98582
-4.98782
-4.98958
-4.99138
-4.99337
-4.99557
-4.99795
-5.00007
-5.00207
-5.00441
-5.00648
-5.00842
-5.01084
-5.01329
-5.0156
-5.01778
-5.02012
-5.02217
-5.02423
-5.026
-5.02791
-5.03029
-5.03251
-5.03502
-5.03723
-5.03959
-5.04193
-5.0441
-5.04596
-5.04795
-5.04993
-5.05188
-5.05396
-5.05586
-5.05804
-5.06005
-5.06187
-5.06381
-5.06542
-5.06745
-5.0693
-5.07065
-5.07182
-5.07371
-5.07556
-5.07737
-5.07914
-5.08057
-5.08211
-5.08346
-5.08491
-5.08617
-5.08769
-5.08887
-5.08985
-5.09109
-5.09229
-5.09374
-5.09484
-5.0959
-5.09706
-5.09788
-5.09911
-5.10013
-5.10081
-5.1016
-5.10264
-5.10333
-5.10413
-5.10458
-5.10529
-5.10549
-5.10595
-5.10621
-5.10658
-5.10674
-5.10701
-5.10723
-5.10725
-5.10722
-5.10715
-5.10702
-5.10699
-5.10692
-5.10694
-5.10661
-5.10683
-5.1064
-5.10591
-5.10537
-5.10493
-5.10443
-5.10358
-5.10327
-5.10276
-5.10219
-5.10142
-5.10074
-5.0994
-5.09876
-5.09776
-5.09656
-5.09574
-5.09457
-5.09289
-5.0913
-5.09011
-5.08871
-5.08756
-5.08605
-5.08434
-5.08272
-5.08105
-5.07933
-5.0771
-5.07543
-5.07402
-5.07211
-5.0703
-5.06831
-5.06582
-5.06389
-5.06164
-5.05934
-5.05702
-5.05452
-5.05245
-5.05051
-5.0481
-5.04582
-5.04353
-5.04093
-5.03847
-5.03601
-5.03385
-5.03139
-5.02939
-5.02709
-5.02481
-5.02254
-5.02013
-5.0179
-5.01553
-5.01334
-5.01117
-5.00887
-5.00676
-5.00482
-5.00306
-5.00119
-4.99904
-4.99722
-4.99528
-4.99353
-4.99196
-4.98996
-4.988
-4.98607
-4.98416
-4.98243
-4.98058
-4.97891
-4.97741
-4.97593
-4.97448
-4.97275
-4.97134
-4.96964
-4.96782
-4.96647
-4.96528
-4.96397
-4.96221
-4.96093
-4.95921
-4.95796
-4.95658
-4.95552
-4.95388
-4.95256
-4.95111
-4.94984
-4.9486
-4.94709
-4.94561
-4.94462
-4.94368
-4.94277
-4.94177
-4.94051
-4.93916
-4.93818
-4.93726
-4.93611
-4.93519
-4.93465
-4.9342
-4.93398
-4.93387
-4.9337
-4.93363
-4.93382
-4.93413
-4.93439
-4.93493
-4.93543
-4.93591
-4.93681
-4.93768
-4.93869
-4.93981
-4.94077
-4.94184
-4.94365
-4.94527
-4.94702
-4.94888
-4.95085
-4.95293
-4.95512
-4.95741
-4.95979
-4.96256
-4.96511
-4.96759
-4.9703
-4.97337
-4.97544
-4.97803
-4.98111
-4.98378
-4.98678
-4.98982
-4.99287
-4.9958
-4.99873
-5.00196
-5.0049
-5.00798
-5.01075
-5.01365
-5.01683
-5.01999
-5.02297
-5.02576
-5.02867
-5.03169
-5.03422
-5.037
-5.03988
-5.04226
-5.04474
-5.04731
-5.04967
-5.05213
-5.05467
-5.05685
-5.05897
-5.06117
-5.06345
-5.06552
-5.06752
-5.07005
-5.07176
-5.07355
-5.07512
-5.07677
-5.07834
-5.07999
-5.08157
-5.08293
-5.08437
-5.08558
-5.08641
-5.08763
-5.08847
-5.08908
-5.09008
-5.0907
-5.0914
-5.09202
-5.09227
-5.09289
-5.09345
-5.09348
-5.09388
-5.09422
-5.09417
-5.09436
-5.09447
-5.09406
-5.09402
-5.09376
-5.09388
-5.09363
-5.09331
-5.09276
-5.09244
-5.0922
-5.09159
-5.09076
-5.09001
-5.08844
-5.0874
-5.0863
-5.08513
-5.08375
-5.08306
-5.0817
-5.08044
-5.07896
-5.07728
-5.0757
-5.07406
-5.07252
-5.07078
-5.06885
-5.06703
-5.06531
-5.06326
-5.06117
-5.05906
-5.05721
-5.05534
-5.053
-5.05094
-5.04886
-5.04662
-5.04437
-5.04227
-5.04031
-5.03821
-5.03641
-5.03416
-5.03178
-5.02972
-5.02797
-5.02595
-5.02395
-5.02228
-5.02019
-5.01858
-5.01687
-5.01504
-5.0131
-5.01121
-5.00967
-5.00803
-5.00629
-5.00475
-5.00312
-5.00169
-5.00048
-4.99947
-4.99838
-4.99705
-4.99593
-4.99456
-4.99387
-4.99309
-4.99223
-4.99127
-4.99083
-4.99031
-4.98969
-4.98914
-4.98864
-4.98821
-4.98783
-4.98766
-4.98724
-4.98703
-4.98687
-4.98676
-4.98654
-4.98668
-4.98656
-4.98648
-4.98645
-4.9866
-4.98725
-4.98717
-4.98774
-4.98818
-4.9882
-4.98841
-4.98894
-4.98964
-4.99037
-4.99097
-4.99159
-4.99208
-4.99258
-4.9934
-4.99378
-4.99447
-4.99517
-4.99589
-4.99615
-4.99673
-4.99731
-4.9979
-4.99864
-4.99938
-4.99997
-5.00027
-5.00116
-5.0016
-5.00219
-5.00277
-5.00304
-5.00377
-5.00433
-5.00458
-5.00543
-5.00596
-5.00649
-5.00654
-5.00704
-5.00767
-5.00799
-5.00889
-5.00932
-5.00974
-5.00983
-5.0102
-5.0104
-5.01058
-5.01073
-5.01116
-5.01127
-5.01104
-5.0114
-5.01128
-5.01158
-5.01186
-5.01181
-5.01233
-5.01223
-5.0121
-5.01239
-5.01221
-5.01201
-5.01223
-5.01229
-5.01217
-5.01188
-5.01142
-5.01109
-5.01121
-5.01116
-5.0108
-5.01043
-5.01021
-5.01014
-5.01007
-5.00985
-5.00979
-5.00959
-5.0091
-5.00894
-5.00894
-5.00866
-5.00856
-5.00849
-5.00875
-5.00875
-5.00834
-5.00827
-5.0084
-5.00857
-5.00865
-5.00878
-5.00911
-5.00965
-5.0101
-5.01061
-5.01119
-5.01167
-5.01252
-5.01314
-5.01397
-5.01501
-5.01582
-5.01685
-5.01794
-5.0191
-5.02047
-5.0219
-5.02354
-5.02494
-5.0264
-5.02776
-5.02918
-5.0308
-5.03278
-5.03435
-5.03612
-5.03778
-5.03964
-5.04123
-5.04362
-5.04558
-5.04758
-5.04931
-5.05121
-5.05359
-5.05554
-5.05751
-5.0595
-5.06104
-5.0632
-5.06507
-5.06695
-5.06882
-5.071
-5.07333
-5.07535
-5.07737
-5.07967
-5.08152
-5.08379
-5.08576
-5.08754
-5.08931
-5.09121
-5.09292
-5.09537
-5.09702
-5.0988
-5.10024
-5.10209
-5.10421
-5.10629
-5.10818
-5.11047
-5.11211
-5.11401
-5.11556
-5.11675
-5.11834
-5.11958
-5.12121
-5.12264
-5.12416
-5.12547
-5.12656
-5.1276
-5.12842
-5.12903
-5.12988
-5.13067
-5.13154
-5.13219
-5.13263
-5.13301
-5.13376
-5.13416
-5.13418
-5.13429
-5.13448
-5.1346
-5.13466
-5.13466
-5.13459
-5.1346
-5.1347
-5.13459
-5.13441
-5.13372
-5.13312
-5.13262
-5.13205
-5.13188
-5.13135
-5.13062
-5.12998
-5.12884
-5.1278
-5.12656
-5.12542
-5.12439
-5.12316
-5.12174
-5.12014
-5.11925
-5.11787
-5.11676
-5.11577
-5.11445
-5.11325
-5.11218
-5.11063
-5.10907
-5.10748
-5.10633
-5.10471
-5.10293
-5.10159
-5.09994
-5.09843
-5.09722
-5.0957
-5.09403
-5.09235
-5.09068
-5.08901
-5.08749
-5.08582
-5.08446
-5.0828
-5.08115
-5.0795
-5.07802
-5.07608
-5.0746
-5.07313
-5.07137
-5.07006
-5.06846
-5.06686
-5.06557
-5.06398
-5.06269
-5.06126
-5.05982
-5.05839
-5.05725
-5.05596
-5.05452
-5.05307
-5.05147
-5.0497
-5.04823
-5.04645
-5.04481
-5.0433
-5.04178
-5.04025
-5.0387
-5.03714
-5.0354
-5.03395
-5.03217
-5.03068
-5.02917
-5.02779
-5.02609
-5.02421
-5.02261
-5.02099
-5.01875
-5.01693
-5.0154
-5.01354
-5.01197
-5.01007
-5.00815
-5.00622
-5.00411
-5.00199
-5
-4.998
-4.99614
-4.99411
-4.99192
-4.98987
-4.98767
-4.98576
-4.98384
-4.98162
-4.97955
-4.97733
-4.97541
-4.97349
-4.97158
-4.96967
-4.96747
-4.96543
-4.96325
-4.96153
-4.95938
-4.95755
-4.95573
-4.95409
-4.95217
-4.95027
-4.94824
-4.9461
-4.94458
-4.94295
-4.9412
-4.93949
-4.93767
-4.93603
-4.93429
-4.93259
-4.93094
-4.92949
-4.92839
-4.92719
-4.92606
-4.92422
-4.9229
-4.92195
-4.92061
-4.91994
-4.91889
-4.91807
-4.91777
-4.91725
-4.91681
-4.91584
-4.91526
-4.91477
-4.91436
-4.91374
-4.91352
-4.91338
-4.91364
-4.91414
-4.91444
-4.91483
-4.91562
-4.91621
-4.91688
-4.91781
-4.91808
-4.91904
-4.91996
-4.92081
-4.92251
-4.924
-4.92542
-4.92724
-4.92884
-4.93052
-4.93228
-4.93457
-4.93632
-4.9383
-4.94004
-4.94215
-4.94461
-4.94668
-4.94879
-4.9517
-4.95436
-4.95659
-4.95885
-4.96145
-4.96375
-4.96653
-4.96946
-4.97195
-4.97444
-4.97692
-4.97908
-4.98138
-4.98381
-4.98621
-4.98858
-4.99091
-4.99321
-4.99531
-4.99751
-4.99981
-5.00206
-5.00395
-5.00623
-5.00784
-5.00985
-5.01148
-5.01335
-5.01514
-5.01671
-5.01837
-5.0198
-5.021
-5.02228
-5.02365
-5.02448
-5.02555
-5.02656
-5.02689
-5.02776
-5.02887
-5.02916
-5.03
-5.03094
-5.03198
-5.03251
-5.033
-5.03344
-5.03384
-5.0342
-5.03438
-5.03497
-5.03539
-5.03548
-5.03555
-5.03575
-5.03578
-5.0358
-5.03565
-5.03594
-5.03638
-5.03666
-5.03679
-5.03676
-5.03718
-5.03731
-5.03743
-5.03771
-5.03769
-5.03782
-5.03811
-5.0384
-5.03825
-5.0384
-5.03886
-5.03902
-5.03903
-5.03919
-5.03951
-5.04013
-5.04014
-5.04061
-5.04062
-5.04063
-5.04064
-5.04079
-5.04093
-5.04092
-5.04104
-5.04131
-5.04142
-5.04151
-5.04128
-5.0412
-5.04109
-5.04143
-5.04174
-5.04159
-5.04157
-5.04152
-5.04146
-5.04123
-5.04097
-5.04084
-5.04099
-5.04112
-5.04063
-5.04026
-5.04032
-5.04006
-5.03962
-5.039
-5.03867
-5.03831
-5.03793
-5.03752
-5.03724
-5.03709
-5.03662
-5.03613
-5.03546
-5.03477
-5.03436
-5.03424
-5.03364
-5.03303
-5.03254
-5.03189
-5.03152
-5.03083
-5.02998
-5.02971
-5.02898
-5.02823
-5.02777
-5.02684
-5.02621
-5.02557
-5.02476
-5.0241
-5.02298
-5.0223
-5.02163
-5.02064
-5.01966
-5.01852
-5.01753
-5.0167
-5.01572
-5.01504
-5.01422
-5.0131
-5.0123
-5.01166
-5.01103
-5.01026
-5.00966
-5.00892
-5.00866
-5.00797
-5.00715
-5.0062
-5.00558
-5.00498
-5.00426
-5.00373
-5.00322
-5.00275
-5.00231
-5.00191
-5.00139
-5.00121
-5.00092
-5.00068
-5.00077
-5.0006
-5.00108
-5.00084
-5.00095
-5.00096
-5.00115
-5.00154
-5.00137
-5.00169
-5.00236
-5.00261
-5.00291
-5.00385
-5.00407
-5.00433
-5.00433
-5.00466
-5.00549
-5.00649
-5.00738
-5.00829
-5.00923
-5.01004
-5.01028
-5.01128
-5.012
-5.01289
-5.01364
-5.0144
-5.01532
-5.01625
-5.01717
-5.01779
-5.01841
-5.01918
-5.02054
-5.02188
-5.02246
-5.02363
-5.02432
-5.02499
-5.02563
-5.0264
-5.02698
-5.02753
-5.0285
-5.02822
-5.0285
-5.0286
-5.02895
-5.0291
-5.02951
-5.02927
-5.02898
-5.0291
-5.02931
-5.02918
-5.02899
-5.02921
-5.02893
-5.0286
-5.02821
-5.02824
-5.02792
-5.02725
-5.0273
-5.02716
-5.02637
-5.0257
-5.02499
-5.02411
-5.02365
-5.02316
-5.02204
-5.02137
-5.02052
-5.01966
-5.01894
-5.01821
-5.01779
-5.01706
-5.01618
-5.01546
-5.0146
-5.0139
-5.01337
-5.01271
-5.01207
-5.0116
-5.01086
-5.01015
-5.00947
-5.00883
-5.00837
-5.0081
-5.00772
-5.00739
-5.00709
-5.00685
-5.0068
-5.00664
-5.00669
-5.00663
-5.00648
-5.00667
-5.00661
-5.00676
-5.00711
-5.00766
-5.00811
-5.00876
-5.00931
-5.00976
-5.01026
-5.01051
-5.01096
-5.01175
-5.01244
-5.01287
-5.01334
-5.01416
-5.01487
-5.01592
-5.01715
-5.01797
-5.01882
-5.02
-5.02091
-5.022
-5.02326
-5.02455
-5.02586
-5.02688
-5.02822
-5.02928
-5.0311
-5.03233
-5.03357
-5.03511
-5.03621
-5.03746
-5.03825
-5.03949
-5.04058
-5.04181
-5.04303
-5.04424
-5.04513
-5.04617
-5.04718
-5.04818
-5.04947
-5.05089
-5.05198
-5.05291
-5.05411
-5.05514
-5.05584
-5.05727
-5.05838
-5.05901
-5.05992
-5.06081
-5.06182
-5.06281
-5.06362
-5.06471
-5.06533
-5.06593
-5.06635
-5.06736
-5.06775
-5.06843
-5.06939
-5.07003
-5.07081
-5.07173
-5.07233
-5.07308
-5.07352
-5.07425
-5.07513
-5.07525
-5.07582
-5.07639
-5.07696
-5.07739
-5.07796
-5.0784
-5.07868
-5.07913
-5.07974
-5.08035
-5.08083
-5.08147
-5.08228
-5.08309
-5.08378
-5.08447
-5.08519
-5.08607
-5.08681
-5.08757
-5.08881
-5.0896
-5.09012
-5.0908
-5.0918
-5.09282
-5.09371
-5.09476
-5.09583
-5.09677
-5.09742
-5.09824
-5.09892
-5.10007
-5.10123
-5.1018
-5.10268
-5.10372
-5.10477
-5.10583
-5.10675
-5.10812
-5.10935
-5.11042
-5.11135
-5.11288
-5.11396
-5.11519
-5.11641
-5.11702
-5.11838
-5.11943
-5.12062
-5.12135
-5.12236
-5.12336
-5.12464
-5.12591
-5.12655
-5.12732
-5.12822
-5.12909
-5.12993
-5.1309
-5.13168
-5.13229
-5.13271
-5.13355
-5.13436
-5.13467
-5.1351
-5.13564
-5.13645
-5.13706
-5.13763
-5.13801
-5.1382
-5.13849
-5.13874
-5.13924
-5.13955
-5.13906
-5.13913
-5.13931
-5.13928
-5.13891
-5.13864
-5.13803
-5.13737
-5.13712
-5.13712
-5.13663
-5.13625
-5.13567
-5.13535
-5.13453
-5.13413
-5.13354
-5.13291
-5.1324
-5.13185
-5.13095
-5.13003
-5.12907
-5.12839
-5.12752
-5.12647
-5.1254
-5.1246
-5.12348
-5.12234
-5.12147
-5.12029
-5.11939
-5.11847
-5.11739
-5.11615
-5.11519
-5.11423
-5.11295
-5.11243
-5.11145
-5.11031
-5.10978
-5.10879
-5.1075
-5.10637
-5.10479
-5.10352
-5.10271
-5.10176
-5.10082
-5.09959
-5.09868
-5.09748
-5.09659
-5.09542
-5.09412
-5.09344
-5.09248
-5.09124
-5.09062
-5.08972
-5.08885
-5.08815
-5.08732
-5.08637
-5.0856
-5.0847
-5.08337
-5.08283
-5.08201
-5.08122
-5.08046
-5.07988
-5.07933
-5.0788
-5.07845
-5.07798
-5.07754
-5.07728
-5.07674
-5.07623
-5.0759
-5.07559
-5.07562
-5.07521
-5.07484
-5.07463
-5.07431
-5.074
-5.07417
-5.07422
-5.07414
-5.07407
-5.07419
-5.07387
-5.07402
-5.07404
-5.07408
-5.07429
-5.07453
-5.07478
-5.07489
-5.07503
-5.07533
-5.0755
-5.07569
-5.07574
-5.07581
-5.0762
-5.07646
-5.07673
-5.07701
-5.07701
-5.07749
-5.07767
-5.07863
-5.07885
-5.07894
-5.07965
-5.08007
-5.08051
-5.08112
-5.08175
-5.08225
-5.08276
-5.08329
-5.08399
-5.08441
-5.08484
-5.08543
-5.0859
-5.08653
-5.08717
-5.08738
-5.08805
-5.08873
-5.08957
-5.09042
-5.09128
-5.092
-5.09287
-5.09389
-5.09446
-5.09548
-5.09604
-5.09659
-5.09744
-5.09858
-5.0994
-5.0999
-5.10052
-5.10082
-5.1017
-5.10224
-5.10291
-5.10338
-5.10381
-5.1039
-5.10439
-5.10468
-5.10507
-5.1057
-5.10567
-5.10589
-5.10588
-5.10581
-5.10567
-5.10545
-5.10516
-5.10479
-5.1042
-5.10367
-5.10306
-5.10221
-5.10143
-5.10071
-5.09976
-5.09856
-5.09727
-5.09604
-5.09473
-5.09331
-5.09181
-5.08991
-5.08776
-5.08628
-5.08456
-5.08214
-5.08009
-5.07795
-5.07572
-5.0734
-5.07055
-5.06806
-5.06549
-5.06315
-5.06042
-5.05763
-5.05475
-5.05181
-5.04926
-5.04634
-5.04366
-5.04032
-5.03693
-5.03364
-5.03031
-5.02648
-5.02292
-5.01932
-5.01585
-5.01236
-5.00869
-5.00487
-5.00133
-4.99764
-4.99426
-4.99073
-4.98736
-4.98417
-4.98054
-4.97724
-4.97428
-4.97091
-4.96713
-4.964
-4.96093
-4.95747
-4.95437
-4.9512
-4.9481
-4.94539
-4.94276
-4.93992
-4.93673
-4.93439
-4.93215
-4.92972
-4.92755
-4.92519
-4.9231
-4.92158
-4.91989
-4.91846
-4.91717
-4.91585
-4.91481
-4.91375
-4.91267
-4.91203
-4.91151
-4.91098
-4.91027
-4.91014
-4.91014
-4.91042
-4.91052
-4.91059
-4.91109
-4.9117
-4.91197
-4.91265
-4.91375
-4.91464
-4.91578
-4.91686
-4.91773
-4.91869
-4.92002
-4.92144
-4.92277
-4.92462
-4.92607
-4.92834
-4.9299
-4.93196
-4.93391
-4.9356
-4.93731
-4.93965
-4.94095
-4.94272
-4.94465
-4.94644
-4.94838
-4.95017
-4.95225
-4.95431
-4.95622
-4.9581
-4.95996
-4.9621
-4.96391
-4.96569
-4.96758
-4.96929
-4.97111
-4.97289
-4.97478
-4.97617
-4.97751
-4.97896
-4.98051
-4.98171
-4.98332
-4.98427
-4.98517
-4.98647
-4.98756
-4.98846
-4.9896
-4.99039
-4.99157
-4.99256
-4.99364
-4.99452
-4.99489
-4.99567
-4.99639
-4.99706
-4.99782
-4.99794
-4.99815
-4.99846
-4.99872
-4.99908
-4.99939
-4.9998
-4.99985
-4.99986
-4.99951
-4.99956
-4.99956
-4.99936
-4.99925
-4.99939
-4.99903
-4.99876
-4.99799
-4.99746
-4.99703
-4.9964
-4.99571
-4.99496
-4.99416
-4.99315
-4.99224
-4.99142
-4.99041
-4.98948
-4.98821
-4.98703
-4.98611
-4.98498
-4.98381
-4.98245
-4.98073
-4.97959
-4.9784
-4.97733
-4.97592
-4.97433
-4.97256
-4.97107
-4.96926
-4.96758
-4.96588
-4.96433
-4.96262
-4.96075
-4.95874
-4.95734
-4.95549
-4.95381
-4.95215
-4.95051
-4.9495
-4.94777
-4.94638
-4.94488
-4.94357
-4.94216
-4.94111
-4.94011
-4.93888
-4.93771
-4.9366
-4.93573
-4.93462
-4.93375
-4.93297
-4.93227
-4.93166
-4.93115
-4.93044
-4.93043
-4.93007
-4.92997
-4.92983
-4.9298
-4.93004
-4.93054
-4.93102
-4.93176
-4.93247
-4.93301
-4.93458
-4.93566
-4.93672
-4.93791
-4.93937
-4.94096
-4.94267
-4.94434
-4.94629
-4.9482
-4.95008
-4.95267
-4.95491
-4.95756
-4.96
-4.96298
-4.9656
-4.9683
-4.97108
-4.97392
-4.97683
-4.97949
-4.98265
-4.98615
-4.98953
-4.99249
-4.99546
-4.9986
-5.00219
-5.00533
-5.00861
-5.01201
-5.01525
-5.01815
-5.02146
-5.02443
-5.02736
-5.03023
-5.03319
-5.03579
-5.03863
-5.04124
-5.04348
-5.04579
-5.04832
-5.05063
-5.05301
-5.05575
-5.05812
-5.06025
-5.06245
-5.06412
-5.06586
-5.06767
-5.0694
-5.07107
-5.07266
-5.07418
-5.07549
-5.07719
-5.07883
-5.07997
-5.08136
-5.08255
-5.08371
-5.08482
-5.08621
-5.08681
-5.088
-5.08901
-5.09032
-5.09161
-5.09229
-5.09343
-5.09441
-5.0954
-5.0964
-5.09741
-5.09813
-5.09933
-5.10009
-5.10118
-5.10259
-5.10358
-5.1049
-5.10609
-5.10732
-5.10857
-5.1097
-5.11087
-5.11206
-5.11314
-5.11469
-5.11642
-5.11788
-5.11921
-5.12086
-5.12269
-5.12408
-5.12564
-5.12692
-5.12881
-5.13042
-5.13203
-5.13365
-5.13497
-5.1366
-5.13792
-5.1397
-5.14148
-5.14295
-5.14411
-5.14541
-5.14716
-5.14845
-5.15002
-5.15159
-5.15283
-5.15437
-5.15604
-5.15769
-5.15902
-5.16064
-5.16224
-5.16367
-5.16493
-5.16618
-5.1674
-5.16876
-5.17025
-5.17173
-5.17288
-5.17417
-5.17543
-5.17653
-5.17776
-5.17913
-5.18063
-5.1818
-5.18296
-5.18395
-5.18522
-5.18631
-5.18754
-5.18875
-5.18993
-5.19095
-5.19193
-5.1929
-5.19399
-5.1952
-5.19624
-5.19709
-5.19792
-5.19887
-5.19933
-5.20037
-5.20137
-5.20158
-5.20221
-5.20295
-5.20365
-5.20416
-5.20478
-5.2055
-5.20543
-5.20607
-5.20606
-5.20616
-5.20636
-5.20681
-5.20707
-5.20698
-5.20684
-5.2068
-5.20626
-5.20582
-5.20564
-5.20557
-5.20514
-5.20482
-5.20445
-5.20389
-5.20329
-5.20249
-5.20195
-5.20138
-5.20062
-5.19998
-5.1993
-5.19844
-5.19846
-5.19785
-5.19661
-5.1958
-5.19528
-5.19444
-5.19328
-5.19273
-5.19156
-5.19069
-5.18967
-5.18895
-5.18824
-5.18739
-5.18654
-5.18586
-5.18535
-5.18485
-5.18378
-5.18273
-5.18216
-5.18131
-5.1808
-5.18017
-5.17926
-5.17885
-5.17831
-5.17766
-5.17719
-5.17691
-5.17651
-5.17569
-5.17551
-5.17521
-5.17493
-5.17468
-5.17431
-5.17381
-5.17363
-5.17392
-5.17362
-5.17288
-5.172
-5.17204
-5.17177
-5.17196
-5.17168
-5.17186
-5.17157
-5.17111
-5.17094
-5.17044
-5.17038
-5.16998
-5.16986
-5.16971
-5.16967
-5.1693
-5.16904
-5.16828
-5.16794
-5.16755
-5.16697
-5.16635
-5.16583
-5.16511
-5.16435
-5.16354
-5.16208
-5.16134
-5.16054
-5.15926
-5.15883
-5.15776
-5.1565
-5.1555
-5.15417
-5.15265
-5.15154
-5.15011
-5.14864
-5.14715
-5.14623
-5.14499
-5.14343
-5.142
-5.1407
-5.13923
-5.1379
-5.1364
-5.1349
-5.13308
-5.13126
-5.12973
-5.1282
-5.12666
-5.12497
-5.12342
-5.12143
-5.11973
-5.11834
-5.11724
-5.11661
-5.11492
-5.11368
-5.11215
-5.11062
-5.10894
-5.10757
-5.1062
-5.10469
-5.10274
-5.10109
-5.09976
-5.09858
-5.09712
-5.09551
-5.09422
-5.09295
-5.09139
-5.08985
-5.08832
-5.08712
-5.08594
-5.08479
-5.08382
-5.08242
-5.08105
-5.08017
-5.07933
-5.07838
-5.07716
-5.07614
-5.07486
-5.07409
-5.07306
-5.07224
-5.07178
-5.07123
-5.07043
-5.06969
-5.06933
-5.06887
-5.06818
-5.06802
-5.06762
-5.06729
-5.06689
-5.06656
-5.0666
-5.06672
-5.06692
-5.06734
-5.06799
-5.06857
-5.06892
-5.06965
-5.0703
-5.07087
-5.07167
-5.07254
-5.07333
-5.0745
-5.07558
-5.07688
-5.0781
-5.07953
-5.08117
-5.08273
-5.08435
-5.08572
-5.0873
-5.08878
-5.09046
-5.0922
-5.09353
-5.09521
-5.09678
-5.099
-5.10096
-5.10296
-5.10499
-5.10751
-5.10946
-5.11159
-5.1136
-5.11548
-5.11783
-5.11991
-5.12215
-5.12411
-5.12699
-5.12898
-5.13143
-5.13374
-5.13635
-5.13867
-5.14084
-5.14315
-5.14562
-5.14808
-5.15054
-5.15253
-5.15482
-5.15709
-5.15934
-5.16219
-5.16471
-5.16691
-5.16923
-5.17139
-5.17321
-5.17485
-5.17707
-5.1791
-5.18065
-5.18292
-5.18516
-5.18705
-5.1889
-5.19057
-5.19234
-5.19347
-5.19515
-5.1968
-5.19869
-5.20039
-5.20144
-5.20305
-5.20415
-5.20535
-5.20681
-5.20806
-5.20957
-5.21072
-5.21212
-5.21301
-5.2137
-5.21465
-5.21554
-5.21653
-5.21747
-5.2179
-5.21843
-5.21922
-5.2201
-5.22064
-5.22112
-5.22155
-5.22209
-5.22243
-5.22287
-5.22296
-5.22332
-5.22347
-5.22374
-5.22397
-5.22385
-5.22414
-5.22364
-5.2234
-5.22283
-5.22282
-5.22293
-5.2227
-5.22259
-5.22245
-5.22227
-5.22176
-5.22153
-5.22096
-5.22066
-5.21988
-5.21908
-5.21839
-5.21783
-5.21739
-5.21646
-5.21566
-5.21498
-5.21442
-5.21352
-5.21275
-5.21224
-5.21139
-5.21066
-5.20943
-5.20832
-5.20732
-5.20628
-5.20489
-5.20375
-5.20257
-5.20133
-5.20004
-5.19885
-5.19759
-5.19613
-5.19461
-5.19287
-5.19136
-5.19009
-5.18784
-5.18582
-5.18404
-5.18217
-5.17993
-5.17761
-5.17551
-5.17333
-5.17077
-5.16918
-5.16661
-5.16395
-5.16136
-5.15809
-5.15504
-5.15206
-5.14885
-5.14572
-5.14236
-5.13862
-5.13572
-5.13245
-5.12912
-5.12541
-5.12165
-5.11814
-5.11427
-5.1105
-5.10699
-5.10314
-5.09956
-5.0964
-5.09245
-5.08864
-5.08466
-5.08083
-5.07698
-5.07299
-5.069
-5.06473
-5.06092
-5.05714
-5.05323
-5.04921
-5.04523
-5.0416
-5.03787
-5.03434
-5.03087
-5.02762
-5.02399
-5.02058
-5.01726
-5.01386
-5.01086
-5.00779
-5.00467
-5.00149
-4.99886
-4.99649
-4.99407
-4.99175
-4.98925
-4.98699
-4.985
-4.98297
-4.98135
-4.97984
-4.97814
-4.97655
-4.97491
-4.97368
-4.9721
-4.97078
-4.96987
-4.9686
-4.96774
-4.96712
-4.96644
-4.96586
-4.96552
-4.96512
-4.9651
-4.96502
-4.96487
-4.96479
-4.96464
-4.96472
-4.96501
-4.96538
-4.96566
-4.96571
-4.96566
-4.96599
-4.96652
-4.96681
-4.967
-4.96755
-4.96831
-4.96912
-4.96998
-4.97105
-4.97186
-4.97287
-4.97408
-4.97519
-4.97649
-4.97754
-4.97848
-4.97946
-4.98064
-4.98187
-4.98313
-4.98458
-4.98623
-4.98776
-4.98903
-4.99063
-4.99243
-4.9938
-4.99565
-4.99709
-4.99885
-5.00064
-5.00275
-5.00429
-5.00614
-5.00786
-5.00974
-5.01149
-5.0134
-5.01561
-5.01753
-5.01945
-5.02136
-5.02312
-5.02518
-5.02647
-5.02835
-5.03066
-5.03251
-5.03418
-5.03598
-5.03759
-5.03933
-5.04104
-5.04271
-5.04449
-5.04623
-5.04763
-5.04944
-5.0509
-5.05217
-5.05353
-5.05485
-5.05581
-5.05702
-5.05848
-5.05958
-5.06048
-5.06133
-5.06226
-5.0633
-5.06367
-5.06475
-5.06547
-5.06598
-5.06659
-5.06684
-5.06733
-5.06793
-5.06801
-5.06834
-5.06862
-5.06885
-5.06917
-5.06914
-5.06952
-5.06953
-5.06935
-5.06911
-5.06912
-5.06909
-5.06885
-5.06856
-5.06807
-5.06768
-5.06694
-5.06646
-5.06592
-5.06518
-5.06485
-5.06402
-5.06329
-5.06266
-5.06184
-5.06112
-5.06066
-5.05985
-5.05885
-5.05796
-5.05687
-5.05575
-5.05443
-5.05308
-5.0517
-5.04999
-5.04885
-5.04783
-5.04649
-5.04498
-5.04375
-5.04236
-5.0408
-5.03939
-5.03767
-5.03596
-5.03425
-5.033
-5.03116
-5.02934
-5.02814
-5.02666
-5.02537
-5.02426
-5.02319
-5.02216
-5.02102
-5.01994
-5.0189
-5.01793
-5.0167
-5.01554
-5.01475
-5.01447
-5.01411
-5.01367
-5.01299
-5.01268
-5.01275
-5.01273
-5.01263
-5.01245
-5.01248
-5.01272
-5.01273
-5.01294
-5.01321
-5.01352
-5.01359
-5.01385
-5.01415
-5.01433
-5.01484
-5.01584
-5.01625
-5.01683
-5.01712
-5.01742
-5.01818
-5.01863
-5.01907
-5.0195
-5.01977
-5.02001
-5.02038
-5.02088
-5.02149
-5.02146
-5.0214
-5.02144
-5.02144
-5.02154
-5.02175
-5.0219
-5.022
-5.02219
-5.02233
-5.02195
-5.02182
-5.02148
-5.02062
-5.02046
-5.01994
-5.01921
-5.01827
-5.01757
-5.01666
-5.01585
-5.01499
-5.01407
-5.0128
-5.01178
-5.01101
-5.0096
-5.00829
-5.00725
-5.00587
-5.0046
-5.00314
-5.00196
-5.00045
-4.99892
-4.99721
-4.99639
-4.9948
-4.9932
-4.99174
-4.99058
-4.9888
-4.98719
-4.98557
-4.98351
-4.98221
-4.98062
-4.9792
-4.9778
-4.97643
-4.97492
-4.9733
-4.97185
-4.97059
-4.96936
-4.96818
-4.96688
-4.96592
-4.96487
-4.96401
-4.96304
-4.96258
-4.96142
-4.96047
-4.95957
-4.95873
-4.9581
-4.95768
-4.95702
-4.95657
-4.95603
-4.95556
-4.9553
-4.9548
-4.95497
-4.95475
-4.95475
-4.95496
-4.95478
-4.95496
-4.95536
-4.95582
-4.95634
-4.95677
-4.95726
-4.95735
-4.95825
-4.9589
-4.95945
-4.96006
-4.96102
-4.96141
-4.96246
-4.96325
-4.96438
-4.96525
-4.96615
-4.96724
-4.96836
-4.96966
-4.97039
-4.97113
-4.97235
-4.9739
-4.97515
-4.97658
-4.97801
-4.97885
-4.98076
-4.98206
-4.98292
-4.98453
-4.98629
-4.98774
-4.98903
-4.99001
-4.99129
-4.99254
-4.99394
-4.99562
-4.99683
-4.99816
-4.99917
-5.00031
-5.00142
-5.0025
-5.00355
-5.00457
-5.00541
-5.00636
-5.00728
-5.00801
-5.00886
-5.00982
-5.01074
-5.01148
-5.01187
-5.01252
-5.01314
-5.01341
-5.01364
-5.01413
-5.01457
-5.01513
-5.01549
-5.01581
-5.01624
-5.01618
-5.01607
-5.01608
-5.0165
-5.01627
-5.01645
-5.01629
-5.0161
-5.01571
-5.01543
-5.01511
-5.0149
-5.01466
-5.01407
-5.0136
-5.01354
-5.01269
-5.0121
-5.01208
-5.01142
-5.01103
-5.0106
-5.00983
-5.00932
-5.00833
-5.00761
-5.00685
-5.00606
-5.00538
-5.00437
-5.00363
-5.00301
-5.00205
-5.00106
-5.00004
-4.99869
-4.99761
-4.99651
-4.99523
-4.99422
-4.99304
-4.99213
-4.99105
-4.98965
-4.98838
-4.9871
-4.98579
-4.98463
-4.98315
-4.98195
-4.9803
-4.97894
-4.97773
-4.97622
-4.9747
-4.97303
-4.97151
-4.9697
-4.9685
-4.96746
-4.96568
-4.96405
-4.9629
-4.96131
-4.96033
-4.95893
-4.95754
-4.95647
-4.95588
-4.95501
-4.95401
-4.95273
-4.95162
-4.95054
-4.94979
-4.94861
-4.9479
-4.94722
-4.94626
-4.94563
-4.94456
-4.94382
-4.94295
-4.94241
-4.94142
-4.94092
-4.94012
-4.93934
-4.93873
-4.93813
-4.93755
-4.93682
-4.93611
-4.9354
-4.9344
-4.93371
-4.93348
-4.93249
-4.93197
-4.93145
-4.93093
-4.93026
-4.9299
-4.92969
-4.92917
-4.92851
-4.9283
-4.92763
-4.92696
-4.92629
-4.92577
-4.92526
-4.92459
-4.92407
-4.92325
-4.92244
-4.92223
-4.92142
-4.92076
-4.91996
-4.91948
-4.91915
-4.91853
-4.91807
-4.91717
-4.91689
-4.91677
-4.91637
-4.91584
-4.91533
-4.91499
-4.91453
-4.91409
-4.91337
-4.91298
-4.91248
-4.91216
-4.91187
-4.91146
-4.9111
-4.91107
-4.91108
-4.91068
-4.91063
-4.91062
-4.91035
-4.91043
-4.91056
-4.91059
-4.91051
-4.91064
-4.91127
-4.91165
-4.91223
-4.91272
-4.91325
-4.91384
-4.91434
-4.91488
-4.91548
-4.91628
-4.91744
-4.9185
-4.91946
-4.92093
-4.92214
-4.92325
-4.92426
-4.92577
-4.92703
-4.92833
-4.92922
-4.93091
-4.93204
-4.93336
-4.93517
-4.93656
-4.93769
-4.93946
-4.94111
-4.94248
-4.94404
-4.94577
-4.94753
-4.94946
-4.95126
-4.95323
-4.95507
-4.95693
-4.9591
-4.96113
-4.96302
-4.96477
-4.96668
-4.96844
-4.9702
-4.97182
-4.97373
-4.9755
-4.97741
-4.97978
-4.98183
-4.98388
-4.98592
-4.98765
-4.98952
-4.99108
-4.99292
-4.99491
-4.99657
-4.99822
-5.00001
-5.00178
-5.00383
-5.00541
-5.00712
-5.00866
-5.01018
-5.01183
-5.01346
-5.01507
-5.01651
-5.01792
-5.01916
-5.02053
-5.02233
-5.02335
-5.0251
-5.02623
-5.02764
-5.02917
-5.03053
-5.03171
-5.03302
-5.03461
-5.03602
-5.03711
-5.03802
-5.03966
-5.04098
-5.04242
-5.04384
-5.04494
-5.04586
-5.04706
-5.04777
-5.04862
-5.04944
-5.05069
-5.05131
-5.05205
-5.05307
-5.05392
-5.05488
-5.05583
-5.05644
-5.05702
-5.05789
-5.05857
-5.05892
-5.0597
-5.06014
-5.06086
-5.06155
-5.0625
-5.06298
-5.06342
-5.06383
-5.06435
-5.06455
-5.06485
-5.06498
-5.06536
-5.06527
-5.06589
-5.06602
-5.06596
-5.06602
-5.06573
-5.06557
-5.06551
-5.06557
-5.06543
-5.06496
-5.06475
-5.0642
-5.0636
-5.06373
-5.06336
-5.06281
-5.06252
-5.06189
-5.06137
-5.06081
-5.06021
-5.05958
-5.05877
-5.05791
-5.05718
-5.0558
-5.05485
-5.05417
-5.05346
-5.05241
-5.05179
-5.0507
-5.04987
-5.04842
-5.04725
-5.04636
-5.0453
-5.04422
-5.04298
-5.04202
-5.04105
-5.03991
-5.03862
-5.03747
-5.03646
-5.03515
-5.03414
-5.03283
-5.03182
-5.03096
-5.02981
-5.02867
-5.02784
-5.02672
-5.02591
-5.02497
-5.02389
-5.02298
-5.02209
-5.02123
-5.01993
-5.01881
-5.01757
-5.01665
-5.01592
-5.01506
-5.01408
-5.01299
-5.01208
-5.01135
-5.01097
-5.01092
-5.0106
-5.01017
-5.00947
-5.00912
-5.0085
-5.00792
-5.00767
-5.00717
-5.007
-5.00672
-5.00633
-5.00613
-5.00582
-5.00585
-5.00576
-5.00556
-5.00539
-5.00526
-5.00532
-5.00542
-5.0054
-5.00557
-5.00547
-5.00556
-5.00583
-5.00644
-5.00724
-5.00762
-5.00788
-5.00817
-5.00866
-5.00932
-5.00972
-5.0103
-5.01121
-5.01185
-5.01268
-5.01338
-5.01381
-5.01457
-5.01535
-5.01586
-5.01654
-5.0174
-5.01827
-5.01872
-5.01993
-5.02116
-5.02225
-5.02351
-5.02431
-5.02513
-5.02625
-5.02691
-5.02773
-5.02868
-5.03008
-5.03086
-5.03163
-5.03238
-5.03325
-5.03394
-5.03491
-5.03554
-5.03643
-5.03729
-5.03749
-5.03825
-5.03866
-5.03917
-5.03961
-5.03954
-5.04001
-5.03981
-5.03999
-5.0401
-5.04028
-5.04024
-5.04042
-5.04022
-5.04009
-5.03987
-5.03957
-5.03903
-5.03856
-5.03771
-5.03707
-5.03604
-5.03523
-5.03403
-5.0326
-5.0317
-5.03071
-5.02949
-5.0282
-5.02668
-5.02494
-5.02327
-5.0214
-5.0196
-5.0176
-5.01569
-5.01372
-5.01201
-5.00964
-5.00784
-5.00599
-5.00366
-5.00145
-4.9992
-4.99694
-4.99465
-4.99204
-4.98988
-4.98756
-4.98508
-4.9826
-4.98042
-4.97841
-4.97626
-4.97383
-4.97156
-4.96978
-4.96741
-4.96538
-4.96324
-4.96084
-4.95862
-4.95661
-4.95449
-4.95243
-4.95042
-4.94862
-4.94689
-4.94491
-4.94331
-4.94177
-4.94062
-4.93923
-4.93777
-4.93654
-4.93524
-4.93448
-4.93334
-4.9323
-4.93164
-4.93107
-4.93074
-4.93034
-4.92974
-4.92922
-4.9288
-4.92861
-4.92851
-4.92836
-4.92829
-4.92876
-4.92901
-4.9292
-4.92962
-4.93013
-4.93056
-4.93107
-4.93166
-4.93248
-4.93336
-4.93416
-4.93518
-4.93672
-4.93787
-4.93907
-4.94033
-4.94149
-4.94316
-4.94472
-4.94602
-4.94766
-4.94904
-4.9506
-4.95219
-4.95366
-4.9547
-4.95637
-4.9579
-4.9596
-4.96176
-4.96363
-4.96521
-4.96694
-4.96882
-4.9704
-4.97197
-4.97369
-4.9754
-4.97694
-4.97877
-4.97998
-4.98163
-4.98295
-4.9847
-4.98597
-4.98767
-4.98934
-4.99083
-4.99228
-4.9934
-4.99464
-4.99569
-4.99716
-4.99843
-4.99951
-5.00071
-5.00246
-5.00372
-5.00494
-5.0058
-5.00692
-5.00739
-5.00902
-5.0097
-5.01033
-5.01122
-5.01205
-5.01268
-5.01312
-5.01365
-5.01414
-5.01442
-5.01496
-5.01514
-5.01528
-5.01553
-5.01587
-5.01617
-5.01598
-5.01649
-5.01681
-5.01678
-5.01686
-5.01676
-5.01661
-5.01672
-5.0165
-5.01594
-5.01595
-5.01577
-5.01512
-5.01458
-5.01402
-5.01358
-5.01312
-5.01188
-5.01152
-5.0107
-5.01001
-5.0096
-5.00918
-5.0086
-5.00801
-5.00725
-5.00695
-5.00633
-5.00542
-5.00465
-5.00403
-5.00341
-5.0028
-5.00204
-5.00143
-5.00083
-5.00039
-4.99996
-4.99939
-4.99898
-4.99828
-4.99775
-4.99753
-4.99718
-4.99669
-4.99607
-4.99576
-4.99532
-4.9946
-4.99434
-4.99411
-4.99374
-4.99354
-4.99306
-4.99244
-4.99229
-4.99201
-4.9916
-4.99135
-4.99113
-4.99091
-4.99042
-4.99024
-4.98993
-4.98993
-4.9901
-4.99013
-4.99002
-4.98993
-4.9897
-4.98993
-4.98987
-4.98997
-4.98994
-4.99021
-4.99004
-4.99017
-4.99017
-4.99016
-4.99002
-4.99018
-4.99004
-4.9899
-4.98992
-4.99009
-4.99026
-4.99014
-4.99016
-4.99004
-4.99006
-4.99009
-4.99026
-4.99059
-4.99046
-4.99049
-4.99081
-4.99084
-4.99086
-4.99118
-4.99089
-4.99091
-4.99108
-4.99079
-4.9905
-4.99036
-4.99053
-4.99054
-4.99071
-4.99118
-4.99105
-4.99077
-4.99065
-4.99054
-4.99058
-4.99093
-4.99069
-4.99075
-4.99099
-4.99108
-4.99118
-4.9913
-4.99159
-4.9916
-4.99177
-4.99212
-4.9922
-4.9923
-4.99273
-4.99273
-4.99323
-4.9936
-4.99431
-4.99476
-4.99509
-4.99562
-4.99649
-4.99725
-4.99807
-4.99892
-4.99923
-5.00049
-5.00134
-5.00225
-5.00321
-5.00423
-5.00529
-5.00641
-5.00789
-5.00911
-5.01054
-5.01157
-5.01295
-5.01423
-5.01586
-5.01738
-5.0188
-5.01996
-5.02191
-5.02376
-5.02533
-5.02694
-5.02842
-5.03009
-5.03177
-5.03348
-5.03536
-5.03724
-5.03914
-5.04059
-5.04249
-5.0447
-5.04675
-5.04863
-5.05036
-5.05222
-5.05405
-5.05571
-5.05749
-5.05924
-5.0611
-5.06292
-5.06454
-5.06642
-5.06733
-5.0685
-5.06991
-5.0714
-5.07253
-5.07374
-5.07458
-5.07549
-5.07648
-5.07723
-5.07821
-5.07849
-5.079
-5.07956
-5.07973
-5.08041
-5.08055
-5.08074
-5.08083
-5.08052
-5.08012
-5.07991
-5.0796
-5.07934
-5.07867
-5.0779
-5.07717
-5.07649
-5.07571
-5.07498
-5.07398
-5.07289
-5.07094
-5.06934
-5.06779
-5.06599
-5.06409
-5.06239
-5.06015
-5.05826
-5.05628
-5.0542
-5.05204
-5.04948
-5.04699
-5.04442
-5.04177
-5.03903
-5.03668
-5.03349
-5.03084
-5.02782
-5.02534
-5.0222
-5.01915
-5.01604
-5.01258
-5.00923
-5.00583
-5.00223
-4.99846
-4.9954
-4.99186
-4.98814
-4.98441
-4.9808
-4.97703
-4.97341
-4.97008
-4.9666
-4.96312
-4.9595
-4.95604
-4.95229
-4.94871
-4.94516
-4.94148
-4.93783
-4.93437
-4.9311
-4.92772
-4.92469
-4.92081
-4.91728
-4.91411
-4.91085
-4.90735
-4.90437
-4.90146
-4.89862
-4.89586
-4.89303
-4.89027
-4.8879
-4.88576
-4.8834
-4.88098
-4.87865
-4.87656
-4.87456
-4.8728
-4.87128
-4.86955
-4.86776
-4.86606
-4.86445
-4.86293
-4.8618
-4.86076
-4.85965
-4.85877
-4.85798
-4.85727
-4.85634
-4.85578
-4.85499
-4.85443
-4.85409
-4.85396
-4.85359
-4.85327
-4.85317
-4.85296
-4.85281
-4.85285
-4.85293
-4.85275
-4.85245
-4.85233
-4.85255
-4.85234
-4.8526
-4.85273
-4.85333
-4.85349
-4.85351
-4.85354
-4.85358
-4.85392
-4.85411
-4.85445
-4.85464
-4.85497
-4.855
-4.85502
-4.85533
-4.85549
-4.85563
-4.85546
-4.85543
-4.8557
-4.85519
-4.85528
-4.85551
-4.85512
-4.85488
-4.85508
-4.85481
-4.85499
-4.85486
-4.85472
-4.85488
-4.85488
-4.85488
-4.85487
-4.85502
-4.85501
-4.85469
-4.85453
-4.85483
-4.85452
-4.85468
-4.85483
-4.85484
-4.85486
-4.85519
-4.85537
-4.85571
-4.85531
-4.85521
-4.85528
-4.85535
-4.85604
-4.85614
-4.85624
-4.8565
-4.85647
-4.8566
-4.85673
-4.85672
-4.85687
-4.85733
-4.85765
-4.85767
-4.85784
-4.85803
-4.85822
-4.85826
-4.85831
-4.85852
-4.85874
-4.85881
-4.85904
-4.85883
-4.85894
-4.85935
-4.85963
-4.85992
-4.86023
-4.8607
-4.86059
-4.86095
-4.86133
-4.86174
-4.86216
-4.86231
-4.86249
-4.8633
-4.86398
-4.8647
-4.86529
-4.86592
-4.86657
-4.86696
-4.86752
-4.86842
-4.8692
-4.86985
-4.87068
-4.87169
-4.87243
-4.87318
-4.87381
-4.87506
-4.87617
-4.87684
-4.87782
-4.87851
-4.87951
-4.88065
-4.88164
-4.88293
-4.88406
-4.88532
-4.88642
-4.8875
-4.88871
-4.88959
-4.89075
-4.89187
-4.8925
-4.89355
-4.89426
-4.89477
-4.89524
-4.89612
-4.89649
-4.89712
-4.89739
-4.89791
-4.89793
-4.89834
-4.89854
-4.89853
-4.89862
-4.8988
-4.89862
-4.89884
-4.8987
-4.89835
-4.8981
-4.89794
-4.89773
-4.89731
-4.89729
-4.89707
-4.89681
-4.89558
-4.89522
-4.89452
-4.89392
-4.89328
-4.8923
-4.89159
-4.89085
-4.88977
-4.88851
-4.88737
-4.88637
-4.88518
-4.88413
-4.88277
-4.88169
-4.87999
-4.87874
-4.87748
-4.87623
-4.87527
-4.87401
-4.87306
-4.87181
-4.87103
-4.86966
-4.8686
-4.86756
-4.86653
-4.86538
-4.8644
-4.86375
-4.86328
-4.86223
-4.86136
-4.86083
-4.86018
-4.85926
-4.85868
-4.85799
-4.85734
-4.85688
-4.85632
-4.85564
-4.85516
-4.85441
-4.85417
-4.85397
-4.85411
-4.8537
-4.85378
-4.85406
-4.85408
-4.854
-4.85396
-4.85427
-4.85416
-4.8541
-4.85393
-4.8544
-4.85462
-4.85487
-4.85531
-4.85579
-4.85631
-4.85716
-4.8576
-4.85836
-4.85871
-4.8594
-4.85996
-4.86054
-4.86131
-4.8618
-4.86246
-4.86315
-4.86416
-4.86474
-4.86549
-4.86686
-4.86764
-4.86859
-4.86941
-4.87024
-4.87108
-4.87194
-4.87281
-4.87353
-4.87457
-4.87532
-4.87623
-4.8776
-4.87852
-4.87946
-4.88025
-4.88105
-4.882
-4.88297
-4.88394
-4.88507
-4.88621
-4.88705
-4.88835
-4.88936
-4.89098
-4.89216
-4.89319
-4.89439
-4.89529
-4.8962
-4.89728
-4.89837
-4.89962
-4.90074
-4.90156
-4.90256
-4.90326
-4.90459
-4.90563
-4.90684
-4.90761
-4.90855
-4.91011
-4.91153
-4.91283
-4.91429
-4.91562
-4.91696
-4.91801
-4.91923
-4.92062
-4.92201
-4.92342
-4.92468
-4.92595
-4.92723
-4.92866
-4.92994
-4.93137
-4.93295
-4.93452
-4.93638
-4.93763
-4.93885
-4.94037
-4.94186
-4.94317
-4.94476
-4.94617
-4.94724
-4.94857
-4.94971
-4.9508
-4.95155
-4.95269
-4.95348
-4.95437
-4.95474
-4.9555
-4.95636
-4.95699
-4.95725
-4.95775
-4.95832
-4.95867
-4.95895
-4.95901
-4.95959
-4.95964
-4.95962
-4.95953
-4.95936
-4.95912
-4.95895
-4.95811
-4.95796
-4.95729
-4.95686
-4.95621
-4.95535
-4.95474
-4.95422
-4.95336
-4.9526
-4.95165
-4.95051
-4.94949
-4.94843
-4.94736
-4.94627
-4.94486
-4.94359
-4.94248
-4.94151
-4.94025
-4.93901
-4.93794
-4.93673
-4.93541
-4.93397
-4.93303
-4.93227
-4.93127
-4.93047
-4.92988
-4.92905
-4.92844
-4.92789
-4.92742
-4.92687
-4.9264
-4.92586
-4.92554
-4.92546
-4.92532
-4.9254
-4.92587
-4.92582
-4.92599
-4.92625
-4.92674
-4.927
-4.92749
-4.9282
-4.92898
-4.92967
-4.93043
-4.93155
-4.93258
-4.93321
-4.93404
-4.93552
-4.93645
-4.93771
-4.93902
-4.94051
-4.94189
-4.94344
-4.94487
-4.94663
-4.94811
-4.94961
-4.95189
-4.95327
-4.95467
-4.95609
-4.95767
-4.95925
-4.96085
-4.96261
-4.96422
-4.966
-4.96762
-4.96911
-4.97089
-4.97238
-4.97388
-4.97553
-4.97733
-4.97883
-4.98048
-4.98198
-4.98347
-4.98512
-4.98691
-4.98855
-4.98989
-4.99136
-4.99253
-4.99414
-4.99605
-4.99779
-4.99922
-5.00079
-5.00235
-5.00404
-5.00541
-5.00692
-5.00841
-5.00958
-5.01104
-5.01248
-5.01404
-5.01529
-5.01637
-5.01772
-5.01921
-5.02053
-5.02168
-5.02296
-5.02453
-5.02623
-5.02776
-5.02898
-5.03034
-5.03137
-5.0324
-5.03372
-5.03488
-5.03633
-5.03778
-5.03923
-5.04037
-5.04151
-5.04281
-5.04396
-5.04512
-5.04613
-5.04731
-5.04865
-5.05001
-5.05123
-5.05246
-5.05403
-5.05516
-5.05616
-5.05749
-5.059
-5.06069
-5.0621
-5.0634
-5.06457
-5.06609
-5.06733
-5.06875
-5.07022
-5.07171
-5.07324
-5.07451
-5.07596
-5.07759
-5.07941
-5.08157
-5.0833
-5.08507
-5.08671
-5.08884
-5.09084
-5.09256
-5.09446
-5.09684
-5.09863
-5.10074
-5.10271
-5.1047
-5.10715
-5.10931
-5.11132
-5.11303
-5.11504
-5.1175
-5.1198
-5.12209
-5.12436
-5.12617
-5.1281
-5.13032
-5.13235
-5.13435
-5.13617
-5.13826
-5.14015
-5.142
-5.1438
-5.146
-5.14755
-5.14919
-5.15077
-5.1523
-5.15375
-5.15499
-5.15646
-5.15786
-5.15888
-5.16012
-5.16129
-5.16192
-5.16292
-5.16384
-5.16481
-5.16555
-5.1662
-5.16645
-5.16661
-5.16667
-5.16679
-5.16666
-5.16673
-5.16625
-5.16582
-5.1656
-5.16512
-5.16453
-5.16385
-5.16322
-5.16203
-5.16119
-5.15995
-5.15861
-5.15716
-5.15592
-5.15503
-5.15343
-5.15189
-5.15009
-5.14835
-5.14651
-5.14442
-5.14239
-5.14011
-5.13744
-5.13513
-5.13273
-5.13009
-5.12705
-5.12424
-5.12119
-5.11851
-5.11515
-5.11186
-5.10864
-5.10551
-5.1017
-5.09782
-5.09493
-5.09168
-5.08777
-5.08395
-5.08024
-5.07647
-5.0725
-5.06865
-5.06476
-5.06083
-5.05703
-5.05305
-5.04905
-5.04519
-5.04147
-5.03728
-5.0331
-5.02907
-5.02521
-5.0212
-5.01722
-5.01327
-5.00919
-5.00515
-5.00176
-4.99782
-4.99392
-4.99024
-4.98647
-4.98277
-4.97929
-4.97574
-4.97228
-4.96935
-4.96652
-4.96318
-4.96025
-4.95726
-4.95438
-4.95176
-4.94926
-4.94717
-4.94504
-4.94273
-4.94039
-4.93847
-4.93666
-4.93498
-4.93296
-4.93182
-4.9305
-4.92943
-4.92819
-4.9269
-4.92633
-4.92542
-4.92476
-4.9239
-4.92359
-4.92339
-4.92342
-4.9228
-4.92241
-4.92271
-4.92279
-4.92294
-4.92332
-4.92392
-4.92398
-4.9244
-4.92474
-4.92528
-4.92572
-4.92636
-4.92751
-4.92825
-4.92887
-4.92954
-4.9304
-4.93099
-4.93208
-4.93319
-4.93434
-4.93598
-4.93704
-4.93813
-4.93941
-4.94071
-4.94159
-4.94265
-4.94389
-4.94531
-4.94646
-4.9481
-4.94931
-4.95054
-4.95212
-4.95341
-4.95489
-4.9564
-4.95794
-4.95951
-4.9614
-4.96302
-4.96497
-4.96695
-4.96895
-4.97067
-4.97255
-4.97446
-4.97638
-4.97817
-4.97981
-4.98162
-4.98327
-4.98493
-4.98674
-4.98824
-4.99034
-4.99228
-4.99405
-4.9958
-4.99753
-4.99909
-5.00045
-5.00209
-5.00384
-5.00555
-5.00691
-5.00822
-5.00978
-5.01113
-5.01242
-5.0138
-5.01512
-5.01621
-5.01723
-5.01818
-5.01905
-5.01999
-5.02054
-5.02117
-5.02185
-5.0223
-5.02281
-5.02307
-5.0231
-5.02318
-5.02332
-5.02306
-5.02316
-5.02287
-5.02234
-5.02186
-5.02129
-5.02048
-5.01989
-5.01875
-5.01814
-5.0173
-5.01607
-5.01493
-5.01401
-5.01319
-5.012
-5.01045
-5.00916
-5.00767
-5.006
-5.00489
-5.00316
-5.00156
-4.99995
-4.99834
-4.99658
-4.99498
-4.99371
-4.99216
-4.9905
-4.98918
-4.98791
-4.98639
-4.98494
-4.98356
-4.98256
-4.98164
-4.98066
-4.98023
-4.97975
-4.97907
-4.97834
-4.97818
-4.97783
-4.97774
-4.97747
-4.97747
-4.97759
-4.97767
-4.97818
-4.97895
-4.97954
-4.98025
-4.98091
-4.98168
-4.98256
-4.98384
-4.98477
-4.98594
-4.98705
-4.9887
-4.99058
-4.99208
-4.99365
-4.99559
-4.99758
-4.99948
-5.00142
-5.00355
-5.00572
-5.00776
-5.00983
-5.01192
-5.01431
-5.01656
-5.01866
-5.0209
-5.02298
-5.02535
-5.02738
-5.02939
-5.03136
-5.0336
-5.03565
-5.03749
-5.03913
-5.04086
-5.04253
-5.04383
-5.04552
-5.04699
-5.04853
-5.04984
-5.05122
-5.05236
-5.05342
-5.05439
-5.05497
-5.05592
-5.05677
-5.05692
-5.05728
-5.05785
-5.05787
-5.05809
-5.05807
-5.0584
-5.05819
-5.05849
-5.05824
-5.05805
-5.05762
-5.0574
-5.05649
-5.05564
-5.05501
-5.05446
-5.05322
-5.05251
-5.05143
-5.05058
-5.04921
-5.04809
-5.0466
-5.04492
-5.04349
-5.04156
-5.03974
-5.0382
-5.03647
-5.03472
-5.03311
-5.03132
-5.03044
-5.0285
-5.02686
-5.02507
-5.0233
-5.02184
-5.02026
-5.01855
-5.01702
-5.01552
-5.01406
-5.01265
-5.01112
-5.00979
-5.00836
-5.00684
-5.00551
-5.00455
-5.00364
-5.0031
-5.00216
-5.00143
-5.00077
-5.00001
-4.99947
-4.99883
-4.99826
-4.99759
-4.99712
-4.99672
-4.99636
-4.99561
-4.99536
-4.99531
-4.99515
-4.99489
-4.99481
-4.99478
-4.99478
-4.99465
-4.99486
-4.99525
-4.99505
-4.99502
-4.99546
-4.99561
-4.99607
-4.99622
-4.99623
-4.99653
-4.99637
-4.99665
-4.99692
-4.99717
-4.99709
-4.99699
-4.997
-4.99714
-4.99709
-4.99715
-4.99732
-4.997
-4.99663
-4.99652
-4.99635
-4.99599
-4.99557
-4.99525
-4.99473
-4.99431
-4.99338
-4.9927
-4.99212
-4.99148
-4.99095
-4.98977
-4.98884
-4.98772
-4.98655
-4.98534
-4.98394
-4.98281
-4.9815
-4.97986
-4.9788
-4.97741
-4.97601
-4.97474
-4.97346
-4.97218
-4.97044
-4.96886
-4.96758
-4.96587
-4.96492
-4.9637
-4.96235
-4.96117
-4.96004
-4.95924
-4.95803
-4.95703
-4.95622
-4.95517
-4.95418
-4.95325
-4.95269
-4.95176
-4.95135
-4.95102
-4.95077
-4.95016
-4.94979
-4.94966
-4.94886
-4.94908
-4.94939
-4.9495
-4.94987
-4.95035
-4.95138
-4.95223
-4.95288
-4.95394
-4.95512
-4.9561
-4.95735
-4.95886
-4.96033
-4.96206
-4.9639
-4.9657
-4.9676
-4.96946
-4.97172
-4.97393
-4.97669
-4.97894
-4.98144
-4.98402
-4.98699
-4.98973
-4.99256
-4.9953
-4.9981
-5.00097
-5.00405
-5.00718
-5.0102
-5.01401
-5.01741
-5.02038
-5.02368
-5.02685
-5.03033
-5.03366
-5.03698
-5.04015
-5.04331
-5.04675
-5.04986
-5.05309
-5.05599
-5.05899
-5.06209
-5.06499
-5.06798
-5.07106
-5.07377
-5.07656
-5.07912
-5.08159
-5.08398
-5.08643
-5.08894
-5.09121
-5.09322
-5.09513
-5.09709
-5.09849
-5.10008
-5.10171
-5.10322
-5.10448
-5.10576
-5.10663
-5.10754
-5.10863
-5.10945
-5.1103
-5.11088
-5.1112
-5.1114
-5.11133
-5.11115
-5.111
-5.11134
-5.11112
-5.11063
-5.11019
-5.10949
-5.10868
-5.10776
-5.10689
-5.10577
-5.10455
-5.10323
-5.10196
-5.1009
-5.09945
-5.09822
-5.09629
-5.09442
-5.09278
-5.09091
-5.08866
-5.08678
-5.08484
-5.08252
-5.08028
-5.07798
-5.07531
-5.07334
-5.07101
-5.06848
-5.06589
-5.06326
-5.06057
-5.05785
-5.05508
-5.05212
-5.04929
-5.04641
-5.04382
-5.04089
-5.03794
-5.03482
-5.03169
-5.02884
-5.02553
-5.02237
-5.01935
-5.01694
-5.01407
-5.01137
-5.00837
-5.00554
-5.00288
-4.99993
-4.99671
-4.99351
-4.9905
-4.98766
-4.98472
-4.98196
-4.9788
-4.97599
-4.97337
-4.97081
-4.9677
-4.96525
-4.96271
-4.96054
-4.95828
-4.95624
-4.95397
-4.95223
-4.95056
-4.94866
-4.94669
-4.94495
-4.94344
-4.94231
-4.94082
-4.93955
-4.93822
-4.93727
-4.9361
-4.93516
-4.93416
-4.93354
-4.93254
-4.93178
-4.93109
-4.93033
-4.9304
-4.93024
-4.92984
-4.92966
-4.92925
-4.9289
-4.92876
-4.92897
-4.92909
-4.9288
-4.92826
-4.92851
-4.92896
-4.92913
-4.92904
-4.92912
-4.92953
-4.92981
-4.9301
-4.93041
-4.93088
-4.9312
-4.93152
-4.93169
-4.93215
-4.93231
-4.93261
-4.93259
-4.93316
-4.93357
-4.9338
-4.93386
-4.93405
-4.93422
-4.93437
-4.93419
-4.93413
-4.93421
-4.93426
-4.93428
-4.93429
-4.93473
-4.9347
-4.93465
-4.93429
-4.93422
-4.93429
-4.93436
-4.93427
-4.93433
-4.93425
-4.93403
-4.93412
-4.93407
-4.93389
-4.93404
-4.93407
-4.93428
-4.93452
-4.93495
-4.93513
-4.93565
-4.93577
-4.9364
-4.93678
-4.93722
-4.93803
-4.9386
-4.93923
-4.93994
-4.94056
-4.94141
-4.94203
-4.94333
-4.94456
-4.94572
-4.9468
-4.94811
-4.9495
-4.95082
-4.95236
-4.95414
-4.95569
-4.95762
-4.95947
-4.96155
-4.96384
-4.96561
-4.96774
-4.96993
-4.97219
-4.97435
-4.97672
-4.97868
-4.9813
-4.98381
-4.98637
-4.98881
-4.99159
-4.99394
-4.99662
-4.99932
-5.00219
-5.00508
-5.00767
-5.01027
-5.01303
-5.01578
-5.01838
-5.02112
-5.024
-5.02671
-5.02971
-5.03238
-5.03488
-5.03751
-5.04011
-5.04252
-5.04491
-5.04756
-5.05002
-5.05275
-5.05514
-5.05794
-5.06039
-5.06249
-5.06471
-5.06687
-5.06868
-5.0709
-5.07277
-5.07504
-5.07711
-5.07882
-5.08063
-5.08239
-5.0841
-5.0853
-5.08675
-5.0883
-5.08964
-5.09138
-5.09261
-5.09379
-5.09537
-5.09643
-5.09775
-5.09885
-5.0999
-5.10089
-5.10197
-5.103
-5.10382
-5.10503
-5.10573
-5.10638
-5.10711
-5.10748
-5.1078
-5.10835
-5.1087
-5.10898
-5.1092
-5.10951
-5.10931
-5.10919
-5.10917
-5.10924
-5.10894
-5.10858
-5.10891
-5.10843
-5.10803
-5.10742
-5.10691
-5.10648
-5.10599
-5.10499
-5.10439
-5.10342
-5.1027
-5.10146
-5.10078
-5.09989
-5.09894
-5.09809
-5.09719
-5.09594
-5.09479
-5.093
-5.09161
-5.09002
-5.0884
-5.08673
-5.08549
-5.08406
-5.08214
-5.07975
-5.07854
-5.07655
-5.075
-5.07328
-5.0717
-5.0701
-5.06835
-5.0672
-5.06575
-5.06415
-5.06241
-5.06052
-5.0588
-5.05664
-5.0551
-5.05344
-5.0521
-5.05049
-5.04845
-5.04706
-5.0457
-5.04439
-5.04311
-5.04158
-5.04009
-5.03895
-5.03757
-5.03653
-5.03539
-5.03461
-5.03374
-5.03276
-5.03199
-5.03113
-5.03032
-5.02956
-5.02871
-5.02822
-5.02747
-5.02708
-5.02659
-5.02599
-5.0256
-5.02556
-5.02511
-5.02485
-5.02479
-5.02477
-5.02449
-5.02439
-5.02464
-5.02476
-5.02492
-5.02496
-5.02517
-5.02526
-5.02522
-5.0255
-5.0258
-5.02581
-5.02615
-5.02634
-5.02654
-5.02705
-5.02742
-5.02764
-5.0277
-5.02792
-5.02814
-5.02819
-5.02824
-5.02843
-5.02831
-5.02847
-5.02862
-5.02874
-5.02884
-5.02907
-5.02867
-5.0287
-5.02869
-5.0285
-5.02843
-5.02846
-5.02801
-5.02812
-5.02788
-5.02775
-5.02727
-5.02705
-5.02662
-5.02675
-5.02637
-5.02578
-5.02499
-5.02429
-5.02369
-5.02288
-5.02231
-5.02184
-5.0204
-5.0189
-5.01795
-5.01709
-5.01572
-5.0146
-5.01312
-5.01204
-5.0106
-5.00911
-5.00787
-5.00674
-5.00495
-5.00343
-5.00156
-4.99949
-4.99739
-4.99526
-4.99339
-4.99134
-4.98926
-4.98686
-4.98489
-4.98289
-4.98088
-4.97886
-4.97682
-4.97478
-4.97273
-4.97052
-4.96861
-4.96656
-4.96436
-4.96231
-4.96043
-4.95856
-4.95655
-4.95487
-4.95305
-4.95171
-4.94964
-4.9476
-4.9459
-4.94377
-4.94213
-4.94023
-4.93838
-4.93671
-4.93495
-4.93308
-4.93142
-4.92981
-4.92841
-4.92707
-4.92534
-4.92429
-4.92345
-4.92253
-4.92153
-4.92046
-4.91901
-4.91809
-4.91755
-4.9171
-4.91643
-4.91584
-4.91594
-4.91583
-4.9158
-4.9157
-4.91584
-4.91591
-4.91607
-4.91631
-4.91663
-4.91734
-4.91797
-4.91853
-4.91932
-4.91973
-4.92035
-4.9212
-4.92226
-4.92338
-4.92426
-4.92549
-4.92677
-4.92794
-4.929
-4.9304
-4.93154
-4.93285
-4.93418
-4.93599
-4.93736
-4.93858
-4.93996
-4.94135
-4.94273
-4.9438
-4.94516
-4.94651
-4.94784
-4.9493
-4.95044
-4.95155
-4.95278
-4.95413
-4.9556
-4.95628
-4.95737
-4.95843
-4.95961
-4.96029
-4.96109
-4.962
-4.96258
-4.96357
-4.96408
-4.9647
-4.96545
-4.96617
-4.96716
-4.96783
-4.96803
-4.96866
-4.96913
-4.96988
-4.97063
-4.97136
-4.97194
-4.97251
-4.97308
-4.97395
-4.97421
-4.97477
-4.97563
-4.97634
-4.97674
-4.97714
-4.97769
-4.97792
-4.97829
-4.9788
-4.97914
-4.97946
-4.97975
-4.98046
-4.98083
-4.98087
-4.98101
-4.98125
-4.98113
-4.98156
-4.98163
-4.98192
-4.98169
-4.98169
-4.9813
-4.98098
-4.98042
-4.97992
-4.97963
-4.97879
-4.97771
-4.97653
-4.97571
-4.97434
-4.97302
-4.97176
-4.97011
-4.96882
-4.96699
-4.96583
-4.96414
-4.96237
-4.96053
-4.95863
-4.95667
-4.95465
-4.95228
-4.95003
-4.94758
-4.94557
-4.94368
-4.94133
-4.93912
-4.93722
-4.93533
-4.93285
-4.93085
-4.92888
-4.92725
-4.92507
-4.92309
-4.92118
-4.91948
-4.9177
-4.91616
-4.91455
-4.91303
-4.91191
-4.91044
-4.90892
-4.9078
-4.9068
-4.90621
-4.90497
-4.90431
-4.90376
-4.90302
-4.90256
-4.90266
-4.90257
-4.90305
-4.90319
-4.90344
-4.90425
-4.90501
-4.90572
-4.90653
-4.90714
-4.90798
-4.90876
-4.90962
-4.91071
-4.91187
-4.9134
-4.9147
-4.91591
-4.91777
-4.91924
-4.92105
-4.92245
-4.92405
-4.92567
-4.92703
-4.92826
-4.92997
-4.93169
-4.93343
-4.93519
-4.93664
-4.93811
-4.94018
-4.94211
-4.94403
-4.94579
-4.9474
-4.94946
-4.9509
-4.95278
-4.9545
-4.95635
-4.95865
-4.96047
-4.96198
-4.96363
-4.9654
-4.96701
-4.96846
-4.96988
-4.97159
-4.97299
-4.97422
-4.97588
-4.97708
-4.97873
-4.98051
-4.98199
-4.98331
-4.98492
-4.98638
-4.98784
-4.98945
-4.99076
-4.99238
-4.99401
-4.99535
-4.997
-4.99836
-4.99989
-5.00175
-5.00332
-5.00477
-5.0067
-5.00835
-5.01018
-5.0119
-5.01381
-5.0159
-5.01788
-5.01974
-5.02165
-5.0233
-5.02515
-5.02734
-5.02912
-5.03125
-5.03342
-5.03548
-5.03744
-5.03975
-5.0421
-5.04449
-5.04661
-5.04938
-5.05204
-5.05473
-5.05731
-5.06006
-5.06255
-5.0652
-5.06834
-5.07089
-5.07361
-5.07649
-5.07893
-5.08153
-5.08414
-5.08719
-5.08995
-5.09239
-5.09498
-5.09726
-5.10043
-5.10283
-5.10581
-5.10846
-5.11124
-5.11399
-5.11656
-5.11925
-5.12159
-5.12436
-5.12678
-5.12916
-5.13164
-5.13393
-5.13663
-5.13898
-5.14098
-5.14324
-5.14529
-5.14745
-5.14955
-5.15145
-5.15361
-5.15511
-5.15716
-5.15902
-5.16097
-5.16273
-5.16414
-5.16565
-5.16711
-5.16869
-5.17006
-5.17155
-5.17299
-5.17455
-5.17546
-5.17679
-5.17793
-5.17889
-5.18011
-5.18116
-5.18202
-5.18316
-5.18412
-5.18491
-5.18537
-5.18611
-5.18729
-5.188
-5.189
-5.18983
-5.19065
-5.19115
-5.1921
-5.19273
-5.19351
-5.19444
-5.19551
-5.19658
-5.19734
-5.19795
-5.19871
-5.19931
-5.20007
-5.20098
-5.20158
-5.20218
-5.20293
-5.20383
-5.20458
-5.20517
-5.20591
-5.20648
-5.20721
-5.20792
-5.20907
-5.20946
-5.20983
-5.21095
-5.21174
-5.2122
-5.2128
-5.21336
-5.21405
-5.21425
-5.21426
-5.21469
-5.21523
-5.21557
-5.21631
-5.21625
-5.21628
-5.2164
-5.21632
-5.21602
-5.2158
-5.21566
-5.21515
-5.21502
-5.21466
-5.21407
-5.21339
-5.21294
-5.21224
-5.21131
-5.21029
-5.20948
-5.20843
-5.20713
-5.20544
-5.20412
-5.20269
-5.20103
-5.19987
-5.19787
-5.19608
-5.19404
-5.19192
-5.18971
-5.18757
-5.18565
-5.18334
-5.18141
-5.17881
-5.17628
-5.17368
-5.17087
-5.16845
-5.16612
-5.16359
-5.1607
-5.15792
-5.1551
-5.15255
-5.1492
-5.14598
-5.14334
-5.14023
-5.13711
-5.13367
-5.13053
-5.12739
-5.12425
-5.12127
-5.1183
-5.11519
-5.11241
-5.10934
-5.1063
-5.10344
-5.10061
-5.09766
-5.09475
-5.09202
-5.08889
-5.08595
-5.0832
-5.0808
-5.07814
-5.07552
-5.07296
-5.07074
-5.06812
-5.0657
-5.06332
-5.06099
-5.05885
-5.05646
-5.05427
-5.05212
-5.05016
-5.04825
-5.04622
-5.04424
-5.04229
-5.04069
-5.03882
-5.03714
-5.03504
-5.03312
-5.03154
-5.02985
-5.02833
-5.0264
-5.02465
-5.02308
-5.02169
-5.02033
-5.01885
-5.0174
-5.01583
-5.01429
-5.01262
-5.01144
-5.01014
-5.00887
-5.00763
-5.00642
-5.00509
-5.0041
-5.00314
-5.00206
-5.00101
-4.99985
-4.99903
-4.99764
-4.99658
-4.99572
-4.9949
-4.99397
-4.99307
-4.99237
-4.99171
-4.99124
-4.99082
-4.99044
-4.98995
-4.98966
-4.98926
-4.9889
-4.98828
-4.98832
-4.98825
-4.98777
-4.98808
-4.98784
-4.9878
-4.98779
-4.98783
-4.98776
-4.98758
-4.98774
-4.98779
-4.98787
-4.98814
-4.98845
-4.98924
-4.98961
-4.99016
-4.99029
-4.9906
-4.99124
-4.9916
-4.99229
-4.99299
-4.99357
-4.99416
-4.99478
-4.99525
-4.99589
-4.99639
-4.99705
-4.99802
-4.99854
-4.99938
-5.00021
-5.00075
-5.00144
-5.00228
-5.00282
-5.00366
-5.00435
-5.00518
-5.00601
-5.00698
-5.0078
-5.00845
-5.0091
-5.00959
-5.01022
-5.01084
-5.01144
-5.01204
-5.01277
-5.01334
-5.01389
-5.01474
-5.01497
-5.01563
-5.01598
-5.01617
-5.01633
-5.01679
-5.01708
-5.01765
-5.01775
-5.01829
-5.01881
-5.01917
-5.01965
-5.02012
-5.02042
-5.0207
-5.02081
-5.02105
-5.02142
-5.02162
-5.02195
-5.02181
-5.02194
-5.0219
-5.02199
-5.02206
-5.02195
-5.02212
-5.02197
-5.02179
-5.02188
-5.02195
-5.02185
-5.02156
-5.02125
-5.02107
-5.0207
-5.02061
-5.02049
-5.02019
-5.02017
-5.01981
-5.01943
-5.01917
-5.01858
-5.01812
-5.01763
-5.01742
-5.01643
-5.01571
-5.01513
-5.01452
-5.01373
-5.01293
-5.0118
-5.01126
-5.01041
-5.00968
-5.00895
-5.0082
-5.00714
-5.00622
-5.00559
-5.00466
-5.00386
-5.00277
-5.00227
-5.00192
-5.00111
-5.00016
-4.99935
-4.9984
-4.99744
-4.99633
-4.99553
-4.99487
-4.99377
-4.99296
-4.99216
-4.9915
-4.99084
-4.99018
-4.9892
-4.98823
-4.98754
-4.9867
-4.98554
-4.98498
-4.98409
-4.98319
-4.98258
-4.98134
-4.98053
-4.97954
-4.97838
-4.97704
-4.97643
-4.97564
-4.97451
-4.9735
-4.97231
-4.97079
-4.96953
-4.96824
-4.96676
-4.96555
-4.96385
-4.96257
-4.96111
-4.95962
-4.9581
-4.9567
-4.95527
-4.95367
-4.95204
-4.95055
-4.94889
-4.94721
-4.94567
-4.94367
-4.94181
-4.94041
-4.9387
-4.93714
-4.93574
-4.9342
-4.93253
-4.93102
-4.92953
-4.92761
-4.92618
-4.92447
-4.92249
-4.92086
-4.91971
-4.91831
-4.91711
-4.91581
-4.91501
-4.91381
-4.91282
-4.91174
-4.91042
-4.90961
-4.90872
-4.9076
-4.90684
-4.906
-4.90553
-4.90499
-4.90466
-4.90486
-4.90513
-4.90487
-4.90452
-4.90425
-4.90405
-4.90406
-4.90414
-4.90459
-4.90464
-4.90506
-4.90524
-4.90561
-4.90574
-4.90622
-4.90644
-4.90716
-4.90777
-4.9081
-4.90877
-4.90962
-4.91018
-4.91092
-4.91121
-4.91182
-4.91243
-4.91319
-4.91395
-4.91455
-4.91544
-4.91616
-4.91701
-4.91769
-4.91848
-4.91894
-4.91967
-4.92005
-4.92024
-4.92083
-4.92107
-4.92126
-4.92154
-4.92176
-4.92191
-4.92155
-4.92158
-4.92153
-4.92112
-4.92109
-4.92068
-4.92035
-4.91994
-4.91931
-4.91876
-4.91828
-4.91743
-4.91665
-4.91565
-4.91457
-4.91358
-4.91267
-4.91153
-4.91018
-4.90861
-4.90713
-4.90589
-4.90444
-4.90309
-4.90153
-4.89976
-4.8978
-4.89593
-4.89403
-4.89223
-4.89054
-4.88867
-4.88661
-4.88422
-4.88255
-4.88026
-4.87839
-4.87666
-4.87475
-4.87283
-4.8709
-4.86896
-4.86686
-4.86475
-4.86279
-4.86083
-4.85842
-4.85647
-4.85437
-4.85259
-4.85111
-4.84905
-4.84716
-4.84497
-4.84296
-4.84143
-4.83932
-4.83723
-4.83563
-4.8336
-4.83176
-4.82995
-4.82818
-4.82644
-4.82475
-4.8231
-4.82149
-4.81994
-4.81858
-4.81742
-4.81571
-4.81436
-4.81322
-4.81228
-4.81111
-4.81
-4.80866
-4.80753
-4.80662
-4.80579
-4.80503
-4.80419
-4.80358
-4.8032
-4.8029
-4.80269
-4.80241
-4.80206
-4.80181
-4.80179
-4.80172
-4.80159
-4.80216
-4.80252
-4.80344
-4.80415
-4.80497
-4.80619
-4.80721
-4.80864
-4.80957
-4.81091
-4.81221
-4.81377
-4.81558
-4.81675
-4.81849
-4.82033
-4.82228
-4.82434
-4.82666
-4.82893
-4.83147
-4.83365
-4.83625
-4.83895
-4.84205
-4.84511
-4.84796
-4.85106
-4.85411
-4.8577
-4.86124
-4.86471
-4.86812
-4.87207
-4.87594
-4.87959
-4.88332
-4.88712
-4.89113
-4.89521
-4.89934
-4.90369
-4.90778
-4.91207
-4.91625
-4.92047
-4.92488
-4.92947
-4.93424
-4.93903
-4.94308
-4.9479
-4.95227
-4.9568
-4.96147
-4.96599
-4.97081
-4.97546
-4.97963
-4.98409
-4.98821
-4.99246
-4.99697
-5.00114
-5.00527
-5.00981
-5.01384
-5.01797
-5.02189
-5.02605
-5.02985
-5.03373
-5.03754
-5.04142
-5.04508
-5.04881
-5.05201
-5.05528
-5.05846
-5.0614
-5.06456
-5.06808
-5.07075
-5.07378
-5.07657
-5.07941
-5.082
-5.08479
-5.08733
-5.08993
-5.09197
-5.09376
-5.09575
-5.09764
-5.09928
-5.10127
-5.10256
-5.1042
-5.10559
-5.10703
-5.10808
-5.10903
-5.11018
-5.11094
-5.11176
-5.11264
-5.11298
-5.11353
-5.114
-5.11424
-5.11469
-5.11462
-5.11447
-5.11455
-5.11471
-5.1145
-5.11422
-5.11388
-5.11364
-5.11349
-5.11314
-5.11303
-5.11258
-5.11239
-5.11201
-5.11144
-5.11068
-5.11005
-5.10969
-5.10886
-5.10831
-5.10774
-5.107
-5.10625
-5.1058
-5.10474
-5.10398
-5.10277
-5.10156
-5.10036
-5.09917
-5.09859
-5.09819
-5.09779
-5.09727
-5.09677
-5.09614
-5.09539
-5.09451
-5.09412
-5.09361
-5.09283
-5.09269
-5.09228
-5.09222
-5.0919
-5.09146
-5.09137
-5.09102
-5.09057
-5.09062
-5.09041
-5.09025
-5.08998
-5.09068
-5.09082
-5.09101
-5.09141
-5.09155
-5.09159
-5.09229
-5.09304
-5.09338
-5.09408
-5.09468
-5.09518
-5.09633
-5.09662
-5.09726
-5.09809
-5.09882
-5.09989
-5.10116
-5.10231
-5.10335
-5.10413
-5.10554
-5.10668
-5.10769
-5.10874
-5.11041
-5.1115
-5.11276
-5.11389
-5.11518
-5.11649
-5.11765
-5.11927
-5.1206
-5.12177
-5.12324
-5.12456
-5.12541
-5.12656
-5.12815
-5.12897
-5.13022
-5.13145
-5.13265
-5.13398
-5.13514
-5.13595
-5.13704
-5.13824
-5.13911
-5.13993
-5.14117
-5.14206
-5.14306
-5.14416
-5.14491
-5.14562
-5.14612
-5.14672
-5.14772
-5.14791
-5.1485
-5.14903
-5.1495
-5.14962
-5.14983
-5.14998
-5.14961
-5.14965
-5.14947
-5.14953
-5.14923
-5.14917
-5.14845
-5.14826
-5.14802
-5.14742
-5.14705
-5.14648
-5.14569
-5.14499
-5.14393
-5.14296
-5.14148
-5.1407
-5.13985
-5.13895
-5.13783
-5.13635
-5.13482
-5.13368
-5.13249
-5.13079
-5.12918
-5.12752
-5.12595
-5.12433
-5.12281
-5.12108
-5.1193
-5.11762
-5.11574
-5.11351
-5.11168
-5.10966
-5.10788
-5.10561
-5.1036
-5.10139
-5.09914
-5.09685
-5.09452
-5.092
-5.08945
-5.08731
-5.08514
-5.08293
-5.08055
-5.07783
-5.07509
-5.07262
-5.06983
-5.06717
-5.06479
-5.06195
-5.05924
-5.05637
-5.05349
-5.05045
-5.04786
-5.04512
-5.04238
-5.03965
-5.03692
-5.0342
-5.0315
-5.02896
-5.02659
-5.0241
-5.02132
-5.01873
-5.01601
-5.01348
-5.01098
-5.00868
-5.00627
-5.0036
-5.00143
-4.99916
-4.99695
-4.99464
-4.99254
-4.99035
-4.98867
-4.98707
-4.98538
-4.9839
-4.9825
-4.98087
-4.97946
-4.97813
-4.97671
-4.97583
-4.97487
-4.97383
-4.97286
-4.97152
-4.97101
-4.97027
-4.96929
-4.96854
-4.9677
-4.96709
-4.96638
-4.96589
-4.96577
-4.96525
-4.96508
-4.96482
-4.96461
-4.96475
-4.96478
-4.96456
-4.96421
-4.96406
-4.96394
-4.96385
-4.96423
-4.96434
-4.96476
-4.96506
-4.96536
-4.96538
-4.9654
-4.96573
-4.96606
-4.96624
-4.96627
-4.96674
-4.96691
-4.96708
-4.96738
-4.96737
-4.96705
-4.96718
-4.96744
-4.96723
-4.96761
-4.96783
-4.96789
-4.96793
-4.96796
-4.96753
-4.96754
-4.96663
-4.96677
-4.96691
-4.9669
-4.96688
-4.96686
-4.96699
-4.96683
-4.96683
-4.96699
-4.96685
-4.96689
-4.96694
-4.96716
-4.96726
-4.96723
-4.96738
-4.96756
-4.96778
-4.96833
-4.96862
-4.96911
-4.96948
-4.9699
-4.97022
-4.97104
-4.97161
-4.97222
-4.9729
-4.97347
-4.97425
-4.97539
-4.97642
-4.97691
-4.97761
-4.97851
-4.97961
-4.98077
-4.98198
-4.98339
-4.9847
-4.98606
-4.98746
-4.98906
-4.9904
-4.99207
-4.99364
-4.99539
-4.99732
-4.99899
-5.00053
-5.00194
-5.00383
-5.00544
-5.00691
-5.00885
-5.0108
-5.01276
-5.01457
-5.01639
-5.01805
-5.02001
-5.02196
-5.02406
-5.02569
-5.02746
-5.02952
-5.03125
-5.03266
-5.03434
-5.036
-5.03762
-5.03922
-5.04093
-5.0423
-5.04409
-5.04553
-5.04708
-5.04828
-5.04944
-5.05025
-5.0513
-5.05261
-5.05296
-5.0537
-5.05484
-5.05547
-5.05619
-5.05684
-5.05744
-5.05827
-5.05919
-5.05974
-5.05962
-5.05988
-5.06008
-5.06051
-5.06071
-5.0607
-5.06107
-5.06137
-5.06144
-5.0613
-5.06124
-5.06065
-5.06045
-5.06002
-5.06013
-5.05957
-5.05894
-5.05825
-5.05748
-5.05681
-5.05637
-5.05496
-5.05379
-5.05241
-5.05128
-5.05008
-5.04868
-5.04737
-5.04616
-5.0446
-5.04284
-5.04163
-5.04007
-5.03831
-5.03697
-5.03543
-5.03356
-5.03179
-5.02969
-5.02725
-5.02508
-5.02334
-5.02157
-5.01977
-5.01765
-5.01521
-5.01306
-5.01089
-5.00901
-5.00682
-5.00463
-5.00258
-5.00098
-4.99909
-4.99705
-4.99502
-4.993
-4.99069
-4.9887
-4.98673
-4.98434
-4.98242
-4.98039
-4.97899
-4.97718
-4.97541
-4.97383
-4.97245
-4.97112
-4.96953
-4.96785
-4.96638
-4.96527
-4.96408
-4.96279
-4.96111
-4.95996
-4.95887
-4.95815
-4.9569
-4.95602
-4.95551
-4.95523
-4.95426
-4.95367
-4.95314
-4.95283
-4.9526
-4.95273
-4.95217
-4.95197
-4.95169
-4.95162
-4.95145
-4.95163
-4.95187
-4.95201
-4.95205
-4.95242
-4.953
-4.9533
-4.95364
-4.95402
-4.95457
-4.95501
-4.95531
-4.95564
-4.95629
-4.9565
-4.95687
-4.95726
-4.95781
-4.95852
-4.95939
-4.96041
-4.96113
-4.96171
-4.96229
-4.96301
-4.96344
-4.96401
-4.96443
-4.96515
-4.96571
-4.96597
-4.96653
-4.96724
-4.96779
-4.96819
-4.96874
-4.96944
-4.97014
-4.97068
-4.97138
-4.97147
-4.97188
-4.97243
-4.97269
-4.97311
-4.97338
-4.97396
-4.9744
-4.975
-4.97546
-4.97609
-4.97673
-4.97738
-4.97805
-4.97859
-4.97929
-4.98016
-4.98121
-4.98167
-4.98245
-4.98341
-4.98453
-4.98508
-4.9858
-4.98731
-4.98808
-4.98902
-4.98999
-4.99113
-4.99214
-4.99348
-4.99439
-4.99562
-4.99673
-4.99785
-4.999
-4.99986
-5.00105
-5.00225
-5.00332
-5.00456
-5.00567
-5.00694
-5.00823
-5.00953
-5.01055
-5.01157
-5.01277
-5.01427
-5.01549
-5.01732
-5.01871
-5.02026
-5.02167
-5.02293
-5.02406
-5.02579
-5.02739
-5.02854
-5.03
-5.03146
-5.03264
-5.03397
-5.03546
-5.03727
-5.03863
-5.03985
-5.04123
-5.04292
-5.04433
-5.04589
-5.04777
-5.04935
-5.0508
-5.05241
-5.05404
-5.05552
-5.05718
-5.05899
-5.06037
-5.06206
-5.06407
-5.06549
-5.06738
-5.06883
-5.07059
-5.07222
-5.07386
-5.07536
-5.07732
-5.07884
-5.08068
-5.08252
-5.08422
-5.08608
-5.08809
-5.08966
-5.09184
-5.09371
-5.09574
-5.09762
-5.09934
-5.10151
-5.10368
-5.10539
-5.10723
-5.10936
-5.11118
-5.11299
-5.11523
-5.11684
-5.11858
-5.12015
-5.12169
-5.12321
-5.12499
-5.12675
-5.12816
-5.1297
-5.13105
-5.13281
-5.13392
-5.13455
-5.13573
-5.13717
-5.13826
-5.13946
-5.14091
-5.14185
-5.1429
-5.14404
-5.14483
-5.14587
-5.1467
-5.14717
-5.14699
-5.1475
-5.14811
-5.14882
-5.14962
-5.14975
-5.15013
-5.15045
-5.15101
-5.15137
-5.15151
-5.15159
-5.15161
-5.15157
-5.15147
-5.15131
-5.15109
-5.1508
-5.15016
-5.1493
-5.14883
-5.1483
-5.14726
-5.14676
-5.1462
-5.14558
-5.14504
-5.14384
-5.14289
-5.14187
-5.14063
-5.13949
-5.13814
-5.13687
-5.13539
-5.13385
-5.1327
-5.13149
-5.12977
-5.12814
-5.1269
-5.12515
-5.12379
-5.12192
-5.12
-5.11831
-5.11642
-5.11432
-5.11216
-5.10995
-5.10723
-5.1049
-5.10223
-5.1004
-5.09838
-5.0957
-5.09313
-5.09066
-5.08814
-5.08542
-5.08282
-5.08017
-5.07733
-5.07416
-5.07125
-5.06845
-5.06533
-5.06262
-5.05974
-5.05684
-5.05376
-5.05081
-5.04784
-5.04502
-5.04203
-5.03888
-5.03558
-5.03213
-5.02914
-5.02569
-5.02256
-5.01915
-5.01605
-5.01298
-5.00963
-5.00677
-5.00379
-5.00101
-4.99842
-4.99513
-4.99205
-4.98963
-4.98743
-4.98455
-4.9822
-4.97978
-4.97745
-4.97566
-4.97366
-4.97162
-4.96969
-4.96787
-4.96632
-4.96458
-4.96327
-4.96194
-4.96074
-4.95921
-4.95828
-4.95718
-4.95668
-4.95616
-4.95549
-4.95556
-4.95547
-4.95536
-4.95555
-4.95603
-4.95619
-4.95678
-4.9575
-4.95834
-4.95915
-4.96053
-4.96187
-4.96332
-4.96472
-4.96606
-4.96763
-4.96914
-4.97103
-4.97284
-4.97456
-4.97633
-4.97892
-4.98094
-4.98315
-4.9854
-4.98752
-4.98997
-4.99228
-4.99476
-4.99709
-4.99912
-5.00145
-5.00377
-5.00578
-5.00793
-5.00991
-5.01202
-5.01441
-5.01633
-5.01837
-5.02008
-5.02207
-5.02417
-5.02609
-5.02813
-5.03014
-5.03196
-5.03375
-5.03536
-5.03678
-5.03862
-5.04027
-5.04205
-5.04364
-5.04535
-5.04688
-5.04838
-5.04984
-5.05113
-5.05224
-5.05392
-5.05543
-5.05675
-5.0579
-5.05903
-5.05998
-5.0612
-5.06256
-5.06343
-5.06444
-5.06588
-5.06699
-5.06793
-5.0687
-5.06975
-5.07138
-5.07239
-5.07337
-5.07403
-5.07498
-5.07589
-5.07694
-5.07797
-5.07897
-5.0795
-5.08015
-5.08079
-5.0817
-5.08289
-5.08375
-5.08474
-5.08496
-5.08575
-5.08606
-5.0868
-5.08722
-5.08761
-5.08813
-5.08878
-5.0888
-5.08895
-5.08954
-5.0898
-5.0902
-5.09043
-5.09095
-5.09161
-5.09181
-5.09215
-5.09248
-5.09311
-5.09343
-5.09361
-5.09393
-5.09396
-5.09429
-5.09448
-5.09468
-5.09474
-5.09512
-5.09536
-5.09562
-5.09635
-5.09679
-5.0971
-5.09774
-5.09778
-5.0989
-5.09914
-5.09939
-5.09996
-5.10114
-5.10204
-5.10249
-5.10326
-5.10373
-5.10465
-5.10497
-5.10559
-5.10605
-5.10696
-5.10725
-5.10797
-5.10867
-5.10935
-5.10971
-5.10988
-5.11032
-5.11057
-5.11108
-5.11125
-5.11182
-5.11174
-5.11176
-5.11188
-5.11209
-5.11194
-5.11203
-5.11206
-5.11234
-5.11209
-5.11163
-5.11111
-5.11067
-5.11031
-5.11004
-5.1094
-5.1084
-5.10763
-5.10695
-5.10605
-5.10463
-5.10346
-5.10237
-5.10138
-5.10017
-5.09891
-5.09744
-5.09622
-5.09494
-5.09331
-5.09177
-5.09034
-5.08857
-5.08674
-5.08518
-5.08342
-5.08146
-5.07977
-5.07775
-5.07568
-5.07358
-5.07145
-5.06914
-5.0671
-5.06473
-5.06248
-5.06021
-5.05822
-5.05666
-5.05494
-5.05304
-5.05067
-5.04859
-5.0465
-5.04439
-5.04227
-5.03984
-5.03741
-5.03496
-5.03267
-5.03037
-5.02792
-5.02531
-5.02331
-5.02072
-5.01858
-5.01599
-5.01326
-5.01069
-5.00843
-5.00634
-5.00366
-5.0019
-5.00001
-4.99784
-4.99599
-4.99387
-4.99177
-4.98925
-4.98707
-4.98476
-4.98294
-4.98086
-4.97882
-4.97712
-4.97516
-4.97341
-4.97155
-4.96989
-4.96843
-4.96719
-4.9657
-4.96426
-4.96305
-4.96189
-4.9605
-4.95979
-4.95884
-4.95766
-4.95671
-4.95598
-4.95534
-4.95462
-4.95368
-4.95327
-4.9528
-4.95241
-4.9524
-4.95234
-4.95296
-4.95261
-4.9528
-4.95262
-4.95269
-4.95253
-4.95231
-4.95278
-4.95363
-4.95442
-4.95498
-4.95547
-4.95664
-4.95774
-4.9586
-4.95954
-4.96099
-4.96206
-4.9635
-4.96469
-4.96639
-4.9677
-4.96921
-4.97077
-4.97222
-4.97372
-4.9751
-4.97668
-4.97829
-4.98023
-4.9819
-4.9836
-4.98562
-4.98751
-4.98927
-4.9912
-4.99315
-4.9951
-4.99707
-4.9989
-5.00073
-5.00273
-5.00488
-5.00703
-5.00859
-5.01091
-5.01324
-5.01541
-5.01745
-5.01948
-5.02152
-5.02327
-5.02548
-5.02769
-5.02977
-5.03215
-5.0338
-5.03621
-5.03834
-5.04094
-5.04325
-5.04528
-5.04718
-5.04941
-5.05151
-5.05378
-5.05577
-5.0581
-5.06045
-5.06298
-5.06554
-5.06797
-5.07028
-5.07323
-5.0756
-5.07815
-5.08057
-5.08302
-5.08565
-5.0883
-5.09112
-5.09367
-5.09623
-5.09866
-5.1017
-5.10416
-5.10693
-5.10955
-5.11203
-5.11527
-5.11805
-5.12083
-5.12361
-5.12622
-5.12913
-5.13186
-5.13443
-5.13698
-5.13966
-5.14231
-5.14508
-5.14766
-5.15022
-5.15258
-5.15505
-5.15733
-5.15972
-5.1619
-5.16404
-5.16627
-5.16844
-5.17056
-5.17277
-5.17492
-5.177
-5.17917
-5.18112
-5.18269
-5.1842
-5.18563
-5.18683
-5.1884
-5.18975
-5.19086
-5.19234
-5.19359
-5.19475
-5.19582
-5.19636
-5.19725
-5.19791
-5.19832
-5.19848
-5.19871
-5.19914
-5.19947
-5.19941
-5.1994
-5.19914
-5.19894
-5.19849
-5.19839
-5.19804
-5.1976
-5.1966
-5.19581
-5.19492
-5.19363
-5.19255
-5.19122
-5.18995
-5.18828
-5.18652
-5.18497
-5.18303
-5.1813
-5.17964
-5.17743
-5.17545
-5.17353
-5.17109
-5.16902
-5.16687
-5.1642
-5.16176
-5.15941
-5.15685
-5.15422
-5.15124
-5.1485
-5.14556
-5.14273
-5.13985
-5.13739
-5.13444
-5.13131
-5.1286
-5.12572
-5.12237
-5.11915
-5.11576
-5.11252
-5.10943
-5.10618
-5.10324
-5.10001
-5.09709
-5.09389
-5.09116
-5.08831
-5.08564
-5.08239
-5.07918
-5.07617
-5.07335
-5.07058
-5.06801
-5.06534
-5.06243
-5.05988
-5.05785
-5.05544
-5.05294
-5.05112
-5.04876
-5.04664
-5.04443
-5.04216
-5.04071
-5.03875
-5.03701
-5.03551
-5.03394
-5.03245
-5.03134
-5.03001
-5.02831
-5.02698
-5.02619
-5.02517
-5.02422
-5.02335
-5.0227
-5.02151
-5.02084
-5.02023
-5.01984
-5.01935
-5.01907
-5.01899
-5.01866
-5.01837
-5.01798
-5.01778
-5.01746
-5.01687
-5.01647
-5.0164
-5.0162
-5.01602
-5.01586
-5.01602
-5.0162
-5.01608
-5.01642
-5.01617
-5.01621
-5.01672
-5.01677
-5.01666
-5.01655
-5.01673
-5.01676
-5.01678
-5.01648
-5.01647
-5.01646
-5.01673
-5.01668
-5.01708
-5.017
-5.01707
-5.01681
-5.01715
-5.01747
-5.01763
-5.01747
-5.0176
-5.01757
-5.01768
-5.01733
-5.01726
-5.01674
-5.01621
-5.01613
-5.01574
-5.0152
-5.01526
-5.01501
-5.01477
-5.01438
-5.0143
-5.01406
-5.01399
-5.01347
-5.01326
-5.01307
-5.01304
-5.01272
-5.01256
-5.01243
-5.01216
-5.01221
-5.01183
-5.01177
-5.01189
-5.01157
-5.01129
-5.01118
-5.01125
-5.01119
-5.01131
-5.01131
-5.01179
-5.012
-5.01238
-5.0128
-5.01294
-5.01357
-5.01422
-5.01445
-5.01531
-5.01574
-5.0162
-5.01653
-5.01703
-5.01756
-5.0181
-5.01851
-5.01954
-5.02013
-5.02089
-5.02181
-5.02198
-5.02277
-5.02356
-5.0242
-5.02469
-5.02519
-5.02568
-5.02631
-5.02694
-5.02786
-5.02832
-5.02891
-5.02964
-5.03021
-5.0306
-5.03097
-5.03163
-5.03181
-5.03228
-5.03271
-5.03313
-5.03352
-5.03374
-5.03393
-5.03409
-5.03454
-5.03465
-5.03505
-5.03557
-5.03577
-5.0361
-5.03686
-5.03686
-5.03653
-5.03665
-5.0366
-5.03654
-5.03678
-5.03686
-5.03619
-5.03568
-5.03592
-5.03572
-5.03583
-5.03641
-5.03656
-5.03642
-5.03661
-5.03683
-5.03723
-5.03765
-5.03782
-5.03801
-5.0384
-5.03899
-5.03931
-5.03983
-5.0404
-5.04133
-5.042
-5.04272
-5.04349
-5.04431
-5.04518
-5.04596
-5.04694
-5.04797
-5.04875
-5.04988
-5.05105
-5.05228
-5.0537
-5.05485
-5.0559
-5.05745
-5.05903
-5.06049
-5.06214
-5.06366
-5.06551
-5.06724
-5.06914
-5.07091
-5.0727
-5.07465
-5.07631
-5.07798
-5.08011
-5.08179
-5.08363
-5.08516
-5.08653
-5.08821
-5.08972
-5.09123
-5.09287
-5.09435
-5.09596
-5.0977
-5.09913
-5.10068
-5.10251
-5.10386
-5.10488
-5.10648
-5.10789
-5.10897
-5.11047
-5.11208
-5.11351
-5.11459
-5.11608
-5.11739
-5.11849
-5.1197
-5.12102
-5.12213
-5.1232
-5.12376
-5.12472
-5.12548
-5.12633
-5.12697
-5.12756
-5.12779
-5.1281
-5.12821
-5.12871
-5.12914
-5.12936
-5.12967
-5.12932
-5.12935
-5.12916
-5.12906
-5.12905
-5.12912
-5.12882
-5.12846
-5.12788
-5.12709
-5.12699
-5.12637
-5.12554
-5.1248
-5.124
-5.12298
-5.12221
-5.12122
-5.12018
-5.11878
-5.11733
-5.11627
-5.11516
-5.1137
-5.11234
-5.11093
-5.10962
-5.10781
-5.10657
-5.10513
-5.10381
-5.10229
-5.10074
-5.099
-5.09722
-5.09542
-5.09373
-5.09202
-5.09028
-5.08837
-5.08673
-5.08432
-5.08219
-5.08004
-5.07788
-5.07585
-5.07396
-5.07206
-5.07
-5.06779
-5.06571
-5.06334
-5.06141
-5.05948
-5.05741
-5.05534
-5.05312
-5.05106
-5.04885
-5.04727
-5.04509
-5.04292
-5.04092
-5.03879
-5.03667
-5.03428
-5.03221
-5.03031
-5.02874
-5.0269
-5.02493
-5.02314
-5.02139
-5.01966
-5.01797
-5.01632
-5.01455
-5.01296
-5.01142
-5.01006
-5.00874
-5.00732
-5.00578
-5.00474
-5.00359
-5.00263
-5.00156
-5.00054
-4.99911
-4.99802
-4.99698
-4.99613
-4.99517
-4.99441
-4.99338
-4.9924
-4.9919
-4.99115
-4.99043
-4.98991
-4.98897
-4.98806
-4.98749
-4.98696
-4.9866
-4.98628
-4.98569
-4.98498
-4.9846
-4.98424
-4.98376
-4.98346
-4.98317
-4.98306
-4.98298
-4.9826
-4.98225
-4.98177
-4.9816
-4.9813
-4.98101
-4.98119
-4.98107
-4.98037
-4.98028
-4.98051
-4.98059
-4.98053
-4.98033
-4.98044
-4.98055
-4.98007
-4.9802
-4.98033
-4.98047
-4.98032
-4.98016
-4.98001
-4.98002
-4.98002
-4.97988
-4.97989
-4.9799
-4.97992
-4.97993
-4.98009
-4.97996
-4.97982
-4.97983
-4.97985
-4.97971
-4.97971
-4.97972
-4.97972
-4.97987
-4.97971
-4.97985
-4.98029
-4.98058
-4.98055
-4.98037
-4.98034
-4.98015
-4.97979
-4.97974
-4.97937
-4.97929
-4.97966
-4.97942
-4.97962
-4.97966
-4.97954
-4.97941
-4.97942
-4.97941
-4.9791
-4.97862
-4.97873
-4.97868
-4.97877
-4.97839
-4.9783
-4.97805
-4.97778
-4.97766
-4.97797
-4.97706
-4.9769
-4.97657
-4.97639
-4.97603
-4.97537
-4.9753
-4.97461
-4.97422
-4.97367
-4.97341
-4.97299
-4.97302
-4.97245
-4.97202
-4.97158
-4.9713
-4.97102
-4.97104
-4.97046
-4.97005
-4.96994
-4.96954
-4.96856
-4.96834
-4.96829
-4.96751
-4.96706
-4.96693
-4.96668
-4.96661
-4.96628
-4.96598
-4.96603
-4.96626
-4.9667
-4.96673
-4.96651
-4.96664
-4.96668
-4.96723
-4.96769
-4.96806
-4.96849
-4.96883
-4.96939
-4.97031
-4.971
-4.97191
-4.97258
-4.97331
-4.97427
-4.97528
-4.97651
-4.97765
-4.97869
-4.97995
-4.9811
-4.98216
-4.98372
-4.98518
-4.98683
-4.98822
-4.98949
-4.99095
-4.99228
-4.99394
-4.99547
-4.99717
-4.99888
-5.0006
-5.00247
-5.00419
-5.00621
-5.00807
-5.00947
-5.01145
-5.01327
-5.01491
-5.01637
-5.01825
-5.01965
-5.02101
-5.02248
-5.02407
-5.02575
-5.02694
-5.02808
-5.02932
-5.03081
-5.03209
-5.03302
-5.03403
-5.03484
-5.0359
-5.03689
-5.03782
-5.03824
-5.03906
-5.03966
-5.0399
-5.04024
-5.04097
-5.04134
-5.04181
-5.04177
-5.04199
-5.04215
-5.04196
-5.04187
-5.0422
-5.04233
-5.04213
-5.04218
-5.04221
-5.04205
-5.04156
-5.04119
-5.04065
-5.04009
-5.03981
-5.03967
-5.03951
-5.0392
-5.03887
-5.03915
-5.03882
-5.03819
-5.03787
-5.03755
-5.03709
-5.03665
-5.03651
-5.03594
-5.03553
-5.03545
-5.03539
-5.03535
-5.03518
-5.03519
-5.03523
-5.03499
-5.03509
-5.03521
-5.03537
-5.03541
-5.03548
-5.03543
-5.03557
-5.03574
-5.0361
-5.03618
-5.03661
-5.03676
-5.03695
-5.03732
-5.03773
-5.03847
-5.03894
-5.03913
-5.03936
-5.03992
-5.04051
-5.04113
-5.04161
-5.04243
-5.04312
-5.04337
-5.04426
-5.04485
-5.04577
-5.0461
-5.04705
-5.04771
-5.04883
-5.04981
-5.0505
-5.05119
-5.05189
-5.05274
-5.05345
-5.05445
-5.05499
-5.05584
-5.05637
-5.0575
-5.05831
-5.05912
-5.06021
-5.06083
-5.06159
-5.06218
-5.0629
-5.06375
-5.06473
-5.06553
-5.06585
-5.06615
-5.06656
-5.0671
-5.06776
-5.0687
-5.06914
-5.0694
-5.06948
-5.06983
-5.06999
-5.07056
-5.0711
-5.071
-5.07132
-5.07129
-5.07123
-5.07113
-5.07115
-5.07143
-5.07137
-5.07158
-5.07129
-5.07112
-5.07107
-5.07112
-5.07084
-5.07052
-5.07047
-5.06992
-5.06979
-5.06933
-5.06867
-5.06768
-5.06695
-5.06589
-5.06524
-5.06455
-5.06367
-5.06336
-5.06272
-5.06173
-5.06086
-5.05979
-5.05854
-5.0577
-5.05637
-5.05515
-5.05374
-5.05274
-5.05125
-5.04986
-5.04859
-5.04712
-5.04576
-5.0442
-5.04275
-5.04125
-5.03986
-5.03812
-5.03618
-5.03451
-5.03323
-5.03146
-5.0301
-5.02824
-5.02634
-5.02409
-5.0224
-5.02052
-5.01845
-5.01649
-5.01404
-5.01186
-5.00979
-5.00755
-5.00573
-5.00328
-5.00081
-4.99817
-4.99582
-4.99347
-4.99141
-4.98874
-4.98608
-4.98389
-4.98186
-4.97955
-4.97726
-4.97516
-4.97264
-4.97047
-4.96849
-4.96672
-4.96456
-4.96291
-4.96119
-4.95924
-4.95736
-4.95558
-4.95403
-4.95242
-4.95121
-4.95026
-4.9491
-4.9482
-4.94756
-4.94657
-4.94599
-4.94506
-4.94455
-4.94414
-4.94384
-4.9441
-4.94386
-4.94371
-4.94381
-4.944
-4.94398
-4.94434
-4.94478
-4.9453
-4.94588
-4.94607
-4.94647
-4.94722
-4.94742
-4.94795
-4.94928
-4.95018
-4.9511
-4.95248
-4.95358
-4.95468
-4.95609
-4.95703
-4.95826
-4.95917
-4.95976
-4.96078
-4.96176
-4.96257
-4.96333
-4.96405
-4.96503
-4.96551
-4.9658
-4.96648
-4.96696
-4.96768
-4.9679
-4.96851
-4.96861
-4.96851
-4.96834
-4.96857
-4.96858
-4.96869
-4.96859
-4.96858
-4.96867
-4.96809
-4.96807
-4.96754
-4.9674
-4.96692
-4.96669
-4.96581
-4.96533
-4.96481
-4.9635
-4.9626
-4.96167
-4.96085
-4.96001
-4.95913
-4.95838
-4.95746
-4.95606
-4.9554
-4.95473
-4.9536
-4.95291
-4.95161
-4.95092
-4.95008
-4.94894
-4.94781
-4.9467
-4.9459
-4.94467
-4.94377
-4.94289
-4.94205
-4.94139
-4.94077
-4.93989
-4.93921
-4.93843
-4.9377
-4.93734
-4.93688
-4.93604
-4.93586
-4.93561
-4.93559
-4.93564
-4.93563
-4.93555
-4.9357
-4.93595
-4.9366
-4.93688
-4.93712
-4.93746
-4.9382
-4.93905
-4.94015
-4.94151
-4.94298
-4.94411
-4.94549
-4.94714
-4.94889
-4.95075
-4.95226
-4.95433
-4.95621
-4.95834
-4.96057
-4.96259
-4.96502
-4.96738
-4.96968
-4.97237
-4.97514
-4.97814
-4.98061
-4.98361
-4.98666
-4.98947
-4.99279
-4.99556
-4.99882
-5.00212
-5.00546
-5.00912
-5.0125
-5.0159
-5.01977
-5.02303
-5.02614
-5.02985
-5.03294
-5.03631
-5.03951
-5.04254
-5.04582
-5.04907
-5.05228
-5.05543
-5.05839
-5.06113
-5.06426
-5.06688
-5.06972
-5.0725
-5.07534
-5.07796
-5.08064
-5.08263
-5.08514
-5.0874
-5.08942
-5.0918
-5.09393
-5.0955
-5.09712
-5.09895
-5.10052
-5.10244
-5.10395
-5.10535
-5.1065
-5.10724
-5.10787
-5.10885
-5.10957
-5.11004
-5.111
-5.11141
-5.11171
-5.11221
-5.11201
-5.11185
-5.11175
-5.11155
-5.11125
-5.11055
-5.11021
-5.10963
-5.10896
-5.10834
-5.10749
-5.10656
-5.10553
-5.10428
-5.1028
-5.10184
-5.1005
-5.09924
-5.09776
-5.09651
-5.0949
-5.09306
-5.09116
-5.08905
-5.08658
-5.08481
-5.08299
-5.08111
-5.07903
-5.07676
-5.07459
-5.07223
-5.07013
-5.068
-5.06568
-5.06362
-5.06139
-5.05898
-5.05655
-5.05424
-5.05206
-5.04957
-5.04706
-5.04439
-5.04186
-5.03932
-5.03663
-5.03409
-5.03109
-5.02841
-5.02588
-5.02337
-5.02116
-5.01868
-5.01606
-5.01362
-5.01059
-5.00865
-5.00629
-5.00411
-5.00166
-4.99955
-4.99733
-4.99531
-4.99348
-4.99094
-4.98875
-4.98676
-4.98483
-4.98279
-4.98127
-4.9795
-4.9778
-4.97614
-4.97425
-4.97272
-4.97125
-4.96969
-4.96819
-4.9669
-4.96583
-4.96466
-4.9634
-4.96266
-4.96198
-4.96105
-4.96003
-4.95921
-4.95875
-4.95804
-4.95723
-4.95662
-4.95605
-4.95538
-4.95475
-4.95431
-4.95391
-4.95354
-4.95305
-4.95275
-4.95247
-4.95252
-4.95214
-4.95194
-4.95205
-4.95187
-4.9517
-4.95125
-4.95125
-4.95126
-4.95127
-4.95083
-4.95069
-4.9504
-4.9504
-4.95024
-4.95052
-4.95034
-4.94984
-4.94947
-4.94909
-4.94854
-4.94842
-4.94828
-4.94766
-4.94732
-4.94695
-4.9467
-4.94628
-4.94613
-4.9458
-4.94514
-4.94505
-4.94463
-4.94418
-4.94354
-4.94288
-4.94218
-4.9413
-4.9404
-4.93976
-4.93895
-4.93795
-4.93693
-4.93573
-4.9348
-4.93385
-4.93288
-4.93234
-4.93118
-4.93045
-4.9294
-4.92849
-4.92757
-4.92678
-4.92539
-4.92429
-4.92335
-4.9224
-4.92175
-4.92112
-4.91988
-4.91896
-4.91791
-4.91656
-4.91554
-4.91454
-4.91311
-4.91216
-4.91124
-4.91051
-4.90966
-4.9087
-4.90793
-4.9075
-4.90682
-4.90587
-4.90528
-4.90474
-4.90425
-4.90365
-4.90311
-4.90277
-4.90219
-4.90181
-4.90149
-4.90137
-4.9013
-4.90144
-4.90164
-4.90189
-4.90189
-4.90195
-4.90205
-4.90236
-4.90257
-4.90299
-4.9036
-4.90396
-4.90452
-4.90528
-4.90609
-4.90695
-4.90815
-4.90879
-4.90948
-4.91037
-4.91145
-4.91228
-4.9133
-4.91466
-4.91593
-4.91768
-4.91903
-4.92058
-4.92187
-4.9229
-4.92428
-4.92555
-4.92717
-4.92868
-4.93024
-4.93215
-4.93379
-4.93579
-4.93767
-4.93945
-4.94127
-4.94328
-4.94519
-4.94713
-4.94911
-4.95098
-4.95274
-4.95483
-4.95696
-4.95912
-4.96145
-4.96351
-4.9659
-4.96861
-4.97058
-4.97258
-4.97473
-4.97705
-4.97937
-4.9817
