-3.3354
-3.33525
-3.33495
-3.33495
-3.33495
-3.3351
-3.33541
-3.33571
-3.33586
-3.33571
-3.33556
-3.33541
-3.33556
-3.33571
-3.33586
-3.33586
-3.33571
-3.33571
-3.33571
-3.33556
-3.33556
-3.33571
-3.33571
-3.33586
-3.33586
-3.33586
-3.33601
-3.33616
-3.33631
-3.33631
-3.33647
-3.33632
-3.33662
-3.33662
-3.33616
-3.33616
-3.33616
-3.33662
-3.33662
-3.33662
-3.33662
-3.33646
-3.33662
-3.33661
-3.33677
-3.33661
-3.33707
-3.33661
-3.33661
-3.33646
-3.33646
-3.33676
-3.33661
-3.33676
-3.33661
-3.33707
-3.33707
-3.33722
-3.33737
-3.33737
-3.33737
-3.33752
-3.33767
-3.33782
-3.33812
-3.33842
-3.33827
-3.33842
-3.33888
-3.33903
-3.33903
-3.33948
-3.33933
-3.33918
-3.33888
-3.33888
-3.33903
-3.33872
-3.33872
-3.33842
-3.33857
-3.33842
-3.33842
-3.33857
-3.33842
-3.33842
-3.33827
-3.33797
-3.33812
-3.33797
-3.33812
-3.33827
-3.33842
-3.33812
-3.33842
-3.33857
-3.33857
-3.33857
-3.33857
-3.33887
-3.33872
-3.33872
-3.33887
-3.33872
-3.33857
-3.33842
-3.33797
-3.33782
-3.33782
-3.33812
-3.33812
-3.33812
-3.33827
-3.33812
-3.33842
-3.33842
-3.33827
-3.33827
-3.33812
-3.33797
-3.33812
-3.33797
-3.33812
-3.33812
-3.33812
-3.33812
-3.33842
-3.33857
-3.33872
-3.33872
-3.33857
-3.33872
-3.33872
-3.33872
-3.33842
-3.33842
-3.33842
-3.33857
-3.33888
-3.33888
-3.33903
-3.33903
-3.33918
-3.33918
-3.33918
-3.33918
-3.33933
-3.33948
-3.33978
-3.33963
-3.33978
-3.33994
-3.34009
-3.33994
-3.33963
-3.33964
-3.33948
-3.33948
-3.33918
-3.33933
-3.33949
-3.33934
-3.33964
-3.33979
-3.33979
-3.34009
-3.34009
-3.34009
-3.33979
-3.33949
-3.33919
-3.33904
-3.33904
-3.33889
-3.33874
-3.33843
-3.33828
-3.33828
-3.33813
-3.33813
-3.33753
-3.33768
-3.33768
-3.33783
-3.33768
-3.33753
-3.33768
-3.33768
-3.33783
-3.33722
-3.33722
-3.33738
-3.33737
-3.33753
-3.33753
-3.33737
-3.33707
-3.33707
-3.33707
-3.33722
-3.33707
-3.33692
-3.33692
-3.33692
-3.33692
-3.33707
-3.33737
-3.33707
-3.33737
-3.33737
-3.33752
-3.33722
-3.33767
-3.33752
-3.33736
-3.33721
-3.33706
-3.33691
-3.33661
-3.33676
-3.33661
-3.33661
-3.33691
-3.33691
-3.33691
-3.33661
-3.33721
-3.33751
-3.33751
-3.33736
-3.33751
-3.33751
-3.33751
-3.33766
-3.33736
-3.33751
-3.33766
-3.33766
-3.33766
-3.33766
-3.33736
-3.33736
-3.33706
-3.33721
-3.33691
-3.33661
-3.33646
-3.33646
-3.33676
-3.3363
-3.336
-3.336
-3.33555
-3.33555
-3.3354
-3.33585
-3.33585
-3.33585
-3.3357
-3.33585
-3.3357
-3.3357
-3.33585
-3.33585
-3.3354
-3.33495
-3.3348
-3.3348
-3.3351
-3.33525
-3.3351
-3.3351
-3.33464
-3.33465
-3.33465
-3.3348
-3.33495
-3.3351
-3.3351
-3.33525
-3.3354
-3.33525
-3.3351
-3.3357
-3.3357
-3.33586
-3.33616
-3.33631
-3.33601
-3.33616
-3.33616
-3.33601
-3.33586
-3.33586
-3.33555
-3.3357
-3.33586
-3.33586
-3.3357
-3.3357
-3.33555
-3.33525
-3.33525
-3.3354
-3.33555
-3.3354
-3.3351
-3.3351
-3.3348
-3.33495
-3.33525
-3.33525
-3.33525
-3.33555
-3.33586
-3.3357
-3.3357
-3.33555
-3.3354
-3.33555
-3.33555
-3.33525
-3.33525
-3.33525
-3.3348
-3.33495
-3.33525
-3.3354
-3.3357
-3.3354
-3.33586
-3.33616
-3.33616
-3.33601
-3.33601
-3.33601
-3.33585
-3.33601
-3.33601
-3.33616
-3.33616
-3.33661
-3.33646
-3.33646
-3.33646
-3.33676
-3.33706
-3.33721
-3.33782
-3.33797
-3.33827
-3.33812
-3.33812
-3.33827
-3.33827
-3.33812
-3.33812
-3.33812
-3.33812
-3.33827
-3.33857
-3.33887
-3.33887
-3.33887
-3.33917
-3.33917
-3.33917
-3.33917
-3.33902
-3.33917
-3.33917
-3.33887
-3.33902
-3.33887
-3.33872
-3.33857
-3.33887
-3.33887
-3.33887
-3.33887
-3.33902
-3.33902
-3.33872
-3.33887
-3.33902
-3.33902
-3.33917
-3.33932
-3.33932
-3.33932
-3.33902
-3.33932
-3.33947
-3.33947
-3.33932
-3.33917
-3.33917
-3.33932
-3.33917
-3.33917
-3.33917
-3.33917
-3.33947
-3.33947
-3.33947
-3.33963
-3.33978
-3.33993
-3.33993
-3.33963
-3.33978
-3.34023
-3.34023
-3.34008
-3.33993
-3.34038
-3.33993
-3.33993
-3.33993
-3.33978
-3.33978
-3.33993
-3.33978
-3.33963
-3.33963
-3.33963
-3.33948
-3.33948
-3.33933
-3.33903
-3.33903
-3.33933
-3.33903
-3.33903
-3.33918
-3.33903
-3.33903
-3.33888
-3.33873
-3.33873
-3.33858
-3.33873
-3.33858
-3.33843
-3.33843
-3.33828
-3.33797
-3.33797
-3.33828
-3.33828
-3.33843
-3.33888
-3.33888
-3.33903
-3.33918
-3.33933
-3.33918
-3.33903
-3.33918
-3.33918
-3.33903
-3.33888
-3.33903
-3.33948
-3.33933
-3.33963
-3.33963
-3.34023
-3.34054
-3.34039
-3.34054
-3.34038
-3.34023
-3.34008
-3.33993
-3.33993
-3.33978
-3.33978
-3.33948
-3.33948
-3.33963
-3.33947
-3.33963
-3.33947
-3.33962
-3.33978
-3.33962
-3.33962
-3.33978
-3.33978
-3.33978
-3.33993
-3.33993
-3.33993
-3.34008
-3.33993
-3.33993
-3.34008
-3.34008
-3.34008
-3.34023
-3.34023
-3.34023
-3.34023
-3.34038
-3.34053
-3.34083
-3.34068
-3.34053
-3.34068
-3.34098
-3.34098
-3.34068
-3.34068
-3.34008
-3.34023
-3.34008
-3.34023
-3.34008
-3.34023
-3.34038
-3.34023
-3.34008
-3.33993
-3.33978
-3.33963
-3.33978
-3.33978
-3.33963
-3.33933
-3.33933
-3.33963
-3.33978
-3.33963
-3.33963
-3.33963
-3.33963
-3.33948
-3.33978
-3.33963
-3.33963
-3.33948
-3.33933
-3.33903
-3.33888
-3.33888
-3.33903
-3.33918
-3.33918
-3.33918
-3.33933
-3.33948
-3.33933
-3.33918
-3.33963
-3.33948
-3.33903
-3.33903
-3.33903
-3.33903
-3.33858
-3.33827
-3.33827
-3.33782
-3.33767
-3.33797
-3.33797
-3.33782
-3.33782
-3.33767
-3.33797
-3.33828
-3.33843
-3.33843
-3.33858
-3.33828
-3.33813
-3.33813
-3.33813
-3.33828
-3.33813
-3.33798
-3.33782
-3.33783
-3.33782
-3.33783
-3.33798
-3.33783
-3.33783
-3.33767
-3.33767
-3.33722
-3.33707
-3.33707
-3.33707
-3.33692
-3.33722
-3.33707
-3.33692
-3.33677
-3.33722
-3.33722
-3.33722
-3.33752
-3.33737
-3.33737
-3.33783
-3.33798
-3.33798
-3.33813
-3.33828
-3.33813
-3.33828
-3.33828
-3.33828
-3.33858
-3.33858
-3.33858
-3.33843
-3.33843
-3.33858
-3.33858
-3.33888
-3.33888
-3.33888
-3.33873
-3.33843
-3.33827
-3.33812
-3.33827
-3.33812
-3.33842
-3.33888
-3.33873
-3.33842
-3.33857
-3.33842
-3.33827
-3.33812
-3.33812
-3.33842
-3.33872
-3.33887
-3.33902
-3.33963
-3.33948
-3.33963
-3.33963
-3.33948
-3.33948
-3.33963
-3.33947
-3.33947
-3.33947
-3.33932
-3.33932
-3.33932
-3.33947
-3.33947
-3.33962
-3.33962
-3.33947
-3.33932
-3.33947
-3.33977
-3.33977
-3.33947
-3.33947
-3.33917
-3.33902
-3.33902
-3.33902
-3.33917
-3.33902
-3.33932
-3.33932
-3.33932
-3.33902
-3.33917
-3.33932
-3.33917
-3.33917
-3.33917
-3.33932
-3.33917
-3.33932
-3.33917
-3.33902
-3.33872
-3.33857
-3.33872
-3.33872
-3.33842
-3.33842
-3.33842
-3.33827
-3.33812
-3.33842
-3.33842
-3.33857
-3.33812
-3.33827
-3.33842
-3.33857
-3.33872
-3.33872
-3.33857
-3.33842
-3.33812
-3.33782
-3.33782
-3.33782
-3.33797
-3.33797
-3.33827
-3.33827
-3.33827
-3.33872
-3.33872
-3.33842
-3.33812
-3.33812
-3.33782
-3.33812
-3.33827
-3.33827
-3.33827
-3.33827
-3.33812
-3.33782
-3.33767
-3.33737
-3.33782
-3.33782
-3.33797
-3.33812
-3.33812
-3.33797
-3.33797
-3.33797
-3.33827
-3.33797
-3.33752
-3.33721
-3.33721
-3.33721
-3.33737
-3.33706
-3.33706
-3.33691
-3.33661
-3.33691
-3.33706
-3.33782
-3.33782
-3.33782
-3.33782
-3.33767
-3.33782
-3.33752
-3.33767
-3.33797
-3.33812
-3.33812
-3.33888
-3.33888
-3.33903
-3.33903
-3.33933
-3.33933
-3.33933
-3.33933
-3.33903
-3.33918
-3.33933
-3.33933
-3.33933
-3.33903
-3.33903
-3.33918
-3.33903
-3.33903
-3.33903
-3.33918
-3.33933
-3.33963
-3.33933
-3.33903
-3.33903
-3.33888
-3.33872
-3.33872
-3.33903
-3.33903
-3.33918
-3.33918
-3.33918
-3.33978
-3.33978
-3.33933
-3.33933
-3.33933
-3.33933
-3.33948
-3.33933
-3.33933
-3.33918
-3.33903
-3.33903
-3.33933
-3.33948
-3.33933
-3.33887
-3.33872
-3.33887
-3.33872
-3.33872
-3.33918
-3.33887
-3.33857
-3.33857
-3.33857
-3.33857
-3.33842
-3.33857
-3.33872
-3.33888
-3.33948
-3.33918
-3.33857
-3.33888
-3.33842
-3.33827
-3.33827
-3.33827
-3.33812
-3.33812
-3.33797
-3.33797
-3.33797
-3.33782
-3.33812
-3.33797
-3.33812
-3.33812
-3.33812
-3.33797
-3.33782
-3.33752
-3.33737
-3.33737
-3.33722
-3.33691
-3.33707
-3.33676
-3.33661
-3.33661
-3.33692
-3.33692
-3.33707
-3.33752
-3.33737
-3.33752
-3.33767
-3.33782
-3.33797
-3.33813
-3.33813
-3.33843
-3.33843
-3.33828
-3.33828
-3.33828
-3.33843
-3.33858
-3.33873
-3.33858
-3.33828
-3.33858
-3.33843
-3.33858
-3.33858
-3.33843
-3.33858
-3.33812
-3.33782
-3.33813
-3.33828
-3.33828
-3.33812
-3.33828
-3.33797
-3.33812
-3.33828
-3.33797
-3.33797
-3.33797
-3.33767
-3.33797
-3.33797
-3.33797
-3.33827
-3.33842
-3.33888
-3.33903
-3.33918
-3.33903
-3.33888
-3.33842
-3.33873
-3.33857
-3.33842
-3.33827
-3.33827
-3.33797
-3.33782
-3.33782
-3.33782
-3.33782
-3.33767
-3.33782
-3.33782
-3.33827
-3.33812
-3.33812
-3.33827
-3.33842
-3.33872
-3.33842
-3.33872
-3.33857
-3.33842
-3.33857
-3.33887
-3.33887
-3.33872
-3.33887
-3.33887
-3.33887
-3.33887
-3.33918
-3.33933
-3.33948
-3.33963
-3.33933
-3.33918
-3.33902
-3.33918
-3.33918
-3.33933
-3.33948
-3.33963
-3.33978
-3.34038
-3.34053
-3.34038
-3.34038
-3.34038
-3.34038
-3.34053
-3.34038
-3.33993
-3.33963
-3.33948
-3.33948
-3.33963
-3.33978
-3.33963
-3.33932
-3.33917
-3.33902
-3.33902
-3.33932
-3.33948
-3.33948
-3.33963
-3.33963
-3.33978
-3.34008
-3.33993
-3.33978
-3.33963
-3.33948
-3.33932
-3.33932
-3.33902
-3.33887
-3.33872
-3.33857
-3.33872
-3.33872
-3.33872
-3.33872
-3.33887
-3.33887
-3.33857
-3.33812
-3.33797
-3.33781
-3.33797
-3.33782
-3.33842
-3.33842
-3.33857
-3.33842
-3.33857
-3.33842
-3.33842
-3.33872
-3.33872
-3.33872
-3.33872
-3.33887
-3.33902
-3.33887
-3.33933
-3.33933
-3.33887
-3.33903
-3.33903
-3.33888
-3.33903
-3.33872
-3.33842
-3.33827
-3.33827
-3.33827
-3.33812
-3.33782
-3.33797
-3.33767
-3.33721
-3.33721
-3.33721
-3.33721
-3.33706
-3.33721
-3.33721
-3.33721
-3.33737
-3.33752
-3.33752
-3.33737
-3.33736
-3.33767
-3.33767
-3.33752
-3.33752
-3.33767
-3.33767
-3.33797
-3.33767
-3.33767
-3.33782
-3.33736
-3.33751
-3.33767
-3.33782
-3.33766
-3.33751
-3.33721
-3.33691
-3.33691
-3.33691
-3.33691
-3.33721
-3.33721
-3.33721
-3.33706
-3.33736
-3.33736
-3.33736
-3.33721
-3.33691
-3.33676
-3.3366
-3.33645
-3.3363
-3.3363
-3.3366
-3.33645
-3.3366
-3.33645
-3.3363
-3.3363
-3.3366
-3.33691
-3.33675
-3.33691
-3.33706
-3.33706
-3.33691
-3.33721
-3.33706
-3.33736
-3.33736
-3.33751
-3.33736
-3.33736
-3.33766
-3.33766
-3.33781
-3.33766
-3.33781
-3.33721
-3.33721
-3.33751
-3.33751
-3.33766
-3.33766
-3.33766
-3.33736
-3.33766
-3.33751
-3.33736
-3.33751
-3.33767
-3.33752
-3.33736
-3.33736
-3.33752
-3.33752
-3.33797
-3.33797
-3.33782
-3.33767
-3.33782
-3.33797
-3.33782
-3.33767
-3.33767
-3.33797
-3.33752
-3.33721
-3.33721
-3.33721
-3.33752
-3.33752
-3.33752
-3.33767
-3.33767
-3.33797
-3.33812
-3.33827
-3.33827
-3.33827
-3.33842
-3.33842
-3.33857
-3.33827
-3.33827
-3.33827
-3.33842
-3.33842
-3.33842
-3.33842
-3.33842
-3.33872
-3.33887
-3.33872
-3.33827
-3.33857
-3.33857
-3.33827
-3.33857
-3.33872
-3.33857
-3.33842
-3.33827
-3.33827
-3.33827
-3.33827
-3.33812
-3.33827
-3.33827
-3.33797
-3.33767
-3.33767
-3.33752
-3.33737
-3.33721
-3.33737
-3.33722
-3.33706
-3.33676
-3.33706
-3.33722
-3.33737
-3.33706
-3.33722
-3.33722
-3.33706
-3.33722
-3.33691
-3.33676
-3.33661
-3.33646
-3.33676
-3.33661
-3.33676
-3.33646
-3.33646
-3.33631
-3.33616
-3.33631
-3.33616
-3.33616
-3.33616
-3.33616
-3.33616
-3.33616
-3.33631
-3.33631
-3.33616
-3.33616
-3.33616
-3.33601
-3.33616
-3.33631
-3.33646
-3.33661
-3.33631
-3.33631
-3.33631
-3.33646
-3.33631
-3.33616
-3.33616
-3.33631
-3.33631
-3.33631
-3.33676
-3.33676
-3.33676
-3.33676
-3.33691
-3.33721
-3.33691
-3.33661
-3.33646
-3.3363
-3.3363
-3.33646
-3.33585
-3.336
-3.336
-3.33615
-3.33585
-3.33555
-3.3357
-3.33585
-3.3357
-3.33525
-3.33525
-3.33524
-3.33509
-3.33524
-3.3354
-3.33555
-3.33555
-3.33585
-3.33555
-3.33585
-3.336
-3.336
-3.33555
-3.33555
-3.33555
-3.3357
-3.33615
-3.33615
-3.33615
-3.33615
-3.3363
-3.3363
-3.33645
-3.33645
-3.3369
-3.33706
-3.33736
-3.33766
-3.33766
-3.33766
-3.33766
-3.33736
-3.33736
-3.33721
-3.33691
-3.33675
-3.3366
-3.33645
-3.33675
-3.3366
-3.3363
-3.33615
-3.33645
-3.33645
-3.3366
-3.33675
-3.33691
-3.33691
-3.33736
-3.33721
-3.33736
-3.33691
-3.3366
-3.3366
-3.3366
-3.3366
-3.33645
-3.33645
-3.33645
-3.33645
-3.33615
-3.33615
-3.3363
-3.3366
-3.33676
-3.33676
-3.33691
-3.33676
-3.33691
-3.33691
-3.33691
-3.33691
-3.33676
-3.33706
-3.33736
-3.33736
-3.33736
-3.33721
-3.33706
-3.33646
-3.33661
-3.33676
-3.33691
-3.33691
-3.33676
-3.33676
-3.33721
-3.33721
-3.33721
-3.33706
-3.33706
-3.33721
-3.33721
-3.33751
-3.33736
-3.33767
-3.33782
-3.33797
-3.33782
-3.33797
-3.33812
-3.33827
-3.33812
-3.33812
-3.33812
-3.33752
-3.33752
-3.33752
-3.33736
-3.33721
-3.33721
-3.33736
-3.33767
-3.33767
-3.33751
-3.33736
-3.33736
-3.33721
-3.33736
-3.33736
-3.33736
-3.33706
-3.33706
-3.33721
-3.33721
-3.33736
-3.33736
-3.33736
-3.33721
-3.33721
-3.33706
-3.33661
-3.33661
-3.33646
-3.33646
-3.3363
-3.33661
-3.33661
-3.33676
-3.3363
-3.3363
-3.33615
-3.3363
-3.3363
-3.336
-3.336
-3.33615
-3.336
-3.336
-3.33585
-3.3357
-3.33555
-3.3354
-3.3351
-3.33525
-3.33525
-3.33525
-3.33525
-3.33525
-3.33555
-3.33555
-3.33525
-3.3354
-3.33525
-3.3354
-3.3354
-3.3354
-3.33555
-3.33555
-3.33555
-3.3357
-3.3357
-3.33585
-3.33585
-3.3357
-3.3357
-3.33555
-3.3357
-3.336
-3.336
-3.33585
-3.3357
-3.33585
-3.336
-3.33585
-3.33585
-3.33585
-3.336
-3.33615
-3.3363
-3.33615
-3.33615
-3.33585
-3.336
-3.336
-3.3357
-3.3357
-3.33555
-3.3357
-3.33585
-3.33585
-3.33555
-3.3357
-3.33555
-3.3357
-3.3354
-3.3357
-3.33615
-3.33615
-3.33615
-3.3363
-3.3363
-3.3363
-3.3363
-3.33645
-3.33676
-3.33691
-3.33691
-3.33691
-3.3366
-3.3366
-3.33676
-3.33676
-3.33691
-3.33721
-3.33721
-3.33706
-3.33706
-3.33706
-3.33736
-3.33751
-3.33751
-3.33736
-3.33721
-3.33706
-3.33751
-3.33751
-3.33751
-3.33736
-3.33721
-3.33721
-3.33706
-3.33721
-3.33706
-3.33706
-3.33691
-3.33706
-3.33736
-3.33721
-3.33721
-3.33736
-3.33706
-3.33721
-3.33736
-3.33706
-3.33706
-3.33721
-3.33691
-3.33691
-3.33676
-3.33676
-3.33676
-3.33691
-3.33691
-3.33676
-3.33661
-3.33661
-3.33661
-3.33661
-3.33691
-3.33661
-3.33645
-3.33645
-3.33661
-3.3363
-3.33615
-3.3363
-3.3363
-3.33615
-3.336
-3.33615
-3.3363
-3.33645
-3.33645
-3.3366
-3.3366
-3.3366
-3.33645
-3.33645
-3.3363
-3.33615
-3.33645
-3.33645
-3.3366
-3.33676
-3.33691
-3.33706
-3.33706
-3.33691
-3.33675
-3.33675
-3.33691
-3.33691
-3.33751
-3.33781
-3.33796
-3.33781
-3.33751
-3.33751
-3.33751
-3.33706
-3.33706
-3.33675
-3.33706
-3.33691
-3.33675
-3.33706
-3.33706
-3.33675
-3.33675
-3.33645
-3.3366
-3.3366
-3.3366
-3.33676
-3.33676
-3.33676
-3.33706
-3.33706
-3.33706
-3.33751
-3.33751
-3.33751
-3.33781
-3.33766
-3.33751
-3.33766
-3.33766
-3.33796
-3.33827
-3.33842
-3.33857
-3.33842
-3.33842
-3.33842
-3.33872
-3.33872
-3.33827
-3.33842
-3.33857
-3.33857
-3.33857
-3.33857
-3.33827
-3.33827
-3.33797
-3.33812
-3.33842
-3.33842
-3.33857
-3.33842
-3.33842
-3.33842
-3.33857
-3.33872
-3.33872
-3.33887
-3.33903
-3.33872
-3.33888
-3.33888
-3.33857
-3.33827
-3.33827
-3.33827
-3.33782
-3.33812
-3.33782
-3.33767
-3.33737
-3.33737
-3.33752
-3.33737
-3.33721
-3.33737
-3.33706
-3.33737
-3.33706
-3.33721
-3.33736
-3.33736
-3.33721
-3.33721
-3.33736
-3.33721
-3.33736
-3.33736
-3.33691
-3.33691
-3.33691
-3.33691
-3.33706
-3.33736
-3.33736
-3.33736
-3.33736
-3.33706
-3.33766
-3.33782
-3.33781
-3.33766
-3.33766
-3.33736
-3.33736
-3.33736
-3.33766
-3.33781
-3.33781
-3.33812
-3.33796
-3.33796
-3.33827
-3.33766
-3.33736
-3.33766
-3.33751
-3.33751
-3.33736
-3.33766
-3.33781
-3.33811
-3.33811
-3.33811
-3.33826
-3.33796
-3.33811
-3.33796
-3.33826
-3.33857
-3.33842
-3.33857
-3.33857
-3.33842
-3.33872
-3.33826
-3.33826
-3.33826
-3.33781
-3.33781
-3.33796
-3.33781
-3.33766
-3.33751
-3.33751
-3.33721
-3.33706
-3.33706
-3.33706
-3.33721
-3.33736
-3.33736
-3.33751
-3.33736
-3.33736
-3.33766
-3.33766
-3.33766
-3.33781
-3.33796
-3.33827
-3.33842
-3.33842
-3.33857
-3.33857
-3.33887
-3.33872
-3.33827
-3.33812
-3.33827
-3.33827
-3.33812
-3.33827
-3.33842
-3.33827
-3.33827
-3.33797
-3.33797
-3.33812
-3.33827
-3.33857
-3.33842
-3.33827
-3.33797
-3.33812
-3.33797
-3.33797
-3.33827
-3.33827
-3.33827
-3.33812
-3.33812
-3.33782
-3.33751
-3.33721
-3.33706
-3.33736
-3.33797
-3.33797
-3.33782
-3.33812
-3.33782
-3.33797
-3.33827
-3.33827
-3.33782
-3.33766
-3.33736
-3.33736
-3.33751
-3.33736
-3.33751
-3.33751
-3.33782
-3.33797
-3.33842
-3.33842
-3.33872
-3.33872
-3.33902
-3.33887
-3.33887
-3.33903
-3.33903
-3.33963
-3.33963
-3.34008
-3.33993
-3.34008
-3.33978
-3.33978
-3.33993
-3.33978
-3.33963
-3.33948
-3.33933
-3.33918
-3.33902
-3.33902
-3.33902
-3.33887
-3.33902
-3.33902
-3.33872
-3.33842
-3.33842
-3.33827
-3.33812
-3.33842
-3.33827
-3.33827
-3.33827
-3.33827
-3.33827
-3.33827
-3.33842
-3.33842
-3.33842
-3.33842
-3.33812
-3.33827
-3.33796
-3.33751
-3.33721
-3.33676
-3.33676
-3.3366
-3.33676
-3.33675
-3.3366
-3.33645
-3.33645
-3.3366
-3.3366
-3.33721
-3.33736
-3.33736
-3.33736
-3.33691
-3.33691
-3.33675
-3.33645
-3.336
-3.33615
-3.33645
-3.33645
-3.3363
-3.3366
-3.33675
-3.3363
-3.33585
-3.33585
-3.3354
-3.33585
-3.3363
-3.33645
-3.33615
-3.33615
-3.33585
-3.33585
-3.33555
-3.33585
-3.33585
-3.33585
-3.33555
-3.33539
-3.33555
-3.336
-3.336
-3.33555
-3.3357
-3.3357
-3.3357
-3.3357
-3.33615
-3.33615
-3.3357
-3.3357
-3.33585
-3.33615
-3.336
-3.336
-3.33645
-3.33645
-3.33615
-3.33615
-3.3363
-3.3369
-3.33675
-3.3363
-3.33615
-3.33615
-3.33645
-3.33645
-3.33675
-3.3369
-3.3369
-3.33705
-3.33751
-3.33736
-3.3369
-3.33675
-3.3366
-3.33645
-3.33615
-3.33615
-3.33615
-3.33615
-3.3363
-3.33615
-3.336
-3.336
-3.336
-3.3363
-3.3363
-3.3366
-3.3369
-3.3369
-3.3369
-3.33721
-3.33706
-3.3369
-3.3369
-3.33675
-3.33675
-3.3366
-3.3369
-3.33691
-3.33721
-3.33706
-3.33691
-3.33615
-3.3363
-3.3363
-3.33615
-3.3363
-3.336
-3.33585
-3.33585
-3.336
-3.33585
-3.3357
-3.33555
-3.33585
-3.33615
-3.33645
-3.33645
-3.33661
-3.33661
-3.33661
-3.3363
-3.33631
-3.33661
-3.33661
-3.33646
-3.33706
-3.33706
-3.33721
-3.33736
-3.33721
-3.33706
-3.33706
-3.33706
-3.33691
-3.33676
-3.33676
-3.33691
-3.33721
-3.33721
-3.33736
-3.33736
-3.33736
-3.33676
-3.33676
-3.33646
-3.33631
-3.33691
-3.33721
-3.33706
-3.33661
-3.33661
-3.33631
-3.33631
-3.33646
-3.33646
-3.33631
-3.33615
-3.336
-3.336
-3.3363
-3.336
-3.33585
-3.3357
-3.3357
-3.33555
-3.33555
-3.33555
-3.33555
-3.33555
-3.33524
-3.3354
-3.3354
-3.33524
-3.3354
-3.33539
-3.33539
-3.33539
-3.33524
-3.33524
-3.33509
-3.33464
-3.33449
-3.33449
-3.33449
-3.33449
-3.33434
-3.33418
-3.33403
-3.33388
-3.33418
-3.33418
-3.33388
-3.33388
-3.33418
-3.33403
-3.33388
-3.33388
-3.33388
-3.33388
-3.33328
-3.33298
-3.33313
-3.33328
-3.33343
-3.33388
-3.33418
-3.33449
-3.33434
-3.33434
-3.33434
-3.33418
-3.33464
-3.33464
-3.33479
-3.33479
-3.33494
-3.33479
-3.33479
-3.33494
-3.33479
-3.33479
-3.33494
-3.33494
-3.33509
-3.33509
-3.33509
-3.33509
-3.33494
-3.33539
-3.33539
-3.33524
-3.33509
-3.33509
-3.33494
-3.33524
-3.33539
-3.33494
-3.33464
-3.33464
-3.33464
-3.33464
-3.33509
-3.33479
-3.33464
-3.33494
-3.33494
-3.33464
-3.33449
-3.33449
-3.33373
-3.33388
-3.33403
-3.33388
-3.33403
-3.33403
-3.33373
-3.33373
-3.33313
-3.33343
-3.33328
-3.33313
-3.33328
-3.33297
-3.33328
-3.33328
-3.33343
-3.33358
-3.33388
-3.33388
-3.33403
-3.33433
-3.33418
-3.33433
-3.33448
-3.33464
-3.33464
-3.33464
-3.33448
-3.33433
-3.33449
-3.33433
-3.33418
-3.33449
-3.33449
-3.33449
-3.33433
-3.33403
-3.33418
-3.33418
-3.33418
-3.33403
-3.33403
-3.33433
-3.33434
-3.33434
-3.33449
-3.33449
-3.33434
-3.33403
-3.33418
-3.33418
-3.33388
-3.33388
-3.33388
-3.33419
-3.33419
-3.33434
-3.33464
-3.33449
-3.33434
-3.33419
-3.33419
-3.33434
-3.33449
-3.33479
-3.33509
-3.33494
-3.33524
-3.33509
-3.33509
-3.33509
-3.33525
-3.33525
-3.33509
-3.33509
-3.3354
-3.3357
-3.3357
-3.3354
-3.33555
-3.3357
-3.33585
-3.33585
-3.33585
-3.33585
-3.33585
-3.3357
-3.33555
-3.3357
-3.3357
-3.3357
-3.33585
-3.33585
-3.3357
-3.3357
-3.33585
-3.33585
-3.3357
-3.33585
-3.33615
-3.336
-3.3363
-3.33615
-3.33615
-3.33615
-3.3363
-3.33645
-3.33676
-3.33676
-3.3366
-3.3366
-3.33645
-3.3366
-3.33645
-3.3366
-3.3366
-3.33706
-3.33766
-3.33766
-3.33751
-3.33736
-3.33721
-3.33736
-3.33766
-3.33781
-3.33796
-3.33826
-3.33826
-3.33811
-3.33811
-3.33796
-3.33796
-3.33811
-3.33796
-3.33811
-3.33811
-3.33811
-3.33796
-3.33796
-3.33796
-3.33811
-3.33811
-3.33826
-3.33826
-3.33826
-3.33826
-3.33811
-3.33796
-3.33796
-3.33796
-3.33781
-3.3375
-3.33735
-3.3369
-3.33705
-3.33705
-3.3369
-3.3372
-3.33705
-3.3369
-3.33705
-3.33675
-3.33675
-3.3369
-3.33705
-3.33675
-3.3369
-3.33705
-3.3369
-3.3369
-3.33644
-3.33644
-3.33644
-3.33644
-3.33644
-3.33629
-3.33629
-3.33614
-3.33629
-3.33644
-3.33629
-3.33629
-3.33599
-3.33569
-3.33538
-3.33554
-3.33538
-3.33554
-3.33569
-3.33523
-3.33554
-3.33539
-3.33508
-3.33539
-3.33539
-3.33554
-3.33569
-3.33584
-3.33569
-3.33599
-3.33614
-3.33629
-3.33645
-3.3366
-3.33675
-3.33705
-3.3369
-3.33735
-3.33705
-3.3369
-3.3372
-3.3372
-3.33705
-3.33675
-3.33705
-3.33705
-3.33735
-3.3372
-3.3372
-3.33751
-3.33736
-3.33705
-3.3372
-3.3372
-3.33736
-3.33751
-3.33751
-3.33766
-3.33766
-3.33796
-3.33781
-3.33766
-3.33751
-3.33751
-3.33721
-3.33751
-3.33751
-3.33751
-3.33721
-3.33736
-3.33721
-3.33721
-3.33721
-3.33721
-3.33736
-3.33721
-3.33721
-3.33751
-3.33721
-3.33751
-3.33751
-3.33705
-3.3369
-3.33705
-3.33705
-3.3369
-3.3369
-3.33705
-3.33721
-3.3369
-3.3369
-3.33766
-3.33766
-3.33781
-3.33781
-3.33796
-3.33811
-3.33811
-3.33796
-3.33841
-3.33872
-3.33872
-3.33856
-3.33811
-3.33811
-3.33841
-3.33872
-3.33872
-3.33872
-3.33872
-3.33902
-3.33887
-3.33902
-3.33887
-3.33872
-3.33856
-3.33856
-3.33841
-3.33857
-3.33841
-3.33856
-3.33841
-3.33856
-3.33841
-3.33856
-3.33856
-3.33872
-3.33841
-3.33841
-3.33841
-3.33856
-3.33872
-3.33902
-3.33871
-3.33856
-3.33856
-3.33841
-3.33841
-3.33856
-3.33841
-3.33841
-3.33841
-3.33841
-3.33856
-3.33887
-3.33871
-3.33811
-3.33841
-3.33856
-3.33841
-3.33841
-3.33826
-3.33811
-3.33796
-3.33811
-3.33826
-3.33826
-3.33811
-3.33811
-3.33781
-3.33811
-3.33765
-3.3375
-3.3378
-3.3378
-3.33765
-3.3375
-3.33735
-3.3375
-3.33735
-3.33765
-3.33735
-3.33735
-3.3375
-3.3375
-3.3375
-3.33735
-3.33735
-3.33735
-3.33735
-3.3375
-3.33735
-3.33765
-3.3375
-3.3375
-3.33735
-3.3375
-3.33735
-3.3375
-3.3375
-3.33795
-3.33795
-3.3378
-3.33795
-3.33795
-3.33826
-3.33841
-3.33826
-3.33871
-3.33856
-3.33856
-3.33841
-3.33841
-3.33841
-3.33825
-3.3378
-3.3381
-3.33795
-3.3381
-3.33795
-3.33795
-3.33825
-3.3384
-3.33825
-3.3384
-3.33886
-3.33901
-3.33931
-3.33931
-3.33931
-3.33931
-3.33946
-3.33916
-3.33901
-3.33901
-3.33901
-3.33916
-3.33931
-3.33946
-3.33946
-3.33946
-3.33946
-3.33916
-3.33916
-3.33916
-3.33916
-3.33886
-3.33886
-3.33841
-3.33826
-3.33841
-3.33811
-3.33811
-3.33796
-3.33856
-3.33871
-3.33856
-3.33841
-3.33871
-3.33886
-3.33886
-3.33887
-3.33902
-3.33887
-3.33887
-3.33856
-3.33872
-3.33887
-3.33887
-3.33917
-3.33917
-3.33917
-3.33932
-3.33917
-3.33917
-3.33902
-3.33917
-3.33887
-3.33872
-3.33841
-3.33857
-3.33857
-3.33842
-3.33826
-3.33796
-3.33796
-3.33811
-3.33766
-3.33721
-3.33706
-3.33721
-3.33706
-3.33706
-3.33706
-3.3369
-3.3369
-3.3369
-3.3369
-3.33706
-3.33706
-3.33721
-3.33705
-3.33736
-3.33736
-3.33736
-3.33736
-3.33751
-3.33781
-3.33781
-3.33766
-3.33766
-3.33751
-3.33751
-3.33751
-3.33751
-3.33751
-3.33781
-3.33751
-3.33766
-3.33751
-3.33736
-3.33736
-3.33736
-3.33751
-3.33766
-3.33796
-3.33811
-3.33811
-3.33811
-3.33811
-3.33796
-3.33766
-3.33766
-3.33766
-3.33811
-3.33781
-3.33781
-3.33751
-3.33751
-3.3372
-3.33736
-3.33751
-3.33751
-3.33751
-3.33766
-3.33781
-3.33781
-3.33766
-3.33766
-3.33736
-3.33736
-3.33751
-3.33766
-3.33736
-3.33751
-3.33766
-3.33766
-3.33751
-3.33796
-3.33781
-3.33781
-3.33766
-3.33766
-3.33811
-3.33811
-3.33811
-3.33826
-3.33826
-3.33826
-3.33826
-3.33811
-3.33841
-3.33887
-3.33902
-3.33902
-3.33962
-3.33962
-3.33947
-3.33947
-3.33932
-3.33917
-3.33932
-3.33947
-3.33947
-3.33947
-3.33977
-3.33977
-3.33992
-3.33977
-3.33977
-3.33962
-3.33947
-3.33962
-3.33962
-3.33962
-3.33962
-3.33992
-3.34023
-3.34007
-3.34007
-3.34007
-3.34023
-3.34023
-3.34053
-3.34083
-3.34083
-3.34068
-3.34083
-3.34068
-3.34098
-3.34098
-3.34098
-3.34068
-3.34053
-3.34068
-3.34098
-3.34098
-3.34098
-3.34098
-3.34068
-3.34053
-3.34083
-3.34068
-3.34068
-3.34038
-3.34023
-3.34022
-3.34038
-3.34038
-3.34038
-3.34053
-3.34038
-3.34007
-3.34007
-3.34022
-3.34022
-3.34007
-3.34007
-3.33992
-3.33992
-3.33977
-3.33977
-3.33977
-3.34007
-3.33992
-3.34007
-3.33992
-3.33992
-3.33992
-3.33947
-3.33947
-3.33947
-3.33947
-3.33947
-3.33917
-3.33901
-3.33901
-3.33901
-3.33871
-3.33856
-3.33841
-3.33856
-3.33871
-3.33871
-3.33841
-3.33826
-3.33841
-3.33826
-3.33841
-3.33841
-3.33811
-3.33811
-3.33781
-3.33781
-3.33796
-3.33811
-3.33811
-3.33811
-3.33811
-3.33796
-3.33796
-3.33796
-3.33796
-3.33766
-3.33766
-3.33781
-3.33826
-3.33841
-3.33856
-3.33856
-3.33811
-3.33826
-3.33856
-3.33871
-3.33841
-3.33811
-3.33811
-3.33811
-3.33796
-3.33766
-3.33766
-3.33766
-3.33735
-3.33736
-3.3372
-3.33705
-3.3372
-3.3372
-3.33705
-3.33705
-3.3372
-3.33735
-3.3372
-3.33735
-3.3372
-3.33675
-3.33645
-3.3366
-3.33675
-3.33645
-3.33645
-3.33645
-3.3366
-3.3369
-3.3372
-3.3372
-3.3369
-3.33675
-3.3369
-3.3369
-3.3369
-3.33675
-3.33645
-3.33645
-3.33645
-3.33614
-3.3363
-3.3363
-3.3363
-3.3363
-3.33614
-3.3363
-3.33645
-3.3366
-3.33645
-3.33675
-3.3366
-3.33675
-3.3372
-3.3372
-3.33735
-3.33735
-3.33735
-3.33735
-3.3372
-3.3369
-3.33705
-3.3372
-3.3372
-3.3372
-3.3369
-3.3372
-3.33705
-3.33705
-3.33735
-3.3372
-3.33765
-3.33765
-3.3378
-3.33796
-3.33765
-3.3375
-3.3372
-3.3375
-3.33735
-3.3378
-3.33765
-3.3375
-3.33735
-3.3378
-3.33781
-3.33796
-3.33811
-3.33811
-3.33826
-3.33841
-3.33811
-3.33841
-3.33826
-3.33841
-3.33841
-3.33871
-3.33871
-3.33871
-3.33871
-3.33887
-3.33887
-3.33917
-3.33902
-3.33917
-3.33902
-3.33872
-3.33932
-3.33932
-3.33962
-3.33992
-3.33993
-3.33977
-3.33962
-3.33962
-3.33977
-3.33977
-3.33993
-3.34008
-3.33962
-3.33962
-3.33962
-3.33978
-3.33978
-3.33962
-3.33962
-3.33962
-3.33932
-3.33947
-3.33947
-3.33962
-3.33962
-3.33993
-3.33978
-3.33962
-3.33947
-3.33932
-3.33947
-3.33947
-3.33917
-3.33932
-3.33932
-3.33947
-3.33977
-3.33947
-3.33932
-3.33932
-3.33917
-3.33917
-3.33932
-3.33962
-3.33977
-3.33962
-3.33977
-3.33992
-3.33992
-3.34007
-3.34007
-3.33962
-3.33962
-3.33977
-3.33992
-3.34007
-3.33947
-3.33947
-3.33947
-3.33962
-3.34007
-3.34007
-3.34053
-3.34038
-3.34053
-3.34022
-3.34022
-3.34037
-3.34053
-3.34053
-3.34022
-3.33992
-3.33977
-3.33977
-3.33992
-3.33992
-3.33962
-3.33947
-3.33916
-3.33901
-3.33856
-3.33871
-3.33841
-3.33871
-3.33871
-3.33886
-3.33856
-3.33841
-3.33841
-3.33856
-3.33841
-3.33841
-3.33825
-3.3381
-3.33795
-3.3378
-3.33795
-3.33841
-3.33825
-3.33825
-3.33856
-3.33856
-3.33901
-3.33856
-3.33871
-3.33856
-3.33871
-3.33871
-3.33856
-3.33856
-3.3384
-3.3384
-3.3384
-3.33825
-3.3384
-3.33855
-3.33901
-3.33916
-3.33931
-3.33916
-3.33901
-3.33916
-3.33916
-3.33916
-3.33901
-3.33901
-3.33916
-3.33916
-3.33901
-3.33931
-3.33916
-3.33901
-3.33901
-3.33901
-3.33886
-3.33871
-3.33871
-3.33886
-3.33916
-3.33901
-3.33901
-3.33931
-3.33961
-3.34037
-3.34052
-3.34052
-3.34067
-3.34067
-3.34067
-3.34067
-3.34052
-3.34067
-3.34052
-3.34052
-3.34022
-3.34037
-3.34052
-3.34067
-3.34052
-3.34022
-3.34022
-3.34022
-3.33992
-3.33992
-3.33946
-3.33931
-3.33946
-3.33977
-3.33977
-3.33977
-3.33962
-3.33977
-3.33962
-3.33962
-3.33977
-3.33992
-3.34007
-3.34022
-3.33992
-3.33931
-3.33947
-3.33916
-3.33871
-3.33871
-3.33856
-3.33856
-3.33871
-3.33871
-3.33856
-3.33841
-3.33826
-3.33826
-3.33811
-3.33826
-3.33826
-3.33795
-3.3378
-3.33795
-3.3378
-3.33765
-3.33735
-3.33735
-3.33735
-3.33735
-3.3372
-3.33705
-3.33705
-3.33674
-3.33659
-3.33674
-3.33689
-3.33689
-3.33689
-3.33689
-3.33719
-3.3375
-3.3375
-3.33719
-3.33704
-3.33674
-3.33689
-3.33704
-3.33704
-3.33704
-3.33704
-3.33704
-3.33689
-3.33704
-3.3372
-3.33735
-3.33735
-3.33735
-3.3375
-3.33735
-3.3372
-3.3372
-3.33704
-3.33689
-3.33689
-3.33674
-3.33674
-3.33689
-3.3372
-3.3372
-3.33735
-3.33765
-3.33765
-3.3378
-3.33765
-3.33765
-3.33765
-3.3378
-3.3381
-3.3381
-3.33795
-3.33811
-3.33811
-3.33795
-3.33811
-3.33795
-3.33795
-3.3378
-3.33795
-3.33795
-3.33796
-3.33796
-3.3378
-3.33796
-3.33796
-3.3378
-3.3378
-3.33826
-3.33811
-3.33795
-3.3378
-3.33795
-3.3378
-3.3378
-3.3378
-3.3378
-3.33765
-3.3378
-3.3378
-3.33765
-3.3378
-3.33795
-3.33795
-3.33795
-3.33795
-3.3378
-3.3378
-3.3375
-3.3369
-3.3369
-3.33674
-3.33674
-3.33644
-3.33599
-3.33569
-3.33584
-3.33614
-3.33599
-3.33569
-3.33584
-3.33584
-3.33569
-3.33569
-3.33569
-3.33538
-3.33523
-3.33523
-3.33508
-3.33493
-3.33508
-3.33493
-3.33478
-3.33478
-3.33463
-3.33478
-3.33493
-3.33493
-3.33478
-3.33493
-3.33508
-3.33493
-3.33523
-3.33523
-3.33523
-3.33569
-3.33614
-3.33599
-3.33629
-3.33629
-3.33659
-3.33659
-3.33674
-3.33674
-3.33674
-3.33674
-3.33705
-3.3369
-3.33675
-3.3369
-3.3369
-3.3369
-3.33675
-3.3369
-3.3369
-3.33675
-3.3369
-3.33659
-3.33629
-3.33644
-3.33614
-3.33629
-3.33584
-3.33599
-3.33599
-3.33599
-3.33584
-3.33584
-3.33584
-3.33554
-3.33523
-3.33478
-3.33478
-3.33493
-3.33523
-3.33538
-3.33569
-3.33584
-3.33584
-3.33584
-3.33599
-3.33629
-3.33644
-3.33659
-3.33674
-3.33689
-3.33689
-3.33704
-3.33704
-3.3375
-3.3375
-3.33735
-3.3375
-3.3375
-3.3375
-3.3375
-3.3378
-3.3375
-3.3378
-3.33825
-3.3381
-3.33825
-3.3381
-3.3381
-3.33795
-3.33795
-3.3378
-3.3378
-3.3378
-3.33795
-3.3378
-3.33795
-3.3381
-3.3378
-3.3378
-3.33765
-3.3375
-3.3378
-3.33795
-3.33826
-3.33886
-3.33871
-3.33856
-3.33871
-3.33841
-3.33871
-3.33841
-3.33856
-3.33871
-3.33871
-3.33901
-3.33886
-3.33886
-3.33856
-3.33886
-3.33916
-3.33931
-3.33947
-3.33962
-3.33977
-3.33992
-3.34022
-3.34037
-3.34098
-3.34082
-3.34082
-3.34067
-3.34113
-3.34082
-3.34022
-3.34037
-3.34037
-3.34037
-3.34067
-3.34052
-3.34022
-3.34022
-3.34022
-3.33992
-3.33992
-3.34022
-3.34022
-3.34022
-3.34022
-3.34022
-3.34022
-3.34037
-3.34037
-3.34052
-3.33992
-3.34037
-3.34052
-3.34067
-3.34037
-3.34052
-3.34052
-3.34052
-3.34052
-3.34037
-3.34022
-3.34037
-3.34022
-3.34037
-3.34022
-3.34022
-3.34022
-3.34037
-3.34022
-3.33977
-3.33992
-3.33992
-3.34022
-3.34022
-3.34022
-3.34038
-3.34053
-3.34038
-3.34038
-3.34038
-3.34038
-3.34022
-3.34068
-3.34068
-3.34038
-3.34083
-3.34098
-3.34113
-3.34143
-3.34143
-3.34128
-3.34128
-3.34083
-3.34113
-3.34083
-3.34083
-3.34068
-3.34083
-3.34083
-3.34083
-3.34083
-3.34113
-3.34113
-3.34113
-3.34098
-3.34068
-3.34083
-3.34083
-3.34083
-3.34098
-3.34083
-3.34068
-3.34068
-3.34113
-3.34083
-3.34067
-3.34113
-3.34128
-3.34128
-3.34113
-3.34098
-3.34098
-3.34067
-3.34067
-3.34082
-3.34082
-3.34097
-3.34052
-3.34082
-3.34052
-3.34067
-3.34097
-3.34082
-3.34097
-3.34097
-3.34112
-3.34112
-3.34127
-3.34143
-3.34158
-3.34158
-3.34112
-3.34082
-3.34067
-3.34052
-3.34082
-3.34067
-3.34097
-3.34082
-3.34097
-3.34127
-3.34112
-3.34097
-3.34097
-3.34097
-3.34097
-3.34097
-3.34112
-3.34097
-3.34112
-3.34112
-3.34112
-3.34143
-3.34128
-3.34112
-3.34097
-3.34097
-3.34112
-3.34067
-3.34067
-3.34052
-3.34052
-3.34007
-3.33976
-3.33976
-3.33976
-3.33992
-3.33976
-3.33976
-3.33991
-3.33991
-3.33991
-3.34037
-3.34037
-3.34037
-3.34037
-3.34052
-3.34067
-3.34052
-3.34052
-3.34022
-3.34022
-3.34007
-3.33991
-3.33991
-3.33991
-3.33976
-3.33991
-3.33976
-3.33991
-3.33976
-3.34006
-3.34006
-3.34006
-3.34006
-3.34022
-3.33991
-3.33961
-3.34006
-3.34022
-3.34006
-3.34006
-3.33991
-3.34006
-3.34022
-3.34037
-3.34021
-3.34037
-3.34006
-3.34006
-3.33991
-3.34006
-3.34006
-3.34006
-3.34022
-3.34006
-3.33961
-3.33931
-3.33931
-3.33916
-3.33886
-3.3384
-3.33871
-3.33871
-3.33886
-3.33886
-3.33886
-3.33916
-3.33916
-3.33901
-3.33901
-3.33931
-3.33961
-3.33946
-3.33931
-3.33916
-3.33931
-3.33946
-3.33931
-3.33931
-3.33916
-3.33962
-3.33992
-3.33992
-3.33992
-3.33992
-3.34022
-3.34007
-3.34007
-3.33992
-3.33992
-3.34007
-3.34022
-3.34022
-3.34022
-3.34052
-3.34052
-3.34068
-3.34068
-3.34068
-3.34083
-3.34068
-3.34053
-3.34053
-3.34053
-3.34053
-3.34068
-3.34053
-3.34038
-3.34022
-3.34022
-3.34007
-3.34007
-3.34007
-3.33977
-3.33977
-3.33977
-3.34007
-3.33992
-3.33977
-3.33977
-3.33962
-3.34007
-3.34022
-3.34007
-3.34022
-3.34022
-3.34007
-3.34007
-3.33977
-3.33931
-3.33931
-3.33946
-3.33946
-3.33931
-3.33916
-3.33901
-3.33901
-3.33886
-3.33841
-3.33825
-3.33795
-3.33795
-3.33825
-3.3384
-3.3384
-3.3384
-3.3378
-3.33765
-3.33795
-3.33795
-3.33795
-3.3378
-3.33765
-3.33795
-3.3381
-3.33795
-3.3381
-3.33795
-3.33795
-3.33795
-3.3381
-3.3384
-3.3384
-3.3384
-3.3384
-3.3384
-3.3384
-3.3384
-3.33825
-3.3387
-3.33855
-3.3384
-3.33855
-3.33855
-3.33855
-3.33825
-3.3384
-3.33855
-3.33855
-3.33855
-3.3384
-3.3384
-3.33855
-3.3384
-3.3384
-3.33824
-3.33824
-3.33824
-3.33824
-3.33855
-3.33809
-3.33809
-3.33809
-3.33809
-3.33809
-3.33809
-3.33809
-3.33809
-3.33779
-3.33779
-3.33779
-3.33809
-3.33764
-3.33734
-3.33734
-3.33734
-3.33734
-3.33764
-3.33779
-3.33795
-3.33795
-3.3381
-3.3381
-3.3381
-3.33795
-3.3378
-3.3378
-3.33795
-3.3378
-3.33795
-3.3381
-3.3381
-3.33825
-3.3384
-3.33871
-3.33886
-3.33856
-3.33871
-3.33886
-3.33825
-3.3384
-3.33825
-3.33856
-3.33871
-3.33901
-3.33886
-3.33901
-3.33931
-3.33931
-3.33916
-3.33931
-3.33946
-3.33946
-3.33962
-3.33946
-3.33931
-3.33931
-3.33916
-3.33916
-3.33916
-3.33947
-3.33977
-3.34037
-3.34052
-3.34037
-3.34037
-3.34052
-3.34037
-3.34037
-3.34022
-3.34022
-3.33992
-3.33977
-3.33992
-3.34022
-3.34067
-3.34052
-3.34052
-3.34052
-3.34037
-3.34007
-3.34007
-3.34007
-3.33992
-3.33992
-3.33946
-3.33946
-3.33916
-3.33901
-3.33916
-3.33962
-3.33977
-3.33962
-3.33946
-3.33931
-3.33946
-3.33931
-3.33931
-3.33961
-3.33961
-3.33961
-3.33961
-3.33961
-3.33931
-3.33961
-3.33946
-3.33946
-3.33946
-3.33946
-3.33961
-3.33946
-3.33977
-3.33992
-3.33977
-3.33992
-3.33961
-3.33961
-3.33961
-3.33977
-3.33977
-3.33976
-3.33976
-3.33992
-3.33961
-3.33992
-3.33992
-3.33976
-3.33992
-3.33976
-3.33976
-3.33976
-3.33961
-3.33976
-3.33946
-3.33946
-3.33931
-3.33916
-3.33931
-3.33931
-3.33946
-3.33946
-3.33916
-3.33871
-3.33886
-3.33916
-3.33916
-3.33946
-3.33931
-3.33916
-3.3387
-3.3387
-3.3387
-3.3387
-3.33885
-3.33916
-3.33916
-3.33901
-3.33885
-3.3387
-3.33855
-3.3387
-3.33855
-3.3384
-3.33855
-3.3384
-3.3387
-3.33885
-3.33901
-3.33916
-3.33885
-3.33885
-3.33855
-3.3387
-3.33855
-3.33825
-3.3384
-3.33825
-3.3381
-3.33795
-3.3378
-3.3381
-3.33795
-3.33795
-3.3381
-3.33764
-3.33764
-3.3378
-3.33764
-3.33734
-3.33719
-3.33704
-3.33734
-3.33689
-3.33719
-3.33734
-3.33719
-3.33749
-3.33734
-3.33765
-3.3375
-3.33765
-3.33765
-3.33734
-3.33734
-3.3375
-3.3375
-3.33765
-3.3378
-3.3378
-3.33825
-3.33795
-3.3381
-3.3381
-3.33795
-3.33765
-3.3375
-3.3375
-3.33765
-3.3378
-3.33795
-3.33825
-3.3381
-3.33856
-3.33886
-3.33901
-3.33916
-3.33916
-3.33946
-3.33961
-3.33961
-3.33931
-3.33901
-3.33901
-3.33871
-3.33871
-3.33841
-3.3384
-3.33871
-3.33841
-3.33825
-3.33825
-3.3378
-3.33795
-3.33795
-3.33795
-3.33795
-3.33795
-3.3378
-3.33765
-3.3375
-3.33735
-3.33705
-3.3375
-3.3375
-3.33765
-3.33765
-3.3375
-3.33765
-3.3378
-3.33765
-3.3372
-3.3375
-3.3372
-3.33765
-3.3375
-3.3378
-3.3378
-3.33795
-3.3381
-3.33841
-3.33871
-3.33886
-3.33901
-3.33886
-3.33886
-3.33886
-3.33871
-3.33886
-3.33886
-3.33871
-3.33841
-3.33826
-3.33841
-3.33916
-3.33916
-3.33916
-3.33901
-3.33886
-3.33916
-3.33961
-3.33977
-3.33977
-3.33977
-3.33931
-3.33931
-3.33916
-3.33916
-3.33916
-3.33916
-3.33901
-3.33886
-3.33886
-3.33855
-3.33855
-3.33855
-3.33871
-3.33901
-3.33916
-3.33931
-3.33916
-3.33931
-3.33916
-3.33886
-3.33885
-3.33885
-3.33901
-3.33901
-3.33931
-3.33946
-3.33946
-3.33961
-3.33991
-3.34006
-3.34006
-3.33991
-3.33991
-3.33976
-3.33991
-3.33961
-3.33961
-3.33976
-3.33976
-3.33961
-3.33991
-3.33991
-3.33976
-3.33961
-3.33991
-3.34006
-3.34006
-3.34036
-3.34036
-3.34051
-3.34066
-3.34066
-3.34066
-3.34082
-3.34066
-3.34066
-3.34051
-3.34066
-3.34081
-3.34036
-3.34021
-3.34006
-3.34006
-3.34021
-3.34021
-3.34021
-3.34021
-3.34021
-3.34036
-3.34036
-3.34006
-3.33976
-3.33945
-3.33945
-3.33961
-3.33946
-3.3393
-3.33915
-3.339
-3.339
-3.33915
-3.33946
-3.33961
-3.33961
-3.33931
-3.339
-3.33855
-3.3384
-3.33855
-3.33855
-3.33855
-3.3387
-3.33855
-3.3387
-3.3387
-3.3384
-3.3384
-3.3384
-3.3384
-3.33855
-3.33886
-3.33901
-3.33916
-3.33931
-3.33916
-3.33931
-3.33946
-3.33946
-3.33946
-3.33901
-3.33916
-3.33871
-3.33871
-3.33901
-3.33916
-3.33931
-3.33916
-3.33916
-3.33916
-3.33916
-3.33916
-3.33886
-3.33841
-3.33841
-3.33856
-3.33841
-3.33841
-3.33811
-3.33841
-3.33856
-3.33841
-3.33856
-3.33796
-3.33765
-3.33765
-3.33781
-3.33781
-3.33781
-3.33796
-3.33796
-3.33811
-3.33841
-3.33826
-3.33841
-3.33841
-3.33856
-3.33856
-3.33901
-3.33901
-3.33901
-3.33916
-3.33886
-3.33886
-3.33871
-3.33856
-3.33856
-3.33856
-3.33841
-3.33856
-3.33841
-3.33841
-3.33856
-3.33826
-3.33871
-3.33856
-3.33856
-3.33841
-3.33856
-3.33856
-3.33886
-3.33886
-3.33886
-3.33916
-3.33871
-3.3384
-3.33825
-3.33825
-3.3381
-3.33825
-3.33825
-3.3384
-3.33855
-3.33901
-3.33901
-3.33916
-3.33916
-3.33901
-3.33916
-3.33916
-3.33901
-3.3387
-3.33901
-3.33901
-3.33916
-3.33901
-3.33931
-3.33931
-3.33931
-3.33931
-3.33916
-3.33931
-3.33946
-3.33931
-3.33946
-3.33961
-3.33961
-3.33991
-3.34006
-3.34021
-3.34037
-3.34022
-3.34022
-3.34022
-3.34037
-3.34037
-3.34037
-3.34022
-3.34022
-3.34022
-3.34037
-3.34007
-3.34037
-3.34007
-3.34052
-3.34097
-3.34097
-3.34112
-3.34112
-3.34143
-3.34127
-3.34112
-3.34112
-3.34143
-3.34143
-3.34127
-3.34097
-3.34112
-3.34097
-3.34052
-3.34037
-3.33991
-3.33976
-3.33946
-3.33946
-3.33976
-3.33976
-3.33976
-3.33946
-3.33961
-3.33991
-3.33991
-3.33961
-3.33931
-3.33916
-3.33916
-3.33901
-3.33916
-3.33871
-3.33886
-3.33855
-3.3384
-3.33886
-3.33886
-3.33901
-3.33916
-3.33916
-3.33931
-3.33946
-3.33961
-3.33976
-3.34007
-3.34022
-3.34007
-3.33976
-3.33961
-3.33931
-3.33961
-3.33977
-3.33992
-3.33977
-3.33977
-3.33946
-3.33962
-3.33977
-3.33977
-3.33977
-3.33977
-3.33977
-3.33977
-3.33992
-3.34007
-3.33992
-3.33977
-3.33977
-3.33977
-3.33977
-3.33977
-3.34022
-3.34052
-3.34052
-3.34068
-3.34068
-3.34052
-3.34037
-3.34052
-3.34052
-3.34022
-3.34052
-3.34037
-3.34052
-3.34068
-3.34052
-3.34037
-3.34022
-3.33992
-3.33977
-3.33977
-3.33977
-3.33962
-3.33977
-3.33977
-3.33962
-3.33947
-3.33871
-3.33871
-3.33871
-3.33856
-3.33826
-3.33841
-3.33856
-3.33856
-3.33856
-3.33856
-3.33856
-3.33841
-3.33841
-3.33841
-3.33825
-3.33841
-3.33856
-3.33825
-3.33856
-3.33841
-3.33871
-3.33825
-3.3381
-3.3384
-3.33871
-3.33871
-3.33856
-3.33856
-3.33856
-3.33871
-3.33901
-3.33931
-3.33931
-3.33916
-3.33916
-3.33901
-3.33886
-3.33916
-3.33916
-3.33886
-3.33871
-3.33886
-3.33901
-3.33886
-3.33886
-3.33916
-3.33916
-3.33931
-3.33916
-3.33916
-3.33931
-3.33901
-3.33886
-3.33886
-3.33871
-3.33871
-3.33886
-3.33916
-3.33931
-3.33946
-3.33961
-3.33931
-3.33916
-3.33901
-3.33916
-3.33916
-3.33886
-3.33841
-3.33841
-3.33841
-3.3381
-3.33795
-3.33826
-3.33795
-3.33795
-3.33795
-3.3381
-3.3381
-3.3378
-3.3378
-3.3378
-3.33795
-3.33795
-3.33795
-3.33765
-3.33735
-3.33705
-3.3372
-3.3372
-3.3372
-3.33675
-3.33659
-3.3369
-3.3369
-3.3372
-3.33705
-3.33705
-3.33705
-3.33735
-3.3378
-3.33795
-3.33826
-3.33871
-3.33886
-3.33916
-3.33931
-3.33916
-3.33931
-3.33946
-3.33946
-3.33931
-3.33946
-3.33916
-3.33931
-3.33931
-3.33946
-3.33946
-3.33961
-3.33931
-3.33916
-3.33916
-3.33916
-3.33901
-3.3384
-3.33886
-3.33901
-3.33931
-3.33946
-3.33946
-3.33916
-3.33916
-3.33901
-3.33931
-3.33931
-3.33931
-3.33916
-3.33946
-3.33961
-3.34037
-3.34006
-3.33991
-3.34006
-3.34006
-3.33991
-3.33991
-3.33991
-3.34022
-3.34006
-3.34006
-3.33961
-3.33976
-3.33931
-3.33916
-3.33931
-3.33916
-3.33901
-3.33901
-3.33901
-3.33871
-3.33886
-3.33886
-3.33856
-3.3384
-3.33825
-3.3381
-3.3381
-3.3381
-3.3381
-3.3381
-3.33826
-3.33871
-3.33871
-3.33886
-3.33856
-3.33871
-3.33886
-3.33901
-3.33886
-3.33871
-3.33856
-3.33856
-3.33856
-3.33856
-3.33886
-3.33871
-3.33841
-3.33841
-3.33796
-3.33766
-3.33766
-3.33781
-3.33781
-3.33766
-3.33751
-3.33736
-3.3372
-3.33736
-3.33781
-3.33811
-3.33811
-3.33811
-3.33796
-3.33796
-3.33826
-3.33841
-3.33856
-3.33872
-3.33856
-3.33856
-3.33871
-3.33856
-3.33902
-3.33917
-3.33886
-3.33856
-3.33841
-3.33841
-3.33841
-3.33841
-3.33871
-3.33856
-3.33871
-3.33856
-3.33871
-3.33886
-3.33841
-3.33811
-3.33796
-3.33796
-3.3378
-3.33796
-3.33796
-3.33811
-3.33795
-3.33811
-3.3378
-3.3375
-3.33735
-3.33675
-3.33674
-3.3369
-3.3369
-3.33705
-3.3369
-3.3369
-3.33735
-3.3378
-3.33765
-3.3378
-3.3375
-3.33735
-3.33735
-3.33765
-3.33795
-3.33765
-3.33825
-3.33825
-3.3381
-3.33825
-3.33825
-3.33825
-3.33795
-3.3378
-3.33765
-3.33735
-3.3372
-3.33629
-3.33629
-3.33629
-3.33629
-3.33614
-3.33614
-3.33599
-3.33629
-3.33599
-3.33599
-3.33584
-3.33568
-3.33568
-3.33568
-3.33553
-3.33538
-3.33523
-3.33553
-3.33538
-3.33553
-3.33523
-3.33523
-3.33538
-3.33538
-3.33538
-3.33523
-3.33508
-3.33493
-3.33493
-3.33538
-3.33538
-3.33553
-3.33538
-3.33538
-3.33553
-3.33523
-3.33523
-3.33508
-3.33478
-3.33463
-3.33463
-3.33463
-3.33447
-3.33463
-3.33402
-3.33417
-3.33417
-3.33432
-3.33432
-3.33417
-3.33417
-3.33417
-3.33417
-3.33447
-3.33447
-3.33432
-3.33432
-3.33417
-3.33462
-3.33493
-3.33478
-3.33447
-3.33432
-3.33432
-3.33462
-3.33508
-3.33462
-3.33432
-3.33417
-3.33417
-3.33432
-3.33447
-3.33463
-3.33493
-3.33508
-3.33523
-3.33493
-3.33523
-3.33523
-3.33493
-3.33493
-3.33463
-3.33493
-3.33478
-3.33493
-3.33493
-3.33478
-3.33463
-3.33478
-3.33478
-3.33463
-3.33508
-3.33493
-3.33508
-3.33493
-3.33508
-3.33523
-3.33569
-3.33569
-3.33569
-3.33554
-3.33508
-3.33524
-3.33524
-3.33554
-3.33524
-3.33524
-3.33524
-3.33509
-3.33494
-3.33478
-3.33494
-3.33494
-3.33509
-3.33494
-3.33524
-3.33539
-3.33509
-3.33509
-3.33509
-3.33463
-3.33433
-3.33433
-3.33433
-3.33418
-3.33433
-3.33433
-3.33524
-3.33539
-3.33539
-3.33539
-3.33554
-3.33539
-3.33539
-3.33494
-3.33494
-3.33494
-3.33494
-3.33494
-3.33494
-3.33463
-3.33494
-3.33494
-3.33493
-3.33433
-3.33433
-3.33418
-3.33433
-3.33433
-3.33448
-3.33478
-3.33478
-3.33448
-3.33433
-3.33418
-3.33403
-3.33372
-3.33403
-3.33403
-3.33387
-3.33403
-3.33403
-3.33433
-3.33433
-3.33448
-3.33418
-3.33433
-3.33433
-3.33403
-3.33433
-3.33448
-3.33463
-3.33448
-3.33448
-3.33478
-3.33493
-3.33493
-3.33508
-3.33508
-3.33493
-3.33523
-3.33554
-3.33523
-3.33569
-3.33569
-3.33599
-3.33599
-3.33599
-3.33584
-3.33569
-3.33554
-3.33523
-3.33493
-3.33508
-3.33538
-3.33538
-3.33523
-3.33508
-3.33508
-3.33523
-3.33538
-3.33584
-3.33599
-3.33584
-3.33584
-3.33614
-3.33599
-3.33644
-3.33629
-3.33614
-3.33569
-3.33599
-3.33629
-3.33644
-3.33629
-3.33659
-3.33675
-3.33644
-3.33659
-3.3366
-3.33675
-3.3369
-3.33705
-3.3369
-3.3369
-3.33765
-3.33795
-3.33765
-3.3378
-3.33765
-3.3375
-3.33765
-3.3375
-3.33765
-3.33795
-3.3378
-3.3378
-3.33765
-3.3378
-3.3381
-3.33795
-3.33765
-3.33765
-3.33735
-3.3375
-3.3375
-3.3375
-3.3378
-3.3375
-3.33735
-3.33735
-3.3372
-3.3375
-3.33704
-3.33735
-3.3378
-3.33765
-3.3375
-3.33795
-3.33795
-3.33765
-3.3378
-3.33795
-3.33825
-3.33855
-3.3387
-3.3387
-3.3384
-3.3381
-3.33795
-3.3378
-3.33795
-3.33795
-3.33795
-3.33795
-3.3378
-3.33764
-3.33764
-3.3378
-3.33749
-3.33734
-3.33734
-3.33719
-3.33749
-3.3378
-3.33749
-3.33765
-3.33765
-3.3378
-3.3378
-3.33765
-3.33765
-3.33734
-3.33765
-3.33765
-3.33735
-3.3372
-3.33735
-3.33735
-3.33735
-3.3375
-3.3375
-3.33735
-3.3375
-3.33765
-3.33765
-3.33795
-3.33811
-3.33826
-3.33796
-3.33796
-3.33811
-3.33796
-3.33781
-3.33781
-3.33781
-3.33751
-3.33751
-3.33735
-3.33766
-3.33736
-3.33766
-3.33781
-3.33766
-3.33736
-3.33736
-3.33751
-3.33751
-3.33751
-3.33766
-3.33751
-3.33721
-3.33736
-3.33721
-3.3369
-3.33721
-3.3369
-3.3369
-3.3366
-3.3366
-3.33645
-3.33705
-3.3369
-3.3369
-3.33675
-3.3366
-3.33645
-3.3363
-3.33615
-3.3363
-3.3366
-3.3366
-3.3363
-3.3363
-3.33645
-3.33629
-3.33569
-3.33569
-3.33599
-3.33614
-3.33614
-3.33614
-3.33599
-3.33629
-3.33659
-3.33659
-3.33644
-3.33644
-3.33629
-3.33629
-3.33659
-3.33659
-3.33629
-3.33644
-3.33689
-3.33674
-3.33659
-3.33689
-3.33705
-3.33705
-3.3372
-3.33735
-3.3378
-3.3375
-3.3375
-3.3375
-3.33735
-3.3372
-3.33735
-3.3372
-3.33705
-3.33705
-3.33705
-3.33689
-3.3372
-3.3372
-3.33689
-3.33674
-3.33659
-3.33644
-3.33644
-3.33659
-3.33674
-3.33644
-3.33644
-3.33614
-3.33614
-3.33644
-3.33674
-3.33674
-3.33674
-3.33689
-3.33689
-3.33719
-3.33704
-3.33689
-3.33689
-3.33689
-3.33614
-3.33598
-3.33583
-3.33553
-3.33538
-3.33538
-3.33523
-3.33493
-3.33478
-3.33478
-3.33493
-3.33493
-3.33493
-3.33493
-3.33493
-3.33508
-3.33508
-3.33508
-3.33508
-3.33523
-3.33508
-3.33508
-3.33493
-3.33523
-3.33523
-3.33538
-3.33523
-3.33553
-3.33553
-3.33583
-3.33583
-3.33583
-3.33523
-3.33523
-3.33523
-3.33523
-3.33508
-3.33508
-3.33493
-3.33523
-3.33523
-3.33554
-3.33569
-3.33554
-3.33584
-3.33569
-3.33599
-3.33629
-3.33614
-3.33644
-3.33629
-3.3366
-3.3366
-3.3366
-3.33645
-3.3363
-3.33645
-3.3363
-3.33645
-3.33645
-3.33675
-3.3369
-3.3369
-3.3366
-3.33675
-3.33675
-3.3369
-3.33705
-3.3369
-3.3366
-3.33675
-3.3369
-3.33675
-3.33675
-3.33675
-3.33675
-3.3372
-3.3372
-3.33705
-3.33721
-3.33705
-3.33705
-3.33705
-3.33705
-3.3366
-3.336
-3.336
-3.33615
-3.336
-3.33645
-3.33645
-3.3366
-3.33645
-3.3366
-3.3363
-3.3363
-3.3363
-3.3363
-3.3363
-3.3366
-3.3369
-3.33705
-3.33705
-3.33675
-3.3369
-3.3369
-3.33705
-3.33705
-3.33705
-3.33705
-3.33751
-3.33705
-3.3369
-3.33705
-3.3369
-3.33645
-3.33615
-3.3363
-3.33645
-3.3366
-3.3366
-3.33675
-3.33675
-3.33675
-3.33675
-3.33599
-3.33584
-3.33584
-3.33554
-3.33569
-3.33584
-3.33584
-3.33599
-3.33569
-3.33554
-3.33584
-3.33599
-3.33584
-3.33584
-3.33568
-3.33584
-3.33523
-3.33538
-3.33538
-3.33523
-3.33523
-3.33538
-3.33538
-3.33538
-3.33598
-3.33583
-3.33568
-3.33538
-3.33583
-3.33613
-3.33598
-3.33613
-3.33598
-3.33628
-3.33613
-3.33613
-3.33643
-3.33643
-3.33643
-3.33643
-3.33628
-3.33674
-3.33674
-3.33643
-3.33659
-3.33658
-3.33658
-3.33628
-3.33553
-3.33507
-3.33538
-3.33553
-3.33553
-3.33538
-3.33568
-3.33523
-3.33538
-3.33538
-3.33553
-3.33538
-3.33538
-3.33583
-3.33568
-3.33598
-3.33583
-3.33568
-3.33553
-3.33553
-3.33599
-3.33599
-3.33599
-3.33614
-3.33629
-3.33629
-3.33614
-3.33614
-3.33584
-3.33569
-3.33554
-3.33569
-3.33584
-3.33584
-3.33599
-3.33614
-3.33599
-3.33614
-3.33614
-3.3366
-3.3366
-3.3366
-3.33675
-3.3366
-3.3366
-3.33675
-3.3366
-3.33675
-3.33675
-3.3369
-3.3369
-3.3369
-3.33675
-3.33705
-3.33736
-3.33705
-3.3366
-3.3366
-3.3366
-3.3369
-3.33675
-3.3369
-3.33705
-3.33705
-3.33721
-3.33736
-3.33736
-3.33705
-3.33721
-3.33736
-3.33751
-3.33721
-3.33751
-3.33781
-3.33781
-3.33781
-3.33766
-3.3372
-3.33705
-3.3372
-3.33735
-3.3372
-3.3372
-3.33675
-3.33675
-3.33675
-3.3366
-3.33675
-3.3369
-3.3372
-3.3372
-3.33735
-3.33765
-3.3375
-3.33735
-3.33735
-3.3372
-3.3369
-3.3369
-3.33659
-3.33675
-3.33675
-3.33674
-3.33674
-3.33659
-3.33629
-3.33614
-3.33614
-3.33629
-3.33614
-3.33584
-3.33584
-3.33569
-3.33569
-3.33584
-3.33599
-3.33584
-3.33568
-3.33553
-3.33553
-3.33553
-3.33523
-3.33538
-3.33538
-3.33523
-3.33493
-3.33478
-3.33463
-3.33448
-3.33463
-3.33448
-3.33433
-3.33417
-3.33433
-3.33448
-3.33433
-3.33448
-3.33463
-3.33478
-3.33478
-3.33478
-3.33523
-3.33523
-3.33523
-3.33493
-3.33523
-3.33539
-3.33539
-3.33569
-3.33554
-3.33554
-3.33523
-3.33523
-3.33508
-3.33463
-3.33463
-3.33493
-3.33508
-3.33493
-3.33493
-3.33463
-3.33463
-3.33463
-3.33478
-3.33463
-3.33493
-3.33508
-3.33523
-3.33523
-3.33523
-3.33508
-3.33523
-3.33493
-3.33493
-3.33554
-3.33584
-3.33584
-3.33569
-3.33554
-3.33569
-3.33569
-3.33569
-3.33584
-3.33569
-3.33584
-3.33584
-3.33569
-3.33584
-3.33584
-3.33554
-3.33554
-3.33539
-3.33554
-3.33539
-3.33554
-3.33539
-3.33509
-3.33539
-3.33554
-3.33539
-3.33554
-3.33554
-3.33524
-3.33508
-3.33493
-3.33508
-3.33493
-3.33493
-3.33463
-3.33463
-3.33448
-3.33433
-3.33402
-3.33417
-3.33417
-3.33417
-3.33417
-3.33447
-3.33432
-3.33432
-3.33447
-3.33462
-3.33477
-3.33462
-3.33462
-3.33447
-3.33417
-3.33401
-3.33401
-3.33386
-3.33386
-3.33386
-3.33386
-3.33416
-3.33416
-3.33416
-3.33431
-3.33431
-3.33431
-3.33447
-3.33462
-3.33462
-3.33477
-3.33462
-3.33462
-3.33507
-3.33492
-3.33523
-3.33508
-3.33493
-3.33462
-3.33478
-3.33463
-3.33478
-3.33493
-3.33463
-3.33508
-3.33523
-3.33554
-3.33554
-3.33539
-3.33554
-3.33539
-3.33554
-3.33554
-3.33509
-3.33524
-3.33524
-3.33539
-3.33584
-3.33569
-3.33569
-3.33524
-3.33509
-3.33524
-3.33509
-3.33524
-3.33539
-3.33554
-3.33569
-3.33569
-3.33554
-3.33554
-3.33554
-3.33539
-3.33524
-3.33539
-3.33539
-3.33508
-3.33508
-3.33493
-3.33478
-3.33463
-3.33478
-3.33493
-3.33508
-3.33508
-3.33478
-3.33493
-3.33463
-3.33448
-3.33433
-3.33417
-3.33387
-3.33357
-3.33372
-3.33372
-3.33342
-3.33357
-3.33357
-3.33372
-3.33372
-3.33372
-3.33387
-3.33387
-3.33402
-3.33387
-3.33387
-3.33417
-3.33417
-3.33417
-3.33463
-3.33463
-3.33447
-3.33493
-3.33478
-3.33463
-3.33478
-3.33478
-3.33493
-3.33493
-3.33523
-3.33523
-3.33493
-3.33508
-3.33523
-3.33538
-3.33568
-3.33538
-3.33508
-3.33538
-3.33553
-3.33553
-3.33538
-3.33538
-3.33523
-3.33538
-3.33553
-3.33553
-3.33583
-3.33599
-3.33629
-3.33629
-3.33629
-3.33629
-3.33629
-3.33599
-3.33614
-3.33583
-3.33599
-3.33614
-3.33629
-3.33644
-3.33629
-3.33614
-3.33659
-3.33689
-3.33659
-3.33644
-3.33644
-3.33689
-3.33704
-3.33674
-3.33674
-3.33659
-3.33689
-3.33644
-3.33629
-3.33614
-3.33629
-3.33629
-3.33629
-3.33644
-3.33644
-3.33659
-3.33659
-3.33644
-3.33644
-3.33659
-3.33644
-3.33659
-3.33659
-3.33614
-3.33644
-3.33614
-3.33614
-3.33629
-3.33599
-3.33614
-3.33614
-3.33568
-3.33538
-3.33538
-3.33538
-3.33523
-3.33523
-3.33508
-3.33508
-3.33508
-3.33523
-3.33523
-3.33538
-3.33568
-3.33538
-3.33538
-3.33523
-3.33553
-3.33553
-3.33523
-3.33523
-3.33553
-3.33538
-3.33553
-3.33553
-3.33568
-3.33629
-3.33644
-3.33629
-3.33659
-3.33659
-3.33674
-3.33704
-3.33689
-3.33704
-3.33704
-3.33644
-3.33629
-3.33629
-3.33629
-3.33659
-3.33644
-3.33644
-3.33614
-3.33614
-3.33674
-3.33674
-3.33644
-3.33629
-3.33629
-3.33644
-3.33644
-3.33644
-3.33614
-3.33568
-3.33583
-3.33614
-3.33614
-3.33599
-3.33584
-3.33584
-3.33584
-3.33584
-3.33584
-3.33569
-3.33553
-3.33523
-3.33523
-3.33538
-3.33553
-3.33538
-3.33538
-3.33508
-3.33538
-3.33538
-3.33538
-3.33538
-3.33538
-3.33523
-3.33523
-3.33493
-3.33463
-3.33478
-3.33463
-3.33493
-3.33478
-3.33432
-3.33432
-3.33447
-3.33432
-3.33402
-3.33372
-3.33387
-3.33402
-3.33447
-3.33447
-3.33447
-3.33447
-3.33432
-3.33432
-3.33447
-3.33432
-3.33402
-3.33402
-3.33387
-3.33402
-3.33417
-3.33387
-3.33387
-3.33341
-3.33341
-3.33371
-3.33402
-3.33387
-3.33371
-3.33387
-3.33341
-3.33371
-3.33341
-3.33356
-3.33371
-3.33387
-3.33371
-3.33402
-3.33402
-3.33402
-3.33402
-3.33402
-3.33402
-3.33402
-3.33356
-3.33356
-3.33356
-3.33387
-3.33432
-3.33432
-3.33417
-3.33402
-3.33387
-3.33402
-3.33402
-3.33387
-3.33372
-3.33326
-3.33296
-3.33311
-3.33326
-3.33326
-3.33296
-3.33281
-3.33296
-3.33326
-3.33281
-3.33327
-3.33372
-3.33372
-3.33387
-3.33387
-3.33387
-3.33357
-3.33357
-3.33387
-3.33432
-3.33417
-3.33402
-3.33417
-3.33417
-3.33417
-3.33417
-3.33478
-3.33478
-3.33463
-3.33448
-3.33417
-3.33463
-3.33402
-3.33417
-3.33402
-3.33402
-3.33387
-3.33387
-3.33357
-3.33372
-3.33402
-3.33402
-3.33372
-3.33357
-3.33372
-3.33402
-3.33402
-3.33402
-3.33433
-3.33433
-3.33433
-3.33433
-3.33402
-3.33387
-3.33387
-3.33402
-3.33402
-3.33433
-3.33417
-3.33387
-3.33417
-3.33432
-3.33432
-3.33432
-3.33432
-3.33417
-3.33417
-3.33417
-3.33463
-3.33463
-3.33463
-3.33463
-3.33478
-3.33508
-3.33538
-3.33523
-3.33523
-3.33493
-3.33462
-3.33478
-3.33462
-3.33462
-3.33447
-3.33447
-3.33462
-3.33447
-3.33462
-3.33477
-3.33462
-3.33432
-3.33432
-3.33417
-3.33402
-3.33402
-3.33402
-3.33402
-3.33372
-3.33402
-3.33447
-3.33508
-3.33508
-3.33508
-3.33508
-3.33523
-3.33523
-3.33508
-3.33508
-3.33523
-3.33523
-3.33553
-3.33538
-3.33553
-3.33568
-3.33613
-3.33598
-3.33598
-3.33583
-3.33568
-3.33583
-3.33553
-3.33538
-3.33553
-3.33553
-3.33508
-3.33508
-3.33523
-3.33523
-3.33508
-3.33463
-3.33463
-3.33432
-3.33387
-3.33387
-3.33387
-3.33387
-3.33372
-3.33402
-3.33387
-3.33387
-3.33387
-3.33372
-3.33342
-3.33342
-3.33327
-3.33327
-3.33312
-3.33312
-3.33297
-3.33312
-3.33297
-3.33297
-3.33267
-3.33267
-3.33266
-3.33297
-3.33267
-3.33267
-3.33251
-3.33267
-3.33267
-3.33267
-3.33267
-3.33297
-3.33297
-3.33297
-3.33282
-3.33282
-3.33282
-3.33282
-3.33297
-3.33282
-3.33251
-3.33176
-3.33176
-3.33191
-3.33206
-3.33191
-3.33176
-3.33206
-3.33236
-3.33251
-3.33236
-3.33236
-3.33236
-3.33251
-3.33312
-3.33342
-3.33327
-3.33327
-3.33372
-3.33357
-3.33372
-3.33372
-3.33402
-3.33372
-3.33432
-3.33462
-3.33477
-3.33462
-3.33447
-3.33462
-3.33432
-3.33492
-3.33492
-3.33492
-3.33507
-3.33507
-3.33477
-3.33492
-3.33462
-3.33462
-3.33462
-3.33462
-3.33462
-3.33477
-3.33462
-3.33447
-3.33432
-3.33447
-3.33447
-3.33417
-3.33432
-3.33447
-3.33432
-3.33386
-3.33386
-3.33402
-3.33371
-3.33356
-3.33356
-3.33371
-3.33341
-3.33296
-3.33296
-3.33311
-3.33281
-3.3322
-3.3322
-3.3319
-3.33175
-3.33175
-3.33175
-3.3319
-3.3322
-3.3322
-3.33236
-3.3322
-3.3322
-3.33266
-3.33296
-3.33311
-3.33311
-3.33356
-3.33357
-3.33341
-3.33341
-3.33341
-3.33341
-3.33341
-3.33341
-3.33341
-3.33357
-3.33357
-3.33326
-3.33342
-3.33342
-3.33342
-3.33342
-3.33342
-3.33326
-3.33311
-3.33311
-3.33311
-3.33342
-3.33387
-3.33357
-3.33357
-3.33357
-3.33357
-3.33372
-3.33342
-3.33327
-3.33327
-3.33357
-3.33326
-3.33342
-3.33342
-3.33342
-3.33326
-3.33326
-3.33342
-3.33357
-3.33372
-3.33387
-3.33387
-3.33402
-3.33387
-3.33387
-3.33357
-3.33372
-3.33372
-3.33372
-3.33372
-3.33372
-3.33387
-3.33372
-3.33372
-3.33372
-3.33387
-3.33372
-3.33341
-3.33357
-3.33372
-3.33357
-3.33341
-3.33341
-3.33341
-3.33357
-3.33326
-3.33311
-3.33341
-3.33341
-3.33326
-3.33357
-3.33341
-3.33357
-3.33341
-3.33341
-3.33341
-3.33326
-3.33357
-3.33341
-3.33341
-3.33356
-3.33372
-3.33341
-3.33387
-3.33387
-3.33387
-3.33387
-3.33387
-3.33372
-3.33387
-3.33417
-3.33417
-3.33432
-3.33432
-3.33447
-3.33447
-3.33447
-3.33477
-3.33462
-3.33447
-3.33492
-3.33492
-3.33492
-3.33462
-3.33477
-3.33477
-3.33492
-3.33477
-3.33462
-3.33462
-3.33477
-3.33538
-3.33523
-3.33507
-3.33492
-3.33477
-3.33492
-3.33462
-3.33477
-3.33492
-3.33523
-3.33523
-3.33507
-3.33523
-3.33538
-3.33538
-3.33568
-3.33598
-3.33628
-3.33628
-3.33613
-3.33613
-3.33628
-3.33674
-3.33643
-3.33658
-3.33674
-3.33674
-3.33689
-3.33704
-3.33719
-3.33704
-3.33689
-3.33674
-3.33704
-3.33719
-3.33719
-3.33704
-3.33704
-3.33704
-3.33674
-3.33674
-3.33658
-3.33658
-3.33674
-3.33658
-3.33689
-3.33674
-3.33659
-3.33674
-3.33643
-3.33659
-3.33689
-3.33719
-3.33659
-3.33644
-3.33659
-3.33689
-3.33659
-3.33659
-3.33629
-3.33613
-3.33598
-3.33583
-3.33583
-3.33598
-3.33614
-3.33614
-3.33629
-3.33659
-3.33629
-3.33644
-3.33629
-3.33614
-3.33644
-3.33644
-3.33659
-3.33659
-3.33674
-3.33674
-3.33674
-3.33689
-3.33705
-3.3372
-3.33735
-3.3372
-3.33735
-3.3375
-3.33765
-3.33765
-3.3378
-3.33795
-3.33795
-3.3378
-3.33765
-3.3375
-3.3375
-3.33735
-3.33765
-3.33765
-3.3378
-3.3378
-3.3375
-3.3375
-3.3375
-3.33735
-3.3372
-3.3375
-3.3375
-3.3375
-3.3378
-3.33795
-3.33795
-3.3381
-3.33795
-3.3381
-3.3381
-3.33825
-3.33825
-3.33825
-3.33825
-3.3381
-3.33825
-3.33825
-3.3384
-3.33825
-3.3381
-3.3378
-3.33765
-3.33719
-3.33734
-3.33749
-3.3378
-3.3378
-3.33749
-3.33765
-3.33765
-3.33795
-3.33795
-3.3378
-3.33795
-3.33795
-3.33795
-3.33779
-3.3381
-3.33764
-3.33764
-3.33749
-3.33719
-3.33689
-3.33658
-3.33659
-3.33659
-3.33643
-3.33643
-3.33613
-3.33613
-3.33643
-3.33613
-3.33613
-3.33628
-3.33613
-3.33598
-3.33598
-3.33583
-3.33628
-3.33598
-3.33598
-3.33583
-3.33598
-3.33598
-3.33583
-3.33598
-3.33628
-3.33628
-3.33644
-3.33644
-3.33629
-3.33629
-3.33598
-3.33613
-3.33629
-3.33644
-3.33629
-3.33644
-3.33613
-3.33613
-3.33629
-3.33674
-3.33659
-3.33689
-3.33704
-3.33689
-3.33704
-3.33674
-3.33689
-3.33659
-3.33629
-3.33629
-3.33613
-3.33629
-3.33644
-3.33644
-3.33659
-3.33689
-3.33734
-3.33734
-3.33719
-3.33704
-3.33689
-3.33704
-3.33704
-3.33734
-3.33749
-3.33749
-3.33719
-3.33704
-3.33704
-3.33689
-3.33658
-3.33658
-3.33643
-3.33628
-3.33598
-3.33552
-3.33552
-3.33537
-3.33537
-3.33537
-3.33552
-3.33568
-3.33598
-3.33583
-3.33583
-3.33567
-3.33552
-3.33552
-3.33537
-3.33537
-3.33522
-3.33522
-3.33507
-3.33507
-3.33507
-3.33507
-3.33522
-3.33477
-3.33507
-3.33522
-3.33537
-3.33537
-3.33553
-3.33538
-3.33553
-3.33598
-3.33568
-3.33583
-3.33583
-3.33583
-3.33598
-3.33613
-3.33568
-3.33568
-3.33568
-3.33568
-3.33553
-3.33568
-3.33568
-3.33598
-3.33613
-3.33613
-3.33613
-3.33629
-3.33629
-3.33613
-3.33629
-3.33629
-3.33614
-3.33629
-3.33644
-3.33704
-3.33719
-3.33734
-3.33765
-3.33765
-3.3381
-3.33795
-3.3378
-3.3378
-3.33765
-3.33719
-3.33689
-3.33689
-3.33704
-3.33689
-3.33659
-3.33659
-3.33644
-3.33659
-3.33659
-3.33629
-3.33644
-3.33644
-3.33629
-3.33644
-3.33629
-3.33644
-3.33629
-3.33659
-3.33689
-3.33674
-3.33674
-3.33689
-3.33705
-3.3372
-3.33705
-3.33674
-3.33659
-3.33659
-3.33644
-3.33644
-3.33659
-3.33659
-3.33659
-3.33675
-3.33705
-3.3369
-3.33675
-3.33659
-3.33675
-3.3369
-3.33705
-3.33675
-3.33659
-3.33675
-3.33675
-3.3369
-3.3369
-3.3369
-3.3369
-3.33675
-3.33675
-3.33659
-3.33644
-3.33644
-3.33629
-3.33599
-3.33659
-3.33659
-3.33644
-3.33644
-3.33644
-3.33659
-3.33644
-3.33614
-3.33599
-3.33583
-3.33568
-3.33568
-3.33583
-3.33598
-3.33598
-3.33583
-3.33553
-3.33538
-3.33523
-3.33538
-3.33493
-3.33493
-3.33508
-3.33523
-3.33492
-3.33492
-3.33492
-3.33507
-3.33492
-3.33492
-3.33507
-3.33523
-3.33507
-3.33492
-3.33507
-3.33507
-3.33523
-3.33507
-3.33507
-3.33477
-3.33477
-3.33477
-3.33477
-3.33492
-3.33492
-3.33447
-3.33447
-3.33447
-3.33417
-3.33417
-3.33417
-3.33417
-3.33417
-3.33402
-3.33417
-3.33402
-3.33417
-3.33417
-3.33447
-3.33462
-3.33462
-3.33432
-3.33477
-3.33492
-3.33477
-3.33492
-3.33492
-3.33492
-3.33492
-3.33508
-3.33508
-3.33523
-3.33538
-3.33568
-3.33568
-3.33598
-3.33613
-3.33674
-3.33704
-3.33704
-3.33689
-3.33689
-3.33719
-3.33765
-3.33719
-3.33749
-3.33749
-3.3378
-3.3381
-3.3378
-3.33765
-3.33765
-3.3375
-3.3375
-3.3378
-3.33765
-3.33795
-3.33765
-3.33765
-3.3375
-3.3375
-3.33765
-3.33765
-3.3381
-3.33795
-3.3378
-3.33795
-3.33795
-3.33825
-3.3381
-3.33825
-3.3381
-3.33825
-3.33855
-3.33901
-3.33901
-3.33901
-3.33901
-3.33885
-3.33901
-3.33885
-3.33885
-3.33855
-3.3384
-3.3384
-3.3384
-3.33855
-3.33825
-3.3384
-3.3384
-3.33855
-3.33855
-3.33855
-3.33885
-3.33885
-3.33885
-3.33915
-3.33915
-3.3393
-3.33915
-3.33945
-3.33945
-3.3396
-3.33945
-3.33945
-3.33945
-3.33945
-3.3399
-3.3399
-3.3399
-3.3399
-3.3396
-3.3396
-3.3396
-3.3393
-3.33915
-3.3387
-3.33855
-3.33839
-3.33824
-3.33794
-3.33794
-3.33794
-3.33794
-3.33794
-3.33764
-3.33734
-3.33734
-3.33719
-3.33719
-3.33749
-3.33764
-3.33749
-3.33749
-3.33719
-3.33704
-3.33704
-3.33704
-3.33719
-3.33719
-3.33704
-3.33659
-3.33644
-3.33614
-3.33629
-3.33659
-3.33689
-3.33644
-3.33674
-3.33659
-3.33629
-3.33583
-3.33644
-3.33659
-3.33704
-3.33689
-3.33674
-3.33674
-3.33674
-3.33689
-3.33704
-3.33689
-3.33704
-3.33719
-3.33719
-3.33704
-3.33689
-3.33719
-3.33704
-3.33704
-3.33719
-3.33704
-3.33704
-3.33659
-3.33659
-3.33689
-3.33689
-3.33689
-3.33689
-3.33659
-3.33644
-3.33674
-3.33674
-3.33674
-3.33689
-3.33674
-3.33674
-3.33629
-3.33629
-3.33613
-3.33583
-3.33583
-3.33598
-3.33583
-3.33553
-3.33553
-3.33538
-3.33508
-3.33508
-3.33538
-3.33553
-3.33538
-3.33568
-3.33598
-3.33628
-3.33628
-3.33644
-3.33629
-3.33644
-3.33613
-3.33613
-3.33598
-3.33598
-3.33583
-3.33583
-3.33583
-3.33598
-3.33598
-3.33613
-3.33613
-3.33613
-3.33628
-3.33643
-3.33658
-3.33658
-3.33674
-3.33658
-3.33658
-3.33643
-3.33643
-3.33628
-3.33628
-3.33613
-3.33643
-3.33628
-3.33628
-3.33598
-3.33598
-3.33598
-3.33598
-3.33658
-3.33628
-3.33643
-3.33658
-3.33673
-3.33658
-3.33673
-3.33688
-3.33658
-3.33643
-3.33643
-3.33628
-3.33628
-3.33673
-3.33658
-3.33643
-3.33658
-3.33643
-3.33658
-3.33643
-3.33597
-3.33582
-3.33582
-3.33567
-3.33567
-3.33552
-3.33567
-3.33567
-3.33507
-3.33507
-3.33507
-3.33477
-3.33492
-3.33522
-3.33507
-3.33522
-3.33522
-3.33522
-3.33537
-3.33507
-3.33492
-3.33447
-3.33462
-3.33492
-3.33507
-3.33507
-3.33522
-3.33522
-3.33522
-3.33477
-3.33447
-3.33462
-3.33477
-3.33447
-3.33432
-3.33447
-3.33447
-3.33477
-3.33477
-3.33492
-3.33508
-3.33508
-3.33477
-3.33523
-3.33523
-3.33508
-3.33477
-3.33508
-3.33493
-3.33508
-3.33523
-3.33523
-3.33493
-3.33477
-3.33462
-3.33508
-3.33493
-3.33523
-3.33508
-3.33508
-3.33478
-3.33538
-3.33538
-3.33553
-3.33538
-3.33583
-3.33553
-3.33583
-3.33583
-3.33583
-3.33583
-3.33583
-3.33568
-3.33553
-3.33538
-3.33553
-3.33553
-3.33583
-3.33614
-3.33614
-3.33598
-3.33553
-3.33568
-3.33538
-3.33493
-3.33508
-3.33508
-3.33538
-3.33538
-3.33523
-3.33538
-3.33553
-3.33553
-3.33553
-3.33553
-3.33508
-3.33508
-3.33508
-3.33508
-3.33523
-3.33538
-3.33523
-3.33553
-3.33508
-3.33523
-3.33568
-3.33598
-3.33613
-3.33643
-3.33628
-3.33643
-3.33628
-3.33628
-3.33613
-3.33598
-3.33628
-3.33598
-3.33613
-3.33628
-3.33628
-3.33628
-3.33643
-3.33643
-3.33643
-3.33643
-3.33643
-3.33688
-3.33688
-3.33688
-3.33658
-3.33673
-3.33673
-3.33673
-3.33673
-3.33673
-3.33688
-3.33688
-3.33688
-3.33719
-3.33688
-3.33673
-3.33673
-3.33688
-3.33704
-3.33688
-3.33719
-3.33764
-3.33794
-3.33794
-3.33794
-3.33779
-3.33764
-3.33779
-3.33764
-3.33734
-3.33749
-3.33764
-3.33764
-3.33749
-3.33734
-3.33734
-3.33689
-3.33658
-3.33658
-3.33658
-3.33673
-3.33704
-3.33734
-3.33779
-3.33764
-3.33779
-3.33779
-3.33779
-3.33779
-3.33764
-3.33734
-3.33719
-3.33734
-3.33734
-3.33704
-3.33704
-3.33749
-3.33764
-3.33749
-3.33719
-3.33719
-3.33734
-3.33749
-3.33704
-3.33688
-3.33673
-3.33658
-3.33643
-3.33628
-3.33628
-3.33613
-3.33613
-3.33643
-3.33643
-3.33643
-3.33643
-3.33643
-3.33643
-3.33673
-3.33643
-3.33643
-3.33658
-3.33673
-3.33658
-3.33688
-3.33673
-3.33719
-3.33749
-3.33749
-3.33749
-3.33734
-3.33734
-3.33794
-3.33779
-3.33779
-3.33749
-3.33749
-3.33749
-3.33764
-3.33719
-3.33703
-3.33703
-3.33673
-3.33673
-3.33673
-3.33658
-3.33658
-3.33643
-3.33658
-3.33658
-3.33658
-3.33658
-3.33673
-3.33673
-3.33673
-3.33688
-3.33688
-3.33658
-3.33718
-3.33718
-3.33733
-3.33794
-3.33824
-3.33824
-3.33839
-3.33824
-3.33839
-3.33854
-3.33839
-3.33839
-3.33854
-3.33839
-3.33794
-3.33794
-3.33809
-3.33809
-3.33824
-3.33794
-3.33764
-3.33733
-3.33718
-3.33748
-3.33764
-3.33748
-3.33749
-3.33733
-3.33718
-3.33733
-3.33734
-3.33749
-3.33703
-3.33673
-3.33658
-3.33643
-3.33643
-3.33643
-3.33643
-3.33628
-3.33628
-3.33658
-3.33658
-3.33643
-3.33719
-3.33719
-3.33704
-3.33689
-3.33673
-3.33689
-3.33674
-3.33674
-3.33674
-3.33689
-3.33674
-3.33674
-3.33674
-3.33704
-3.33689
-3.33704
-3.33704
-3.33689
-3.33658
-3.33658
-3.33658
-3.33643
-3.33598
-3.33598
-3.33598
-3.33598
-3.33583
-3.33598
-3.33583
-3.33613
-3.33643
-3.33643
-3.33674
-3.33658
-3.33643
-3.33673
-3.33658
-3.33643
-3.33613
-3.33598
-3.33598
-3.33598
-3.33598
-3.33613
-3.33628
-3.33643
-3.33643
-3.33643
-3.33673
-3.33673
-3.33658
-3.33658
-3.33673
-3.33673
-3.33658
-3.33734
-3.33734
-3.33734
-3.33749
-3.33764
-3.33779
-3.33794
-3.33794
-3.33794
-3.33794
-3.33779
-3.33779
-3.33779
-3.33794
-3.33809
-3.33809
-3.33839
-3.33839
-3.33854
-3.3387
-3.3387
-3.33854
-3.33839
-3.33824
-3.33839
-3.33839
-3.33824
-3.33824
-3.33824
-3.33794
-3.33794
-3.33794
-3.33764
-3.33779
-3.33779
-3.33764
-3.33764
-3.33764
-3.33779
-3.33824
-3.33794
-3.33794
-3.33809
-3.33794
-3.33794
-3.33794
-3.33809
-3.33855
-3.3387
-3.3384
-3.33855
-3.3384
-3.33809
-3.33809
-3.33794
-3.33809
-3.33779
-3.33779
-3.33779
-3.33749
-3.33749
-3.33764
-3.33779
-3.33794
-3.33779
-3.33779
-3.33779
-3.33779
-3.33764
-3.33794
-3.3381
-3.33779
-3.33779
-3.33764
-3.33764
-3.33794
-3.33794
-3.33809
-3.33809
-3.33855
-3.3387
-3.3387
-3.3387
-3.3387
-3.33855
-3.339
-3.3393
-3.3393
-3.33945
-3.33945
-3.3396
-3.3396
-3.3396
-3.34005
-3.3399
-3.3399
-3.3399
-3.3399
-3.3402
-3.34005
-3.3399
-3.34005
-3.3402
-3.3399
-3.33975
-3.33945
-3.3396
-3.3396
-3.3399
-3.33975
-3.3393
-3.33914
-3.33945
-3.33899
-3.33884
-3.33899
-3.33869
-3.33854
-3.33824
-3.33809
-3.33824
-3.33839
-3.33809
-3.33809
-3.33839
-3.33779
-3.33794
-3.33794
-3.33839
-3.33854
-3.33839
-3.33824
-3.33839
-3.33855
-3.33915
-3.3393
-3.3393
-3.33915
-3.339
-3.33855
-3.3387
-3.3387
-3.3384
-3.33855
-3.33855
-3.33855
-3.33855
-3.3387
-3.33855
-3.33855
-3.3387
-3.33885
-3.3387
-3.33855
-3.3387
-3.33885
-3.33901
-3.33886
-3.33901
-3.3387
-3.33901
-3.33931
-3.33946
-3.33946
-3.33946
-3.33931
-3.33901
-3.33901
-3.3387
-3.33825
-3.33825
-3.3384
-3.3384
-3.33855
-3.33825
-3.33825
-3.3384
-3.3384
-3.33855
-3.3384
-3.33825
-3.3387
-3.3387
-3.33855
-3.33855
-3.33885
-3.33885
-3.3387
-3.3387
-3.3387
-3.33885
-3.33885
-3.33885
-3.33915
-3.339
-3.33885
-3.339
-3.33885
-3.339
-3.339
-3.3393
-3.33915
-3.33885
-3.339
-3.3393
-3.3393
-3.3393
-3.33945
-3.33976
-3.33976
-3.33961
-3.33961
-3.3393
-3.33945
-3.3393
-3.33945
-3.33945
-3.34006
-3.34006
-3.33976
-3.33961
-3.33961
-3.3393
-3.3393
-3.33915
-3.3393
-3.339
-3.339
-3.33885
-3.33885
-3.3387
-3.3387
-3.33885
-3.3387
-3.3387
-3.3387
-3.339
-3.33885
-3.339
-3.33931
-3.33946
-3.33946
-3.33931
-3.339
-3.33915
-3.33885
-3.33885
-3.33885
-3.33885
-3.33885
-3.33855
-3.33855
-3.3384
-3.3384
-3.3384
-3.33825
-3.3381
-3.3381
-3.33795
-3.33764
-3.33764
-3.33764
-3.33764
-3.33764
-3.33749
-3.33749
-3.33749
-3.33749
-3.33764
-3.33794
-3.3381
-3.3381
-3.3381
-3.33794
-3.33779
-3.33779
-3.33794
-3.33794
-3.33779
-3.33794
-3.33794
-3.33825
-3.33779
-3.33764
-3.33779
-3.33779
-3.33825
-3.33825
-3.33794
-3.33779
-3.33794
-3.33794
-3.33825
-3.33855
-3.33885
-3.339
-3.3387
-3.33825
-3.3387
-3.3387
-3.33885
-3.339
-3.33915
-3.33961
-3.33946
-3.33946
-3.33976
-3.33976
-3.33961
-3.33946
-3.33946
-3.3393
-3.33961
-3.33961
-3.33961
-3.33991
-3.33976
-3.34006
-3.34006
-3.33991
-3.34006
-3.33991
-3.34006
-3.33976
-3.3393
-3.33946
-3.33915
-3.3393
-3.339
-3.33885
-3.33915
-3.33915
-3.3393
-3.3387
-3.3384
-3.33855
-3.33855
-3.33855
-3.3384
-3.3381
-3.3384
-3.33825
-3.3384
-3.3387
-3.3387
-3.3387
-3.33855
-3.33855
-3.3384
-3.33825
-3.33825
-3.3381
-3.3381
-3.33825
-3.33855
-3.3384
-3.3381
-3.33825
-3.3384
-3.33855
-3.33855
-3.33855
-3.3384
-3.33825
-3.33855
-3.3387
-3.33885
-3.339
-3.33931
-3.33915
-3.33931
-3.33961
-3.33961
-3.33976
-3.33991
-3.33991
-3.34006
-3.33945
-3.33915
-3.33915
-3.339
-3.339
-3.339
-3.3393
-3.33945
-3.33945
-3.3393
-3.33945
-3.3396
-3.33975
-3.3396
-3.33929
-3.33899
-3.33975
-3.33975
-3.34005
-3.34005
-3.34005
-3.34005
-3.33975
-3.33974
-3.33974
-3.33974
-3.33959
-3.33929
-3.33944
-3.33959
-3.33944
-3.33975
-3.33975
-3.34005
-3.3402
-3.34035
-3.34035
-3.3402
-3.34005
-3.3402
-3.34005
-3.34005
-3.34005
-3.33945
-3.33945
-3.3396
-3.33945
-3.33945
-3.33945
-3.33945
-3.3393
-3.339
-3.3393
-3.33915
-3.339
-3.339
-3.339
-3.339
-3.33916
-3.33916
-3.33931
-3.33931
-3.33916
-3.33931
-3.33931
-3.33976
-3.33991
-3.33976
-3.34006
-3.33961
-3.33961
-3.33991
-3.33991
-3.33976
-3.34006
-3.34006
-3.34006
-3.33991
-3.33991
-3.33991
-3.34006
-3.34022
-3.33991
-3.34006
-3.34022
-3.34022
-3.34021
-3.33976
-3.33976
-3.33976
-3.33946
-3.33946
-3.33931
-3.33916
-3.33946
-3.33931
-3.33916
-3.33931
-3.33946
-3.33946
-3.33946
-3.33961
-3.33961
-3.33946
-3.33931
-3.33885
-3.339
-3.339
-3.33855
-3.33855
-3.3387
-3.33855
-3.33885
-3.33885
-3.33855
-3.3387
-3.339
-3.33931
-3.33961
-3.33915
-3.33915
-3.33915
-3.33885
-3.33915
-3.33931
-3.33961
-3.33961
-3.33976
-3.33991
-3.33961
-3.33976
-3.33946
-3.33976
-3.33961
-3.34006
-3.34021
-3.34021
-3.33991
-3.33991
-3.33991
-3.34006
-3.34021
-3.34021
-3.34036
-3.33991
-3.34006
-3.34021
-3.34036
-3.34021
-3.34021
-3.34006
-3.34006
-3.33976
-3.33976
-3.33961
-3.33931
-3.33931
-3.33915
-3.33915
-3.33946
-3.33946
-3.33915
-3.33946
-3.339
-3.3387
-3.33855
-3.3387
-3.3387
-3.33855
-3.3384
-3.33779
-3.33749
-3.33734
-3.33704
-3.33719
-3.33704
-3.33689
-3.33674
-3.33628
-3.33613
-3.33598
-3.33568
-3.33583
-3.33568
-3.33553
-3.33553
-3.33553
-3.33553
-3.33583
-3.33598
-3.33583
-3.33598
-3.33613
-3.33598
-3.33583
-3.33568
-3.33538
-3.33507
-3.33507
-3.33507
-3.33523
-3.33553
-3.33568
-3.33553
-3.33538
-3.33538
-3.33507
-3.33522
-3.33522
-3.33522
-3.33507
-3.33492
-3.33492
-3.33477
-3.33462
-3.33507
-3.33507
-3.33522
-3.33522
-3.33492
-3.33492
-3.33507
-3.33522
-3.33522
-3.33538
-3.33538
-3.33522
-3.33538
-3.33538
-3.33583
-3.33583
-3.33553
-3.33553
-3.33537
-3.33583
-3.33538
-3.33553
-3.33537
-3.33537
-3.33553
-3.33583
-3.33583
-3.33583
-3.33583
-3.33568
-3.33598
-3.33613
-3.33583
-3.33583
-3.33598
-3.33643
-3.33673
-3.33658
-3.33673
-3.33673
-3.33703
-3.33688
-3.33643
-3.33658
-3.33628
-3.33628
-3.33628
-3.33613
-3.33598
-3.33598
-3.33567
-3.33567
-3.33582
-3.33598
-3.33567
-3.33537
-3.33552
-3.33552
-3.33567
-3.33567
-3.33537
-3.33552
-3.33552
-3.33567
-3.33567
-3.33582
-3.33582
-3.33582
-3.33567
-3.33537
-3.33507
-3.33492
-3.33477
-3.33492
-3.33507
-3.33507
-3.33507
-3.33507
-3.33537
-3.33522
-3.33522
-3.33507
-3.33462
-3.33462
-3.33507
-3.33477
-3.33477
-3.33462
-3.33462
-3.33462
-3.33507
-3.33507
-3.33462
-3.33447
-3.33477
-3.33477
-3.33477
-3.33477
-3.33462
-3.33477
-3.33477
-3.33492
-3.33477
-3.33462
-3.33432
-3.33432
-3.33462
-3.33493
-3.33493
-3.33462
-3.33493
-3.33508
-3.33523
-3.33538
-3.33538
-3.33553
-3.33568
-3.33583
-3.33613
-3.33583
-3.33583
-3.33628
-3.33628
-3.33598
-3.33598
-3.33583
-3.33583
-3.33568
-3.33598
-3.33568
-3.33553
-3.33568
-3.33538
-3.33553
-3.33538
-3.33538
-3.33507
-3.33492
-3.33492
-3.33522
-3.33522
-3.33447
-3.33492
-3.33492
-3.33507
-3.33507
-3.33553
-3.33522
-3.33507
-3.33507
-3.33537
-3.33553
-3.33553
-3.33553
-3.33583
-3.33598
-3.33598
-3.33613
-3.33583
-3.33537
-3.33537
-3.33537
-3.33537
-3.33568
-3.33613
-3.33628
-3.33613
-3.33598
-3.33628
-3.33628
-3.33628
-3.33567
-3.33567
-3.33567
-3.33552
-3.33537
-3.33552
-3.33552
-3.33567
-3.33537
-3.33567
-3.33567
-3.33582
-3.33598
-3.33613
-3.33598
-3.33628
-3.33613
-3.33628
-3.33643
-3.33673
-3.33673
-3.33673
-3.33673
-3.33643
-3.33628
-3.33582
-3.33552
-3.33552
-3.33567
-3.33598
-3.33582
-3.33598
-3.33583
-3.33567
-3.33583
-3.33583
-3.33583
-3.33567
-3.33583
-3.33583
-3.33598
-3.33613
-3.33613
-3.33568
-3.33583
-3.33583
-3.33598
-3.33598
-3.33613
-3.33628
-3.33598
-3.33568
-3.33553
-3.33538
-3.33538
-3.33507
-3.33538
-3.33522
-3.33538
-3.33507
-3.33507
-3.33477
-3.33477
-3.33477
-3.33492
-3.33507
-3.33492
-3.33492
-3.33462
-3.33462
-3.33462
-3.33507
-3.33507
-3.33492
-3.33492
-3.33462
-3.33477
-3.33507
-3.33507
-3.33462
-3.33432
-3.33402
-3.33402
-3.33402
-3.33386
-3.33417
-3.33402
-3.33432
-3.33477
-3.33492
-3.33507
-3.33507
-3.33477
-3.33492
-3.33477
-3.33492
-3.33492
-3.33522
-3.33507
-3.33507
-3.33553
-3.33538
-3.33568
-3.33583
-3.33613
-3.33613
-3.33658
-3.33643
-3.33643
-3.33658
-3.33674
-3.33674
-3.33689
-3.33673
-3.33704
-3.33719
-3.33734
-3.33749
-3.33764
-3.33749
-3.33764
-3.33734
-3.33764
-3.33764
-3.33764
-3.33779
-3.33794
-3.33779
-3.33764
-3.33719
-3.33689
-3.33688
-3.33688
-3.33643
-3.33643
-3.33613
-3.33568
-3.33568
-3.33583
-3.33583
-3.33568
-3.33568
-3.33552
-3.33492
-3.33462
-3.33432
-3.33416
-3.33401
-3.33401
-3.33386
-3.33371
-3.33401
-3.33401
-3.33416
-3.33401
-3.33401
-3.33401
-3.33417
-3.33417
-3.33447
-3.33447
-3.33462
-3.33447
-3.33432
-3.33432
-3.33492
-3.33492
-3.33537
-3.33507
-3.33507
-3.33477
-3.33492
-3.33492
-3.33492
-3.33492
-3.33492
-3.33492
-3.33507
-3.33492
-3.33492
-3.33492
-3.33507
-3.33507
-3.33552
-3.33552
-3.33567
-3.33567
-3.33582
-3.33582
-3.33567
-3.33567
-3.33567
-3.33582
-3.33552
-3.33537
-3.33537
-3.33521
-3.33537
-3.33521
-3.33521
-3.33536
-3.33552
-3.33521
-3.33506
-3.33536
-3.33536
-3.33506
-3.33506
-3.33521
-3.33552
-3.33567
-3.33567
-3.33567
-3.33552
-3.33567
-3.33582
-3.33582
-3.33552
-3.33597
-3.33597
-3.33628
-3.33597
-3.33582
-3.33552
-3.33522
-3.33492
-3.33492
-3.33522
-3.33507
-3.33507
-3.33507
-3.33522
-3.33507
-3.33477
-3.33492
-3.33477
-3.33492
-3.33492
-3.33477
-3.33477
-3.33477
-3.33492
-3.33492
-3.33432
-3.33432
-3.33417
-3.33417
-3.33432
-3.33432
-3.33432
-3.33477
-3.33477
-3.33523
-3.33553
-3.33538
-3.33523
-3.33492
-3.33493
-3.33462
-3.33462
-3.33492
-3.33492
-3.33462
-3.33462
-3.33477
-3.33492
-3.33477
-3.33492
-3.33523
-3.33508
-3.33508
-3.33508
-3.33508
-3.33508
-3.33523
-3.33538
-3.33538
-3.33523
-3.33523
-3.33508
-3.33508
-3.33538
-3.33508
-3.33492
-3.33492
-3.33508
-3.33462
-3.33462
-3.33447
-3.33492
-3.33477
-3.33462
-3.33477
-3.33462
-3.33432
-3.33417
-3.33417
-3.33432
-3.33417
-3.33417
-3.33447
-3.33477
-3.33477
-3.33523
-3.33523
-3.33538
-3.33553
-3.33523
-3.33538
-3.33553
-3.33538
-3.33507
-3.33492
-3.33477
-3.33477
-3.33492
-3.33462
-3.33462
-3.33492
-3.33477
-3.33477
-3.33477
-3.33462
-3.33462
-3.33462
-3.33477
-3.33477
-3.33492
-3.33477
-3.33462
-3.33447
-3.33416
-3.33416
-3.33386
-3.33386
-3.33386
-3.33371
-3.33401
-3.33416
-3.33401
-3.33416
-3.33416
-3.33431
-3.33431
-3.33446
-3.33461
-3.33461
-3.33461
-3.33492
-3.33476
-3.33507
-3.33507
-3.33507
-3.33522
-3.33522
-3.33507
-3.33476
-3.33476
-3.33461
-3.33476
-3.33476
-3.33491
-3.33476
-3.33507
-3.33476
-3.33461
-3.33476
-3.33491
-3.33476
-3.33461
-3.33491
-3.33522
-3.33491
-3.33491
-3.33522
-3.33537
-3.33506
-3.33522
-3.33522
-3.33537
-3.33537
-3.33537
-3.33537
-3.33552
-3.33522
-3.33537
-3.33522
-3.33537
-3.33552
-3.33522
-3.33537
-3.33567
-3.33567
-3.33552
-3.33552
-3.33582
-3.33582
-3.33552
-3.33567
-3.33537
-3.33582
-3.33552
-3.33537
-3.33537
-3.33552
-3.33552
-3.33552
-3.33507
-3.33522
-3.33537
-3.33552
-3.33552
-3.33522
-3.33492
-3.33492
-3.33477
-3.33462
-3.33492
-3.33477
-3.33477
-3.33462
-3.33462
-3.33416
-3.33401
-3.33462
-3.33477
-3.33522
-3.33507
-3.33507
-3.33537
-3.33507
-3.33477
-3.33477
-3.33507
-3.33507
-3.33507
-3.33492
-3.33522
-3.33538
-3.33538
-3.33553
-3.33553
-3.33538
-3.33568
-3.33598
-3.33613
-3.33613
-3.33613
-3.33628
-3.33628
-3.33583
-3.33598
-3.33613
-3.33583
-3.33613
-3.33598
-3.33613
-3.33583
-3.33538
-3.33523
-3.33508
-3.33538
-3.33507
-3.33523
-3.33523
-3.33523
-3.33522
-3.33538
-3.33522
-3.33538
-3.33538
-3.33538
-3.33538
-3.33537
-3.33553
-3.33568
-3.33552
-3.33568
-3.33552
-3.33537
-3.33522
-3.33522
-3.33492
-3.33477
-3.33492
-3.33462
-3.33401
-3.33431
-3.33446
-3.33401
-3.33401
-3.33401
-3.33401
-3.33401
-3.33416
-3.33446
-3.33476
-3.33491
-3.33491
-3.33476
-3.33476
-3.33476
-3.33476
-3.33537
-3.33522
-3.33506
-3.33522
-3.33522
-3.33506
-3.33522
-3.33522
-3.33522
-3.33507
-3.33507
-3.33522
-3.33522
-3.33522
-3.33522
-3.33537
-3.33537
-3.33522
-3.33522
-3.33537
-3.33552
-3.33537
-3.33522
-3.33537
-3.33507
-3.33492
-3.33537
-3.33567
-3.33567
-3.33567
-3.33582
-3.33598
-3.33583
-3.33598
-3.33598
-3.33628
-3.33658
-3.33628
-3.33643
-3.33643
-3.33643
-3.33643
-3.33658
-3.33658
-3.33673
-3.33688
-3.33689
-3.33704
-3.33704
-3.33734
-3.33734
-3.33734
-3.33749
-3.33749
-3.33779
-3.33764
-3.33749
-3.33764
-3.33764
-3.33764
-3.33734
-3.33749
-3.33719
-3.33719
-3.33719
-3.33704
-3.33689
-3.33643
-3.33643
-3.33658
-3.33658
-3.33689
-3.33673
-3.33658
-3.33658
-3.33658
-3.33688
-3.33673
-3.33688
-3.33688
-3.33704
-3.33719
-3.33734
-3.33719
-3.33719
-3.33719
-3.33719
-3.33719
-3.33688
-3.33643
-3.33673
-3.33673
-3.33703
-3.33718
-3.33718
-3.33718
-3.33703
-3.33673
-3.33703
-3.33658
-3.33673
-3.33673
-3.33658
-3.33673
-3.33673
-3.33658
-3.33643
-3.33658
-3.33658
-3.33673
-3.33673
-3.33643
-3.33658
-3.33658
-3.33643
-3.33628
-3.33613
-3.33613
-3.33613
-3.33628
-3.33598
-3.33583
-3.33552
-3.33552
-3.33522
-3.33537
-3.33537
-3.33537
-3.33522
-3.33522
-3.33552
-3.33507
-3.33522
-3.33507
-3.33522
-3.33537
-3.33568
-3.33568
-3.33552
-3.33552
-3.33537
-3.33613
-3.33613
-3.33628
-3.33628
-3.33613
-3.33598
-3.33613
-3.33643
-3.33628
-3.33643
-3.33643
-3.33628
-3.33628
-3.33598
-3.33567
-3.33552
-3.33537
-3.33537
-3.33507
-3.33477
-3.33462
-3.33492
-3.33462
-3.33492
-3.33477
-3.33462
-3.33446
-3.33462
-3.33462
-3.33446
-3.33462
-3.33462
-3.33477
-3.33477
-3.33477
-3.33492
-3.33507
-3.33507
-3.33522
-3.33507
-3.33537
-3.33507
-3.33492
-3.33492
-3.33477
-3.33492
-3.33477
-3.33507
-3.33461
-3.33446
-3.33461
-3.33477
-3.33477
-3.33507
-3.33492
-3.33492
-3.33507
-3.33492
-3.33477
-3.33477
-3.33507
-3.33477
-3.33492
-3.33492
-3.33492
-3.33461
-3.33477
-3.33492
-3.33507
-3.33492
-3.33477
-3.33492
-3.33522
-3.33537
-3.33537
-3.33537
-3.33537
-3.33522
-3.33552
-3.33522
-3.33522
-3.33537
-3.33552
-3.33567
-3.33582
-3.33582
-3.33567
-3.33552
-3.33582
-3.33567
-3.33567
-3.33537
-3.33537
-3.33552
-3.33522
-3.33522
-3.33522
-3.33507
-3.33507
-3.33537
-3.33537
-3.33537
-3.33537
-3.33582
-3.33582
-3.33582
-3.33582
-3.33597
-3.33597
-3.33612
-3.33597
-3.33643
-3.33643
-3.33628
-3.33582
-3.33613
-3.33613
-3.33643
-3.33613
-3.33628
-3.33643
-3.33613
-3.33613
-3.33628
-3.33628
-3.33628
-3.33628
-3.33583
-3.33613
-3.33598
-3.33628
-3.33613
-3.33628
-3.33673
-3.33689
-3.33704
-3.33704
-3.33689
-3.33689
-3.33689
-3.33719
-3.33749
-3.33749
-3.33764
-3.33779
-3.33779
-3.33794
-3.33825
-3.3384
-3.33825
-3.33855
-3.33885
-3.339
-3.339
-3.3387
-3.33855
-3.33855
-3.33885
-3.339
-3.339
-3.3387
-3.3387
-3.3384
-3.33794
-3.33825
-3.33794
-3.33824
-3.33809
-3.33809
-3.33809
-3.33794
-3.33824
-3.33824
-3.33824
-3.33839
-3.33839
-3.33824
-3.33809
-3.33824
-3.33809
-3.33809
-3.33824
-3.33824
-3.33824
-3.33869
-3.33854
-3.33869
-3.33869
-3.33884
-3.33884
-3.33884
-3.33884
-3.33884
-3.33839
-3.33839
-3.33854
-3.33809
-3.33839
-3.33854
-3.33854
-3.33854
-3.33869
-3.33839
-3.33839
-3.33854
-3.33854
-3.33839
-3.33794
-3.33794
-3.33779
-3.33764
-3.33733
-3.33749
-3.33749
-3.33733
-3.33733
-3.33749
-3.33764
-3.33749
-3.33764
-3.33779
-3.33794
-3.33824
-3.33839
-3.33855
-3.33855
-3.33839
-3.3387
-3.33839
-3.33824
-3.33824
-3.33809
-3.33794
-3.33809
-3.33824
-3.33824
-3.33824
-3.3384
-3.3384
-3.33885
-3.339
-3.33885
-3.33915
-3.33885
-3.3387
-3.3387
-3.33855
-3.33825
-3.33825
-3.33825
-3.3384
-3.3384
-3.33825
-3.33809
-3.33809
-3.33794
-3.33809
-3.33809
-3.33824
-3.33824
-3.33855
-3.33855
-3.33885
-3.339
-3.33945
-3.33855
-3.33824
-3.33824
-3.3384
-3.3384
-3.33839
-3.3387
-3.339
-3.339
-3.33885
-3.33885
-3.339
-3.33915
-3.33885
-3.33915
-3.33915
-3.33885
-3.33915
-3.3393
-3.3393
-3.3393
-3.33915
-3.33915
-3.33885
-3.33855
-3.3387
-3.33915
-3.3393
-3.3393
-3.33945
-3.339
-3.33885
-3.3387
-3.339
-3.33915
-3.33885
-3.33885
-3.33885
-3.33855
-3.33809
-3.33825
-3.33855
-3.3387
-3.33885
-3.3387
-3.33855
-3.33855
-3.33855
-3.33855
-3.33809
-3.33779
-3.33794
-3.33794
-3.33809
-3.33824
-3.3384
-3.33824
-3.3384
-3.33855
-3.33855
-3.33839
-3.33824
-3.33809
-3.33794
-3.33794
-3.33764
-3.33779
-3.33779
-3.33794
-3.33794
-3.33809
-3.33824
-3.33824
-3.33854
-3.33809
-3.33809
-3.33764
-3.33764
-3.33794
-3.33794
-3.33764
-3.33764
-3.33749
-3.33764
-3.33749
-3.33749
-3.33764
-3.33764
-3.33824
-3.33824
-3.3384
-3.3384
-3.33885
-3.3387
-3.33855
-3.339
-3.33885
-3.3393
-3.3393
-3.33976
-3.33976
-3.34021
-3.34051
-3.34067
-3.34067
-3.34082
-3.34097
-3.34127
-3.34127
-3.34097
-3.34082
-3.34082
-3.34082
-3.34052
-3.34036
-3.34036
-3.34051
-3.34021
-3.34006
-3.33976
-3.33961
-3.33961
-3.33976
-3.33976
-3.33991
-3.33991
-3.3396
-3.33991
-3.3399
-3.3399
-3.33975
-3.34005
-3.34051
-3.34036
-3.34036
-3.34051
-3.34051
-3.34066
-3.3405
-3.34081
-3.34081
-3.34066
-3.3405
-3.3402
-3.34005
-3.34005
-3.33975
-3.3396
-3.3396
-3.3393
-3.33915
-3.33899
-3.33899
-3.339
-3.33869
-3.33854
-3.33839
-3.33824
-3.33854
-3.3387
-3.33855
-3.33855
-3.33855
-3.339
-3.339
-3.3393
-3.33945
-3.3393
-3.33915
-3.3393
-3.33931
-3.33931
-3.33931
-3.33946
-3.33916
-3.33931
-3.33961
-3.33931
-3.33931
-3.33946
-3.33976
-3.33961
-3.33976
-3.33946
-3.33961
-3.33946
-3.33931
-3.33886
-3.3387
-3.33901
-3.33886
-3.3387
-3.33886
-3.33886
-3.33886
-3.3387
-3.3387
-3.3387
-3.33825
-3.33855
-3.33886
-3.33901
-3.33886
-3.33885
-3.33901
-3.33885
-3.33855
-3.33855
-3.33916
-3.33916
-3.339
-3.339
-3.339
-3.339
-3.33885
-3.33855
-3.3384
-3.3384
-3.33825
-3.33809
-3.33824
-3.33824
-3.33809
-3.33809
-3.33839
-3.33824
-3.33809
-3.33794
-3.33809
-3.33794
-3.33794
-3.33794
-3.33794
-3.33794
-3.33794
-3.33763
-3.33748
-3.33763
-3.33763
-3.33748
-3.33733
-3.33763
-3.33733
-3.33733
-3.33748
-3.33733
-3.33718
-3.33703
-3.33703
-3.33718
-3.33718
-3.33733
-3.33733
-3.33748
-3.33733
-3.33733
-3.33733
-3.33718
-3.33703
-3.33703
-3.33688
-3.33688
-3.33673
-3.33703
-3.33688
-3.33703
-3.33703
-3.33718
-3.33733
-3.33718
-3.33748
-3.33748
-3.33779
-3.33794
-3.33809
-3.33794
-3.33779
-3.33824
-3.33824
-3.33779
-3.33779
-3.33809
-3.33854
-3.33854
-3.33839
-3.33839
-3.33839
-3.3387
-3.33855
-3.339
-3.339
-3.339
-3.339
-3.33915
-3.33915
-3.33885
-3.33885
-3.3387
-3.3384
-3.3387
-3.339
-3.33885
-3.3387
-3.3387
-3.3387
-3.3387
-3.33825
-3.3384
-3.33825
-3.3384
-3.3381
-3.3381
-3.3381
-3.33825
-3.33825
-3.3387
-3.3387
-3.33855
-3.3387
-3.3387
-3.3387
-3.3387
-3.3387
-3.3387
-3.3384
-3.33885
-3.33885
-3.3387
-3.33885
-3.339
-3.3387
-3.33855
-3.3387
-3.3387
-3.33825
-3.3381
-3.33795
-3.33779
-3.33779
-3.33794
-3.33779
-3.33794
-3.3381
-3.33794
-3.3381
-3.33809
-3.33794
-3.33825
-3.33794
-3.33779
-3.33779
-3.33779
-3.33779
-3.33734
-3.33734
-3.33734
-3.33719
-3.33749
-3.33749
-3.33764
-3.33734
-3.33749
-3.33749
-3.33794
-3.33794
-3.33824
-3.33885
-3.339
-3.339
-3.33885
-3.3387
-3.3387
-3.3387
-3.33855
-3.33824
-3.33809
-3.33809
-3.33794
-3.33794
-3.33824
-3.33809
-3.33809
-3.33809
-3.33809
-3.33809
-3.33809
-3.33809
-3.33809
-3.33779
-3.33764
-3.33779
-3.33794
-3.33794
-3.33824
-3.33824
-3.33824
-3.33809
-3.33779
-3.33794
-3.33794
-3.3384
-3.33824
-3.3384
-3.33779
-3.33764
-3.33764
-3.33764
-3.33749
-3.33764
-3.33809
-3.33794
-3.33809
-3.33809
-3.33809
-3.33824
-3.33824
-3.3384
-3.33855
-3.33855
-3.3387
-3.3387
-3.33915
-3.339
-3.33915
-3.3393
-3.33915
-3.33945
-3.33945
-3.3393
-3.3393
-3.33945
-3.33991
-3.34006
-3.34036
-3.34021
-3.33991
-3.33991
-3.33991
-3.33976
-3.34006
-3.34021
-3.34036
-3.34021
-3.34021
-3.34051
-3.34066
-3.34036
-3.33961
-3.33961
-3.33946
-3.33961
-3.33991
-3.33976
-3.33945
-3.33945
-3.3393
-3.33915
-3.33961
-3.33946
-3.33946
-3.33946
-3.33976
-3.33945
-3.33945
-3.33915
-3.3393
-3.33945
-3.33976
-3.33976
-3.33945
-3.33961
-3.3393
-3.3393
-3.3393
-3.3393
-3.3393
-3.33945
-3.33961
-3.33961
-3.3393
-3.3393
-3.33885
-3.33915
-3.339
-3.339
-3.3393
-3.3396
-3.33945
-3.3393
-3.3393
-3.33945
-3.33975
-3.3396
-3.3396
-3.3396
-3.33975
-3.3399
-3.3396
-3.33975
-3.3393
-3.3393
-3.3393
-3.33915
-3.33884
-3.339
-3.33915
-3.3393
-3.3393
-3.33915
-3.339
-3.339
-3.33885
-3.33869
-3.33869
-3.33869
-3.33885
-3.33915
-3.339
-3.33915
-3.339
-3.33915
-3.339
-3.33885
-3.33854
-3.33824
-3.33809
-3.33809
-3.33824
-3.33809
-3.33855
-3.33839
-3.3387
-3.339
-3.33885
-3.33839
-3.3387
-3.33885
-3.3387
-3.339
-3.339
-3.33915
-3.3393
-3.3393
-3.3396
-3.3393
-3.33945
-3.3393
-3.33945
-3.33945
-3.33975
-3.33991
-3.34006
-3.34036
-3.34036
-3.3399
-3.3399
-3.3399
-3.34036
-3.34051
-3.34021
-3.34051
-3.34081
-3.34081
-3.34096
-3.34096
-3.34096
-3.34096
-3.34096
-3.34111
-3.34126
-3.34126
-3.34111
-3.34081
-3.34081
-3.34081
-3.34096
-3.34096
-3.34081
-3.34051
-3.34051
-3.34051
-3.3402
-3.34005
-3.34005
-3.33975
-3.3396
-3.33975
-3.3399
-3.3396
-3.3396
-3.3393
-3.33945
-3.33945
-3.3396
-3.3399
-3.3399
-3.3399
-3.33975
-3.3396
-3.33975
-3.33975
-3.3399
-3.3399
-3.33945
-3.33975
-3.3399
-3.34005
-3.33975
-3.33975
-3.33975
-3.33975
-3.3399
-3.34005
-3.34021
-3.34036
-3.34021
-3.34021
-3.3396
-3.33991
-3.33975
-3.33975
-3.34006
-3.33975
-3.33945
-3.3393
-3.3393
-3.3393
-3.33915
-3.339
-3.33961
-3.33976
-3.33961
-3.33915
-3.33915
-3.339
-3.339
-3.339
-3.3387
-3.33855
-3.339
-3.33945
-3.33991
-3.34006
-3.33976
-3.33991
-3.34006
-3.34006
-3.33991
-3.34006
-3.34021
-3.33976
-3.34006
-3.34021
-3.34036
-3.34006
-3.34021
-3.34021
-3.34036
-3.34051
-3.34051
-3.34051
-3.34081
-3.34081
-3.34112
-3.34127
-3.34127
-3.34142
-3.34142
-3.34142
-3.34187
-3.34217
-3.34172
-3.34187
-3.34202
-3.34202
-3.34187
-3.34187
-3.34202
-3.34187
-3.34202
-3.34187
-3.34187
-3.34187
-3.34187
-3.34187
-3.34156
-3.34171
-3.34156
-3.34156
-3.34156
-3.34156
-3.34171
-3.34186
-3.34186
-3.34186
-3.34156
-3.34171
-3.34171
-3.34171
-3.34171
-3.34156
-3.34201
-3.34186
-3.34186
-3.34186
-3.34186
-3.34186
-3.34171
-3.34171
-3.34171
-3.34186
-3.34141
-3.34156
-3.34171
-3.34156
-3.34156
-3.34171
-3.34156
-3.34141
-3.34141
-3.34126
-3.34141
-3.34126
-3.34126
-3.34111
-3.34111
-3.34081
-3.34036
-3.34036
-3.34005
-3.3399
-3.3399
-3.33975
-3.33975
-3.3399
-3.3399
-3.34006
-3.34021
-3.34021
-3.34066
-3.34081
-3.34081
-3.34081
-3.34081
-3.34081
-3.34066
-3.34051
-3.34081
-3.34112
-3.34142
-3.34202
-3.34187
-3.34187
-3.34202
-3.34172
-3.34172
-3.34157
-3.34172
-3.34157
-3.34127
-3.34142
-3.34142
-3.34126
-3.34126
-3.34126
-3.34111
-3.34126
-3.34126
-3.34111
-3.34096
-3.34141
-3.34141
-3.34141
-3.34096
-3.34036
-3.3402
-3.3402
-3.3402
-3.34005
-3.3399
-3.3402
-3.34005
-3.34005
-3.34005
-3.34005
-3.3399
-3.33975
-3.3396
-3.33975
-3.34005
-3.3402
-3.34005
-3.34005
-3.34005
-3.3399
-3.3396
-3.3396
-3.3396
-3.33945
-3.3396
-3.3399
-3.3399
-3.33975
-3.33975
-3.33945
-3.3393
-3.3393
-3.3393
-3.33915
-3.33915
-3.33899
-3.33884
-3.33869
-3.33884
-3.33884
-3.33869
-3.33869
-3.33869
-3.33899
-3.33869
-3.33884
-3.33884
-3.33869
-3.33854
-3.33884
-3.33869
-3.33854
-3.33839
-3.33824
-3.33839
-3.33824
-3.33854
-3.33824
-3.33809
-3.33779
-3.33779
-3.33779
-3.33779
-3.33764
-3.33779
-3.33824
-3.33809
-3.33779
-3.33779
-3.33794
-3.33809
-3.33824
-3.33794
-3.33794
-3.33794
-3.33809
-3.33794
-3.33809
-3.33839
-3.33854
-3.33809
-3.33824
-3.33855
-3.33855
-3.33855
-3.33839
-3.33824
-3.33809
-3.33794
-3.33794
-3.33794
-3.33809
-3.33794
-3.33764
-3.33764
-3.33779
-3.33734
-3.33719
-3.33719
-3.33734
-3.33673
-3.33673
-3.33673
-3.33673
-3.33673
-3.33643
-3.33658
-3.33658
-3.33673
-3.33673
-3.33658
-3.33643
-3.33658
-3.33688
-3.33734
-3.33764
-3.33749
-3.33764
-3.33764
-3.33764
-3.33734
-3.33779
-3.33809
-3.33779
-3.33779
-3.33794
-3.33825
-3.33825
-3.3384
-3.33855
-3.3384
-3.3384
-3.33825
-3.3384
-3.33885
-3.339
-3.33915
-3.3393
-3.33915
-3.33855
-3.33855
-3.3387
-3.3387
-3.33855
-3.3384
-3.33825
-3.33825
-3.33825
-3.33794
-3.33794
-3.33779
-3.33764
-3.33764
-3.33764
-3.33764
-3.33734
-3.33764
-3.33794
-3.33779
-3.33779
-3.33779
-3.33779
-3.33779
-3.33779
-3.33794
-3.33794
-3.33794
-3.33779
-3.33824
-3.3384
-3.33885
-3.3387
-3.3384
-3.33809
-3.33794
-3.33779
-3.33764
-3.33779
-3.33734
-3.33719
-3.33688
-3.33718
-3.33734
-3.33734
-3.33734
-3.33703
-3.33688
-3.33688
-3.33688
-3.33688
-3.33688
-3.33733
-3.33733
-3.33748
-3.33763
-3.33763
-3.33824
-3.33824
-3.33794
-3.33809
-3.33778
-3.33748
-3.33718
-3.33657
-3.33657
-3.33657
-3.33642
-3.33612
-3.33642
-3.33612
-3.33612
-3.33597
-3.33612
-3.33627
-3.33658
-3.33642
-3.33612
-3.33612
-3.33597
-3.33643
-3.33658
-3.33673
-3.33673
-3.33673
-3.33703
-3.33733
-3.33734
-3.33734
-3.33734
-3.33734
-3.33734
-3.33734
-3.33779
-3.33764
-3.33764
-3.33764
-3.33749
-3.33734
-3.33764
-3.33779
-3.33779
-3.33779
-3.33764
-3.33764
-3.33794
-3.33764
-3.33764
-3.33794
-3.33794
-3.33794
-3.33794
-3.33764
-3.33749
-3.33749
-3.33719
-3.33704
-3.33719
-3.33719
-3.33749
-3.33764
-3.33809
-3.33794
-3.33749
-3.33824
-3.33809
-3.33824
-3.33794
-3.33794
-3.33779
-3.33779
-3.33794
-3.33764
-3.33749
-3.33734
-3.33749
-3.33749
-3.33764
-3.33779
-3.33779
-3.33794
-3.33794
-3.33779
-3.33734
-3.33749
-3.33749
-3.33688
-3.33673
-3.33643
-3.33613
-3.33597
-3.33552
-3.33537
-3.33552
-3.33552
-3.33567
-3.33582
-3.33582
-3.33567
-3.33613
-3.33613
-3.33628
-3.33643
-3.33643
-3.33628
-3.33643
-3.33628
-3.33643
-3.33643
-3.33658
-3.33628
-3.33628
-3.33582
-3.33582
-3.33613
-3.33613
-3.33613
-3.33628
-3.33658
-3.33673
-3.33673
-3.33613
-3.33598
-3.33598
-3.33567
-3.33567
-3.33582
-3.33582
-3.33582
-3.33567
-3.33582
-3.33567
-3.33552
-3.33552
-3.33582
-3.33552
-3.33567
-3.33567
-3.33552
-3.33582
-3.33582
-3.33582
-3.33582
-3.33582
-3.33582
-3.33552
-3.33552
-3.33552
-3.33552
-3.33567
-3.33522
-3.33492
-3.33492
-3.33461
-3.33461
-3.33507
-3.33537
-3.33537
-3.33537
-3.33537
-3.33522
-3.33522
-3.33492
-3.33492
-3.33477
-3.33477
-3.33477
-3.33477
-3.33492
-3.33477
-3.33477
-3.33492
-3.33492
-3.33461
-3.33401
-3.33371
-3.33371
-3.33431
-3.33431
-3.33431
-3.33416
-3.33401
-3.33416
-3.33492
-3.33477
-3.33477
-3.33477
-3.33461
-3.33477
-3.33477
-3.33492
-3.33507
-3.33522
-3.33552
-3.33537
-3.33507
-3.33492
-3.33537
-3.33567
-3.33597
-3.33597
-3.33582
-3.33567
-3.33567
-3.33582
-3.33582
-3.33597
-3.33597
-3.33628
-3.33613
-3.33598
-3.33613
-3.33613
-3.33628
-3.33643
-3.33613
-3.33613
-3.33628
-3.33658
-3.33673
-3.33673
-3.33673
-3.33643
-3.33658
-3.33643
-3.33643
-3.33613
-3.33613
-3.33613
-3.33598
-3.33598
-3.33613
-3.33613
-3.33598
-3.33598
-3.33598
-3.33613
-3.33613
-3.33598
-3.33628
-3.33673
-3.33658
-3.33688
-3.33688
-3.33688
-3.33734
-3.33719
-3.33688
-3.33673
-3.33704
-3.33734
-3.33734
-3.33749
-3.33764
-3.33764
-3.33764
-3.33779
-3.33779
-3.33764
-3.33749
-3.33719
-3.33734
-3.33719
-3.33704
-3.33719
-3.33734
-3.33704
-3.33688
-3.33658
-3.33673
-3.33658
-3.33673
-3.33673
-3.33673
-3.33658
-3.33673
-3.33704
-3.33704
-3.33704
-3.33719
-3.33719
-3.33719
-3.33689
-3.33704
-3.33689
-3.33658
-3.33673
-3.33673
-3.33673
-3.33689
-3.33704
-3.33673
-3.33689
-3.33689
-3.33673
-3.33673
-3.33673
-3.33704
-3.33704
-3.33719
-3.33719
-3.33734
-3.33719
-3.33719
-3.33749
-3.33764
-3.33764
-3.33734
-3.33734
-3.33734
-3.33749
-3.33719
-3.33719
-3.33734
-3.33734
-3.33749
-3.33749
-3.33749
-3.33779
-3.33764
-3.33719
-3.33719
-3.33719
-3.33719
-3.33719
-3.33673
-3.33688
-3.33719
-3.33719
-3.33719
-3.33719
-3.33718
-3.33688
-3.33673
-3.33658
-3.33658
-3.33658
-3.33658
-3.33673
-3.33673
-3.33673
-3.33703
-3.33688
-3.33688
-3.33718
-3.33733
-3.33733
-3.33718
-3.33718
-3.33688
-3.33703
-3.33703
-3.33658
-3.33642
-3.33597
-3.33597
-3.33642
-3.33642
-3.33612
-3.33612
-3.33612
-3.33642
-3.33673
-3.33688
-3.33718
-3.33733
-3.33718
-3.33703
-3.33733
-3.33718
