1.10073
1.10224
1.10372
1.10519
1.10664
1.10807
1.10947
1.11084
1.11218
1.11349
1.11477
1.11601
1.11721
1.11837
1.11948
1.12055
1.12157
1.12254
1.12346
1.12433
1.12514
1.1259
1.1266
1.12724
1.12782
1.12834
1.1288
1.1292
1.12954
1.12981
1.13003
1.13019
1.13029
1.13032
1.1303
1.13022
1.13009
1.1299
1.12966
1.12936
1.12902
1.12862
1.12818
1.1277
1.12717
1.1266
1.126
1.12536
1.12468
1.12398
1.12325
1.1225
1.12172
1.12092
1.12011
1.11928
1.11844
1.11759
1.11673
1.11587
1.115
1.11414
1.11327
1.11241
1.11156
1.11071
1.10987
1.10904
1.10822
1.10742
1.10663
1.10586
1.1051
1.10436
1.10364
1.10294
1.10226
1.1016
1.10096
1.10034
1.09974
1.09916
1.09861
1.09807
1.09756
1.09707
1.09661
1.09616
1.09574
1.09535
1.09497
1.09462
1.09429
1.09399
1.0937
1.09345
1.09321
1.093
1.09282
1.09266
1.09252
1.09241
1.09233
1.09227
1.09224
1.09224
1.09226
1.09232
1.0924
1.09251
1.09266
1.09283
1.09304
1.09327
1.09354
1.09385
1.09418
1.09456
1.09496
1.09541
1.09588
1.0964
1.09695
1.09753
1.09815
1.09881
1.0995
1.10023
1.10099
1.10179
1.10262
1.10349
1.10438
1.10531
1.10627
1.10726
1.10827
1.10931
1.11037
1.11146
1.11256
1.11368
1.11482
1.11596
1.11712
1.11828
1.11945
1.12062
1.12178
1.12294
1.12409
1.12523
1.12635
1.12745
1.12853
1.12958
1.13061
1.1316
1.13255
1.13346
1.13433
1.13515
1.13593
1.13664
1.1373
1.13791
1.13845
1.13892
1.13933
1.13966
1.13993
1.14011
1.14023
1.14026
1.14021
1.14008
1.13987
1.13958
1.1392
1.13874
1.13819
1.13756
1.13684
1.13604
1.13515
1.13419
1.13314
1.13202
1.13081
1.12953
1.12818
1.12675
1.12526
1.1237
1.12208
1.1204
1.11866
1.11687
1.11503
1.11315
1.11122
1.10926
1.10727
1.10524
1.1032
1.10113
1.09906
1.09697
1.09488
1.09279
1.0907
1.08863
1.08657
1.08452
1.08251
1.08051
1.07855
1.07663
1.07475
1.0729
1.07111
1.06936
1.06767
1.06604
1.06446
1.06294
1.06149
1.0601
1.05878
1.05752
1.05633
1.05522
1.05417
1.05319
1.05228
1.05144
1.05067
1.04997
1.04934
1.04877
1.04827
1.04783
1.04745
1.04714
1.04688
1.04668
1.04653
1.04643
1.04639
1.04639
1.04644
1.04653
1.04667
1.04684
1.04705
1.0473
1.04758
1.04788
1.04822
1.04859
1.04897
1.04939
1.04982
1.05027
1.05074
1.05123
1.05173
1.05224
1.05276
1.0533
1.05384
1.05439
1.05495
1.05551
1.05608
1.05665
1.05721
1.05778
1.05835
1.05891
1.05947
1.06003
1.06058
1.06112
1.06165
1.06218
1.06269
1.06319
1.06368
1.06416
1.06462
1.06506
1.06549
1.0659
1.06629
1.06666
1.06701
1.06734
1.06765
1.06794
1.0682
1.06843
1.06864
1.06882
1.06898
1.06911
1.06921
1.06928
1.06932
1.06933
1.06931
1.06926
1.06918
1.06907
1.06893
1.06875
1.06854
1.0683
1.06803
1.06773
1.06739
1.06702
1.06663
1.06619
1.06573
1.06524
1.06472
1.06417
1.06359
1.06298
1.06234
1.06167
1.06098
1.06026
1.05952
1.05875
1.05796
1.05714
1.0563
1.05544
1.05456
1.05366
1.05274
1.0518
1.05085
1.04989
1.04891
1.04791
1.04691
1.0459
1.04488
1.04385
1.04282
1.04179
1.04075
1.03971
1.03867
1.03764
1.0366
1.03558
1.03456
1.03355
1.03256
1.03158
1.03061
1.02966
1.02872
1.02781
1.02691
1.02605
1.0252
1.02438
1.02359
1.02283
1.0221
1.02141
1.02075
1.02012
1.01953
1.01898
1.01848
1.01801
1.01758
1.0172
1.01687
1.01658
1.01634
1.01615
1.01601
1.01593
1.01589
1.01592
1.01599
1.01613
1.01632
1.01657
1.01688
1.01725
1.01767
1.01816
1.01871
1.01932
1.01998
1.02071
1.0215
1.02234
1.02324
1.0242
1.02521
1.02627
1.02738
1.02854
1.02974
1.03098
1.03226
1.03358
1.03493
1.0363
1.0377
1.03912
1.04055
1.042
1.04345
1.0449
1.04635
1.0478
1.04923
1.05065
1.05205
1.05343
1.05478
1.0561
1.05739
1.05864
1.05986
1.06103
1.06216
1.06324
1.06427
1.06526
1.06619
1.06707
1.0679
1.06868
1.06941
1.07008
1.0707
1.07126
1.07178
1.07224
1.07265
1.07302
1.07334
1.07362
1.07385
1.07405
1.0742
1.07432
1.07441
1.07446
1.07449
1.0745
1.07448
1.07445
1.0744
1.07433
1.07426
1.07419
1.07411
1.07404
1.07397
1.07391
1.07386
1.07382
1.07381
1.07381
1.07384
1.0739
1.07399
1.07412
1.07428
1.07448
1.07472
1.075
1.07534
1.07572
1.07616
1.07665
1.07719
1.07779
1.07845
1.07917
1.07995
1.08079
1.0817
1.08267
1.0837
1.08479
1.08595
1.08717
1.08846
1.08981
1.09122
1.0927
1.09424
1.09583
1.09749
1.0992
1.10097
1.1028
1.10468
1.10661
1.10859
1.11062
1.1127
1.11482
1.11698
1.11918
1.12142
1.1237
1.12601
1.12836
1.13073
1.13313
1.13556
1.13801
1.14048
1.14296
1.14547
1.14799
1.15052
1.15305
1.1556
1.15815
1.16071
1.16327
1.16582
1.16837
1.17092
1.17346
1.17599
1.17851
1.18102
1.18351
1.18599
1.18845
1.19089
1.1933
1.1957
1.19806
1.2004
1.20271
1.20498
1.20723
1.20943
1.21161
1.21374
1.21583
1.21788
1.21989
1.22185
1.22376
1.22562
1.22743
1.22919
1.23089
1.23253
1.23411
1.23564
1.23709
1.23849
1.23981
1.24107
1.24226
1.24337
1.24441
1.24537
1.24625
1.24706
1.24778
1.24842
1.24897
1.24943
1.24981
1.2501
1.2503
1.2504
1.25041
1.25032
1.25014
1.24986
1.24948
1.24901
1.24843
1.24776
1.24698
1.24611
1.24513
1.24406
1.24288
1.2416
1.24023
1.23875
1.23718
1.23551
1.23374
1.23188
1.22993
1.22789
1.22575
1.22353
1.22123
1.21884
1.21636
1.21381
1.21119
1.20849
1.20571
1.20288
1.19997
1.19701
1.19399
1.19092
1.18779
1.18462
1.1814
1.17814
1.17485
1.17153
1.16818
1.1648
1.16141
1.15799
1.15457
1.15113
1.14769
1.14425
1.14082
1.13739
1.13397
1.13057
1.12718
1.12382
1.12048
1.11718
1.11391
1.11067
1.10748
1.10433
1.10123
1.09819
1.09519
1.09226
1.08939
1.08659
1.08385
1.08119
1.0786
1.07609
1.07367
1.07132
1.06907
1.06691
1.06483
1.06286
1.06098
1.0592
1.05752
1.05594
1.05447
1.05311
1.05185
1.0507
1.04966
1.04873
1.0479
1.04719
1.04658
1.04608
1.04569
1.04541
1.04523
1.04515
1.04517
1.0453
1.04552
1.04583
1.04624
1.04674
1.04732
1.04799
1.04873
1.04956
1.05046
1.05142
1.05246
1.05355
1.05471
1.05592
1.05718
1.05849
1.05984
1.06124
1.06267
1.06414
1.06563
1.06716
1.0687
1.07027
1.07185
1.07344
1.07505
1.07667
1.07829
1.07991
1.08154
1.08316
1.08478
1.08639
1.08799
1.08959
1.09117
1.09274
1.09429
1.09583
1.09735
1.09886
1.10034
1.10181
1.10325
1.10467
1.10607
1.10745
1.10881
1.11014
1.11145
1.11274
1.114
1.11524
1.11646
1.11766
1.11883
1.11998
1.12112
1.12223
1.12332
1.1244
1.12545
1.12649
1.12751
1.12852
1.12951
1.13049
1.13145
1.1324
1.13334
1.13427
1.13519
1.1361
1.137
1.13789
1.13878
1.13966
1.14053
1.14141
1.14227
1.14314
1.144
1.14486
1.14571
1.14657
1.14742
1.14828
1.14913
1.14999
1.15084
1.15169
1.15255
1.15341
1.15427
1.15513
1.15599
1.15685
1.15772
1.15858
1.15945
1.16032
1.1612
1.16207
1.16295
1.16383
1.16471
1.16559
1.16647
1.16736
1.16824
1.16913
1.17002
1.1709
1.17179
1.17268
1.17358
1.17447
1.17536
1.17625
1.17714
1.17803
1.17892
1.17981
1.1807
1.18159
1.18248
1.18337
1.18426
1.18514
1.18603
1.18691
1.18778
1.18866
1.18953
1.19039
1.19126
1.19211
1.19297
1.19381
1.19466
1.19549
1.19632
1.19714
1.19795
1.19876
1.19955
1.20034
1.20111
1.20188
1.20263
1.20336
1.20409
1.20479
1.20548
1.20615
1.20681
1.20744
1.20806
1.20865
1.20922
1.20976
1.21028
1.21078
1.21124
1.21168
1.21209
1.21246
1.2128
1.21311
1.21337
1.21361
1.2138
1.21395
1.21406
1.21413
1.21415
1.21413
1.21406
1.21394
1.21377
1.21355
1.21328
1.21296
1.21258
1.21215
1.21167
1.21113
1.21053
1.20987
1.20916
1.20839
1.20756
1.20668
1.20573
1.20473
1.20367
1.20255
1.20138
1.20015
1.19886
1.19752
1.19612
1.19467
1.19317
1.19161
1.19001
1.18835
1.18665
1.18491
1.18312
1.18128
1.17941
1.1775
1.17555
1.17357
1.17155
1.16951
1.16744
1.16534
1.16322
1.16107
1.15891
1.15673
1.15454
1.15234
1.15012
1.1479
1.14567
1.14345
1.14122
1.13899
1.13676
1.13454
1.13233
1.13012
1.12793
1.12575
1.12359
1.12144
1.11931
1.11719
1.1151
1.11303
1.11098
1.10896
1.10697
1.105
1.10306
1.10114
1.09926
1.0974
1.09558
1.09379
1.09203
1.09031
1.08862
1.08697
1.08535
1.08376
1.08222
1.08071
1.07923
1.0778
1.0764
1.07505
1.07373
1.07245
1.07121
1.07002
1.06886
1.06775
1.06667
1.06564
1.06465
1.0637
1.0628
1.06193
1.06111
1.06033
1.05959
1.0589
1.05825
1.05764
1.05707
1.05655
1.05606
1.05562
1.05523
1.05487
1.05455
1.05428
1.05405
1.05385
1.0537
1.05359
1.05351
1.05348
1.05348
1.05352
1.0536
1.05371
1.05386
1.05405
1.05427
1.05452
1.05481
1.05513
1.05548
1.05586
1.05627
1.05671
1.05718
1.05768
1.0582
1.05875
1.05933
1.05992
1.06054
1.06118
1.06185
1.06253
1.06322
1.06394
1.06467
1.06541
1.06617
1.06693
1.06771
1.0685
1.06929
1.07009
1.0709
1.0717
1.07251
1.07332
1.07413
1.07494
1.07574
1.07653
1.07732
1.0781
1.07887
1.07963
1.08038
1.08111
1.08183
1.08254
1.08323
1.0839
1.08455
1.08519
1.08581
1.0864
1.08698
1.08754
1.08808
1.0886
1.0891
1.08958
1.09004
1.09049
1.09091
1.09132
1.09172
1.0921
1.09247
1.09282
1.09317
1.0935
1.09383
1.09415
1.09447
1.09479
1.09511
1.09543
1.09575
1.09608
1.09642
1.09677
1.09713
1.0975
1.09789
1.0983
1.09874
1.09919
1.09967
1.10017
1.10071
1.10127
1.10186
1.10249
1.10314
1.10383
1.10456
1.10532
1.10612
1.10695
1.10782
1.10873
1.10968
1.11066
1.11168
1.11274
1.11383
1.11496
1.11612
1.11732
1.11855
1.11981
1.1211
1.12242
1.12377
1.12515
1.12655
1.12798
1.12943
1.13089
1.13238
1.13388
1.1354
1.13694
1.13848
1.14004
1.1416
1.14317
1.14475
1.14633
1.14792
1.1495
1.15109
1.15267
1.15425
1.15583
1.1574
1.15896
1.16052
1.16207
1.1636
1.16513
1.16665
1.16815
1.16964
1.17112
1.17259
1.17403
1.17547
1.17689
1.1783
1.17969
1.18106
1.18242
1.18376
1.18508
1.18639
1.18768
1.18896
1.19022
1.19147
1.1927
1.19391
1.19512
1.1963
1.19748
1.19864
1.19978
1.20092
1.20204
1.20315
1.20425
1.20533
1.2064
1.20746
1.20851
1.20955
1.21057
1.21158
1.21258
1.21357
1.21454
1.2155
1.21644
1.21737
1.21828
1.21918
1.22005
1.22091
1.22174
1.22255
1.22333
1.22409
1.22483
1.22553
1.2262
1.22684
1.22745
1.22802
1.22856
1.22905
1.2295
1.22991
1.23027
1.23059
1.23086
1.23108
1.23124
1.23136
1.23141
1.23142
1.23136
1.23125
1.23108
1.23084
1.23055
1.23019
1.22977
1.22929
1.22874
1.22814
1.22746
1.22673
1.22593
1.22507
1.22414
1.22315
1.2221
1.22099
1.21983
1.2186
1.21732
1.21598
1.21459
1.21314
1.21165
1.2101
1.20851
1.20687
1.20519
1.20346
1.2017
1.1999
1.19806
1.19619
1.19429
1.19236
1.1904
1.18842
1.18642
1.1844
1.18235
1.1803
1.17823
1.17615
1.17406
1.17197
1.16987
1.16777
1.16568
1.16358
1.16149
1.15941
1.15733
1.15527
1.15322
1.15119
1.14917
1.14717
1.14519
1.14324
1.1413
1.1394
1.13752
1.13567
1.13385
1.13206
1.1303
1.12858
1.1269
1.12525
1.12364
1.12207
1.12054
1.11904
1.11759
1.11618
1.11481
1.11349
1.11221
1.11097
1.10977
1.10862
1.10751
1.10645
1.10543
1.10446
1.10353
1.10265
1.10181
1.10102
1.10026
1.09956
1.09889
1.09827
1.09769
1.09715
1.09665
1.0962
1.09578
1.0954
1.09507
1.09477
1.09451
1.09428
1.0941
1.09395
1.09383
1.09375
1.09371
1.0937
1.09372
1.09377
1.09386
1.09398
1.09414
1.09432
1.09453
1.09477
1.09504
1.09534
1.09567
1.09603
1.09641
1.09682
1.09725
1.09771
1.09819
1.09869
1.09922
1.09976
1.10033
1.10092
1.10152
1.10214
1.10278
1.10344
1.10411
1.10479
1.10548
1.10619
1.1069
1.10763
1.10836
1.1091
1.10984
1.11058
1.11133
1.11208
1.11282
1.11357
1.11431
1.11505
1.11578
1.1165
1.11722
1.11793
1.11862
1.11931
1.11998
1.12064
1.12128
1.12191
1.12252
1.12311
1.12368
1.12423
1.12477
1.12528
1.12577
1.12624
1.12669
1.12712
1.12752
1.1279
1.12825
1.12859
1.1289
1.12918
1.12945
1.12968
1.1299
1.13009
1.13026
1.13041
1.13054
1.13064
1.13072
1.13078
1.13082
1.13084
1.13084
1.13082
1.13078
1.13072
1.13064
1.13055
1.13044
1.13031
1.13017
1.13001
1.12983
1.12964
1.12943
1.12921
1.12898
1.12873
1.12846
1.12819
1.1279
1.12759
1.12728
1.12695
1.12661
1.12626
1.1259
1.12552
1.12514
1.12474
1.12433
1.12391
1.12348
1.12304
1.1226
1.12214
1.12167
1.12119
1.1207
1.1202
1.11969
1.11917
1.11865
1.11812
1.11758
1.11703
1.11648
1.11592
1.11535
1.11478
1.1142
1.11362
1.11304
1.11245
1.11186
1.11127
1.11068
1.11009
1.10949
1.1089
1.10831
1.10772
1.10714
1.10655
1.10597
1.10539
1.10482
1.10426
1.10369
1.10314
1.10259
1.10205
1.10152
1.101
1.10049
1.09998
1.09949
1.099
1.09853
1.09806
1.09761
1.09717
1.09674
1.09632
1.09591
1.09551
1.09513
1.09475
1.09439
1.09404
1.0937
1.09337
1.09305
1.09274
1.09244
1.09216
1.09188
1.09161
1.09136
1.09111
1.09087
1.09065
1.09043
1.09022
1.09002
1.08983
1.08964
1.08947
1.0893
1.08914
1.08899
1.08884
1.0887
1.08856
1.08844
1.08831
1.0882
1.08809
1.08798
1.08788
1.08779
1.0877
1.08762
1.08754
1.08746
1.08739
1.08732
1.08726
1.0872
1.08715
1.0871
1.08706
1.08701
1.08698
1.08694
1.08691
1.08689
1.08687
1.08685
1.08683
1.08683
1.08682
1.08682
1.08682
1.08683
1.08684
1.08686
1.08688
1.0869
1.08693
1.08697
1.08701
1.08705
1.0871
1.08715
1.08721
1.08728
1.08734
1.08742
1.0875
1.08759
1.08768
1.08778
1.08788
1.088
1.08812
1.08825
1.08838
1.08853
1.08868
1.08884
1.08902
1.0892
1.08939
1.0896
1.08982
1.09005
1.09029
1.09055
1.09082
1.09111
1.09141
1.09173
1.09207
1.09242
1.0928
1.09319
1.0936
1.09403
1.09448
1.09495
1.09544
1.09595
1.09649
1.09704
1.09762
1.09822
1.09884
1.09949
1.10015
1.10084
1.10155
1.10227
1.10302
1.10379
1.10457
1.10537
1.10619
1.10703
1.10788
1.10874
1.10962
1.1105
1.1114
1.11231
1.11322
1.11413
1.11506
1.11598
1.1169
1.11783
1.11875
1.11966
1.12057
1.12147
1.12236
1.12324
1.1241
1.12495
1.12579
1.1266
1.12739
1.12817
1.12891
1.12964
1.13033
1.131
1.13164
1.13225
1.13283
1.13338
1.13389
1.13437
1.13482
1.13523
1.1356
1.13593
1.13623
1.13649
1.13671
1.1369
1.13704
1.13715
1.13721
1.13724
1.13723
1.13718
1.13709
1.13697
1.13681
1.13661
1.13638
1.13612
1.13582
1.1355
1.13514
1.13475
1.13433
1.13389
1.13342
1.13293
1.13242
1.13189
1.13133
1.13077
1.13018
1.12959
1.12898
1.12837
1.12775
1.12712
1.1265
1.12587
1.12524
1.12461
1.12399
1.12338
1.12278
1.12218
1.1216
1.12103
1.12047
1.11993
1.11941
1.11891
1.11843
1.11797
1.11753
1.11711
1.11672
1.11636
1.11602
1.11571
1.11543
1.11517
1.11494
1.11474
1.11457
1.11443
1.11431
1.11422
1.11417
1.11414
1.11414
1.11417
1.11423
1.11431
1.11443
1.11457
1.11474
1.11494
1.11517
1.11542
1.1157
1.116
1.11633
1.11669
1.11707
1.11748
1.11791
1.11837
1.11884
1.11934
1.11987
1.12041
1.12098
1.12157
1.12217
1.1228
1.12345
1.12411
1.12479
1.12549
1.1262
1.12693
1.12768
1.12843
1.1292
1.12999
1.13078
1.13158
1.13239
1.13321
1.13404
1.13487
1.13571
1.13655
1.1374
1.13824
1.13909
1.13994
1.14078
1.14163
1.14247
1.1433
1.14413
1.14496
1.14577
1.14658
1.14738
1.14817
1.14895
1.14972
1.15047
1.15121
1.15194
1.15265
1.15334
1.15402
1.15468
1.15533
1.15595
1.15655
1.15714
1.1577
1.15823
1.15875
1.15923
1.1597
1.16013
1.16054
1.16093
1.16128
1.1616
1.16189
1.16215
1.16238
1.16257
1.16273
1.16286
1.16295
1.163
1.16302
1.163
1.16293
1.16284
1.1627
1.16252
1.1623
1.16204
1.16174
1.16139
1.16101
1.16058
1.16011
1.15959
1.15904
1.15844
1.1578
1.15712
1.1564
1.15563
1.15483
1.15399
1.1531
1.15219
1.15123
1.15024
1.14921
1.14815
1.14706
1.14594
1.14479
1.14361
1.14241
1.14118
1.13992
1.13865
1.13735
1.13604
1.13472
1.13338
1.13202
1.13066
1.12929
1.12791
1.12653
1.12514
1.12375
1.12236
1.12098
1.11959
1.11821
1.11684
1.11548
1.11412
1.11277
1.11144
1.11011
1.10881
1.10751
1.10623
1.10497
1.10372
1.10249
1.10128
1.10009
1.09892
1.09776
1.09663
1.09552
1.09442
1.09335
1.0923
1.09128
1.09027
1.08929
1.08832
1.08739
1.08647
1.08557
1.0847
1.08385
1.08303
1.08223
1.08145
1.0807
1.07997
1.07926
1.07858
1.07792
1.07729
1.07669
1.07611
1.07556
1.07504
1.07454
1.07408
1.07364
1.07323
1.07285
1.0725
1.07219
1.0719
1.07165
1.07143
1.07124
1.07108
1.07096
1.07088
1.07083
1.07081
1.07084
1.07089
1.07099
1.07112
1.07129
1.0715
1.07174
1.07203
1.07235
1.07271
1.07311
1.07354
1.07402
1.07453
1.07508
1.07567
1.0763
1.07697
1.07767
1.07841
1.07919
1.08
1.08085
1.08173
1.08265
1.0836
1.08459
1.08561
1.08666
1.08774
1.08885
1.08999
1.09116
1.09235
1.09357
1.09482
1.09609
1.09738
1.09869
1.10002
1.10137
1.10273
1.10411
1.1055
1.1069
1.1083
1.10972
1.11113
1.11255
1.11397
1.11539
1.11681
1.11821
1.11961
1.121
1.12238
1.12374
1.12508
1.1264
1.1277
1.12897
1.13021
1.13143
1.13261
1.13377
1.13488
1.13596
1.13699
1.13799
1.13894
1.13985
1.1407
1.14152
1.14228
1.14299
1.14366
1.14427
1.14482
1.14533
1.14578
1.14617
1.14651
1.1468
1.14704
1.14722
1.14735
1.14742
1.14744
1.14742
1.14734
1.14721
1.14703
1.14681
1.14654
1.14623
1.14587
1.14547
1.14503
1.14455
1.14403
1.14348
1.14289
1.14227
1.14162
1.14093
1.14022
1.13948
1.13872
1.13793
1.13712
1.13628
1.13543
1.13456
1.13367
1.13276
1.13184
1.1309
1.12994
1.12898
1.128
1.12701
1.12601
1.125
1.12398
1.12295
1.12191
1.12087
1.11981
1.11875
1.11768
1.11661
1.11553
1.11445
1.11336
1.11226
1.11116
1.11005
1.10894
1.10783
1.10671
1.10559
1.10446
1.10334
1.10221
1.10108
1.09995
1.09881
1.09768
1.09655
1.09542
1.09429
1.09316
1.09203
1.09091
1.08979
1.08868
1.08757
1.08648
1.08538
1.0843
1.08323
1.08217
1.08112
1.08008
1.07906
1.07805
1.07706
1.07609
1.07514
1.07422
1.07331
1.07243
1.07157
1.07074
1.06994
1.06917
1.06844
1.06773
1.06706
1.06642
1.06582
1.06526
1.06473
1.06425
1.06381
1.06341
1.06305
1.06274
1.06247
1.06225
1.06207
1.06195
1.06187
1.06184
1.06185
1.06192
1.06204
1.06221
1.06242
1.06269
1.06301
1.06338
1.0638
1.06427
1.06479
1.06537
1.06599
1.06666
1.06738
1.06815
1.06896
1.06983
1.07074
1.0717
1.0727
1.07375
1.07485
1.07598
1.07717
1.07839
1.07966
1.08097
1.08232
1.08371
1.08514
1.0866
1.0881
1.08964
1.09122
1.09282
1.09446
1.09613
1.09783
1.09956
1.10131
1.10309
1.1049
1.10673
1.10857
1.11044
1.11232
1.11422
1.11612
1.11804
1.11997
1.1219
1.12384
1.12578
1.12772
1.12965
1.13158
1.13349
1.1354
1.1373
1.13917
1.14103
1.14287
1.14469
1.14647
1.14823
1.14996
1.15166
1.15332
1.15494
1.15652
1.15806
1.15955
1.161
1.16241
1.16376
1.16506
1.16631
1.16751
1.16865
1.16973
1.17076
1.17173
1.17264
1.17349
1.17428
1.17501
1.17568
1.17628
1.17683
1.17731
1.17774
1.1781
1.17841
1.17865
1.17884
1.17897
1.17905
1.17907
1.17903
1.17895
1.17881
1.17862
1.17838
1.1781
1.17777
1.1774
1.17698
1.17653
1.17604
1.17551
1.17495
1.17435
1.17373
1.17307
1.17239
1.17168
1.17095
1.1702
1.16943
1.16864
1.16784
1.16702
1.16619
1.16534
1.16449
1.16362
1.16275
1.16188
1.161
1.16012
1.15923
1.15835
1.15747
1.15659
1.15571
1.15484
1.15398
1.15312
1.15228
1.15144
1.15062
1.1498
1.14901
1.14823
1.14746
1.14672
1.146
1.14529
1.14461
1.14396
1.14333
1.14273
1.14216
1.14162
1.14112
1.14065
1.14021
1.13981
1.13946
1.13914
1.13886
1.13863
1.13844
1.1383
1.1382
1.13815
1.13815
1.1382
1.13829
1.13843
1.13863
1.13887
1.13916
1.1395
1.13989
1.14032
1.14081
1.14133
1.14191
1.14253
1.14319
1.14389
1.14463
1.14541
1.14623
1.14708
1.14796
1.14888
1.14982
1.15079
1.15179
1.1528
1.15384
1.1549
1.15598
1.15707
1.15817
1.15928
1.1604
1.16152
1.16265
1.16379
1.16492
1.16605
1.16718
1.1683
1.16942
1.17052
1.17162
1.17271
1.17378
1.17483
1.17587
1.17689
1.17789
1.17888
1.17984
1.18077
1.18169
1.18257
1.18343
1.18427
1.18507
1.18584
1.18659
1.1873
1.18798
1.18863
1.18924
1.18982
1.19036
1.19087
1.19134
1.19178
1.19217
1.19254
1.19286
1.19314
1.19339
1.1936
1.19377
1.1939
1.19399
1.19405
1.19406
1.19404
1.19397
1.19387
1.19373
1.19355
1.19333
1.19308
1.19278
1.19245
1.19208
1.19167
1.19123
1.19075
1.19023
1.18968
1.18909
1.18847
1.18782
1.18713
1.1864
1.18564
1.18485
1.18402
1.18316
1.18227
1.18135
1.18039
1.17941
1.17839
1.17734
1.17626
1.17515
1.17401
1.17284
1.17164
1.17041
1.16916
1.16788
1.16657
1.16523
1.16386
1.16247
1.16106
1.15962
1.15815
1.15666
1.15515
1.15361
1.15206
1.15048
1.14888
1.14725
1.14561
1.14395
1.14227
1.14058
1.13886
1.13713
1.13539
1.13362
1.13185
1.13006
1.12826
1.12644
1.12462
1.12279
1.12095
1.1191
1.11725
1.11539
1.11353
1.11166
1.10979
1.10792
1.10605
1.10418
1.10232
1.10045
1.09859
1.09674
1.09489
1.09305
1.09121
1.08939
1.08758
1.08577
1.08398
1.08221
1.08045
1.0787
1.07697
1.07526
1.07356
1.07189
1.07024
1.0686
1.06699
1.06541
1.06385
1.06232
1.06081
1.05933
1.05788
1.05647
1.05508
1.05373
1.05241
1.05112
1.04988
1.04867
1.0475
1.04637
1.04529
1.04425
1.04325
1.0423
1.0414
1.04055
1.03975
1.039
1.0383
1.03766
1.03708
1.03655
1.03609
1.03568
1.03534
1.03506
1.03484
1.03469
1.0346
1.03458
1.03462
1.03474
1.03492
1.03516
1.03548
1.03587
1.03632
1.03684
1.03743
1.03808
1.0388
1.03958
1.04043
1.04134
1.04231
1.04334
1.04442
1.04557
1.04676
1.04802
1.04932
1.05067
1.05206
1.0535
1.05499
1.05651
1.05807
1.05966
1.06128
1.06293
1.06461
1.06631
1.06802
1.06976
1.07151
1.07327
1.07503
1.07681
1.07858
1.08036
1.08213
1.0839
1.08566
1.08741
1.08914
1.09086
1.09257
1.09425
1.09591
1.09754
1.09915
1.10074
1.10229
1.10382
1.10531
1.10677
1.10819
1.10958
1.11093
1.11225
1.11352
1.11476
1.11596
1.11712
1.11824
1.11933
1.12037
1.12137
1.12233
1.12326
1.12414
1.12499
1.1258
1.12658
1.12731
1.12802
1.12868
1.12932
1.12992
1.13049
1.13103
1.13154
1.13202
1.13247
1.1329
1.1333
1.13368
1.13403
1.13437
1.13467
1.13496
1.13523
1.13548
1.13572
1.13593
1.13613
1.13631
1.13648
1.13664
1.13678
1.1369
1.13701
1.13711
1.1372
1.13728
1.13734
1.13739
1.13742
1.13744
1.13745
1.13744
1.13742
1.13738
1.13733
1.13726
1.13717
1.13707
1.13694
1.1368
1.13664
1.13646
1.13626
1.13604
1.13579
1.13552
1.13523
1.13491
1.13458
1.13421
1.13382
1.13341
1.13297
1.13251
1.13202
1.13151
1.13097
1.1304
1.12982
1.1292
1.12857
1.12791
1.12723
1.12653
1.1258
1.12506
1.1243
1.12352
1.12272
1.12191
1.12108
1.12024
1.11939
1.11853
1.11766
1.11678
1.11589
1.11499
1.11409
1.11319
1.11228
1.11137
1.11046
1.10954
1.10863
1.10772
1.10681
1.1059
1.105
1.1041
1.1032
1.1023
1.10141
1.10052
1.09964
1.09876
1.09789
1.09701
1.09615
1.09528
1.09442
1.09356
1.09271
1.09186
1.09101
1.09016
1.08932
1.08847
1.08763
1.08679
1.08596
1.08512
1.08429
1.08346
1.08263
1.08181
1.08099
1.08017
1.07936
1.07856
1.07776
1.07696
1.07618
1.07541
1.07464
1.07389
1.07315
1.07243
1.07172
1.07103
1.07036
1.0697
1.06907
1.06845
1.06786
1.06729
1.06675
1.06624
1.06575
1.06529
1.06485
1.06445
1.06407
1.06373
1.06341
1.06313
1.06287
1.06264
1.06244
1.06227
1.06213
1.06201
1.06192
1.06186
1.06182
1.0618
1.0618
1.06182
1.06187
1.06193
1.062
1.06209
1.0622
1.06231
1.06244
1.06258
1.06272
1.06287
1.06303
1.06319
1.06336
1.06352
1.06369
1.06386
1.06403
1.06419
1.06435
1.06451
1.06467
1.06482
1.06497
1.06512
1.06526
1.06539
1.06553
1.06566
1.06578
1.06591
1.06602
1.06614
1.06625
1.06636
1.06647
1.06658
1.06669
1.0668
1.0669
1.06701
1.06712
1.06723
1.06735
1.06747
1.06759
1.06772
1.06785
1.06799
1.06813
1.06828
1.06844
1.06861
1.06879
1.06898
1.06918
1.06939
1.06961
1.06985
1.07009
1.07036
1.07063
1.07093
1.07123
1.07156
1.0719
1.07226
1.07264
1.07304
1.07346
1.0739
1.07437
1.07485
1.07536
1.07589
1.07644
1.07702
1.07763
1.07826
1.07892
1.07961
1.08032
1.08107
1.08184
1.08265
1.08348
1.08435
1.08525
1.08618
1.08715
1.08815
1.08919
1.09026
1.09136
1.0925
1.09368
1.09489
1.09614
1.09742
1.09874
1.1001
1.10149
1.10292
1.10439
1.10589
1.10742
1.10899
1.1106
1.11223
1.1139
1.1156
1.11733
1.11909
1.12087
1.12268
1.12452
1.12638
1.12826
1.13015
1.13207
1.134
1.13594
1.13789
1.13985
1.14181
1.14378
1.14575
1.14771
1.14967
1.15162
1.15356
1.15549
1.1574
1.15928
1.16115
1.16299
1.16479
1.16657
1.16831
1.17002
1.17168
1.1733
1.17488
1.1764
1.17788
1.1793
1.18067
1.18198
1.18322
1.18441
1.18553
1.18659
1.18757
1.18849
1.18934
1.19012
1.19082
1.19145
1.19201
1.19249
1.1929
1.19323
1.19348
1.19366
1.19377
1.19379
1.19375
1.19363
1.19343
1.19317
1.19283
1.19242
1.19194
1.19139
1.19078
1.1901
1.18935
1.18855
1.18768
1.18675
1.18576
1.18472
1.18363
1.18248
1.18128
1.18004
1.17875
1.17741
1.17603
1.17462
1.17316
1.17166
1.17014
1.16857
1.16698
1.16536
1.16371
1.16204
1.16034
1.15862
1.15688
1.15511
1.15333
1.15154
1.14973
1.1479
1.14606
1.14421
1.14236
1.14049
1.13862
1.13674
1.13485
1.13297
1.13108
1.12919
1.1273
1.12542
1.12354
1.12166
1.1198
1.11794
1.11609
1.11425
1.11243
1.11062
1.10882
1.10705
1.10529
1.10355
1.10184
1.10015
1.09849
1.09685
1.09524
1.09366
1.09211
1.0906
1.08912
1.08768
1.08628
1.08491
1.08359
1.08231
1.08107
1.07988
1.07873
1.07763
1.07658
1.07557
1.07462
1.07372
1.07287
1.07207
1.07133
1.07064
1.07
1.06942
1.0689
1.06843
1.06801
1.06765
1.06735
1.06711
1.06691
1.06678
1.0667
1.06667
1.0667
1.06679
1.06692
1.06711
1.06735
1.06765
1.06799
1.06838
1.06882
1.06931
1.06985
1.07043
1.07105
1.07171
1.07242
1.07317
1.07395
1.07477
1.07563
1.07652
1.07744
1.07839
1.07937
1.08038
1.08141
1.08246
1.08354
1.08464
1.08576
1.08689
1.08804
1.0892
1.09038
1.09157
1.09276
1.09397
1.09518
1.09639
1.09761
1.09884
1.10006
1.10129
1.10252
1.10374
1.10496
1.10618
1.10739
1.1086
1.1098
1.11099
1.11217
1.11335
1.11452
1.11568
1.11683
1.11797
1.1191
1.12023
1.12134
1.12244
1.12353
1.12461
1.12568
1.12674
1.1278
1.12884
1.12987
1.1309
1.13192
1.13293
1.13394
1.13493
1.13593
1.13691
1.1379
1.13888
1.13985
1.14083
1.1418
1.14277
1.14373
1.1447
1.14567
1.14664
1.14761
1.14858
1.14955
1.15052
1.1515
1.15248
1.15346
1.15444
1.15542
1.15641
1.1574
1.15839
1.15939
1.16038
1.16138
1.16238
1.16338
1.16437
1.16537
1.16637
1.16736
1.16835
1.16934
1.17033
1.1713
1.17227
1.17324
1.17419
1.17514
1.17607
1.17699
1.1779
1.1788
1.17968
1.18054
1.18138
1.1822
1.18301
1.18379
1.18454
1.18528
1.18598
1.18666
1.18731
1.18793
1.18852
1.18907
1.1896
1.19008
1.19054
1.19095
1.19133
1.19167
1.19197
1.19223
1.19244
1.19262
1.19275
1.19284
1.19289
1.19289
1.19286
1.19277
1.19265
1.19248
1.19227
1.19202
1.19172
1.19138
1.19101
1.19059
1.19013
1.18963
1.1891
1.18853
1.18792
1.18728
1.18661
1.18591
1.18517
1.18442
1.18363
1.18282
1.18199
1.18114
1.18027
1.17938
1.17848
1.17757
1.17664
1.17571
1.17477
1.17382
1.17287
1.17191
1.17096
1.17
1.16905
1.1681
1.16716
1.16622
1.16529
1.16437
1.16346
1.16256
1.16167
1.1608
1.15993
1.15908
1.15825
1.15742
1.15662
1.15582
1.15505
1.15428
1.15353
1.15279
1.15207
1.15136
1.15066
1.14997
1.14929
1.14862
1.14796
1.14731
1.14666
1.14602
1.14538
1.14474
1.1441
1.14346
1.14282
1.14218
1.14154
1.14089
1.14023
1.13957
1.1389
1.13822
1.13753
1.13684
1.13614
1.13542
1.1347
1.13397
1.13323
1.13249
1.13174
1.13098
1.13022
1.12946
1.1287
1.12794
1.12719
1.12644
1.1257
1.12497
1.12425
1.12355
1.12287
1.12221
1.12157
1.12095
1.12037
1.11981
1.11929
1.11879
1.11834
1.11792
1.11753
1.11719
1.11688
1.11662
1.11639
1.11621
1.11606
1.11596
1.11589
1.11586
1.11587
1.11591
1.11599
1.1161
1.11625
1.11642
1.11662
1.11685
1.1171
1.11737
1.11767
1.11798
1.11832
1.11866
1.11903
1.1194
1.11979
1.12018
1.12059
1.121
1.12142
1.12184
1.12227
1.1227
1.12314
1.12358
1.12402
1.12447
1.12491
1.12536
1.12581
1.12626
1.12672
1.12717
1.12763
1.12809
1.12856
1.12903
1.1295
1.12997
1.13045
1.13094
1.13143
1.13192
1.13242
1.13293
1.13344
1.13396
1.13449
1.13503
1.13557
1.13613
1.13669
1.13726
1.13783
1.13842
1.13902
1.13962
1.14023
1.14085
1.14148
1.14211
1.14276
1.14341
1.14406
1.14473
1.1454
1.14607
1.14675
1.14743
1.14812
1.14881
1.1495
1.15019
1.15089
1.15158
1.15228
1.15297
1.15366
1.15435
1.15504
1.15572
1.15639
1.15706
1.15772
1.15837
1.15902
1.15965
1.16027
1.16088
1.16147
1.16206
1.16262
1.16317
1.1637
1.16421
1.1647
1.16517
1.16561
1.16603
1.16643
1.1668
1.16715
1.16747
1.16776
1.16802
1.16825
1.16845
1.16862
1.16876
1.16886
1.16893
1.16897
1.16897
1.16893
1.16886
1.16875
1.1686
1.16842
1.1682
1.16794
1.16765
1.16732
1.16695
1.16655
1.16611
1.16563
1.16513
1.16458
1.16401
1.1634
1.16277
1.1621
1.16141
1.1607
1.15996
1.1592
1.15841
1.15761
1.1568
1.15597
1.15513
1.15428
1.15342
1.15256
1.1517
1.15084
1.14998
1.14912
1.14828
1.14744
1.14662
1.14581
1.14502
1.14425
1.1435
1.14277
1.14206
1.14138
1.14073
1.1401
1.13951
1.13894
1.1384
1.13789
1.13741
1.13697
1.13655
1.13616
1.13581
1.13549
1.13519
1.13493
1.13469
1.13448
1.1343
1.13414
1.13401
1.13391
1.13383
1.13377
1.13373
1.13371
1.13371
1.13373
1.13377
1.13383
1.13391
1.134
1.1341
1.13422
1.13436
1.13451
1.13467
1.13485
1.13504
1.13524
1.13546
1.13569
1.13593
1.13619
1.13646
1.13674
1.13704
1.13736
1.13768
1.13803
1.13839
1.13876
1.13916
1.13957
1.14
1.14045
1.14092
1.14141
1.14193
1.14246
1.14302
1.1436
1.1442
1.14483
1.14548
1.14615
1.14686
1.14758
1.14834
1.14912
1.14993
1.15076
1.15162
1.15251
1.15342
1.15436
1.15533
1.15632
1.15734
1.15839
1.15946
1.16055
1.16167
1.16281
1.16397
1.16515
1.16636
1.16758
1.16882
1.17007
1.17134
1.17262
1.17392
1.17523
1.17654
1.17787
1.17919
1.18053
1.18186
1.1832
1.18454
1.18587
1.18719
1.18851
1.18982
1.19111
1.1924
1.19366
1.19491
1.19614
1.19735
1.19853
1.19968
1.20081
1.2019
1.20297
1.20399
1.20498
1.20594
1.20685
1.20771
1.20853
1.20931
1.21003
1.2107
1.21132
1.21189
1.2124
1.21285
1.21324
1.21357
1.21384
1.21405
1.21419
1.21426
1.21427
1.21421
1.21408
1.21388
1.21361
1.21327
1.21285
1.21237
1.21182
1.21119
1.21049
1.20973
1.20889
1.20798
1.207
1.20595
1.20483
1.20365
1.2024
1.20108
1.19971
1.19827
1.19676
1.1952
1.19359
1.19192
1.1902
1.18842
1.1866
1.18473
1.18282
1.18086
1.17887
1.17684
1.17478
1.17268
1.17056
1.16841
1.16623
1.16404
1.16183
1.1596
1.15735
1.1551
1.15284
1.15057
1.1483
1.14603
1.14376
1.1415
1.13924
1.137
1.13476
1.13255
1.13034
1.12816
1.126
1.12387
1.12176
1.11968
1.11763
1.11562
1.11364
1.1117
1.10981
1.10795
1.10615
1.10439
1.10269
1.10103
1.09944
1.09791
1.09643
1.09502
1.09368
1.0924
1.09119
1.09006
1.089
1.08801
1.08711
1.08628
1.08554
1.08488
1.0843
1.08381
1.0834
1.08308
1.08285
1.08271
1.08265
1.08269
1.08281
1.08302
1.08332
1.08371
1.08418
1.08473
1.08537
1.08609
1.08689
1.08777
1.08872
1.08975
1.09085
1.09201
1.09325
1.09454
1.09589
1.09731
1.09877
1.10028
1.10184
1.10344
1.10508
1.10676
1.10847
1.11021
1.11197
1.11376
1.11556
1.11737
1.1192
1.12103
1.12287
1.12471
1.12654
1.12837
1.1302
1.13201
1.1338
1.13558
1.13734
1.13907
1.14078
1.14246
1.14412
1.14574
1.14732
1.14888
1.15039
1.15187
1.1533
1.15469
1.15605
1.15735
1.15861
1.15983
1.161
1.16213
1.16321
1.16424
1.16522
1.16616
1.16705
1.16789
1.16869
1.16944
1.17014
1.1708
1.17141
1.17198
1.1725
1.17298
1.17342
1.17381
1.17416
1.17448
1.17475
1.17498
1.17518
1.17534
1.17546
1.17555
1.17561
1.17562
1.17561
1.17557
1.17549
1.17538
1.17524
1.17507
1.17488
1.17465
1.1744
1.17412
1.17381
1.17347
1.17311
1.17272
1.1723
1.17185
1.17138
1.17089
1.17037
1.16982
1.16925
1.16865
1.16802
1.16737
1.1667
1.166
1.16528
1.16453
1.16376
1.16296
1.16214
1.1613
1.16044
1.15955
1.15864
1.15771
1.15676
1.15579
1.1548
1.15379
1.15277
1.15173
1.15068
1.14961
1.14853
1.14743
1.14633
1.14522
1.1441
1.14298
1.14185
1.14072
1.13958
1.13845
1.13732
1.1362
1.13508
1.13397
1.13287
1.13178
1.13071
1.12965
1.1286
1.12758
1.12657
1.12559
1.12464
1.12371
1.1228
1.12193
1.12109
1.12028
1.11951
1.11877
1.11807
1.11741
1.11678
1.1162
1.11566
1.11517
1.11471
1.1143
1.11394
1.11363
1.11336
1.11313
1.11296
1.11283
1.11275
1.11272
1.11274
1.11281
1.11292
1.11308
1.11329
1.11355
1.11385
1.11421
1.1146
1.11504
1.11553
1.11606
1.11663
1.11725
1.1179
1.1186
1.11933
1.1201
1.12091
1.12176
1.12263
1.12354
1.12449
1.12546
1.12646
1.12749
1.12855
1.12964
1.13074
1.13188
1.13303
1.1342
1.13539
1.1366
1.13783
1.13907
1.14033
1.1416
1.14288
1.14417
1.14548
1.14679
1.1481
1.14943
1.15076
1.15209
1.15342
1.15476
1.15609
1.15743
1.15876
1.16009
1.16141
1.16273
1.16404
1.16535
1.16664
1.16793
1.1692
1.17046
1.1717
1.17293
1.17415
1.17535
1.17653
1.17769
1.17883
1.17995
1.18104
1.18211
1.18316
1.18418
1.18517
1.18613
1.18707
1.18797
1.18884
1.18968
1.19048
1.19125
1.19198
1.19268
1.19334
1.19396
1.19454
1.19508
1.19558
1.19603
1.19645
1.19682
1.19715
1.19743
1.19767
1.19786
1.19801
1.19811
1.19817
1.19817
1.19813
1.19805
1.19792
1.19774
1.19751
1.19724
1.19692
1.19655
1.19614
1.19569
1.19519
1.19465
1.19406
1.19344
1.19277
1.19206
1.19131
1.19052
1.18969
1.18883
1.18793
1.187
1.18604
1.18504
1.18402
1.18296
1.18188
1.18077
1.17964
1.17848
1.1773
1.17611
1.17489
1.17366
1.17241
1.17115
1.16987
1.16859
1.1673
1.166
1.16469
1.16339
1.16208
1.16077
1.15946
1.15815
1.15685
1.15556
1.15427
1.153
1.15173
1.15048
1.14925
1.14803
1.14683
1.14564
1.14448
1.14334
1.14223
1.14114
1.14008
1.13904
1.13804
1.13707
1.13613
1.13523
1.13436
1.13353
1.13273
1.13198
1.13126
1.13059
1.12996
1.12938
1.12884
1.12835
1.12791
1.12751
1.12716
1.12687
1.12662
1.12643
1.12629
1.12621
1.12617
1.1262
1.12627
1.1264
1.12658
1.12682
1.12712
1.12747
1.12787
1.12833
1.12884
1.12941
1.13002
1.13069
1.13141
1.13218
1.133
1.13386
1.13477
1.13573
1.13672
1.13776
1.13884
1.13996
1.14111
1.1423
1.14351
1.14476
1.14603
1.14733
1.14865
1.14999
1.15134
1.15271
1.1541
1.15549
1.15689
1.1583
1.1597
1.16111
1.16251
1.16391
1.1653
1.16668
1.16804
1.16939
1.17072
1.17203
1.17331
1.17458
1.17581
1.17701
1.17819
1.17933
1.18043
1.18149
1.18252
1.18351
1.18445
1.18535
1.1862
1.18701
1.18777
1.18848
1.18914
1.18975
1.19031
1.19082
1.19127
1.19167
1.19202
1.19232
1.19256
1.19275
1.19288
1.19296
1.19299
1.19296
1.19288
1.19275
1.19257
1.19233
1.19205
1.19172
1.19133
1.19091
1.19043
1.18991
1.18935
1.18874
1.1881
1.18741
1.18669
1.18593
1.18514
1.18431
1.18346
1.18257
1.18166
1.18073
1.17977
1.1788
1.1778
1.17679
1.17577
1.17474
1.1737
1.17265
1.1716
1.17055
1.1695
1.16846
1.16742
1.1664
1.16538
1.16438
1.1634
1.16243
1.16149
1.16057
1.15967
1.15881
1.15797
1.15716
1.15639
1.15565
1.15495
1.15428
1.15365
1.15307
1.15252
1.15201
1.15155
1.15112
1.15074
1.1504
1.1501
1.14984
1.14963
1.14945
1.14932
1.14922
1.14916
1.14914
1.14916
1.14922
1.1493
1.14943
1.14958
1.14977
1.14998
1.15023
1.1505
1.1508
1.15112
1.15147
1.15184
1.15223
1.15265
1.15308
1.15354
1.15401
1.15451
1.15502
1.15555
1.1561
1.15666
1.15724
1.15784
1.15845
1.15907
1.15972
1.16038
1.16105
1.16174
1.16245
1.16318
1.16392
1.16467
1.16545
1.16624
1.16704
1.16787
1.16871
1.16956
1.17044
1.17132
1.17223
1.17315
1.17408
1.17503
1.176
1.17697
1.17796
1.17896
1.17997
1.18099
1.18202
1.18306
1.1841
1.18515
1.1862
1.18726
1.18831
1.18936
1.19041
1.19145
1.19249
1.19352
1.19454
1.19554
1.19653
1.19751
1.19847
1.19941
1.20033
1.20122
1.20209
1.20293
1.20374
1.20452
1.20527
1.20598
1.20665
1.20729
1.20788
1.20844
1.20895
1.20942
1.20984
1.21022
1.21055
1.21083
1.21106
1.21125
1.21138
1.21146
1.21148
1.21146
1.21138
1.21125
1.21107
1.21083
1.21054
1.2102
1.20981
1.20936
1.20886
1.20832
1.20772
1.20707
1.20637
1.20563
1.20484
1.204
1.20312
1.2022
1.20123
1.20022
1.19917
1.19809
1.19697
1.19581
1.19462
1.19339
1.19214
1.19086
1.18954
1.18821
1.18684
1.18546
1.18405
1.18262
1.18118
1.17971
1.17824
1.17674
1.17524
1.17372
1.1722
1.17067
1.16913
1.16758
1.16603
1.16448
1.16293
1.16138
1.15982
1.15827
1.15672
1.15518
1.15364
1.1521
1.15057
1.14905
1.14753
1.14602
1.14452
1.14303
1.14155
1.14008
1.13861
1.13716
1.13572
1.13429
1.13287
1.13146
1.13006
1.12867
1.12729
1.12592
1.12457
1.12322
1.12189
1.12056
1.11925
1.11794
1.11664
1.11536
1.11408
1.11281
1.11155
1.11029
1.10904
1.1078
1.10657
1.10534
1.10411
1.1029
1.10168
1.10047
1.09926
1.09806
1.09686
1.09566
1.09446
1.09327
1.09207
1.09088
1.08969
1.08849
1.0873
1.0861
1.0849
1.08371
1.08251
1.08131
1.0801
1.0789
1.07769
1.07648
1.07527
1.07406
1.07284
1.07162
1.07041
1.06919
1.06797
1.06675
1.06553
1.06431
1.0631
1.06188
1.06067
1.05947
1.05827
1.05707
1.05589
1.05471
1.05355
1.05239
1.05125
1.05013
1.04902
1.04793
1.04686
1.04582
1.04479
1.0438
1.04283
1.04189
1.04098
1.0401
1.03926
1.03846
1.0377
1.03698
1.0363
1.03566
1.03507
1.03453
1.03403
1.03359
1.03319
1.03285
1.03256
1.03233
1.03215
1.03202
1.03196
1.03195
1.032
1.0321
1.03226
1.03249
1.03276
1.0331
1.03349
1.03394
1.03445
1.03502
1.03564
1.03631
1.03704
1.03783
1.03866
1.03955
1.04049
1.04147
1.04251
1.04359
1.04471
1.04588
1.04709
1.04834
1.04963
1.05095
1.0523
1.05369
1.0551
1.05654
1.058
1.05949
1.06098
1.0625
1.06402
1.06555
1.06709
1.06862
1.07015
1.07168
1.0732
1.0747
1.07619
1.07766
1.07911
1.08054
1.08193
1.08329
1.08462
1.08591
1.08716
1.08836
1.08952
1.09063
1.0917
1.09271
1.09367
1.09458
1.09543
1.09622
1.09696
1.09763
1.09825
1.09881
1.09931
1.09975
1.10013
1.10045
1.10071
1.10091
1.10106
1.10115
1.10119
1.10117
1.10109
1.10097
1.10079
1.10057
1.1003
1.09998
1.09962
1.09921
1.09877
1.09829
1.09777
1.09721
1.09663
1.09601
1.09537
1.0947
1.094
1.09328
1.09255
1.09179
1.09102
1.09024
1.08944
1.08863
1.08782
1.087
1.08617
1.08534
1.08452
1.08369
1.08286
1.08204
1.08123
1.08042
1.07962
1.07883
1.07806
1.07729
1.07654
1.0758
1.07508
1.07437
1.07368
1.073
1.07235
1.07171
1.07109
1.07049
1.06991
1.06935
1.06882
1.0683
1.0678
1.06732
1.06687
1.06643
1.06602
1.06562
1.06525
1.0649
1.06457
1.06425
1.06397
1.0637
1.06345
1.06322
1.06302
1.06284
1.06268
1.06254
1.06242
1.06232
1.06225
1.0622
1.06217
1.06217
1.06219
1.06223
1.0623
1.0624
1.06252
1.06266
1.06283
1.06303
1.06326
1.06351
1.06379
1.0641
1.06444
1.0648
1.0652
1.06563
1.0661
1.06659
1.06712
1.06768
1.06827
1.0689
1.06957
1.07027
1.07101
1.07178
1.0726
1.07345
1.07434
1.07527
1.07625
1.07726
1.07832
1.07942
1.08056
1.08175
1.08298
1.08425
1.08557
1.08693
1.08834
1.08979
1.09129
1.09283
1.09442
1.09604
1.09772
1.09943
1.10118
1.10298
1.10481
1.10668
1.10858
1.11052
1.11249
1.11448
1.11651
1.11856
1.12064
1.12273
1.12485
1.12697
1.12911
1.13126
1.13342
1.13557
1.13773
1.13988
1.14203
1.14416
1.14629
1.14839
1.15048
1.15254
1.15458
1.15659
1.15856
1.16051
1.16241
1.16428
1.1661
1.16788
1.16961
1.17129
1.17292
1.1745
1.17603
1.17749
1.17891
1.18026
1.18155
1.18278
1.18396
1.18507
1.18611
1.1871
1.18802
1.18887
1.18967
1.1904
1.19107
1.19167
1.19221
1.19269
1.19311
1.19346
1.19376
1.194
1.19417
1.19429
1.19435
1.19436
1.19431
1.1942
1.19405
1.19384
1.19358
1.19327
1.19292
1.19252
1.19207
1.19158
1.19105
1.19049
1.18988
1.18923
1.18855
1.18784
1.18709
1.18632
1.18551
1.18468
1.18383
1.18295
1.18204
1.18112
1.18018
1.17922
1.17824
1.17725
1.17625
1.17524
1.17422
1.17318
1.17215
1.1711
1.17005
1.169
1.16795
1.1669
1.16585
1.1648
1.16375
1.1627
1.16166
1.16062
1.15959
1.15856
1.15755
1.15653
1.15553
1.15453
1.15354
1.15256
1.15159
1.15062
1.14966
1.14871
1.14776
1.14682
1.14589
1.14496
1.14403
1.14311
1.14219
1.14128
1.14036
1.13945
1.13853
1.13761
1.13669
1.13577
1.13484
1.13391
1.13297
1.13202
1.13107
1.1301
1.12913
1.12815
1.12716
1.12616
1.12514
1.12412
1.12308
1.12203
1.12096
1.11989
1.1188
1.1177
1.11658
1.11546
1.11433
1.11318
1.11203
1.11087
1.1097
1.10852
1.10734
1.10616
1.10498
1.10379
1.1026
1.10142
1.10024
1.09907
1.09791
1.09675
1.09561
1.09448
1.09337
1.09228
1.09121
1.09016
1.08913
1.08814
1.08717
1.08623
1.08533
1.08447
1.08364
1.08285
1.08211
1.08141
1.08076
1.08015
1.07959
1.07909
1.07864
1.07824
1.0779
1.07761
1.07739
1.07722
1.07712
1.07707
1.07709
1.07717
1.07731
1.07751
1.07778
1.0781
1.07849
1.07895
1.07946
1.08003
1.08066
1.08135
1.08209
1.08289
1.08373
1.08463
1.08558
1.08658
1.08762
1.0887
1.08981
1.09097
1.09216
1.09337
1.09462
1.09588
1.09717
1.09847
1.09978
1.1011
1.10243
1.10376
1.10509
1.10641
1.10772
1.10901
1.11029
1.11155
1.11278
1.11398
1.11515
1.11629
1.11738
1.11843
1.11944
1.12039
1.12129
1.12214
1.12293
1.12365
1.12431
1.12491
1.12544
1.12589
1.12628
1.12659
1.12682
1.12698
1.12706
1.12706
1.12698
1.12682
1.12658
1.12626
1.12586
1.12537
1.12482
1.12418
1.12346
1.12267
1.12181
1.12088
1.11987
1.1188
1.11767
1.11647
1.11521
1.1139
1.11254
1.11112
1.10966
1.10816
1.10662
1.10504
1.10344
1.10181
1.10015
1.09848
1.0968
1.0951
1.0934
1.0917
1.08999
1.0883
1.0866
1.08492
1.08325
1.0816
1.07997
1.07835
1.07676
1.0752
1.07365
1.07214
1.07065
1.06919
1.06776
1.06635
1.06498
1.06363
1.06232
1.06103
1.05978
1.05855
1.05734
1.05617
1.05502
1.05389
1.05279
1.05172
1.05067
1.04964
1.04864
1.04767
1.04672
1.04579
1.04489
1.04401
1.04316
1.04234
1.04155
1.04079
1.04006
1.03936
1.03869
1.03806
1.03747
1.03691
1.0364
1.03592
1.03549
1.03511
1.03477
1.03449
1.03425
1.03407
1.03395
1.03388
1.03388
1.03393
1.03405
1.03423
1.03448
1.03479
1.03518
1.03563
1.03615
1.03675
1.03741
1.03815
1.03896
1.03985
1.0408
1.04183
1.04293
1.04411
1.04535
1.04666
1.04804
1.04949
1.05101
1.05259
1.05423
1.05593
1.05769
1.05951
1.06138
1.0633
1.06526
1.06727
1.06933
1.07142
1.07355
1.07571
1.0779
1.08011
1.08235
1.0846
1.08687
1.08915
1.09143
1.09372
1.09601
1.09829
1.10057
1.10283
1.10508
1.10732
1.10953
1.11172
1.11388
1.11601
1.1181
1.12016
1.12218
1.12416
1.12609
1.12797
1.12981
1.13159
1.13332
1.13499
1.1366
1.13815
1.13964
1.14106
1.14243
1.14372
1.14495
1.1461
1.14719
1.1482
1.14915
1.15002
1.15081
1.15154
1.15218
1.15276
1.15325
1.15368
1.15402
1.15429
1.15449
1.1546
1.15464
1.15461
1.15449
1.15431
1.15404
1.1537
1.15329
1.1528
1.15224
1.1516
1.15089
1.15011
1.14926
1.14834
1.14735
1.14629
1.14517
1.14397
1.14272
1.1414
1.14002
1.13857
1.13707
1.13551
1.13389
1.13222
1.1305
1.12872
1.1269
1.12503
1.12312
1.12117
1.11917
1.11714
1.11508
1.11299
1.11086
1.10871
1.10654
1.10435
1.10215
1.09993
1.09771
1.09547
1.09324
1.09101
1.08879
1.08657
1.08437
1.08219
1.08003
1.0779
1.0758
1.07373
1.07169
1.0697
1.06776
1.06587
1.06403
1.06224
1.06052
1.05887
1.05728
1.05576
1.05432
1.05296
1.05168
1.05048
1.04937
1.04835
1.04742
1.04659
1.04585
1.04521
1.04467
1.04424
1.0439
1.04367
1.04354
1.04352
1.0436
1.04379
1.04408
1.04448
1.04499
1.0456
1.04631
1.04712
1.04804
1.04906
1.05017
1.05138
1.05268
1.05408
1.05557
1.05714
1.0588
1.06055
1.06237
1.06427
1.06624
1.06828
1.07039
1.07256
1.07479
1.07708
1.07942
1.08181
1.08424
1.08672
1.08923
1.09178
1.09435
1.09695
1.09957
1.10221
1.10486
1.10751
1.11018
1.11284
1.1155
1.11816
1.1208
1.12343
1.12604
1.12863
1.13119
1.13373
1.13623
1.13869
1.14111
1.14349
1.14583
1.14811
1.15035
1.15252
1.15464
1.15671
1.1587
1.16064
1.16251
1.16431
1.16603
1.16769
1.16927
1.17077
1.1722
1.17355
1.17482
1.17601
1.17712
1.17815
1.17909
1.17995
1.18073
1.18142
1.18203
1.18256
1.18301
1.18337
1.18366
1.18386
1.18398
1.18403
1.18399
1.18388
1.18369
1.18343
1.1831
1.1827
1.18223
1.1817
1.1811
1.18044
1.17972
1.17894
1.17811
1.17723
1.1763
1.17533
1.17432
1.17326
1.17217
1.17105
1.1699
1.16872
1.16752
1.1663
1.16507
1.16382
1.16257
1.1613
1.16004
1.15878
1.15751
1.15626
1.15501
1.15377
1.15255
1.15134
1.15015
1.14897
1.14782
1.14669
1.14558
1.14449
1.14343
1.14239
1.14138
1.14039
1.13942
1.13848
1.13756
1.13666
1.13578
1.13492
1.13408
1.13325
1.13244
1.13165
1.13086
1.13009
1.12932
1.12856
1.12781
1.12705
1.1263
1.12556
1.12481
1.12405
1.1233
1.12254
1.12177
1.121
1.12022
1.11943
1.11863
1.11783
1.11701
1.11618
1.11535
1.1145
1.11365
1.11278
1.11191
1.11102
1.11013
1.10922
1.10831
1.1074
1.10647
1.10554
1.1046
1.10366
1.1027
1.10174
1.10078
1.09981
1.09883
1.09785
1.09686
1.09586
1.09486
1.09385
1.09284
1.09181
1.09078
1.08973
1.08868
1.08761
1.08653
1.08544
1.08433
1.0832
1.08206
1.0809
1.07972
1.07852
1.07729
1.07605
1.07478
1.07349
1.07217
1.07083
1.06947
1.06808
1.06667
1.06523
1.06378
1.0623
1.06081
1.0593
1.05778
1.05624
1.0547
1.05316
1.05162
1.05009
1.04857
1.04707
1.04559
1.04414
1.04272
1.04136
1.04004
1.03878
1.03758
1.03646
1.03541
1.03446
1.0336
1.03284
1.03218
1.03164
1.03122
1.03092
1.03075
1.03071
1.0308
1.03102
1.03139
1.03188
1.03251
1.03328
1.03417
1.03519
1.03634
1.0376
1.03897
1.04045
1.04204
1.04371
1.04547
1.04731
1.04922
1.0512
1.05322
1.0553
1.05742
1.05956
1.06174
1.06393
1.06613
1.06833
1.07054
1.07273
1.07491
1.07707
1.07921
1.08132
1.0834
1.08545
1.08746
1.08942
1.09134
1.09322
1.09505
1.09683
1.09857
1.10025
1.10188
1.10346
1.10499
1.10647
1.1079
1.10928
1.11061
1.11188
1.11311
1.1143
1.11543
1.11652
1.11757
1.11857
1.11954
1.12046
1.12134
1.12219
1.123
1.12378
1.12453
1.12525
1.12593
1.12659
1.12723
1.12784
1.12843
1.12899
1.12954
1.13007
1.13059
1.13109
1.13157
1.13204
1.1325
1.13295
1.1334
1.13383
1.13426
1.13468
1.1351
1.13551
1.13592
1.13633
1.13673
1.13714
1.13754
1.13795
1.13835
1.13876
1.13916
1.13957
1.13998
1.14039
1.1408
1.14121
1.14163
1.14204
1.14246
1.14288
1.14329
1.14371
1.14413
1.14455
1.14496
1.14538
1.14579
1.1462
1.14661
1.14702
1.14741
1.14781
1.1482
1.14858
1.14895
1.14932
1.14968
1.15003
1.15037
1.1507
1.15102
1.15132
1.15162
1.1519
1.15216
1.15242
1.15266
1.15288
1.15309
1.15328
1.15346
1.15361
1.15375
1.15387
1.15398
1.15406
1.15412
1.15416
1.15418
1.15418
1.15416
1.15411
1.15405
1.15396
1.15384
1.15371
1.15355
1.15337
1.15316
1.15293
1.15267
1.1524
1.15209
1.15177
1.15142
1.15104
1.15065
1.15023
1.14978
1.14931
1.14882
1.14831
1.14777
1.14722
1.14664
1.14604
1.14542
1.14478
1.14412
1.14344
1.14274
1.14203
1.1413
1.14055
1.13979
1.13901
1.13822
1.13742
1.13661
1.13579
1.13496
1.13413
1.13329
1.13244
1.13159
1.13074
1.12989
1.12904
1.1282
1.12735
1.12651
1.12568
1.12486
1.12404
1.12323
1.12243
1.12165
1.12087
1.12011
1.11937
1.11863
1.11791
1.11721
1.11652
1.11584
1.11518
1.11454
1.11391
1.11329
1.11269
1.1121
1.11152
1.11096
1.1104
1.10985
1.10931
1.10877
1.10824
1.10771
1.10718
1.10666
1.10612
1.10559
1.10505
1.10451
1.10395
1.10339
1.10281
1.10222
1.10162
1.101
1.10037
1.09971
1.09904
1.09835
1.09764
1.09691
1.09616
1.09539
1.0946
1.09379
1.09296
1.09211
1.09124
1.09036
1.08945
1.08854
1.08761
1.08667
1.08571
1.08475
1.08379
1.08281
1.08184
1.08086
1.07988
1.07891
1.07794
1.07697
1.07602
1.07507
1.07414
1.07322
1.07232
1.07144
1.07058
1.06974
1.06893
1.06814
1.06738
1.06664
1.06594
1.06527
1.06463
1.06403
1.06347
1.06293
1.06244
1.06198
1.06157
1.06119
1.06085
1.06055
1.06029
1.06007
1.0599
1.05976
1.05966
1.05961
1.05959
1.05961
1.05967
1.05977
1.05991
1.06009
1.0603
1.06055
1.06083
1.06115
1.0615
1.06189
1.0623
1.06274
1.06322
1.06372
1.06425
1.0648
1.06538
1.06598
1.0666
1.06725
1.06791
1.06859
1.06929
1.07
1.07073
1.07147
1.07222
1.07298
1.07376
1.07454
1.07532
1.07611
1.07691
1.07771
1.0785
1.0793
1.0801
1.08089
1.08168
1.08247
1.08325
1.08402
1.08479
1.08554
1.08629
1.08702
1.08775
1.08846
1.08915
1.08984
1.0905
1.09115
1.09179
1.0924
1.093
1.09357
1.09413
1.09467
1.09518
1.09567
1.09615
1.0966
1.09703
1.09743
1.09782
1.09818
1.09852
1.09883
1.09912
1.09939
1.09964
1.09986
1.10007
1.10025
1.10041
1.10055
1.10067
1.10077
1.10085
1.10092
1.10097
1.10101
1.10103
1.10103
1.10103
1.10101
1.10098
1.10095
1.1009
1.10085
1.1008
1.10075
1.10069
1.10063
1.10058
1.10052
1.10048
1.10043
1.1004
1.10037
1.10036
1.10036
1.10037
1.1004
1.10044
1.1005
1.10058
1.10069
1.10081
1.10096
1.10113
1.10133
1.10155
1.1018
1.10208
1.10239
1.10273
1.10309
1.10349
1.10392
1.10438
1.10487
1.10539
1.10594
1.10652
1.10712
1.10776
1.10843
1.10913
1.10985
1.1106
1.11137
1.11217
1.11299
1.11383
1.11468
1.11556
1.11645
1.11735
1.11827
1.1192
1.12013
1.12107
1.12201
1.12295
1.1239
1.12483
1.12577
1.12669
1.12761
1.12851
1.12939
1.13026
1.13111
1.13194
1.13274
1.13352
1.13427
1.13499
1.13567
1.13632
1.13694
1.13752
1.13806
1.13855
1.13901
1.13942
1.13978
1.14011
1.14038
1.14061
1.14078
1.14091
1.14099
1.14102
1.141
1.14093
1.14081
1.14064
1.14043
1.14016
1.13984
1.13948
1.13907
1.13862
1.13812
1.13758
1.13699
1.13637
1.1357
1.135
1.13426
1.13349
1.13268
1.13184
1.13097
1.13008
1.12916
1.12821
1.12725
1.12626
1.12526
1.12424
1.12321
1.12217
1.12112
1.12006
1.11899
1.11792
1.11685
1.11578
1.11471
1.11365
1.11259
1.11154
1.1105
1.10947
1.10845
1.10744
1.10646
1.10548
1.10453
1.1036
1.10268
1.10179
1.10092
1.10007
1.09925
1.09846
1.09769
1.09695
1.09624
1.09556
1.09491
1.09428
1.09369
1.09313
1.0926
1.0921
1.09164
1.0912
1.0908
1.09043
1.09009
1.08978
1.0895
1.08925
1.08904
1.08885
1.08869
1.08856
1.08846
1.08838
1.08833
1.08831
1.08831
1.08834
1.08839
1.08847
1.08856
1.08868
1.08881
1.08896
1.08913
1.08932
1.08952
1.08973
1.08996
1.0902
1.09045
1.09071
1.09098
1.09126
1.09154
1.09183
1.09213
1.09243
1.09273
1.09303
1.09334
1.09364
1.09395
1.09425
1.09455
1.09485
1.09514
1.09543
1.09571
1.09599
1.09626
1.09652
1.09678
1.09702
1.09726
1.09749
1.09771
1.09792
1.09812
1.0983
1.09848
1.09864
1.09879
1.09893
1.09906
1.09917
1.09927
1.09935
1.09942
1.09947
1.09952
1.09954
1.09955
1.09955
1.09953
1.0995
1.09945
1.09939
1.09931
1.09922
1.09912
1.099
1.09886
1.09872
1.09856
1.09838
1.0982
1.098
1.09779
1.09757
1.09734
1.09709
1.09684
1.09658
1.09631
1.09603
1.09574
1.09545
1.09515
1.09485
1.09454
1.09423
1.09391
1.09359
1.09327
1.09295
1.09262
1.0923
1.09198
1.09165
1.09134
1.09102
1.09071
1.09041
1.09011
1.08982
1.08953
1.08926
1.08899
1.08873
1.08848
1.08824
1.08801
1.08779
1.08759
1.0874
1.08722
1.08706
1.08691
1.08677
1.08665
1.08655
1.08646
1.08639
1.08634
1.0863
1.08628
1.08628
1.0863
1.08634
1.08639
1.08646
1.08655
1.08667
1.0868
1.08695
1.08712
1.08732
1.08753
1.08777
1.08802
1.0883
1.0886
1.08893
1.08927
1.08964
1.09003
1.09045
1.09089
1.09135
1.09184
1.09236
1.0929
1.09346
1.09405
1.09467
1.09531
1.09598
1.09668
1.0974
1.09816
1.09894
1.09975
1.10058
1.10144
1.10233
1.10325
1.1042
1.10517
1.10617
1.1072
1.10825
1.10933
1.11043
1.11155
1.1127
1.11387
1.11507
1.11628
1.11752
1.11877
1.12004
1.12132
1.12262
1.12393
1.12526
1.12659
1.12793
1.12928
1.13063
1.13198
1.13333
1.13469
1.13604
1.13738
1.13872
1.14004
1.14136
1.14266
1.14394
1.14521
1.14645
1.14768
1.14888
1.15005
1.1512
1.15232
1.1534
1.15445
1.15546
1.15644
1.15738
1.15827
1.15912
1.15993
1.1607
1.16141
1.16208
1.1627
1.16327
1.16379
1.16426
1.16467
1.16503
1.16534
1.16559
1.16579
1.16594
1.16603
1.16607
1.16605
1.16598
1.16586
1.16569
1.16546
1.16518
1.16486
1.16448
1.16405
1.16358
1.16306
1.16249
1.16188
1.16123
1.16054
1.15981
1.15904
1.15824
1.1574
1.15654
1.15564
1.15472
1.15377
1.1528
1.15181
1.1508
1.14977
1.14873
1.14767
1.14661
1.14554
1.14446
1.14338
1.1423
1.14121
1.14013
1.13906
1.13799
1.13693
1.13587
1.13483
1.1338
1.13278
1.13178
1.1308
1.12983
1.12889
1.12796
1.12706
1.12617
1.12532
1.12448
1.12367
1.12288
1.12212
1.12138
1.12067
1.11998
1.11931
1.11867
1.11805
1.11746
1.11689
1.11633
1.1158
1.11529
1.11479
1.11431
1.11385
1.1134
1.11296
1.11253
1.11212
1.11171
1.1113
1.11091
1.11051
1.11012
1.10973
1.10933
1.10894
1.10854
1.10813
1.10772
1.1073
1.10687
1.10643
1.10599
1.10553
1.10506
1.10458
1.10409
1.10358
1.10307
1.10254
1.10201
1.10146
1.1009
1.10034
1.09977
1.09919
1.09861
1.09803
1.09744
1.09686
1.09628
1.0957
1.09513
1.09457
1.09402
1.09348
1.09296
1.09246
1.09197
1.09151
1.09108
1.09067
1.09029
1.08995
1.08963
1.08936
1.08912
1.08892
1.08876
1.08865
1.08858
1.08855
1.08858
1.08865
1.08877
1.08894
1.08916
1.08943
1.08975
1.09013
1.09055
1.09103
1.09155
1.09212
1.09274
1.09341
1.09413
1.09489
1.09569
1.09654
1.09742
1.09835
1.09931
1.10032
1.10135
1.10242
1.10352
1.10464
1.1058
1.10698
1.10818
1.1094
1.11064
1.1119
1.11318
1.11447
1.11577
1.11707
1.11839
1.11972
1.12105
1.12238
1.12371
1.12504
1.12638
1.12771
1.12903
1.13035
1.13166
1.13297
1.13427
1.13556
1.13683
1.1381
1.13935
1.14059
1.14181
1.14302
1.14421
1.14538
1.14653
1.14767
1.14878
1.14987
1.15094
1.15199
1.15301
1.15401
1.15498
1.15593
1.15684
1.15773
1.15859
1.15941
1.1602
1.16096
1.16169
1.16238
1.16303
1.16364
1.16421
1.16474
1.16523
1.16568
1.16608
1.16643
1.16674
1.16699
1.1672
1.16735
1.16745
1.1675
1.16748
1.16741
1.16729
1.1671
1.16685
1.16654
1.16617
1.16573
1.16523
1.16467
1.16403
1.16334
1.16258
1.16175
1.16085
1.15989
1.15886
1.15777
1.15661
1.15539
1.1541
1.15275
1.15135
1.14988
1.14835
1.14677
1.14513
1.14344
1.1417
1.13991
1.13808
1.1362
1.13428
1.13232
1.13033
1.1283
1.12625
1.12417
1.12207
1.11995
1.11781
1.11566
1.11349
1.11133
1.10916
1.10699
1.10483
1.10267
1.10053
1.09839
1.09628
1.09418
1.0921
1.09005
1.08803
1.08603
1.08407
1.08214
1.08024
1.07839
1.07657
1.07479
1.07305
1.07136
1.06972
1.06811
1.06656
1.06505
1.06359
1.06217
1.06081
1.05949
1.05823
1.05701
1.05584
1.05473
1.05366
1.05264
1.05167
1.05075
1.04989
1.04907
1.0483
1.04758
1.04691
1.04629
1.04571
1.04519
1.04472
1.04429
1.04391
1.04359
1.0433
1.04307
1.04289
1.04275
1.04266
1.04261
1.04261
1.04266
1.04275
1.04288
1.04305
1.04327
1.04353
1.04382
1.04416
1.04453
1.04494
1.04538
1.04585
1.04635
1.04688
1.04744
1.04801
1.04862
1.04924
1.04987
1.05053
1.05119
1.05186
1.05255
1.05323
1.05392
1.05461
1.0553
1.05598
1.05665
1.05732
1.05797
1.05862
1.05924
1.05986
1.06045
1.06103
1.06159
1.06212
1.06264
1.06313
1.0636
1.06405
1.06448
1.06489
1.06527
1.06564
1.06599
1.06632
1.06664
1.06695
1.06725
1.06753
1.06782
1.0681
1.06838
1.06867
1.06896
1.06926
1.06958
1.06991
1.07027
1.07065
1.07106
1.0715
1.07198
1.0725
1.07306
1.07367
1.07433
1.07504
1.07581
1.07663
1.07751
1.07846
1.07946
1.08053
1.08167
1.08287
1.08413
1.08546
1.08686
1.08831
1.08983
1.09141
1.09305
1.09475
1.0965
1.0983
1.10015
1.10205
1.10399
1.10597
1.10799
1.11004
1.11211
1.11421
1.11633
1.11847
1.12062
1.12277
1.12494
1.1271
1.12926
1.13141
1.13356
1.13569
1.1378
1.1399
1.14197
1.14402
1.14603
1.14802
1.14997
1.15189
1.15377
1.15561
1.15741
1.15917
1.16088
1.16254
1.16416
1.16573
1.16725
1.16872
1.17013
1.1715
1.17281
1.17407
1.17528
1.17643
1.17752
1.17856
1.17955
1.18048
1.18135
1.18217
1.18293
1.18364
1.1843
1.18489
1.18544
1.18593
1.18636
1.18675
1.18708
1.18735
1.18758
1.18775
1.18787
1.18794
1.18797
1.18794
1.18786
1.18773
1.18756
1.18734
1.18707
1.18675
1.18639
1.18599
1.18554
1.18505
1.18452
1.18394
1.18333
1.18267
1.18198
1.18125
1.18048
1.17967
1.17883
1.17796
1.17705
1.1761
1.17513
1.17413
1.17309
1.17203
1.17094
1.16982
1.16868
1.16752
1.16633
1.16512
1.1639
1.16265
1.16138
1.1601
1.15881
1.1575
1.15618
1.15485
1.15352
1.15218
1.15083
1.14948
1.14814
1.14679
1.14546
1.14412
1.1428
1.14149
1.14019
1.13891
1.13764
1.1364
1.13518
1.13399
1.13283
1.1317
1.13061
1.12955
1.12853
1.12756
1.12663
1.12575
1.12492
1.12415
1.12342
1.12276
1.12216
1.12162
1.12114
1.12072
1.12038
1.1201
1.11988
1.11974
1.11967
1.11967
1.11974
1.11989
1.1201
1.12038
1.12074
1.12116
1.12165
1.1222
1.12283
1.12351
1.12425
1.12506
1.12592
1.12683
1.12779
1.12881
1.12986
1.13096
1.1321
1.13328
1.13449
1.13572
1.13699
1.13828
1.13958
1.14091
1.14224
1.14359
1.14495
1.1463
1.14766
1.14902
1.15037
1.15171
1.15304
1.15437
1.15567
1.15696
1.15823
1.15948
1.1607
1.1619
1.16308
1.16422
1.16533
1.16641
1.16746
1.16847
1.16945
1.17039
1.17129
1.17216
1.17298
1.17376
1.1745
1.1752
1.17585
1.17646
1.17703
1.17755
1.17803
1.17846
1.17884
1.17918
1.17946
1.1797
1.17989
1.18004
1.18013
1.18017
1.18016
1.1801
1.17998
1.17982
1.1796
1.17933
1.17901
1.17863
1.17821
1.17773
1.17719
1.1766
1.17596
1.17527
1.17452
1.17372
1.17287
1.17197
1.17101
1.17001
1.16896
1.16786
1.16671
1.16551
1.16427
1.16299
1.16167
1.16031
1.15891
1.15748
1.15601
1.15452
1.15299
1.15145
1.14988
1.14829
1.14668
1.14507
1.14344
1.14181
1.14017
1.13853
1.1369
1.13527
1.13365
1.13205
1.13046
1.12888
1.12733
1.12581
1.1243
1.12283
1.12138
1.11997
1.11859
1.11724
1.11592
1.11465
1.1134
1.1122
1.11103
1.1099
1.10881
1.10775
1.10672
1.10573
1.10477
1.10384
1.10294
1.10207
1.10122
1.1004
1.09961
1.09883
1.09808
1.09734
1.09662
1.09591
1.09522
1.09453
1.09386
1.09319
1.09254
1.09188
1.09123
1.09059
1.08995
1.0893
1.08866
1.08802
1.08738
1.08673
1.08609
1.08544
1.08479
1.08414
1.08349
1.08283
1.08217
1.08151
1.08085
1.08018
1.07952
1.07885
1.07818
1.07752
1.07685
1.07619
1.07553
1.07487
1.07421
1.07355
1.0729
1.07226
1.07162
1.07098
1.07035
1.06973
1.06912
1.06851
1.06791
1.06732
1.06675
1.06618
1.06562
1.06507
1.06454
1.06401
1.0635
1.063
1.06252
1.06205
1.06159
1.06114
1.06071
1.0603
1.0599
1.05951
1.05915
1.05879
1.05845
1.05813
1.05783
1.05754
1.05727
1.05702
1.05678
1.05656
1.05636
1.05618
1.05602
1.05588
1.05575
1.05565
1.05557
1.05551
1.05547
1.05545
1.05546
1.05549
1.05554
1.05562
1.05573
1.05587
1.05603
1.05622
1.05645
1.0567
1.05699
1.05731
1.05767
1.05806
1.05849
1.05896
1.05946
1.06001
1.0606
1.06122
1.06189
1.06261
1.06336
1.06416
1.065
1.06589
1.06682
1.0678
1.06881
1.06987
1.07098
1.07212
1.07331
1.07453
1.0758
1.0771
1.07844
1.07982
1.08122
1.08266
1.08413
1.08563
1.08715
1.08869
1.09026
1.09184
1.09344
1.09505
1.09667
1.0983
1.09994
1.10157
1.10321
1.10484
1.10647
1.1081
1.10971
1.1113
1.11288
1.11444
1.11598
1.1175
1.11899
1.12045
1.12188
1.12328
1.12465
1.12597
1.12726
1.12851
1.12972
1.13088
1.132
1.13308
1.1341
1.13508
1.13601
1.13689
1.13771
1.13849
1.13921
1.13988
1.14049
1.14106
1.14157
1.14202
1.14242
1.14277
1.14306
1.1433
1.14349
1.14363
1.14371
1.14374
1.14372
1.14365
1.14354
1.14337
1.14316
1.1429
1.14259
1.14224
1.14185
1.14141
1.14094
1.14042
1.13987
1.13928
1.13865
1.138
1.13731
1.13659
1.13585
1.13508
1.13428
1.13346
1.13262
1.13176
1.13089
1.12999
1.12909
1.12817
1.12724
1.1263
1.12536
1.12441
1.12345
1.1225
1.12154
1.12059
1.11964
1.11869
1.11775
1.11682
1.11589
1.11497
1.11406
1.11316
1.11227
1.11139
1.11052
1.10967
1.10882
1.10799
1.10718
1.10637
1.10558
1.10479
1.10402
1.10326
1.10251
1.10177
1.10103
1.1003
1.09958
1.09886
1.09815
1.09743
1.09672
1.09601
1.09529
1.09457
1.09384
1.09311
1.09237
1.09162
1.09086
1.09009
1.08931
1.08851
1.08769
1.08686
1.08602
1.08515
1.08427
1.08336
1.08244
1.0815
1.08053
1.07955
1.07855
1.07753
1.07649
1.07543
1.07435
1.07326
1.07215
1.07102
1.06989
1.06874
1.06758
1.06642
1.06525
1.06408
1.06291
1.06175
1.06058
1.05943
1.05829
1.05716
1.05605
1.05496
1.05389
1.05285
1.05184
1.05086
1.04992
1.04903
1.04817
1.04737
1.04661
1.04591
1.04526
1.04468
1.04416
1.0437
1.04332
1.043
1.04276
1.0426
1.04251
1.04251
1.04258
1.04274
1.04298
1.04331
1.04373
1.04422
1.04481
1.04548
1.04623
1.04707
1.04799
1.04899
1.05007
1.05123
1.05246
1.05377
1.05515
1.05659
1.0581
1.05967
1.0613
1.06298
1.06471
1.06649
1.06832
1.07018
1.07208
1.07401
1.07597
1.07795
1.07995
1.08197
1.084
1.08603
1.08808
1.09012
1.09215
1.09419
1.09621
1.09822
1.10021
1.10218
1.10414
1.10606
1.10796
1.10983
1.11167
1.11347
1.11524
1.11697
1.11867
1.12033
1.12194
1.12351
1.12505
1.12654
1.12799
1.1294
1.13076
1.13208
1.13336
1.13461
1.13581
1.13697
1.13809
1.13917
1.14022
1.14123
1.14221
1.14315
1.14407
1.14495
1.1458
1.14663
1.14743
1.14821
1.14897
1.14971
1.15043
1.15113
1.15181
1.15248
1.15314
1.15379
1.15442
1.15505
1.15567
1.15628
1.15689
1.15749
1.15809
1.15868
1.15928
1.15987
1.16046
1.16106
1.16165
1.16225
1.16284
1.16344
1.16404
1.16464
1.16524
1.16585
1.16645
1.16706
1.16766
1.16826
1.16887
1.16947
1.17006
1.17066
1.17125
1.17184
1.17242
1.173
1.17357
1.17413
1.17468
1.17523
1.17576
1.17628
1.1768
1.17729
1.17778
1.17825
1.17871
1.17915
1.17957
1.17998
1.18037
1.18074
1.18109
1.18142
1.18174
1.18203
1.18231
1.18256
1.18279
1.183
1.18319
1.18336
1.18351
1.18364
1.18375
1.18384
1.1839
1.18395
1.18397
1.18398
1.18396
1.18393
1.18388
1.18381
1.18372
1.18362
1.18349
1.18335
1.1832
1.18303
1.18284
1.18264
1.18243
1.1822
1.18196
1.1817
1.18143
1.18116
1.18087
1.18057
1.18026
1.17994
1.17961
1.17927
1.17892
1.17856
1.17819
1.17782
1.17744
1.17705
1.17665
1.17624
1.17583
1.17541
1.17498
1.17455
1.1741
1.17365
1.1732
1.17273
1.17226
1.17178
1.17129
1.1708
1.1703
1.16979
1.16927
1.16875
1.16822
1.16768
1.16714
1.16659
1.16603
1.16546
1.16488
1.1643
1.16371
1.16311
1.16251
1.16189
1.16127
1.16064
1.16001
1.15936
1.15871
1.15805
1.15738
1.1567
1.15601
1.15532
1.15461
1.1539
1.15317
1.15244
1.15169
1.15093
1.15016
1.14938
1.14859
1.14778
1.14695
1.14611
1.14526
1.14439
1.1435
1.14259
1.14167
1.14073
1.13977
1.13879
1.13779
1.13677
1.13573
1.13466
1.13357
1.13246
1.13133
1.13017
1.12899
1.12779
1.12656
1.12531
1.12404
1.12275
1.12144
1.1201
1.11875
1.11738
1.116
1.1146
1.1132
1.11178
1.11036
1.10894
1.10751
1.1061
1.10469
1.10329
1.10191
1.10056
1.09923
1.09793
1.09667
1.09545
1.09429
1.09318
1.09213
1.09115
1.09024
1.08941
1.08867
1.08802
1.08747
1.08702
1.08668
1.08646
1.08636
1.08638
1.08653
1.08682
1.08724
1.0878
1.0885
1.08935
1.09034
1.09147
1.09275
1.09417
1.09574
1.09745
1.0993
1.10128
1.1034
1.10565
1.10802
1.11052
1.11313
1.11585
1.11867
1.12159
1.1246
1.1277
1.13087
1.13411
1.13742
1.14078
1.1442
1.14765
1.15114
1.15466
1.1582
1.16175
1.16532
1.16888
1.17245
1.176
1.17955
1.18307
1.18656
1.19003
1.19347
1.19686
1.20022
1.20353
1.20679
1.21
1.21316
1.21626
1.2193
1.22228
1.2252
1.22805
1.23084
1.23356
1.23622
1.2388
1.24132
1.24376
1.24614
1.24845
1.25068
1.25285
1.25495
1.25697
1.25893
1.26082
1.26265
1.2644
1.26609
1.26772
1.26928
1.27078
1.27222
1.2736
1.27491
1.27617
1.27737
1.27852
1.2796
1.28064
1.28162
1.28255
1.28343
1.28426
1.28503
1.28577
1.28645
1.28709
1.28769
1.28824
1.28875
1.28922
1.28964
1.29002
1.29037
1.29067
1.29094
1.29116
1.29135
1.2915
1.29162
1.2917
1.29174
1.29174
1.29171
1.29164
1.29153
1.29139
1.2912
1.29098
1.29073
1.29043
1.2901
1.28973
1.28932
1.28888
1.28839
1.28787
1.2873
1.2867
1.28605
1.28537
1.28464
1.28387
1.28306
1.28221
1.28131
1.28038
1.2794
1.27838
1.27732
1.27621
1.27507
1.27388
1.27265
1.27138
1.27007
1.26871
1.26732
1.26589
1.26441
1.2629
1.26135
1.25976
1.25814
1.25648
1.25478
1.25305
1.25129
1.24949
1.24766
1.24579
1.2439
1.24198
1.24002
1.23804
1.23603
1.234
1.23194
1.22985
1.22775
1.22562
1.22347
1.22129
1.2191
1.21689
1.21466
1.21242
1.21016
1.20789
1.2056
1.2033
1.20099
1.19867
1.19634
1.194
1.19165
1.1893
1.18694
1.18458
1.18221
1.17984
1.17747
1.17509
1.17271
1.17034
1.16796
1.16559
1.16321
1.16084
1.15848
1.15611
1.15375
1.15139
1.14904
1.1467
1.14436
1.14202
1.13969
1.13737
1.13506
1.13275
1.13045
1.12816
1.12589
1.12362
1.12136
1.11911
1.11687
1.11465
1.11244
1.11024
1.10806
1.1059
1.10375
1.10162
1.09951
1.09743
1.09536
1.09332
1.0913
1.08932
1.08736
1.08543
1.08353
1.08166
1.07984
1.07805
1.0763
1.07459
1.07293
1.07132
1.06975
1.06824
1.06677
1.06537
1.06402
1.06273
1.0615
1.06034
1.05924
1.05822
1.05726
1.05637
1.05556
1.05483
1.05417
1.05359
1.05309
1.05268
1.05234
1.05209
1.05193
1.05185
1.05185
1.05194
1.05212
1.05238
1.05274
1.05317
1.05369
1.0543
1.05498
1.05575
1.0566
1.05753
1.05853
1.05961
1.06077
1.06199
1.06328
1.06464
1.06606
1.06753
1.06907
1.07066
1.07229
1.07398
1.07571
1.07747
1.07928
1.08112
1.08299
1.08489
1.08681
1.08875
1.09072
1.09269
1.09468
1.09668
1.09868
1.10069
1.1027
1.10471
1.10671
1.10871
1.1107
1.11267
1.11464
1.11659
1.11853
1.12045
1.12235
1.12423
1.12609
1.12792
1.12974
1.13152
1.13329
1.13502
1.13673
1.13841
1.14007
1.14169
1.14329
1.14486
1.14639
1.1479
1.14938
1.15083
1.15225
1.15364
1.155
1.15633
1.15763
1.1589
1.16014
1.16136
1.16254
1.1637
1.16483
1.16593
1.16701
1.16805
1.16908
1.17007
1.17105
1.17199
1.17292
1.17382
1.1747
1.17555
1.17639
1.1772
1.178
1.17877
1.17953
1.18026
1.18098
1.18168
1.18237
1.18304
1.18369
1.18433
1.18496
1.18557
1.18616
1.18675
1.18732
1.18788
1.18844
1.18898
1.18951
1.19003
1.19055
1.19105
1.19155
1.19205
1.19253
1.19301
1.19349
1.19396
1.19442
1.19489
1.19534
1.1958
1.19625
1.1967
1.19715
1.1976
1.19804
1.19849
1.19893
1.19937
1.19981
1.20026
1.2007
1.20115
1.20159
1.20204
1.20248
1.20293
1.20337
1.20382
1.20427
1.20472
1.20516
1.20561
1.20605
1.2065
1.20694
1.20738
1.20781
1.20825
1.20867
1.2091
1.20951
1.20992
1.21032
1.21071
1.21109
1.21147
1.21182
1.21217
1.2125
1.21282
1.21312
1.21341
1.21368
1.21393
1.21416
1.21437
1.21456
1.21472
1.21486
1.21498
1.21508
1.21514
1.21518
1.2152
1.21518
1.21514
1.21507
1.21496
1.21483
1.21467
1.21447
1.21424
1.21399
1.2137
1.21337
1.21302
1.21264
1.21222
1.21177
1.21129
1.21078
1.21023
1.20966
1.20905
1.20841
1.20775
1.20705
1.20632
1.20557
1.20478
1.20397
1.20312
1.20225
1.20135
1.20042
1.19946
1.19848
1.19747
1.19643
1.19537
1.19428
1.19316
1.19202
1.19086
1.18967
1.18846
1.18722
1.18596
1.18467
1.18336
1.18203
1.18068
1.1793
1.1779
1.17648
1.17504
1.17358
1.1721
1.1706
1.16907
1.16753
1.16597
1.16439
1.1628
1.16118
1.15955
1.1579
1.15624
1.15456
1.15287
1.15116
1.14944
1.1477
1.14596
1.1442
1.14243
1.14065
1.13885
1.13705
1.13524
1.13342
1.13159
1.12976
1.12792
1.12607
1.12421
1.12235
1.12048
1.11862
1.11674
1.11486
1.11298
1.1111
1.10921
1.10732
1.10543
1.10353
1.10164
1.09974
1.09784
1.09594
1.09404
1.09215
1.09025
1.08836
1.08646
1.08458
1.0827
1.08082
1.07895
1.07709
1.07524
1.07341
1.07159
1.06978
1.06799
1.06622
1.06448
1.06276
1.06107
1.05942
1.0578
1.05622
1.05469
1.0532
1.05177
1.05039
1.04908
1.04783
1.04665
1.04555
1.04452
1.04358
1.04273
1.04196
1.0413
1.04072
1.04026
1.03989
1.03963
1.03948
1.03944
1.03952
1.0397
1.04
1.04042
1.04094
1.04158
1.04232
1.04317
1.04412
1.04518
1.04634
1.04759
1.04893
1.05036
1.05187
1.05346
1.05512
1.05684
1.05863
1.06048
1.06239
1.06434
1.06633
1.06836
1.07042
1.07252
1.07463
1.07677
1.07892
1.08108
1.08325
1.08543
1.0876
1.08977
1.09193
1.09409
1.09623
1.09835
1.10046
1.10255
1.10462
1.10666
1.10867
1.11066
1.11262
1.11455
1.11644
1.11831
1.12013
1.12192
1.12368
1.12539
1.12707
1.1287
1.1303
1.13185
1.13336
1.13482
1.13625
1.13762
1.13895
1.14024
1.14147
1.14266
1.14381
1.1449
1.14594
1.14694
1.14789
1.14878
1.14963
1.15042
1.15117
1.15186
1.15251
1.1531
1.15364
1.15412
1.15456
1.15494
1.15528
1.15556
1.15579
1.15597
1.1561
1.15618
1.15621
1.15618
1.15611
1.15599
1.15583
1.15561
1.15535
1.15504
1.15468
1.15428
1.15383
1.15334
1.15281
1.15223
1.15161
1.15095
1.15025
1.1495
1.14872
1.1479
1.14705
1.14615
1.14523
1.14426
1.14326
1.14223
1.14117
1.14008
1.13895
1.1378
1.13662
1.13541
1.13417
1.13291
1.13162
1.13031
1.12898
1.12762
1.12624
1.12485
1.12343
1.12199
1.12054
1.11908
1.11759
1.1161
1.11459
1.11306
1.11153
1.10998
1.10843
1.10687
1.1053
1.10372
1.10214
1.10056
1.09898
1.09739
1.09581
1.09423
1.09265
1.09108
1.08951
1.08795
1.0864
1.08487
1.08334
1.08183
1.08033
1.07885
1.07739
1.07595
1.07454
1.07314
1.07177
1.07043
1.06912
1.06783
1.06658
1.06536
1.06418
1.06303
1.06192
1.06085
1.05982
1.05883
1.05788
1.05698
1.05612
1.05531
1.05455
1.05383
1.05316
1.05254
1.05198
1.05146
1.051
1.05058
1.05022
1.04991
1.04966
1.04946
1.04931
1.04921
1.04917
1.04917
1.04923
1.04934
1.0495
1.04971
1.04996
1.05027
1.05062
1.05101
1.05145
1.05193
1.05246
1.05302
1.05362
1.05426
1.05493
1.05564
1.05638
1.05715
1.05795
1.05877
1.05962
1.0605
1.06139
1.0623
1.06323
1.06418
1.06514
1.06611
1.06709
1.06809
1.06909
1.07009
1.0711
1.07212
1.07313
1.07414
1.07515
1.07616
1.07716
1.07815
1.07914
1.08012
1.08108
1.08204
1.08298
1.0839
1.08481
1.08569
1.08656
1.08741
1.08824
1.08904
1.08982
1.09057
1.0913
1.092
1.09267
1.0933
1.09391
1.09449
1.09504
1.09555
1.09603
1.09647
1.09689
1.09726
1.09761
1.09792
1.09819
1.09843
1.09864
1.09882
1.09897
1.09909
1.09918
1.09925
1.09929
1.0993
1.0993
1.09928
1.09924
1.09919
1.09912
1.09906
1.09898
1.09891
1.09884
1.09877
1.09871
1.09867
1.09864
1.09863
1.09864
1.09869
1.09876
1.09887
1.09901
1.0992
1.09942
1.0997
1.10002
1.1004
1.10083
1.10131
1.10185
1.10245
1.10312
1.10384
1.10464
1.10549
1.10641
1.10739
1.10844
1.10956
1.11074
1.11198
1.11328
1.11465
1.11608
1.11756
1.11911
1.12071
1.12236
1.12407
1.12583
1.12763
1.12949
1.13138
1.13331
1.13528
1.13729
1.13933
1.1414
1.14349
1.14561
1.14775
1.14991
1.15208
1.15427
1.15646
1.15866
1.16087
1.16308
1.16528
1.16749
1.16969
1.17188
1.17406
1.17622
1.17838
1.18051
1.18263
1.18472
1.18679
1.18884
1.19086
1.19285
1.19481
1.19675
1.19865
1.20051
1.20235
1.20414
1.2059
1.20763
1.20932
1.21096
1.21257
1.21414
1.21568
1.21717
1.21862
1.22003
1.22141
1.22274
1.22403
1.22529
1.22651
1.22769
1.22883
1.22994
1.23101
1.23205
1.23305
1.23401
1.23494
1.23584
1.23671
1.23755
1.23835
1.23913
1.23988
1.2406
1.2413
1.24197
1.24262
1.24324
1.24384
1.24442
1.24498
1.24551
1.24603
1.24653
1.24701
1.24747
1.24791
1.24834
1.24875
1.24914
1.24952
1.24988
1.25022
1.25055
1.25086
1.25115
1.25142
1.25168
1.25192
1.25214
1.25235
1.25253
1.2527
1.25284
1.25297
1.25308
1.25316
1.25323
1.25327
1.25328
1.25328
1.25325
1.25319
1.25311
1.25301
1.25287
1.25271
1.25253
1.25231
1.25207
1.2518
1.2515
1.25117
1.25081
1.25042
1.25001
1.24956
1.24908
1.24858
1.24805
1.24748
1.24689
1.24627
1.24563
1.24496
1.24426
1.24354
1.24279
1.24202
1.24122
1.24041
1.23957
1.23871
1.23783
1.23694
1.23602
1.23509
1.23415
1.23319
1.23222
1.23124
1.23024
1.22924
1.22823
1.22722
1.2262
1.22517
1.22414
1.22311
1.22208
1.22105
1.22002
1.219
1.21797
1.21695
1.21594
1.21493
1.21392
1.21293
1.21194
1.21096
1.20999
1.20903
1.20808
1.20714
1.20621
1.20529
1.20439
1.20349
1.20261
1.20175
1.20089
1.20005
1.19922
1.1984
1.19759
1.1968
1.19602
1.19525
1.1945
1.19376
1.19302
1.19231
1.1916
1.19091
1.19023
1.18956
1.18891
1.18826
1.18764
1.18702
1.18642
1.18583
1.18525
1.18469
1.18414
1.18361
1.18308
1.18258
1.18209
1.18161
1.18115
1.1807
1.18028
1.17986
1.17947
1.17909
1.17873
1.17839
1.17807
1.17776
1.17748
1.17722
1.17697
1.17675
1.17655
1.17637
1.17621
1.17607
1.17595
1.17585
1.17578
1.17572
1.17568
1.17567
1.17567
1.17569
1.17573
1.17579
1.17587
1.17596
1.17607
1.17619
1.17633
1.17647
1.17663
1.1768
1.17697
1.17715
1.17733
1.17752
1.1777
1.17789
1.17807
1.17825
1.17843
1.17859
1.17874
1.17888
1.17901
1.17912
1.17921
1.17928
1.17933
1.17936
1.17937
1.17934
1.17929
1.17921
1.1791
1.17896
1.17878
1.17857
1.17832
1.17804
1.17772
1.17737
1.17697
1.17654
1.17607
1.17556
1.17502
1.17444
1.17382
1.17316
1.17247
1.17174
1.17098
1.17018
1.16935
1.16849
1.16761
1.16669
1.16575
1.16478
1.1638
1.16279
1.16176
1.16072
1.15967
1.15861
1.15753
1.15645
1.15537
1.15428
1.1532
1.15212
1.15105
1.14999
1.14893
1.1479
1.14688
1.14587
1.14489
1.14393
1.143
1.14209
1.14121
1.14036
1.13955
1.13876
1.13801
1.1373
1.13663
1.13599
1.13539
1.13483
1.13432
1.13384
1.1334
1.13301
1.13266
1.13234
1.13207
1.13184
1.13164
1.13149
1.13137
1.1313
1.13126
1.13126
1.13129
1.13136
1.13146
1.13159
1.13175
1.13195
1.13217
1.13242
1.13269
1.13299
1.13332
1.13366
1.13403
1.13442
1.13482
1.13524
1.13567
1.13612
1.13657
1.13704
1.13752
1.13801
1.1385
1.139
1.1395
1.14
1.14051
1.14101
1.14152
1.14202
1.14253
1.14302
1.14352
1.14401
1.14449
1.14497
1.14544
1.1459
1.14635
1.1468
1.14723
1.14766
1.14808
1.14849
1.14889
1.14928
1.14965
1.15002
1.15038
1.15073
1.15107
1.1514
1.15173
1.15204
1.15235
1.15265
1.15295
1.15323
1.15352
1.1538
1.15407
1.15434
1.15461
1.15487
1.15514
1.15539
1.15565
1.15591
1.15616
1.15641
1.15667
1.15692
1.15717
1.15742
1.15767
1.15792
1.15817
1.15842
1.15867
1.15891
1.15915
1.15939
1.15963
1.15986
1.16009
1.16031
1.16052
1.16073
1.16093
1.16112
1.1613
1.16147
1.16163
1.16177
1.16191
1.16202
1.16213
1.16221
1.16228
1.16234
1.16237
1.16239
1.16238
1.16236
1.16231
1.16225
1.16217
1.16206
1.16194
1.1618
1.16164
1.16146
1.16126
1.16105
1.16082
1.16058
1.16032
1.16006
1.15978
1.15949
1.1592
1.1589
1.1586
1.15829
1.15798
1.15768
1.15737
1.15707
1.15677
1.15647
1.15618
1.1559
1.15563
1.15537
1.15511
1.15486
1.15462
1.15439
1.15416
1.15394
1.15372
1.1535
1.15328
1.15306
1.15284
1.15262
1.15238
1.15214
1.15188
1.1516
1.1513
1.15099
1.15064
1.15028
1.14988
1.14944
1.14897
1.14847
1.14792
1.14734
1.14671
1.14603
1.14531
1.14455
1.14373
1.14287
1.14197
1.14101
1.14001
1.13897
1.13788
1.13675
1.13558
1.13438
1.13315
1.13188
1.1306
1.12929
1.12796
1.12662
1.12528
1.12393
1.12258
1.12124
1.11992
1.11862
1.11733
1.11608
1.11487
1.11369
1.11256
1.11147
1.11044
1.10947
1.10856
1.10771
1.10692
1.10621
1.10556
1.10498
1.10448
1.10404
1.10368
1.10339
1.10316
1.103
1.1029
1.10287
1.10289
1.10296
1.10308
1.10325
1.10345
1.10369
1.10396
1.10425
1.10456
1.10489
1.10522
1.10555
1.10588
1.1062
1.10651
1.1068
1.10707
1.1073
1.1075
1.10766
1.10778
1.10786
1.10788
1.10784
1.10775
1.1076
1.10738
1.10709
1.10673
1.1063
1.1058
1.10522
1.10456
1.10382
1.103
1.1021
1.10111
1.10004
1.09888
1.09764
1.09632
1.09491
1.09342
1.09184
1.09018
1.08844
1.08662
1.08471
1.08273
1.08068
1.07855
1.07634
1.07407
1.07173
1.06932
1.06685
1.06432
1.06174
1.0591
1.05641
1.05368
1.0509
1.04809
1.04524
1.04237
1.03947
1.03655
1.03361
1.03066
1.0277
1.02474
1.02179
1.01884
1.0159
1.01298
1.01009
1.00722
1.00438
1.00158
0.998819
0.996106
0.993443
0.990837
0.98829
0.985808
0.983393
0.98105
0.978783
0.976595
0.974489
0.972469
0.970537
0.968695
0.966947
0.965294
0.963738
0.962281
0.960923
0.959667
0.958513
0.957461
0.956511
0.955664
0.954919
0.954276
0.953735
0.953294
0.952954
0.952711
0.952565
0.952514
0.952556
0.95269
0.952913
0.953224
0.953618
0.954095
0.954652
0.955287
0.955995
0.956775
0.957623
0.958537
0.959512
0.960548
0.961639
0.962784
0.963979
0.96522
0.966506
0.967831
0.969195
0.970594
0.972023
0.97348
0.974962
0.976466
0.977989
0.979527
0.981078
0.982639
0.984206
0.985779
0.987352
0.988925
0.990494
0.992057
0.993611
0.995155
0.996686
0.998202
0.999701
1.00118
1.00264
1.00408
1.0055
1.00689
1.00825
1.00959
1.0109
1.01218
1.01342
1.01464
1.01583
1.01698
1.01811
1.0192
1.02025
1.02128
1.02227
1.02323
1.02416
1.02506
1.02592
1.02676
1.02757
1.02835
1.02911
1.02984
1.03054
1.03122
1.03188
1.03251
1.03312
1.03371
1.03429
1.03485
1.03539
1.03592
1.03644
1.03695
1.03744
1.03793
1.03841
1.03888
1.03935
1.03982
1.04028
1.04074
1.04121
1.04167
1.04214
1.04261
1.04308
1.04356
1.04404
1.04453
1.04503
1.04554
1.04606
1.04658
1.04712
1.04767
1.04823
1.0488
1.04938
1.04998
1.05059
1.05121
1.05184
1.05249
1.05316
1.05383
1.05453
1.05523
1.05595
1.05668
1.05743
1.05819
1.05897
1.05975
1.06056
1.06137
1.0622
1.06303
1.06388
1.06474
1.06561
1.06649
1.06738
1.06828
1.06919
1.0701
1.07102
1.07194
1.07287
1.0738
1.07474
1.07568
1.07661
1.07755
1.07849
1.07942
1.08035
1.08128
1.0822
1.08311
1.08401
1.08491
1.0858
1.08667
1.08753
1.08838
1.08922
1.09004
1.09085
1.09164
1.09241
1.09316
1.0939
1.09461
1.09531
1.09598
1.09664
1.09727
1.09788
1.09846
1.09902
1.09956
1.10008
1.10056
1.10103
1.10147
1.10188
1.10227
1.10263
1.10296
1.10327
1.10355
1.1038
1.10403
1.10423
1.1044
1.10454
1.10466
1.10474
1.1048
1.10483
1.10483
1.1048
1.10475
1.10466
1.10454
1.1044
1.10422
1.10401
1.10378
1.10351
1.10322
1.10289
1.10254
1.10215
1.10174
1.1013
1.10084
1.10034
1.09982
1.09928
1.09871
1.09812
1.09751
1.09687
1.09622
1.09555
1.09487
1.09417
1.09345
1.09273
1.092
1.09126
1.09052
1.08977
1.08903
1.08829
1.08756
1.08684
1.08612
1.08542
1.08474
1.08407
1.08343
1.0828
1.08221
1.08163
1.08109
1.08058
1.0801
1.07965
1.07924
1.07886
1.07852
1.07821
1.07794
1.07771
1.07751
1.07735
1.07723
1.07714
1.07708
1.07706
1.07707
1.07711
1.07718
1.07727
1.07739
1.07754
1.0777
1.07789
1.07809
1.0783
1.07853
1.07877
1.07901
1.07926
1.07951
1.07977
1.08002
1.08027
1.08052
1.08076
1.08099
1.08121
1.08142
1.08162
1.0818
1.08197
1.08212
1.08226
1.08237
1.08247
1.08255
1.0826
1.08264
1.08265
1.08265
1.08262
1.08257
1.0825
1.08241
1.08229
1.08216
1.08201
1.08184
1.08166
1.08145
1.08124
1.08101
1.08076
1.08051
1.08024
1.07997
1.07969
1.07941
1.07912
1.07883
1.07855
1.07826
1.07798
1.07771
1.07745
1.0772
1.07696
1.07674
1.07653
1.07635
1.07618
1.07604
1.07593
1.07584
1.07578
1.07576
1.07576
1.0758
1.07588
1.07599
1.07614
1.07633
1.07656
1.07683
1.07714
1.07749
1.07788
1.07832
1.07879
1.0793
1.07986
1.08045
1.08108
1.08174
1.08245
1.08318
1.08395
1.08474
1.08557
1.08642
1.08729
1.08819
1.0891
1.09003
1.09098
1.09194
1.0929
1.09387
1.09485
1.09583
1.0968
1.09777
1.09874
1.09969
1.10064
1.10157
1.10248
1.10338
1.10426
1.10511
1.10594
1.10675
1.10752
1.10827
1.10899
1.10968
1.11033
1.11095
1.11154
1.11209
1.1126
1.11307
1.11351
1.11392
1.11428
1.11461
1.1149
1.11516
1.11537
1.11555
1.11569
1.1158
1.11586
1.1159
1.1159
1.11587
1.1158
1.1157
1.11557
1.11541
1.11523
1.11501
1.11477
1.1145
1.1142
1.11389
1.11355
1.11319
1.11282
1.11242
1.11201
1.11159
1.11115
1.1107
1.11024
1.10977
1.10929
1.10881
1.10833
1.10784
1.10735
1.10686
1.10638
1.1059
1.10543
1.10496
1.1045
1.10406
1.10362
1.10321
1.10281
1.10242
1.10206
1.10171
1.10139
1.10109
1.10082
1.10058
1.10036
1.10017
1.10001
1.09988
1.09978
1.09972
1.09969
1.09969
1.09973
1.0998
1.0999
1.10004
1.10021
1.10042
1.10066
1.10093
1.10123
1.10156
1.10192
1.1023
1.10271
1.10315
1.10361
1.10409
1.10458
1.1051
1.10562
1.10616
1.10671
1.10726
1.10782
1.10838
1.10894
1.1095
1.11005
1.1106
1.11114
1.11166
1.11217
1.11267
1.11314
1.11359
1.11402
1.11443
1.11481
1.11516
1.11548
1.11577
1.11603
1.11626
1.11645
1.11661
1.11673
1.11681
1.11686
1.11687
1.11685
1.11678
1.11668
1.11655
1.11638
1.11617
1.11592
1.11564
1.11533
1.11499
1.11461
1.1142
1.11377
1.11331
1.11282
1.1123
1.11176
1.1112
1.11062
1.11002
1.1094
1.10877
1.10812
1.10746
1.10679
1.10611
1.10543
1.10474
1.10404
1.10335
1.10265
1.10196
1.10127
1.10059
1.09991
1.09924
1.09858
1.09793
1.0973
1.09668
1.09607
1.09549
1.09492
1.09437
1.09384
1.09334
1.09286
1.0924
1.09198
1.09157
1.0912
1.09086
1.09054
1.09026
1.09001
1.08979
1.0896
1.08945
1.08933
1.08924
1.08919
1.08917
1.08919
1.08924
1.08933
1.08945
1.08961
1.0898
1.09003
1.09029
1.09058
1.09091
1.09127
1.09166
1.09209
1.09254
1.09303
1.09354
1.09408
1.09465
1.09525
1.09587
1.09651
1.09718
1.09786
1.09857
1.09929
1.10003
1.10078
1.10155
1.10233
1.10312
1.10391
1.10471
1.10552
1.10633
1.10714
1.10795
1.10876
1.10957
1.11037
1.11117
1.11196
1.11275
1.11352
1.11428
1.11503
1.11577
1.1165
1.11721
1.11791
1.11859
1.11926
1.11991
1.12055
1.12116
1.12177
1.12235
1.12292
1.12348
1.12402
1.12454
1.12504
1.12553
1.126
1.12646
1.12691
1.12733
1.12774
1.12814
1.12852
1.12889
1.12924
1.12957
1.12989
1.13019
1.13048
1.13075
1.131
1.13124
1.13145
1.13165
1.13183
1.13198
1.13211
1.13223
1.13231
1.13238
1.13242
1.13243
1.13241
1.13237
1.1323
1.1322
1.13207
1.13191
1.13171
1.13149
1.13123
1.13095
1.13062
1.13027
1.12988
1.12946
1.12901
1.12852
1.12799
1.12744
1.12685
1.12623
1.12557
1.12489
1.12417
1.12341
1.12263
1.12182
1.12097
1.1201
1.1192
1.11827
1.11731
1.11632
1.11531
1.11428
1.11322
1.11213
1.11103
1.10991
1.10876
1.1076
1.10642
1.10523
1.10402
1.1028
1.10157
1.10034
1.09909
1.09785
1.0966
1.09535
1.0941
1.09286
1.09162
1.0904
1.08918
1.08798
1.0868
1.08563
1.08449
1.08338
1.08229
1.08123
1.08021
1.07922
1.07828
1.07737
1.07652
1.07571
1.07496
1.07426
1.07361
1.07303
1.07251
1.07206
1.07167
1.07135
1.07111
1.07093
1.07083
1.07081
1.07086
1.07099
1.07119
1.07147
1.07182
1.07225
1.07275
1.07332
1.07396
1.07467
1.07544
1.07628
1.07717
1.07811
1.07911
1.08016
1.08125
1.08237
1.08354
1.08473
1.08594
1.08718
1.08844
1.0897
1.09097
1.09225
1.09352
1.09479
1.09604
1.09729
1.09852
1.09972
1.1009
1.10206
1.10318
1.10427
1.10532
1.10634
1.10732
1.10826
1.10915
1.11
1.11081
1.11157
1.11229
1.11297
1.11359
1.11418
1.11472
1.11522
1.11567
1.11609
1.11646
1.1168
1.11709
1.11736
1.11759
1.11779
1.11796
1.1181
1.11821
1.1183
1.11837
1.11842
1.11845
1.11846
1.11846
1.11844
1.11842
1.11839
1.11834
1.1183
1.11824
1.11819
1.11813
1.11807
1.11801
1.11795
1.11789
1.11783
1.11778
1.11772
1.11767
1.11762
1.11758
1.11753
1.11749
1.11745
1.1174
1.11736
1.11732
1.11728
1.11723
1.11718
1.11712
1.11706
1.117
1.11692
1.11684
1.11675
1.11665
1.11654
1.11642
1.11628
1.11614
1.11598
1.11581
1.11563
1.11543
1.11522
1.115
1.11476
1.11451
1.11425
1.11397
1.11369
1.11339
1.11309
1.11277
1.11245
1.11212
1.11178
1.11144
1.11109
1.11075
1.1104
1.11005
1.1097
1.10936
1.10902
1.10869
1.10836
1.10804
1.10774
1.10744
1.10716
1.10689
1.10663
1.10639
1.10617
1.10596
1.10577
1.1056
1.10545
1.10531
1.1052
1.10511
1.10504
1.10498
1.10495
1.10494
1.10495
1.10497
1.10502
1.10509
1.10518
1.10528
1.10541
1.10556
1.10572
1.1059
1.1061
1.10632
1.10656
1.10681
1.10709
1.10738
1.10768
1.108
1.10834
1.1087
1.10907
1.10946
1.10986
1.11028
1.11071
1.11116
1.11162
1.1121
1.1126
1.11311
1.11363
1.11417
1.11472
1.11529
1.11587
1.11647
1.11708
1.1177
1.11834
1.11899
1.11966
1.12034
1.12103
1.12173
1.12245
1.12318
1.12392
1.12467
1.12543
1.1262
1.12698
1.12777
1.12857
1.12937
1.13018
1.131
1.13182
1.13265
1.13349
1.13433
1.13517
1.13601
1.13686
1.1377
1.13855
1.13939
1.14023
1.14107
1.14191
1.14274
1.14357
1.14439
1.14521
1.14602
1.14682
1.14761
1.14839
1.14916
1.14992
1.15066
1.15139
1.15211
1.15281
1.1535
1.15417
1.15482
1.15545
1.15607
1.15666
1.15724
1.15779
1.15833
1.15884
1.15933
1.15979
1.16023
1.16065
1.16104
1.1614
1.16174
1.16206
1.16234
1.1626
1.16283
1.16303
1.1632
1.16334
1.16345
1.16353
1.16357
1.16359
1.16358
1.16353
1.16345
1.16334
1.16319
1.16301
1.1628
1.16255
1.16227
1.16195
1.1616
1.16121
1.16079
1.16033
1.15984
1.15931
1.15874
1.15815
1.15751
1.15684
1.15613
1.15539
1.15462
1.1538
1.15296
1.15208
1.15116
1.15021
1.14923
1.14821
1.14716
1.14608
1.14496
1.14381
1.14263
1.14142
1.14019
1.13892
1.13762
1.1363
1.13495
1.13357
1.13218
1.13075
1.12931
1.12785
1.12636
1.12486
1.12335
1.12182
1.12027
1.11872
1.11716
1.11559
1.11402
1.11244
1.11087
1.1093
1.10773
1.10618
1.10463
1.1031
1.10159
1.1001
1.09863
1.09718
1.09577
1.09439
1.09305
1.09175
1.09049
1.08928
1.08811
1.087
1.08595
1.08496
1.08403
1.08316
1.08237
1.08164
1.08099
1.08042
1.07992
1.07951
1.07917
1.07892
1.07876
1.07868
1.07869
1.07878
1.07896
1.07922
1.07958
1.08001
1.08054
1.08114
1.08183
1.0826
1.08345
1.08438
1.08538
