-5.07851
-5.08079
-5.08307
-5.08551
-5.08795
-5.09023
-5.09282
-5.09524
-5.09736
-5.09946
-5.102
-5.10392
-5.10598
-5.10831
-5.11093
-5.11277
-5.11504
-5.11682
-5.11888
-5.12106
-5.1232
-5.12516
-5.12678
-5.12866
-5.13036
-5.13201
-5.13408
-5.1358
-5.13748
-5.13911
-5.14056
-5.1421
-5.1433
-5.14475
-5.14631
-5.14767
-5.14883
-5.14995
-5.15086
-5.15218
-5.15361
-5.15468
-5.15571
-5.15653
-5.15746
-5.15834
-5.15933
-5.16011
-5.16085
-5.16095
-5.16144
-5.16235
-5.16246
-5.16298
-5.1633
-5.16358
-5.16397
-5.16387
-5.16387
-5.16414
-5.16451
-5.16485
-5.1647
-5.16466
-5.16458
-5.16462
-5.16462
-5.16428
-5.1642
-5.16409
-5.1638
-5.16377
-5.1634
-5.16315
-5.16272
-5.1624
-5.16189
-5.1612
-5.16078
-5.16017
-5.15968
-5.15915
-5.15844
-5.15784
-5.15691
-5.15609
-5.15508
-5.15449
-5.15402
-5.15336
-5.15281
-5.15207
-5.15145
-5.15063
-5.14962
-5.14857
-5.14733
-5.14575
-5.14473
-5.14351
-5.14195
-5.14049
-5.13899
-5.13729
-5.136
-5.13467
-5.13283
-5.13109
-5.12931
-5.12809
-5.12651
-5.12474
-5.12276
-5.12104
-5.11912
-5.11715
-5.11498
-5.11261
-5.11094
-5.10893
-5.10686
-5.1046
-5.10244
-5.10008
-5.09783
-5.09507
-5.09273
-5.0905
-5.08761
-5.08499
-5.08249
-5.07979
-5.0772
-5.07428
-5.07162
-5.06909
-5.06592
-5.06317
-5.06041
-5.05731
-5.0542
-5.05106
-5.04821
-5.0452
-5.04188
-5.039
-5.03626
-5.03338
-5.03034
-5.02731
-5.02428
-5.02141
-5.01856
-5.01557
-5.01275
-5.00951
-5.00643
-5.00309
-5.00053
-4.99785
-4.99491
-4.99247
-4.98976
-4.9868
-4.98449
-4.98193
-4.97973
-4.97728
-4.97504
-4.97271
-4.97028
-4.96793
-4.96549
-4.96356
-4.96156
-4.95993
-4.95792
-4.95613
-4.95442
-4.95308
-4.95152
-4.94988
-4.94831
-4.94728
-4.94602
-4.94483
-4.94358
-4.9427
-4.94219
-4.94131
-4.94081
-4.94023
-4.93973
-4.93945
-4.93909
-4.93865
-4.93828
-4.93798
-4.93775
-4.93789
-4.9378
-4.93792
-4.93826
-4.93836
-4.93822
-4.93829
-4.93858
-4.93877
-4.93933
-4.93994
-4.94046
-4.94104
-4.94167
-4.94236
-4.94295
-4.94359
-4.94398
-4.94503
-4.94598
-4.94698
-4.94803
-4.94943
-4.95027
-4.95191
-4.9533
-4.95444
-4.95561
-4.95714
-4.9587
-4.95986
-4.96121
-4.96275
-4.96448
-4.96639
-4.9682
-4.96974
-4.97161
-4.97352
-4.97561
-4.97744
-4.97929
-4.98117
-4.98293
-4.98501
-4.98667
-4.98881
-4.99097
-4.99301
-4.99491
-4.99698
-4.99953
-5.00164
-5.00346
-5.0059
-5.00821
-5.01053
-5.01286
-5.01475
-5.01649
-5.0187
-5.02091
-5.02358
-5.0258
-5.02817
-5.03009
-5.03232
-5.03484
-5.03721
-5.03912
-5.04117
-5.04352
-5.04556
-5.04758
-5.04945
-5.05145
-5.05358
-5.05555
-5.05765
-5.05972
-5.06268
-5.06502
-5.06687
-5.06869
-5.07063
-5.07269
-5.07441
-5.0764
-5.0782
-5.08027
-5.08168
-5.08351
-5.08513
-5.08671
-5.08794
-5.08941
-5.09099
-5.0925
-5.09411
-5.09536
-5.09685
-5.09828
-5.09934
-5.10033
-5.1014
-5.10271
-5.10349
-5.10421
-5.10484
-5.10571
-5.1062
-5.10615
-5.10664
-5.10705
-5.10708
-5.10733
-5.10735
-5.10714
-5.10685
-5.10678
-5.10633
-5.1058
-5.10549
-5.10495
-5.10464
-5.10395
-5.10333
-5.10234
-5.10172
-5.10043
-5.09892
-5.09794
-5.0969
-5.09595
-5.09493
-5.09355
-5.09227
-5.09063
-5.08863
-5.0869
-5.08496
-5.08329
-5.08158
-5.07969
-5.07777
-5.07613
-5.07416
-5.07248
-5.07049
-5.06849
-5.06649
-5.06449
-5.0628
-5.06082
-5.05916
-5.05752
-5.0556
-5.05402
-5.05232
-5.05051
-5.04904
-5.04747
-5.04625
-5.04478
-5.04292
-5.04127
-5.03998
-5.03876
-5.0376
-5.03651
-5.0355
-5.0347
-5.03353
-5.03273
-5.03216
-5.0315
-5.03123
-5.03057
-5.03013
-5.02961
-5.02961
-5.02953
-5.02936
-5.02895
-5.02905
-5.0286
-5.02866
-5.02877
-5.02878
-5.02883
-5.02923
-5.02952
-5.02985
-5.03021
-5.0306
-5.03102
-5.03131
-5.03178
-5.03197
-5.03202
-5.03255
-5.03309
-5.0338
-5.03407
-5.03449
-5.03493
-5.03567
-5.03582
-5.03657
-5.03718
-5.03778
-5.03824
-5.03855
-5.039
-5.03946
-5.04036
-5.04111
-5.04156
-5.042
-5.04274
-5.04392
-5.0448
-5.04537
-5.04577
-5.04602
-5.04686
-5.04769
-5.04821
-5.04871
-5.0492
-5.04968
-5.05029
-5.05059
-5.05087
-5.05159
-5.05213
-5.05267
-5.05273
-5.05322
-5.05354
-5.05414
-5.05442
-5.05467
-5.0546
-5.05511
-5.05545
-5.05531
-5.05574
-5.056
-5.05608
-5.05614
-5.05617
-5.05602
-5.05615
-5.05609
-5.05586
-5.0559
-5.05607
-5.05621
-5.05601
-5.05579
-5.05538
-5.05495
-5.05449
-5.05415
-5.05393
-5.05337
-5.05279
-5.05233
-5.05184
-5.05102
-5.05001
-5.05004
-5.04973
-5.04909
-5.04812
-5.04757
-5.047
-5.04654
-5.04575
-5.04479
-5.04424
-5.04322
-5.04217
-5.04109
-5.04043
-5.03945
-5.03829
-5.03711
-5.03605
-5.03497
-5.03386
-5.03274
-5.03158
-5.03072
-5.02968
-5.02832
-5.02724
-5.02615
-5.02475
-5.02348
-5.02251
-5.02107
-5.01978
-5.01849
-5.01704
-5.01604
-5.01474
-5.0133
-5.01201
-5.01027
-5.009
-5.00774
-5.00634
-5.00511
-5.00405
-5.00301
-5.00169
-5.0001
-4.99883
-4.9979
-4.99685
-4.99583
-4.9947
-4.99391
-4.99331
-4.99229
-4.99147
-4.9907
-4.99012
-4.98959
-4.98895
-4.98851
-4.98767
-4.98688
-4.98644
-4.9862
-4.98586
-4.98573
-4.98549
-4.98515
-4.98486
-4.98507
-4.98458
-4.98429
-4.98449
-4.98429
-4.98474
-4.98493
-4.98501
-4.98513
-4.98514
-4.98549
-4.98603
-4.98615
-4.9866
-4.98709
-4.9876
-4.98815
-4.98856
-4.98931
-4.99008
-4.99102
-4.99137
-4.99234
-4.99318
-4.99388
-4.99474
-4.99531
-4.99589
-4.99647
-4.99736
-4.99779
-4.99883
-4.99957
-5
-5.00073
-5.00116
-5.00157
-5.00243
-5.00297
-5.00335
-5.00341
-5.00391
-5.00485
-5.00592
-5.00667
-5.00725
-5.00765
-5.00803
-5.00868
-5.00871
-5.00871
-5.00883
-5.00907
-5.00913
-5.00946
-5.01021
-5.01032
-5.01055
-5.01059
-5.0106
-5.01087
-5.01125
-5.01129
-5.01144
-5.01095
-5.01087
-5.01091
-5.01105
-5.01099
-5.01105
-5.01076
-5.01059
-5.01037
-5.00995
-5.00919
-5.0087
-5.00771
-5.00698
-5.00651
-5.0057
-5.00471
-5.00382
-5.00336
-5.00225
-5.00127
-5.00025
-4.99905
-4.99798
-4.99763
-4.99681
-4.99596
-4.99449
-4.9936
-4.99224
-4.99148
-4.9904
-4.98901
-4.98807
-4.98682
-4.98557
-4.98493
-4.98369
-4.98276
-4.98184
-4.98094
-4.9799
-4.97887
-4.97833
-4.97705
-4.9761
-4.97503
-4.97414
-4.97344
-4.97263
-4.9717
-4.97142
-4.97027
-4.96977
-4.96932
-4.96891
-4.96825
-4.96734
-4.96692
-4.96671
-4.96624
-4.96598
-4.96561
-4.96544
-4.96531
-4.96523
-4.9652
-4.96536
-4.96571
-4.96564
-4.96576
-4.96607
-4.96641
-4.96677
-4.96686
-4.96742
-4.96755
-4.9683
-4.96861
-4.96893
-4.96926
-4.96974
-4.97037
-4.9713
-4.97132
-4.97179
-4.9724
-4.97254
-4.97327
-4.97354
-4.97378
-4.9737
-4.9739
-4.97408
-4.97394
-4.97377
-4.97359
-4.97368
-4.9736
-4.97365
-4.97368
-4.9737
-4.9734
-4.97339
-4.97322
-4.97319
-4.97316
-4.97329
-4.97311
-4.97325
-4.9731
-4.97326
-4.9733
-4.9729
-4.97284
-4.97296
-4.97343
-4.97393
-4.97403
-4.97403
-4.97438
-4.97464
-4.97511
-4.9755
-4.97625
-4.97692
-4.97736
-4.97803
-4.97861
-4.97958
-4.98091
-4.98218
-4.98366
-4.98447
-4.9858
-4.98719
-4.98866
-4.99034
-4.99178
-4.99344
-4.99485
-4.99631
-4.99827
-4.99997
-5.00172
-5.00335
-5.00532
-5.00686
-5.00887
-5.0109
-5.01295
-5.01516
-5.01706
-5.01912
-5.02133
-5.02352
-5.02541
-5.02742
-5.02957
-5.03155
-5.03319
-5.03511
-5.03745
-5.0396
-5.04142
-5.04334
-5.04462
-5.04631
-5.04781
-5.04926
-5.05036
-5.05156
-5.05348
-5.05489
-5.0564
-5.05756
-5.05882
-5.06003
-5.06105
-5.06216
-5.06307
-5.06424
-5.06536
-5.06613
-5.06685
-5.06783
-5.06847
-5.06936
-5.06975
-5.0704
-5.07101
-5.07143
-5.0715
-5.07214
-5.07274
-5.07331
-5.07368
-5.07417
-5.07462
-5.07489
-5.07527
-5.07562
-5.07578
-5.07622
-5.07632
-5.07625
-5.07629
-5.07676
-5.07674
-5.0767
-5.07664
-5.07654
-5.07597
-5.07583
-5.07597
-5.07563
-5.07527
-5.07504
-5.07494
-5.07482
-5.07423
-5.07437
-5.07375
-5.07356
-5.07321
-5.07284
-5.07277
-5.07222
-5.07166
-5.07155
-5.07127
-5.07069
-5.06994
-5.06934
-5.06858
-5.06811
-5.06749
-5.06717
-5.06669
-5.0662
-5.06572
-5.06508
-5.06459
-5.0641
-5.06376
-5.06327
-5.06278
-5.06244
-5.06211
-5.06148
-5.06131
-5.06114
-5.06053
-5.05992
-5.05993
-5.05934
-5.05876
-5.05804
-5.05779
-5.0577
-5.05732
-5.05697
-5.05663
-5.05631
-5.05586
-5.05559
-5.05534
-5.05497
-5.05508
-5.05447
-5.0545
-5.05411
-5.05421
-5.0542
-5.05439
-5.05433
-5.05446
-5.05479
-5.05503
-5.05547
-5.05582
-5.05638
-5.05654
-5.05692
-5.05722
-5.05788
-5.05876
-5.05956
-5.06027
-5.06135
-5.06236
-5.06342
-5.06486
-5.06576
-5.06688
-5.06821
-5.06915
-5.07045
-5.07196
-5.07382
-5.07558
-5.07708
-5.07862
-5.08036
-5.08227
-5.08407
-5.08603
-5.08787
-5.08972
-5.09143
-5.09329
-5.09484
-5.09624
-5.09763
-5.0993
-5.1014
-5.10332
-5.10506
-5.10692
-5.10888
-5.11065
-5.11236
-5.11403
-5.11563
-5.11748
-5.11896
-5.12022
-5.12127
-5.12254
-5.12359
-5.12456
-5.12546
-5.12612
-5.12701
-5.12797
-5.12839
-5.12858
-5.12899
-5.12947
-5.12986
-5.12973
-5.12996
-5.12996
-5.12989
-5.12973
-5.12965
-5.12949
-5.1291
-5.1288
-5.12842
-5.12796
-5.12744
-5.1267
-5.1259
-5.12503
-5.12425
-5.12341
-5.12236
-5.1211
-5.11979
-5.11872
-5.11715
-5.11583
-5.11462
-5.11351
-5.11205
-5.1107
-5.10915
-5.10742
-5.10565
-5.10414
-5.10259
-5.10086
-5.0991
-5.09716
-5.09534
-5.0938
-5.09162
-5.08973
-5.08796
-5.08617
-5.08436
-5.08268
-5.08084
-5.07869
-5.07682
-5.07479
-5.07275
-5.0704
-5.0682
-5.06676
-5.06501
-5.06296
-5.06106
-5.05918
-5.05699
-5.05497
-5.05296
-5.05066
-5.04884
-5.04703
-5.04509
-5.04318
-5.04144
-5.04003
-5.0382
-5.0364
-5.03494
-5.03336
-5.03151
-5.02986
-5.02854
-5.02681
-5.02528
-5.02379
-5.02219
-5.02078
-5.01911
-5.01764
-5.01637
-5.01499
-5.0138
-5.01236
-5.01126
-5.01051
-5.00949
-5.00836
-5.00758
-5.00652
-5.00581
-5.00483
-5.00373
-5.00297
-5.00239
-5.00168
-5.00084
-5.00018
-4.99969
-4.99907
-4.99846
-4.99772
-4.99668
-4.99581
-4.99509
-4.99423
-4.99353
-4.99267
-4.99242
-4.99232
-4.99177
-4.99136
-4.99079
-4.99052
-4.98979
-4.9892
-4.98876
-4.98846
-4.98784
-4.98707
-4.98598
-4.98519
-4.98455
-4.9839
-4.98294
-4.98243
-4.98147
-4.98065
-4.98015
-4.97964
-4.979
-4.97836
-4.97774
-4.97713
-4.97653
-4.97596
-4.97542
-4.97505
-4.97456
-4.97426
-4.97384
-4.97376
-4.97403
-4.97359
-4.97335
-4.97316
-4.97287
-4.97278
-4.97244
-4.97262
-4.9727
-4.9724
-4.97245
-4.97287
-4.97319
-4.97373
-4.97433
-4.975
-4.97511
-4.97559
-4.97583
-4.97657
-4.97752
-4.97822
-4.97912
-4.98052
-4.98167
-4.9827
-4.98363
-4.98474
-4.98574
-4.98693
-4.98829
-4.98907
-4.99049
-4.99177
-4.99323
-4.99455
-4.99588
-4.99723
-4.99858
-4.99979
-5.00086
-5.00238
-5.00374
-5.00526
-5.00647
-5.00783
-5.00888
-5.01007
-5.0114
-5.01243
-5.01359
-5.01504
-5.01602
-5.01699
-5.01826
-5.01935
-5.02089
-5.02195
-5.02346
-5.02435
-5.02582
-5.02683
-5.02798
-5.02911
-5.03023
-5.03103
-5.03211
-5.03289
-5.0341
-5.03531
-5.03605
-5.03693
-5.0384
-5.03926
-5.04027
-5.04141
-5.0424
-5.04367
-5.04464
-5.04575
-5.04655
-5.04734
-5.04812
-5.0492
-5.04997
-5.05073
-5.05178
-5.05268
-5.05356
-5.05429
-5.05515
-5.05601
-5.05655
-5.05738
-5.05834
-5.059
-5.05948
-5.05996
-5.06087
-5.06176
-5.06264
-5.0632
-5.06389
-5.0644
-5.0652
-5.06583
-5.06659
-5.06702
-5.06743
-5.06796
-5.06832
-5.06895
-5.06925
-5.06999
-5.07024
-5.07061
-5.07111
-5.07143
-5.07203
-5.07214
-5.07193
-5.07214
-5.07277
-5.07278
-5.07291
-5.07317
-5.07324
-5.07314
-5.07317
-5.07287
-5.07285
-5.07281
-5.0729
-5.07251
-5.07226
-5.07183
-5.07153
-5.07182
-5.0721
-5.07235
-5.07305
-5.07282
-5.07243
-5.07201
-5.07204
-5.07145
-5.07115
-5.07052
-5.07034
-5.07044
-5.07037
-5.06998
-5.06957
-5.069
-5.0684
-5.06733
-5.06714
-5.06648
-5.06625
-5.06598
-5.06569
-5.06507
-5.06396
-5.06402
-5.06345
-5.06284
-5.06234
-5.06104
-5.06
-5.05922
-5.05854
-5.05751
-5.05643
-5.05484
-5.0538
-5.0524
-5.05125
-5.05034
-5.04907
-5.04729
-5.04589
-5.04413
-5.04291
-5.04133
-5.03968
-5.03766
-5.03559
-5.03329
-5.03108
-5.02912
-5.02694
-5.02455
-5.0224
-5.02004
-5.01763
-5.01516
-5.01294
-5.01021
-5.0079
-5.00538
-5.00237
-4.99948
-4.99669
-4.99433
-4.99148
-4.9886
-4.9857
-4.98293
-4.97969
-4.97704
-4.97438
-4.97126
-4.96845
-4.96548
-4.96222
-4.95927
-4.95634
-4.95357
-4.95098
-4.94811
-4.94512
-4.94247
-4.94016
-4.93774
-4.93477
-4.9323
-4.92974
-4.92709
-4.9245
-4.92229
-4.92
-4.91778
-4.9158
-4.9136
-4.91164
-4.90948
-4.90741
-4.90574
-4.90464
-4.90334
-4.902
-4.90122
-4.90027
-4.89928
-4.89826
-4.89782
-4.8972
-4.89656
-4.89605
-4.89596
-4.89601
-4.89618
-4.89618
-4.89646
-4.89671
-4.89739
-4.89789
-4.8985
-4.89939
-4.90008
-4.90118
-4.90239
-4.90384
-4.90509
-4.90612
-4.908
-4.90965
-4.91137
-4.91316
-4.91517
-4.91737
-4.91948
-4.92133
-4.92352
-4.92543
-4.92752
-4.92933
-4.9313
-4.93328
-4.93496
-4.93649
-4.93862
-4.94058
-4.94282
-4.94505
-4.94664
-4.94882
-4.95081
-4.95292
-4.95529
-4.95702
-4.95886
-4.96096
-4.96287
-4.96459
-4.96656
-4.96818
-4.96991
-4.97174
-4.97323
-4.97498
-4.97639
-4.9779
-4.97892
-4.98036
-4.98161
-4.98283
-4.98402
-4.98503
-4.98602
-4.98713
-4.98823
-4.98976
-4.99083
-4.99158
-4.99278
-4.99398
-4.99533
-4.99653
-4.99728
-4.99819
-4.99941
-5.0002
-5.00175
-5.00272
-5.00371
-5.00502
-5.0059
-5.00726
-5.00865
-5.0099
-5.01134
-5.01265
-5.01413
-5.01549
-5.01687
-5.01873
-5.02016
-5.0216
-5.02307
-5.025
-5.02634
-5.02785
-5.02951
-5.03087
-5.03254
-5.03405
-5.03571
-5.03736
-5.03869
-5.04001
-5.04161
-5.04333
-5.04473
-5.04639
-5.04742
-5.0487
-5.04964
-5.05084
-5.05153
-5.05262
-5.05365
-5.05463
-5.05524
-5.05609
-5.05687
-5.05758
-5.05807
-5.05864
-5.05913
-5.0597
-5.05988
-5.06014
-5.06078
-5.06088
-5.06121
-5.06085
-5.06071
-5.06049
-5.06034
-5.06027
-5.05966
-5.05897
-5.05775
-5.05722
-5.0563
-5.05561
-5.0547
-5.05342
-5.05236
-5.05124
-5.0496
-5.04865
-5.04719
-5.04612
-5.04454
-5.04291
-5.04137
-5.03979
-5.0383
-5.03632
-5.03475
-5.03283
-5.03133
-5.02935
-5.02748
-5.02558
-5.0238
-5.02155
-5.01972
-5.01743
-5.01512
-5.01295
-5.01077
-5.00873
-5.00653
-5.00433
-5.00243
-5.00054
-4.99895
-4.99707
-4.9949
-4.9929
-4.99106
-4.98894
-4.98699
-4.98522
-4.98333
-4.98132
-4.97949
-4.9777
-4.97579
-4.97408
-4.97226
-4.97109
-4.96937
-4.96815
-4.96638
-4.96527
-4.96363
-4.96204
-4.96082
-4.95952
-4.95858
-4.95757
-4.95648
-4.95532
-4.95453
-4.95413
-4.95365
-4.95341
-4.95296
-4.95258
-4.9526
-4.95195
-4.95183
-4.95181
-4.95173
-4.95173
-4.95213
-4.95216
-4.95228
-4.95294
-4.95384
-4.95483
-4.9553
-4.95631
-4.95709
-4.95826
-4.95966
-4.96098
-4.96208
-4.96339
-4.96508
-4.96638
-4.9682
-4.96977
-4.9714
-4.97324
-4.97497
-4.97706
-4.97903
-4.9809
-4.9828
-4.98489
-4.987
-4.9893
-4.99147
-4.99336
-4.99511
-4.99688
-4.99926
-5.00105
-5.00284
-5.00509
-5.00764
-5.01004
-5.01182
-5.0139
-5.01628
-5.01833
-5.02068
-5.02271
-5.02457
-5.02656
-5.02838
-5.03049
-5.03256
-5.03447
-5.03619
-5.0382
-5.04047
-5.04258
-5.0442
-5.04579
-5.04735
-5.04904
-5.05084
-5.05247
-5.05437
-5.05594
-5.05762
-5.05913
-5.06046
-5.06176
-5.06303
-5.06442
-5.06594
-5.06712
-5.06843
-5.06986
-5.07096
-5.07219
-5.074
-5.07502
-5.07633
-5.0773
-5.0784
-5.07948
-5.08038
-5.08141
-5.08242
-5.08325
-5.08406
-5.08515
-5.08592
-5.08681
-5.08814
-5.08869
-5.08922
-5.09004
-5.09083
-5.0916
-5.09235
-5.09339
-5.09395
-5.09479
-5.09531
-5.09566
-5.09629
-5.09675
-5.09719
-5.09791
-5.09831
-5.09868
-5.09934
-5.09952
-5.09999
-5.10028
-5.10085
-5.10109
-5.10147
-5.10212
-5.10274
-5.10304
-5.10317
-5.10357
-5.10364
-5.10383
-5.10415
-5.10445
-5.10456
-5.10448
-5.10453
-5.10455
-5.10468
-5.10463
-5.10394
-5.10397
-5.10381
-5.10362
-5.10323
-5.10296
-5.10265
-5.10229
-5.10175
-5.10146
-5.10128
-5.1006
-5.10003
-5.09941
-5.09875
-5.09759
-5.09699
-5.09649
-5.09535
-5.09461
-5.09382
-5.09254
-5.09151
-5.09029
-5.08932
-5.08846
-5.08711
-5.08557
-5.08429
-5.08297
-5.08177
-5.08008
-5.07866
-5.07706
-5.07619
-5.07484
-5.07377
-5.07207
-5.07051
-5.06879
-5.06705
-5.0653
-5.0637
-5.06255
-5.0608
-5.05966
-5.05792
-5.05634
-5.05478
-5.05323
-5.05156
-5.04991
-5.04843
-5.04623
-5.04482
-5.04344
-5.0418
-5.0405
-5.0394
-5.03818
-5.03686
-5.03589
-5.03512
-5.03439
-5.03356
-5.03249
-5.03161
-5.03078
-5.03
-5.02928
-5.0286
-5.02797
-5.02724
-5.02655
-5.02607
-5.02562
-5.02567
-5.02516
-5.02469
-5.02441
-5.02416
-5.0238
-5.02377
-5.02361
-5.02319
-5.0234
-5.02363
-5.02343
-5.0234
-5.02339
-5.0234
-5.02372
-5.02346
-5.0235
-5.02356
-5.02332
-5.0234
-5.02393
-5.02416
-5.02424
-5.02448
-5.02472
-5.02496
-5.02504
-5.02528
-5.02521
-5.02514
-5.02491
-5.02498
-5.02505
-5.02497
-5.02487
-5.02493
-5.02482
-5.02487
-5.02476
-5.02479
-5.02497
-5.0253
-5.02548
-5.02534
-5.02566
-5.02567
-5.02614
-5.02615
-5.02615
-5.026
-5.026
-5.02585
-5.02555
-5.0254
-5.02555
-5.02524
-5.02494
-5.02508
-5.02493
-5.02553
-5.02522
-5.02507
-5.02491
-5.02476
-5.0246
-5.02459
-5.02458
-5.02502
-5.02516
-5.02545
-5.02543
-5.02555
-5.02552
-5.02548
-5.02574
-5.02569
-5.02563
-5.02556
-5.02564
-5.02555
-5.0256
-5.02563
-5.02565
-5.02566
-5.0258
-5.02547
-5.02512
-5.02491
-5.02497
-5.02441
-5.02398
-5.02383
-5.02351
-5.02316
-5.02278
-5.02223
-5.02181
-5.02121
-5.02043
-5.01993
-5.01925
-5.01855
-5.01782
-5.01723
-5.01675
-5.01641
-5.01575
-5.01506
-5.01435
-5.01377
-5.01303
-5.01242
-5.01165
-5.01117
-5.01007
-5.00957
-5.00876
-5.0084
-5.00759
-5.00723
-5.00627
-5.00562
-5.00468
-5.0036
-5.00284
-5.00194
-5.00106
-5.00036
-4.99938
-4.99872
-4.99825
-4.99767
-4.99666
-4.99585
-4.99568
-4.99525
-4.99457
-4.99439
-4.99395
-4.99357
-4.99339
-4.99326
-4.99334
-4.99348
-4.99337
-4.99333
-4.99334
-4.99341
-4.99353
-4.99372
-4.99382
-4.99443
-4.99494
-4.99551
-4.99613
-4.9968
-4.99768
-4.9983
-4.99973
-5.00029
-5.00151
-5.00246
-5.00329
-5.00401
-5.00522
-5.00615
-5.00741
-5.00855
-5.00971
-5.01088
-5.01192
-5.01313
-5.01449
-5.01571
-5.01694
-5.01803
-5.01926
-5.02049
-5.02157
-5.02264
-5.02416
-5.02536
-5.02641
-5.02744
-5.02846
-5.02946
-5.03059
-5.03171
-5.03281
-5.03403
-5.03494
-5.03581
-5.03697
-5.0381
-5.0389
-5.03983
-5.04058
-5.04145
-5.04214
-5.0428
-5.04358
-5.04448
-5.04505
-5.04544
-5.04624
-5.04687
-5.0473
-5.04786
-5.04854
-5.04903
-5.04964
-5.05007
-5.05062
-5.05068
-5.05102
-5.05133
-5.05146
-5.05186
-5.05179
-5.05245
-5.05263
-5.05249
-5.05294
-5.05306
-5.05288
-5.05313
-5.05307
-5.0533
-5.05353
-5.0533
-5.05337
-5.05344
-5.05383
-5.05407
-5.05371
-5.05368
-5.05411
-5.05442
-5.0546
-5.0545
-5.05473
-5.0547
-5.0547
-5.05458
-5.05511
-5.05539
-5.05571
-5.05668
-5.0574
-5.05786
-5.05869
-5.05942
-5.06005
-5.06089
-5.06164
-5.06276
-5.06363
-5.06486
-5.0657
-5.06721
-5.06863
-5.0701
-5.07148
-5.07292
-5.07426
-5.07626
-5.07756
-5.07907
-5.08061
-5.08206
-5.08415
-5.08598
-5.08846
-5.09021
-5.09215
-5.09396
-5.0961
-5.09796
-5.09999
-5.10203
-5.10393
-5.10584
-5.1079
-5.10981
-5.11172
-5.11377
-5.11626
-5.11873
-5.12074
-5.12272
-5.12467
-5.12675
-5.12879
-5.1308
-5.13232
-5.13455
-5.13644
-5.13812
-5.13946
-5.14105
-5.14244
-5.14407
-5.14535
-5.14672
-5.14817
-5.14942
-5.15076
-5.15188
-5.15278
-5.15362
-5.15455
-5.15511
-5.15605
-5.15693
-5.15759
-5.15789
-5.15857
-5.15888
-5.15913
-5.15932
-5.15974
-5.1601
-5.16025
-5.16034
-5.16052
-5.1605
-5.16026
-5.16027
-5.15992
-5.15983
-5.15983
-5.15964
-5.15909
-5.15865
-5.15832
-5.15764
-5.15691
-5.15661
-5.15626
-5.15543
-5.15501
-5.15426
-5.15363
-5.15267
-5.15244
-5.15128
-5.15054
-5.14979
-5.14901
-5.14822
-5.14711
-5.14613
-5.14529
-5.14444
-5.14342
-5.1424
-5.14136
-5.14032
-5.13882
-5.13792
-5.13686
-5.13595
-5.13519
-5.13427
-5.13291
-5.132
-5.13093
-5.12987
-5.12866
-5.12746
-5.12656
-5.12552
-5.12493
-5.12404
-5.12286
-5.12199
-5.12112
-5.12056
-5.1197
-5.119
-5.1177
-5.11671
-5.11573
-5.1146
-5.11347
-5.11265
-5.11169
-5.11118
-5.10993
-5.10898
-5.10773
-5.10678
-5.10569
-5.1046
-5.10321
-5.10243
-5.10104
-5.1001
-5.09917
-5.09808
-5.09744
-5.09665
-5.09571
-5.09491
-5.09396
-5.09331
-5.0922
-5.09108
-5.08996
-5.08913
-5.08845
-5.0873
-5.0863
-5.08545
-5.08489
-5.08356
-5.08253
-5.08165
-5.08045
-5.07925
-5.07818
-5.07727
-5.07619
-5.07526
-5.07417
-5.07308
-5.07183
-5.07102
-5.06962
-5.06821
-5.06679
-5.06569
-5.06458
-5.06347
-5.06222
-5.06113
-5.0605
-5.05942
-5.0582
-5.057
-5.05596
-5.05509
-5.05394
-5.05312
-5.05201
-5.05093
-5.04988
-5.04901
-5.04817
-5.04736
-5.0472
-5.04632
-5.04593
-5.04483
-5.04438
-5.04382
-5.04316
-5.04285
-5.04245
-5.04224
-5.04179
-5.04139
-5.04134
-5.04121
-5.04113
-5.04095
-5.04144
-5.04199
-5.04198
-5.04249
-5.04276
-5.04293
-5.04315
-5.04343
-5.04361
-5.04369
-5.04428
-5.04462
-5.045
-5.04543
-5.04606
-5.04672
-5.04743
-5.04833
-5.04912
-5.05024
-5.0514
-5.05228
-5.05335
-5.05444
-5.05555
-5.05668
-5.05768
-5.059
-5.06004
-5.06108
-5.06229
-5.06321
-5.06428
-5.06551
-5.06674
-5.06797
-5.06935
-5.07073
-5.07181
-5.07303
-5.07409
-5.07515
-5.0765
-5.07769
-5.07886
-5.08003
-5.08117
-5.08216
-5.08297
-5.08392
-5.08486
-5.08608
-5.08727
-5.0883
-5.08946
-5.09029
-5.09125
-5.09249
-5.09386
-5.09475
-5.09546
-5.09615
-5.09697
-5.09791
-5.09851
-5.09955
-5.09994
-5.10061
-5.1014
-5.10231
-5.10273
-5.10312
-5.10362
-5.10393
-5.10406
-5.1046
-5.10494
-5.10555
-5.10582
-5.10604
-5.10591
-5.1065
-5.10643
-5.10617
-5.10661
-5.10624
-5.10613
-5.10596
-5.10528
-5.10486
-5.10437
-5.10413
-5.10399
-5.10348
-5.10306
-5.10244
-5.1016
-5.10115
-5.10019
-5.09931
-5.09868
-5.09783
-5.09707
-5.09624
-5.09551
-5.09396
-5.09264
-5.09097
-5.08969
-5.08819
-5.08664
-5.08472
-5.08305
-5.08072
-5.07895
-5.07727
-5.07584
-5.07405
-5.07223
-5.0702
-5.06798
-5.06617
-5.06403
-5.06185
-5.05948
-5.05709
-5.05498
-5.05269
-5.05039
-5.04776
-5.04513
-5.0425
-5.04047
-5.03814
-5.03582
-5.03366
-5.03137
-5.0291
-5.02687
-5.02466
-5.0225
-5.02022
-5.018
-5.01584
-5.01404
-5.01245
-5.01079
-5.00951
-5.00785
-5.00598
-5.00451
-5.00312
-5.00214
-5.00141
-5.00033
-4.99936
-4.99819
-4.99699
-4.9965
-4.99566
-4.99539
-4.99493
-4.99488
-4.99463
-4.99464
-4.9946
-4.99496
-4.99512
-4.99566
-4.99584
-4.9967
-4.99718
-4.99789
-4.99865
-4.99932
-5.00035
-5.00157
-5.00268
-5.00351
-5.00468
-5.00586
-5.0066
-5.00751
-5.00856
-5.00961
-5.01064
-5.01152
-5.01237
-5.01319
-5.01414
-5.0149
-5.01593
-5.01707
-5.01801
-5.01875
-5.01914
-5.01978
-5.02037
-5.0209
-5.02167
-5.02224
-5.02229
-5.02273
-5.02342
-5.02344
-5.02325
-5.02315
-5.02329
-5.02337
-5.02309
-5.0226
-5.02235
-5.02234
-5.02213
-5.02157
-5.02125
-5.02088
-5.02016
-5.01953
-5.01902
-5.01846
-5.01771
-5.01661
-5.01532
-5.0143
-5.01355
-5.01202
-5.01151
-5.01067
-5.00936
-5.00832
-5.00712
-5.00605
-5.00496
-5.00387
-5.00321
-5.00226
-5.00114
-5.00003
-4.99877
-4.99766
-4.99672
-4.99578
-4.99471
-4.99395
-4.99261
-4.99145
-4.99031
-4.9895
-4.98826
-4.98751
-4.98619
-4.98521
-4.98457
-4.98413
-4.98327
-4.98261
-4.98185
-4.98099
-4.98048
-4.98018
-4.97993
-4.97974
-4.97915
-4.97892
-4.97876
-4.97865
-4.97891
-4.97908
-4.97932
-4.97977
-4.97983
-4.98011
-4.98031
-4.98073
-4.98106
-4.98146
-4.98208
-4.98262
-4.98322
-4.98389
-4.98464
-4.98575
-4.98769
-4.98895
-4.99042
-4.99166
-4.99297
-4.99435
-4.99595
-4.99716
-4.99874
-5.00039
-5.00225
-5.00418
-5.00618
-5.00808
-5.01021
-5.01209
-5.01404
-5.01604
-5.01811
-5.01994
-5.02212
-5.02467
-5.02697
-5.02932
-5.03188
-5.03464
-5.03714
-5.03985
-5.04275
-5.04539
-5.04838
-5.05125
-5.05371
-5.05665
-5.05993
-5.06293
-5.06581
-5.06887
-5.07194
-5.07489
-5.07799
-5.08096
-5.08439
-5.08707
-5.09036
-5.0935
-5.09663
-5.0996
-5.10271
-5.10626
-5.10949
-5.113
-5.11603
-5.11888
-5.12186
-5.12495
-5.128
-5.13086
-5.13352
-5.13629
-5.13901
-5.14152
-5.14398
-5.14653
-5.14901
-5.15159
-5.15379
-5.15623
-5.15844
-5.16057
-5.16248
-5.16477
-5.16697
-5.16879
-5.17052
-5.17232
-5.17373
-5.17536
-5.17674
-5.17803
-5.17923
-5.18004
-5.1809
-5.18136
-5.18219
-5.18307
-5.18385
-5.18439
-5.18483
-5.18547
-5.18557
-5.18572
-5.18607
-5.18617
-5.18618
-5.18639
-5.18636
-5.18592
-5.18524
-5.18447
-5.18359
-5.18263
-5.18157
-5.18042
-5.17933
-5.1783
-5.17704
-5.17598
-5.17424
-5.17301
-5.1714
-5.16985
-5.16808
-5.16607
-5.16414
-5.16213
-5.16004
-5.15773
-5.15551
-5.15336
-5.1513
-5.14873
-5.14639
-5.14385
-5.14109
-5.13844
-5.13588
-5.13357
-5.13077
-5.12837
-5.12564
-5.12271
-5.1196
-5.1166
-5.11343
-5.11038
-5.1073
-5.10406
-5.10064
-5.09706
-5.09422
-5.09107
-5.08761
-5.0846
-5.08144
-5.07843
-5.07542
-5.07242
-5.06927
-5.06629
-5.06317
-5.06006
-5.05698
-5.05376
-5.05086
-5.04754
-5.04469
-5.04188
-5.03879
-5.03588
-5.03302
-5.03048
-5.02769
-5.02493
-5.02222
-5.0194
-5.01662
-5.01404
-5.01121
-5.00828
-5.00586
-5.00365
-5.00119
-4.99879
-4.9966
-4.99432
-4.99196
-4.99012
-4.98805
-4.98621
-4.98443
-4.98259
-4.98113
-4.9799
-4.9786
-4.97754
-4.97612
-4.97464
-4.97341
-4.97242
-4.97153
-4.97074
-4.97021
-4.96948
-4.96916
-4.9688
-4.96855
-4.96812
-4.96794
-4.96788
-4.96794
-4.96796
-4.96825
-4.96851
-4.96919
-4.97014
-4.97091
-4.97194
-4.97324
-4.97405
-4.97528
-4.97692
-4.97822
-4.98008
-4.98205
-4.98412
-4.98599
-4.9881
-4.99046
-4.99276
-4.99529
-4.9976
-4.99969
-5.00186
-5.00485
-5.0076
-5.01072
-5.01344
-5.01636
-5.01963
-5.02264
-5.02553
-5.0286
-5.0314
-5.03452
-5.03751
-5.0405
-5.04396
-5.04727
-5.05072
-5.05402
-5.05715
-5.05997
-5.06306
-5.06613
-5.06917
-5.07233
-5.07515
-5.07807
-5.08081
-5.08349
-5.08612
-5.08885
-5.09167
-5.09428
-5.09698
-5.0996
-5.10201
-5.10465
-5.10676
-5.10864
-5.1106
-5.11263
-5.11427
-5.11659
-5.11882
-5.12081
-5.12227
-5.12363
-5.1246
-5.12548
-5.12688
-5.12788
-5.12924
-5.13035
-5.13122
-5.132
-5.13283
-5.13326
-5.13345
-5.13369
-5.13399
-5.1342
-5.13416
-5.13388
-5.1341
-5.13408
-5.13397
-5.13362
-5.13332
-5.13249
-5.13186
-5.1313
-5.13034
-5.1293
-5.12818
-5.12712
-5.12613
-5.12491
-5.1233
-5.12207
-5.12076
-5.11908
-5.11763
-5.11595
-5.1139
-5.11224
-5.11051
-5.10872
-5.10672
-5.10465
-5.10283
-5.10081
-5.09859
-5.09646
-5.09399
-5.09178
-5.08953
-5.08679
-5.08431
-5.08211
-5.07957
-5.07671
-5.07428
-5.07168
-5.06906
-5.06643
-5.06395
-5.06131
-5.05836
-5.05587
-5.05308
-5.05031
-5.04785
-5.04495
-5.04222
-5.03982
-5.0373
-5.03465
-5.0322
-5.02963
-5.02725
-5.02507
-5.02339
-5.02101
-5.01883
-5.01657
-5.01467
-5.01283
-5.01092
-5.00907
-5.0073
-5.00516
-5.00355
-5.00218
-5.00074
-4.99924
-4.99783
-4.99696
-4.99604
-4.99521
-4.99419
-4.99371
-4.99303
-4.99261
-4.99199
-4.99147
-4.9915
-4.99074
-4.99084
-4.99073
-4.99089
-4.99129
-4.9918
-4.99256
-4.99281
-4.99361
-4.99482
-4.99551
-4.9969
-4.99761
-4.99872
-4.9993
-5.00057
-5.00206
-5.00362
-5.00524
-5.00693
-5.00852
-5.01032
-5.01201
-5.01374
-5.01567
-5.01747
-5.01916
-5.02101
-5.02274
-5.02462
-5.02607
-5.02782
-5.02956
-5.03145
-5.03348
-5.03565
-5.03749
-5.03946
-5.0414
-5.043
-5.04487
-5.04609
-5.04802
-5.0499
-5.05127
-5.05274
-5.05415
-5.0555
-5.05678
-5.0583
-5.05945
-5.06052
-5.06137
-5.06215
-5.063
-5.06422
-5.06492
-5.06568
-5.06651
-5.06696
-5.06748
-5.06731
-5.06751
-5.06762
-5.06781
-5.06776
-5.06823
-5.06801
-5.06757
-5.06719
-5.06658
-5.0659
-5.06529
-5.06491
-5.064
-5.06302
-5.06197
-5.061
-5.05998
-5.05888
-5.05788
-5.05683
-5.05541
-5.05395
-5.05259
-5.05134
-5.0502
-5.04857
-5.04721
-5.04537
-5.04365
-5.04237
-5.04107
-5.03945
-5.03768
-5.0356
-5.03443
-5.03281
-5.03121
-5.02977
-5.02834
-5.02664
-5.02512
-5.02363
-5.02203
-5.02061
-5.01925
-5.01793
-5.01666
-5.01545
-5.01415
-5.01275
-5.01218
-5.01107
-5.01034
-5.00937
-5.00848
-5.00811
-5.00737
-5.00685
-5.00641
-5.00604
-5.00621
-5.00584
-5.00556
-5.00564
-5.0055
-5.00558
-5.00588
-5.0061
-5.00669
-5.00734
-5.00774
-5.00836
-5.00872
-5.00944
-5.00991
-5.01072
-5.01142
-5.01231
-5.01323
-5.01418
-5.01486
-5.01541
-5.01598
-5.01671
-5.01761
-5.01851
-5.01927
-5.02033
-5.02109
-5.02229
-5.02319
-5.02377
-5.02479
-5.02609
-5.02677
-5.02727
-5.02775
-5.02835
-5.02891
-5.02959
-5.03024
-5.03099
-5.0314
-5.03206
-5.03223
-5.03249
-5.03285
-5.03331
-5.03356
-5.03374
-5.03417
-5.03408
-5.03347
-5.03339
-5.03324
-5.03301
-5.0327
-5.03217
-5.03155
-5.03099
-5.0305
-5.03007
-5.0291
-5.02817
-5.02716
-5.02619
-5.02512
-5.02364
-5.02236
-5.02067
-5.01917
-5.01741
-5.01539
-5.0134
-5.01159
-5.00967
-5.00719
-5.00458
-5.00216
-4.99947
-4.99637
-4.9933
-4.99028
-4.9873
-4.98421
-4.98073
-4.97744
-4.97407
-4.97047
-4.96663
-4.96287
-4.95905
-4.95517
-4.95155
-4.9476
-4.94392
-4.93992
-4.93607
-4.93223
-4.92811
-4.92432
-4.92043
-4.91645
-4.91269
-4.90917
-4.90574
-4.90213
-4.89848
-4.89526
-4.89219
-4.88911
-4.88665
-4.8839
-4.88147
-4.87922
-4.877
-4.87526
-4.87325
-4.87173
-4.8701
-4.86924
-4.86841
-4.86745
-4.86681
-4.86647
-4.86614
-4.86565
-4.86589
-4.86597
-4.86585
-4.86629
-4.86698
-4.86731
-4.86786
-4.86849
-4.86902
-4.8693
-4.87023
-4.87074
-4.87143
-4.87183
-4.87256
-4.8739
-4.87464
-4.87553
-4.87657
-4.87791
-4.87879
-4.87965
-4.88066
-4.88181
-4.88264
-4.8833
-4.88396
-4.8846
-4.88568
-4.88631
-4.88692
-4.88768
-4.88812
-4.88872
-4.88947
-4.89051
-4.89142
-4.89247
-4.89323
-4.89416
-4.89464
-4.89543
-4.89624
-4.89692
-4.89807
-4.89893
-4.89981
-4.90072
-4.9021
-4.90351
-4.90449
-4.90564
-4.90667
-4.90772
-4.90896
-4.90991
-4.91104
-4.9122
-4.91323
-4.91414
-4.91552
-4.91662
-4.91835
-4.91965
-4.92112
-4.92245
-4.92366
-4.92503
-4.92612
-4.92752
-4.92893
-4.93036
-4.9318
-4.93295
-4.93456
-4.93633
-4.9381
-4.94004
-4.94107
-4.94256
-4.94375
-4.94495
-4.94645
-4.94795
-4.94946
-4.95097
-4.95263
-4.95414
-4.95565
-4.95747
-4.95898
-4.9605
-4.96201
-4.96353
-4.96505
-4.96643
-4.96826
-4.9701
-4.97149
-4.97318
-4.97489
-4.97614
-4.97741
-4.97899
-4.98073
-4.98248
-4.98394
-4.98526
-4.98674
-4.9884
-4.99006
-4.99159
-4.99344
-4.995
-4.99688
-4.99878
-5.00085
-5.00249
-5.00444
-5.00641
-5.00855
-5.01056
-5.01183
-5.01418
-5.01593
-5.01785
-5.01994
-5.02189
-5.02431
-5.02674
-5.02902
-5.03102
-5.03242
-5.03412
-5.03598
-5.038
-5.03986
-5.04203
-5.04404
-5.04619
-5.04804
-5.04988
-5.05186
-5.05399
-5.05625
-5.05819
-5.06012
-5.06188
-5.06362
-5.06534
-5.06704
-5.06902
-5.07098
-5.07292
-5.07468
-5.07612
-5.07814
-5.07969
-5.08152
-5.08302
-5.08511
-5.08673
-5.08802
-5.08945
-5.09102
-5.09258
-5.09412
-5.0955
-5.09703
-5.09839
-5.09976
-5.10188
-5.10339
-5.10521
-5.10688
-5.1084
-5.10993
-5.11117
-5.11287
-5.11443
-5.11585
-5.11743
-5.11918
-5.12109
-5.12242
-5.12406
-5.12571
-5.12723
-5.1289
-5.13044
-5.13214
-5.13431
-5.13588
-5.13745
-5.13902
-5.1409
-5.14278
-5.14466
-5.14668
-5.14824
-5.14979
-5.15118
-5.15316
-5.15512
-5.15676
-5.15853
-5.15998
-5.1614
-5.16294
-5.16476
-5.16654
-5.16799
-5.16895
-5.17002
-5.1709
-5.17205
-5.17316
-5.17408
-5.17525
-5.17653
-5.17777
-5.17851
-5.17935
-5.1803
-5.1812
-5.18191
-5.18302
-5.18393
-5.18434
-5.18516
-5.18593
-5.18665
-5.18717
-5.18765
-5.18792
-5.18846
-5.18909
-5.18968
-5.18976
-5.18996
-5.1901
-5.18975
-5.18995
-5.18996
-5.19038
-5.19014
-5.18987
-5.18985
-5.18963
-5.18922
-5.18862
-5.18797
-5.18744
-5.18641
-5.1861
-5.18575
-5.18506
-5.18449
-5.18388
-5.18323
-5.1824
-5.18184
-5.1811
-5.18033
-5.17908
-5.17826
-5.17742
-5.17716
-5.17643
-5.17538
-5.17462
-5.17339
-5.17231
-5.17106
-5.16982
-5.16872
-5.16777
-5.16668
-5.16544
-5.16437
-5.16361
-5.16271
-5.16168
-5.16067
-5.15968
-5.15902
-5.15853
-5.15793
-5.15736
-5.15651
-5.15616
-5.15569
-5.15512
-5.15458
-5.15423
-5.15362
-5.15306
-5.15285
-5.15237
-5.15179
-5.15156
-5.15152
-5.15107
-5.15096
-5.1506
-5.15027
-5.15029
-5.15034
-5.15058
-5.15085
-5.15116
-5.15135
-5.15187
-5.15196
-5.15223
-5.15252
-5.15283
-5.15346
-5.15351
-5.15372
-5.15409
-5.15463
-5.15517
-5.15541
-5.15581
-5.15606
-5.15646
-5.15701
-5.15755
-5.15809
-5.15862
-5.15929
-5.15995
-5.1603
-5.16123
-5.16155
-5.16185
-5.16213
-5.16193
-5.16217
-5.16254
-5.16273
-5.16275
-5.16259
-5.16286
-5.16326
-5.16302
-5.1632
-5.16336
-5.16319
-5.16283
-5.16274
-5.16262
-5.16247
-5.16229
-5.16207
-5.16196
-5.16137
-5.16104
-5.16083
-5.16028
-5.15969
-5.15936
-5.15869
-5.15798
-5.15739
-5.15675
-5.15592
-5.15551
-5.15429
-5.15304
-5.15219
-5.15115
-5.15037
-5.1497
-5.14868
-5.14777
-5.14682
-5.14537
-5.14417
-5.14293
-5.14181
-5.14048
-5.13926
-5.13785
-5.13655
-5.13491
-5.13352
-5.1321
-5.13048
-5.12867
-5.12668
-5.12479
-5.12287
-5.12107
-5.11953
-5.11781
-5.11621
-5.11412
-5.112
-5.11001
-5.10784
-5.10594
-5.10402
-5.10222
-5.10011
-5.09797
-5.09566
-5.09348
-5.09145
-5.08924
-5.08733
-5.0851
-5.08332
-5.08107
-5.07867
-5.07612
-5.07386
-5.0716
-5.06904
-5.06664
-5.06439
-5.06199
-5.06005
-5.05813
-5.05576
-5.05401
-5.05166
-5.04933
-5.04733
-5.04549
-5.04337
-5.04142
-5.0395
-5.03746
-5.03528
-5.03314
-5.03133
-5.0297
-5.02765
-5.02594
-5.02411
-5.02262
-5.02071
-5.01884
-5.01686
-5.01508
-5.01318
-5.01162
-5.00965
-5.00802
-5.00644
-5.00504
-5.00354
-5.00253
-5.0014
-5.00016
-4.99896
-4.99765
-4.99651
-4.99526
-4.99419
-4.99345
-4.99258
-4.99128
-4.99061
-4.98935
-4.98826
-4.98733
-4.98641
-4.9855
-4.98413
-4.98292
-4.98171
-4.98079
-4.97971
-4.97862
-4.97767
-4.97639
-4.97539
-4.97437
-4.97347
-4.97238
-4.97142
-4.97041
-4.96907
-4.96783
-4.9667
-4.96507
-4.96414
-4.96286
-4.96137
-4.95983
-4.95778
-4.95612
-4.95471
-4.95278
-4.95094
-4.94904
-4.94722
-4.94504
-4.9431
-4.94094
-4.93857
-4.93659
-4.93409
-4.93153
-4.92936
-4.92698
-4.92455
-4.92191
-4.91951
-4.91692
-4.91412
-4.91173
-4.90899
-4.90606
-4.90309
-4.89993
-4.89659
-4.89337
-4.88982
-4.88731
-4.88448
-4.88149
-4.87849
-4.87533
-4.87172
-4.86856
-4.86557
-4.86258
-4.85962
-4.85668
-4.85361
-4.85042
-4.84682
-4.84356
-4.84049
-4.83762
-4.83481
-4.83205
-4.82951
-4.82642
-4.8237
-4.82106
-4.81848
-4.81629
-4.81387
-4.81169
-4.80959
-4.80757
-4.80534
-4.80335
-4.80144
-4.80038
-4.79866
-4.79733
-4.79593
-4.79478
-4.79326
-4.79229
-4.79124
-4.79044
-4.78957
-4.78848
-4.78733
-4.7867
-4.786
-4.78537
-4.78497
-4.78464
-4.78438
-4.78418
-4.78449
-4.78427
-4.7841
-4.78444
-4.78467
-4.78496
-4.78545
-4.78583
-4.7864
-4.78656
-4.78706
-4.78744
-4.78801
-4.78845
-4.78908
-4.78973
-4.79026
-4.79051
-4.79093
-4.79152
-4.79229
-4.79261
-4.79296
-4.79408
-4.79462
-4.79532
-4.79618
-4.79707
-4.79751
-4.79843
-4.79936
-4.7997
-4.80051
-4.80133
-4.80218
-4.80274
-4.80317
-4.80377
-4.80485
-4.80611
-4.80723
-4.80824
-4.80927
-4.81063
-4.81203
-4.813
-4.81432
-4.81552
-4.81661
-4.81789
-4.81922
-4.8206
-4.82202
-4.82334
-4.82502
-4.8266
-4.82808
-4.82978
-4.83168
-4.83335
-4.83478
-4.83673
-4.83875
-4.84068
-4.84284
-4.84492
-4.84737
-4.84959
-4.85204
-4.85517
-4.85792
-4.8606
-4.8632
-4.86618
-4.86893
-4.87161
-4.87482
-4.87795
-4.881
-4.88428
-4.88763
-4.89136
-4.89455
-4.89827
-4.9022
-4.90636
-4.90982
-4.9135
-4.91755
-4.92135
-4.92522
-4.92944
-4.93372
-4.9379
-4.94244
-4.94657
-4.9509
-4.95513
-4.95955
-4.96416
-4.96881
-4.97335
-4.97777
-4.98253
-4.98732
-4.99184
-4.99684
-5.00156
-5.00645
-5.01137
-5.01615
-5.02125
-5.02636
-5.03118
-5.03601
-5.04069
-5.04553
-5.05006
-5.05506
-5.06005
-5.06503
-5.06986
-5.07467
-5.07978
-5.08472
-5.0898
-5.09455
-5.09929
-5.104
-5.10883
-5.11334
-5.11797
-5.12226
-5.12698
-5.1315
-5.13584
-5.13983
-5.14423
-5.14859
-5.15305
-5.15731
-5.16152
-5.16583
-5.16993
-5.17428
-5.17841
-5.18218
-5.18574
-5.18984
-5.19356
-5.19722
-5.20081
-5.20433
-5.20777
-5.21144
-5.21473
-5.21764
-5.22077
-5.22352
-5.22618
-5.22891
-5.23186
-5.23472
-5.23688
-5.23941
-5.24185
-5.24435
-5.2466
-5.24875
-5.25051
-5.25248
-5.2548
-5.25642
-5.2581
-5.25982
-5.26129
-5.26236
-5.26364
-5.26466
-5.26558
-5.26624
-5.26726
-5.26802
-5.26868
-5.26939
-5.27015
-5.27035
-5.2703
-5.27015
-5.27004
-5.27013
-5.27028
-5.27032
-5.26995
-5.26964
-5.26907
-5.26841
-5.26764
-5.26738
-5.26627
-5.26491
-5.2636
-5.26204
-5.26115
-5.2594
-5.25756
-5.25594
-5.25437
-5.25241
-5.25066
-5.24837
-5.24614
-5.24399
-5.24174
-5.23927
-5.23686
-5.23422
-5.23166
-5.22872
-5.22601
-5.22307
-5.22022
-5.21745
-5.21446
-5.21156
-5.20844
-5.20542
-5.20219
-5.1989
-5.19571
-5.19217
-5.18874
-5.18526
-5.18189
-5.17818
-5.17473
-5.1711
-5.16744
-5.1636
-5.15989
-5.15646
-5.15256
-5.14865
-5.14487
-5.14139
-5.13744
-5.1338
-5.12971
-5.12562
-5.12184
-5.11792
-5.11446
-5.11072
-5.10715
-5.10376
-5.09978
-5.09613
-5.09237
-5.08893
-5.08538
-5.08172
-5.0787
-5.07557
-5.07202
-5.06852
-5.06537
-5.06226
-5.05904
-5.05603
-5.05306
-5.04968
-5.04666
-5.04338
-5.04061
-5.03773
-5.03476
-5.03182
-5.02894
-5.02595
-5.0233
-5.0207
-5.01815
-5.01578
-5.01301
-5.01072
-5.00833
-5.00642
-5.00409
-5.00195
-4.99969
-4.99747
-4.99511
-4.99279
-4.99095
-4.98883
-4.98658
-4.98481
-4.98292
-4.98089
-4.97858
-4.97644
-4.97447
-4.97266
-4.97073
-4.96896
-4.96706
-4.96532
-4.96391
-4.96251
-4.96068
-4.95871
-4.95707
-4.95514
-4.95353
-4.95149
-4.94993
-4.94809
-4.94597
-4.94463
-4.94317
-4.94128
-4.93958
-4.9382
-4.93671
-4.93511
-4.93369
-4.93216
-4.93098
-4.92998
-4.92888
-4.92737
-4.92621
-4.9251
-4.92404
-4.92288
-4.92193
-4.92148
-4.92064
-4.9197
-4.91927
-4.91844
-4.91783
-4.91727
-4.91662
-4.91634
-4.91596
-4.91564
-4.91522
-4.91562
-4.91533
-4.91524
-4.91535
-4.91537
-4.91528
-4.9154
-4.91572
-4.91578
-4.91619
-4.91664
-4.91698
-4.91736
-4.91793
-4.91807
-4.91839
-4.91889
-4.91896
-4.91966
-4.92052
-4.92125
-4.92169
-4.92229
-4.92305
-4.92367
-4.92444
-4.92521
-4.92597
-4.92643
-4.92704
-4.92748
-4.92792
-4.92849
-4.92936
-4.92945
-4.92983
-4.93034
-4.93084
-4.93132
-4.93162
-4.93206
-4.93247
-4.93317
-4.9337
-4.9339
-4.93423
-4.93424
-4.93454
-4.93481
-4.93537
-4.93561
-4.93553
-4.93559
-4.93548
-4.93581
-4.93598
-4.93613
-4.93658
-4.93656
-4.93654
-4.93621
-4.93617
-4.93598
-4.93594
-4.9359
-4.936
-4.93626
-4.93637
-4.93679
-4.93706
-4.93734
-4.93717
-4.9373
-4.9376
-4.93791
-4.93808
-4.93811
-4.93784
-4.9379
-4.93841
-4.9385
-4.93874
-4.93901
-4.93928
-4.93958
-4.93989
-4.94067
-4.94117
-4.94154
-4.94222
-4.94248
-4.9429
-4.94334
-4.9435
-4.94383
-4.94433
-4.9447
-4.9451
-4.94566
-4.9461
-4.9467
-4.94717
-4.94752
-4.94819
-4.94887
-4.94958
-4.95016
-4.95076
-4.95153
-4.95218
-4.95284
-4.95307
-4.95377
-4.9545
-4.95539
-4.95616
-4.95695
-4.95821
-4.95918
-4.95988
-4.96119
-4.96223
-4.96343
-4.96435
-4.96498
-4.96624
-4.96736
-4.96835
-4.9695
-4.97052
-4.9717
-4.9729
-4.97426
-4.97564
-4.97673
-4.97767
-4.97938
-4.9808
-4.98208
-4.98352
-4.98482
-4.98612
-4.98742
-4.98873
-4.99005
-4.99137
-4.99239
-4.99386
-4.99548
-4.99665
-4.99752
-4.99884
-5
-5.0013
-5.00276
-5.0039
-5.00534
-5.00662
-5.00774
-5.0093
-5.0104
-5.01179
-5.01316
-5.01468
-5.01558
-5.01676
-5.01793
-5.01924
-5.02008
-5.0209
-5.02187
-5.02266
-5.0239
-5.02527
-5.02633
-5.02738
-5.02856
-5.02973
-5.03089
-5.03159
-5.03258
-5.03356
-5.03454
-5.03536
-5.03602
-5.03684
-5.0378
-5.03892
-5.04004
-5.04071
-5.04184
-5.04267
-5.04366
-5.04466
-5.04568
-5.04686
-5.0479
-5.04866
-5.05019
-5.05143
-5.05285
-5.05398
-5.05484
-5.05571
-5.05722
-5.05844
-5.05954
-5.06081
-5.0618
-5.06327
-5.06416
-5.06568
-5.06661
-5.06817
-5.06975
-5.07105
-5.07266
-5.07429
-5.07594
-5.0776
-5.07927
-5.08095
-5.08249
-5.08449
-5.08604
-5.08759
-5.0893
-5.09085
-5.09255
-5.09409
-5.09578
-5.09731
-5.09852
-5.09987
-5.10151
-5.10313
-5.10458
-5.10601
-5.10772
-5.10911
-5.11078
-5.11212
-5.11358
-5.11471
-5.11596
-5.11718
-5.11868
-5.11984
-5.12127
-5.12221
-5.12342
-5.1249
-5.12604
-5.12699
-5.12761
-5.12865
-5.1298
-5.13061
-5.13138
-5.13227
-5.13298
-5.13349
-5.13412
-5.13486
-5.13541
-5.13593
-5.13625
-5.137
-5.13725
-5.13777
-5.1384
-5.13854
-5.13864
-5.139
-5.13902
-5.13931
-5.13955
-5.13946
-5.13947
-5.13944
-5.13937
-5.1394
-5.13939
-5.13903
-5.13893
-5.13848
-5.13799
-5.13775
-5.13715
-5.13621
-5.13567
-5.13523
-5.13443
-5.13374
-5.13299
-5.13219
-5.13148
-5.13012
-5.12916
-5.12829
-5.12753
-5.1264
-5.12508
-5.1234
-5.12212
-5.12064
-5.1191
-5.11752
-5.11618
-5.11465
-5.11307
-5.11144
-5.10946
-5.10803
-5.10596
-5.10415
-5.1026
-5.1007
-5.09891
-5.09693
-5.09522
-5.09331
-5.09107
-5.08879
-5.08648
-5.08428
-5.0819
-5.07964
-5.07765
-5.07517
-5.07297
-5.0709
-5.06864
-5.06606
-5.06345
-5.06112
-5.05861
-5.05593
-5.05293
-5.05006
-5.04763
-5.04488
-5.04197
-5.03949
-5.0367
-5.03405
-5.03185
-5.02904
-5.02653
-5.02386
-5.02135
-5.01854
-5.01558
-5.01309
-5.01061
-5.00799
-5.00524
-5.00296
-5.00026
-4.99773
-4.99523
-4.99291
-4.99048
-4.98809
-4.9859
-4.9836
-4.98149
-4.97914
-4.97715
-4.97462
-4.97244
-4.97049
-4.968
-4.96633
-4.96489
-4.96338
-4.96179
-4.96044
-4.95902
-4.95783
-4.95674
-4.95558
-4.95466
-4.95354
-4.95251
-4.95187
-4.95134
-4.95105
-4.95056
-4.95047
-4.95017
-4.95012
-4.94987
-4.95001
-4.9504
-4.95044
-4.95087
-4.95124
-4.9517
-4.95226
-4.95275
-4.95349
-4.95446
-4.95566
-4.95634
-4.9574
-4.95854
-4.95976
-4.9609
-4.9621
-4.96322
-4.96456
-4.96596
-4.96756
-4.96938
-4.97109
-4.97286
-4.97467
-4.97683
-4.97888
-4.98097
-4.98294
-4.98495
-4.98713
-4.98919
-4.99112
-4.99323
-4.99505
-4.99718
-4.99948
-5.00179
-5.0041
-5.00626
-5.00858
-5.01044
-5.01274
-5.01474
-5.01673
-5.01915
-5.02141
-5.02365
-5.02557
-5.02732
-5.02919
-5.03104
-5.03301
-5.03494
-5.03685
-5.03902
-5.0407
-5.04264
-5.04425
-5.04596
-5.04778
-5.04955
-5.05112
-5.05265
-5.05397
-5.05525
-5.05692
-5.05809
-5.05966
-5.06102
-5.06217
-5.06327
-5.06416
-5.06499
-5.06576
-5.06647
-5.06712
-5.06801
-5.06839
-5.06916
-5.07003
-5.07068
-5.07128
-5.07151
-5.07214
-5.07256
-5.07278
-5.07279
-5.0729
-5.0731
-5.07295
-5.07291
-5.07281
-5.07297
-5.07324
-5.07317
-5.07275
-5.07244
-5.07225
-5.07203
-5.07163
-5.07119
-5.07088
-5.07055
-5.0699
-5.06938
-5.06899
-5.06844
-5.06743
-5.06671
-5.0663
-5.06588
-5.06561
-5.06505
-5.06434
-5.06349
-5.06311
-5.06259
-5.06209
-5.06146
-5.06084
-5.06056
-5.0603
-5.06007
-5.05972
-5.05924
-5.0591
-5.05883
-5.0586
-5.0584
-5.05839
-5.0581
-5.05815
-5.05808
-5.05849
-5.05879
-5.05835
-5.05825
-5.05802
-5.05812
-5.05794
-5.05809
-5.0581
-5.05827
-5.05831
-5.05851
-5.05916
-5.05922
-5.05913
-5.05933
-5.05968
-5.05986
-5.06003
-5.06018
-5.06031
-5.06025
-5.06048
-5.06051
-5.06051
-5.06062
-5.06023
-5.0604
-5.0602
-5.05996
-5.05965
-5.05928
-5.05869
-5.05803
-5.0573
-5.0568
-5.05637
-5.05556
-5.05482
-5.0543
-5.05294
-5.05195
-5.05056
-5.04879
-5.04813
-5.04679
-5.0455
-5.04383
-5.04237
-5.04067
-5.03858
-5.03671
-5.03446
-5.03242
-5.03031
-5.02797
-5.02586
-5.02338
-5.02023
-5.01732
-5.0145
-5.01163
-5.00856
-5.00575
-5.00275
-4.99957
-4.99651
-4.99358
-4.99048
-4.98753
-4.98427
-4.98102
-4.97823
-4.97515
-4.9724
-4.96953
-4.96684
-4.96451
-4.96191
-4.95923
-4.95706
-4.9542
-4.95186
-4.94931
-4.94714
-4.94475
-4.94261
-4.94071
-4.93877
-4.93708
-4.93534
-4.93401
-4.93249
-4.93093
-4.92964
-4.92845
-4.92723
-4.92612
-4.92542
-4.92452
-4.92374
-4.92321
-4.92262
-4.92244
-4.9222
-4.92206
-4.92199
-4.92171
-4.92166
-4.92169
-4.92193
-4.92224
-4.92292
-4.92319
-4.92367
-4.9245
-4.92522
-4.92598
-4.92663
-4.9273
-4.92831
-4.92919
-4.92979
-4.93056
-4.93135
-4.93201
-4.93268
-4.93351
-4.93436
-4.93476
-4.93577
-4.93649
-4.93737
-4.93841
-4.93961
-4.94037
-4.94128
-4.94236
-4.9433
-4.94424
-4.94505
-4.94603
-4.94717
-4.94832
-4.9492
-4.95039
-4.9516
-4.95252
-4.95377
-4.95505
-4.95604
-4.95752
-4.95886
-4.96009
-4.96118
-4.96291
-4.96406
-4.96569
-4.9672
-4.96874
-4.97015
-4.97144
-4.9729
-4.97424
-4.97561
-4.97715
-4.97856
-4.9803
-4.98206
-4.98353
-4.98548
-4.98699
-4.98881
-4.99035
-4.99219
-4.99374
-4.9953
-4.997
-4.99856
-5.00027
-5.00181
-5.00365
-5.00488
-5.00654
-5.00865
-5.01058
-5.01218
-5.01376
-5.01516
-5.01638
-5.01786
-5.01885
-5.02011
-5.02147
-5.02309
-5.02451
-5.02528
-5.02629
-5.02725
-5.028
-5.02884
-5.02962
-5.03019
-5.03099
-5.03172
-5.03254
-5.03314
-5.03367
-5.03398
-5.03422
-5.03454
-5.03494
-5.03512
-5.03493
-5.03497
-5.03525
-5.03515
-5.03469
-5.03447
-5.03388
-5.03354
-5.03328
-5.03282
-5.03261
-5.03219
-5.03143
-5.03091
-5.03005
-5.02961
-5.02882
-5.02724
-5.02638
-5.02519
-5.02473
-5.0241
-5.02284
-5.02218
-5.02089
-5.02035
-5.01935
-5.01804
-5.01719
-5.01634
-5.01505
-5.01407
-5.01325
-5.0123
-5.01137
-5.01016
-5.00897
-5.00797
-5.00699
-5.00651
-5.00591
-5.00535
-5.00468
-5.00405
-5.00332
-5.00279
-5.00216
-5.00158
-5.0012
-5.00103
-5.00092
-5.00071
-5.00041
-5.00047
-5.00043
-5.00046
-5.0004
-5.00055
-5.00076
-5.00088
-5.00136
-5.00175
-5.0022
-5.00271
-5.00313
-5.0039
-5.00443
-5.00531
-5.0061
-5.00679
-5.00783
-5.00877
-5.00975
-5.01123
-5.01231
-5.01342
-5.01487
-5.01576
-5.01668
-5.01809
-5.01952
-5.02114
-5.02263
-5.02398
-5.02536
-5.02691
-5.02862
-5.03004
-5.03117
-5.03246
-5.03345
-5.03519
-5.03633
-5.03792
-5.03935
-5.04092
-5.04218
-5.04342
-5.04465
-5.046
-5.04749
-5.0488
-5.05024
-5.05164
-5.05256
-5.0539
-5.0549
-5.05601
-5.05679
-5.05782
-5.0588
-5.05974
-5.06063
-5.06117
-5.06181
-5.0624
-5.06323
-5.06401
-5.06443
-5.06509
-5.06584
-5.06593
-5.06641
-5.06669
-5.06674
-5.06704
-5.06742
-5.06744
-5.06694
-5.06699
-5.06667
-5.06673
-5.06643
-5.06577
-5.0658
-5.06531
-5.06446
-5.0637
-5.06303
-5.06275
-5.06181
-5.06096
-5.06005
-5.05924
-5.05852
-5.0576
-5.05677
-5.05589
-5.05481
-5.05397
-5.05263
-5.0511
-5.04981
-5.04848
-5.04649
-5.04477
-5.04315
-5.04119
-5.03933
-5.03743
-5.03565
-5.03383
-5.03197
-5.03023
-5.02831
-5.0265
-5.02437
-5.02235
-5.02046
-5.01825
-5.01602
-5.01391
-5.01224
-5.00995
-5.0078
-5.00548
-5.00331
-5.00098
-4.99895
-4.99616
-4.99398
-4.99196
-4.98979
-4.98778
-4.98563
-4.98366
-4.98124
-4.97915
-4.97694
-4.97476
-4.9729
-4.97109
-4.96931
-4.96712
-4.96527
-4.96347
-4.96157
-4.95973
-4.95824
-4.95651
-4.95483
-4.95353
-4.95213
-4.95051
-4.94941
-4.94838
-4.94713
-4.94626
-4.94531
-4.94445
-4.94398
-4.94343
-4.94283
-4.94216
-4.94189
-4.94156
-4.94132
-4.94133
-4.94129
-4.94089
-4.94059
-4.94069
-4.94135
-4.9415
-4.94206
-4.94257
-4.94303
-4.94404
-4.94516
-4.94608
-4.94695
-4.94807
-4.94945
-4.95077
-4.95234
-4.95386
-4.95563
-4.95718
-4.95899
-4.96103
-4.96271
-4.96478
-4.96754
-4.97008
-4.9724
-4.97509
-4.9777
-4.98008
-4.98283
-4.98548
-4.98835
-4.99111
-4.99438
-4.99754
-5.00058
-5.00351
-5.00693
-5.01006
-5.01277
-5.01594
-5.01897
-5.022
-5.02458
-5.02822
-5.03154
-5.03485
-5.03783
-5.04079
-5.04327
-5.04631
-5.04931
-5.05197
-5.05503
-5.05774
-5.06023
-5.06342
-5.06609
-5.06884
-5.07121
-5.07396
-5.07648
-5.07846
-5.0805
-5.08275
-5.0846
-5.08636
-5.08802
-5.08987
-5.09148
-5.09267
-5.09406
-5.09504
-5.09636
-5.09711
-5.09821
-5.09904
-5.09991
-5.10051
-5.101
-5.10137
-5.10163
-5.10177
-5.10149
-5.10156
-5.1012
-5.10074
-5.10032
-5.09978
-5.09914
-5.09824
-5.09753
-5.09627
-5.09521
-5.09406
-5.0928
-5.0916
-5.09016
-5.08848
-5.08686
-5.08486
-5.08308
-5.08107
-5.07928
-5.07728
-5.07491
-5.07293
-5.07059
-5.06834
-5.06604
-5.06384
-5.06129
-5.05885
-5.05638
-5.05357
-5.05133
-5.04877
-5.04634
-5.04373
-5.04126
-5.03879
-5.036
-5.03337
-5.03073
-5.02825
-5.02563
-5.02318
-5.02074
-5.01802
-5.01532
-5.01265
-5.01031
-5.00816
-5.00575
-5.00337
-5.00119
-4.99906
-4.99652
-4.99434
-4.99221
-4.99014
-4.98829
-4.98619
-4.98416
-4.98235
-4.98046
-4.97909
-4.97735
-4.97598
-4.97468
-4.97362
-4.97249
-4.97128
-4.97001
-4.96896
-4.96831
-4.96713
-4.96633
-4.96562
-4.96499
-4.96444
-4.96367
-4.96313
-4.96298
-4.96259
-4.96244
-4.96236
-4.9625
-4.96272
-4.96285
-4.96305
-4.96346
-4.96409
-4.96447
-4.96461
-4.96495
-4.96564
-4.96638
-4.96701
-4.96783
-4.96869
-4.96958
-4.96989
-4.97038
-4.9712
-4.97219
-4.97305
-4.97422
-4.9754
-4.97658
-4.97747
-4.97821
-4.97895
-4.97953
-4.98025
-4.98127
-4.98227
-4.98311
-4.98363
-4.98474
-4.98568
-4.98644
-4.98703
-4.98805
-4.98889
-4.98941
-4.98989
-4.9905
-4.99138
-4.99193
-4.99275
-4.99339
-4.99385
-4.99427
-4.99497
-4.99518
-4.99581
-4.99581
-4.99607
-4.99615
-4.9962
-4.99622
-4.99651
-4.99646
-4.99623
-4.99612
-4.99614
-4.99642
-4.99651
-4.99613
-4.99571
-4.99541
-4.99492
-4.99471
-4.99416
-4.99357
-4.99356
-4.99291
-4.99238
-4.99181
-4.9912
-4.99086
-4.99033
-4.98976
-4.98946
-4.98867
-4.98813
-4.98726
-4.98649
-4.98554
-4.98408
-4.98319
-4.98196
-4.98128
-4.98071
-4.97995
-4.97914
-4.97798
-4.97648
-4.97523
-4.97409
-4.97306
-4.97168
-4.97025
-4.96879
-4.96712
-4.96557
-4.96413
-4.9628
-4.96067
-4.95882
-4.95707
-4.9553
-4.95318
-4.95149
-4.94962
-4.94772
-4.9458
-4.94385
-4.94204
-4.94005
-4.93805
-4.93603
-4.934
-4.93181
-4.92961
-4.92756
-4.92551
-4.9233
-4.92125
-4.91906
-4.91717
-4.91515
-4.91359
-4.91174
-4.90991
-4.90795
-4.90601
-4.90379
-4.90174
-4.89987
-4.89834
-4.89653
-4.89475
-4.89285
-4.89115
-4.88947
-4.88769
-4.88625
-4.88439
-4.88288
-4.88156
-4.87984
-4.87846
-4.87698
-4.87554
-4.87416
-4.87327
-4.87213
-4.87089
-4.86986
-4.86872
-4.86733
-4.8666
-4.86608
-4.86591
-4.86518
-4.86451
-4.86374
-4.86332
-4.86265
-4.86249
-4.86222
-4.86184
-4.86167
-4.86123
-4.86099
-4.86078
-4.86077
-4.86079
-4.86025
-4.86018
-4.86
-4.86014
-4.86016
-4.8602
-4.86041
-4.86078
-4.86071
-4.86081
-4.86137
-4.86148
-4.86099
-4.86125
-4.86122
-4.86103
-4.86129
-4.8617
-4.86195
-4.86219
-4.86212
-4.8622
-4.86226
-4.86217
-4.86206
-4.86194
-4.86212
-4.86229
-4.8623
-4.86246
-4.86231
-4.86231
-4.86246
-4.86276
-4.86276
-4.86262
-4.86263
-4.86251
-4.86239
-4.86229
-4.86251
-4.86244
-4.86254
-4.86267
-4.86298
-4.86362
-4.86398
-4.86423
-4.86467
-4.86515
-4.86582
-4.86592
-4.86683
-4.86718
-4.86788
-4.86864
-4.86929
-4.86954
-4.8703
-4.87112
-4.8723
-4.87308
-4.87407
-4.87527
-4.87624
-4.87726
-4.8785
-4.87981
-4.88117
-4.8826
-4.88425
-4.88581
-4.88743
-4.88927
-4.89133
-4.89314
-4.89548
-4.89742
-4.89942
-4.90148
-4.90329
-4.90547
-4.9077
-4.90999
-4.91218
-4.91473
-4.91717
-4.91982
-4.9225
-4.92523
-4.92786
-4.93037
-4.93307
-4.9358
-4.93856
-4.94121
-4.94403
-4.94688
-4.9496
-4.95249
-4.9554
-4.95847
-4.96155
-4.9648
-4.9673
-4.97011
-4.97246
-4.97573
-4.97869
-4.98164
-4.98474
-4.98753
-4.99
-4.99292
-4.99582
-4.99841
-5.00113
-5.00398
-5.00726
-5.01037
-5.01301
-5.01562
-5.0188
-5.02151
-5.02419
-5.027
-5.02962
-5.03236
-5.03508
-5.03745
-5.03995
-5.04211
-5.04438
-5.04692
-5.04928
-5.05144
-5.05417
-5.0564
-5.0586
-5.06059
-5.06255
-5.06446
-5.06632
-5.06843
-5.07019
-5.07221
-5.07401
-5.07576
-5.07745
-5.07908
-5.0805
-5.082
-5.08359
-5.08496
-5.0861
-5.08718
-5.08848
-5.08955
-5.09055
-5.09162
-5.0923
-5.09275
-5.09356
-5.09384
-5.09433
-5.09457
-5.09458
-5.09465
-5.09448
-5.09451
-5.09446
-5.09461
-5.09437
-5.09404
-5.09331
-5.09265
-5.09205
-5.09121
-5.09013
-5.08958
-5.08848
-5.08762
-5.08652
-5.08535
-5.08395
-5.08234
-5.08096
-5.07952
-5.07786
-5.0763
-5.07469
-5.07272
-5.07146
-5.07015
-5.0682
-5.06622
-5.06449
-5.06259
-5.06066
-5.0587
-5.05688
-5.05457
-5.05241
-5.05038
-5.04864
-5.0466
-5.04439
-5.04188
-5.04012
-5.0382
-5.03614
-5.03409
-5.03203
-5.02969
-5.02765
-5.02562
-5.02376
-5.02176
-5.01978
-5.01766
-5.01586
-5.01392
-5.01186
-5.01011
-5.00839
-5.00654
-5.00456
-5.00275
-5.00128
-4.99968
-4.99796
-4.99612
-4.99445
-4.99283
-4.99093
-4.98952
-4.98785
-4.98606
-4.98492
-4.98367
-4.98231
-4.98115
-4.97988
-4.97882
-4.97781
-4.97685
-4.97579
-4.97479
-4.97415
-4.97327
-4.9723
-4.97155
-4.97071
-4.97009
-4.96983
-4.96965
-4.96908
-4.96859
-4.96831
-4.96781
-4.96768
-4.96732
-4.96733
-4.96756
-4.96786
-4.96854
-4.96882
-4.96932
-4.96988
-4.97035
-4.97103
-4.97147
-4.9718
-4.97248
-4.97306
-4.97383
-4.9751
-4.97579
-4.97681
-4.97786
-4.97878
-4.97987
-4.98113
-4.98193
-4.98305
-4.98386
-4.98497
-4.98576
-4.9867
-4.98762
-4.98851
-4.98923
-4.99023
-4.99073
-4.9915
-4.99193
-4.99232
-4.99296
-4.994
-4.99454
-4.99457
-4.99514
-4.99535
-4.99581
-4.99529
-4.99577
-4.99587
-4.99591
-4.99588
-4.99577
-4.9959
-4.99565
-4.99549
-4.99464
-4.99418
-4.99365
-4.99244
-4.99191
-4.99102
-4.99036
-4.98933
-4.98853
-4.98783
-4.98676
-4.98578
-4.98459
-4.98365
-4.98235
-4.98115
-4.97961
-4.97817
-4.97683
-4.97531
-4.9736
-4.97185
-4.97007
-4.96826
-4.96658
-4.96473
-4.96332
-4.96158
-4.95984
-4.95823
-4.95647
-4.95486
-4.95309
-4.95133
-4.94942
-4.94767
-4.94594
-4.94421
-4.94235
-4.94081
-4.93914
-4.93734
-4.93587
-4.93397
-4.93224
-4.9304
-4.92888
-4.9274
-4.92625
-4.92468
-4.92314
-4.9221
-4.92078
-4.9198
-4.9184
-4.91718
-4.916
-4.91501
-4.91405
-4.91281
-4.91176
-4.91059
-4.90961
-4.9085
-4.90757
-4.90682
-4.90595
-4.90495
-4.90383
-4.90318
-4.90225
-4.9015
-4.90077
-4.90051
-4.89967
-4.899
-4.89849
-4.89785
-4.89738
-4.89693
-4.89633
-4.89576
-4.89534
-4.89449
-4.89395
-4.89342
-4.89306
-4.89241
-4.89177
-4.8919
-4.8916
-4.89115
-4.89073
-4.89047
-4.88993
-4.88926
-4.88906
-4.88889
-4.88874
-4.88862
-4.88854
-4.88818
-4.88771
-4.88742
-4.88718
-4.88714
-4.88699
-4.88734
-4.88745
-4.88777
-4.88815
-4.8883
-4.88882
-4.8891
-4.88977
-4.89052
-4.89134
-4.8921
-4.8931
-4.89419
-4.89507
-4.89589
-4.89711
-4.89857
-4.90012
-4.90162
-4.90337
-4.90475
-4.90638
-4.90854
-4.9105
-4.91269
-4.91511
-4.91715
-4.91942
-4.92205
-4.9249
-4.9269
-4.92956
-4.93211
-4.93469
-4.93747
-4.94027
-4.94309
-4.94592
-4.94846
-4.951
-4.95354
-4.95606
-4.95872
-4.96135
-4.96396
-4.96668
-4.96906
-4.97155
-4.97399
-4.97653
-4.97886
-4.98113
-4.98348
-4.98577
-4.98784
-4.98954
-4.99147
-4.99362
-4.9954
-4.9971
-4.99887
-5.00056
-5.00218
-5.00371
-5.00517
-5.00625
-5.00756
-5.00879
-5.00949
-5.01028
-5.01129
-5.01208
-5.0128
-5.01331
-5.0139
-5.01443
-5.0149
-5.01516
-5.01551
-5.01611
-5.01636
-5.01671
-5.01687
-5.01698
-5.0172
-5.01738
-5.01722
-5.01718
-5.0171
-5.01669
-5.01701
-5.01685
-5.01667
-5.01676
-5.01654
-5.0163
-5.01634
-5.01622
-5.01578
-5.01563
-5.01487
-5.01409
-5.01377
-5.01328
-5.01278
-5.01243
-5.01268
-5.01248
-5.01226
-5.01174
-5.01107
-5.01084
-5.01061
-5.01007
-5.00968
-5.00959
-5.00888
-5.00848
-5.00822
-5.00765
-5.00737
-5.00694
-5.0065
-5.00635
-5.00604
-5.00572
-5.00539
-5.00475
-5.0041
-5.00358
-5.00336
-5.00252
-5.00213
-5.00157
-5.00115
-5.00057
-5.00013
-4.99953
-4.99832
-4.99801
-4.99738
-4.9966
-4.99597
-4.99518
-4.9944
-4.99376
-4.99313
-4.99219
-4.99142
-4.99035
-4.98959
-4.98915
-4.98843
-4.98802
-4.98763
-4.98711
-4.98632
-4.9857
-4.98526
-4.9847
-4.98417
-4.98412
-4.98366
-4.98338
-4.98314
-4.98324
-4.98307
-4.98279
-4.98269
-4.98218
-4.98186
-4.98203
-4.98193
-4.98232
-4.98259
-4.98274
-4.98262
-4.98298
-4.98306
-4.98333
-4.98331
-4.98392
-4.9847
-4.9852
-4.98571
-4.9864
-4.98709
-4.98735
-4.98807
-4.98865
-4.98923
-4.98968
-4.99029
-4.99105
-4.99168
-4.99231
-4.9928
-4.99315
-4.99366
-4.99463
-4.99531
-4.996
-4.9967
-4.99711
-4.99754
-4.99813
-4.99889
-4.99937
-5.00017
-5.00083
-5.00152
-5.00223
-5.00296
-5.00417
-5.00481
-5.00592
-5.00675
-5.00777
-5.00881
-5.00973
-5.01067
-5.0118
-5.01249
-5.01337
-5.01442
-5.01535
-5.0163
-5.01712
-5.01842
-5.01958
-5.02077
-5.02197
-5.02333
-5.02441
-5.02565
-5.02674
-5.02799
-5.02954
-5.03064
-5.03189
-5.03282
-5.0342
-5.03511
-5.03631
-5.03704
-5.0382
-5.03918
-5.04013
-5.04136
-5.04224
-5.04325
-5.04421
-5.04528
-5.04631
-5.04699
-5.04747
-5.0482
-5.04888
-5.0495
-5.05007
-5.05073
-5.05118
-5.05128
-5.05177
-5.05205
-5.05212
-5.05214
-5.05225
-5.05216
-5.05216
-5.05226
-5.05215
-5.05215
-5.05196
-5.05172
-5.05158
-5.05126
-5.05076
-5.05052
-5.05011
-5.04997
-5.04951
-5.04904
-5.0487
-5.04851
-5.04801
-5.04781
-5.04716
-5.04667
-5.04588
-5.04587
-5.04572
-5.04499
-5.04458
-5.0445
-5.04445
-5.04413
-5.04384
-5.04358
-5.0432
-5.04331
-5.04301
-5.04274
-5.0425
-5.0426
-5.04258
-5.04305
-5.04355
-5.04363
-5.04358
-5.04356
-5.04371
-5.04389
-5.04378
-5.04369
-5.04392
-5.04416
-5.04425
-5.04405
-5.04446
-5.04503
-5.04528
-5.04554
-5.04564
-5.04573
-5.04611
-5.04633
-5.04683
-5.04687
-5.0472
-5.04735
-5.04733
-5.0476
-5.04754
-5.04761
-5.04736
-5.04753
-5.04769
-5.04782
-5.04762
-5.04755
-5.04776
-5.04765
-5.04721
-5.0469
-5.04672
-5.04682
-5.04675
-5.04652
-5.04612
-5.04585
-5.04572
-5.04543
-5.04528
-5.04513
-5.04481
-5.04434
-5.04416
-5.04414
-5.0432
-5.04288
-5.04255
-5.04208
-5.04161
-5.04115
-5.04055
-5.04026
-5.03998
-5.03971
-5.0396
-5.0398
-5.03957
-5.03919
-5.03928
-5.03909
-5.03875
-5.03843
-5.03843
-5.03843
-5.03815
-5.03802
-5.03776
-5.0375
-5.03771
-5.03762
-5.03753
-5.0376
-5.03707
-5.037
-5.03662
-5.03654
-5.03646
-5.03637
-5.03597
-5.03557
-5.03515
-5.03473
-5.03475
-5.03445
-5.03428
-5.03456
-5.03391
-5.03355
-5.03347
-5.03337
-5.0331
-5.03281
-5.0322
-5.03202
-5.03197
-5.03161
-5.03182
-5.03127
-5.03039
-5.02994
-5.02933
-5.02886
-5.02852
-5.02786
-5.02719
-5.02682
-5.02628
-5.02573
-5.02502
-5.02461
-5.02405
-5.02318
-5.02262
-5.0219
-5.02164
-5.02108
-5.02053
-5.01983
-5.01945
-5.01893
-5.01857
-5.01777
-5.01729
-5.01682
-5.01637
-5.01594
-5.01553
-5.01529
-5.01507
-5.01473
-5.0144
-5.01395
-5.01382
-5.01342
-5.01334
-5.01299
-5.01281
-5.01266
-5.01268
-5.01257
-5.01234
-5.01214
-5.01226
-5.0121
-5.01227
-5.01216
-5.01222
-5.01261
-5.01272
-5.01255
-5.01286
-5.01288
-5.01292
-5.01329
-5.01337
-5.01393
-5.0139
-5.01435
-5.0145
-5.01483
-5.01487
-5.01508
-5.01546
-5.016
-5.01656
-5.01683
-5.01742
-5.01802
-5.01864
-5.01897
-5.01991
-5.02057
-5.02109
-5.02147
-5.02202
-5.02242
-5.02299
-5.02356
-5.02415
-5.02444
-5.02474
-5.0252
-5.02567
-5.02705
-5.02739
-5.02788
-5.02883
-5.02933
-5.02983
-5.03049
-5.031
-5.03166
-5.03233
-5.03314
-5.03395
-5.03476
-5.03557
-5.03622
-5.03702
-5.03782
-5.0386
-5.03908
-5.04
-5.04031
-5.0409
-5.04149
-5.04206
-5.04276
-5.04285
-5.04336
-5.04386
-5.04449
-5.04465
-5.04508
-5.04534
-5.04572
-5.04592
-5.04578
-5.04592
-5.04618
-5.0464
-5.04659
-5.04644
-5.04654
-5.04646
-5.04633
-5.04647
-5.04655
-5.04644
-5.04629
-5.04623
-5.04597
-5.04536
-5.04514
-5.04472
-5.04439
-5.04386
-5.04296
-5.04261
-5.04175
-5.04068
-5.03984
-5.03894
-5.03798
-5.03696
-5.03572
-5.03472
-5.03351
-5.03223
-5.03104
-5.02948
-5.02801
-5.02678
-5.02518
-5.02337
-5.02166
-5.01988
-5.01743
-5.01568
-5.01403
-5.01202
-5.01011
-5.00799
-5.00597
-5.0036
-5.00148
-4.99962
-4.99741
-4.99532
-4.99273
-4.99025
-4.98759
-4.9849
-4.98263
-4.98018
-4.97771
-4.97537
-4.9727
-4.96972
-4.96733
-4.96478
-4.96207
-4.95951
-4.9571
-4.95438
-4.95153
-4.94883
-4.94599
-4.94347
-4.94082
-4.93804
-4.93543
-4.93285
-4.93075
-4.92808
-4.9256
-4.92346
-4.92121
-4.91855
-4.91655
-4.91459
-4.91238
-4.91008
-4.90829
-4.9061
-4.90443
-4.90252
-4.90098
-4.8992
-4.89734
-4.89525
-4.89339
-4.8919
-4.89064
-4.88946
-4.88835
-4.88718
-4.88608
-4.88522
-4.88414
-4.88344
-4.88298
-4.88246
-4.88187
-4.88107
-4.8805
-4.88017
-4.87994
-4.87994
-4.87987
-4.8799
-4.88017
-4.88082
-4.88112
-4.88165
-4.88213
-4.88254
-4.88318
-4.88392
-4.8852
-4.88581
-4.88681
-4.8879
-4.88907
-4.89017
-4.89166
-4.89308
-4.89458
-4.89602
-4.89768
-4.89942
-4.90124
-4.90299
-4.90511
-4.90715
-4.90926
-4.91115
-4.9134
-4.91602
-4.91856
-4.92086
-4.92352
-4.9264
-4.92904
-4.93158
-4.93432
-4.93697
-4.93998
-4.94319
-4.94614
-4.94915
-4.95219
-4.95559
-4.95858
-4.96145
-4.96452
-4.96793
-4.97092
-4.97425
-4.97747
-4.98087
-4.98414
-4.98745
-4.99094
-4.99416
-4.998
-5.00172
-5.00607
-5.00954
-5.01317
-5.01698
-5.02065
-5.02449
-5.02835
-5.03206
-5.03594
-5.03998
-5.04388
-5.04778
-5.05139
-5.05545
-5.05921
-5.06297
-5.06657
-5.07047
-5.07422
-5.07825
-5.08213
-5.08584
-5.08953
-5.09291
-5.09656
-5.1002
-5.1038
-5.10738
-5.11078
-5.1143
-5.11793
-5.12123
-5.12479
-5.12815
-5.13162
-5.1352
-5.13842
-5.14159
-5.14486
-5.14791
-5.15091
-5.1543
-5.15763
-5.16013
-5.16302
-5.16583
-5.16842
-5.17123
-5.17366
-5.17601
-5.17842
-5.18029
-5.18222
-5.18406
-5.18595
-5.18775
-5.18929
-5.19089
-5.19238
-5.19347
-5.1949
-5.19592
-5.19668
-5.19763
-5.19816
-5.19888
-5.19949
-5.19982
-5.20019
-5.20044
-5.20056
-5.20042
-5.20045
-5.20007
-5.19971
-5.19908
-5.19862
-5.19775
-5.1969
-5.19609
-5.19455
-5.19335
-5.19234
-5.19121
-5.18967
-5.18771
-5.18565
-5.18378
-5.18121
-5.17929
-5.17713
-5.17487
-5.17223
-5.16965
-5.16714
-5.16456
-5.16221
-5.15964
-5.15672
-5.15389
-5.15101
-5.14779
-5.14453
-5.14155
-5.13854
-5.13537
-5.13203
-5.12884
-5.12581
-5.12264
-5.11949
-5.11682
-5.11388
-5.11083
-5.10767
-5.10472
-5.10227
-5.0996
-5.09714
-5.09446
-5.09263
-5.09027
-5.08802
-5.08601
-5.08381
-5.08186
-5.07988
-5.07801
-5.07596
-5.07464
-5.07344
-5.07221
-5.07126
-5.07029
-5.0693
-5.06889
-5.06815
-5.06784
-5.0675
-5.06744
-5.0675
-5.06722
-5.06752
-5.06792
-5.06829
-5.0689
-5.06962
-5.07029
-5.07119
-5.07233
-5.07325
-5.07439
-5.07545
-5.07642
-5.07744
-5.07852
-5.07979
-5.08079
-5.08198
-5.08334
-5.08502
-5.08671
-5.08826
-5.08935
-5.09074
-5.09197
-5.09347
-5.09496
-5.09626
-5.09753
-5.09875
-5.09993
-5.10076
-5.10183
-5.103
-5.10364
-5.10437
-5.10533
-5.10607
-5.10718
-5.1076
-5.10825
-5.10866
-5.10913
-5.10951
-5.10936
-5.10956
-5.10922
-5.10924
-5.10902
-5.10886
-5.10845
-5.10781
-5.10647
-5.10535
-5.10459
-5.10345
-5.10269
-5.10154
-5.10092
-5.09947
-5.09856
-5.09773
-5.09624
-5.09514
-5.09354
-5.09218
-5.09033
-5.08873
-5.0871
-5.08544
-5.0836
-5.08174
-5.07985
-5.07765
-5.0759
-5.0746
-5.07284
-5.07125
-5.06951
-5.06749
-5.06564
-5.06397
-5.06232
-5.06087
-5.0596
-5.05823
-5.0563
-5.05503
-5.05366
-5.05205
-5.05081
-5.04948
-5.04822
-5.04704
-5.04623
-5.04566
-5.04486
-5.04369
-5.04262
-5.04208
-5.04147
-5.04111
-5.04084
-5.04082
-5.04043
-5.04044
-5.04039
-5.04074
-5.04102
-5.0411
-5.04142
-5.04213
-5.04263
-5.04306
-5.04404
-5.04509
-5.04593
-5.04715
-5.04829
-5.04936
-5.0502
-5.05156
-5.05313
-5.05477
-5.05647
-5.05791
-5.05941
-5.06096
-5.06271
-5.06449
-5.06616
-5.06817
-5.0702
-5.07165
-5.07358
-5.07552
-5.07747
-5.07959
-5.0817
-5.08397
-5.08579
-5.08804
-5.08984
-5.09146
-5.09337
-5.09526
-5.09712
-5.09896
-5.1006
-5.10282
-5.10454
-5.10577
-5.1071
-5.10853
-5.10977
-5.11109
-5.11251
-5.11402
-5.11547
-5.11686
-5.11862
-5.11972
-5.12074
-5.12184
-5.12272
-5.12351
-5.12422
-5.12485
-5.12539
-5.12585
-5.12592
-5.12635
-5.12684
-5.12679
-5.1268
-5.12656
-5.12652
-5.12624
-5.12571
-5.12508
-5.1245
-5.12383
-5.1229
-5.12217
-5.12119
-5.12011
-5.11893
-5.11795
-5.11656
-5.11493
-5.1135
-5.11182
-5.1102
-5.10818
-5.10637
-5.10432
-5.10218
-5.09965
-5.09765
-5.09541
-5.09296
-5.09058
-5.08784
-5.08533
-5.08293
-5.08017
-5.07798
-5.07514
-5.07228
-5.06939
-5.06634
-5.06343
-5.06053
-5.05778
-5.05491
-5.05191
-5.0491
-5.04589
-5.04304
-5.04071
-5.03785
-5.03523
-5.03332
-5.0309
-5.02891
-5.02703
-5.0253
-5.02355
-5.02165
-5.02022
-5.01879
-5.01753
-5.01706
-5.01631
-5.01544
-5.01506
-5.01517
-5.01562
-5.01565
-5.01618
-5.01629
-5.01704
-5.01782
-5.01908
-5.02021
-5.02167
-5.02313
-5.0249
-5.02696
-5.02917
-5.03136
-5.03397
-5.0364
-5.03893
-5.0417
-5.04471
-5.04764
-5.05064
-5.05354
-5.05648
-5.05945
-5.06215
-5.06531
-5.06818
-5.07149
-5.07448
-5.0779
-5.08098
-5.08372
-5.08656
-5.08934
-5.09189
-5.09438
-5.09693
-5.0994
-5.10162
-5.10389
-5.10635
-5.10871
-5.11034
-5.11216
-5.11386
-5.11528
-5.11687
-5.11864
-5.11982
-5.12041
-5.12117
-5.12194
-5.12258
-5.12324
-5.12346
-5.1237
-5.12395
-5.12408
-5.12363
-5.12335
-5.1228
-5.12228
-5.12165
-5.12045
-5.11959
-5.11818
-5.11712
-5.11627
-5.11517
-5.11384
-5.11242
-5.11078
-5.10937
-5.10744
-5.10576
-5.10402
-5.10222
-5.10054
-5.09836
-5.09646
-5.09437
-5.09241
-5.09058
-5.08858
-5.08673
-5.08457
-5.08241
-5.08056
-5.07886
-5.07688
-5.07491
-5.07326
-5.07103
-5.06897
-5.06725
-5.0654
-5.06314
-5.06152
-5.05963
-5.05794
-5.05658
-5.05512
-5.05355
-5.05202
-5.05038
-5.0491
-5.04786
-5.04681
-5.04567
-5.04457
-5.04352
-5.04252
-5.04156
-5.04066
-5.03965
-5.03899
-5.03807
-5.03705
-5.03639
-5.03546
-5.03488
-5.0342
-5.03342
-5.03298
-5.03243
-5.03223
-5.03177
-5.03151
-5.03129
-5.0308
-5.03036
-5.03011
-5.02974
-5.02941
-5.02942
-5.02977
-5.0297
-5.02937
-5.02921
-5.02939
-5.02959
-5.02953
-5.02949
-5.02962
-5.02978
-5.03011
-5.03031
-5.03037
-5.0306
-5.031
-5.0311
-5.03152
-5.03164
-5.03177
-5.03205
-5.03248
-5.03291
-5.03333
-5.03374
-5.0343
-5.03454
-5.03447
-5.03453
-5.03487
-5.03518
-5.03517
-5.03528
-5.03521
-5.03495
-5.03511
-5.03508
-5.03516
-5.03459
-5.03443
-5.03407
-5.0335
-5.03289
-5.03282
-5.0321
-5.03176
-5.03137
-5.03047
-5.02995
-5.02952
-5.02872
-5.02801
-5.02693
-5.02638
-5.02547
-5.02419
-5.02315
-5.02189
-5.02057
-5.01903
-5.01759
-5.01563
-5.01407
-5.01261
-5.01064
-5.00878
-5.00702
-5.00523
-5.00354
-5.00168
-4.99978
-4.99817
-4.99608
-4.99413
-4.99218
-4.99037
-4.98872
-4.98663
-4.98455
-4.98294
-4.98106
-4.97936
-4.97755
-4.97548
-4.97376
-4.97255
-4.97079
-4.96925
-4.96823
-4.96697
-4.96564
-4.96439
-4.96368
-4.96259
-4.96174
-4.96068
-4.95985
-4.95927
-4.95862
-4.95807
-4.95776
-4.95753
-4.95755
-4.9572
-4.95724
-4.95736
-4.95712
-4.95726
-4.95762
-4.95822
-4.95828
-4.95918
-4.95968
-4.96026
-4.96105
-4.96175
-4.96251
-4.96287
-4.96359
-4.96451
-4.96548
-4.96679
-4.968
-4.96925
-4.97024
-4.97157
-4.97263
-4.97403
-4.9753
-4.97661
-4.97794
-4.9796
-4.98113
-4.98238
-4.9838
-4.98508
-4.98638
-4.98754
-4.98886
-4.99019
-4.99183
-4.99347
-4.99511
-4.99645
-4.99778
-4.99927
-5.00074
-5.00251
-5.00412
-5.00556
-5.00729
-5.00871
-5.0101
-5.01132
-5.01252
-5.01355
-5.01485
-5.01629
-5.01754
-5.01862
-5.01997
-5.02129
-5.02213
-5.02264
-5.02373
-5.02479
-5.02567
-5.02698
-5.0278
-5.02845
-5.02938
-5.03028
-5.031
-5.03246
-5.03298
-5.03394
-5.03428
-5.03474
-5.03549
-5.03621
-5.03662
-5.03747
-5.03815
-5.03881
-5.039
-5.03949
-5.03996
-5.04042
-5.04116
-5.04175
-5.04218
-5.04274
-5.04314
-5.04384
-5.04423
-5.0446
-5.04573
-5.04669
-5.04735
-5.04814
-5.04878
-5.04926
-5.04959
-5.05005
-5.05066
-5.05142
-5.05156
-5.052
-5.05228
-5.05287
-5.05284
-5.05326
-5.05367
-5.05408
-5.05434
-5.05474
-5.05514
-5.05538
-5.05562
-5.05617
-5.05641
-5.05695
-5.05703
-5.05742
-5.0575
-5.05758
-5.05812
-5.0582
-5.05873
-5.05897
-5.05935
-5.05958
-5.05997
-5.06065
-5.06073
-5.06081
-5.06103
-5.06156
-5.06193
-5.0623
-5.06266
-5.06287
-5.06322
-5.06356
-5.0639
-5.06454
-5.06501
-5.06563
-5.06594
-5.06609
-5.06623
-5.06636
-5.06663
-5.06689
-5.06699
-5.06724
-5.06747
-5.0677
-5.06792
-5.06798
-5.06849
-5.0687
-5.0689
-5.06896
-5.06901
-5.06907
-5.06914
-5.06937
-5.06991
-5.07002
-5.07044
-5.07059
-5.07091
-5.07081
-5.0715
-5.07222
-5.07282
-5.07316
-5.0737
-5.07414
-5.07492
-5.07546
-5.07604
-5.07668
-5.07753
-5.07844
-5.0794
-5.08041
-5.08149
-5.08276
-5.08424
-5.08532
-5.08675
-5.08806
-5.08897
-5.09022
-5.09119
-5.0928
-5.09443
-5.09577
-5.09697
-5.09832
-5.09968
-5.10087
-5.1022
-5.10366
-5.10509
-5.10664
-5.10739
-5.10871
-5.10997
-5.11148
-5.11278
-5.11401
-5.11502
-5.11595
-5.11651
-5.11698
-5.11797
-5.11872
-5.11939
-5.11966
-5.12014
-5.12022
-5.12007
-5.12027
-5.12022
-5.12008
-5.11985
-5.11953
-5.11927
-5.11908
-5.11864
-5.11783
-5.11693
-5.11595
-5.11506
-5.11393
-5.11274
-5.11164
-5.11093
-5.1091
-5.10797
-5.10665
-5.10572
-5.10431
-5.10316
-5.10166
-5.09999
-5.09829
-5.09687
-5.09558
-5.09427
-5.09265
-5.09132
-5.08983
-5.08834
-5.08685
-5.08537
-5.08374
-5.08211
-5.07975
-5.07846
-5.07658
-5.07518
-5.07365
-5.07214
-5.07081
-5.06967
-5.06825
-5.06716
-5.06581
-5.0648
-5.06368
-5.06229
-5.06094
-5.05979
-5.05868
-5.05761
-5.05628
-5.0553
-5.05527
-5.05438
-5.05354
-5.05304
-5.05243
-5.05172
-5.05106
-5.05059
-5.0497
-5.04917
-5.04867
-5.04791
-5.04748
-5.04709
-5.04674
-5.04672
-5.04673
-5.04646
-5.04622
-5.04645
-5.04595
-5.04577
-5.0456
-5.04544
-5.04529
-5.04484
-5.0447
-5.0444
-5.04471
-5.04456
-5.04455
-5.04438
-5.04435
-5.04445
-5.04439
-5.04416
-5.04405
-5.04378
-5.04378
-5.04345
-5.04295
-5.04243
-5.04218
-5.04207
-5.04162
-5.041
-5.04051
-5.04001
-5.03978
-5.03909
-5.03839
-5.03768
-5.03727
-5.0367
-5.03614
-5.03543
-5.03488
-5.03404
-5.03337
-5.03288
-5.03257
-5.03199
-5.03159
-5.03094
-5.03079
-5.03053
-5.02988
-5.02988
-5.0298
-5.02963
-5.02967
-5.02963
-5.02967
-5.03007
-5.03009
-5.03049
-5.03095
-5.03134
-5.03149
-5.03216
-5.0329
-5.03385
-5.03471
-5.03578
-5.03675
-5.03792
-5.03884
-5.03996
-5.04141
-5.04261
-5.04399
-5.04494
-5.04593
-5.04708
-5.04841
-5.04991
-5.05113
-5.05235
-5.05374
-5.05484
-5.05639
-5.05795
-5.05952
-5.06094
-5.06206
-5.06334
-5.06477
-5.0659
-5.06749
-5.06908
-5.07038
-5.07183
-5.0736
-5.07522
-5.07685
-5.07833
-5.08028
-5.08179
-5.08332
-5.08485
-5.08625
-5.08781
-5.08954
-5.09113
-5.09289
-5.09452
-5.09631
-5.09826
-5.09978
-5.10132
-5.10301
-5.10442
-5.10584
-5.10772
-5.10916
-5.11076
-5.11251
-5.11411
-5.11571
-5.11746
-5.11936
-5.12125
-5.12282
-5.12468
-5.12638
-5.12821
-5.13002
-5.13179
-5.1337
-5.13496
-5.13664
-5.13814
-5.13958
-5.14099
-5.14234
-5.14379
-5.14534
-5.14608
-5.1469
-5.14782
-5.14897
-5.15036
-5.15122
-5.15231
-5.15318
-5.15383
-5.15439
-5.15488
-5.15514
-5.15562
-5.15572
-5.15619
-5.15629
-5.15615
-5.15639
-5.15626
-5.15574
-5.1553
-5.15509
-5.15495
-5.1546
-5.15403
-5.1537
-5.153
-5.15209
-5.15098
-5.15011
-5.1495
-5.14839
-5.14753
-5.14664
-5.14541
-5.1443
-5.14332
-5.14216
-5.14083
-5.13949
-5.13829
-5.13693
-5.13587
-5.13466
-5.1333
-5.13181
-5.13062
-5.12961
-5.12831
-5.12718
-5.12593
-5.12501
-5.12382
-5.12282
-5.12186
-5.12078
-5.1199
-5.11906
-5.11797
-5.11737
-5.11698
-5.11664
-5.1159
-5.11491
-5.11443
-5.11401
-5.11394
-5.11317
-5.11276
-5.11256
-5.11211
-5.11202
-5.11259
-5.11246
-5.11253
-5.11235
-5.11253
-5.1126
-5.11287
-5.11349
-5.1137
-5.1138
-5.11409
-5.11427
-5.11478
-5.11518
-5.1156
-5.11636
-5.11699
-5.11764
-5.1177
-5.11839
-5.11864
-5.1192
-5.12007
-5.12049
-5.12107
-5.12225
-5.12373
-5.12415
-5.12502
-5.12573
-5.12673
-5.12771
-5.12823
-5.1292
-5.12984
-5.13062
-5.13123
-5.13197
-5.13285
-5.13371
-5.13395
-5.13432
-5.13482
-5.13531
-5.13577
-5.13608
-5.13637
-5.13649
-5.13691
-5.13732
-5.13756
-5.1378
-5.13849
-5.13902
-5.13954
-5.13992
-5.13999
-5.14037
-5.14059
-5.14098
-5.14107
-5.14132
-5.14203
-5.14214
-5.14273
-5.14317
-5.14363
-5.14425
-5.14489
-5.14554
-5.14621
-5.1466
-5.1473
-5.14772
-5.14831
-5.14907
-5.14969
-5.15063
-5.15129
-5.15226
-5.15279
-5.15349
-5.1542
-5.15508
-5.15596
-5.15671
-5.15731
-5.15823
-5.15884
-5.15962
-5.16054
-5.16177
-5.16255
-5.16302
-5.16334
-5.16381
-5.16487
-5.16562
-5.16635
-5.16738
-5.16824
-5.16878
-5.16975
-5.17056
-5.17133
-5.17209
-5.17281
-5.17336
-5.17372
-5.17419
-5.17463
-5.17473
-5.17524
-5.17586
-5.17583
-5.17606
-5.17639
-5.17636
-5.17643
-5.1766
-5.17656
-5.17677
-5.17631
-5.17594
-5.17551
-5.17516
-5.1746
-5.17412
-5.17342
-5.17296
-5.17257
-5.17196
-5.17113
-5.17037
-5.16954
-5.16848
-5.1675
-5.1663
-5.16501
-5.16335
-5.16192
-5.16026
-5.15883
-5.15702
-5.15544
-5.15394
-5.15222
-5.15027
-5.14856
-5.14632
-5.14387
-5.14165
-5.13952
-5.13717
-5.13446
-5.13199
-5.12962
-5.12704
-5.12425
-5.12171
-5.11912
-5.11634
-5.11321
-5.11034
-5.10728
-5.10418
-5.1015
-5.09848
-5.09544
-5.09236
-5.08911
-5.08599
-5.08284
-5.07968
-5.07649
-5.073
-5.06994
-5.06672
-5.06334
-5.06011
-5.05717
-5.05408
-5.05099
-5.04789
-5.0445
-5.04171
-5.03847
-5.03508
-5.032
-5.02878
-5.02571
-5.0225
-5.01929
-5.0158
-5.01246
-5.00943
-5.00611
-5.0031
-5.00011
-4.99697
-4.9937
-4.99058
-4.98733
-4.98425
-4.98133
-4.97843
-4.97554
-4.97206
-4.9689
-4.96592
-4.96311
-4.96032
-4.95725
-4.95436
-4.95119
-4.9482
-4.94554
-4.94291
-4.94047
-4.93761
-4.9351
-4.93262
-4.93004
-4.92735
-4.92486
-4.92258
-4.92005
-4.91788
-4.91531
-4.91297
-4.91039
-4.90849
-4.90651
-4.90461
-4.90309
-4.9006
-4.89895
-4.89755
-4.89609
-4.89458
-4.89317
-4.89187
-4.89083
-4.88974
-4.88892
-4.88821
-4.88763
-4.88731
-4.88712
-4.88705
-4.8868
-4.88729
-4.88775
-4.88789
-4.88786
-4.88826
-4.88849
-4.88931
-4.8901
-4.89118
-4.89223
-4.89356
-4.89502
-4.8966
-4.89801
-4.90014
-4.90224
-4.90431
-4.90665
-4.90864
-4.91105
-4.91357
-4.91649
-4.91922
-4.92219
-4.92511
-4.92797
-4.93122
-4.93455
-4.93767
-4.94132
-4.94458
-4.94777
-4.95149
-4.95541
-4.9594
-4.96314
-4.96694
-4.97079
-4.97453
-4.97817
-4.98199
-4.98616
-4.99006
-4.99413
-4.99807
-5.00219
-5.00632
-5.01032
-5.01432
-5.01833
-5.02249
-5.02679
-5.03094
-5.03508
-5.0392
-5.04346
-5.04769
-5.0513
-5.05563
-5.05947
-5.06343
-5.06719
-5.07136
-5.07519
-5.0788
-5.08207
-5.08573
-5.08947
-5.09256
-5.09633
-5.09988
-5.10305
-5.106
-5.10933
-5.11227
-5.11529
-5.11807
-5.12061
-5.12337
-5.1265
-5.12938
-5.13157
-5.13412
-5.13673
-5.13909
-5.1406
-5.14262
-5.14454
-5.14622
-5.14795
-5.14973
-5.15142
-5.1527
-5.15404
-5.15513
-5.15643
-5.15778
-5.15888
-5.15974
-5.1605
-5.16117
-5.16189
-5.16238
-5.16246
-5.16291
-5.16312
-5.16339
-5.16357
-5.16351
-5.16306
-5.16253
-5.16192
-5.16182
-5.1615
-5.16094
-5.1603
-5.15973
-5.15894
-5.15792
-5.15668
-5.15566
-5.15472
-5.15372
-5.15249
-5.15089
-5.14923
-5.14781
-5.14648
-5.14508
-5.14378
-5.14197
-5.13994
-5.13817
-5.13635
-5.13432
-5.1327
-5.13058
-5.12841
-5.12636
-5.12441
-5.12227
-5.1201
-5.11804
-5.11581
-5.11324
-5.1111
-5.10878
-5.10614
-5.10378
-5.10111
-5.09858
-5.09618
-5.09363
-5.09138
-5.08882
-5.08627
-5.08402
-5.08193
-5.0791
-5.07703
-5.07483
-5.07251
-5.07035
-5.06823
-5.06598
-5.06392
-5.06174
-5.0599
-5.05795
-5.05559
-5.05342
-5.05131
-5.04955
-5.04769
-5.04558
-5.04413
-5.04229
-5.04021
-5.03863
-5.03682
-5.03537
-5.03399
-5.03251
-5.03155
-5.03051
-5.02937
-5.0283
-5.02699
-5.02574
-5.0247
-5.02387
-5.02295
-5.02223
-5.02142
-5.02096
-5.02026
-5.0196
-5.0196
-5.01934
-5.01882
-5.01865
-5.01806
-5.01827
-5.01776
-5.01744
-5.01745
-5.01749
-5.01725
-5.01705
-5.01717
-5.01746
-5.01733
-5.01782
-5.01773
-5.01781
-5.01791
-5.01802
-5.01845
-5.01875
-5.01876
-5.01909
-5.01929
-5.0195
-5.01972
-5.01996
-5.02006
-5.02048
-5.02107
-5.02138
-5.02155
-5.02189
-5.0221
-5.02278
-5.02288
-5.02315
-5.02374
-5.02421
-5.0247
-5.02567
-5.02636
-5.02663
-5.02767
-5.0283
-5.0291
-5.02963
-5.03064
-5.03169
-5.03246
-5.03311
-5.03395
-5.03482
-5.03587
-5.0368
-5.03776
-5.03876
-5.03978
-5.04069
-5.04163
-5.0429
-5.04405
-5.04523
-5.04659
-5.04782
-5.04908
-5.05022
-5.05183
-5.05316
-5.05421
-5.05544
-5.05683
-5.05824
-5.05952
-5.06096
-5.06242
-5.06389
-5.06522
-5.0667
-5.06805
-5.0694
-5.07075
-5.07211
-5.07377
-5.07498
-5.07634
-5.07754
-5.07919
-5.08084
-5.08218
-5.08366
-5.08498
-5.08689
-5.08834
-5.08977
-5.0912
-5.09291
-5.09415
-5.09568
-5.09704
-5.09824
-5.09972
-5.10118
-5.10233
-5.10346
-5.10502
-5.10627
-5.10751
-5.10887
-5.11008
-5.11112
-5.11229
-5.11331
-5.11446
-5.11561
-5.11675
-5.11803
-5.1193
-5.12028
-5.12109
-5.12236
-5.12303
-5.124
-5.12483
-5.12596
-5.12725
-5.12825
-5.1294
-5.13072
-5.13189
-5.13323
-5.13428
-5.13534
-5.13672
-5.13826
-5.13921
-5.14047
-5.1416
-5.14289
-5.14435
-5.14581
-5.14683
-5.14801
-5.1492
-5.1507
-5.15235
-5.15385
-5.15566
-5.15686
-5.1582
-5.15954
-5.16087
-5.16189
-5.16335
-5.16464
-5.16577
-5.16733
-5.16856
-5.16916
-5.17049
-5.17194
-5.17305
-5.17382
-5.17486
-5.17586
-5.17651
-5.17757
-5.17858
-5.17939
-5.18
-5.1807
-5.18134
-5.18193
-5.18246
-5.18262
-5.18287
-5.18291
-5.18364
-5.18369
-5.18383
-5.1839
-5.18374
-5.18367
-5.18353
-5.18316
-5.18287
-5.18235
-5.18222
-5.18186
-5.18142
-5.18107
-5.18034
-5.17968
-5.17895
-5.17785
-5.17637
-5.17603
-5.17501
-5.17392
-5.17277
-5.17139
-5.16994
-5.16858
-5.1673
-5.16535
-5.16365
-5.16202
-5.15989
-5.15815
-5.15574
-5.15403
-5.15227
-5.15
-5.14783
-5.1453
-5.14287
-5.14024
-5.13802
-5.1353
-5.13283
-5.13002
-5.12762
-5.12503
-5.12225
-5.11943
-5.11673
-5.11414
-5.11167
-5.10856
-5.10572
-5.1027
-5.0998
-5.09688
-5.09392
-5.09094
-5.08793
-5.0849
-5.08124
-5.07785
-5.07475
-5.07132
-5.06803
-5.06471
-5.06167
-5.05861
-5.05554
-5.05199
-5.04888
-5.04559
-5.04244
-5.03928
-5.03579
-5.03229
-5.02892
-5.02568
-5.02228
-5.01872
-5.01544
-5.01184
-5.00838
-5.00521
-5.00142
-4.99792
-4.99426
-4.99074
-4.98721
-4.98336
-4.98011
-4.97654
-4.97312
-4.96954
-4.96596
-4.96267
-4.95937
-4.95547
-4.95187
-4.94827
-4.94482
-4.94092
-4.93718
-4.9339
-4.93016
-4.92659
-4.92303
-4.91948
-4.9161
-4.91228
-4.90893
-4.90516
-4.90186
-4.89858
-4.89519
-4.89152
-4.88804
-4.8849
-4.8812
-4.87784
-4.87468
-4.87172
-4.86851
-4.86551
-4.86257
-4.85999
-4.85747
-4.85457
-4.85174
-4.84944
-4.84692
-4.84447
-4.84195
-4.83937
-4.83718
-4.83538
-4.83337
-4.8313
-4.82948
-4.82745
-4.82583
-4.824
-4.82258
-4.82141
-4.82034
-4.81908
-4.81837
-4.81747
-4.81682
-4.81643
-4.81569
-4.8149
-4.81452
-4.81424
-4.81406
-4.81398
-4.81415
-4.81457
-4.81463
-4.81493
-4.81548
-4.81627
-4.81669
-4.8172
-4.81824
-4.81922
-4.81996
-4.82094
-4.82184
-4.82356
-4.82476
-4.82601
-4.82764
-4.82872
-4.83001
-4.8315
-4.83305
-4.83451
-4.83631
-4.83801
-4.83945
-4.84139
-4.84337
-4.84539
-4.84714
-4.84908
-4.8512
-4.85336
-4.85569
-4.8576
-4.85968
-4.86179
-4.86393
-4.86623
-4.86811
-4.87031
-4.87253
-4.87506
-4.87732
-4.87944
-4.88173
-4.88403
-4.88651
-4.88885
-4.8912
-4.89372
-4.89611
-4.89836
-4.90063
-4.90291
-4.90552
-4.90783
-4.91017
-4.91282
-4.91533
-4.91802
-4.92026
-4.92328
-4.92586
-4.92846
-4.93107
-4.93416
-4.93695
-4.93962
-4.94244
-4.94498
-4.94753
-4.9504
-4.95312
-4.95585
-4.95843
-4.96133
-4.96423
-4.96713
-4.97018
-4.97323
-4.97613
-4.97887
-4.98175
-4.98447
-4.98703
-4.98987
-4.99254
-4.99505
-4.99798
-5.00028
-5.00286
-5.00541
-5.00793
-5.01026
-5.0121
-5.01481
-5.01718
-5.0195
-5.02178
-5.02401
-5.02635
-5.02833
-5.03057
-5.03245
-5.03443
-5.0362
-5.03853
-5.04035
-5.04196
-5.04367
-5.04548
-5.04677
-5.04817
-5.04966
-5.0511
-5.05249
-5.05367
-5.05496
-5.05634
-5.05738
-5.05852
-5.05962
-5.06067
-5.06153
-5.06235
-5.06389
-5.06448
-5.06519
-5.06602
-5.06667
-5.06759
-5.06848
-5.06935
-5.06989
-5.07056
-5.07121
-5.07199
-5.07275
-5.07335
-5.07393
-5.0745
-5.07566
-5.07605
-5.07658
-5.07695
-5.07746
-5.07797
-5.07846
-5.07865
-5.07958
-5.08005
-5.08066
-5.08112
-5.08202
-5.08245
-5.08303
-5.08374
-5.08415
-5.08469
-5.08491
-5.08512
-5.08562
-5.08519
-5.0855
-5.08564
-5.08591
-5.0857
-5.08577
-5.08612
-5.08659
-5.08689
-5.087
-5.08708
-5.08698
-5.08654
-5.08683
-5.08662
-5.08683
-5.0867
-5.08653
-5.08587
-5.08577
-5.08563
-5.08499
-5.08446
-5.08419
-5.08342
-5.08322
-5.08266
-5.08221
-5.08142
-5.08073
-5.0803
-5.07937
-5.07825
-5.07754
-5.07648
-5.07539
-5.07441
-5.07324
-5.07279
-5.07124
-5.07042
-5.06911
-5.06823
-5.06716
-5.06607
-5.06526
-5.06412
-5.06312
-5.06194
-5.0609
-5.05955
-5.05833
-5.05726
-5.05602
-5.05449
-5.0534
-5.05186
-5.05063
-5.04955
-5.04818
-5.04758
-5.04608
-5.0449
-5.04343
-5.04199
-5.04087
-5.03947
-5.03855
-5.0369
-5.03543
-5.03429
-5.03334
-5.03272
-5.03168
-5.03037
-5.02955
-5.02862
-5.02757
-5.02701
-5.02634
-5.02541
-5.02496
-5.02379
-5.02297
-5.02248
-5.02173
-5.02086
-5.02048
-5.01982
-5.01951
-5.01907
-5.01867
-5.0183
-5.0178
-5.01748
-5.01704
-5.01677
-5.01638
-5.01616
-5.0158
-5.01562
-5.01546
-5.01516
-5.01502
-5.01476
-5.0145
-5.01471
-5.01462
-5.0147
-5.01463
-5.01472
-5.01466
-5.01431
-5.01395
-5.01391
-5.01371
-5.01382
-5.01377
-5.01417
-5.01427
-5.01392
-5.01386
-5.0138
-5.01388
-5.01396
-5.01372
-5.01348
-5.01338
-5.01328
-5.01316
-5.01303
-5.0129
-5.01305
-5.01289
-5.01271
-5.01237
-5.01187
-5.01135
-5.01127
-5.01088
-5.01046
-5.01019
-5.00959
-5.00973
-5.00925
-5.00874
-5.00792
-5.00738
-5.00697
-5.00669
-5.00624
-5.00577
-5.00497
-5.0043
-5.00345
-5.00273
-5.00229
-5.00136
-5.00072
-5.00004
-4.99934
-4.99876
-4.99815
-4.99721
-4.99639
-4.99554
-4.99466
-4.9936
-4.99265
-4.99183
-4.99082
-4.98992
-4.98885
-4.98759
-4.98659
-4.98542
-4.98436
-4.98266
-4.98138
-4.98006
-4.97857
-4.97688
-4.97547
-4.97402
-4.9724
-4.97074
-4.96935
-4.96778
-4.96603
-4.9644
-4.96244
-4.96061
-4.95876
-4.95673
-4.95468
-4.95291
-4.95127
-4.94947
-4.9478
-4.94597
-4.94428
-4.94243
-4.94042
-4.93826
-4.93655
-4.93454
-4.93284
-4.9316
-4.92991
-4.92839
-4.92659
-4.9248
-4.92303
-4.92099
-4.91927
-4.91744
-4.91579
-4.91403
-4.91277
-4.91094
-4.90931
-4.90804
-4.90681
-4.90565
-4.90424
-4.90259
-4.90191
-4.90099
-4.89969
-4.89877
-4.89807
-4.89729
-4.89644
-4.89567
-4.89497
-4.89436
-4.89398
-4.89383
-4.89391
-4.89363
-4.89357
-4.8936
-4.89385
-4.89403
-4.89444
-4.89493
-4.89533
-4.89581
-4.8965
-4.89695
-4.89762
-4.89835
-4.89927
-4.9001
-4.90112
-4.90204
-4.90269
-4.90367
-4.90483
-4.90601
-4.90751
-4.90873
-4.9095
-4.91073
-4.9118
-4.91302
-4.91439
-4.91559
-4.91677
-4.91793
-4.91906
-4.91986
-4.92018
-4.92121
-4.92206
-4.92301
-4.92393
-4.92464
-4.92531
-4.92577
-4.92619
-4.9267
-4.92687
-4.92728
-4.92779
-4.92825
-4.9285
-4.92871
-4.92886
-4.92896
-4.92917
-4.92933
-4.929
-4.92892
-4.92881
-4.92865
-4.92831
-4.92764
-4.92754
-4.92711
-4.92665
-4.92617
-4.92598
-4.92546
-4.92493
-4.92469
-4.92429
-4.92404
-4.92363
-4.92321
-4.92295
-4.92224
-4.92199
-4.92129
-4.92135
-4.92098
-4.92046
-4.92026
-4.91947
-4.91929
-4.91884
-4.9187
-4.91873
-4.91848
-4.91839
-4.91803
-4.91784
-4.91767
-4.91766
-4.91753
-4.91772
-4.91748
-4.91696
-4.91721
-4.91719
-4.91703
-4.91673
-4.91661
-4.91621
-4.91627
-4.91636
-4.91662
-4.91644
-4.91673
-4.91688
-4.91691
-4.91725
-4.9176
-4.91767
-4.91791
-4.91816
-4.91858
-4.91886
-4.91915
-4.91946
-4.91978
-4.92011
-4.92076
-4.92112
-4.92134
-4.92173
-4.92227
-4.92283
-4.92355
-4.92383
-4.92442
-4.92502
-4.92533
-4.9261
-4.92658
-4.92707
-4.92772
-4.92822
-4.92903
-4.92954
-4.93022
-4.93074
-4.93097
-4.93135
-4.93188
-4.93287
-4.93341
-4.93395
-4.93433
-4.93501
-4.936
-4.93667
-4.9375
-4.93831
-4.93897
-4.93932
-4.93966
-4.93999
-4.9406
-4.94106
-4.9415
-4.94208
-4.94234
-4.94304
-4.94327
-4.94378
-4.94398
-4.94431
-4.94477
-4.94506
-4.94533
-4.94558
-4.94595
-4.94616
-4.94605
-4.94606
-4.94636
-4.94678
-4.94688
-4.94697
-4.94718
-4.94722
-4.9477
-4.94756
-4.94754
-4.94751
-4.94777
-4.94785
-4.94762
-4.94738
-4.94697
-4.94685
-4.94703
-4.94674
-4.94674
-4.94658
-4.94641
-4.94624
-4.94607
-4.94588
-4.94555
-4.94551
-4.94502
-4.94498
-4.9451
-4.94521
-4.94503
-4.94515
-4.94467
-4.94419
-4.94417
-4.94446
-4.94415
-4.94399
-4.94384
-4.9437
-4.94356
-4.94343
-4.94315
-4.94303
-4.94292
-4.94267
-4.94272
-4.94248
-4.94194
-4.94186
-4.94164
-4.94158
-4.94137
-4.94132
-4.94143
-4.94139
-4.94137
-4.9412
-4.94119
-4.94134
-4.9412
-4.94092
-4.94095
-4.94099
-4.9409
-4.94082
-4.94076
-4.94116
-4.94099
-4.94129
-4.9413
-4.94135
-4.94111
-4.94121
-4.94149
-4.9418
-4.94229
-4.94252
-4.94294
-4.94356
-4.94406
-4.94446
-4.94521
-4.94601
-4.94671
-4.94731
-4.94811
-4.94881
-4.95018
-4.95114
-4.95186
-4.95294
-4.95408
-4.95512
-4.95622
-4.95737
-4.95843
-4.95984
-4.9613
-4.96266
-4.96422
-4.96552
-4.96701
-4.96868
-4.9707
-4.9726
-4.97452
-4.97632
-4.97799
-4.97953
-4.98169
-4.9837
-4.98588
-4.9876
-4.98918
-4.9912
-4.99307
-4.99463
-4.99649
-4.99818
-4.9997
-5.00182
-5.00301
-5.00479
-5.0067
-5.00814
-5.00987
-5.01188
-5.01343
-5.0148
-5.01632
-5.01812
-5.01992
-5.02186
-5.02364
-5.02512
-5.02706
-5.02869
-5.03018
-5.03183
-5.03349
-5.03517
-5.03686
-5.03842
-5.04016
-5.04207
-5.04355
-5.04537
-5.04722
-5.0491
-5.05101
-5.0528
-5.05463
-5.05694
-5.05899
-5.06121
-5.06346
-5.06575
-5.06805
-5.06993
-5.07228
-5.07419
-5.07672
-5.07896
-5.08121
-5.08315
-5.08509
-5.08717
-5.08999
-5.09205
-5.09438
-5.09638
-5.09819
-5.09997
-5.10231
-5.1043
-5.10638
-5.10826
-5.11007
-5.11181
-5.11363
-5.11507
-5.11658
-5.11786
-5.11919
-5.12013
-5.12127
-5.12217
-5.12281
-5.12349
-5.12437
-5.12514
-5.12579
-5.12603
-5.12675
-5.12675
-5.12679
-5.1267
-5.12619
-5.12556
-5.12511
-5.12455
-5.12416
-5.12335
-5.12227
-5.12123
-5.11992
-5.11789
-5.11606
-5.11457
-5.11298
-5.11143
-5.10994
-5.10806
-5.10609
-5.10403
-5.1019
-5.09954
-5.09727
-5.09479
-5.09225
-5.08983
-5.08782
-5.08533
-5.08297
-5.0803
-5.07702
-5.07435
-5.07169
-5.06922
-5.06692
-5.06453
-5.06233
-5.0602
-5.05799
-5.05601
-5.05412
-5.05248
-5.05065
-5.04892
-5.04717
-5.04599
-5.04464
-5.04328
-5.04236
-5.04158
-5.04095
-5.04046
-5.03997
-5.03963
-5.03929
-5.0397
-5.03964
-5.03943
-5.03996
-5.04031
-5.04065
-5.04156
-5.04243
-5.04341
-5.04465
-5.04583
-5.04709
-5.04859
-5.05
-5.05133
-5.05287
-5.05415
-5.05607
-5.05743
-5.05926
-5.0611
-5.06281
-5.06451
-5.06622
-5.06791
-5.06943
-5.07093
-5.0724
-5.07415
-5.07555
-5.07706
-5.07868
-5.07995
-5.08162
-5.08323
-5.08449
-5.08568
-5.08682
-5.0879
-5.08891
-5.08986
-5.09044
-5.09127
-5.09248
-5.09304
-5.09338
-5.09412
-5.09465
-5.09528
-5.09571
-5.09609
-5.09658
-5.09657
-5.09683
-5.0969
-5.09679
-5.0968
-5.09725
-5.09738
-5.09764
-5.09819
-5.09814
-5.09808
-5.09803
-5.09813
-5.09839
-5.09836
-5.0985
-5.09836
-5.09884
-5.0989
-5.09913
-5.09984
-5.09983
-5.10015
-5.10065
-5.10119
-5.10161
-5.10191
-5.10209
-5.10291
-5.1033
-5.10373
-5.10448
-5.10526
-5.10621
-5.10688
-5.10712
-5.10798
-5.10854
-5.10958
-5.11047
-5.11137
-5.11227
-5.11286
-5.11316
-5.11405
-5.11493
-5.11565
-5.11667
-5.11736
-5.11804
-5.1184
-5.11874
-5.11951
-5.11996
-5.12038
-5.12094
-5.12146
-5.12212
-5.1226
-5.12275
-5.12333
-5.12389
-5.12397
-5.12463
-5.12512
-5.12558
-5.12588
-5.12615
-5.12641
-5.12664
-5.12701
-5.12737
-5.12771
-5.12774
-5.1279
-5.12821
-5.1285
-5.12849
-5.12831
-5.12828
-5.12839
-5.12835
-5.1283
-5.12825
-5.12895
-5.12919
-5.12943
-5.12937
-5.1293
-5.12939
-5.12947
-5.12925
-5.12918
-5.12941
-5.12949
-5.12956
-5.12948
-5.12986
-5.12962
-5.12924
-5.12915
-5.12905
-5.12926
-5.12946
-5.12995
-5.12983
-5.13031
-5.13018
-5.13034
-5.13034
-5.13018
-5.13001
-5.13029
-5.1304
-5.13049
-5.13058
-5.1305
-5.1304
-5.12999
-5.12972
-5.13004
-5.12974
-5.12987
-5.12954
-5.12964
-5.13004
-5.12996
-5.12957
-5.12961
-5.12948
-5.12934
-5.12919
-5.12872
-5.12853
-5.12788
-5.12722
-5.12699
-5.1266
-5.12605
-5.12564
-5.12521
-5.12463
-5.12388
-5.12358
-5.12296
-5.12249
-5.12201
-5.12138
-5.12088
-5.12024
-5.11988
-5.11923
-5.11902
-5.11852
-5.11786
-5.11734
-5.11668
-5.11602
-5.11521
-5.11456
-5.11406
-5.11371
-5.11336
-5.11317
-5.11283
-5.11235
-5.11157
-5.1111
-5.11079
-5.11018
-5.11003
-5.10959
-5.10916
-5.10889
-5.10847
-5.10822
-5.10783
-5.10775
-5.10783
-5.10762
-5.10728
-5.10709
-5.10707
-5.10691
-5.10647
-5.10573
-5.10547
-5.10491
-5.10498
-5.10475
-5.10439
-5.10434
-5.10386
-5.10385
-5.10354
-5.10341
-5.10374
-5.10363
-5.10339
-5.10331
-5.10325
-5.10304
-5.10301
-5.10283
-5.10251
-5.10296
-5.10312
-5.10314
-5.10362
-5.10365
-5.10323
-5.10343
-5.10348
-5.10367
-5.10357
-5.10332
-5.10336
-5.10295
-5.10298
-5.10285
-5.10271
-5.10287
-5.10316
-5.10358
-5.10353
-5.10316
-5.10353
-5.10341
-5.10312
-5.10296
-5.10276
-5.10298
-5.10302
-5.10303
-5.1027
-5.10217
-5.10161
-5.10116
-5.10067
-5.09983
-5.09941
-5.09879
-5.09827
-5.09756
-5.09681
-5.09601
-5.09532
-5.09428
-5.09334
-5.09236
-5.09149
-5.09042
-5.08901
-5.08786
-5.08666
-5.08511
-5.08398
-5.08296
-5.0816
-5.08019
-5.0786
-5.07697
-5.07514
-5.07359
-5.07229
-5.07081
-5.0693
-5.0676
-5.06601
-5.06409
-5.06213
-5.06029
-5.05856
-5.05665
-5.05486
-5.05273
-5.05088
-5.04838
-5.04646
-5.04436
-5.04207
-5.03976
-5.03786
-5.03549
-5.03339
-5.03126
-5.0288
-5.02632
-5.02397
-5.02115
-5.01861
-5.01636
-5.01409
-5.01136
-5.00908
-5.0068
-5.00481
-5.00223
-4.99995
-4.99784
-4.99528
-4.9932
-4.99084
-4.98851
-4.98651
-4.98454
-4.98232
-4.98029
-4.97756
-4.97549
-4.97378
-4.97214
-4.96981
-4.96816
-4.96614
-4.9645
-4.96265
-4.96088
-4.95982
-4.9587
-4.95738
-4.95661
-4.95535
-4.9545
-4.95391
-4.95313
-4.95246
-4.9519
-4.95161
-4.95144
-4.95138
-4.95158
-4.95145
-4.95188
-4.95227
-4.95277
-4.95352
-4.95423
-4.95489
-4.95595
-4.95711
-4.95821
-4.95985
-4.96083
-4.96249
-4.96377
-4.96528
-4.96686
-4.96865
-4.97035
-4.97211
-4.97392
-4.97578
-4.97737
-4.9793
-4.98112
-4.98357
-4.98544
-4.98748
-4.98953
-4.99129
-4.99336
-4.99558
-4.9972
-4.99897
-5.00088
-5.00307
-5.00525
-5.00741
-5.00895
-5.01076
-5.01254
-5.01444
-5.01646
-5.01829
-5.01993
-5.02169
-5.0237
-5.02568
-5.027
-5.02858
-5.02997
-5.03085
-5.03229
-5.03368
-5.03502
-5.03661
-5.0377
-5.03889
-5.03988
-5.04097
-5.04217
-5.04317
-5.04397
-5.04503
-5.04589
-5.04625
-5.04718
-5.04777
-5.04847
-5.04882
-5.0496
-5.05004
-5.05045
-5.05113
-5.05179
-5.05257
-5.05272
-5.05315
-5.05356
-5.0541
-5.05417
-5.05438
-5.05488
-5.05507
-5.0554
-5.05557
-5.05589
-5.05621
-5.05682
-5.05713
-5.0579
-5.05807
-5.05839
-5.05811
-5.05813
-5.05847
-5.05912
-5.05977
-5.06014
-5.06096
-5.06149
-5.06172
-5.06196
-5.06236
-5.06307
-5.06364
-5.06421
-5.06449
-5.06507
-5.06535
-5.06563
-5.06622
-5.06665
-5.06678
-5.06735
-5.06777
-5.06788
-5.06814
-5.06853
-5.06922
-5.06959
-5.06979
-5.06983
-5.07
-5.07046
-5.07089
-5.07146
-5.0714
-5.07131
-5.07181
-5.07183
-5.07227
-5.07285
-5.07294
-5.07301
-5.07291
-5.07308
-5.07292
-5.07319
-5.07299
-5.07292
-5.07283
-5.07271
-5.07258
-5.07243
-5.07181
-5.07178
-5.07159
-5.07123
-5.07071
-5.07033
-5.0701
-5.07016
-5.06961
-5.06981
-5.0697
-5.06944
-5.06948
-5.06906
-5.06879
-5.06883
-5.06855
-5.06768
-5.0677
-5.06742
-5.06683
-5.06639
-5.06625
-5.06594
-5.06608
-5.06575
-5.0654
-5.06504
-5.06451
-5.06442
-5.064
-5.06355
-5.06277
-5.06212
-5.06173
-5.06101
-5.06026
-5.05992
-5.05909
-5.05836
-5.0579
-5.05725
-5.05656
-5.05567
-5.05458
-5.05345
-5.05258
-5.05167
-5.05072
-5.04942
-5.04809
-5.04688
-5.04548
-5.04421
-5.04246
-5.04144
-5.04055
-5.03875
-5.03753
-5.03586
-5.03465
-5.03313
-5.03162
-5.03028
-5.02895
-5.02765
-5.02638
-5.02559
-5.02408
-5.02277
-5.02181
-5.0206
-5.01974
-5.01894
-5.0182
-5.01753
-5.01678
-5.01579
-5.01547
-5.01493
-5.01416
-5.01407
-5.01375
-5.0135
-5.01332
-5.01322
-5.01349
-5.01368
-5.01363
-5.01365
-5.01372
-5.01386
-5.01481
-5.01521
-5.0158
-5.01614
-5.01683
-5.01709
-5.01754
-5.01801
-5.01881
-5.01948
-5.02031
-5.02055
-5.02109
-5.02194
-5.02263
-5.02347
-5.02444
-5.02509
-5.02588
-5.02633
-5.02707
-5.02792
-5.02844
-5.02892
-5.02966
-5.03021
-5.03056
-5.03102
-5.03143
-5.03148
-5.03133
-5.03143
-5.03118
-5.03117
-5.0314
-5.03158
-5.03125
-5.03102
-5.03072
-5.03037
-5.02997
-5.02951
-5.02899
-5.02843
-5.02781
-5.02684
-5.02582
-5.02475
-5.02394
-5.02309
-5.02204
-5.02156
-5.02059
-5.01973
-5.01869
-5.01747
-5.01622
-5.01449
-5.01334
-5.01217
-5.01098
-5.01008
-5.0087
-5.00747
-5.00593
-5.00468
-5.00343
-5.00202
-5.00076
-4.99951
-4.99841
-4.99747
-4.99608
-4.99501
-4.99395
-4.99275
-4.99141
-4.99024
-4.9891
-4.98782
-4.98686
-4.98608
-4.98532
-4.98429
-4.98312
-4.98214
-4.98133
-4.9804
-4.9795
-4.97862
-4.97778
-4.97711
-4.97632
-4.97525
-4.97437
-4.97381
-4.97313
-4.97248
-4.97186
-4.97111
-4.97054
-4.96999
-4.96947
-4.96897
-4.96835
-4.9679
-4.96747
-4.96721
-4.96667
-4.96631
-4.96612
-4.96564
-4.96518
-4.96474
-4.96462
-4.96466
-4.96441
-4.96418
-4.96412
-4.96406
-4.96372
-4.96338
-4.96351
-4.96349
-4.96333
-4.96288
-4.96273
-4.96244
-4.96246
-4.96218
-4.9622
-4.96208
-4.96211
-4.96244
-4.96248
-4.96221
-4.96195
-4.96198
-4.96187
-4.9616
-4.96163
-4.96165
-4.96168
-4.96201
-4.96172
-4.96144
-4.961
-4.96056
-4.96056
-4.96057
-4.96042
-4.96027
-4.96011
-4.9598
-4.9598
-4.95979
-4.95963
-4.95962
-4.95931
-4.95931
-4.95871
-4.95857
-4.95858
-4.95845
-4.95833
-4.95822
-4.95797
-4.95789
-4.95782
-4.95763
-4.95729
-4.95744
-4.95716
-4.95735
-4.95742
-4.95738
-4.95751
-4.95738
-4.95728
-4.95768
-4.95797
-4.9583
-4.95913
-4.95956
-4.96033
-4.96086
-4.96143
-4.96176
-4.9626
-4.96319
-4.96414
-4.96516
-4.96608
-4.96691
