-5.23694
-5.23613
-5.23541
-5.23463
-5.23378
-5.23288
-5.23206
-5.23133
-5.23039
-5.22923
-5.228
-5.22687
-5.22567
-5.2244
-5.22292
-5.22168
-5.21993
-5.21827
-5.2167
-5.21492
-5.21308
-5.21104
-5.20924
-5.20694
-5.20564
-5.20354
-5.20154
-5.19935
-5.19726
-5.19498
-5.19281
-5.1906
-5.1885
-5.18592
-5.18346
-5.18112
-5.1786
-5.17651
-5.17394
-5.17136
-5.1686
-5.16583
-5.1635
-5.1607
-5.15775
-5.15524
-5.15258
-5.14976
-5.14725
-5.14459
-5.14208
-5.13928
-5.1365
-5.13387
-5.13126
-5.12851
-5.12532
-5.12261
-5.11993
-5.11696
-5.11462
-5.11247
-5.10974
-5.10734
-5.10497
-5.10279
-5.10049
-5.09808
-5.09601
-5.09337
-5.09139
-5.08929
-5.08754
-5.08538
-5.08341
-5.08134
-5.07947
-5.07765
-5.07603
-5.07431
-5.07234
-5.07088
-5.06916
-5.06735
-5.0659
-5.06465
-5.06316
-5.06188
-5.06066
-5.05934
-5.05808
-5.05689
-5.05605
-5.05482
-5.05396
-5.053
-5.05241
-5.05173
-5.05127
-5.05071
-5.05037
-5.04995
-5.04958
-5.04943
-5.04905
-5.04873
-5.04847
-5.04843
-5.0483
-5.04839
-5.04854
-5.04891
-5.04934
-5.04969
-5.05025
-5.05088
-5.05111
-5.05171
-5.05223
-5.05311
-5.05405
-5.0549
-5.05567
-5.05665
-5.05768
-5.05878
-5.06009
-5.06115
-5.06243
-5.06376
-5.06515
-5.06659
-5.06808
-5.06978
-5.07108
-5.07287
-5.07457
-5.07631
-5.07825
-5.08008
-5.08196
-5.08342
-5.08536
-5.0875
-5.08967
-5.09156
-5.09364
-5.09558
-5.0974
-5.0997
-5.10186
-5.10403
-5.10652
-5.10871
-5.11106
-5.11342
-5.11592
-5.11827
-5.12061
-5.12279
-5.12481
-5.12711
-5.12924
-5.1315
-5.13358
-5.13608
-5.1381
-5.13993
-5.14232
-5.14437
-5.14607
-5.14773
-5.14933
-5.15088
-5.15252
-5.15381
-5.15533
-5.15724
-5.15817
-5.15965
-5.16074
-5.16161
-5.16286
-5.16403
-5.16512
-5.16568
-5.1663
-5.16714
-5.16789
-5.1681
-5.16852
-5.16855
-5.16864
-5.16894
-5.169
-5.16896
-5.16897
-5.16935
-5.16918
-5.16906
-5.16884
-5.16838
-5.16813
-5.16732
-5.16642
-5.16528
-5.16419
-5.16301
-5.16159
-5.16068
-5.15923
-5.158
-5.15652
-5.15511
-5.15317
-5.15115
-5.14919
-5.14702
-5.14476
-5.14214
-5.1399
-5.1376
-5.13508
-5.13281
-5.12988
-5.1272
-5.12463
-5.12216
-5.11966
-5.11697
-5.11395
-5.11135
-5.10859
-5.10627
-5.10348
-5.10068
-5.09774
-5.09465
-5.09217
-5.08941
-5.08682
-5.0844
-5.08172
-5.07907
-5.07662
-5.07406
-5.07141
-5.06896
-5.06687
-5.06455
-5.06216
-5.05998
-5.05819
-5.05603
-5.05427
-5.05289
-5.05101
-5.04923
-5.04739
-5.04582
-5.0448
-5.04389
-5.04279
-5.04195
-5.04062
-5.03986
-5.03921
-5.03883
-5.03842
-5.03812
-5.03763
-5.03741
-5.03745
-5.03776
-5.03832
-5.0387
-5.03949
-5.04008
-5.04062
-5.04111
-5.04185
-5.04254
-5.04363
-5.04495
-5.04637
-5.04756
-5.04884
-5.05034
-5.05177
-5.05327
-5.05514
-5.05677
-5.05846
-5.06036
-5.06231
-5.0643
-5.06619
-5.06827
-5.07039
-5.07239
-5.07442
-5.07648
-5.0787
-5.08095
-5.08336
-5.08548
-5.08806
-5.09034
-5.09277
-5.09504
-5.09746
-5.09942
-5.10181
-5.10418
-5.10608
-5.10856
-5.11071
-5.11299
-5.11492
-5.11728
-5.11914
-5.12111
-5.12334
-5.12507
-5.1269
-5.12884
-5.13041
-5.13209
-5.13385
-5.13541
-5.13706
-5.13849
-5.14016
-5.14162
-5.14285
-5.14432
-5.14527
-5.14645
-5.14757
-5.14845
-5.14897
-5.14941
-5.15038
-5.15037
-5.15075
-5.15136
-5.15189
-5.1522
-5.15244
-5.15261
-5.15301
-5.15319
-5.1533
-5.15304
-5.15301
-5.15276
-5.15276
-5.15268
-5.15225
-5.15175
-5.15135
-5.15058
-5.14991
-5.14919
-5.14871
-5.14789
-5.14717
-5.14595
-5.14499
-5.14414
-5.14326
-5.14233
-5.14092
-5.13978
-5.13861
-5.13697
-5.1359
-5.13466
-5.1334
-5.13213
-5.13099
-5.12969
-5.12852
-5.1272
-5.12572
-5.12439
-5.12306
-5.12188
-5.12055
-5.11907
-5.11805
-5.11674
-5.11543
-5.11428
-5.11299
-5.11156
-5.11029
-5.10919
-5.10749
-5.10671
-5.1055
-5.10445
-5.10326
-5.10164
-5.10063
-5.09934
-5.09806
-5.09694
-5.09629
-5.09535
-5.09428
-5.09321
-5.09215
-5.09064
-5.08945
-5.08857
-5.08769
-5.08636
-5.08534
-5.08433
-5.08286
-5.08184
-5.08082
-5.07995
-5.07923
-5.07835
-5.07701
-5.07567
-5.07461
-5.0734
-5.07247
-5.07153
-5.07027
-5.06915
-5.0677
-5.06639
-5.06521
-5.06416
-5.06308
-5.06168
-5.06026
-5.0588
-5.05733
-5.05582
-5.05429
-5.05303
-5.05159
-5.04996
-5.04892
-5.04769
-5.04612
-5.04468
-5.0429
-5.0411
-5.03972
-5.03815
-5.03595
-5.03388
-5.03223
-5.0304
-5.0284
-5.02637
-5.02433
-5.02271
-5.02092
-5.01867
-5.0167
-5.01442
-5.01213
-5.00983
-5.00783
-5.00583
-5.00338
-5.00139
-4.99925
-4.99713
-4.99518
-4.9934
-4.99164
-4.98961
-4.98806
-4.98625
-4.98463
-4.98276
-4.98139
-4.97931
-4.97745
-4.9758
-4.97437
-4.97315
-4.97186
-4.97005
-4.96877
-4.96757
-4.96616
-4.96529
-4.96436
-4.96383
-4.9631
-4.96261
-4.96223
-4.96194
-4.96161
-4.96107
-4.96109
-4.96121
-4.96128
-4.9619
-4.96217
-4.96238
-4.96284
-4.96384
-4.96464
-4.96612
-4.96708
-4.96827
-4.96939
-4.97089
-4.972
-4.97318
-4.97442
-4.97572
-4.97707
-4.97893
-4.98099
-4.98249
-4.98419
-4.98607
-4.98783
-4.98947
-4.99159
-4.99344
-4.9953
-4.99733
-4.99908
-5.00069
-5.00261
-5.00469
-5.00662
-5.00841
-5.01034
-5.01274
-5.01452
-5.01661
-5.01869
-5.02062
-5.02284
-5.02475
-5.0265
-5.0284
-5.03013
-5.03201
-5.03403
-5.03543
-5.03728
-5.03881
-5.04048
-5.04244
-5.04425
-5.04588
-5.04812
-5.05049
-5.0521
-5.05384
-5.05558
-5.05715
-5.05872
-5.06042
-5.06196
-5.06365
-5.06517
-5.06668
-5.06819
-5.07014
-5.07177
-5.0734
-5.07517
-5.07678
-5.07839
-5.07983
-5.08172
-5.08331
-5.08518
-5.0866
-5.08817
-5.08988
-5.09174
-5.09329
-5.09514
-5.09683
-5.09837
-5.09961
-5.10129
-5.10282
-5.10451
-5.10603
-5.10726
-5.10893
-5.11045
-5.11198
-5.11364
-5.11546
-5.11698
-5.11879
-5.12045
-5.12181
-5.12377
-5.12512
-5.12646
-5.1281
-5.12989
-5.13121
-5.13253
-5.13399
-5.1359
-5.13734
-5.13817
-5.13943
-5.14099
-5.14253
-5.14375
-5.1457
-5.14673
-5.1482
-5.14949
-5.15091
-5.15245
-5.15336
-5.15455
-5.15585
-5.15697
-5.15806
-5.15927
-5.16013
-5.16066
-5.1619
-5.16279
-5.1635
-5.16415
-5.16446
-5.16487
-5.16523
-5.16598
-5.16654
-5.16674
-5.16688
-5.16711
-5.16713
-5.16739
-5.16744
-5.16758
-5.16779
-5.16749
-5.16758
-5.16744
-5.16738
-5.1674
-5.16704
-5.16646
-5.1661
-5.16521
-5.1644
-5.16366
-5.16299
-5.16178
-5.16065
-5.15943
-5.15813
-5.15705
-5.15618
-5.15463
-5.15314
-5.15172
-5.15037
-5.14848
-5.14651
-5.1446
-5.14275
-5.14082
-5.13881
-5.13671
-5.13423
-5.13182
-5.12932
-5.12644
-5.12378
-5.12135
-5.11838
-5.11534
-5.11252
-5.10918
-5.10637
-5.10304
-5.09995
-5.09648
-5.09296
-5.08968
-5.08603
-5.08234
-5.0789
-5.07526
-5.07189
-5.06787
-5.06397
-5.0605
-5.0567
-5.05258
-5.04875
-5.04491
-5.04092
-5.03694
-5.03357
-5.03007
-5.02599
-5.02224
-5.01853
-5.01502
-5.01172
-5.00817
-5.00469
-5.00099
-4.99767
-4.99459
-4.99116
-4.98813
-4.98537
-4.98257
-4.97975
-4.97752
-4.97496
-4.97286
-4.97105
-4.96939
-4.96744
-4.96565
-4.96463
-4.96316
-4.96187
-4.96075
-4.95995
-4.95902
-4.95872
-4.95844
-4.95847
-4.95823
-4.95845
-4.959
-4.9594
-4.96026
-4.96113
-4.9623
-4.96332
-4.96479
-4.96624
-4.96783
-4.9697
-4.97139
-4.97336
-4.97528
-4.97747
-4.97991
-4.98231
-4.98449
-4.98706
-4.98987
-4.9926
-4.99571
-4.99858
-5.00182
-5.00496
-5.00816
-5.0114
-5.01439
-5.01772
-5.02093
-5.02432
-5.02744
-5.03088
-5.03418
-5.0375
-5.04098
-5.04447
-5.0478
-5.05053
-5.05431
-5.05778
-5.06109
-5.06453
-5.06765
-5.07074
-5.07396
-5.0776
-5.08106
-5.08388
-5.08711
-5.09014
-5.09313
-5.09592
-5.09866
-5.1015
-5.10397
-5.10669
-5.10934
-5.11178
-5.11415
-5.1166
-5.11898
-5.12129
-5.12322
-5.12538
-5.1267
-5.12869
-5.13046
-5.13199
-5.13359
-5.13541
-5.13684
-5.13833
-5.13959
-5.14121
-5.14214
-5.14314
-5.14435
-5.14547
-5.14621
-5.14701
-5.14757
-5.1479
-5.14829
-5.14875
-5.14959
-5.14944
-5.14936
-5.14981
-5.14989
-5.15004
-5.14997
-5.14998
-5.14977
-5.14935
-5.14917
-5.14862
-5.14847
-5.14797
-5.14711
-5.14634
-5.14568
-5.14498
-5.14408
-5.14329
-5.14231
-5.14145
-5.1407
-5.14008
-5.13927
-5.13844
-5.13758
-5.13654
-5.13549
-5.13427
-5.13302
-5.13177
-5.13065
-5.12967
-5.12852
-5.12752
-5.12636
-5.12505
-5.12387
-5.12285
-5.12137
-5.12003
-5.119
-5.11781
-5.11693
-5.11604
-5.11501
-5.11413
-5.11279
-5.11161
-5.11043
-5.10956
-5.10838
-5.10706
-5.10574
-5.10442
-5.10326
-5.10226
-5.1011
-5.1001
-5.09911
-5.09797
-5.09683
-5.09585
-5.09472
-5.09344
-5.09233
-5.09121
-5.09026
-5.08916
-5.08762
-5.08623
-5.08546
-5.08454
-5.08348
-5.08304
-5.08155
-5.08068
-5.07982
-5.07852
-5.07753
-5.07656
-5.07546
-5.07422
-5.07361
-5.07256
-5.07153
-5.07098
-5.07015
-5.06903
-5.06825
-5.06779
-5.06721
-5.0665
-5.06553
-5.06503
-5.06442
-5.06369
-5.06314
-5.06262
-5.06229
-5.06155
-5.06129
-5.06077
-5.06029
-5.05955
-5.05931
-5.0591
-5.05894
-5.05882
-5.05875
-5.05857
-5.05844
-5.05835
-5.05877
-5.05878
-5.059
-5.05911
-5.05912
-5.05933
-5.05974
-5.0602
-5.06072
-5.06128
-5.0619
-5.06287
-5.06329
-5.06406
-5.06518
-5.06636
-5.06759
-5.06826
-5.06943
-5.0705
-5.07132
-5.07248
-5.07384
-5.07525
-5.07655
-5.07804
-5.07912
-5.0807
-5.08156
-5.08275
-5.08429
-5.08586
-5.08761
-5.08955
-5.09091
-5.09291
-5.09478
-5.09683
-5.09875
-5.10053
-5.10234
-5.10356
-5.10524
-5.10724
-5.10926
-5.11098
-5.11316
-5.11504
-5.11738
-5.11926
-5.12099
-5.12287
-5.12504
-5.12721
-5.12876
-5.13045
-5.13228
-5.13394
-5.13573
-5.13751
-5.13911
-5.14068
-5.14253
-5.1439
-5.14555
-5.14701
-5.14828
-5.14983
-5.15149
-5.15297
-5.15425
-5.15535
-5.15716
-5.15833
-5.1596
-5.16144
-5.16248
-5.16362
-5.16457
-5.16563
-5.16664
-5.1679
-5.16882
-5.17
-5.17067
-5.17146
-5.17189
-5.17243
-5.17323
-5.17414
-5.175
-5.17522
-5.17569
-5.17628
-5.17683
-5.17718
-5.1778
-5.17808
-5.17833
-5.17868
-5.17871
-5.17854
-5.17865
-5.17873
-5.17877
-5.17879
-5.17862
-5.17828
-5.17836
-5.17812
-5.1777
-5.17741
-5.1774
-5.17721
-5.17746
-5.17753
-5.17744
-5.17687
-5.17643
-5.17628
-5.17581
-5.17562
-5.17511
-5.17458
-5.17419
-5.17378
-5.17366
-5.17307
-5.17261
-5.17213
-5.17179
-5.17113
-5.17076
-5.17006
-5.1695
-5.16907
-5.16832
-5.1677
-5.16692
-5.16611
-5.16558
-5.16473
-5.16416
-5.16388
-5.16296
-5.16232
-5.16182
-5.16098
-5.16027
-5.15954
-5.15863
-5.15738
-5.15642
-5.15558
-5.1544
-5.1532
-5.15166
-5.15039
-5.14955
-5.14852
-5.14776
-5.14682
-5.14554
-5.14423
-5.14288
-5.14104
-5.13962
-5.13817
-5.13667
-5.13514
-5.13402
-5.13226
-5.13076
-5.12862
-5.12719
-5.12513
-5.12332
-5.12133
-5.11944
-5.11766
-5.11569
-5.11353
-5.11148
-5.10939
-5.10756
-5.10569
-5.10317
-5.10092
-5.09877
-5.09675
-5.09438
-5.09182
-5.08937
-5.08689
-5.08452
-5.08197
-5.07892
-5.07661
-5.0741
-5.07127
-5.06856
-5.06582
-5.06351
-5.06058
-5.05807
-5.0554
-5.05256
-5.04955
-5.04653
-5.04351
-5.04108
-5.03805
-5.03486
-5.03198
-5.02881
-5.02596
-5.02296
-5.01999
-5.01719
-5.01442
-5.01153
-5.00867
-5.00586
-5.00309
-5.00053
-4.99786
-4.99556
-4.99317
-4.99086
-4.98861
-4.98645
-4.98436
-4.98237
-4.98047
-4.97837
-4.97682
-4.97568
-4.97405
-4.97269
-4.97114
-4.96986
-4.96886
-4.96799
-4.9674
-4.9668
-4.96618
-4.96585
-4.96566
-4.96562
-4.96602
-4.96641
-4.9668
-4.96718
-4.96817
-4.96899
-4.96996
-4.97078
-4.97234
-4.97359
-4.97529
-4.97697
-4.97864
-4.98059
-4.98267
-4.98534
-4.98752
-4.98968
-4.9921
-4.99495
-4.99775
-5.00036
-5.00321
-5.00647
-5.00952
-5.01296
-5.01648
-5.02008
-5.02375
-5.02719
-5.031
-5.03471
-5.03832
-5.04198
-5.04598
-5.05002
-5.0541
-5.05805
-5.06201
-5.066
-5.0697
-5.07355
-5.07695
-5.08111
-5.0851
-5.08893
-5.0932
-5.09699
-5.10136
-5.10524
-5.10924
-5.1132
-5.11682
-5.12084
-5.12436
-5.12798
-5.13169
-5.13534
-5.13862
-5.14183
-5.14512
-5.14819
-5.15103
-5.15394
-5.15693
-5.15982
-5.16188
-5.16491
-5.16754
-5.17008
-5.17283
-5.17519
-5.17729
-5.17945
-5.18166
-5.18347
-5.18548
-5.18769
-5.18934
-5.19105
-5.19234
-5.19369
-5.19493
-5.19592
-5.19696
-5.1979
-5.19873
-5.19962
-5.2004
-5.20094
-5.20138
-5.20157
-5.20181
-5.20212
-5.20218
-5.20216
-5.20204
-5.20185
-5.20202
-5.20181
-5.20122
-5.20116
-5.20057
-5.19991
-5.19904
-5.19825
-5.19739
-5.19618
-5.19521
-5.19449
-5.19311
-5.192
-5.19054
-5.18949
-5.18825
-5.18698
-5.18567
-5.18449
-5.18314
-5.18161
-5.18021
-5.17895
-5.17782
-5.17654
-5.1757
-5.17425
-5.1734
-5.17164
-5.17019
-5.1686
-5.167
-5.16557
-5.16415
-5.16274
-5.16135
-5.15982
-5.1583
-5.15711
-5.15563
-5.15433
-5.15289
-5.15193
-5.15085
-5.14979
-5.1483
-5.14714
-5.14585
-5.14459
-5.14367
-5.14262
-5.14175
-5.14061
-5.13995
-5.13902
-5.13812
-5.13741
-5.13627
-5.13577
-5.13485
-5.13426
-5.13371
-5.13289
-5.13226
-5.13196
-5.13125
-5.13102
-5.13038
-5.12977
-5.1292
-5.12882
-5.12818
-5.12802
-5.12776
-5.12753
-5.12749
-5.12764
-5.12737
-5.12745
-5.12756
-5.12741
-5.12805
-5.12813
-5.12795
-5.12825
-5.12889
-5.12941
-5.12967
-5.1295
-5.12997
-5.13033
-5.13086
-5.13127
-5.1317
-5.13231
-5.13263
-5.13313
-5.13364
-5.13402
-5.13471
-5.13512
-5.13552
-5.13609
-5.13651
-5.13708
-5.13749
-5.13775
-5.13815
-5.139
-5.13953
-5.1405
-5.14055
-5.14118
-5.14164
-5.14207
-5.14247
-5.14285
-5.14334
-5.14334
-5.14377
-5.14416
-5.14436
-5.14452
-5.14449
-5.14441
-5.14445
-5.14459
-5.14454
-5.1443
-5.14416
-5.14412
-5.1439
-5.14362
-5.14376
-5.14341
-5.14271
-5.14227
-5.14165
-5.14113
-5.14043
-5.1397
-5.13908
-5.13844
-5.13761
-5.13676
-5.13618
-5.13543
-5.13436
-5.13358
-5.13262
-5.13151
-5.13069
-5.13016
-5.12933
-5.12834
-5.12736
-5.12668
-5.12601
-5.1252
-5.12425
-5.12346
-5.1236
-5.12271
-5.12184
-5.12129
-5.12108
-5.12075
-5.1203
-5.11958
-5.11906
-5.11857
-5.11813
-5.11773
-5.11723
-5.11663
-5.11668
-5.11633
-5.11589
-5.11549
-5.11546
-5.11534
-5.11558
-5.11558
-5.11609
-5.11622
-5.11671
-5.11712
-5.11744
-5.11813
-5.11874
-5.11942
-5.12032
-5.12113
-5.12262
-5.12419
-5.12521
-5.12601
-5.12718
-5.12827
-5.12958
-5.13097
-5.13242
-5.13394
-5.13568
-5.13749
-5.13907
-5.14101
-5.14287
-5.1445
-5.14633
-5.14839
-5.15035
-5.15252
-5.15475
-5.15688
-5.15922
-5.1616
-5.16404
-5.16622
-5.1686
-5.17117
-5.17393
-5.17702
-5.17955
-5.18241
-5.18514
-5.18804
-5.19067
-5.19331
-5.19597
-5.19879
-5.20146
-5.20443
-5.20711
-5.20992
-5.21289
-5.21584
-5.21862
-5.22168
-5.22443
-5.22714
-5.22983
-5.23263
-5.23495
-5.23753
-5.24007
-5.24241
-5.24501
-5.2474
-5.24959
-5.25158
-5.25396
-5.25614
-5.25795
-5.2603
-5.26198
-5.26375
-5.26606
-5.2683
-5.27001
-5.27166
-5.27369
-5.27534
-5.27677
-5.27797
-5.2791
-5.28031
-5.28144
-5.28235
-5.28349
-5.2844
-5.28524
-5.28601
-5.28686
-5.28749
-5.28835
-5.28884
-5.28926
-5.28946
-5.28945
-5.28967
-5.28983
-5.28977
-5.28966
-5.28978
-5.28955
-5.2891
-5.28921
-5.28926
-5.28896
-5.2886
-5.28835
-5.28775
-5.2874
-5.28685
-5.28672
-5.28593
-5.28556
-5.28455
-5.28396
-5.28317
-5.28205
-5.28121
-5.28032
-5.27956
-5.27862
-5.27751
-5.27651
-5.2755
-5.27446
-5.27355
-5.27231
-5.27152
-5.2707
-5.26956
-5.26796
-5.26679
-5.26531
-5.26427
-5.26306
-5.26185
-5.26063
-5.25924
-5.2583
-5.25691
-5.2555
-5.25425
-5.25284
-5.25157
-5.25001
-5.24874
-5.24732
-5.2459
-5.24448
-5.24292
-5.24151
-5.2401
-5.23869
-5.23714
-5.2359
-5.23421
-5.23267
-5.2313
-5.22993
-5.22858
-5.22738
-5.22634
-5.22546
-5.22444
-5.22313
-5.22198
-5.22069
-5.21956
-5.21845
-5.21734
-5.21624
-5.21531
-5.21423
-5.21317
-5.21212
-5.21092
-5.21004
-5.20947
-5.20846
-5.20746
-5.20647
-5.20534
-5.20422
-5.20311
-5.202
-5.20106
-5.20027
-5.19919
-5.19842
-5.1975
-5.19689
-5.19628
-5.19569
-5.19494
-5.1939
-5.19286
-5.19168
-5.19141
-5.19038
-5.18936
-5.1885
-5.18764
-5.18709
-5.18624
-5.18539
-5.1847
-5.18387
-5.1832
-5.18238
-5.18158
-5.18078
-5.17984
-5.17877
-5.17801
-5.17727
-5.17639
-5.17583
-5.1753
-5.17448
-5.17414
-5.17353
-5.1728
-5.1727
-5.17218
-5.17154
-5.17109
-5.17068
-5.17047
-5.17015
-5.16987
-5.1698
-5.16947
-5.16949
-5.16957
-5.1697
-5.16958
-5.16968
-5.16967
-5.16973
-5.16985
-5.17017
-5.1704
-5.17069
-5.17133
-5.17234
-5.17325
-5.17375
-5.17476
-5.17567
-5.17648
-5.17718
-5.17806
-5.17914
-5.1801
-5.18079
-5.18196
-5.1833
-5.18466
-5.18588
-5.18697
-5.18821
-5.1893
-5.19009
-5.19102
-5.1924
-5.19361
-5.19465
-5.19582
-5.19696
-5.19808
-5.19885
-5.19959
-5.20044
-5.20094
-5.20155
-5.20226
-5.20306
-5.20381
-5.20404
-5.20422
-5.20478
-5.20513
-5.20511
-5.20503
-5.20503
-5.2054
-5.20541
-5.20549
-5.20505
-5.20499
-5.20485
-5.20419
-5.20375
-5.2034
-5.20296
-5.2023
-5.20157
-5.20077
-5.19989
-5.19924
-5.19822
-5.19653
-5.19552
-5.19445
-5.19331
-5.1918
-5.19039
-5.18921
-5.18812
-5.18622
-5.18426
-5.18225
-5.18064
-5.17867
-5.17681
-5.1749
-5.17309
-5.17109
-5.1692
-5.16681
-5.16454
-5.16268
-5.16064
-5.15812
-5.15586
-5.15358
-5.15098
-5.14865
-5.14585
-5.14333
-5.14094
-5.13824
-5.13583
-5.13341
-5.13099
-5.12901
-5.12657
-5.12414
-5.12185
-5.11972
-5.11715
-5.11519
-5.11248
-5.11025
-5.10787
-5.10551
-5.10317
-5.10131
-5.09887
-5.0966
-5.09421
-5.092
-5.08983
-5.08784
-5.08588
-5.08412
-5.08209
-5.08011
-5.07801
-5.07596
-5.07396
-5.07216
-5.07025
-5.06839
-5.06674
-5.06544
-5.06389
-5.06225
-5.06096
-5.05943
-5.0581
-5.05668
-5.05547
-5.05402
-5.05307
-5.05203
-5.05135
-5.05043
-5.04941
-5.0486
-5.04755
-5.0467
-5.0462
-5.04561
-5.04538
-5.04459
-5.044
-5.04346
-5.04312
-5.04268
-5.04228
-5.04163
-5.04147
-5.0409
-5.04082
-5.04078
-5.04047
-5.04049
-5.04025
-5.04034
-5.04016
-5.04
-5.04047
-5.04081
-5.04103
-5.04142
-5.04167
-5.04194
-5.04253
-5.04268
-5.04299
-5.04362
-5.04396
-5.04445
-5.0448
-5.04531
-5.04598
-5.04636
-5.04628
-5.04651
-5.0472
-5.0482
-5.0483
-5.04885
-5.04925
-5.04981
-5.05038
-5.05065
-5.05107
-5.0515
-5.05239
-5.05284
-5.05314
-5.05345
-5.05377
-5.05426
-5.0549
-5.05541
-5.05639
-5.05738
-5.05808
-5.05865
-5.05939
-5.0603
-5.06077
-5.06156
-5.06237
-5.0629
-5.0633
-5.06417
-5.06491
-5.06552
-5.0663
-5.0674
-5.06836
-5.06905
-5.07005
-5.07062
-5.07166
-5.07271
-5.07362
-5.07455
-5.07533
-5.07612
-5.07723
-5.07803
-5.079
-5.08011
-5.08078
-5.0816
-5.08287
-5.08353
-5.0845
-5.08545
-5.08625
-5.08735
-5.08843
-5.0892
-5.09042
-5.09117
-5.0919
-5.09277
-5.09318
-5.09417
-5.095
-5.09551
-5.09615
-5.09708
-5.09769
-5.09859
-5.09901
-5.09957
-5.10027
-5.10079
-5.1019
-5.1024
-5.10318
-5.10409
-5.10484
-5.10543
-5.106
-5.10656
-5.1071
-5.10764
-5.10847
-5.10883
-5.10934
-5.10969
-5.11019
-5.11067
-5.11116
-5.11149
-5.11196
-5.11243
-5.11291
-5.11398
-5.1143
-5.11463
-5.11556
-5.11665
-5.11728
-5.11732
-5.11782
-5.11862
-5.11883
-5.11905
-5.11943
-5.12028
-5.12053
-5.12094
-5.12136
-5.12195
-5.1227
-5.12346
-5.12423
-5.12487
-5.12568
-5.12634
-5.12672
-5.12772
-5.12812
-5.12885
-5.12974
-5.13034
-5.13111
-5.13204
-5.13329
-5.13409
-5.13477
-5.13575
-5.1369
-5.13776
-5.13878
-5.13965
-5.14054
-5.14144
-5.14249
-5.14295
-5.14401
-5.14463
-5.14526
-5.14618
-5.14727
-5.14805
-5.14913
-5.15006
-5.15099
-5.15206
-5.15298
-5.15389
-5.15479
-5.15583
-5.15672
-5.15744
-5.15829
-5.15898
-5.15996
-5.16107
-5.16171
-5.16233
-5.16293
-5.1635
-5.1642
-5.16518
-5.16583
-5.1666
-5.1672
-5.16776
-5.16844
-5.16878
-5.16909
-5.16967
-5.1699
-5.17011
-5.17057
-5.17115
-5.17123
-5.17143
-5.17173
-5.17184
-5.17176
-5.17178
-5.17161
-5.1717
-5.17174
-5.17144
-5.17109
-5.17084
-5.17025
-5.16991
-5.16968
-5.16941
-5.16893
-5.16841
-5.16784
-5.16723
-5.16673
-5.16603
-5.16528
-5.1645
-5.16321
-5.16249
-5.16142
-5.16016
-5.15916
-5.15811
-5.15703
-5.15576
-5.15475
-5.15355
-5.15246
-5.15164
-5.15033
-5.14898
-5.14729
-5.14587
-5.14442
-5.14293
-5.14186
-5.14031
-5.13903
-5.13756
-5.13591
-5.13393
-5.13222
-5.13003
-5.12826
-5.12647
-5.12434
-5.1228
-5.12077
-5.11887
-5.11665
-5.11485
-5.11287
-5.11073
-5.10855
-5.10636
-5.10415
-5.10222
-5.09982
-5.0977
-5.09572
-5.09357
-5.09126
-5.08924
-5.08691
-5.08456
-5.08206
-5.08001
-5.0781
-5.07589
-5.07368
-5.07147
-5.06942
-5.06707
-5.06474
-5.06241
-5.06025
-5.05781
-5.05568
-5.05388
-5.0518
-5.04975
-5.04773
-5.04575
-5.0441
-5.04234
-5.04016
-5.03804
-5.03656
-5.03498
-5.0333
-5.03198
-5.03042
-5.02876
-5.02701
-5.02547
-5.02416
-5.02291
-5.02172
-5.02091
-5.01987
-5.0189
-5.01816
-5.01733
-5.01673
-5.0159
-5.01529
-5.01445
-5.01398
-5.01359
-5.01311
-5.01286
-5.01252
-5.0124
-5.01264
-5.01279
-5.01315
-5.01311
-5.01313
-5.0135
-5.01376
-5.01407
-5.01442
-5.01511
-5.01538
-5.01583
-5.01631
-5.01666
-5.01717
-5.01816
-5.01886
-5.01941
-5.01996
-5.02067
-5.02122
-5.02176
-5.02259
-5.0231
-5.0236
-5.02407
-5.02467
-5.02509
-5.02548
-5.02598
-5.0266
-5.02718
-5.02771
-5.0279
-5.02834
-5.02843
-5.02848
-5.02846
-5.0287
-5.02828
-5.0281
-5.02787
-5.02758
-5.02738
-5.02743
-5.02682
-5.02629
-5.02571
-5.02507
-5.02408
-5.02333
-5.02237
-5.02151
-5.02061
-5.01935
-5.01864
-5.01745
-5.01621
-5.01493
-5.01361
-5.01241
-5.01133
-5.01037
-5.0097
-5.00855
-5.00738
-5.0062
-5.00502
-5.00413
-5.00294
-5.00145
-5.00043
-4.99881
-4.99797
-4.99654
-4.99499
-4.99392
-4.99243
-4.99144
-4.99003
-4.98912
-4.98796
-4.987
-4.9855
-4.98511
-4.98433
-4.98302
-4.98237
-4.98195
-4.98159
-4.98086
-4.98035
-4.98006
-4.9797
-4.97957
-4.97921
-4.97908
-4.97902
-4.9792
-4.97959
-4.98007
-4.98046
-4.98047
-4.98101
-4.98146
-4.98228
-4.98286
-4.9838
-4.98451
-4.98542
-4.98638
-4.98755
-4.98846
-4.98957
-4.99073
-4.99162
-4.99316
-4.99413
-4.99528
-4.99661
-4.99812
-4.99951
-5.00107
-5.00295
-5.00424
-5.00615
-5.00762
-5.00895
-5.01029
-5.01208
-5.01373
-5.01522
-5.01672
-5.01836
-5.02014
-5.02177
-5.02309
-5.0247
-5.0263
-5.02774
-5.02931
-5.03087
-5.03241
-5.03348
-5.03498
-5.03632
-5.03793
-5.03907
-5.04034
-5.04129
-5.04282
-5.04418
-5.04521
-5.04606
-5.04689
-5.04785
-5.04909
-5.05
-5.05073
-5.05175
-5.05273
-5.05354
-5.05447
-5.05508
-5.05626
-5.05727
-5.05809
-5.05889
-5.05982
-5.06041
-5.06097
-5.06165
-5.06231
-5.06263
-5.06322
-5.06362
-5.06445
-5.06509
-5.06554
-5.06596
-5.06649
-5.06683
-5.06668
-5.06694
-5.06701
-5.06689
-5.06703
-5.06743
-5.06748
-5.06718
-5.06714
-5.06736
-5.06707
-5.06659
-5.06651
-5.06623
-5.06606
-5.06568
-5.06526
-5.06509
-5.06427
-5.06356
-5.0631
-5.06259
-5.06189
-5.061
-5.06006
-5.05894
-5.05807
-5.05732
-5.05638
-5.05556
-5.05455
-5.05351
-5.05259
-5.0518
-5.05084
-5.04954
-5.04808
-5.04705
-5.04571
-5.0445
-5.04313
-5.0419
-5.04081
-5.03957
-5.03802
-5.03662
-5.03567
-5.03442
-5.03348
-5.03224
-5.03101
-5.02979
-5.02857
-5.02751
-5.02632
-5.02498
-5.02381
-5.02249
-5.02119
-5.02036
-5.01923
-5.01812
-5.01717
-5.01608
-5.01485
-5.01364
-5.01228
-5.01123
-5.01019
-5.00886
-5.00769
-5.00638
-5.00522
-5.00437
-5.00338
-5.00254
-5.00126
-4.99983
-4.99886
-4.99804
-4.99708
-4.99658
-4.99579
-4.99485
-4.99347
-4.99256
-4.99166
-4.99077
-4.9899
-4.98905
-4.98793
-4.98743
-4.98696
-4.98593
-4.98583
-4.98533
-4.98502
-4.9846
-4.98425
-4.9838
-4.98356
-4.98324
-4.98283
-4.98251
-4.98256
-4.9827
-4.98277
-4.98324
-4.9838
-4.98431
-4.98461
-4.98532
-4.98598
-4.98644
-4.98746
-4.98859
-4.98936
-4.99039
-4.99213
-4.99351
-4.99529
-4.99657
-4.99823
-4.99968
-5.00136
-5.00341
-5.00539
-5.00728
-5.00953
-5.01199
-5.01434
-5.01689
-5.01871
-5.02101
-5.02317
-5.02505
-5.02753
-5.03001
-5.03233
-5.03508
-5.03721
-5.03961
-5.04137
-5.04355
-5.04552
-5.04789
-5.05005
-5.05185
-5.05388
-5.05568
-5.05771
-5.05951
-5.06092
-5.0624
-5.06409
-5.06538
-5.06659
-5.06784
-5.0687
-5.06961
-5.07027
-5.07083
-5.07159
-5.07225
-5.07266
-5.07298
-5.07335
-5.07362
-5.07364
-5.07372
-5.07356
-5.07301
-5.07253
-5.07211
-5.07146
-5.07104
-5.07038
-5.06951
-5.06872
-5.06817
-5.06771
-5.0669
-5.06588
-5.06482
-5.06371
-5.06211
-5.06078
-5.05957
-5.05834
-5.05709
-5.05567
-5.05469
-5.05356
-5.05227
-5.05144
-5.05016
-5.04905
-5.04734
-5.0461
-5.04474
-5.04355
-5.04224
-5.04126
-5.04001
-5.03911
-5.03793
-5.03696
-5.03617
-5.03528
-5.03428
-5.03348
-5.03258
-5.03233
-5.03152
-5.03122
-5.03065
-5.03014
-5.02952
-5.0291
-5.02873
-5.02794
-5.02795
-5.02785
-5.02763
-5.02745
-5.02731
-5.02734
-5.02726
-5.02735
-5.02732
-5.02686
-5.02718
-5.02767
-5.02787
-5.02809
-5.02786
-5.02764
-5.02759
-5.02768
-5.02764
-5.02789
-5.02799
-5.0281
-5.02804
-5.02798
-5.02837
-5.0286
-5.02852
-5.02873
-5.02878
-5.02897
-5.02885
-5.02871
-5.02857
-5.02901
-5.02868
-5.02879
-5.02904
-5.02913
-5.0292
-5.02911
-5.0287
-5.02873
-5.0286
-5.02861
-5.0286
-5.02829
-5.02842
-5.02779
-5.02745
-5.02695
-5.02705
-5.02654
-5.02603
-5.02582
-5.02576
-5.026
-5.02563
-5.02542
-5.02506
-5.02501
-5.02467
-5.02448
-5.02444
-5.02427
-5.02381
-5.02381
-5.02352
-5.0237
-5.02329
-5.0229
-5.02282
-5.02262
-5.02258
-5.02272
-5.02287
-5.0226
-5.02219
-5.02212
-5.02222
-5.02234
-5.02234
-5.02251
-5.02317
-5.0234
-5.0232
-5.02303
-5.02335
-5.02384
-5.02452
-5.02492
-5.02474
-5.02565
-5.02598
-5.0265
-5.02719
-5.0273
-5.02789
-5.02882
-5.02947
-5.03029
-5.03099
-5.03156
-5.032
-5.03291
-5.03385
-5.03541
-5.03623
-5.03738
-5.03808
-5.03896
-5.03969
-5.04105
-5.04196
-5.04258
-5.04351
-5.04415
-5.04525
-5.04574
-5.0467
-5.04795
-5.04891
-5.04971
-5.05112
-5.05161
-5.05255
-5.05348
-5.0541
-5.05501
-5.05576
-5.0565
-5.05722
-5.05793
-5.05831
-5.05913
-5.05993
-5.06071
-5.06132
-5.0622
-5.06261
-5.06298
-5.06394
-5.06426
-5.06531
-5.06573
-5.06566
-5.06616
-5.06664
-5.06723
-5.06763
-5.06801
-5.0682
-5.06851
-5.06833
-5.06857
-5.06893
-5.06896
-5.0691
-5.06921
-5.06944
-5.06949
-5.06966
-5.0695
-5.06962
-5.07
-5.06961
-5.0692
-5.06952
-5.06921
-5.06904
-5.06854
-5.06819
-5.06811
-5.06788
-5.06764
-5.06723
-5.06713
-5.06687
-5.06721
-5.0671
-5.06669
-5.06613
-5.06588
-5.06564
-5.06571
-5.06564
-5.06514
-5.0651
-5.06508
-5.06478
-5.06481
-5.06471
-5.06418
-5.06398
-5.06365
-5.06351
-5.0637
-5.06378
-5.06404
-5.06463
-5.06496
-5.06548
-5.06558
-5.06586
-5.06603
-5.06624
-5.06649
-5.06678
-5.06695
-5.06746
-5.06801
-5.06859
-5.06936
-5.06986
-5.07085
-5.07156
-5.07216
-5.07308
-5.07404
-5.07486
-5.07586
-5.07673
-5.07807
-5.07898
-5.08005
-5.08113
-5.08192
-5.08287
-5.08412
-5.08522
-5.08632
-5.08742
-5.08821
-5.08898
-5.08975
-5.0905
-5.09077
-5.09163
-5.09247
-5.09327
-5.09405
-5.09509
-5.09579
-5.09661
-5.09753
-5.09811
-5.09834
-5.09897
-5.09925
-5.09932
-5.09934
-5.09959
-5.09964
-5.09948
-5.0994
-5.09971
-5.09965
-5.09953
-5.09903
-5.09892
-5.09843
-5.09802
-5.09755
-5.09685
-5.09623
-5.09553
-5.09462
-5.09363
-5.09272
-5.0916
-5.09085
-5.08959
-5.08841
-5.08716
-5.08585
-5.08418
-5.08244
-5.08125
-5.07955
-5.07764
-5.07583
-5.07397
-5.07236
-5.07071
-5.06886
-5.06681
-5.06488
-5.06306
-5.06121
-5.05918
-5.05727
-5.05473
-5.05262
-5.05064
-5.04834
-5.04603
-5.04386
-5.04168
-5.03919
-5.037
-5.03435
-5.03201
-5.02953
-5.02766
-5.02534
-5.02319
-5.0209
-5.01893
-5.01698
-5.0149
-5.01269
-5.01066
-5.00866
-5.00669
-5.00475
-5.00299
-5.00081
-4.99897
-4.99731
-4.99555
-4.99382
-4.99213
-4.99094
-4.98978
-4.98807
-4.9867
-4.98552
-4.98394
-4.98225
-4.98075
-4.9796
-4.9779
-4.97669
-4.97568
-4.97411
-4.97288
-4.97185
-4.97117
-4.97008
-4.96919
-4.96803
-4.96692
-4.96584
-4.96542
-4.96488
-4.96422
-4.96376
-4.96334
-4.9628
-4.96229
-4.96182
-4.96154
-4.96098
-4.9606
-4.96011
-4.95979
-4.9595
-4.95939
-4.95931
-4.95909
-4.95876
-4.95844
-4.95814
-4.95817
-4.95806
-4.95782
-4.95776
-4.95786
-4.95782
-4.95735
-4.95765
-4.95781
-4.95754
-4.95758
-4.95749
-4.95771
-4.9578
-4.95791
-4.95788
-4.95802
-4.95848
-4.95865
-4.9587
-4.95876
-4.95916
-4.95942
-4.95941
-4.95972
-4.96007
-4.96029
-4.96069
-4.96098
-4.96146
-4.96182
-4.96222
-4.96266
-4.96269
-4.96367
-4.96409
-4.96486
-4.96538
-4.96609
-4.96686
-4.96769
-4.96841
-4.96964
-4.97093
-4.97211
-4.97351
-4.9748
-4.97615
-4.97756
-4.97901
-4.98052
-4.98238
-4.98384
-4.9858
-4.9878
-4.98955
-4.99164
-4.99347
-4.99519
-4.99679
-4.99888
-5.00114
-5.00299
-5.00485
-5.00613
-5.00804
-5.01011
-5.01234
-5.01444
-5.01638
-5.01864
-5.02119
-5.0236
-5.02569
-5.02808
-5.03
-5.03267
-5.03487
-5.0366
-5.03847
-5.04046
-5.04288
-5.04528
-5.0472
-5.04894
-5.05081
-5.05249
-5.0546
-5.05593
-5.05813
-5.05985
-5.06185
-5.06381
-5.0656
-5.06735
-5.06863
-5.07003
-5.0717
-5.07335
-5.07483
-5.07659
-5.07833
-5.07974
-5.08084
-5.08237
-5.08359
-5.0848
-5.086
-5.08734
-5.08898
-5.09017
-5.0915
-5.09283
-5.09432
-5.09536
-5.09686
-5.09807
-5.09929
-5.10038
-5.10162
-5.10319
-5.10478
-5.10623
-5.10756
-5.10921
-5.11059
-5.11198
-5.11296
-5.11441
-5.11604
-5.118
-5.11984
-5.12156
-5.12376
-5.12553
-5.12703
-5.12871
-5.13087
-5.13321
-5.13482
-5.13675
-5.13841
-5.14069
-5.14285
-5.14471
-5.1463
-5.1482
-5.15042
-5.15265
-5.15489
-5.15728
-5.15923
-5.16148
-5.16328
-5.16508
-5.16733
-5.16942
-5.1715
-5.17417
-5.17622
-5.1781
-5.17997
-5.18196
-5.18407
-5.18601
-5.18807
-5.18994
-5.19178
-5.19357
-5.19503
-5.19674
-5.19841
-5.19973
-5.20145
-5.20297
-5.20459
-5.206
-5.20719
-5.20864
-5.20986
-5.21103
-5.21213
-5.21316
-5.21458
-5.21593
-5.21661
-5.21737
-5.2179
-5.21851
-5.21921
-5.21997
-5.22021
-5.22038
-5.22032
-5.22034
-5.22044
-5.22031
-5.22041
-5.22029
-5.21994
-5.21983
-5.2198
-5.21955
-5.21924
-5.21857
-5.21799
-5.21719
-5.21634
-5.21544
-5.21479
-5.21379
-5.2129
-5.21197
-5.211
-5.21
-5.20912
-5.20806
-5.20683
-5.20573
-5.20432
-5.2035
-5.20237
-5.20125
-5.19982
-5.19871
-5.19745
-5.19635
-5.19498
-5.19392
-5.19305
-5.1922
-5.19138
-5.19015
-5.18955
-5.18854
-5.18803
-5.18711
-5.18654
-5.18571
-5.18508
-5.18465
-5.18412
-5.18349
-5.18322
-5.18284
-5.18267
-5.18209
-5.18186
-5.18169
-5.18186
-5.18194
-5.18175
-5.18147
-5.18152
-5.18147
-5.18146
-5.18134
-5.18156
-5.18212
-5.18256
-5.18289
-5.18309
-5.18333
-5.18359
-5.18418
-5.18464
-5.18512
-5.18548
-5.18585
-5.18654
-5.18739
-5.18781
-5.18869
-5.18942
-5.19001
-5.19075
-5.19089
-5.19117
-5.19176
-5.19233
-5.19305
-5.1936
-5.19414
-5.19436
-5.19485
-5.19532
-5.19591
-5.19648
-5.19685
-5.19749
-5.19779
-5.19805
-5.19827
-5.19798
-5.1984
-5.19846
-5.19847
-5.19872
-5.19861
-5.19798
-5.19759
-5.19759
-5.19737
-5.19694
-5.19643
-5.1963
-5.19535
-5.19463
-5.19338
-5.19251
-5.19172
-5.19086
-5.19008
-5.18967
-5.18875
-5.18745
-5.18547
-5.18389
-5.18253
-5.18066
-5.17918
-5.17733
-5.17558
-5.17391
-5.1722
-5.17027
-5.16815
-5.16613
-5.16391
-5.1618
-5.1595
-5.15701
-5.15509
-5.15284
-5.15056
-5.14826
-5.14563
-5.14328
-5.14091
-5.13838
-5.136
-5.1339
-5.1315
-5.1291
-5.12669
-5.12399
-5.12159
-5.11906
-5.11683
-5.11447
-5.11212
-5.10994
-5.10793
-5.10549
-5.10292
-5.10083
-5.09907
-5.09688
-5.09473
-5.09321
-5.09096
-5.0889
-5.08657
-5.08428
-5.08263
-5.08041
-5.07869
-5.07639
-5.07444
-5.07284
-5.07097
-5.06914
-5.0675
-5.0659
-5.06435
-5.06298
-5.06136
-5.05963
-5.05839
-5.05704
-5.05527
-5.0537
-5.05247
-5.05128
-5.05013
-5.04932
-5.04825
-5.04706
-5.04606
-5.0451
-5.04432
-5.04374
-5.04303
-5.04267
-5.04188
-5.04113
-5.04056
-5.04002
-5.03937
-5.03874
-5.0386
-5.03803
-5.03705
-5.03639
-5.03606
-5.03516
-5.03458
-5.03404
-5.03412
-5.03392
-5.0339
-5.03346
-5.03304
-5.03264
-5.03242
-5.03207
-5.03159
-5.03159
-5.03162
-5.03137
-5.03159
-5.03109
-5.03106
-5.03121
-5.03107
-5.03112
-5.03134
-5.03159
-5.03171
-5.03171
-5.03158
-5.03178
-5.03201
-5.03212
-5.0324
-5.03271
-5.0329
-5.03372
-5.03427
-5.035
-5.03546
-5.03624
-5.03676
-5.0373
-5.03788
-5.03818
-5.03911
-5.03977
-5.04046
-5.04117
-5.04192
-5.04299
-5.04425
-5.04522
-5.04592
-5.04695
-5.04786
-5.04863
-5.04973
-5.0513
-5.0526
-5.05376
-5.05479
-5.05598
-5.05689
-5.05797
-5.05906
-5.06015
-5.06157
-5.06253
-5.06351
-5.06434
-5.06563
-5.06707
-5.06835
-5.06949
-5.07062
-5.07189
-5.07286
-5.07411
-5.0749
-5.07598
-5.0775
-5.07885
-5.08017
-5.08132
-5.082
-5.0831
-5.08402
-5.08491
-5.08576
-5.08673
-5.08721
-5.08795
-5.0888
-5.0896
-5.09006
-5.09061
-5.09127
-5.09158
-5.09198
-5.09263
-5.09293
-5.09301
-5.09319
-5.0933
-5.0932
-5.09319
-5.09312
-5.09283
-5.09278
-5.09311
-5.09278
-5.09192
-5.09145
-5.09077
-5.09001
-5.08934
-5.08846
-5.0875
-5.08679
-5.0857
-5.08456
-5.08319
-5.08207
-5.08088
-5.07963
-5.07831
-5.07694
-5.07551
-5.07417
-5.07247
-5.07102
-5.06936
-5.06796
-5.06635
-5.06454
-5.06253
-5.06077
-5.05912
-5.05682
-5.05463
-5.05255
-5.05043
-5.04812
-5.04593
-5.0437
-5.04143
-5.03914
-5.0362
-5.03385
-5.03146
-5.02875
-5.02647
-5.02401
-5.02137
-5.01872
-5.0165
-5.01396
-5.01125
-5.00837
-5.00564
-5.00303
-5.00027
-4.9975
-4.99502
-4.99253
-4.99004
-4.98739
-4.98474
-4.98225
-4.9796
-4.9768
-4.97417
-4.97184
-4.96923
-4.96648
-4.96344
-4.96103
-4.95849
-4.95598
-4.9535
-4.95121
-4.94896
-4.94676
-4.9446
-4.9422
-4.94001
-4.93788
-4.93568
-4.9337
-4.93196
-4.93045
-4.92859
-4.92698
-4.92517
-4.92332
-4.9225
-4.92089
-4.91972
-4.91868
-4.91807
-4.91761
-4.91684
-4.91667
-4.9168
-4.91693
-4.91737
-4.91767
-4.91812
-4.91873
-4.91949
-4.92041
-4.92149
-4.92287
-4.92485
-4.92637
-4.92819
-4.92999
-4.93223
-4.93445
-4.93634
-4.93866
-4.94108
-4.94377
-4.9467
-4.94943
-4.9524
-4.95546
-4.95844
-4.96134
-4.96446
-4.96733
-4.97071
-4.97383
-4.97715
-4.9805
-4.98403
-4.98759
-4.99101
-4.99446
-4.99806
-5.00136
-5.00452
-5.00782
-5.01142
-5.01516
-5.01844
-5.02184
-5.02493
-5.02844
-5.03162
-5.03478
-5.0379
-5.04114
-5.04449
-5.04795
-5.05123
-5.05461
-5.05779
-5.06063
-5.06342
-5.06632
-5.06886
-5.07181
-5.0747
-5.07724
-5.08003
-5.08247
-5.08516
-5.08764
-5.09021
-5.09259
-5.09461
-5.09657
-5.09878
-5.10079
-5.10306
-5.10511
-5.10697
-5.10877
-5.11022
-5.11223
-5.11404
-5.11579
-5.1175
-5.11916
-5.12063
-5.1225
-5.12387
-5.12535
-5.12678
-5.12817
-5.12967
-5.13128
-5.1324
-5.13362
-5.13496
-5.13626
-5.13706
-5.13783
-5.13887
-5.13986
-5.14098
-5.14175
-5.14249
-5.14335
-5.14402
-5.14511
-5.14602
-5.14659
-5.14729
-5.1478
-5.14813
-5.14888
-5.14931
-5.1497
-5.15037
-5.15071
-5.15118
-5.15131
-5.15173
-5.15197
-5.15249
-5.15268
-5.15271
-5.15301
-5.15345
-5.15372
-5.15397
-5.1542
-5.15472
-5.15492
-5.15481
-5.15484
-5.15501
-5.15471
-5.15485
-5.15514
-5.15527
-5.15554
-5.15565
-5.15575
-5.1563
-5.1564
-5.15664
-5.15673
-5.15742
-5.1575
-5.15758
-5.15751
-5.15743
-5.15781
-5.15804
-5.15841
-5.15849
-5.15811
-5.15803
-5.1581
-5.15818
-5.15825
-5.15833
-5.1584
-5.15832
-5.15825
-5.15847
-5.15855
-5.15878
-5.15856
-5.15864
-5.15872
-5.1588
-5.15904
-5.15913
-5.15922
-5.15962
-5.15986
-5.15996
-5.16022
-5.16033
-5.16044
-5.16041
-5.16039
-5.16037
-5.16051
-5.16066
-5.16036
-5.16068
-5.16086
-5.16075
-5.1611
-5.16102
-5.16125
-5.16149
-5.16191
-5.16204
-5.16249
-5.1625
-5.16284
-5.1635
-5.16388
-5.16444
-5.16488
-5.16533
-5.16567
-5.16603
-5.16672
-5.16729
-5.16773
-5.16821
-5.16887
-5.16941
-5.16968
-5.17089
-5.17152
-5.17219
-5.17304
-5.17423
-5.17514
-5.17594
-5.17676
-5.17792
-5.1791
-5.18016
-5.18139
-5.18265
-5.18288
-5.18374
-5.18507
-5.18641
-5.18808
-5.18931
-5.19054
-5.19194
-5.19319
-5.1943
-5.19556
-5.19667
-5.19793
-5.19903
-5.20013
-5.20137
-5.2029
-5.20396
-5.20561
-5.20694
-5.20825
-5.20954
-5.2105
-5.21158
-5.21264
-5.21351
-5.2145
-5.21546
-5.21622
-5.21741
-5.21825
-5.2192
-5.21996
-5.22053
-5.2209
-5.22153
-5.2221
-5.22248
-5.22327
-5.22355
-5.22394
-5.22382
-5.22456
-5.22495
-5.22498
-5.22527
-5.2252
-5.22539
-5.22522
-5.22516
-5.22504
-5.22488
-5.22452
-5.22456
-5.22411
-5.2236
-5.22321
-5.22277
-5.22229
-5.22176
-5.22105
-5.22074
-5.21995
-5.21927
-5.21871
-5.21811
-5.21778
-5.21712
-5.21597
-5.21496
-5.21376
-5.213
-5.21221
-5.21109
-5.21027
-5.20927
-5.20841
-5.20738
-5.20619
-5.20499
-5.20379
-5.20242
-5.2012
-5.20013
-5.19921
-5.19829
-5.19723
-5.19616
-5.19526
-5.19406
-5.19302
-5.19154
-5.19083
-5.18983
-5.18869
-5.18773
-5.18678
-5.18616
-5.18511
-5.18393
-5.18293
-5.18196
-5.18116
-5.18055
-5.18012
-5.17957
-5.17875
-5.17767
-5.17708
-5.17652
-5.17585
-5.17537
-5.17494
-5.17499
-5.17448
-5.17402
-5.17374
-5.17351
-5.17317
-5.17256
-5.17245
-5.17254
-5.17281
-5.17282
-5.17288
-5.17281
-5.17294
-5.17325
-5.1736
-5.17383
-5.17424
-5.17438
-5.17469
-5.17489
-5.17525
-5.17549
-5.17605
-5.17632
-5.17706
-5.17706
-5.17752
-5.17814
-5.17845
-5.17877
-5.17924
-5.17985
-5.18031
-5.18091
-5.1821
-5.18267
-5.18322
-5.18345
-5.18412
-5.18461
-5.18522
-5.18535
-5.1853
-5.18506
-5.18525
-5.18554
-5.18596
-5.18663
-5.18681
-5.1871
-5.18674
-5.18664
-5.1868
-5.18661
-5.18638
-5.18595
-5.18562
-5.1854
-5.18498
-5.18451
-5.1837
-5.18329
-5.18254
-5.18174
-5.18121
-5.18018
-5.17941
-5.1789
-5.17776
-5.17673
-5.17567
-5.17487
-5.1739
-5.1729
-5.17157
-5.17053
-5.16946
-5.16852
-5.16741
-5.1663
-5.16517
-5.16418
-5.16303
-5.16203
-5.16058
-5.15913
-5.15784
-5.15685
-5.15588
-5.15491
-5.15351
-5.15213
-5.15106
-5.15017
-5.14916
-5.14832
-5.1472
-5.14627
-5.14537
-5.14511
-5.14398
-5.14319
-5.14228
-5.14157
-5.1409
-5.14042
-5.13939
-5.13885
-5.13836
-5.13806
-5.13766
-5.13745
-5.13745
-5.13704
-5.13667
-5.1365
-5.13638
-5.13645
-5.13657
-5.13657
-5.13678
-5.13702
-5.13776
-5.13793
-5.13814
-5.13838
-5.13836
-5.13851
-5.1387
-5.13907
-5.13932
-5.13989
-5.14063
-5.1411
-5.14158
-5.14178
-5.14245
-5.14313
-5.14336
-5.14361
-5.14432
-5.14534
-5.14606
-5.14663
-5.14719
-5.14776
-5.14833
-5.14888
-5.14958
-5.14997
-5.1502
-5.15072
-5.15108
-5.15141
-5.15204
-5.1525
-5.15278
-5.15275
-5.15315
-5.15368
-5.15403
-5.15466
-5.15497
-5.1548
-5.15505
-5.15528
-5.15564
-5.15581
-5.15596
-5.15623
-5.15648
-5.15624
-5.15643
-5.15614
-5.15627
-5.15606
-5.15568
-5.15558
-5.1553
-5.15514
-5.1551
-5.15489
-5.1548
-5.15454
-5.1544
-5.15409
-5.15376
-5.1534
-5.15318
-5.15248
-5.15207
-5.15179
-5.15104
-5.15058
-5.15011
-5.14948
-5.14898
-5.14863
-5.14782
-5.147
-5.14633
-5.14566
-5.14529
-5.14477
-5.14456
-5.14404
-5.14369
-5.14304
-5.14209
-5.14192
-5.1413
-5.14085
-5.14057
-5.13985
-5.13961
-5.13908
-5.13857
-5.13838
-5.13777
-5.13794
-5.13768
-5.13714
-5.13662
-5.13614
-5.13614
-5.13631
-5.13591
-5.13644
-5.13625
-5.13624
-5.13625
-5.13599
-5.13621
-5.13631
-5.13643
-5.13628
-5.13675
-5.1371
-5.13733
-5.13727
-5.13784
-5.13843
-5.13859
-5.13877
-5.13927
-5.13979
-5.14017
-5.14042
-5.14098
-5.14186
-5.14261
-5.14291
-5.14352
-5.144
-5.14478
-5.14528
-5.14563
-5.14613
-5.14635
-5.14717
-5.14785
-5.14839
-5.14877
-5.14962
-5.15031
-5.15117
-5.15187
-5.15243
-5.15283
-5.15354
-5.15426
-5.15497
-5.15523
-5.15565
-5.15651
-5.15708
-5.15764
-5.1585
-5.15891
-5.15916
-5.15987
-5.16057
-5.16141
-5.1621
-5.16263
-5.16286
-5.16322
-5.16358
-5.16408
-5.16441
-5.16504
-5.16551
-5.16581
-5.16624
-5.16667
-5.16692
-5.16746
-5.16782
-5.16862
-5.16925
-5.16955
-5.16998
-5.17009
-5.17107
-5.17158
-5.17161
-5.17175
-5.17172
-5.17226
-5.17232
-5.1725
-5.17265
-5.17261
-5.17269
-5.17243
-5.17229
-5.17212
-5.17176
-5.17152
-5.17139
-5.17108
-5.17073
-5.17034
-5.16993
-5.16947
-5.16898
-5.16846
-5.16806
-5.16732
-5.16654
-5.16589
-5.16506
-5.16435
-5.16345
-5.16268
-5.16218
-5.16136
-5.16066
-5.15978
-5.15903
-5.15811
-5.15702
-5.1559
-5.15492
-5.15377
-5.15276
-5.15188
-5.15054
-5.14964
-5.14843
-5.14736
-5.14598
-5.1449
-5.14381
-5.14287
-5.14162
-5.14023
-5.13928
-5.13819
-5.13725
-5.13616
-5.13508
-5.13401
-5.13264
-5.13188
-5.13114
-5.1301
-5.12877
-5.12776
-5.12706
-5.12577
-5.12464
-5.12369
-5.12229
-5.12137
-5.12076
-5.12017
-5.11915
-5.1183
-5.11732
-5.11635
-5.11571
-5.11479
-5.11389
-5.11346
-5.11276
-5.11268
-5.11172
-5.11123
-5.11062
-5.11018
-5.10931
-5.10877
-5.1081
-5.10716
-5.10715
-5.10687
-5.10646
-5.10592
-5.10556
-5.10493
-5.10433
-5.10376
-5.10336
-5.10315
-5.10297
-5.10266
-5.10209
-5.102
-5.10179
-5.10191
-5.10191
-5.10195
-5.10171
-5.10166
-5.10195
-5.10196
-5.10246
-5.10239
-5.1025
-5.1028
-5.10282
-5.10303
-5.10312
-5.10354
-5.1043
-5.10538
-5.10589
-5.10658
-5.10715
-5.10759
-5.10805
-5.10854
-5.1095
-5.11049
-5.11134
-5.11221
-5.11279
-5.11354
-5.11461
-5.11538
-5.11615
-5.11679
-5.11772
-5.11821
-5.119
-5.12024
-5.12057
-5.12134
-5.12211
-5.12301
-5.12375
-5.12402
-5.12487
-5.1257
-5.12621
-5.12684
-5.1276
-5.12817
-5.12902
-5.12953
-5.13
-5.13043
-5.13083
-5.13133
-5.1321
-5.13222
-5.13244
-5.13232
-5.13245
-5.13268
-5.13226
-5.13225
-5.13203
-5.13192
-5.1319
-5.13184
-5.13157
-5.13126
-5.13089
-5.13048
-5.13002
-5.12936
-5.1288
-5.1282
-5.12786
-5.12703
-5.12646
-5.1257
-5.12491
-5.12393
-5.12277
-5.12189
-5.12098
-5.12035
-5.11954
-5.11842
-5.11699
-5.1163
-5.11545
-5.11445
-5.11329
-5.1123
-5.1116
-5.11047
-5.1095
-5.10855
-5.10746
-5.10625
-5.10582
-5.10527
-5.10444
-5.10366
-5.10306
-5.10251
-5.1014
-5.10079
-5.09962
-5.09896
-5.09866
-5.09781
-5.09732
-5.09719
-5.09728
-5.09727
-5.09733
-5.09746
-5.0975
-5.09746
-5.09748
-5.09772
-5.09818
-5.0984
-5.09869
-5.09919
-5.0996
-5.10054
-5.10108
-5.10183
-5.10249
-5.10336
-5.10413
-5.10495
-5.10568
-5.10705
-5.10787
-5.10904
-5.11055
-5.11165
-5.11308
-5.11425
-5.11545
-5.11668
-5.11839
-5.12012
-5.12142
-5.12288
-5.12452
-5.12601
-5.12751
-5.12887
-5.13039
-5.13191
-5.13342
-5.13479
-5.13615
-5.1381
-5.1399
-5.14138
-5.14271
-5.14401
-5.14515
-5.14658
-5.14798
-5.14937
-5.15043
-5.15177
-5.15338
-5.15468
-5.15579
-5.15673
-5.15794
-5.15943
-5.16058
-5.16171
-5.16311
-5.16418
-5.16552
-5.16652
-5.1675
-5.16799
-5.16875
-5.16948
-5.17033
-5.1719
-5.17283
-5.17343
-5.17414
-5.17497
-5.17606
-5.17636
-5.17662
-5.1773
-5.17794
-5.17854
-5.17909
-5.1793
-5.17947
-5.17974
-5.17951
-5.17983
-5.17995
-5.18018
-5.1805
-5.18031
-5.18022
-5.18007
-5.17986
-5.18004
-5.17986
-5.17931
-5.1787
-5.17832
-5.17758
-5.17707
-5.17618
-5.17538
-5.17481
-5.17402
-5.17316
-5.17193
-5.17062
-5.16925
-5.16795
-5.16644
-5.16516
-5.16351
-5.1624
-5.16077
-5.15954
-5.15794
-5.15643
-5.15457
-5.15265
-5.15053
-5.14821
-5.14615
-5.14421
-5.14207
-5.14005
-5.1377
-5.13562
-5.13368
-5.13126
-5.12899
-5.12671
-5.12472
-5.12244
-5.12001
-5.1179
-5.11565
-5.11342
-5.11122
-5.10905
-5.10647
-5.10438
-5.10248
-5.10064
-5.09855
-5.09698
-5.09562
-5.09402
-5.09235
-5.09076
-5.0894
-5.08827
-5.08708
-5.08553
-5.08437
-5.08316
-5.08205
-5.08119
-5.08058
-5.08008
-5.07954
-5.0791
-5.07876
-5.07809
-5.07828
-5.07842
-5.07852
-5.07828
-5.07844
-5.07901
-5.07923
-5.08
-5.08087
-5.08169
-5.08275
-5.08375
-5.08469
-5.08586
-5.08711
-5.08858
-5.09028
-5.09144
-5.09282
-5.09425
-5.09589
-5.09742
-5.099
-5.10077
-5.10257
-5.10455
-5.10624
-5.10826
-5.11013
-5.11217
-5.11375
-5.11578
-5.11765
-5.11965
-5.12149
-5.12315
-5.12524
-5.12668
-5.12825
-5.13037
-5.13185
-5.13312
-5.13465
-5.13642
-5.13783
-5.13917
-5.14076
-5.14212
-5.14326
-5.14403
-5.14518
-5.14641
-5.14757
-5.14849
-5.14919
-5.14966
-5.15006
-5.15068
-5.15138
-5.15186
-5.15211
-5.15214
-5.15225
-5.15275
-5.15273
-5.15295
-5.15311
-5.15291
-5.1528
-5.1525
-5.15214
-5.15175
-5.15161
-5.15128
-5.15092
-5.15038
-5.14966
-5.14922
-5.14861
-5.14784
-5.14675
-5.14626
-5.14562
-5.14497
-5.14418
-5.14385
-5.14278
-5.14202
-5.14188
-5.1413
-5.14075
-5.14007
-5.13957
-5.1388
-5.13851
-5.1384
-5.13832
-5.13783
-5.13737
-5.1371
-5.13686
-5.13651
-5.13635
-5.13622
-5.13613
-5.13607
-5.1359
-5.13576
-5.13566
-5.13559
-5.13554
-5.13508
-5.13524
-5.13543
-5.13533
-5.13556
-5.13596
-5.13623
-5.13666
-5.13725
-5.13755
-5.13771
-5.13832
-5.13878
-5.1391
-5.1394
-5.13955
-5.1397
-5.13998
-5.1407
-5.1411
-5.14148
-5.14154
-5.14158
-5.14174
-5.14187
-5.14196
-5.14172
-5.14175
-5.14204
-5.14199
-5.1419
-5.14176
-5.14188
-5.14135
-5.14108
-5.14045
-5.14007
-5.1398
-5.13932
-5.13864
-5.1382
-5.13742
-5.13658
-5.13553
-5.13459
-5.1339
-5.13285
-5.13191
-5.13107
-5.12973
-5.1285
-5.12738
-5.12652
-5.12531
-5.12438
-5.1231
-5.1215
-5.12017
-5.11897
-5.1179
-5.11635
-5.1151
-5.11399
-5.11227
-5.11115
-5.10988
-5.10846
-5.10706
-5.10552
-5.10415
-5.1031
-5.10148
-5.10018
-5.09892
-5.09785
-5.09682
-5.09569
-5.0943
-5.09342
-5.09243
-5.09151
-5.09094
-5.08999
-5.08925
-5.08857
-5.08781
-5.08727
-5.0868
-5.08639
-5.08636
-5.08625
-5.08575
-5.08548
-5.08557
-5.08558
-5.08566
-5.08565
-5.08585
-5.08611
-5.08643
-5.08651
-5.08724
-5.08787
-5.08825
-5.08852
-5.08944
-5.09009
-5.09063
-5.09136
-5.09181
-5.09259
-5.09309
-5.09392
-5.09476
-5.09607
-5.09679
-5.09782
-5.09855
-5.09944
-5.10017
-5.10106
-5.10194
-5.10297
-5.10429
-5.1053
-5.10599
-5.10682
-5.10779
-5.10843
-5.10921
-5.10996
-5.11054
-5.1114
-5.11224
-5.11304
-5.11367
-5.11427
-5.11468
-5.11492
-5.11527
-5.1156
-5.11634
-5.11719
-5.11741
-5.11804
-5.11849
-5.11874
-5.11912
-5.11915
-5.11914
-5.11909
-5.11931
-5.11934
-5.11917
-5.11927
-5.11918
-5.1192
-5.11873
-5.11852
-5.11828
-5.11755
-5.11693
-5.11688
-5.11665
-5.11624
-5.11564
-5.11501
-5.1148
-5.11426
-5.1137
-5.11296
-5.11235
-5.11141
-5.11061
-5.11009
-5.1097
-5.109
-5.10843
-5.10771
-5.10712
-5.10668
-5.10594
-5.10518
-5.10428
-5.10368
-5.10293
-5.10188
-5.10113
-5.10055
-5.09982
-5.09911
-5.0984
-5.09786
-5.09703
-5.09622
-5.09543
-5.09495
-5.09435
-5.09361
-5.09275
-5.09221
-5.09154
-5.0909
-5.09043
-5.08999
-5.08973
-5.08949
-5.08944
-5.08911
-5.08866
-5.08824
-5.088
-5.08779
-5.08745
-5.08685
-5.08673
-5.08664
-5.08658
-5.08656
-5.08627
-5.08631
-5.08623
-5.08633
-5.08662
-5.08693
-5.08713
-5.08751
-5.08762
-5.08792
-5.08809
-5.0886
-5.08899
-5.08971
-5.09001
-5.09034
-5.09086
-5.0914
-5.09213
-5.09243
-5.09321
-5.09387
-5.09411
-5.09498
-5.09588
-5.0968
-5.09775
-5.09858
-5.09928
-5.10016
-5.10136
-5.10228
-5.10292
-5.10389
-5.10503
-5.10558
-5.10661
-5.10765
-5.10872
-5.11025
-5.11119
-5.1123
-5.11327
-5.1144
-5.1154
-5.1167
-5.11757
-5.1186
-5.11978
-5.12082
-5.12217
-5.12353
-5.12443
-5.12565
-5.12686
-5.12824
-5.12931
-5.13069
-5.13191
-5.13299
-5.13407
-5.1353
-5.13668
-5.13791
-5.13914
-5.14022
-5.14099
-5.14237
-5.14344
-5.14451
-5.14588
-5.14725
-5.14862
-5.14954
-5.15046
-5.15137
-5.15274
-5.15396
-5.15503
-5.15594
-5.15747
-5.15854
-5.15961
-5.16083
-5.16176
-5.16313
-5.16436
-5.1659
-5.16713
-5.16822
-5.1693
-5.17039
-5.17179
-5.17303
-5.17428
-5.17553
-5.17663
-5.17773
-5.17884
-5.18024
-5.18165
-5.18291
-5.18401
-5.18542
-5.18667
-5.18747
-5.18872
-5.18997
-5.19136
-5.19229
-5.19337
-5.19444
-5.19551
-5.19641
-5.19807
-5.19956
-5.20043
-5.2016
-5.2026
-5.20374
-5.20441
-5.20598
-5.20707
-5.208
-5.20891
-5.2101
-5.21112
-5.21227
-5.2131
-5.21406
-5.21484
-5.21561
-5.2165
-5.21737
-5.21836
-5.21919
-5.22013
-5.22045
-5.22181
-5.22268
-5.22308
-5.22406
-5.22501
-5.22549
-5.22639
-5.22681
-5.22736
-5.22789
-5.22809
-5.22857
-5.22902
-5.22915
-5.22955
-5.22994
-5.23045
-5.23078
-5.23109
-5.23168
-5.23195
-5.2325
-5.23287
-5.23292
-5.23341
-5.23341
-5.2334
-5.23351
-5.23376
-5.23428
-5.23463
-5.23451
-5.23467
-5.23465
-5.23416
-5.2341
-5.23417
-5.23421
-5.23408
-5.23393
-5.23345
-5.23279
-5.23271
-5.23261
-5.23218
-5.23172
-5.23124
-5.23103
-5.23094
-5.23052
-5.22993
-5.22945
-5.22849
-5.22795
-5.22708
-5.22647
-5.22614
-5.22562
-5.22507
-5.22387
-5.22295
-5.22228
-5.22113
-5.2204
-5.21962
-5.21866
-5.21765
-5.2166
-5.21582
-5.21469
-5.21352
-5.21231
-5.21105
-5.2099
-5.2087
-5.20715
-5.20571
-5.20407
-5.20269
-5.20111
-5.19962
-5.19779
-5.19622
-5.19474
-5.19306
-5.19118
-5.18955
-5.18757
-5.18539
-5.18315
-5.18086
-5.17868
-5.17628
-5.17369
-5.17135
-5.1688
-5.16606
-5.16386
-5.16132
-5.15888
-5.15654
-5.15401
-5.15128
-5.14881
-5.14584
-5.14269
-5.13965
-5.13687
-5.13391
-5.13092
-5.12805
-5.12531
-5.1224
-5.11947
-5.11653
-5.11343
-5.11017
-5.10662
-5.10367
-5.10059
-5.09752
-5.09432
-5.0913
-5.08801
-5.08476
-5.08202
-5.07917
-5.07623
-5.07366
-5.07085
-5.06843
-5.06624
-5.06368
-5.06183
-5.05977
-5.05767
-5.05568
-5.05366
-5.0516
-5.05012
-5.04832
-5.04725
-5.04616
-5.04506
-5.04409
-5.04326
-5.04257
-5.04202
-5.04176
-5.04164
-5.0415
-5.04164
-5.04177
-5.04187
-5.04225
-5.04275
-5.04307
-5.0438
-5.04465
-5.0456
-5.04634
-5.04734
-5.04858
-5.0499
-5.05084
-5.05217
-5.05371
-5.05532
-5.05714
-5.05916
-5.06078
-5.0626
-5.06445
-5.06649
-5.06841
-5.07051
-5.07263
-5.07446
-5.07647
-5.07848
-5.08035
-5.08237
-5.0844
-5.08613
-5.08815
-5.09017
-5.09203
-5.09418
-5.09617
-5.0983
-5.10042
-5.10252
-5.1043
-5.10607
-5.10827
-5.11
-5.11201
-5.11385
-5.11583
-5.11733
-5.11896
-5.12072
-5.12231
-5.12404
-5.12574
-5.12757
-5.12954
-5.13088
-5.1328
-5.13456
-5.13569
-5.13741
-5.13896
-5.14049
-5.14215
-5.14364
-5.14511
-5.14687
-5.14815
-5.14971
-5.1511
-5.15262
-5.15396
-5.15528
-5.15657
-5.15784
-5.15908
-5.16029
-5.16146
-5.16276
-5.16371
-5.16463
-5.16596
-5.1668
-5.16775
-5.16835
-5.16905
-5.16969
-5.17059
-5.17158
-5.17191
-5.17263
-5.17299
-5.17343
-5.17365
-5.17395
-5.17418
-5.17433
-5.17456
-5.17456
-5.17448
-5.17478
-5.17408
-5.17376
-5.17366
-5.17333
-5.17276
-5.17241
-5.17183
-5.17102
-5.16998
-5.16916
-5.16812
-5.16685
-5.16581
-5.16455
-5.16323
-5.162
-5.16025
-5.15891
-5.15736
-5.15592
-5.15413
-5.1523
-5.15105
-5.14902
-5.14711
-5.14518
-5.14339
-5.14175
-5.13995
-5.1383
-5.13697
-5.13504
-5.13328
-5.13199
-5.13044
-5.12861
-5.12696
-5.12536
-5.1238
-5.12229
-5.12082
-5.11956
-5.11836
-5.11707
-5.11584
-5.11452
-5.11341
-5.11253
-5.11187
-5.11098
-5.11001
-5.10941
-5.10905
-5.1083
-5.10763
-5.10719
-5.10683
-5.10624
-5.10588
-5.1056
-5.10554
-5.10541
-5.10551
-5.10599
-5.10639
-5.10671
-5.10725
-5.10786
-5.10855
-5.1093
-5.11011
-5.11069
-5.11148
-5.11217
-5.11276
-5.11401
-5.11531
-5.11635
-5.11757
-5.11853
-5.11982
-5.12114
-5.12248
-5.12369
-5.12476
-5.12584
-5.12692
-5.12815
-5.12938
-5.1306
-5.13211
-5.133
-5.13417
-5.13516
-5.13597
-5.1369
-5.13795
-5.13896
-5.13977
-5.14085
-5.14173
-5.14286
-5.14333
-5.14421
-5.14503
-5.14535
-5.14591
-5.14671
-5.14731
-5.14784
-5.14817
-5.14829
-5.14819
-5.14849
-5.14873
-5.14877
-5.14859
-5.14835
-5.14851
-5.14832
-5.14806
-5.14761
-5.14725
-5.14684
-5.14668
-5.14632
-5.14577
-5.14547
-5.14467
-5.14384
-5.14311
-5.1422
-5.14126
-5.14013
-5.13912
-5.13823
-5.13762
-5.13699
-5.13619
-5.13506
-5.13407
-5.13307
-5.13206
-5.13119
-5.13031
-5.12943
-5.12825
-5.12707
-5.12589
-5.12472
-5.12371
-5.12286
-5.12188
-5.12121
-5.1204
-5.11901
-5.1181
-5.1172
-5.11632
-5.11547
-5.11419
-5.11338
-5.1123
-5.11169
-5.1108
-5.11024
-5.10985
-5.10933
-5.10868
-5.10805
-5.10714
-5.10654
-5.1058
-5.10553
-5.10511
-5.1044
-5.10384
-5.10328
-5.10272
-5.10246
-5.10204
-5.10145
-5.10085
-5.10039
-5.0996
-5.09879
-5.09796
-5.09709
-5.0965
-5.09557
-5.09506
-5.09452
-5.09363
-5.0927
-5.09188
-5.09041
-5.08935
-5.08794
-5.08678
-5.08558
-5.08464
-5.08334
-5.082
-5.08031
-5.07887
-5.0774
-5.07618
-5.07431
-5.07316
-5.07152
-5.06954
-5.06813
-5.06609
-5.06432
-5.06268
-5.06086
-5.05887
-5.05717
-5.055
-5.05313
-5.05155
-5.04982
-5.04779
-5.04576
-5.04373
-5.04142
-5.03942
-5.0376
-5.03564
-5.0337
-5.03194
-5.03036
-5.02866
-5.02684
-5.02475
-5.02331
-5.02176
-5.0201
-5.01863
-5.01705
-5.01582
-5.01418
-5.0129
-5.01196
-5.01062
-5.00948
-5.00839
-5.0072
-5.00636
-5.00557
-5.00468
-5.00398
-5.00304
-5.00244
-5.0022
-5.00155
-5.00064
-5.00024
-4.99972
-4.9994
-4.99928
-4.99935
-4.99871
-4.99826
-4.998
-4.99779
-4.99776
-4.99732
-4.99721
-4.9973
-4.99697
-4.99728
-4.99732
-4.9977
-4.99781
-4.99826
-4.99844
-4.99895
-4.99934
-4.99947
-4.99977
-4.99996
-5.00033
-5.00088
-5.00131
-5.00177
-5.00241
-5.00323
-5.00408
-5.00451
-5.00512
-5.00591
-5.00658
-5.00758
-5.00831
-5.00908
-5.00987
-5.01054
-5.01125
-5.01228
-5.01305
-5.01384
-5.01467
-5.01508
-5.01627
-5.01735
-5.01845
-5.01943
-5.02015
-5.02134
-5.02257
-5.02338
-5.02482
-5.02643
-5.02778
-5.02931
-5.0304
-5.03183
-5.03329
-5.03446
-5.03581
-5.03734
-5.03919
-5.04045
-5.04203
-5.04364
-5.04525
-5.04688
-5.04822
-5.04972
-5.05138
-5.05305
-5.05487
-5.05655
-5.05808
-5.0599
-5.06128
-5.0628
-5.06507
-5.06688
-5.06868
-5.07017
-5.07149
-5.07265
-5.07425
-5.07598
-5.07739
-5.07878
-5.08029
-5.08194
-5.08311
-5.08457
-5.08599
-5.08739
-5.08862
-5.09012
-5.09129
-5.09289
-5.09416
-5.09525
-5.09663
-5.09767
-5.09883
-5.10013
-5.10109
-5.10189
-5.10311
-5.10415
-5.10532
-5.10587
-5.10685
-5.10811
-5.10904
-5.10996
-5.11055
-5.11158
-5.11274
-5.11358
-5.11411
-5.11507
-5.11601
-5.11694
-5.1174
-5.1183
-5.11888
-5.12006
-5.12092
-5.12146
-5.12245
-5.12313
-5.12395
-5.12476
-5.12526
-5.1259
-5.12683
-5.1276
-5.12792
-5.12838
-5.12929
-5.12973
-5.13018
-5.13062
-5.13151
-5.13194
-5.13268
-5.13357
-5.134
-5.13444
-5.13487
-5.13546
-5.1362
-5.13679
-5.13724
-5.13799
-5.13875
-5.13906
-5.13968
-5.14062
-5.1414
-5.1419
-5.1424
-5.14292
-5.14359
-5.14428
-5.14498
-5.14569
-5.14671
-5.14744
-5.14849
-5.1494
-5.15018
-5.15096
-5.15191
-5.15243
-5.1531
-5.15379
-5.1548
-5.15537
-5.1561
-5.157
-5.1579
-5.15852
-5.15961
-5.16071
-5.16137
-5.16234
-5.16303
-5.16387
-5.16503
-5.16605
-5.16677
-5.16781
-5.1687
-5.16976
-5.17053
-5.17175
-5.17269
-5.17363
-5.17488
-5.17583
-5.1771
-5.17837
-5.17934
-5.18047
-5.1816
-5.18244
-5.18328
-5.18443
-5.18558
-5.18673
-5.18834
-5.1895
-5.19066
-5.19182
-5.19299
-5.19415
-5.19501
-5.19618
-5.19719
-5.19865
-5.19967
-5.20143
-5.20259
-5.20405
-5.2055
-5.20665
-5.20794
-5.20922
-5.21019
-5.21146
-5.21257
-5.21381
-5.21489
-5.21551
-5.21671
-5.21775
-5.21876
-5.21976
-5.22089
-5.22185
-5.22248
-5.22368
-5.22472
-5.22587
-5.22639
-5.22718
-5.22779
-5.22866
-5.2292
-5.22969
-5.2306
-5.23102
-5.23169
-5.23232
-5.23275
-5.23299
-5.23332
-5.23346
-5.23369
-5.23387
-5.23415
-5.23467
-5.23438
-5.23419
-5.23393
-5.23392
-5.23385
-5.23356
-5.23337
-5.2328
-5.23218
-5.2315
-5.23105
-5.23069
-5.23011
-5.22948
-5.22862
-5.22771
-5.22688
-5.22569
-5.22459
-5.22342
-5.2222
-5.22046
-5.21912
-5.21757
-5.21581
-5.2143
-5.21303
-5.21141
-5.20959
-5.20786
-5.20609
-5.20427
-5.20225
-5.20019
-5.19839
-5.19624
-5.19436
-5.19244
-5.19034
-5.1885
-5.18648
-5.18428
-5.18176
-5.17921
-5.17708
-5.17464
-5.17248
-5.1703
-5.16796
-5.16576
-5.16355
-5.16118
-5.1585
-5.15597
-5.15374
-5.15151
-5.14869
-5.14632
-5.14396
-5.14161
-5.13928
-5.13711
-5.13481
-5.13238
-5.12997
-5.12774
-5.12568
-5.12365
-5.12151
-5.11925
-5.11732
-5.11543
-5.11313
-5.11148
-5.10927
-5.1074
-5.10558
-5.10396
-5.10224
-5.10072
-5.09896
-5.0974
-5.0959
-5.09476
-5.09337
-5.09205
-5.09064
-5.08913
-5.088
-5.08693
-5.08576
-5.08497
-5.08379
-5.08282
-5.08207
-5.08169
-5.08092
-5.08036
-5.07987
-5.0796
-5.07938
-5.07923
-5.07869
-5.07835
-5.07838
-5.07846
-5.07845
-5.0785
-5.07859
-5.07859
-5.07848
-5.07857
-5.07855
-5.07903
-5.0794
-5.07965
-5.0801
-5.08072
-5.08138
-5.08192
-5.08249
-5.08323
-5.08384
-5.08403
-5.08453
-5.08536
-5.08619
-5.08674
-5.08745
-5.08863
-5.08936
-5.09009
-5.09098
-5.09157
-5.09215
-5.09305
-5.09363
-5.09422
-5.09495
-5.09598
-5.09654
-5.09711
-5.09796
-5.09851
-5.09934
-5.10002
-5.10084
-5.1018
-5.10229
-5.10292
-5.1037
-5.10461
-5.10521
-5.10579
-5.10652
-5.10708
-5.10793
-5.10847
-5.10885
-5.10906
-5.10972
-5.11006
-5.11039
-5.11102
-5.11133
-5.11208
-5.11222
-5.11266
-5.11308
-5.11349
-5.11344
-5.11414
-5.11452
-5.11505
-5.11527
-5.11548
-5.11522
-5.11556
-5.11575
-5.11622
-5.11654
-5.11684
-5.11729
-5.11743
-5.11772
-5.11799
-5.11826
-5.11868
-5.11878
-5.11858
-5.11882
-5.11906
-5.11913
-5.11936
-5.11958
-5.11994
-5.12031
-5.12082
-5.12102
-5.12138
-5.12143
-5.12164
-5.12199
-5.1222
-5.12256
-5.12293
-5.12315
-5.12338
-5.12362
-5.12371
-5.12397
-5.12424
-5.12438
-5.12453
-5.1253
-5.12549
-5.12584
-5.12607
-5.12663
-5.1269
-5.1275
-5.12813
-5.12879
-5.12917
-5.12958
-5.13032
-5.13094
-5.13159
-5.13212
-5.13253
-5.13297
-5.13389
-5.13499
-5.13583
-5.13699
-5.13772
-5.13878
-5.13987
-5.14113
-5.14195
-5.14264
-5.14395
-5.14497
-5.14601
-5.14704
-5.14809
-5.14944
-5.15033
-5.15107
-5.15195
-5.15327
-5.15397
-5.15496
-5.15578
-5.15657
-5.15763
-5.15866
-5.15935
-5.16016
-5.16107
-5.16194
-5.16276
-5.16337
-5.16379
-5.16429
-5.16444
-5.16482
-5.16499
-5.16539
-5.16573
-5.16585
-5.16636
-5.16664
-5.16639
-5.16653
-5.16628
-5.16627
-5.16588
-5.16511
-5.16441
-5.16379
-5.16295
-5.16233
-5.16149
-5.16058
-5.1599
-5.1596
-5.15803
-5.15699
-5.15589
-5.15472
-5.1535
-5.15206
-5.15071
-5.14901
-5.14725
-5.1456
-5.14374
-5.14169
-5.13974
-5.1379
-5.13588
-5.13366
-5.13157
-5.1296
-5.12775
-5.12558
-5.12339
-5.12133
-5.11956
-5.11747
-5.11523
-5.11283
-5.11088
-5.10863
-5.10668
-5.10459
-5.10266
-5.1009
-5.09885
-5.09667
-5.09436
-5.09268
-5.09058
-5.08866
-5.08677
-5.08492
-5.08296
-5.08149
-5.07977
-5.0784
-5.07647
-5.07521
-5.07354
-5.07208
-5.07084
-5.06921
-5.06809
-5.06674
-5.0656
-5.06469
-5.06369
-5.06277
-5.06193
-5.06101
-5.06077
-5.06046
-5.05977
-5.05886
-5.05879
-5.0585
-5.05814
-5.058
-5.05825
-5.05859
-5.05854
-5.05858
-5.05885
-5.0592
-5.05962
-5.06042
-5.061
-5.06165
-5.06252
-5.06331
-5.06402
-5.06495
-5.06609
-5.0673
-5.06842
-5.06959
-5.07098
-5.07271
-5.07405
-5.07574
-5.07702
-5.07849
-5.08001
-5.08186
-5.08315
-5.08477
-5.08657
-5.08824
-5.09009
-5.09165
-5.09339
-5.09513
-5.09659
-5.0982
-5.10027
-5.10189
-5.10381
-5.10557
-5.10703
-5.10877
-5.11066
-5.11282
-5.11452
-5.11635
-5.118
-5.11992
-5.12136
-5.12307
-5.12444
-5.12562
-5.12676
-5.12817
-5.12937
-5.13067
-5.13193
-5.13298
-5.13443
-5.13551
-5.13669
-5.13719
-5.13869
-5.13937
-5.14013
-5.14051
-5.14111
-5.14164
-5.14194
-5.14215
-5.14213
-5.14263
-5.14258
-5.142
-5.14192
-5.1419
-5.14149
-5.14113
-5.14051
-5.1401
-5.13944
-5.13868
-5.13826
-5.13714
-5.13622
-5.13519
-5.13406
-5.13267
-5.13103
-5.12959
-5.1279
-5.12565
-5.12375
-5.12146
-5.11937
-5.11703
-5.11476
-5.11239
-5.10994
-5.1071
-5.10434
-5.10164
-5.09888
-5.09604
-5.09329
-5.09048
-5.08761
-5.08454
-5.08127
-5.07827
-5.07492
-5.07184
-5.06844
-5.06547
-5.06219
-5.05874
-5.0556
-5.05246
-5.04919
-5.04623
-5.04299
-5.03978
-5.03646
-5.03348
-5.03039
-5.02721
-5.02409
-5.02102
-5.01818
-5.01527
-5.01243
-5.00983
-5.00732
-5.00459
-5.00212
-4.9999
-4.99793
-4.99606
-4.99416
-4.99236
-4.99068
-4.98926
-4.98811
-4.98662
-4.9851
-4.98384
-4.98255
-4.98183
-4.98091
-4.98042
-4.98003
-4.9796
-4.97943
-4.97921
-4.97909
-4.97891
-4.97929
-4.9793
-4.97925
-4.97973
-4.98014
-4.98078
-4.98119
-4.98137
-4.98191
-4.98297
-4.98393
-4.98479
-4.9857
-4.98695
-4.9878
-4.98898
-4.99005
-4.991
-4.99212
-4.99328
-4.9946
-4.99609
-4.99745
-4.99868
-4.99976
-5.00101
-5.00212
-5.00323
-5.0045
-5.00608
-5.00721
-5.00864
-5.00992
-5.0109
-5.01219
-5.01347
-5.01505
-5.01633
-5.01731
-5.01859
-5.01986
-5.02113
-5.02271
-5.02412
-5.02554
-5.0268
-5.02807
-5.02948
-5.03058
-5.03169
-5.03264
-5.03374
-5.03483
-5.03623
-5.03748
-5.03872
-5.04027
-5.04166
-5.0429
-5.04383
-5.04477
-5.0457
-5.04678
-5.04801
-5.04908
-5.05031
-5.05154
-5.05367
-5.05489
-5.05612
-5.05734
-5.05856
-5.05994
-5.06131
-5.06253
-5.0639
-5.06512
-5.0665
-5.06787
-5.06849
-5.06972
-5.07095
-5.07233
-5.07357
-5.07496
-5.07635
-5.07789
-5.07929
-5.08084
-5.0821
-5.08321
-5.08478
-5.08574
-5.08672
-5.08784
-5.08913
-5.09042
-5.09156
-5.09286
-5.09417
-5.09548
-5.09679
-5.09795
-5.09928
-5.10045
-5.10163
-5.10311
-5.10445
-5.10578
-5.10712
-5.1086
-5.10994
-5.11127
-5.11244
-5.11377
-5.11509
-5.11655
-5.11756
-5.11886
-5.12015
-5.12158
-5.123
-5.12395
-5.12489
-5.12581
-5.12717
-5.12852
-5.12954
-5.13069
-5.13181
-5.13262
-5.13369
-5.13505
-5.13622
-5.13752
-5.13849
-5.13942
-5.14002
-5.14043
-5.14126
-5.14206
-5.14251
-5.14323
-5.14406
-5.14455
-5.14545
-5.14661
-5.14712
-5.14698
-5.14755
-5.14793
-5.14841
-5.149
-5.14923
-5.14942
-5.14956
-5.1495
-5.14954
-5.14968
-5.14961
-5.1495
-5.14979
-5.14927
-5.14885
-5.14853
-5.14816
-5.14758
-5.14725
-5.14687
-5.14629
-5.1455
-5.1448
-5.14406
-5.14325
-5.14225
-5.14134
-5.14023
-5.13921
-5.13799
-5.13686
-5.13554
-5.13446
-5.13332
-5.13184
-5.13075
-5.12886
-5.12738
-5.12599
-5.12441
-5.12247
-5.12064
-5.11877
-5.117
-5.1155
-5.11395
-5.11206
-5.10969
-5.10789
-5.10575
-5.10374
-5.10155
-5.0995
-5.09742
-5.09533
-5.09323
-5.09113
-5.08902
-5.08706
-5.08497
-5.08243
-5.08005
-5.07846
-5.07629
-5.07431
-5.07236
-5.07031
-5.0683
-5.06696
-5.06522
-5.0634
-5.06195
-5.06043
-5.05883
-5.05733
-5.05591
-5.05474
-5.05322
-5.05255
-5.05139
-5.05049
-5.04986
-5.04934
-5.04894
-5.0485
-5.04834
-5.04815
-5.04853
-5.04859
-5.04876
-5.04906
-5.04978
-5.05047
-5.05112
-5.05205
-5.05339
-5.05453
-5.05579
-5.05685
-5.05817
-5.05974
-5.06064
-5.06225
-5.06409
-5.06617
-5.06818
-5.07056
-5.07272
-5.07494
-5.07722
-5.08002
-5.08257
-5.08487
-5.08767
-5.09036
-5.09248
-5.09494
-5.09788
-5.10055
-5.10323
-5.10609
-5.1085
-5.11123
-5.11396
-5.11669
-5.11972
-5.12275
-5.12577
-5.12863
-5.13102
-5.13354
-5.13649
-5.13912
-5.14186
-5.14443
-5.14727
-5.14962
-5.15208
-5.1542
-5.15658
-5.15907
-5.1612
-5.16359
-5.16578
-5.16807
-5.17015
-5.17248
-5.1746
-5.1768
-5.17865
-5.18043
-5.18261
-5.18426
-5.186
-5.18768
-5.18928
-5.19066
-5.19183
-5.19307
-5.19424
-5.19533
-5.19651
-5.19731
-5.19818
-5.19868
-5.19925
-5.1999
-5.20047
-5.20157
-5.20199
-5.20234
-5.20276
-5.20295
-5.20322
-5.20326
-5.20338
-5.20342
-5.20308
-5.20283
-5.20265
-5.2024
-5.20209
-5.20185
-5.20095
-5.20028
-5.19986
-5.19922
-5.19837
-5.19717
-5.19652
-5.19552
-5.19417
-5.19278
-5.1915
-5.19034
-5.18884
-5.18732
-5.18608
-5.18483
-5.1837
-5.18242
-5.18114
-5.1797
-5.17826
-5.17699
-5.17619
-5.17495
-5.17343
-5.17194
-5.17078
-5.16966
-5.16843
-5.16725
-5.16641
-5.16532
-5.16429
-5.16316
-5.16254
-5.16244
-5.16195
-5.16152
-5.161
-5.16085
-5.16046
-5.16044
-5.16003
-5.15954
-5.15941
-5.15949
-5.15979
-5.15985
-5.15996
-5.15998
-5.16035
-5.16063
-5.16096
-5.16133
-5.16175
-5.16221
-5.16272
-5.16326
-5.164
-5.16461
-5.16526
-5.16564
-5.1665
-5.16694
-5.16785
-5.16864
-5.16946
-5.17029
-5.17099
-5.17217
-5.17337
-5.17413
-5.17506
-5.17556
-5.17622
-5.1769
-5.1779
-5.17876
-5.17934
-5.18023
-5.18128
-5.18235
-5.18327
-5.18452
-5.18562
-5.18658
-5.18786
-5.18899
-5.18983
-5.19098
-5.19214
-5.19331
-5.19449
-5.19552
-5.19686
-5.1979
-5.19909
-5.20014
-5.20118
-5.20238
-5.20373
-5.20493
-5.20597
-5.20701
-5.20834
-5.20922
-5.21024
-5.21155
-5.21271
-5.2143
-5.21543
-5.21654
-5.21764
-5.21872
-5.21964
-5.22053
-5.22171
-5.22271
-5.22369
-5.2248
-5.22588
-5.22708
-5.22826
-5.22896
-5.22978
-5.23056
-5.23131
-5.23203
-5.23301
-5.23381
-5.23411
-5.23483
-5.23521
-5.23569
-5.23583
-5.23608
-5.23613
-5.23658
-5.23684
-5.2369
-5.23706
-5.23716
-5.23707
-5.23677
-5.23671
-5.23646
-5.2363
-5.23593
-5.23566
-5.23547
-5.23508
-5.23478
-5.23443
-5.23431
-5.23369
-5.2333
-5.23256
-5.23175
-5.23104
-5.23027
-5.22884
-5.22781
-5.22702
-5.22588
-5.22454
-5.22315
-5.22186
-5.22082
-5.21944
-5.21801
-5.21655
-5.2152
-5.21366
-5.2121
-5.21065
-5.20903
-5.20755
-5.20574
-5.20391
-5.20268
-5.20084
-5.19915
-5.19761
-5.19607
-5.19393
-5.19241
-5.19091
-5.18912
-5.18765
-5.18606
-5.1848
-5.18282
-5.18147
-5.17986
-5.17844
-5.17707
-5.17589
-5.17445
-5.17351
-5.17247
-5.17164
-5.1707
-5.16937
-5.16839
-5.16747
-5.1666
-5.16578
-5.16531
-5.1646
-5.16394
-5.16303
-5.16232
-5.16196
-5.16119
-5.16047
-5.16025
-5.16007
-5.15993
-5.15968
-5.15946
-5.15928
-5.15912
-5.15885
-5.15875
-5.15868
-5.15893
-5.1589
-5.15888
-5.15843
-5.1586
-5.15862
-5.15865
-5.15869
-5.15828
-5.15863
-5.15868
-5.15827
-5.15801
-5.1582
-5.15838
-5.15855
-5.15856
-5.15855
-5.15869
-5.15851
-5.15846
-5.15855
-5.15862
-5.15851
-5.15854
-5.15855
-5.15838
-5.15804
-5.15812
-5.15773
-5.15792
-5.15763
-5.15762
-5.15713
-5.15661
-5.15621
-5.15594
-5.15579
-5.15516
-5.15436
-5.15368
-5.15312
-5.15268
-5.15222
-5.15159
-5.15077
-5.14978
-5.14938
-5.14864
-5.14758
-5.14695
-5.14599
-5.14516
-5.14476
-5.14404
-5.1427
-5.14164
-5.14056
-5.1393
-5.13819
-5.13735
-5.1368
-5.13623
-5.1352
-5.13429
-5.13323
-5.13199
-5.13089
-5.12978
-5.1285
-5.12751
-5.12635
-5.12503
-5.12385
-5.1225
-5.12129
-5.11977
-5.11853
-5.11744
-5.11633
-5.11537
-5.11409
-5.1128
-5.11135
-5.10989
-5.10887
-5.10754
-5.1062
-5.1047
-5.1035
-5.10199
-5.10047
-5.09909
-5.09772
-5.09633
-5.09495
-5.09371
-5.09202
-5.09048
-5.08894
-5.0877
-5.08647
-5.08524
-5.08357
-5.08205
-5.081
-5.0795
-5.07817
-5.07686
-5.07556
-5.07412
-5.07271
-5.07147
-5.06995
-5.06891
-5.06745
-5.06647
-5.06568
-5.06477
-5.06389
-5.06291
-5.06211
-5.06106
-5.06005
-5.05924
-5.05833
-5.05762
-5.05697
-5.05651
-5.05597
-5.05532
-5.05474
-5.05437
-5.05406
-5.0538
-5.05316
-5.05303
-5.05282
-5.05326
-5.05332
-5.05328
-5.05345
-5.05368
-5.05427
-5.0546
-5.05514
-5.05558
-5.05592
-5.05615
-5.05657
-5.05703
-5.05767
-5.0582
-5.05936
-5.05994
-5.06069
-5.06085
-5.06163
-5.06242
-5.06291
-5.0637
-5.06449
-5.06542
-5.06619
-5.06724
-5.06813
-5.06883
-5.06966
-5.07031
-5.07092
-5.0715
-5.07218
-5.07222
-5.07251
-5.07291
-5.07325
-5.07369
-5.07407
-5.0741
-5.07406
-5.07412
-5.07411
-5.07404
-5.07376
-5.07372
-5.07362
-5.0733
-5.07322
-5.07292
-5.07196
-5.07155
-5.07077
-5.07009
-5.06919
-5.0684
-5.06755
-5.06634
-5.06555
-5.0647
-5.06366
-5.06258
-5.06147
-5.06016
-5.05868
-5.05732
-5.05578
-5.05422
-5.05341
-5.05227
-5.05098
-5.04953
-5.04822
-5.04693
-5.04548
-5.0439
-5.04279
-5.04184
-5.04092
-5.04033
-5.03917
-5.03835
-5.03697
-5.03578
-5.03464
-5.03355
-5.03282
-5.03214
-5.03153
-5.03083
-5.0305
-5.03008
-5.02974
-5.02948
-5.02868
-5.02842
-5.02808
-5.02813
-5.0281
-5.02801
-5.02815
-5.02837
-5.02852
-5.02875
-5.02922
-5.02991
-5.03023
-5.03078
-5.03126
-5.03195
-5.03303
-5.03417
-5.03508
-5.0362
-5.03709
-5.03834
-5.03964
-5.0413
-5.04286
-5.04431
-5.04551
-5.04705
-5.04877
-5.05008
-5.05203
-5.0537
-5.05494
-5.05665
-5.05854
-5.06059
-5.06234
-5.06396
-5.06573
-5.06796
-5.06958
-5.07119
-5.0728
-5.0747
-5.07629
-5.07816
-5.07971
-5.08124
-5.08275
-5.08424
-5.08554
-5.08728
-5.08883
-5.09035
-5.09183
-5.09343
-5.09455
-5.09592
-5.09741
-5.09871
-5.09966
-5.10073
-5.1022
-5.10333
-5.10442
-5.10577
-5.10677
-5.10773
-5.1088
-5.10952
-5.1102
-5.11098
-5.11157
-5.11243
-5.11294
-5.11356
-5.11399
-5.11454
-5.1155
-5.11612
-5.1167
-5.11725
-5.11762
-5.1181
-5.11855
-5.11928
-5.11952
-5.11974
-5.12023
-5.12069
-5.12083
-5.12095
-5.12134
-5.12157
-5.12147
-5.1215
-5.12152
-5.12137
-5.1212
-5.12117
-5.12067
-5.12046
-5.12023
-5.1203
-5.12004
-5.11978
-5.1198
-5.11996
-5.11996
-5.1201
-5.11977
-5.11958
-5.11938
-5.11947
-5.11939
-5.11899
-5.11918
-5.11891
-5.11847
-5.11816
-5.11813
-5.11794
-5.11758
-5.11734
-5.11724
-5.11651
-5.11561
-5.11513
-5.11448
-5.11396
-5.11325
-5.11268
-5.11192
-5.11129
-5.11047
-5.10978
-5.10921
-5.10891
-5.10828
-5.10777
-5.10693
-5.10605
-5.1053
-5.10421
-5.10355
-5.10225
-5.10138
-5.10032
-5.09908
-5.09782
-5.09683
-5.09566
-5.09507
-5.0937
-5.09245
-5.09134
-5.09006
-5.0883
-5.08682
-5.08563
-5.08397
-5.08275
-5.08121
-5.07982
-5.07856
-5.077
-5.07573
-5.07446
-5.07319
-5.07178
-5.07036
-5.06911
-5.06726
-5.06587
-5.0645
-5.06315
-5.06182
-5.06035
-5.05892
-5.05751
-5.05629
-5.0551
-5.0538
-5.05269
-5.05162
-5.05091
-5.04994
-5.04903
-5.04772
-5.04707
-5.04618
-5.04566
-5.04506
-5.04437
-5.04376
-5.04307
-5.04291
-5.04252
-5.04222
-5.0423
-5.04246
-5.0424
-5.04273
-5.04299
-5.04334
-5.04422
-5.04489
-5.04533
-5.04631
-5.04707
-5.04806
-5.04927
-5.04996
-5.05117
-5.0523
-5.05349
-5.05489
-5.05621
-5.05758
-5.05884
-5.06091
-5.06243
-5.06397
-5.0648
-5.06642
-5.06806
-5.06972
-5.0714
-5.07294
-5.07464
-5.0762
-5.07775
-5.07945
-5.08114
-5.08312
-5.08493
-5.08628
-5.08775
-5.08935
-5.09107
-5.09276
-5.09426
-5.09573
-5.09716
-5.09855
-5.09989
-5.10165
-5.10291
-5.10427
-5.10558
-5.10669
-5.10761
-5.10862
-5.10943
-5.11064
-5.11135
-5.11186
-5.11247
-5.11303
-5.11369
-5.1143
-5.11471
-5.11491
-5.11538
-5.11594
-5.11631
-5.11663
-5.11721
-5.11744
-5.11763
-5.11777
-5.11803
-5.11795
-5.11813
-5.11797
-5.11792
-5.118
-5.11773
-5.11774
-5.11741
-5.1172
-5.11666
-5.11625
-5.1158
-5.11549
-5.1153
-5.11479
-5.11471
-5.11385
-5.11342
-5.11298
-5.11222
-5.11144
-5.11094
-5.11059
-5.10992
-5.10924
-5.1087
-5.10785
-5.10745
-5.10704
-5.10648
-5.10576
-5.10519
-5.10492
-5.10451
-5.10364
-5.10277
-5.10207
-5.10152
-5.10082
-5.10014
-5.09992
-5.09941
-5.09892
-5.09874
-5.09828
-5.09769
-5.09741
-5.09731
-5.09693
-5.09643
-5.09625
-5.0958
-5.09553
-5.09498
-5.09462
-5.0943
-5.09415
-5.09405
-5.09398
-5.09395
-5.09381
-5.09401
-5.09441
-5.09439
-5.09457
-5.09464
-5.09461
-5.09492
-5.09529
-5.09584
-5.09615
-5.09635
-5.09691
-5.09736
-5.09816
-5.09902
-5.09977
-5.10072
-5.10141
-5.10201
-5.10295
-5.10394
-5.10483
-5.10561
-5.10658
-5.10775
-5.10897
-5.11037
-5.11091
-5.11224
-5.11361
-5.11501
-5.1169
-5.11792
-5.11941
-5.12108
-5.12247
-5.12449
-5.12637
-5.12812
-5.12973
-5.13135
-5.13283
-5.13446
-5.13609
-5.13772
-5.1392
-5.14051
-5.14211
-5.1434
-5.14497
-5.14637
-5.14804
-5.14969
-5.151
-5.15258
-5.15397
-5.15518
-5.15634
-5.15775
-5.15867
-5.15999
-5.16095
-5.16216
-5.16317
-5.16397
-5.16501
-5.16629
-5.16691
-5.16777
-5.16856
-5.16929
-5.16966
-5.17011
-5.17064
-5.17097
-5.17107
-5.17112
-5.17156
-5.17178
-5.17179
-5.17129
-5.17119
-5.17103
-5.17082
-5.17055
-5.17054
-5.17003
-5.16992
-5.16947
-5.16897
-5.16829
-5.16802
-5.16757
-5.16693
-5.16627
-5.16544
-5.16472
-5.16399
-5.16309
-5.16233
-5.16155
-5.16076
-5.15951
-5.15871
-5.1582
-5.1574
-5.1566
-5.15595
-5.155
-5.15437
-5.15359
-5.15282
-5.15207
-5.15148
-5.15061
-5.14991
-5.14923
-5.14841
-5.14792
-5.1473
-5.14671
-5.14644
-5.14575
-5.14538
-5.1449
-5.14459
-5.14417
-5.14392
-5.14371
-5.14337
-5.14307
-5.1428
-5.14271
-5.14266
-5.14249
-5.1425
-5.1424
-5.14233
-5.14244
-5.14259
-5.14277
-5.14298
-5.14308
-5.14321
-5.14322
-5.14297
-5.14305
-5.14331
-5.14361
-5.14364
-5.144
-5.14454
-5.14512
-5.14573
-5.14637
-5.14673
-5.14728
-5.14801
-5.14847
-5.14941
-5.14977
-5.15031
-5.15073
-5.15178
-5.1524
-5.15304
-5.15341
-5.15426
-5.15497
-5.15616
-5.15707
-5.15814
-5.15878
-5.16004
-5.16146
-5.16275
-5.16405
-5.16475
-5.16561
-5.16678
-5.16765
-5.16897
-5.16969
-5.17041
-5.17142
-5.17258
-5.17342
-5.17441
-5.17538
-5.17618
-5.17727
-5.17849
-5.17953
-5.18025
-5.18109
-5.18204
-5.18282
-5.18356
-5.18427
-5.18538
-5.18586
-5.1866
-5.18698
-5.18748
-5.18777
-5.18817
-5.18852
-5.18897
-5.18951
-5.18985
-5.18998
-5.18976
-5.19009
-5.19036
-5.18996
-5.18997
-5.19006
-5.1898
-5.18933
-5.18895
-5.18881
-5.18832
-5.18777
-5.18716
-5.1865
-5.18562
-5.18515
-5.18402
-5.18329
-5.18175
-5.18077
-5.17958
-5.1785
-5.17752
-5.17619
-5.17482
-5.17356
-5.17226
-5.17091
-5.16983
-5.16781
-5.16606
-5.16457
-5.16291
-5.16151
-5.16009
-5.15865
-5.15718
-5.15553
-5.15387
-5.15219
-5.15064
-5.14893
-5.14706
-5.14532
-5.14373
-5.14199
-5.14039
-5.13894
-5.13764
-5.13589
-5.13445
-5.13286
-5.13129
-5.12972
-5.12802
-5.12648
-5.12481
-5.12315
-5.12152
-5.12037
-5.11848
-5.11692
-5.1154
-5.1136
-5.11213
-5.1107
-5.1093
-5.10779
-5.10662
-5.10534
-5.10441
-5.10291
-5.10192
-5.10082
-5.09992
-5.09906
-5.09826
-5.09736
-5.09651
-5.09571
-5.09527
-5.09474
-5.0941
-5.09352
-5.093
-5.09268
-5.09242
-5.09207
-5.09192
-5.09138
-5.0915
-5.09167
-5.09159
-5.09172
-5.09175
-5.09169
-5.09212
-5.09216
-5.09224
-5.09282
-5.09314
-5.09351
-5.09392
-5.09422
-5.09456
-5.09478
-5.09518
-5.09562
-5.09623
-5.09733
-5.09814
-5.09868
-5.09938
-5.1001
-5.10083
-5.10202
-5.10307
-5.10397
-5.10442
-5.10486
-5.10561
-5.10649
-5.10721
-5.10792
-5.10816
-5.10913
-5.10963
-5.10995
-5.11039
-5.11125
-5.11208
-5.11272
-5.11317
-5.11388
-5.11424
-5.11456
-5.11497
-5.11534
-5.1155
-5.1156
-5.11549
-5.11547
-5.1154
-5.11495
-5.11489
-5.11492
-5.11427
-5.1137
-5.11321
-5.1125
-5.11186
-5.11145
-5.11036
-5.10934
-5.10824
-5.10676
-5.10581
-5.10463
-5.10337
-5.10202
-5.10075
-5.09924
-5.09781
-5.09614
-5.09409
-5.09257
-5.09052
-5.08838
-5.08633
-5.08389
-5.08198
-5.07984
-5.07733
-5.0746
-5.07194
-5.06937
-5.06673
-5.06388
-5.06095
-5.05812
-5.05508
-5.05213
-5.04943
-5.04637
-5.04327
-5.04027
-5.03692
-5.03353
-5.03056
-5.0271
-5.02376
-5.02025
-5.01671
-5.01314
-5.00972
-5.00673
-5.00359
-4.99998
-4.99638
-4.99308
-4.98964
-4.98622
-4.98311
-4.97987
-4.97651
-4.97287
-4.96957
-4.96661
-4.96338
-4.96036
-4.95723
-4.95401
-4.95115
-4.94774
-4.94501
-4.94235
-4.93945
-4.93664
-4.93405
-4.93155
-4.92853
-4.9262
-4.92397
-4.92168
-4.91963
-4.91769
-4.91569
-4.9138
-4.91231
-4.91092
-4.90934
-4.90832
-4.90696
-4.90585
-4.90515
-4.90411
-4.90363
-4.90326
-4.90254
-4.90162
-4.90142
-4.90146
-4.90131
-4.90141
-4.90161
-4.90206
-4.90215
-4.90233
-4.9026
-4.90296
-4.90371
-4.90424
-4.9053
-4.90599
-4.90736
-4.90835
-4.90926
-4.91053
-4.91187
-4.91312
-4.91457
-4.91654
-4.91795
-4.91912
-4.92062
-4.92188
-4.92362
-4.9254
-4.92692
-4.92862
-4.93051
-4.93242
-4.93406
-4.93588
-4.93771
-4.93987
-4.9419
-4.94364
-4.9454
-4.94732
-4.94926
-4.95121
-4.95302
-4.95499
-4.95682
-4.95835
-4.96005
-4.96205
-4.96421
-4.96608
-4.96795
-4.96997
-4.972
-4.97404
-4.97608
-4.97798
-4.98003
-4.98239
-4.98444
-4.98696
-4.98872
-4.99109
-4.99301
-4.99493
-4.99715
-4.99937
-5.00114
-5.00307
-5.00514
-5.00705
-5.00942
-5.01148
-5.01338
-5.01528
-5.01747
-5.0195
-5.02151
-5.02321
-5.02474
-5.02686
-5.0288
-5.03058
-5.03248
-5.03435
-5.03604
-5.03815
-5.03993
-5.04152
-5.04322
-5.04503
-5.04665
-5.04808
-5.04976
-5.05078
-5.05221
-5.05359
-5.05506
-5.05602
-5.05738
-5.05838
-5.05947
-5.06066
-5.06147
-5.06238
-5.06337
-5.06416
-5.06502
-5.06568
-5.06657
-5.06694
-5.06786
-5.06811
-5.0686
-5.06888
-5.06926
-5.06942
-5.06937
-5.06941
-5.0697
-5.06919
-5.06923
-5.06876
-5.0684
-5.06814
-5.06768
-5.06749
-5.0671
-5.06698
-5.06652
-5.06603
-5.06566
-5.06466
-5.06408
-5.06303
-5.06241
-5.06177
-5.06112
-5.0606
-5.06007
-5.05908
-5.05839
-5.05753
-5.05698
-5.05613
-5.05557
-5.05503
-5.05403
-5.05334
-5.05266
-5.05229
-5.05163
-5.05098
-5.0505
-5.04973
-5.04913
-5.04839
-5.04782
-5.04712
-5.04659
-5.04608
-5.04573
-5.04541
-5.04466
-5.04393
-5.04352
-5.04298
-5.04231
-5.04182
-5.04149
-5.04134
-5.0409
-5.04063
-5.04008
-5.0397
-5.03948
-5.03928
-5.03925
-5.03938
-5.03922
-5.03893
-5.03909
-5.03882
-5.03825
-5.03814
-5.0382
-5.03825
-5.03816
-5.03807
-5.03767
-5.03759
-5.03764
-5.0377
-5.03775
-5.0378
-5.03769
-5.03772
-5.0376
-5.03776
-5.03746
-5.03715
-5.03713
-5.03679
-5.03674
-5.03653
-5.03645
-5.0365
-5.03623
-5.0361
-5.03564
-5.03532
-5.03483
-5.03417
-5.03394
-5.03354
-5.03342
-5.03283
-5.03207
-5.03144
-5.0311
-5.03088
-5.03035
-5.02994
-5.02952
-5.02877
-5.02801
-5.02768
-5.02719
-5.02667
-5.02584
-5.02515
-5.02444
-5.02357
-5.02283
-5.02194
-5.02133
-5.02056
-5.01994
-5.01901
-5.01837
-5.01757
-5.01693
-5.01628
-5.01517
-5.01436
-5.01326
-5.01246
-5.01136
-5.01041
-5.00963
-5.00885
-5.00793
-5.00717
-5.00612
-5.00509
-5.00392
-5.00352
-5.00284
-5.00218
-5.00155
-5.00108
-5.00064
-5.00008
-4.99939
-4.99903
-4.99855
-4.9981
-4.99753
-4.997
-4.99695
-4.99678
-4.99665
-4.99656
-4.9962
-4.99619
-4.99575
-4.99566
-4.99561
-4.9956
-4.99562
-4.99523
-4.99549
-4.99548
-4.99567
-4.99589
-4.996
-4.99644
-4.99678
-4.9967
-4.99695
-4.99754
-4.99817
-4.99868
-4.99908
-4.99996
-5.00056
-5.0009
-5.00157
-5.00227
-5.00314
-5.00405
-5.00467
-5.00563
-5.00615
-5.00715
-5.00802
-5.00921
-5.01013
-5.01121
-5.01216
-5.01297
-5.0141
-5.0151
-5.01597
-5.01654
-5.01743
-5.01834
-5.01956
-5.02048
-5.02173
-5.02298
-5.02409
-5.02505
-5.02618
-5.02747
-5.02861
-5.02961
-5.03076
-5.03162
-5.03294
-5.03412
-5.0353
-5.03663
-5.03782
-5.03902
-5.04021
-5.04141
-5.04277
-5.04413
-5.04534
-5.0464
-5.04747
-5.04838
-5.0496
-5.05067
-5.05174
-5.05281
-5.05373
-5.0548
-5.05618
-5.0577
-5.05908
-5.06
-5.06137
-5.0626
-5.06397
-5.06503
-5.0664
-5.06761
-5.06898
-5.06928
-5.07049
-5.0717
-5.07275
-5.0741
-5.0753
-5.07634
-5.07738
-5.07857
-5.08005
-5.08123
-5.0824
-5.08357
-5.08459
-5.0859
-5.0872
-5.08835
-5.0895
-5.09018
-5.09146
-5.09244
-5.09386
-5.09513
-5.09669
-5.0978
-5.09844
-5.09968
-5.10061
-5.10138
-5.10245
-5.10306
-5.10411
-5.10485
-5.10574
-5.10661
-5.10748
-5.1088
-5.1098
-5.11064
-5.11177
-5.1129
-5.11401
-5.11527
-5.11622
-5.11685
-5.11778
-5.11884
-5.11959
-5.12049
-5.12137
-5.12254
-5.12339
-5.12424
-5.12507
-5.12574
-5.1267
-5.12764
-5.12827
-5.12934
-5.1298
-5.13009
-5.13097
-5.13183
-5.13253
-5.13322
-5.13359
-5.1344
-5.13489
-5.13536
-5.13582
-5.13641
-5.13699
-5.13755
-5.13779
-5.13832
-5.13868
-5.13947
-5.13965
-5.14025
-5.14069
-5.1414
-5.14165
-5.14202
-5.14253
-5.14286
-5.14302
-5.14346
-5.14372
-5.14411
-5.14418
-5.14438
-5.14454
-5.14439
-5.14481
-5.14505
-5.14527
-5.14531
-5.14547
-5.14561
-5.14557
-5.14565
-5.14509
-5.14496
-5.14481
-5.14477
-5.14486
-5.14491
-5.14463
-5.14447
-5.14443
-5.14406
-5.1435
-5.14306
-5.14258
-5.14237
-5.14198
-5.14155
-5.14093
-5.14043
-5.14005
-5.13947
-5.13871
-5.13791
-5.13722
-5.13619
-5.13528
-5.13417
-5.13257
-5.13154
-5.13046
-5.12889
-5.12788
-5.12668
-5.12544
-5.1243
-5.12312
-5.1216
-5.12003
-5.11857
-5.11707
-5.11552
-5.11394
-5.11215
-5.11063
-5.10891
-5.10684
-5.10519
-5.10335
-5.10162
-5.09969
-5.09773
-5.09572
-5.09368
-5.09161
-5.08995
-5.08781
-5.08594
-5.08344
-5.08152
-5.07942
-5.077
-5.07471
-5.0724
-5.07038
-5.0682
-5.06617
-5.06398
-5.06195
-5.05932
-5.05745
-5.05514
-5.05254
-5.05043
-5.04849
-5.04627
-5.0438
-5.04121
-5.03943
-5.03755
-5.03587
-5.03381
-5.03181
-5.03003
-5.02833
-5.02701
-5.02547
-5.02418
-5.02267
-5.02127
-5.02012
-5.01892
-5.01783
-5.01731
-5.0166
-5.016
-5.01552
-5.015
-5.01476
-5.01463
-5.01402
-5.01443
-5.01436
-5.01501
-5.01547
-5.01604
-5.01688
-5.01782
-5.01856
-5.0197
-5.02064
-5.02181
-5.02262
-5.02397
-5.02509
-5.02674
-5.02875
-5.03037
-5.03235
-5.03392
-5.03554
-5.03749
-5.03903
-5.04089
-5.04247
-5.04467
-5.04688
-5.04848
-5.05039
-5.0526
-5.05464
-5.05651
-5.05866
-5.06079
-5.06229
-5.06375
-5.06577
-5.0673
-5.06909
-5.07068
-5.07222
-5.07325
-5.07467
-5.07558
-5.07688
-5.07797
-5.07899
-5.07994
-5.08097
-5.08208
-5.08297
-5.08394
-5.08468
-5.08564
-5.08593
-5.08614
-5.08672
-5.08738
-5.08751
-5.08786
-5.08798
-5.08833
-5.0883
-5.0879
-5.08787
-5.08777
-5.08745
-5.08705
-5.08674
-5.08635
-5.0859
-5.08538
-5.08465
-5.08385
-5.083
-5.08224
-5.08112
-5.08025
-5.07918
-5.07837
-5.0772
-5.07585
-5.07415
-5.07317
-5.07186
-5.07051
-5.06899
-5.0676
-5.06604
-5.06477
-5.06303
-5.06189
-5.06044
-5.05914
-5.05754
-5.05641
-5.05468
-5.05327
-5.05173
-5.05021
-5.04856
-5.04755
-5.04611
-5.04502
-5.04397
-5.0428
-5.04168
-5.04061
-5.03974
-5.03892
-5.03785
-5.03699
-5.03634
-5.0356
-5.03507
-5.0346
-5.03419
-5.03354
-5.03296
-5.03274
-5.03228
-5.03158
-5.03125
-5.03112
-5.03121
-5.03136
-5.03141
-5.03152
-5.03169
-5.0322
-5.03247
-5.03278
-5.03283
-5.03339
-5.03398
-5.03416
-5.03453
-5.03523
-5.03582
-5.03629
-5.03708
-5.03775
-5.0386
-5.03886
-5.0396
-5.0408
-5.04202
-5.04281
-5.04391
-5.04487
-5.04569
-5.04667
-5.04735
-5.04835
-5.0492
-5.05006
-5.05062
-5.05148
-5.05235
-5.05293
-5.05396
-5.055
-5.05589
-5.05679
-5.05784
-5.05845
-5.05952
-5.06045
-5.06199
-5.06278
-5.06344
-5.06457
-5.06586
-5.06686
-5.06772
-5.06891
-5.06981
-5.07073
-5.07167
-5.07293
-5.07451
-5.07567
-5.07669
-5.07759
-5.07896
-5.08036
-5.08132
-5.08232
-5.08334
-5.08468
-5.0859
-5.08714
-5.08841
-5.08984
-5.09115
-5.09248
-5.09398
-5.09551
-5.09689
-5.09799
-5.09941
-5.10099
-5.10228
-5.10388
-5.10549
-5.10725
-5.10901
-5.11048
-5.11208
-5.11384
-5.11559
-5.11733
-5.11906
-5.12032
-5.12201
-5.12354
-5.12519
-5.12682
-5.12828
-5.1294
-5.13064
-5.13215
-5.13333
-5.13447
-5.13557
-5.13678
-5.13765
-5.13908
-5.14002
-5.14121
-5.14236
-5.14317
-5.14422
-5.14478
-5.1456
-5.14667
-5.14739
-5.14822
-5.14855
-5.14945
-5.15044
-5.1508
-5.15141
-5.15213
-5.15282
-5.15316
-5.15362
-5.1542
-5.1549
-5.15511
-5.1553
-5.15545
-5.15574
-5.15585
-5.15578
-5.15585
-5.1559
-5.15579
-5.15596
-5.15567
-5.15597
-5.15581
-5.15549
-5.15563
-5.1556
-5.15543
-5.1554
-5.15507
-5.15505
-5.15518
-5.15486
-5.15439
-5.15439
-5.15438
-5.15424
-5.15425
-5.15411
-5.15413
-5.15416
-5.15374
-5.15378
-5.15383
-5.15388
-5.15409
-5.154
-5.15421
-5.15458
-5.1545
-5.15457
-5.15478
-5.15485
-5.15507
-5.15528
-5.15563
-5.15553
-5.15557
-5.15575
-5.15592
-5.15623
-5.15622
-5.1562
-5.15616
-5.1558
-5.15603
-5.15593
-5.15582
-5.15567
-5.15521
-5.15502
-5.15465
-5.15455
-5.15413
-5.15413
-5.15364
-5.15328
-5.15258
-5.15199
-5.15153
-5.15072
-5.15003
-5.14946
-5.14901
-5.14867
-5.14784
-5.14728
-5.14653
-5.14605
-5.14508
-5.14453
-5.14365
-5.14258
-5.14179
-5.14111
-5.13996
-5.13878
-5.13787
-5.13634
-5.13555
-5.13443
-5.13329
-5.13199
-5.13083
-5.12951
-5.12833
-5.12745
-5.12612
-5.12509
-5.12407
-5.12321
-5.12191
-5.12093
-5.11997
-5.11888
-5.11797
-5.11693
-5.11578
-5.11496
-5.11418
-5.11329
-5.11229
-5.11149
-5.11058
-5.10988
-5.10922
-5.10862
-5.10807
-5.10757
-5.10728
-5.10658
-5.1064
-5.10611
-5.10588
-5.1054
-5.10542
-5.10503
-5.105
-5.10501
-5.10491
-5.105
-5.10453
-5.10469
-5.10489
-5.10511
-5.10551
-5.10579
-5.10638
-5.10684
-5.10731
-5.10719
-5.10753
-5.10742
-5.10792
-5.10857
-5.10861
-5.10895
-5.10928
-5.10959
-5.1099
-5.11034
-5.11046
-5.11057
-5.11081
-5.11117
-5.11182
-5.11185
-5.1123
-5.11258
-5.11283
-5.11275
-5.1128
-5.11283
-5.11283
-5.1128
-5.11275
-5.11252
-5.11272
-5.11259
-5.11259
-5.11242
-5.11222
-5.11201
-5.11177
-5.11166
-5.11153
-5.11138
-5.11106
-5.11073
-5.11038
-5.11001
-5.10948
-5.10924
-5.10944
-5.10872
-5.10829
-5.10785
-5.10755
-5.10725
-5.10663
-5.106
-5.10567
-5.10518
-5.10499
-5.10449
-5.10399
-5.10363
-5.10327
-5.10276
-5.10224
-5.10187
-5.10119
-5.10097
-5.10044
-5.09992
-5.09939
-5.09931
-5.09864
-5.09796
-5.09743
-5.09705
-5.09668
-5.096
-5.09563
-5.09511
-5.09458
-5.09421
-5.0937
-5.09318
-5.09296
-5.0926
-5.09224
-5.09188
-5.09137
-5.09102
-5.09051
-5.08986
-5.08921
-5.08856
-5.08822
-5.08803
-5.08724
-5.08675
-5.08627
-5.08579
-5.08516
-5.08484
-5.08437
-5.08405
-5.08344
-5.08298
-5.08253
-5.08178
-5.08104
-5.0806
-5.08032
-5.08004
-5.07963
-5.07922
-5.07866
-5.07826
-5.07833
-5.07795
-5.07758
-5.07722
-5.07687
-5.07653
-5.07605
-5.07588
-5.07557
-5.07542
-5.07498
-5.07486
-5.07414
-5.07373
-5.07334
-5.07326
-5.07289
-5.07283
-5.07263
-5.07245
-5.07242
-5.07225
-5.07209
-5.07194
-5.07164
-5.07166
-5.07153
-5.07156
-5.07145
-5.07119
-5.07078
-5.07068
-5.07073
-5.07078
-5.07069
-5.07029
-5.0702
-5.06996
-5.06941
-5.06887
-5.06877
-5.06838
-5.06828
-5.06803
-5.06762
-5.06737
-5.06711
-5.06684
-5.06673
-5.06616
-5.06618
-5.06606
-5.06533
-5.0652
-5.06506
-5.06492
-5.06463
-5.06465
-5.06466
-5.06467
-5.06453
-5.06409
-5.0641
-5.06427
-5.06475
-5.06477
-5.06465
-5.06469
-5.06458
-5.06449
-5.0647
-5.06477
-5.06455
-5.0645
-5.06507
-5.06519
-5.06519
-5.06535
-5.06523
-5.06528
-5.0655
-5.0656
-5.06541
-5.06541
-5.06589
-5.06594
-5.06572
-5.06598
-5.06628
-5.06646
-5.06698
-5.06739
-5.06783
-5.06847
-5.06899
-5.06956
-5.07002
-5.07052
-5.07152
-5.07197
-5.07276
-5.0739
-5.07493
-5.07601
-5.07714
-5.07787
-5.07879
-5.07991
-5.08092
-5.08228
-5.08339
-5.08499
-5.08618
-5.08756
-5.08913
-5.09089
-5.09239
-5.09407
-5.09548
-5.09737
-5.09868
-5.10048
-5.1023
-5.10413
-5.10584
-5.10755
-5.10928
-5.11102
-5.11262
-5.11437
-5.11613
-5.11743
-5.11903
-5.12048
-5.12237
-5.12395
-5.12552
-5.12738
-5.12953
-5.13136
-5.13257
-5.13436
-5.13598
-5.13772
-5.1393
-5.1407
-5.14192
-5.14312
-5.14459
-5.14649
-5.14806
-5.14976
-5.15143
-5.15246
-5.15393
-5.15521
-5.15587
-5.1571
-5.15831
-5.15964
-5.16065
-5.16132
-5.16243
-5.16351
-5.16503
-5.16606
-5.16708
-5.16807
-5.16889
-5.16968
-5.17076
-5.17167
-5.1724
-5.17327
-5.17412
-5.17494
-5.1756
-5.17654
-5.17716
-5.17776
-5.17849
-5.17905
-5.17959
-5.17996
-5.18061
-5.18124
-5.18155
-5.18229
-5.18286
-5.1834
-5.18362
-5.18442
-5.1852
-5.18581
-5.18639
-5.1868
-5.18703
-5.18753
-5.18786
-5.18817
-5.18845
-5.18824
-5.18892
-5.18927
-5.18929
-5.18928
-5.18939
-5.18948
-5.18938
-5.18926
-5.18911
-5.18893
-5.18887
-5.18893
-5.18882
-5.18867
-5.18881
-5.18891
-5.18884
-5.18859
-5.18831
-5.18771
-5.18739
-5.1872
-5.18667
-5.18613
-5.18587
-5.18529
-5.18499
-5.18467
-5.18419
-5.18369
-5.18287
-5.1822
-5.18181
-5.18096
-5.18026
-5.18016
-5.17975
-5.17934
-5.17862
-5.17806
-5.17766
-5.17695
-5.17656
-5.17618
-5.17566
-5.17516
-5.17467
-5.17436
-5.17437
-5.1741
-5.17355
-5.17303
-5.1727
-5.17224
-5.17213
-5.17205
-5.17185
-5.1717
-5.17189
-5.17166
-5.17164
-5.17165
-5.17156
-5.17152
-5.17183
-5.17173
-5.17183
-5.17227
-5.17276
-5.17284
-5.17342
-5.17359
-5.1741
-5.17436
-5.17495
-5.17572
-5.17654
-5.17708
-5.17795
-5.17886
-5.17963
-5.18057
-5.18139
-5.18206
-5.1829
-5.18375
-5.18446
-5.18532
-5.18633
-5.18703
-5.18758
-5.18813
-5.18881
-5.18979
-5.19074
-5.19138
-5.19199
-5.19259
-5.1933
-5.19384
-5.19419
-5.19497
-5.19541
-5.19581
-5.19633
-5.19681
-5.19709
-5.19779
-5.19829
-5.19875
-5.19887
-5.19923
-5.19925
-5.19953
-5.1996
-5.19948
-5.19961
-5.19938
-5.19941
-5.19924
-5.19917
-5.19889
-5.19902
-5.19879
-5.19882
-5.19849
-5.19781
-5.19724
-5.19676
-5.19593
-5.19505
-5.19428
-5.19345
-5.19228
-5.19136
-5.1907
-5.18984
-5.18864
-5.18754
-5.18655
-5.18537
-5.18415
-5.18274
-5.18113
-5.17965
-5.17843
-5.17718
-5.17604
-5.17473
-5.17294
-5.17096
-5.16927
-5.16785
-5.16641
-5.16481
-5.16333
-5.16169
-5.16035
-5.15869
-5.15717
-5.15565
-5.15353
-5.15201
-5.15034
-5.14883
-5.14733
-5.1457
-5.14392
-5.14231
-5.14088
-5.13931
-5.13777
-5.1358
-5.13432
-5.13272
-5.13131
-5.12948
-5.1283
-5.12716
-5.12592
-5.12457
-5.12358
-5.12279
-5.12145
-5.12001
-5.11909
-5.11823
-5.11743
-5.11684
-5.11572
-5.11496
-5.11441
-5.11379
-5.11322
-5.11273
-5.1126
-5.11254
-5.11209
-5.11201
-5.11199
-5.11188
-5.11198
-5.11214
-5.11235
-5.11247
-5.11294
-5.11331
-5.11372
-5.11447
-5.11512
-5.11565
-5.11621
-5.11711
-5.11742
-5.11806
-5.11902
-5.11954
-5.11992
-5.12046
-5.121
-5.1214
-5.12209
-5.12263
-5.1233
-5.12382
-5.12462
-5.12541
-5.12603
-5.12633
-5.12721
-5.12791
-5.12844
-5.1291
-5.12973
-5.13003
-5.13045
-5.13054
-5.13076
-5.1314
-5.13217
-5.13246
-5.13256
-5.13295
-5.13331
-5.13364
-5.13365
-5.13409
-5.1342
-5.13429
-5.13451
-5.13471
-5.13488
-5.13504
-5.13487
-5.13484
-5.13448
-5.13441
-5.13431
-5.1342
-5.13376
-5.1336
-5.13343
-5.13338
-5.13286
-5.13261
-5.13219
-5.13189
-5.13172
-5.13152
-5.13113
-5.13102
-5.13042
-5.12993
-5.12911
-5.1284
-5.1281
-5.12746
-5.12723
-5.12605
-5.12528
-5.12431
-5.12344
-5.12237
-5.12186
-5.12084
-5.11991
-5.11924
-5.11775
-5.11667
-5.11583
-5.11433
-5.11293
-5.11163
-5.10997
-5.1084
-5.10694
-5.10512
-5.10371
-5.10225
-5.10045
-5.09844
-5.09655
-5.09462
-5.09281
-5.09096
-5.08848
-5.08612
-5.0842
-5.0821
-5.07983
-5.0777
-5.07556
-5.07327
-5.07142
-5.06913
-5.06699
-5.065
-5.06304
-5.06108
-5.059
-5.05694
-5.05445
-5.05229
-5.05047
-5.04823
-5.04604
-5.04403
-5.04222
-5.04046
-5.03875
-5.03709
-5.03533
-5.03348
-5.03183
-5.03054
-5.02932
-5.02785
-5.02645
-5.0251
-5.02397
-5.02276
-5.02176
-5.02082
-5.0198
-5.01884
-5.01794
-5.01742
-5.01696
-5.01656
-5.01593
-5.01536
-5.01471
-5.01412
-5.01389
-5.01343
-5.01333
-5.01375
-5.01363
-5.01357
-5.01372
-5.01378
-5.01391
-5.01409
-5.01494
-5.01555
-5.01622
-5.01694
-5.01773
-5.01843
-5.01948
-5.02015
-5.02132
-5.0221
-5.02294
-5.02399
-5.0251
-5.02627
-5.02781
-5.02894
-5.03044
-5.032
-5.03392
-5.03545
-5.03689
-5.03853
-5.04009
-5.04186
-5.04368
-5.04496
-5.04676
-5.04921
-5.05128
-5.0534
-5.05558
-5.05752
-5.05981
-5.06216
-5.06471
-5.06747
-5.06998
-5.07239
-5.075
-5.07766
-5.08097
-5.08357
-5.08637
-5.08905
-5.09178
-5.09469
-5.09734
-5.10032
-5.10348
-5.10636
-5.10958
-5.11236
-5.11515
-5.11812
-5.12125
-5.12453
-5.12752
-5.13066
-5.13411
-5.13739
-5.14067
-5.14349
-5.14644
-5.14937
-5.15243
-5.15562
-5.15862
-5.16145
-5.16423
-5.16728
-5.17029
-5.17279
-5.1754
-5.17826
-5.18122
-5.18352
-5.18651
-5.18898
-5.19139
-5.19343
-5.19586
-5.19836
-5.20033
-5.20223
-5.20435
-5.20624
-5.2079
-5.20978
-5.21172
-5.21313
-5.2149
-5.21613
-5.21758
-5.21894
-5.22006
-5.22109
-5.22172
-5.22242
-5.22317
-5.22399
-5.22456
-5.2252
-5.22574
-5.22604
-5.2261
-5.22607
-5.22565
-5.22604
-5.22589
-5.22565
-5.22517
-5.22491
-5.22455
-5.22411
-5.22313
-5.22176
-5.22106
-5.22058
-5.21925
-5.21815
-5.21696
-5.21554
-5.21419
-5.21275
-5.21168
-5.20993
-5.20826
-5.20665
-5.20511
-5.2035
-5.2018
-5.19958
-5.19728
-5.19506
-5.19246
-5.19039
-5.18809
-5.18557
-5.18282
-5.18001
-5.17742
-5.17462
-5.17189
-5.16895
-5.16579
-5.16271
-5.15987
-5.15637
-5.1531
-5.14978
-5.14655
-5.14296
-5.13932
-5.13563
-5.13204
-5.12855
-5.12502
-5.1213
-5.11723
-5.11359
-5.10961
-5.10591
-5.10219
-5.09844
-5.09454
-5.09062
-5.08669
-5.08276
-5.07853
-5.07431
-5.07025
-5.06636
-5.0628
-5.05896
-5.05515
-5.05139
-5.04736
-5.04338
-5.03961
-5.03634
-5.03299
-5.02956
-5.0262
-5.02291
-5.02001
-5.01674
-5.01356
-5.01062
-5.00778
-5.00519
-5.00239
-5
-4.99756
-4.99538
-4.99331
-4.99119
-4.98903
-4.98698
-4.98504
-4.98306
-4.98179
-4.97987
-4.97852
-4.97727
-4.97597
-4.97493
-4.97429
-4.97314
-4.9724
-4.97159
-4.97134
-4.97103
-4.97051
-4.97037
-4.97032
-4.97036
-4.97018
-4.97053
-4.97066
-4.97102
-4.971
-4.97136
-4.9718
-4.9723
-4.97258
-4.97368
-4.97441
-4.97535
-4.97606
-4.97684
-4.97799
-4.97905
-4.98003
-4.98123
-4.9825
-4.98368
-4.98478
-4.9861
-4.98794
-4.98969
-4.99121
-4.99279
-4.99458
-4.99629
-4.9979
-4.99988
-5.00222
-5.00431
-5.00661
-5.00882
-5.01107
-5.01352
-5.01587
-5.01811
-5.02054
-5.02285
-5.02535
-5.02773
-5.02999
-5.03257
-5.03531
-5.03762
-5.04025
-5.04272
-5.0452
-5.04782
-5.05059
-5.05304
-5.05562
-5.05834
-5.06088
-5.06354
-5.06602
-5.06846
-5.0707
-5.07306
-5.07551
-5.07776
-5.0801
-5.08239
-5.08431
-5.08632
-5.08842
-5.09059
-5.09254
-5.09442
-5.09608
-5.09765
-5.099
-5.10042
-5.10146
-5.10287
-5.10375
-5.105
-5.10586
-5.10695
-5.1075
-5.10827
-5.10926
-5.11003
-5.11117
-5.11163
-5.11216
-5.11248
-5.11256
-5.11273
-5.11268
-5.11271
-5.11284
-5.11275
-5.1126
-5.1124
-5.11199
-5.11153
-5.11103
-5.11063
-5.1102
-5.11003
-5.10952
-5.10898
-5.10842
-5.10768
-5.10737
-5.10674
-5.10594
-5.10543
-5.10461
-5.10394
-5.10356
-5.10318
-5.1025
-5.10167
-5.10115
-5.10048
-5.09997
-5.09916
-5.09867
-5.09804
-5.09756
-5.0965
-5.09589
-5.095
-5.09457
-5.09385
-5.09375
-5.09305
-5.09251
-5.09197
-5.09175
-5.09107
-5.09055
-5.09004
-5.08952
-5.08916
-5.08834
-5.08752
-5.08699
-5.08647
-5.08608
-5.08569
-5.08545
-5.08489
-5.08433
-5.08345
-5.08272
-5.08228
-5.08153
-5.08091
-5.08029
-5.07966
-5.07872
-5.07807
-5.07741
-5.07675
-5.07593
-5.07541
-5.07473
-5.07389
-5.07336
-5.07237
-5.07169
-5.071
-5.07032
-5.06964
-5.06882
-5.06816
-5.0675
-5.06715
-5.06666
-5.06573
-5.06496
-5.06435
-5.06375
-5.06347
-5.06306
-5.06251
-5.06212
-5.06175
-5.06155
-5.06121
-5.0609
-5.06044
-5.06016
-5.05974
-5.05934
-5.05911
-5.0586
-5.05841
-5.05793
-5.05762
-5.05733
-5.05705
-5.05695
-5.05671
-5.05649
-5.05614
-5.0558
-5.05549
-5.05534
-5.05506
-5.05556
-5.05577
-5.05585
-5.05595
-5.05607
-5.0559
-5.05575
-5.05608
-5.05597
-5.05618
-5.05642
-5.05652
-5.05634
-5.05648
-5.05635
-5.05623
-5.05643
-5.05666
-5.05691
-5.05718
-5.05762
-5.05793
-5.05825
-5.05905
-5.05957
-5.0601
-5.06051
-5.06138
-5.06136
-5.06167
-5.06229
-5.06247
-5.06297
-5.06363
-5.064
-5.06454
-5.06493
-5.06549
-5.06605
-5.06662
-5.06705
-5.06778
-5.06852
-5.06956
-5.0703
-5.07104
-5.07163
