1.10051
1.10161
1.10277
1.104
1.10528
1.10662
1.108
1.10944
1.11092
1.11244
1.114
1.1156
1.11723
1.11889
1.12057
1.12228
1.124
1.12574
1.1275
1.12926
1.13104
1.13282
1.1346
1.13638
1.13816
1.13993
1.1417
1.14346
1.14521
1.14694
1.14866
1.15036
1.15205
1.15371
1.15535
1.15697
1.15857
1.16014
1.16168
1.16319
1.16468
1.16613
1.16756
1.16895
1.17031
1.17164
1.17293
1.17419
1.17542
1.17661
1.17776
1.17888
1.17996
1.181
1.18201
1.18299
1.18392
1.18483
1.18569
1.18652
1.18731
1.18807
1.18879
1.18948
1.19014
1.19076
1.19134
1.1919
1.19242
1.19291
1.19337
1.1938
1.1942
1.19457
1.19491
1.19522
1.1955
1.19576
1.19599
1.19619
1.19637
1.19652
1.19664
1.19674
1.19681
1.19685
1.19687
1.19687
1.19684
1.19679
1.19671
1.19661
1.19648
1.19633
1.19615
1.19595
1.19572
1.19546
1.19518
1.19487
1.19454
1.19417
1.19378
1.19336
1.19291
1.19243
1.19192
1.19137
1.1908
1.1902
1.18956
1.1889
1.1882
1.18746
1.1867
1.1859
1.18507
1.1842
1.1833
1.18236
1.18139
1.18039
1.17936
1.17829
1.17718
1.17605
1.17488
1.17369
1.17246
1.17121
1.16993
1.16862
1.16728
1.16593
1.16455
1.16316
1.16174
1.16031
1.15887
1.15742
1.15597
1.15451
1.15305
1.15159
1.15014
1.1487
1.14727
1.14586
1.14447
1.14312
1.14179
1.14051
1.13926
1.13806
1.13692
1.13583
1.1348
1.13384
1.13295
1.13214
1.13141
1.13076
1.1302
1.12974
1.12938
1.12911
1.12895
1.12889
1.12894
1.1291
1.12937
1.12976
1.13025
1.13085
1.13157
1.13239
1.13332
1.13435
1.13548
1.13672
1.13804
1.13945
1.14095
1.14253
1.14418
1.1459
1.14768
1.14952
1.15141
1.15334
1.15531
1.15731
1.15934
1.16139
1.16345
1.16552
1.16759
1.16966
1.17173
1.17378
1.17581
1.17782
1.1798
1.18175
1.18367
1.18555
1.1874
1.18919
1.19095
1.19265
1.1943
1.1959
1.19744
1.19893
1.20037
1.20174
1.20305
1.20431
1.2055
1.20663
1.2077
1.20871
1.20966
1.21055
1.21137
1.21214
1.21284
1.21349
1.21407
1.2146
1.21507
1.21548
1.21583
1.21613
1.21637
1.21656
1.2167
1.21678
1.21681
1.21679
1.21672
1.2166
1.21643
1.21622
1.21596
1.21565
1.21529
1.21489
1.21445
1.21396
1.21343
1.21286
1.21224
1.21159
1.21089
1.21015
1.20938
1.20856
1.2077
1.20681
1.20588
1.20491
1.2039
1.20285
1.20177
1.20064
1.19949
1.19829
1.19706
1.19579
1.19449
1.19315
1.19178
1.19037
1.18893
1.18746
1.18595
1.18441
1.18284
1.18124
1.17962
1.17796
1.17627
1.17456
1.17281
1.17105
1.16926
1.16744
1.1656
1.16374
1.16187
1.15997
1.15805
1.15612
1.15418
1.15222
1.15025
1.14827
1.14628
1.14428
1.14228
1.14027
1.13826
1.13625
1.13423
1.13223
1.13022
1.12822
1.12622
1.12423
1.12225
1.12028
1.11833
1.11638
1.11445
1.11253
1.11063
1.10874
1.10688
1.10502
1.10319
1.10138
1.09959
1.09781
1.09606
1.09433
1.09262
1.09093
1.08927
1.08762
1.086
1.0844
1.08282
1.08126
1.07973
1.07822
1.07672
1.07525
1.0738
1.07237
1.07097
1.06958
1.06821
1.06687
1.06554
1.06423
1.06295
1.06168
1.06044
1.05922
1.05802
1.05684
1.05568
1.05454
1.05343
1.05233
1.05127
1.05022
1.0492
1.04821
1.04724
1.0463
1.04539
1.0445
1.04365
1.04283
1.04204
1.04128
1.04056
1.03988
1.03923
1.03862
1.03805
1.03753
1.03704
1.0366
1.03621
1.03586
1.03556
1.03531
1.03511
1.03496
1.03487
1.03483
1.03484
1.03491
1.03503
1.03522
1.03546
1.03576
1.03611
1.03653
1.037
1.03753
1.03813
1.03877
1.03948
1.04024
1.04106
1.04193
1.04285
1.04382
1.04485
1.04592
1.04703
1.04819
1.04939
1.05063
1.05191
1.05321
1.05455
1.05591
1.0573
1.0587
1.06013
1.06156
1.06301
1.06446
1.06591
1.06736
1.0688
1.07023
1.07165
1.07306
1.07444
1.0758
1.07713
1.07843
1.0797
1.08092
1.08211
1.08325
1.08435
1.08539
1.08638
1.08732
1.08819
1.08901
1.08977
1.09046
1.09108
1.09164
1.09212
1.09254
1.09288
1.09315
1.09335
1.09347
1.09351
1.09348
1.09338
1.09319
1.09294
1.09261
1.0922
1.09173
1.09118
1.09057
1.08989
1.08914
1.08833
1.08746
1.08653
1.08555
1.08452
1.08345
1.08232
1.08116
1.07996
1.07874
1.07748
1.07621
1.07491
1.07361
1.0723
1.07098
1.06967
1.06836
1.06707
1.0658
1.06455
1.06333
1.06214
1.06099
1.05989
1.05883
1.05782
1.05688
1.05599
1.05517
1.05442
1.05375
1.05315
1.05263
1.05219
1.05184
1.05158
1.05141
1.05133
1.05134
1.05145
1.05165
1.05195
1.05235
1.05285
1.05344
1.05413
1.05491
1.0558
1.05677
1.05784
1.05901
1.06026
1.0616
1.06303
1.06454
1.06614
1.06781
1.06957
1.07141
1.07331
1.0753
1.07735
1.07947
1.08166
1.08391
1.08622
1.08859
1.09102
1.0935
1.09603
1.09861
1.10124
1.10391
1.10663
1.10938
1.11218
1.115
1.11787
1.12076
1.12368
1.12663
1.1296
1.13259
1.13561
1.13864
1.14168
1.14474
1.1478
1.15088
1.15396
1.15704
1.16012
1.1632
1.16627
1.16934
1.1724
1.17544
1.17847
1.18149
1.18448
1.18745
1.1904
1.19332
1.19621
1.19907
1.2019
1.20469
1.20744
1.21015
1.21281
1.21543
1.21801
1.22053
1.22301
1.22542
1.22779
1.23009
1.23234
1.23452
1.23665
1.2387
1.2407
1.24262
1.24448
1.24627
1.24798
1.24963
1.2512
1.2527
1.25412
1.25546
1.25673
1.25793
1.25904
1.26008
1.26104
1.26192
1.26273
1.26345
1.2641
1.26466
1.26515
1.26557
1.2659
1.26616
1.26635
1.26646
1.2665
1.26646
1.26635
1.26617
1.26592
1.2656
1.26522
1.26477
1.26425
1.26368
1.26304
1.26234
1.26159
1.26077
1.25991
1.259
1.25803
1.25702
1.25596
1.25486
1.25372
1.25254
1.25133
1.25008
1.2488
1.24749
1.24615
1.24479
1.2434
1.24199
1.24057
1.23913
1.23768
1.23622
1.23474
1.23327
1.23178
1.2303
1.22881
1.22733
1.22585
1.22438
1.22291
1.22146
1.22001
1.21858
1.21716
1.21576
1.21438
1.21301
1.21167
1.21035
1.20906
1.20778
1.20654
1.20533
1.20414
1.20298
1.20185
1.20076
1.19969
1.19866
1.19767
1.1967
1.19578
1.19489
1.19403
1.19322
1.19244
1.1917
1.19099
1.19032
1.1897
1.18911
1.18856
1.18804
1.18757
1.18714
1.18674
1.18638
1.18606
1.18577
1.18552
1.18531
1.18513
1.18499
1.18488
1.1848
1.18476
1.18474
1.18476
1.1848
1.18487
1.18496
1.18508
1.18523
1.18539
1.18558
1.18578
1.18601
1.18624
1.1865
1.18677
1.18705
1.18734
1.18764
1.18794
1.18826
1.18857
1.1889
1.18922
1.18954
1.18987
1.19019
1.1905
1.19082
1.19112
1.19142
1.19171
1.19199
1.19226
1.19251
1.19276
1.19299
1.19321
1.1934
1.19359
1.19375
1.1939
1.19403
1.19414
1.19423
1.1943
1.19434
1.19437
1.19437
1.19436
1.19432
1.19425
1.19417
1.19406
1.19393
1.19377
1.19359
1.19339
1.19316
1.19291
1.19264
1.19234
1.19202
1.19168
1.19132
1.19093
1.19052
1.19009
1.18964
1.18916
1.18867
1.18815
1.18761
1.18706
1.18649
1.1859
1.18529
1.18467
1.18403
1.18338
1.18272
1.18204
1.18136
1.18066
1.17996
1.17925
1.17853
1.17781
1.17708
1.17636
1.17563
1.17491
1.17418
1.17347
1.17275
1.17205
1.17135
1.17067
1.16999
1.16933
1.16868
1.16805
1.16743
1.16683
1.16625
1.16569
1.16515
1.16463
1.16413
1.16365
1.1632
1.16276
1.16235
1.16196
1.16159
1.16124
1.16091
1.16061
1.16032
1.16005
1.1598
1.15956
1.15934
1.15913
1.15894
1.15876
1.15859
1.15843
1.15828
1.15814
1.158
1.15786
1.15773
1.1576
1.15747
1.15735
1.15722
1.15709
1.15696
1.15682
1.15669
1.15654
1.1564
1.15625
1.15609
1.15593
1.15577
1.1556
1.15543
1.15526
1.15508
1.1549
1.15472
1.15454
1.15436
1.15418
1.154
1.15382
1.15365
1.15349
1.15333
1.15318
1.15304
1.1529
1.15278
1.15268
1.15258
1.1525
1.15244
1.15239
1.15236
1.15235
1.15236
1.15239
1.15244
1.15251
1.1526
1.15271
1.15285
1.15301
1.15319
1.15339
1.15361
1.15386
1.15413
1.15442
1.15473
1.15506
1.1554
1.15577
1.15615
1.15654
1.15695
1.15738
1.15781
1.15826
1.15871
1.15918
1.15965
1.16012
1.1606
1.16108
1.16155
1.16203
1.16251
1.16298
1.16345
1.16391
1.16436
1.1648
1.16523
1.16565
1.16606
1.16645
1.16683
1.16719
1.16754
1.16787
1.16818
1.16848
1.16876
1.16902
1.16926
1.16949
1.16969
1.16988
1.17005
1.17021
1.17034
1.17046
1.17057
1.17066
1.17073
1.17079
1.17084
1.17088
1.1709
1.17092
1.17092
1.17092
1.17092
1.1709
1.17089
1.17087
1.17084
1.17082
1.1708
1.17078
1.17076
1.17075
1.17074
1.17074
1.17075
1.17076
1.17079
1.17082
1.17087
1.17092
1.17099
1.17107
1.17116
1.17127
1.17139
1.17153
1.17168
1.17184
1.17202
1.17221
1.17242
1.17264
1.17287
1.17312
1.17337
1.17364
1.17392
1.1742
1.1745
1.1748
1.17511
1.17542
1.17574
1.17607
1.1764
1.17672
1.17705
1.17738
1.17771
1.17803
1.17835
1.17866
1.17896
1.17926
1.17954
1.17982
1.18009
1.18034
1.18058
1.18081
1.18102
1.18122
1.1814
1.18157
1.18172
1.18185
1.18196
1.18205
1.18213
1.18218
1.18222
1.18224
1.18223
1.18221
1.18217
1.1821
1.18202
1.18192
1.1818
1.18166
1.1815
1.18132
1.18113
1.18091
1.18068
1.18044
1.18017
1.17989
1.1796
1.17929
1.17897
1.17864
1.17829
1.17793
1.17757
1.17719
1.1768
1.1764
1.176
1.17559
1.17517
1.17475
1.17432
1.17389
1.17346
1.17303
1.17259
1.17216
1.17173
1.1713
1.17087
1.17045
1.17003
1.16962
1.16921
1.16881
1.16841
1.16802
1.16764
1.16727
1.16691
1.16655
1.16621
1.16587
1.16555
1.16524
1.16493
1.16464
1.16435
1.16408
1.16381
1.16355
1.1633
1.16306
1.16283
1.1626
1.16238
1.16217
1.16196
1.16176
1.16155
1.16135
1.16115
1.16095
1.16075
1.16054
1.16033
1.16011
1.15989
1.15965
1.15941
1.15915
1.15888
1.15859
1.15829
1.15797
1.15762
1.15726
1.15687
1.15646
1.15602
1.15556
1.15506
1.15454
1.15398
1.15339
1.15277
1.15211
1.15142
1.15069
1.14993
1.14913
1.1483
1.14743
1.14652
1.14558
1.1446
1.14358
1.14253
1.14145
1.14033
1.13919
1.13801
1.13681
1.13558
1.13432
1.13304
1.13175
1.13043
1.1291
1.12776
1.12641
1.12505
1.12369
1.12233
1.12097
1.11962
1.11827
1.11694
1.11563
1.11433
1.11306
1.11181
1.11059
1.1094
1.10825
1.10713
1.10606
1.10503
1.10405
1.10311
1.10223
1.1014
1.10062
1.09989
1.09922
1.09861
1.09806
1.09757
1.09713
1.09676
1.09644
1.09618
1.09598
1.09584
1.09575
1.09571
1.09573
1.0958
1.09592
1.09609
1.0963
1.09655
1.09685
1.09718
1.09755
1.09795
1.09838
1.09884
1.09933
1.09984
1.10036
1.10091
1.10147
1.10205
1.10263
1.10322
1.10382
1.10442
1.10502
1.10563
1.10623
1.10682
1.10742
1.108
1.10858
1.10915
1.1097
1.11025
1.11078
1.11129
1.1118
1.11228
1.11275
1.11321
1.11364
1.11406
1.11447
1.11485
1.11522
1.11557
1.11591
1.11622
1.11652
1.1168
1.11707
1.11732
1.11756
1.11778
1.11798
1.11818
1.11836
1.11853
1.11869
1.11884
1.11899
1.11913
1.11926
1.11939
1.11952
1.11964
1.11977
1.1199
1.12003
1.12017
1.12032
1.12047
1.12064
1.12081
1.121
1.12121
1.12143
1.12168
1.12194
1.12222
1.12253
1.12286
1.12322
1.1236
1.12401
1.12445
1.12492
1.12542
1.12595
1.12652
1.12711
1.12773
1.12839
1.12907
1.12979
1.13053
1.13131
1.13211
1.13293
1.13378
1.13466
1.13556
1.13647
1.13741
1.13835
1.13932
1.14029
1.14127
1.14225
1.14324
1.14423
1.14521
1.14619
1.14716
1.14811
1.14905
1.14998
1.15088
1.15176
1.15261
1.15343
1.15422
1.15497
1.15569
1.15637
1.157
1.15759
1.15814
1.15864
1.15909
1.15948
1.15983
1.16012
1.16036
1.16054
1.16066
1.16073
1.16074
1.16069
1.16059
1.16043
1.16021
1.15994
1.15961
1.15922
1.15878
1.1583
1.15775
1.15716
1.15653
1.15584
1.15512
1.15435
1.15354
1.15269
1.15181
1.1509
1.14995
1.14898
1.14798
1.14696
1.14592
1.14487
1.1438
1.14271
1.14162
1.14053
1.13942
1.13832
1.13722
1.13612
1.13503
1.13394
1.13287
1.13181
1.13076
1.12973
1.12872
1.12773
1.12675
1.1258
1.12488
1.12398
1.1231
1.12226
1.12144
1.12065
1.11989
1.11915
1.11845
1.11778
1.11714
1.11653
1.11595
1.1154
1.11488
1.11439
1.11393
1.1135
1.1131
1.11273
1.11239
1.11207
1.11179
1.11153
1.1113
1.11109
1.11091
1.11075
1.11062
1.11051
1.11042
1.11035
1.1103
1.11027
1.11026
1.11027
1.11029
1.11033
1.11039
1.11046
1.11054
1.11064
1.11074
1.11086
1.11099
1.11112
1.11126
1.11141
1.11156
1.11171
1.11187
1.11203
1.11219
1.11234
1.1125
1.11266
1.11281
1.11295
1.11309
1.11322
1.11335
1.11347
1.11357
1.11366
1.11375
1.11382
1.11387
1.11391
1.11394
1.11394
1.11394
1.11391
1.11386
1.1138
1.11372
1.11361
1.11349
1.11334
1.11317
1.11298
1.11276
1.11252
1.11226
1.11198
1.11167
1.11135
1.11099
1.11062
1.11022
1.1098
1.10937
1.1089
1.10842
1.10792
1.1074
1.10686
1.1063
1.10573
1.10514
1.10453
1.10392
1.10329
1.10265
1.102
1.10134
1.10067
1.1
1.09933
1.09865
1.09797
1.0973
1.09663
1.09596
1.09529
1.09464
1.094
1.09337
1.09275
1.09214
1.09156
1.09099
1.09044
1.08991
1.08941
1.08894
1.08849
1.08807
1.08767
1.08731
1.08699
1.08669
1.08644
1.08621
1.08603
1.08588
1.08577
1.08571
1.08568
1.08569
1.08574
1.08584
1.08597
1.08614
1.08636
1.08662
1.08691
1.08725
1.08762
1.08804
1.08849
1.08897
1.08949
1.09005
1.09064
1.09127
1.09192
1.09261
1.09332
1.09406
1.09483
1.09562
1.09644
1.09727
1.09813
1.099
1.0999
1.10081
1.10173
1.10266
1.10361
1.10457
1.10553
1.10651
1.10748
1.10847
1.10946
1.11045
1.11144
1.11244
1.11344
1.11443
1.11543
1.11643
1.11742
1.11841
1.1194
1.12039
1.12138
1.12237
1.12335
1.12433
1.12532
1.1263
1.12728
1.12826
1.12924
1.13022
1.13121
1.13219
1.13318
1.13417
1.13516
1.13615
1.13715
1.13816
1.13917
1.14018
1.1412
1.14223
1.14326
1.14429
1.14534
1.14639
1.14744
1.14851
1.14957
1.15065
1.15173
1.15281
1.15389
1.15499
1.15608
1.15717
1.15827
1.15937
1.16046
1.16156
1.16265
1.16374
1.16482
1.1659
1.16697
1.16803
1.16908
1.17012
1.17115
1.17216
1.17316
1.17414
1.1751
1.17604
1.17696
1.17786
1.17873
1.17958
1.1804
1.18119
1.18195
1.18268
1.18338
1.18405
1.18468
1.18528
1.18584
1.18636
1.18685
1.1873
1.18771
1.18807
1.1884
1.18869
1.18894
1.18914
1.18931
1.18943
1.1895
1.18954
1.18953
1.18948
1.18939
1.18925
1.18907
1.18885
1.18859
1.18828
1.18793
1.18754
1.18711
1.18664
1.18613
1.18558
1.18499
1.18437
1.1837
1.183
1.18226
1.18149
1.18068
1.17985
1.17897
1.17807
1.17714
1.17618
1.17519
1.17417
1.17313
1.17206
1.17098
1.16987
1.16874
1.16759
1.16643
1.16525
1.16406
1.16286
1.16165
1.16043
1.1592
1.15798
1.15675
1.15552
1.1543
1.15308
1.15187
1.15067
1.14949
1.14831
1.14716
1.14602
1.1449
1.14381
1.14274
1.1417
1.14069
1.1397
1.13875
1.13783
1.13695
1.1361
1.13528
1.1345
1.13376
1.13306
1.1324
1.13177
1.13118
1.13063
1.13012
1.12964
1.1292
1.12879
1.12842
1.12808
1.12777
1.12749
1.12724
1.12703
1.12683
1.12666
1.12652
1.12639
1.12629
1.1262
1.12613
1.12608
1.12605
1.12603
1.12602
1.12602
1.12604
1.12606
1.1261
1.12614
1.12619
1.12626
1.12633
1.1264
1.12649
1.12658
1.12669
1.1268
1.12692
1.12704
1.12718
1.12733
1.12748
1.12765
1.12783
1.12802
1.12822
1.12844
1.12867
1.12891
1.12916
1.12943
1.12972
1.13002
1.13033
1.13067
1.13102
1.13139
1.13177
1.13217
1.13259
1.13303
1.13349
1.13397
1.13447
1.13499
1.13553
1.1361
1.13668
1.13728
1.13791
1.13856
1.13923
1.13992
1.14063
1.14136
1.14212
1.1429
1.1437
1.14452
1.14536
1.14623
1.14711
1.14802
1.14894
1.14989
1.15085
1.15184
1.15284
1.15385
1.15488
1.15593
1.15699
1.15807
1.15915
1.16025
1.16135
1.16247
1.16359
1.16471
1.16584
1.16697
1.1681
1.16923
1.17036
1.17149
1.17261
1.17372
1.17483
1.17592
1.17701
1.17808
1.17914
1.18019
1.18122
1.18223
1.18323
1.1842
1.18515
1.18608
1.18699
1.18788
1.18873
1.18957
1.19037
1.19115
1.1919
1.19262
1.19331
1.19398
1.19461
1.19521
1.19578
1.19631
1.19682
1.19729
1.19774
1.19814
1.19852
1.19886
1.19917
1.19945
1.19969
1.19991
1.20009
1.20023
1.20034
1.20043
1.20047
1.20049
1.20048
1.20043
1.20036
1.20025
1.20012
1.19995
1.19976
1.19954
1.19929
1.19902
1.19872
1.19839
1.19804
1.19766
1.19726
1.19684
1.1964
1.19594
1.19546
1.19496
1.19445
1.19392
1.19337
1.19281
1.19224
1.19165
1.19106
1.19046
1.18984
1.18923
1.18861
1.18798
1.18735
1.18672
1.18609
1.18545
1.18483
1.1842
1.18358
1.18296
1.18235
1.18175
1.18115
1.18057
1.18
1.17943
1.17888
1.17835
1.17783
1.17732
1.17683
1.17636
1.1759
1.17546
1.17504
1.17464
1.17426
1.1739
1.17356
1.17324
1.17294
1.17266
1.1724
1.17216
1.17195
1.17176
1.17159
1.17144
1.17131
1.1712
1.17112
1.17106
1.17101
1.17099
1.17099
1.17101
1.17105
1.1711
1.17118
1.17127
1.17138
1.17151
1.17166
1.17182
1.17199
1.17218
1.17238
1.17259
1.17282
1.17306
1.1733
1.17356
1.17383
1.1741
1.17438
1.17466
1.17495
1.17525
1.17555
1.17585
1.17616
1.17646
1.17677
1.17708
1.17738
1.17769
1.17799
1.17829
1.17859
1.17889
1.17918
1.17947
1.17975
1.18002
1.18029
1.18056
1.18082
1.18107
1.18132
1.18157
1.1818
1.18203
1.18226
1.18248
1.18269
1.18289
1.18309
1.18328
1.18347
1.18365
1.18382
1.18399
1.18415
1.1843
1.18444
1.18457
1.1847
1.18481
1.18492
1.18501
1.18509
1.18516
1.18522
1.18526
1.18529
1.18529
1.18529
1.18526
1.18521
1.18515
1.18506
1.18494
1.18481
1.18464
1.18445
1.18423
1.18398
1.1837
1.18339
1.18304
1.18266
1.18225
1.18179
1.18131
1.18078
1.18021
1.17961
1.17897
1.17828
1.17755
1.17679
1.17598
1.17513
1.17423
1.1733
1.17232
1.1713
1.17024
1.16915
1.16801
1.16683
1.16561
1.16436
1.16307
1.16174
1.16038
1.15899
1.15756
1.15611
1.15462
1.15311
1.15157
1.15001
1.14842
1.14682
1.1452
1.14356
1.1419
1.14024
1.13856
1.13688
1.13519
1.1335
1.1318
1.13012
1.12843
1.12676
1.12509
1.12343
1.12179
1.12017
1.11857
1.11699
1.11543
1.1139
1.1124
1.11093
1.1095
1.1081
1.10674
1.10541
1.10413
1.10289
1.10169
1.10054
1.09943
1.09837
1.09736
1.0964
1.09548
1.09462
1.0938
1.09304
1.09232
1.09165
1.09104
1.09046
1.08994
1.08946
1.08903
1.08865
1.0883
1.088
1.08774
1.08752
1.08734
1.0872
1.08709
1.08702
1.08698
1.08698
1.08701
1.08706
1.08715
1.08726
1.08739
1.08756
1.08774
1.08795
1.08817
1.08842
1.08869
1.08897
1.08927
1.08959
1.08992
1.09027
1.09064
1.09101
1.0914
1.09181
1.09222
1.09265
1.09309
1.09354
1.094
1.09447
1.09496
1.09546
1.09597
1.09649
1.09702
1.09757
1.09813
1.09871
1.0993
1.0999
1.10052
1.10115
1.1018
1.10247
1.10316
1.10386
1.10458
1.10533
1.10609
1.10688
1.10769
1.10852
1.10937
1.11025
1.11115
1.11208
1.11303
1.114
1.115
1.11602
1.11707
1.11814
1.11924
1.12036
1.12151
1.12268
1.12386
1.12508
1.12631
1.12756
1.12883
1.13011
1.13142
1.13273
1.13407
1.13541
1.13677
1.13813
1.1395
1.14088
1.14227
1.14365
1.14504
1.14643
1.14781
1.14919
1.15057
1.15194
1.1533
1.15466
1.156
1.15733
1.15865
1.15995
1.16124
1.16251
1.16376
1.16499
1.1662
1.16738
1.16854
1.16968
1.17079
1.17187
1.17292
1.17395
1.17494
1.1759
1.17683
1.17773
1.17859
1.17941
1.1802
1.18095
1.18166
1.18234
1.18297
1.18356
1.18411
1.18461
1.18508
1.18549
1.18586
1.18619
1.18646
1.18669
1.18687
1.187
1.18708
1.18711
1.18709
1.18701
1.18688
1.1867
1.18647
1.18618
1.18583
1.18544
1.18499
1.18448
1.18393
1.18331
1.18265
1.18193
1.18116
1.18034
1.17946
1.17854
1.17757
1.17655
1.17548
1.17437
1.17321
1.17202
1.17078
1.1695
1.16819
1.16685
1.16548
1.16408
1.16265
1.1612
1.15973
1.15824
1.15675
1.15524
1.15373
1.15221
1.1507
1.1492
1.1477
1.14622
1.14476
1.14332
1.14191
1.14052
1.13917
1.13786
1.1366
1.13537
1.1342
1.13309
1.13203
1.13103
1.13009
1.12922
1.12842
1.12769
1.12703
1.12644
1.12594
1.12551
1.12516
1.12489
1.12469
1.12458
1.12455
1.12459
1.12471
1.1249
1.12517
1.12551
1.12592
1.12639
1.12693
1.12754
1.1282
1.12891
1.12968
1.1305
1.13136
1.13227
1.13322
1.1342
1.13522
1.13627
1.13734
1.13844
1.13956
1.1407
1.14185
1.14302
1.14419
1.14538
1.14657
1.14776
1.14895
1.15015
1.15134
1.15253
1.15371
1.15488
1.15604
1.1572
1.15834
1.15947
1.16059
1.16169
1.16277
1.16384
1.16489
1.16592
1.16693
1.16792
1.16888
1.16982
1.17074
1.17163
1.17249
1.17332
1.17412
1.1749
1.17564
1.17634
1.17702
1.17765
1.17825
1.17881
1.17934
1.17982
1.18026
1.18066
1.18101
1.18132
1.18158
1.1818
1.18196
1.18207
1.18213
1.18214
1.18209
1.18199
1.18184
1.18162
1.18135
1.18102
1.18064
1.18019
1.17968
1.17911
1.17848
1.1778
1.17704
1.17623
1.17536
1.17443
1.17343
1.17238
1.17127
1.1701
1.16887
1.16758
1.16624
1.16485
1.1634
1.1619
1.16034
1.15874
1.15709
1.1554
1.15366
1.15188
1.15006
1.14821
1.14632
1.1444
1.14245
1.14047
1.13847
1.13645
1.13441
1.13236
1.1303
1.12823
1.12616
1.12408
1.12201
1.11994
1.11789
1.11585
1.11382
1.11182
1.10985
1.1079
1.10598
1.1041
1.10226
1.10046
1.09871
1.09701
1.09537
1.09378
1.09224
1.09078
1.08937
1.08804
1.08677
1.08558
1.08446
1.08342
1.08246
1.08158
1.08078
1.08006
1.07942
1.07887
1.0784
1.07802
1.07772
1.07751
1.07738
1.07733
1.07737
1.07749
1.07769
1.07797
1.07833
1.07877
1.07927
1.07986
1.08051
1.08122
1.08201
1.08286
1.08376
1.08473
1.08575
1.08682
1.08794
1.08911
1.09032
1.09157
1.09286
1.09419
1.09555
1.09693
1.09835
1.09979
1.10124
1.10272
1.10421
1.10571
1.10723
1.10875
1.11027
1.1118
1.11332
1.11484
1.11636
1.11787
1.11937
1.12085
1.12232
1.12378
1.12521
1.12663
1.12802
1.12939
1.13073
1.13204
1.13333
1.13458
1.13579
1.13698
1.13812
1.13923
1.14029
1.14132
1.1423
1.14324
1.14413
1.14498
1.14577
1.14652
1.14722
1.14786
1.14846
1.149
1.14948
1.1499
1.15027
1.15058
1.15084
1.15103
1.15116
1.15122
1.15123
1.15117
1.15105
1.15087
1.15062
1.1503
1.14993
1.14948
1.14897
1.1484
1.14776
1.14705
1.14628
1.14544
1.14454
1.14358
1.14255
1.14146
1.14032
1.13911
1.13784
1.13651
1.13513
1.13369
1.1322
1.13066
1.12907
1.12743
1.12574
1.12401
1.12224
1.12043
1.11858
1.1167
1.11478
1.11283
1.11086
1.10886
1.10683
1.10479
1.10273
1.10065
1.09857
1.09647
1.09436
1.09225
1.09014
1.08804
1.08593
1.08383
1.08174
1.07967
1.07761
1.07556
1.07354
1.07153
1.06956
1.06761
1.06569
1.06381
1.06196
1.06015
1.05839
1.05667
1.05499
1.05336
1.05179
1.05027
1.04881
1.04741
1.04607
1.0448
1.04359
1.04245
1.04139
1.04039
1.03947
1.03863
1.03786
1.03717
1.03656
1.03603
1.03558
1.0352
1.03491
1.0347
1.03456
1.03451
1.03453
1.03462
1.03479
1.03503
1.03533
1.03571
1.03614
1.03663
1.03718
1.03779
1.03844
1.03914
1.03988
1.04065
1.04146
1.0423
1.04317
1.04406
1.04496
1.04588
1.04681
1.04774
1.04868
1.04961
1.05055
1.05147
1.05238
1.05328
1.05416
1.05502
1.05586
1.05668
1.05748
1.05825
1.05899
1.0597
1.06038
1.06103
1.06165
1.06223
1.06279
1.06331
1.0638
1.06426
1.06468
1.06508
1.06545
1.06578
1.06609
1.06637
1.06663
1.06686
1.06706
1.06725
1.06741
1.06755
1.06767
1.06778
1.06787
1.06794
1.068
1.06805
1.06809
1.06812
1.06814
1.06815
1.06816
1.06816
1.06816
1.06815
1.06815
1.06814
1.06813
1.06812
1.06811
1.0681
1.0681
1.06809
1.06809
1.06809
1.06809
1.0681
1.06812
1.06813
1.06816
1.06819
1.06822
1.06826
1.06831
1.06837
1.06843
1.0685
1.06858
1.06866
1.06876
1.06887
1.06898
1.06911
1.06925
1.0694
1.06957
1.06975
1.06995
1.07016
1.07038
1.07063
1.07089
1.07117
1.07147
1.0718
1.07214
1.0725
1.07289
1.0733
1.07374
1.0742
1.07469
1.0752
1.07574
1.0763
1.0769
1.07752
1.07817
1.07885
1.07956
1.0803
1.08106
1.08185
1.08267
1.08352
1.08439
1.08529
1.08621
1.08716
1.08812
1.08911
1.09012
1.09114
1.09218
1.09323
1.09429
1.09537
1.09645
1.09753
1.09861
1.0997
1.10078
1.10185
1.10292
1.10397
1.10501
1.10602
1.10702
1.108
1.10894
1.10986
1.11074
1.11159
1.1124
1.11317
1.11389
1.11457
1.1152
1.11579
1.11631
1.11679
1.11721
1.11757
1.11788
1.11812
1.11831
1.11843
1.1185
1.1185
1.11843
1.11831
1.11813
1.11788
1.11758
1.11722
1.1168
1.11632
1.11579
1.11521
1.11457
1.11389
1.11316
1.11239
1.11157
1.11072
1.10984
1.10892
1.10798
1.10701
1.10601
1.10501
1.10398
1.10295
1.10191
1.10086
1.09981
1.09877
1.09774
1.09672
1.09571
1.09472
1.09376
1.09281
1.0919
1.09101
1.09016
1.08934
1.08856
1.08783
1.08713
1.08648
1.08587
1.0853
1.08479
1.08432
1.0839
1.08353
1.0832
1.08293
1.0827
1.08252
1.08238
1.08229
1.08225
1.08225
1.08229
1.08237
1.08249
1.08265
1.08284
1.08306
1.08332
1.08361
1.08392
1.08426
1.08463
1.08502
1.08542
1.08585
1.08629
1.08675
1.08722
1.0877
1.08819
1.08868
1.08918
1.08968
1.09019
1.09069
1.0912
1.09169
1.09219
1.09267
1.09315
1.09361
1.09407
1.09451
1.09493
1.09534
1.09573
1.09609
1.09644
1.09677
1.09707
1.09734
1.0976
1.09782
1.09801
1.09818
1.09831
1.09842
1.09849
1.09852
1.09853
1.09849
1.09843
1.09832
1.09818
1.098
1.09778
1.09753
1.09723
1.0969
1.09652
1.0961
1.09564
1.09514
1.0946
1.09402
1.0934
1.09274
1.09203
1.09128
1.09049
1.08966
1.08879
1.08788
1.08693
1.08594
1.0849
1.08383
1.08272
1.08157
1.08038
1.07915
1.07788
1.07658
1.07523
1.07386
1.07244
1.07099
1.06951
1.06799
1.06644
1.06486
1.06324
1.06159
1.05992
1.05821
1.05647
1.05471
1.05292
1.05111
1.04927
1.0474
1.04552
1.04361
1.04168
1.03973
1.03777
1.03579
1.03379
1.03178
1.02976
1.02774
1.0257
1.02366
1.02162
1.01957
1.01753
1.01549
1.01346
1.01144
1.00943
1.00744
1.00547
1.00352
1.0016
0.999712
0.997857
0.996042
0.99427
0.992546
0.990875
0.989261
0.987708
0.986221
0.984805
0.983464
0.982202
0.981024
0.979935
0.978939
0.97804
0.977241
0.976547
0.97596
0.975484
0.975121
0.974873
0.974743
0.974732
0.974841
0.975071
0.975423
0.975897
0.976492
0.977206
0.978039
0.978989
0.980054
0.981231
0.982518
0.983912
0.985409
0.987005
0.988698
0.990482
0.992354
0.994309
0.996342
0.99845
1.00063
1.00287
1.00517
1.00753
1.00994
1.01239
1.01488
1.01741
1.01997
1.02256
1.02517
1.0278
1.03044
1.03308
1.03573
1.03839
1.04103
1.04367
1.0463
1.04891
1.05151
1.05408
1.05662
1.05914
1.06163
1.06408
1.06649
1.06887
1.0712
1.07349
1.07573
1.07793
1.08007
1.08216
1.0842
1.08619
1.08812
1.09
1.09182
1.09359
1.0953
1.09695
1.09854
1.10007
1.10155
1.10297
1.10434
1.10565
1.1069
1.10811
1.10925
1.11035
1.11139
1.11239
1.11333
1.11422
1.11507
1.11587
1.11663
1.11734
1.11801
1.11864
1.11923
1.11978
1.12029
1.12076
1.1212
1.1216
1.12196
1.1223
1.1226
1.12286
1.1231
1.12331
1.12348
1.12363
1.12374
1.12383
1.12389
1.12392
1.12392
1.1239
1.12385
1.12377
1.12366
1.12353
1.12336
1.12318
1.12296
1.12272
1.12245
1.12215
1.12183
1.12148
1.1211
1.1207
1.12027
1.11981
1.11933
1.11883
1.11829
1.11774
1.11715
1.11655
1.11591
1.11526
1.11458
1.11388
1.11315
1.11241
1.11164
1.11085
1.11005
1.10923
1.10839
1.10753
1.10666
1.10577
1.10487
1.10396
1.10304
1.10211
1.10117
1.10023
1.09928
1.09832
1.09737
1.09641
1.09545
1.0945
1.09355
1.09261
1.09167
1.09075
1.08983
1.08893
1.08804
1.08717
1.08632
1.08548
1.08467
1.08388
1.08311
1.08238
1.08167
1.081
1.08036
1.07975
1.07918
1.07865
1.07816
1.07771
1.07731
1.07695
1.07664
1.07638
1.07616
1.076
1.07588
1.07582
1.07582
1.07586
1.07597
1.07612
1.07634
1.07661
1.07693
1.07731
1.07775
1.07824
1.07879
1.07939
1.08004
1.08075
1.08151
1.08233
1.08319
1.0841
1.08506
1.08607
1.08712
1.08822
1.08935
1.09053
1.09175
1.09301
1.0943
1.09562
1.09698
1.09836
1.09978
1.10122
1.10268
1.10417
1.10568
1.10721
1.10876
1.11032
1.1119
1.11349
1.11509
1.1167
1.11832
1.11994
1.12157
1.1232
1.12483
1.12646
1.12809
1.12971
1.13133
1.13294
1.13454
1.13613
1.1377
1.13926
1.1408
1.14232
1.14382
1.1453
1.14674
1.14816
1.14955
1.1509
1.15221
1.15349
1.15472
1.15591
1.15705
1.15814
1.15918
1.16016
1.16109
1.16195
1.16275
1.16349
1.16416
1.16476
1.16529
1.16574
1.16611
1.16641
1.16662
1.16675
1.1668
1.16676
1.16664
1.16642
1.16612
1.16573
1.16525
1.16468
1.16401
1.16326
1.16242
1.16148
1.16046
1.15935
1.15815
1.15687
1.1555
1.15405
1.15252
1.15092
1.14924
1.14749
1.14566
1.14378
1.14183
1.13983
1.13777
1.13566
1.13351
1.13132
1.12909
1.12684
1.12455
1.12225
1.11994
1.11761
1.11529
1.11296
1.11064
1.10834
1.10606
1.1038
1.10157
1.09938
1.09723
1.09512
1.09307
1.09107
1.08913
1.08726
1.08545
1.08372
1.08206
1.08049
1.07899
1.07758
1.07626
1.07502
1.07388
1.07282
1.07186
1.07099
1.07021
1.06952
1.06892
1.06842
1.068
1.06767
1.06742
1.06726
1.06719
1.06719
1.06726
1.06741
1.06763
1.06792
1.06826
1.06867
1.06914
1.06966
1.07023
1.07085
1.0715
1.0722
1.07294
1.0737
1.0745
1.07532
1.07616
1.07702
1.0779
1.07879
1.0797
1.08061
1.08152
1.08244
1.08335
1.08427
1.08518
1.08609
1.08699
1.08788
1.08876
1.08962
1.09047
1.09131
1.09213
1.09294
1.09372
1.09449
1.09523
1.09596
1.09666
1.09734
1.098
1.09864
1.09925
1.09983
1.1004
1.10094
1.10145
1.10194
1.10241
1.10285
1.10326
1.10365
1.10401
1.10435
1.10467
1.10496
1.10522
1.10546
1.10568
1.10587
1.10604
1.10619
1.10632
1.10642
1.1065
1.10657
1.10661
1.10664
1.10666
1.10665
1.10664
1.10661
1.10657
1.10652
1.10647
1.10641
1.10634
1.10627
1.10621
1.10614
1.10608
1.10602
1.10596
1.10592
1.10589
1.10587
1.10586
1.10587
1.10589
1.10594
1.106
1.10608
1.10619
1.10631
1.10646
1.10663
1.10682
1.10704
1.10728
1.10753
1.10781
1.10811
1.10842
1.10875
1.1091
1.10946
1.10983
1.11021
1.11059
1.11098
1.11138
1.11177
1.11217
1.11256
1.11294
1.11332
1.11368
1.11404
1.11438
1.1147
1.11501
1.1153
1.11557
1.11582
1.11604
1.11624
1.11642
1.11658
1.11671
1.11681
1.11689
1.11694
1.11696
1.11696
1.11693
1.11688
1.1168
1.11669
1.11656
1.1164
1.11622
1.11601
1.11577
1.11551
1.11522
1.11491
1.11457
1.11421
1.11382
1.1134
1.11296
1.11249
1.112
1.11147
1.11092
1.11034
1.10973
1.10909
1.10843
1.10773
1.107
1.10624
1.10545
1.10463
1.10378
1.1029
1.10199
1.10104
1.10006
1.09905
1.09801
1.09694
1.09584
1.09471
1.09356
1.09237
1.09116
1.08992
1.08866
1.08738
1.08607
1.08475
1.0834
1.08204
1.08066
1.07927
1.07786
1.07644
1.07502
1.07358
1.07214
1.07069
1.06924
1.06778
1.06633
1.06487
1.06342
1.06197
1.06052
1.05908
1.05764
1.05621
1.05479
1.05337
1.05197
1.05057
1.04919
1.04781
1.04645
1.0451
1.04377
1.04244
1.04114
1.03984
1.03857
1.0373
1.03606
1.03483
1.03362
1.03242
1.03125
1.03009
1.02895
1.02784
1.02674
1.02567
1.02461
1.02358
1.02258
1.0216
1.02064
1.01971
1.0188
1.01793
1.01708
1.01626
1.01547
1.01471
1.01399
1.01329
1.01263
1.012
1.01141
1.01085
1.01033
1.00985
1.0094
1.00899
1.00862
1.00829
1.00801
1.00776
1.00755
1.00738
1.00726
1.00718
1.00714
1.00714
1.00719
1.00728
1.00741
1.00759
1.0078
1.00806
1.00836
1.0087
1.00908
1.00949
1.00995
1.01045
1.01098
1.01154
1.01214
1.01277
1.01343
1.01412
1.01484
1.01558
1.01635
1.01713
1.01794
1.01876
1.0196
1.02046
1.02132
1.02219
1.02307
1.02396
1.02485
1.02574
1.02663
1.02751
1.02839
1.02926
1.03012
1.03097
1.0318
1.03263
1.03343
1.03422
1.03498
1.03573
1.03645
1.03715
1.03783
1.03848
1.0391
1.0397
1.04026
1.0408
1.04131
1.04179
1.04225
1.04267
1.04306
1.04342
1.04375
1.04405
1.04433
1.04457
1.04479
1.04498
1.04514
1.04527
1.04538
1.04547
1.04553
1.04557
1.04559
1.04558
1.04556
1.04551
1.04545
1.04537
1.04528
1.04517
1.04504
1.04491
1.04476
1.0446
1.04443
1.04426
1.04408
1.04389
1.0437
1.04351
1.04332
1.04313
1.04295
1.04277
1.0426
1.04243
1.04228
1.04214
1.04201
1.0419
1.04181
1.04174
1.0417
1.04168
1.04169
1.04173
1.04181
1.04192
1.04207
1.04226
1.0425
1.04278
1.04311
1.0435
1.04394
1.04443
1.04499
1.04561
1.04629
1.04705
1.04787
1.04876
1.04972
1.05076
1.05188
1.05307
1.05434
1.05569
1.05712
1.05863
1.06022
1.06189
1.06364
1.06547
1.06737
1.06935
1.07141
1.07353
1.07573
1.07799
1.08031
1.08269
1.08514
1.08763
1.09018
1.09277
1.0954
1.09807
1.10077
1.1035
1.10626
1.10904
1.11182
1.11462
1.11743
1.12023
1.12303
1.12582
1.12859
1.13135
1.13409
1.1368
1.13948
1.14212
1.14472
1.14728
1.1498
1.15227
1.15468
1.15704
1.15935
1.16159
1.16376
1.16588
1.16792
1.16989
1.17179
1.17361
1.17536
1.17703
1.17862
1.18014
1.18157
1.18291
1.18418
1.18536
1.18645
1.18747
1.18839
1.18923
1.18999
1.19066
1.19125
1.19175
1.19217
1.1925
1.19276
1.19293
1.19302
1.19304
1.19298
1.19285
1.19264
1.19236
1.19202
1.19161
1.19114
1.19061
1.19002
1.18938
1.18869
1.18795
1.18717
1.18636
1.18551
1.18462
1.18372
1.18279
1.18185
1.18089
1.17993
1.17896
1.178
1.17704
1.1761
1.17516
1.17425
1.17337
1.17251
1.17168
1.17089
1.17014
1.16943
1.16877
1.16815
1.16758
1.16707
1.16661
1.1662
1.16585
1.16555
1.16531
1.16513
1.165
1.16493
1.16491
1.16495
1.16503
1.16517
1.16536
1.16559
1.16587
1.16618
1.16654
1.16693
1.16736
1.16782
1.1683
1.16882
1.16935
1.1699
1.17047
1.17106
1.17165
1.17226
1.17287
1.17349
1.17411
1.17472
1.17534
1.17595
1.17655
1.17715
1.17773
1.17831
1.17887
1.17942
1.17995
1.18047
1.18097
1.18146
1.18192
1.18237
1.1828
1.18321
1.1836
1.18397
1.18432
1.18465
1.18497
1.18526
1.18554
1.18579
1.18603
1.18626
1.18646
1.18665
1.18683
1.18699
1.18714
1.18728
1.1874
1.18752
1.18762
1.18771
1.1878
1.18788
1.18795
1.18801
1.18807
1.18813
1.18818
1.18823
1.18828
1.18832
1.18837
1.18841
1.18846
1.1885
1.18855
1.1886
1.18865
1.1887
1.18876
1.18881
1.18887
1.18893
1.189
1.18906
1.18913
1.1892
1.18927
1.18935
1.18942
1.18949
1.18957
1.18964
1.18971
1.18978
1.18985
1.18992
1.18998
1.19003
1.19008
1.19013
1.19017
1.1902
1.19022
1.19023
1.19023
1.19022
1.1902
1.19017
1.19012
1.19005
1.18997
1.18987
1.18976
1.18962
1.18947
1.1893
1.18911
1.18889
1.18865
1.18839
1.1881
1.18779
1.18746
1.18709
1.18671
1.18629
1.18585
1.18538
1.18488
1.18435
1.18379
1.18321
1.1826
1.18195
1.18128
1.18058
1.17985
1.1791
1.17831
1.1775
1.17665
1.17578
1.17489
1.17396
1.17301
1.17204
1.17104
1.17001
1.16896
1.16789
1.16679
1.16568
1.16454
1.16338
1.1622
1.16101
1.1598
1.15857
1.15732
1.15606
1.15478
1.15349
1.15219
1.15088
1.14956
1.14823
1.14689
1.14554
1.14418
1.14282
1.14145
1.14008
1.13871
1.13733
1.13595
1.13457
1.13319
1.1318
1.13042
1.12904
1.12766
1.12629
1.12492
1.12355
1.12219
1.12083
1.11947
1.11813
1.11678
1.11545
1.11412
1.1128
1.11149
1.11019
1.10889
1.1076
1.10632
1.10506
1.1038
1.10255
1.10131
1.10008
1.09886
1.09765
1.09645
1.09526
1.09409
1.09292
1.09177
1.09063
1.0895
1.08838
1.08728
1.08619
1.08512
1.08405
1.083
1.08197
1.08095
1.07994
1.07896
1.07798
1.07703
1.07609
1.07517
1.07426
1.07338
1.07252
1.07167
1.07085
1.07005
1.06927
1.06852
1.06779
1.06708
1.0664
1.06575
1.06512
1.06452
1.06395
1.06341
1.0629
1.06243
1.06198
1.06157
1.06119
1.06085
1.06054
1.06026
1.06002
1.05982
1.05965
1.05952
1.05943
1.05938
1.05936
1.05938
1.05944
1.05953
1.05966
1.05983
1.06003
1.06028
1.06055
1.06087
1.06122
1.0616
1.06202
1.06248
1.06297
1.06349
1.06404
1.06463
1.06525
1.0659
1.06658
1.06729
1.06803
1.06879
1.06959
1.07041
1.07125
1.07212
1.07301
1.07393
1.07487
1.07582
1.0768
1.07779
1.0788
1.07983
1.08087
1.08192
1.08299
1.08407
1.08516
1.08625
1.08736
1.08847
1.08958
1.0907
1.09183
1.09295
1.09408
1.0952
1.09633
1.09745
1.09857
1.09968
1.10079
1.10189
1.10299
1.10408
1.10516
1.10623
1.10729
1.10834
1.10938
1.1104
1.11142
1.11242
1.11341
1.11438
1.11534
1.11628
1.11721
1.11812
1.11901
1.11989
1.12076
1.1216
1.12243
1.12324
1.12403
1.1248
1.12556
1.1263
1.12701
1.12771
1.12839
1.12904
1.12968
1.13029
1.13089
1.13146
1.13201
1.13254
1.13304
1.13352
1.13398
1.13441
1.13482
1.1352
1.13556
1.13589
1.1362
1.13647
1.13672
1.13695
1.13715
1.13732
1.13746
1.13758
1.13766
1.13773
1.13776
1.13777
1.13775
1.1377
1.13763
1.13753
1.13741
1.13726
1.13708
1.13689
1.13667
1.13642
1.13616
1.13588
1.13558
1.13526
1.13492
1.13457
1.13421
1.13383
1.13343
1.13303
1.13262
1.1322
1.13178
1.13135
1.13092
1.13049
1.13005
1.12962
1.12919
1.12876
1.12834
1.12793
1.12752
1.12712
1.12673
1.12635
1.12599
1.12563
1.12529
1.12496
1.12465
1.12435
1.12407
1.1238
1.12355
1.12332
1.1231
1.1229
1.12271
1.12254
1.12238
1.12223
1.1221
1.12198
1.12187
1.12177
1.12168
1.1216
1.12153
1.12146
1.1214
1.12134
1.12128
1.12122
1.12117
1.12111
1.12105
1.12098
1.12091
1.12083
1.12074
1.12064
1.12053
1.12041
1.12027
1.12012
1.11996
1.11977
1.11957
1.11935
1.11911
1.11885
1.11856
1.11826
1.11793
1.11758
1.11721
1.11681
1.11638
1.11593
1.11546
1.11496
1.11444
1.11389
1.11332
1.11272
1.11209
1.11144
1.11077
1.11007
1.10935
1.10861
1.10784
1.10705
1.10623
1.1054
1.10455
1.10367
1.10278
1.10186
1.10093
1.09999
1.09902
1.09805
1.09706
1.09605
1.09503
1.09401
1.09297
1.09192
1.09086
1.08979
1.08872
1.08764
1.08656
1.08547
1.08438
1.08329
1.0822
1.08111
1.08002
1.07894
1.07787
1.0768
1.07573
1.07468
1.07364
1.07261
1.07159
1.07059
1.06961
1.06864
1.06769
1.06677
1.06586
1.06498
1.06413
1.0633
1.0625
1.06173
1.061
1.06029
1.05962
1.05899
1.05839
1.05783
1.05731
1.05683
1.05638
1.05598
1.05562
1.0553
1.05503
1.0548
1.05461
1.05446
1.05436
1.05429
1.05427
1.0543
1.05436
1.05446
1.0546
1.05478
1.05499
1.05524
1.05552
1.05584
1.05618
1.05655
1.05695
1.05738
1.05782
1.05829
1.05877
1.05928
1.05979
1.06032
1.06086
1.06141
1.06196
1.06252
1.06308
1.06364
1.06419
1.06474
1.06529
1.06583
1.06636
1.06688
1.06739
1.06789
1.06837
1.06884
1.06929
1.06972
1.07014
1.07054
1.07092
1.07128
1.07162
1.07194
1.07224
1.07252
1.07278
1.07303
1.07325
1.07346
1.07365
1.07382
1.07398
1.07412
1.07425
1.07436
1.07446
1.07455
1.07462
1.07469
1.07475
1.0748
1.07485
1.07489
1.07492
1.07495
1.07498
1.07501
1.07503
1.07506
1.07509
1.07512
1.07515
1.07519
1.07523
1.07527
1.07532
1.07538
1.07544
1.07551
1.07559
1.07568
1.07577
1.07588
1.07599
1.07611
1.07624
1.07638
1.07652
1.07668
1.07684
1.07701
1.07719
1.07738
1.07758
1.07778
1.07799
1.07821
1.07843
1.07866
1.07889
1.07913
1.07937
1.07961
1.07986
1.08011
1.08035
1.0806
1.08085
1.0811
1.08135
1.08159
1.08183
1.08207
1.08231
1.08253
1.08276
1.08298
1.08319
1.08339
1.08359
1.08378
1.08396
1.08414
1.0843
1.08446
1.0846
1.08474
1.08486
1.08498
1.08508
1.08518
1.08527
1.08535
1.08542
1.08548
1.08553
1.08557
1.08561
1.08564
1.08566
1.08568
1.08569
1.0857
1.08571
1.08572
1.08572
1.08573
1.08573
1.08574
1.08576
1.08578
1.0858
1.08584
1.08589
1.08595
1.08602
1.0861
1.08621
1.08633
1.08647
1.08663
1.08682
1.08703
1.08726
1.08752
1.08781
1.08813
1.08848
1.08886
1.08927
1.08972
1.09021
1.09073
1.09129
1.09189
1.09252
1.0932
1.09392
1.09468
1.09547
1.09631
1.0972
1.09812
1.09908
1.10009
1.10113
1.10222
1.10334
1.1045
1.1057
1.10693
1.1082
1.1095
1.11084
1.1122
1.11359
1.11501
1.11645
1.11792
1.11941
1.12091
1.12243
1.12397
1.12552
1.12708
1.12865
1.13022
1.1318
1.13338
1.13496
1.13654
1.13811
1.13968
1.14123
1.14278
1.14431
1.14583
1.14734
1.14882
1.15029
1.15174
1.15316
1.15456
1.15594
1.15729
1.15862
1.15991
1.16118
1.16242
1.16363
1.1648
1.16595
1.16706
1.16814
1.16918
1.17019
1.17117
1.17211
1.17302
1.1739
1.17474
1.17554
1.17631
1.17704
1.17774
1.17841
1.17904
1.17963
1.18019
1.18072
1.18121
1.18167
1.18209
1.18248
1.18284
1.18316
1.18346
1.18372
1.18394
1.18414
1.1843
1.18443
1.18454
1.18461
1.18465
1.18466
1.18464
1.18459
1.18451
1.1844
1.18426
1.1841
1.1839
1.18368
1.18343
1.18316
1.18286
1.18253
1.18218
1.1818
1.1814
1.18097
1.18052
1.18005
1.17955
1.17903
1.17849
1.17793
1.17735
1.17674
1.17612
1.17548
1.17482
1.17415
1.17345
1.17274
1.17202
1.17128
1.17053
1.16977
1.16899
1.1682
1.1674
1.16658
1.16576
1.16493
1.16409
1.16324
1.16238
1.16151
1.16064
1.15976
1.15887
1.15797
1.15707
1.15616
1.15525
1.15432
1.15339
1.15245
1.15151
1.15055
1.14959
1.14862
1.14763
1.14664
1.14563
1.14461
1.14358
1.14253
1.14147
1.14039
1.13929
1.13817
1.13703
1.13588
1.1347
1.1335
1.13228
1.13103
1.12975
1.12845
1.12713
1.12577
1.12439
1.12298
1.12155
1.12008
1.11858
1.11706
1.11551
1.11392
1.11231
1.11068
1.10902
1.10733
1.10561
1.10388
1.10212
1.10033
1.09853
1.09671
1.09488
1.09302
1.09116
1.08928
1.0874
1.08551
1.08362
1.08173
1.07983
1.07795
1.07607
1.0742
1.07234
1.0705
1.06868
1.06689
1.06512
1.06338
1.06167
1.06
1.05837
1.05678
1.05523
1.05374
1.05229
1.0509
1.04957
1.0483
1.04709
1.04595
1.04487
1.04387
1.04294
1.04208
1.0413
1.04059
1.03996
1.03941
1.03894
1.03856
1.03825
1.03802
1.03788
1.03782
1.03783
1.03793
1.0381
1.03836
1.03869
1.03909
1.03957
1.04012
1.04075
1.04143
1.04219
1.04301
1.04389
1.04483
1.04582
1.04687
1.04797
1.04912
1.05031
1.05155
1.05283
1.05414
1.0555
1.05688
1.0583
1.05974
1.06121
1.06271
1.06422
1.06576
1.06731
1.06888
1.07046
1.07205
1.07366
1.07527
1.07689
1.07852
1.08015
1.08179
1.08343
1.08507
1.08671
1.08836
1.09
1.09164
1.09328
1.09491
1.09654
1.09817
1.09979
1.10141
1.10301
1.10461
1.10621
1.10779
1.10936
1.11093
1.11248
1.11402
1.11554
1.11705
1.11855
1.12003
1.12149
1.12294
1.12436
1.12576
1.12714
1.1285
1.12983
1.13114
1.13242
1.13367
1.13489
1.13608
1.13724
1.13837
1.13946
1.14051
1.14153
1.1425
1.14344
1.14434
1.1452
1.14602
1.1468
1.14753
1.14822
1.14887
1.14947
1.15003
1.15054
1.15101
1.15144
1.15182
1.15216
1.15245
1.1527
1.1529
1.15306
1.15318
1.15326
1.1533
1.15329
1.15325
1.15316
1.15304
1.15288
1.15268
1.15245
1.15218
1.15187
1.15153
1.15116
1.15076
1.15033
1.14987
1.14938
1.14886
1.14831
1.14774
1.14714
1.14652
1.14588
1.14522
1.14453
1.14383
1.1431
1.14236
1.1416
1.14082
1.14002
1.13922
1.13839
1.13756
1.13671
1.13585
1.13498
1.1341
1.13321
1.13231
1.13141
1.1305
1.12959
1.12867
1.12774
1.12682
1.12589
1.12496
1.12402
1.12309
1.12216
1.12123
1.1203
1.11938
1.11846
1.11755
1.11665
1.11575
1.11486
1.11398
1.11311
1.11226
1.11141
1.11058
1.10976
1.10896
1.10818
1.10741
1.10666
1.10593
1.10522
1.10453
1.10386
1.10322
1.1026
1.10201
1.10145
1.10091
1.10039
1.09991
1.09946
1.09904
1.09864
1.09828
1.09795
1.09765
1.09739
1.09715
1.09695
1.09679
1.09665
1.09655
1.09648
1.09645
1.09644
1.09647
1.09652
1.09661
1.09672
1.09687
1.09704
1.09723
1.09746
1.0977
1.09797
1.09826
1.09858
1.0989
1.09925
1.09961
1.09998
1.10037
1.10076
1.10117
1.10157
1.10199
1.1024
1.10282
1.10323
1.10364
1.10405
1.10445
1.10483
1.10521
1.10557
1.10592
1.10625
1.10656
1.10686
1.10713
1.10737
1.10759
1.10779
1.10795
1.10809
1.10819
1.10827
1.1083
1.10831
1.10828
1.10821
1.10811
1.10796
1.10778
1.10756
1.10731
1.10701
1.10667
1.1063
1.10588
1.10543
1.10493
1.1044
1.10383
1.10321
1.10257
1.10188
1.10116
1.1004
1.09961
1.09878
1.09792
1.09703
1.09611
1.09515
1.09417
1.09316
1.09213
1.09107
1.08999
1.08888
1.08776
1.08662
1.08547
1.0843
1.08312
1.08192
1.08072
1.07951
1.0783
1.07708
1.07587
1.07465
1.07344
1.07224
1.07105
1.06986
1.06869
1.06753
1.0664
1.06528
1.06418
1.06311
1.06207
1.06105
1.06007
1.05912
1.05821
1.05733
1.0565
1.05571
1.05496
1.05426
1.05361
1.053
1.05245
1.05195
1.05151
1.05112
1.05078
1.05051
1.05029
1.05013
1.05003
1.04998
1.05
1.05008
1.05021
1.0504
1.05065
1.05096
1.05132
1.05173
1.0522
1.05272
1.05328
1.0539
1.05456
1.05527
1.05601
1.0568
1.05762
1.05847
1.05936
1.06028
1.06122
1.06218
1.06317
1.06417
1.06519
1.06621
1.06725
1.06829
1.06934
1.07038
1.07142
1.07246
1.07348
1.0745
1.0755
1.07649
1.07746
1.07841
1.07934
1.08024
1.08111
1.08196
1.08277
1.08356
1.08431
1.08502
1.0857
1.08634
1.08694
1.08751
1.08803
1.08851
1.08894
1.08934
1.08969
1.08999
1.09026
1.09047
1.09065
1.09077
1.09086
1.0909
1.09089
1.09084
1.09075
1.09061
1.09043
1.09021
1.08994
1.08964
1.08929
1.08891
1.08848
1.08802
1.08752
1.08698
1.08641
1.08581
1.08517
1.08451
1.08381
1.08308
1.08233
1.08156
1.08076
1.07993
1.07909
1.07823
1.07735
1.07646
1.07555
1.07463
1.0737
1.07276
1.07182
1.07087
1.06992
1.06897
1.06802
1.06707
1.06613
1.06519
1.06426
1.06334
1.06244
1.06154
1.06066
1.0598
1.05895
1.05812
1.05731
1.05652
1.05575
1.05501
1.05429
1.05359
1.05291
1.05226
1.05164
1.05104
1.05047
1.04992
1.0494
1.0489
1.04843
1.04799
1.04758
1.04719
1.04682
1.04648
1.04617
1.04588
1.04562
1.04538
1.04516
1.04497
1.0448
1.04466
1.04454
1.04444
1.04436
1.04431
1.04428
1.04428
1.0443
1.04434
1.0444
1.04449
1.0446
1.04474
1.0449
1.04508
1.04529
1.04552
1.04578
1.04606
1.04636
1.04669
1.04705
1.04743
1.04783
1.04826
1.04871
1.04918
1.04968
1.0502
1.05075
1.05132
1.05191
1.05252
1.05316
1.05382
1.05449
1.05519
1.05591
1.05664
1.0574
1.05817
1.05896
1.05977
1.06059
1.06143
1.06228
1.06315
1.06403
1.06493
1.06583
1.06675
1.06768
1.06863
1.06958
1.07055
1.07153
1.07252
1.07352
1.07453
1.07555
1.07658
1.07762
1.07866
1.07972
1.08079
1.08186
1.08294
1.08403
1.08512
1.08622
1.08732
1.08842
1.08953
1.09064
1.09175
1.09286
1.09396
1.09507
1.09617
1.09726
1.09835
1.09943
1.1005
1.10155
1.1026
1.10363
1.10464
1.10564
1.10661
1.10757
1.1085
1.10941
1.11029
1.11115
1.11197
1.11277
1.11354
1.11428
1.11498
1.11565
1.11629
1.11689
1.11745
1.11798
1.11847
1.11893
1.11934
1.11972
1.12005
1.12035
1.12061
1.12082
1.121
1.12113
1.12123
1.12128
1.1213
1.12127
1.1212
1.12109
1.12094
1.12075
1.12052
1.12025
1.11994
1.11959
1.11919
1.11876
1.11829
1.11778
1.11723
1.11664
1.11602
1.11536
1.11466
1.11393
1.11316
1.11235
1.11152
1.11065
1.10975
1.10881
1.10785
1.10686
1.10584
1.10479
1.10372
1.10262
1.10151
1.10037
1.09921
1.09803
1.09684
1.09563
1.09441
1.09318
1.09194
1.09069
1.08943
1.08817
1.0869
1.08564
1.08437
1.08311
1.08185
1.08059
1.07935
1.07811
1.07688
1.07567
1.07447
1.07328
1.07211
1.07096
1.06983
1.06871
1.06762
1.06655
1.06551
1.06449
1.0635
1.06254
1.0616
1.06069
1.05981
1.05896
1.05814
1.05734
1.05658
1.05585
1.05515
1.05448
1.05384
1.05323
1.05265
1.05209
1.05157
1.05108
1.05061
1.05017
1.04975
1.04936
1.049
1.04866
1.04834
1.04804
1.04776
1.04751
1.04727
1.04705
1.04685
1.04666
1.04649
1.04633
1.04619
1.04606
1.04594
1.04584
1.04574
1.04566
1.04559
1.04554
1.04549
1.04546
1.04543
1.04542
1.04543
1.04544
1.04547
1.04551
1.04557
1.04565
1.04575
1.04586
1.046
1.04615
1.04633
1.04653
1.04676
1.04702
1.0473
1.04761
1.04796
1.04833
1.04874
1.04918
1.04965
1.05016
1.0507
1.05128
1.0519
1.05255
1.05324
1.05396
1.05471
1.0555
1.05632
1.05717
1.05806
1.05897
1.05991
1.06088
1.06186
1.06287
1.0639
1.06495
1.066
1.06707
1.06815
1.06923
1.07032
1.0714
1.07248
1.07356
1.07462
1.07568
1.07672
1.07774
1.07874
1.07972
1.08068
1.08161
1.08251
1.08338
1.08422
1.08502
1.08579
1.08652
1.08721
1.08787
1.08848
1.08906
1.0896
1.0901
1.09055
1.09097
1.09135
1.09169
1.092
1.09227
1.0925
1.0927
1.09286
1.09299
1.09309
1.09316
1.09321
1.09322
1.09322
1.09319
1.09314
1.09307
1.09298
1.09287
1.09276
1.09262
1.09248
1.09233
1.09216
1.092
1.09182
1.09164
1.09146
1.09127
1.09109
1.0909
1.09072
1.09054
1.09036
1.09018
1.09001
1.08985
1.08969
1.08953
1.08938
1.08924
1.08911
1.08898
1.08886
1.08875
1.08865
1.08856
1.08847
1.0884
1.08833
1.08827
1.08822
1.08818
1.08815
1.08812
1.0881
1.08809
1.08809
1.08809
1.0881
1.08812
1.08814
1.08817
1.0882
1.08824
1.08828
1.08832
1.08837
1.08842
1.08848
1.08853
1.0886
1.08866
1.08872
1.08879
1.08885
1.08892
1.08899
1.08906
1.08913
1.0892
1.08927
1.08934
1.08941
1.08949
1.08956
1.08963
1.0897
1.08976
1.08983
1.0899
1.08997
1.09003
1.0901
1.09016
1.09023
1.09029
1.09035
1.09041
1.09047
1.09052
1.09057
1.09062
1.09067
1.09071
1.09075
1.09078
1.09081
1.09083
1.09085
1.09086
1.09086
1.09085
1.09084
1.09081
1.09077
1.09073
1.09067
1.09059
1.0905
1.0904
1.09028
1.09015
1.08999
1.08982
1.08963
1.08942
1.08919
1.08893
1.08866
1.08836
1.08804
1.08769
1.08732
1.08693
1.08651
1.08607
1.0856
1.08511
1.0846
1.08406
1.08349
1.08291
1.0823
1.08167
1.08103
1.08036
1.07967
1.07897
1.07825
1.07751
1.07677
1.07601
1.07524
1.07446
1.07368
1.07289
1.0721
1.07131
1.07052
1.06974
1.06896
1.06819
1.06742
1.06667
1.06593
1.0652
1.06449
1.0638
1.06313
1.06247
1.06184
1.06124
1.06065
1.0601
1.05956
1.05906
1.05858
1.05813
1.05771
1.05731
1.05695
1.0566
1.05629
1.056
1.05574
1.05551
1.0553
1.05511
1.05495
1.05481
1.05469
1.05459
1.05451
1.05444
1.0544
1.05437
1.05435
1.05435
1.05436
1.05437
1.0544
1.05444
1.05448
1.05453
1.05458
1.05464
1.0547
1.05476
1.05483
1.05489
1.05495
1.05502
1.05508
1.05514
1.0552
1.05526
1.05531
1.05536
1.05541
1.05546
1.0555
1.05555
1.05559
1.05563
1.05566
1.0557
1.05574
1.05578
1.05582
1.05586
1.0559
1.05595
1.056
1.05606
1.05612
1.05619
1.05627
1.05636
1.05646
1.05657
1.05669
1.05683
1.05698
1.05715
1.05733
1.05753
1.05775
1.05799
1.05825
1.05853
1.05883
1.05916
1.0595
1.05986
1.06025
1.06066
1.06109
1.06155
1.06202
1.06252
1.06303
1.06357
1.06413
1.0647
1.0653
1.06591
1.06653
1.06717
1.06783
1.06849
1.06917
1.06985
1.07054
1.07123
1.07193
1.07262
1.07332
1.07401
1.07469
1.07537
1.07603
1.07669
1.07732
1.07795
1.07855
1.07913
1.07969
1.08022
1.08073
1.0812
1.08165
1.08206
1.08243
1.08277
1.08307
1.08333
1.08355
1.08373
1.08386
1.08395
1.08399
1.08399
1.08394
1.08384
1.0837
1.0835
1.08326
1.08297
1.08264
1.08226
1.08183
1.08135
1.08083
1.08027
1.07967
1.07902
1.07833
1.07761
1.07684
1.07605
1.07522
1.07435
1.07346
1.07254
1.0716
1.07063
1.06964
1.06863
1.06761
1.06657
1.06553
1.06447
1.06341
1.06234
1.06127
1.0602
1.05913
1.05807
1.05702
1.05598
1.05494
1.05392
1.05292
1.05193
1.05096
1.05001
1.04909
1.04818
1.0473
1.04645
1.04562
1.04482
1.04405
1.0433
1.04259
1.04191
1.04126
1.04064
1.04005
1.0395
1.03897
1.03848
1.03803
1.0376
1.03721
1.03685
1.03652
1.03623
1.03597
1.03574
1.03554
1.03537
1.03523
1.03512
1.03504
1.035
1.03498
1.03499
1.03503
1.0351
1.03519
1.03532
1.03546
1.03564
1.03584
1.03607
1.03632
1.0366
1.0369
1.03722
1.03757
1.03794
1.03833
1.03874
1.03918
1.03963
1.0401
1.04059
1.0411
1.04163
1.04218
1.04274
1.04331
1.0439
1.04451
1.04512
1.04575
1.0464
1.04705
1.04771
1.04838
1.04906
1.04975
1.05045
1.05116
1.05187
1.05259
1.05331
1.05403
1.05477
1.0555
1.05624
1.05698
1.05772
1.05846
1.0592
1.05995
1.06069
1.06144
1.06218
1.06293
1.06367
1.06442
1.06516
1.06591
1.06665
1.06739
1.06814
1.06888
1.06962
1.07036
1.07111
1.07185
1.07259
1.07334
1.07409
1.07483
1.07558
1.07634
1.07709
1.07785
1.07861
1.07938
1.08015
1.08093
1.08171
1.08249
1.08329
1.08409
1.08489
1.0857
1.08653
1.08735
1.08819
1.08904
1.08989
1.09075
1.09162
1.0925
1.09339
1.09428
1.09519
1.0961
1.09702
1.09795
1.09888
1.09983
1.10077
1.10173
1.10269
1.10366
1.10463
1.10561
1.10659
1.10757
1.10856
1.10954
1.11053
1.11152
1.11251
1.1135
1.11448
1.11547
1.11645
1.11743
1.1184
1.11936
1.12032
1.12127
1.12221
1.12315
1.12407
1.12498
1.12588
1.12677
1.12765
1.12851
1.12936
1.13019
1.13101
1.1318
1.13259
1.13335
1.1341
1.13482
1.13553
1.13622
1.13688
1.13752
1.13814
1.13874
1.13932
1.13987
1.1404
1.1409
1.14138
1.14183
1.14226
1.14267
1.14304
1.1434
1.14372
1.14402
1.14429
1.14454
1.14476
1.14496
1.14512
1.14526
1.14538
1.14547
1.14554
1.14557
1.14559
1.14558
1.14554
1.14549
1.1454
1.1453
1.14518
1.14503
1.14486
1.14468
1.14447
1.14425
1.14401
1.14376
1.14349
1.1432
1.14291
1.1426
1.14228
1.14195
1.14161
1.14127
1.14092
1.14057
1.14021
1.13985
1.13949
1.13913
1.13877
1.13841
1.13806
1.13771
1.13737
1.13703
1.1367
1.13638
1.13607
1.13576
1.13547
1.13519
1.13491
1.13465
1.13441
1.13417
1.13395
1.13374
1.13354
1.13335
1.13318
1.13302
1.13287
1.13274
1.13262
1.13251
1.13241
1.13233
1.13225
1.13219
1.13214
1.1321
1.13207
1.13205
1.13204
1.13204
1.13205
1.13207
1.13209
1.13213
1.13217
1.13223
1.13229
1.13235
1.13243
1.13251
1.1326
1.1327
1.1328
1.13292
1.13304
1.13316
1.1333
1.13344
1.13359
1.13375
1.13392
1.1341
1.13428
1.13447
1.13468
1.13489
1.13511
1.13534
1.13558
1.13583
1.13609
1.13636
1.13664
1.13693
1.13723
1.13753
1.13785
1.13817
1.1385
1.13884
1.13919
1.13954
1.1399
1.14026
1.14063
1.141
1.14137
1.14175
1.14213
1.14251
1.14288
1.14326
1.14364
1.14401
1.14437
1.14473
1.14509
1.14543
1.14577
1.1461
1.14642
1.14672
1.14702
1.1473
1.14756
1.14781
1.14804
1.14826
1.14845
1.14863
1.14879
1.14892
1.14904
1.14913
1.1492
1.14924
1.14926
1.14926
1.14924
1.14918
1.14911
1.149
1.14887
1.14872
1.14854
1.14833
1.14809
1.14783
1.14754
1.14722
1.14688
1.1465
1.1461
1.14567
1.14521
1.14473
1.14422
1.14368
1.14311
1.14251
1.14189
1.14124
1.14056
1.13985
1.13912
1.13836
1.13758
1.13677
1.13593
1.13507
1.13418
1.13326
1.13233
1.13137
1.13038
1.12938
1.12835
1.12731
1.12624
1.12516
1.12405
1.12293
1.12179
1.12064
1.11948
1.1183
1.11711
1.11591
1.1147
1.11348
1.11226
1.11104
1.10981
1.10859
1.10736
1.10614
1.10492
1.10371
1.10251
1.10131
1.10013
1.09897
1.09782
1.09668
1.09557
1.09447
1.0934
1.09236
1.09133
1.09033
1.08936
1.08842
1.08751
1.08663
1.08578
1.08496
1.08417
1.08341
1.08269
1.082
1.08135
1.08073
1.08014
1.07958
1.07906
1.07857
1.07812
1.07769
1.0773
1.07694
1.07661
1.07631
1.07604
1.0758
1.07559
1.07541
1.07525
1.07512
1.07502
1.07494
1.07489
1.07486
1.07486
1.07487
1.07491
1.07498
1.07506
1.07517
1.07529
1.07544
1.0756
1.07579
1.076
1.07622
1.07646
1.07672
1.077
1.0773
1.07761
1.07794
1.07829
1.07866
1.07904
1.07944
1.07985
1.08029
1.08073
1.0812
1.08168
1.08218
1.08269
1.08321
1.08376
1.08432
1.08489
1.08548
1.08608
1.08669
1.08732
1.08796
1.08861
1.08927
1.08995
1.09063
1.09133
1.09203
1.09274
1.09346
1.09418
1.09491
1.09564
1.09638
1.09712
1.09786
1.0986
1.09934
1.10007
1.1008
1.10153
1.10225
1.10295
1.10365
1.10434
1.10502
1.10568
1.10633
1.10696
1.10757
1.10816
1.10873
1.10928
1.1098
1.1103
1.11076
1.1112
1.11161
1.11199
1.11233
1.11264
1.11292
1.11316
1.11336
1.11352
1.11364
1.11372
1.11376
1.11376
1.11371
1.11361
1.11348
1.11329
1.11306
1.11279
1.11247
1.1121
1.11168
1.11123
1.11072
1.11017
1.10958
1.10895
1.10827
1.10755
1.1068
1.106
1.10518
1.10432
1.10343
1.10251
1.10157
1.10061
1.09963
1.09863
1.09762
1.09661
1.09559
1.09457
1.09356
1.09256
1.09157
1.0906
1.08965
1.08874
1.08785
1.087
1.08619
1.08542
1.0847
1.08404
1.08343
1.08288
1.08239
1.08197
1.08161
1.08132
1.08111
1.08096
1.08088
1.08088
1.08095
1.08109
1.0813
1.08158
1.08193
1.08234
1.08282
1.08336
1.08395
1.08459
1.08529
1.08603
1.08681
1.08763
1.08849
1.08937
1.09027
1.0912
1.09214
1.09309
1.09404
1.095
1.09596
1.0969
1.09784
1.09876
1.09967
1.10055
1.10141
1.10225
1.10305
1.10382
1.10456
1.10527
1.10593
1.10656
1.10716
1.10771
1.10822
1.10869
1.10913
1.10952
1.10988
1.11019
1.11047
1.11072
1.11093
1.11111
1.11126
1.11137
1.11147
1.11153
1.11158
1.1116
1.1116
1.11159
1.11156
1.11153
1.11148
1.11144
1.11138
1.11133
1.11128
1.11124
1.11121
1.11118
1.11117
1.11118
1.1112
1.11124
1.11131
1.1114
1.11151
1.11165
1.11182
1.11202
1.11226
1.11252
1.11282
1.11315
1.11352
1.11392
1.11436
1.11483
1.11533
1.11587
1.11645
1.11706
1.11769
1.11836
1.11906
1.11978
1.12054
1.12131
1.12211
1.12293
1.12377
1.12462
1.12549
1.12637
1.12726
1.12816
1.12906
1.12996
1.13087
1.13177
1.13267
1.13357
1.13445
1.13533
1.13619
1.13704
1.13787
1.13868
1.13948
1.14025
1.141
1.14173
1.14243
1.1431
1.14375
1.14437
1.14496
1.14552
1.14605
1.14654
1.14701
1.14744
1.14784
1.14821
1.14855
1.14885
1.14912
1.14936
1.14957
1.14974
1.14989
1.15
1.15008
1.15014
1.15016
1.15016
1.15012
1.15006
1.14998
1.14987
1.14973
1.14957
1.14938
1.14918
1.14895
1.14869
1.14842
1.14812
1.14781
1.14747
1.14712
1.14674
1.14634
1.14593
1.14549
1.14504
1.14456
1.14407
1.14355
1.14302
1.14247
1.14189
1.1413
1.14068
1.14005
1.1394
1.13872
1.13803
1.13732
1.13659
1.13584
1.13508
1.13429
1.1335
1.13268
1.13186
1.13102
1.13018
1.12933
1.12847
1.12761
1.12675
1.12589
1.12504
1.12419
1.12336
1.12255
1.12176
1.12099
1.12024
1.11953
1.11885
1.11821
1.11762
1.11706
1.11656
1.11611
1.11571
1.11537
1.11509
1.11487
1.11471
1.11462
1.11459
1.11462
1.11473
1.11489
1.11513
1.11542
1.11578
1.1162
1.11668
1.11721
1.1178
1.11844
1.11912
1.11985
1.12062
1.12143
1.12227
1.12314
1.12403
1.12495
1.12589
1.12684
1.12781
1.12878
1.12975
1.13073
1.1317
1.13267
1.13364
1.13459
1.13553
1.13646
1.13736
1.13825
1.13912
1.13997
1.14079
1.14158
1.14235
1.14309
1.14379
1.14447
1.14512
1.14573
1.1463
1.14684
1.14735
1.14782
1.14825
1.14864
1.14899
1.1493
1.14957
1.1498
1.14999
1.15014
1.15024
1.1503
1.15031
1.15027
1.15019
1.15006
1.14988
1.14966
1.14938
1.14905
1.14867
1.14824
1.14776
1.14722
1.14663
1.14598
1.14528
1.14452
1.14371
1.14284
1.14191
1.14093
1.13989
1.1388
1.13764
1.13643
1.13517
1.13385
1.13247
1.13104
1.12955
1.12801
1.12643
1.12479
1.1231
1.12136
1.11958
1.11775
1.11588
1.11397
1.11203
1.11005
1.10804
1.10599
1.10393
1.10183
1.09972
1.09759
1.09544
1.09328
1.09112
1.08895
1.08679
1.08463
1.08247
1.08033
1.0782
1.0761
1.07401
1.07195
1.06992
1.06793
1.06598
1.06406
1.06219
1.06036
1.05859
1.05686
1.05519
1.05358
1.05202
1.05052
1.04909
1.04772
1.04641
1.04517
1.04399
1.04288
1.04184
1.04087
1.03996
1.03911
1.03834
1.03763
1.03698
1.03639
1.03587
1.03542
1.03502
1.03468
1.03441
1.03419
1.03402
1.03391
1.03386
1.03386
1.03391
1.03401
1.03416
1.03436
1.0346
1.0349
1.03524
1.03563
1.03606
1.03655
1.03707
1.03764
1.03825
1.03891
1.03961
1.04035
1.04114
1.04197
1.04285
1.04377
1.04473
1.04573
1.04677
1.04786
1.04899
1.05016
1.05136
1.05261
1.05389
1.05521
1.05656
1.05795
1.05937
1.06082
1.0623
1.06381
1.06533
1.06689
1.06846
1.07004
1.07164
1.07326
1.07488
1.07651
1.07814
1.07977
1.0814
1.08302
1.08464
1.08624
1.08783
1.0894
1.09095
1.09248
1.09399
1.09546
1.09691
1.09833
1.0997
1.10105
1.10235
1.10361
1.10484
1.10601
1.10714
1.10823
1.10927
1.11025
1.11119
1.11207
1.11291
1.11369
1.11441
1.11509
1.11571
1.11627
1.11678
1.11724
1.11764
1.11799
1.11829
1.11853
1.11872
1.11886
1.11894
1.11898
1.11897
1.1189
1.11879
1.11864
1.11844
1.11819
1.1179
1.11757
1.11721
1.1168
1.11636
1.11588
1.11537
1.11483
1.11426
1.11366
1.11304
1.11239
1.11172
1.11104
1.11034
1.10962
1.1089
1.10816
1.10742
1.10668
1.10594
1.10519
1.10446
1.10372
1.103
1.1023
1.1016
1.10093
1.10028
1.09966
1.09906
1.09849
1.09796
1.09747
1.09702
1.09661
1.09625
1.09593
1.09567
1.09547
1.09532
1.09524
1.09522
1.09527
1.09539
1.09558
1.09585
1.09619
1.09661
1.09712
1.09771
1.09838
1.09913
1.09998
1.10091
1.10192
1.10303
1.10422
1.10551
1.10687
1.10833
1.10987
1.11149
1.11319
1.11496
1.11682
1.11874
1.12073
1.12279
1.12491
1.12708
1.1293
1.13157
1.13388
1.13623
1.13861
1.14101
1.14343
1.14587
1.14831
1.15075
1.15319
1.15562
1.15803
1.16042
1.16278
1.16511
1.1674
1.16965
1.17185
1.17399
1.17609
1.17812
1.18009
1.18199
1.18382
1.18558
1.18727
1.18888
1.19041
1.19186
1.19323
1.19453
1.19574
1.19687
1.19793
1.1989
1.1998
1.20062
1.20137
1.20205
1.20265
1.20319
1.20366
1.20407
1.20443
1.20472
1.20497
1.20516
1.20531
1.20542
1.20549
1.20553
1.20553
1.20551
1.20546
1.2054
1.20532
1.20522
1.20511
1.205
1.20488
1.20475
1.20463
1.20451
1.20439
1.20427
1.20416
1.20405
1.20395
1.20386
1.20378
1.2037
1.20363
1.20356
1.2035
1.20344
1.20339
1.20334
1.20329
1.20323
1.20318
1.20312
1.20305
1.20297
1.20288
1.20277
1.20265
1.20251
1.20235
1.20217
1.20196
1.20173
1.20147
1.20118
1.20085
1.20049
1.2001
1.19967
1.1992
1.19869
1.19815
1.19756
1.19692
1.19625
1.19554
1.19478
1.19398
1.19313
1.19225
1.19132
1.19035
1.18934
1.18829
1.1872
1.18608
1.18492
1.18373
1.1825
1.18125
1.17997
1.17866
1.17733
1.17598
1.17461
1.17322
1.17183
1.17042
1.169
1.16758
1.16616
1.16474
1.16332
1.16191
1.16051
1.15913
1.15776
1.15641
1.15509
1.15378
1.15251
1.15126
1.15005
1.14887
1.14773
1.14662
1.14556
1.14454
1.14356
1.14263
1.14174
1.1409
1.14011
1.13936
1.13867
1.13802
1.13742
1.13687
1.13636
1.13591
1.1355
1.13514
1.13482
1.13455
1.13432
1.13413
1.13399
1.13388
1.13381
1.13377
1.13377
1.1338
1.13386
1.13395
1.13407
1.13421
1.13438
1.13456
1.13477
1.13499
1.13523
1.13548
1.13575
1.13602
1.13631
1.1366
1.1369
1.1372
1.1375
1.13781
1.13811
1.13841
1.13871
1.139
1.13929
1.13958
1.13985
1.14012
1.14037
1.14062
1.14085
1.14107
1.14128
1.14147
1.14165
1.14181
1.14195
1.14208
1.14219
1.14229
1.14236
1.14242
1.14245
1.14247
1.14246
1.14244
1.14239
1.14232
1.14223
1.14212
1.14198
1.14182
1.14164
1.14143
1.1412
1.14095
1.14067
1.14037
1.14004
1.13969
1.13932
1.13892
1.13849
1.13804
1.13756
1.13706
1.13654
1.13599
1.13541
1.13481
1.13418
1.13353
1.13286
1.13216
1.13143
1.13069
1.12991
1.12912
1.1283
1.12746
1.1266
1.12572
1.12481
1.12388
1.12294
1.12197
1.12098
1.11998
1.11896
1.11792
1.11687
1.1158
1.11472
1.11363
1.11253
1.11141
1.11029
1.10916
1.10803
1.10689
1.10575
1.10461
1.10347
1.10233
1.10119
1.10007
1.09895
1.09784
1.09674
1.09565
1.09458
1.09353
1.0925
1.09149
1.0905
1.08954
1.0886
1.08769
1.08681
1.08597
1.08515
1.08437
1.08362
1.08291
1.08223
1.08159
1.08099
1.08043
1.0799
1.07942
1.07898
1.07857
1.07821
1.07788
1.07759
1.07734
1.07713
1.07695
1.07681
1.0767
1.07663
1.07658
1.07657
1.07659
1.07663
1.07669
1.07678
1.07689
1.07702
1.07717
1.07733
1.07751
1.0777
1.0779
1.0781
1.07832
1.07853
1.07875
1.07897
1.07919
1.07941
1.07962
1.07983
1.08003
1.08022
1.08041
1.08058
1.08074
1.08089
1.08103
1.08115
1.08126
1.08135
1.08142
1.08148
1.08153
1.08155
1.08156
1.08155
1.08152
1.08148
1.08141
1.08133
1.08123
1.08111
1.08097
1.08082
1.08065
1.08046
1.08025
1.08002
1.07977
1.07951
1.07923
1.07893
1.07861
1.07828
1.07793
1.07756
1.07717
1.07676
1.07633
1.07589
1.07542
1.07494
1.07443
1.07391
1.07336
1.0728
1.07221
1.0716
1.07097
1.07032
1.06964
1.06895
1.06822
1.06748
1.06671
1.06592
1.06511
1.06427
1.0634
1.06252
1.06161
1.06068
1.05972
1.05874
1.05775
1.05673
1.05568
1.05462
1.05354
1.05245
1.05133
1.0502
1.04906
1.0479
1.04673
1.04555
1.04436
1.04317
1.04197
1.04077
1.03957
1.03837
1.03718
1.036
1.03483
1.03367
1.03252
1.0314
1.03029
1.02922
1.02817
1.02715
1.02616
1.02521
1.0243
1.02344
1.02262
1.02185
1.02113
1.02046
1.01985
1.0193
1.0188
1.01837
1.018
1.0177
1.01746
1.01729
1.01719
1.01716
1.01719
1.01729
1.01746
1.0177
1.018
1.01837
1.0188
1.01929
1.01985
1.02046
1.02113
1.02185
1.02262
1.02344
1.02431
1.02522
1.02617
1.02716
1.02819
1.02924
1.03033
1.03145
1.03259
1.03375
1.03493
1.03612
1.03733
1.03856
1.03979
1.04104
1.04229
1.04354
1.04481
1.04607
1.04733
1.0486
1.04987
1.05113
1.05239
1.05366
1.05491
1.05617
1.05743
1.05868
1.05992
1.06117
1.06241
1.06364
1.06488
1.0661
1.06733
1.06855
1.06977
1.07099
1.07221
1.07342
1.07463
1.07584
1.07705
1.07826
1.07947
1.08068
1.08188
1.08309
1.08429
1.0855
1.0867
1.08791
1.08911
1.09032
1.09152
1.09273
1.09393
1.09513
1.09633
1.09753
1.09873
1.09992
1.10112
1.10231
1.10349
1.10468
1.10586
1.10703
1.1082
1.10936
1.11052
1.11166
1.1128
1.11394
1.11506
1.11617
1.11727
1.11836
1.11943
1.12049
1.12154
1.12257
1.12359
1.12459
1.12557
1.12654
1.12749
1.12841
1.12932
1.1302
1.13107
1.13191
1.13272
1.13352
1.13429
1.13503
1.13575
1.13644
1.13711
1.13774
1.13835
1.13894
1.13949
1.14002
1.14051
1.14098
1.14142
1.14182
1.1422
1.14254
1.14286
1.14315
1.1434
1.14362
1.14382
1.14398
1.14412
1.14422
1.1443
1.14435
1.14437
1.14436
1.14432
1.14426
1.14417
1.14405
1.14391
1.14375
1.14356
1.14335
1.14312
1.14287
1.14259
1.1423
1.14199
1.14166
1.14131
1.14095
1.14057
1.14018
1.13977
1.13935
1.13893
1.13849
1.13804
1.13758
1.13712
1.13665
1.13617
1.13569
1.13521
1.13472
1.13423
1.13374
1.13324
1.13275
1.13225
1.13176
1.13127
1.13078
1.13029
1.1298
1.12932
1.12884
1.12836
1.12789
1.12743
1.12697
1.12651
1.12606
1.12562
1.12518
1.12474
1.12431
1.12389
1.12347
1.12305
1.12264
1.12223
1.12183
1.12143
1.12103
1.12064
1.12025
1.11986
1.11947
1.11909
1.1187
1.11832
1.11793
1.11754
1.11716
1.11677
1.11638
1.11599
1.1156
1.11521
1.11481
1.11442
1.11403
1.11364
1.11325
1.11286
1.11248
1.11211
1.11174
1.11138
1.11104
1.11072
1.11041
1.11012
1.10986
1.10962
1.10942
1.10925
1.10913
1.10905
1.10902
1.10904
1.10912
1.10926
1.10947
1.10976
1.11012
1.11056
1.11109
1.1117
1.11241
1.11321
1.11412
1.11512
1.11622
1.11742
1.11873
1.12014
1.12165
1.12326
1.12496
1.12677
1.12866
1.13064
1.1327
1.13484
1.13705
1.13933
1.14167
1.14406
1.14649
1.14897
1.15147
1.154
1.15654
1.15909
1.16164
1.16419
1.16672
1.16923
1.17171
1.17416
1.17656
1.17892
1.18123
1.18347
1.18565
1.18777
1.18981
1.19177
1.19366
1.19545
1.19716
1.19878
1.20031
1.20174
1.20308
1.20431
1.20545
1.20649
1.20742
1.20825
1.20898
1.2096
1.21012
1.21053
1.21084
1.21105
1.21115
1.21115
1.21104
1.21084
1.21053
1.21012
1.20962
1.20901
1.20831
1.20751
1.20661
1.20562
1.20454
1.20336
1.20209
1.20074
1.19929
1.19776
1.19614
1.19444
1.19266
1.1908
1.18886
1.18684
1.18475
1.18258
1.18034
1.17803
1.17565
1.17321
1.1707
1.16813
1.1655
1.16281
1.16006
1.15726
1.15441
1.15151
1.14856
1.14557
1.14254
1.13946
1.13636
1.13322
1.13006
1.12687
1.12366
1.12043
1.11719
1.11394
1.11069
1.10743
1.10418
1.10094
1.0977
1.09449
1.0913
1.08814
1.08501
1.08192
1.07887
1.07587
1.07293
1.07004
1.06721
1.06445
1.06176
1.05915
1.05662
1.05417
1.05181
1.04955
1.04738
1.0453
1.04333
1.04147
1.03971
1.03806
1.03651
1.03508
1.03376
1.03256
1.03146
1.03048
1.02961
1.02885
1.02821
1.02767
1.02724
1.02692
1.0267
1.02658
1.02655
1.02663
1.02679
1.02705
1.02739
1.02782
1.02832
1.02891
1.02956
1.03029
1.03108
1.03193
1.03284
1.03381
1.03482
1.03588
1.03699
1.03813
1.03931
1.04052
1.04177
1.04303
1.04432
1.04563
1.04695
1.04829
1.04963
1.05099
1.05234
1.0537
1.05506
1.05641
1.05776
1.05909
1.06042
1.06173
1.06302
1.0643
1.06556
1.0668
1.06801
1.0692
1.07036
1.07149
1.07259
1.07366
1.0747
1.0757
1.07667
1.0776
1.0785
1.07936
1.08018
1.08097
1.08171
1.08241
1.08308
1.0837
1.08428
1.08482
1.08532
1.08577
1.08618
1.08656
1.08689
1.08717
1.08742
1.08762
1.08779
1.08791
1.08799
1.08803
1.08803
1.088
1.08792
1.08781
1.08766
1.08747
1.08725
1.087
1.08671
1.08639
1.08604
1.08566
1.08525
1.08481
1.08435
1.08386
1.08336
1.08283
1.08228
1.08171
1.08113
1.08053
1.07993
1.07931
1.07868
1.07805
1.07741
1.07677
1.07613
1.07549
1.07486
1.07423
1.07361
1.073
1.0724
1.07181
1.07124
1.07069
1.07015
1.06964
1.06915
1.06869
1.06825
1.06784
1.06746
1.06711
1.06679
1.0665
1.06625
1.06604
1.06586
1.06572
1.06562
1.06555
1.06553
1.06554
1.0656
1.06569
1.06582
1.06599
1.0662
1.06645
1.06673
1.06706
1.06742
1.06782
1.06825
1.06872
1.06922
1.06976
1.07032
1.07092
1.07155
1.0722
1.07289
1.0736
1.07433
1.07509
1.07587
1.07668
1.0775
1.07834
1.0792
1.08007
1.08096
1.08187
1.08278
1.08371
1.08465
1.08559
1.08655
1.08751
1.08847
1.08944
1.09042
1.0914
1.09238
1.09336
1.09434
1.09532
1.0963
1.09728
1.09825
1.09923
1.10019
1.10115
1.10211
1.10306
1.104
1.10493
1.10586
1.10678
1.10769
1.10859
1.10948
1.11036
1.11123
1.11209
1.11294
1.11378
1.11461
1.11543
1.11624
1.11704
1.11782
1.1186
1.11937
1.12013
1.12088
1.12162
1.12235
1.12307
1.12378
1.12449
1.12519
1.12588
1.12656
1.12724
1.12791
1.12858
1.12924
1.1299
1.13055
1.1312
1.13185
1.1325
1.13315
1.13379
1.13444
1.13508
1.13573
1.13638
1.13703
1.13769
1.13835
1.13901
1.13967
1.14035
1.14102
1.14171
1.1424
1.1431
1.14381
1.14452
1.14525
1.14598
1.14673
1.14749
1.14826
1.14904
1.14983
1.15064
1.15145
1.15229
1.15313
1.154
1.15487
1.15576
1.15666
1.15758
1.15852
1.15947
1.16043
1.16141
1.16241
1.16342
1.16444
1.16549
1.16654
1.16762
1.1687
1.1698
1.17092
1.17204
1.17319
1.17434
1.1755
1.17668
1.17786
1.17906
1.18026
1.18147
1.18269
1.18392
1.18515
1.18638
1.18761
1.18885
1.19009
1.19132
1.19256
1.19379
1.19502
1.19624
1.19745
1.19866
1.19985
1.20103
1.20221
1.20337
1.20451
1.20564
1.20675
1.20784
1.20892
1.20997
1.21101
1.21203
1.21302
1.21399
1.21494
1.21587
1.21678
1.21766
1.21852
1.21936
1.22018
1.22098
1.22175
1.22251
1.22325
1.22397
1.22468
1.22537
1.22604
1.2267
1.22735
1.22799
1.22862
1.22924
1.22986
1.23047
1.23108
1.23169
1.23229
1.2329
1.2335
1.23411
1.23473
1.23534
1.23597
1.2366
1.23723
1.23787
1.23852
1.23918
1.23984
1.24051
1.24118
1.24187
1.24255
1.24325
1.24395
1.24465
1.24536
1.24606
1.24677
1.24748
1.24818
1.24888
1.24958
1.25027
1.25095
1.25163
1.2523
1.25295
1.25359
1.25422
1.25483
1.25543
1.25601
1.25657
1.25711
1.25762
1.25812
1.2586
1.25905
1.25948
1.25989
1.26027
1.26063
1.26096
1.26127
1.26156
1.26182
1.26206
1.26227
1.26246
1.26263
1.26277
1.26289
1.26299
1.26307
1.26313
1.26316
1.26318
1.26317
1.26315
1.2631
1.26304
1.26295
1.26285
1.26273
1.26259
1.26244
1.26226
1.26207
1.26186
1.26163
1.26139
1.26112
1.26083
1.26052
1.26019
1.25984
1.25947
1.25906
1.25864
1.25818
1.2577
1.25719
1.25665
1.25607
1.25546
1.25481
1.25412
1.25339
1.25262
1.2518
1.25094
1.25003
1.24907
1.24806
1.24699
1.24587
1.24469
1.24345
1.24215
1.24078
1.23936
1.23786
1.2363
1.23467
1.23298
1.23121
1.22938
1.22748
1.22551
1.22346
1.22135
1.21918
1.21693
1.21462
1.21224
1.20981
1.20731
1.20475
1.20214
1.19947
1.19676
1.19399
1.19119
1.18834
1.18546
1.18255
1.17962
1.17666
1.17369
1.1707
1.16771
1.16472
1.16173
1.15875
1.15579
1.15285
1.14994
1.14706
1.14422
1.14142
1.13867
1.13598
1.13335
1.13078
1.12829
1.12586
1.12352
1.12126
1.11909
1.11701
1.11503
1.11314
1.11136
1.10968
1.1081
1.10664
1.10528
1.10404
1.1029
1.10188
1.10097
1.10018
1.0995
1.09893
1.09847
1.09812
1.09789
1.09776
1.09774
1.09783
1.09802
1.09831
1.0987
1.09919
1.09978
1.10046
1.10123
1.10209
1.10304
1.10407
1.10518
1.10636
1.10763
1.10896
1.11036
1.11183
1.11336
1.11496
1.11661
1.11831
1.12007
1.12188
1.12373
1.12563
1.12757
1.12955
1.13156
1.1336
1.13567
1.13777
1.13989
1.14203
1.14419
1.14636
1.14855
1.15074
1.15294
1.15514
1.15734
1.15953
1.16172
1.1639
1.16607
1.16823
1.17037
1.17248
1.17458
1.17665
1.17869
1.1807
1.18268
1.18462
1.18652
1.18839
1.19021
1.19199
1.19372
1.19541
1.19704
1.19863
1.20016
1.20164
1.20306
1.20443
1.20573
1.20698
1.20817
1.2093
1.21036
1.21137
1.21231
1.21319
1.214
1.21476
1.21545
1.21608
1.21664
1.21715
1.21759
1.21797
1.21829
1.21855
1.21875
1.21889
1.21897
1.219
1.21897
1.21888
1.21875
1.21856
1.21832
1.21802
1.21768
1.2173
1.21686
1.21639
1.21587
1.2153
1.2147
1.21406
1.21338
1.21266
1.2119
1.21111
1.21029
1.20944
1.20855
1.20763
1.20669
1.20571
1.20471
1.20369
1.20263
1.20156
1.20045
1.19933
1.19818
1.19702
1.19583
1.19462
1.1934
1.19215
1.19089
1.1896
1.1883
1.18698
1.18565
1.18429
1.18292
1.18154
1.18013
1.17871
1.17728
1.17582
1.17435
1.17287
1.17137
1.16985
1.16831
1.16676
1.16519
1.16361
1.16201
1.1604
1.15876
1.15712
1.15545
1.15377
1.15207
1.15036
1.14863
1.14688
1.14512
1.14334
1.14155
1.13974
1.13792
1.13609
1.13424
1.13239
1.13052
1.12865
1.12677
1.12489
1.12301
1.12112
1.11924
1.11737
1.1155
1.11364
1.1118
1.10998
1.10819
1.10642
1.10468
1.10297
1.10131
1.09969
1.09813
1.09661
1.09516
1.09376
1.09244
1.09118
1.09
1.0889
1.08788
1.08694
1.08609
1.08532
1.08465
1.08406
1.08357
1.08317
1.08285
1.08263
1.08249
1.08243
1.08245
1.08255
1.08273
1.08297
1.08327
1.08364
1.08406
1.08453
1.08504
1.08559
1.08617
1.08678
1.08741
1.08805
1.08871
1.08937
1.09004
1.0907
1.09136
1.09201
1.09264
1.09325
1.09384
1.09441
1.09496
1.09547
1.09596
1.09642
1.09685
1.09725
1.09761
1.09794
1.09824
1.0985
1.09873
1.09893
1.0991
1.09924
1.09935
1.09943
1.09948
1.0995
1.0995
1.09947
1.09942
1.09934
1.09924
1.09913
1.09899
1.09883
1.09865
1.09846
1.09825
1.09802
1.09778
1.09752
1.09725
1.09696
1.09666
1.09634
1.09602
1.09567
1.09532
1.09495
1.09457
1.09417
1.09376
1.09333
1.09289
1.09243
1.09196
1.09148
1.09098
1.09046
1.08993
1.08938
1.08881
1.08823
1.08763
1.08702
1.08638
1.08574
1.08507
1.08439
1.08369
1.08298
1.08225
1.08151
1.08075
1.07998
1.0792
1.0784
1.0776
1.07679
1.07597
1.07514
1.07431
1.07347
1.07264
1.0718
1.07097
1.07014
1.06932
1.0685
1.0677
1.06691
1.06613
1.06537
1.06462
1.0639
1.0632
1.06253
1.06188
1.06126
1.06067
1.06012
1.05959
1.05911
1.05866
1.05825
1.05789
1.05756
1.05728
1.05704
1.05685
1.0567
1.0566
1.05654
1.05653
1.05656
1.05665
1.05677
1.05695
1.05717
1.05743
1.05774
1.05808
1.05847
1.0589
1.05937
1.05987
1.06041
1.06098
1.06158
1.06221
1.06287
1.06356
1.06427
1.065
1.06576
1.06653
1.06732
1.06813
1.06895
1.06978
1.07062
1.07147
1.07233
1.0732
1.07407
1.07495
1.07583
1.07672
1.07761
1.0785
1.0794
1.0803
1.0812
1.08211
1.08301
1.08392
1.08484
1.08576
1.08668
1.08762
1.08856
1.0895
1.09046
1.09143
1.09242
1.09342
1.09444
1.09547
1.09652
1.0976
1.0987
1.09982
1.10097
1.10215
1.10336
1.1046
1.10587
1.10718
1.10853
1.10991
1.11133
1.11279
1.11429
1.11583
1.11742
1.11904
1.12072
1.12243
1.12419
1.12599
1.12784
1.12974
1.13167
1.13365
1.13568
1.13774
1.13985
1.14199
1.14417
1.14639
1.14864
1.15093
1.15325
1.15559
1.15797
1.16037
1.16279
1.16523
1.16769
1.17017
1.17266
1.17516
1.17766
1.18017
1.18268
1.18519
1.1877
1.19019
1.19268
1.19515
1.19761
1.20004
1.20246
1.20484
1.2072
1.20953
1.21182
1.21407
1.21629
1.21846
1.22059
1.22267
1.2247
1.22668
1.2286
1.23047
1.23228
1.23403
1.23571
1.23734
1.2389
1.24039
1.24181
1.24316
1.24444
1.24564
1.24677
1.24783
1.24881
1.24972
1.25055
1.2513
1.25198
1.25257
1.25309
1.25353
1.25389
1.25417
1.25438
1.2545
1.25455
1.25453
1.25442
1.25424
1.25399
1.25366
1.25326
1.25278
1.25224
1.25163
1.25095
1.2502
1.24939
1.24851
1.24757
1.24658
1.24552
1.24441
1.24325
1.24203
1.24077
1.23945
1.23809
1.23669
1.23525
1.23377
1.23226
1.23071
1.22913
1.22752
1.22588
1.22423
1.22255
1.22085
1.21914
1.21741
1.21568
1.21393
1.21218
1.21042
1.20867
1.20691
1.20516
1.20341
1.20166
1.19993
1.19821
1.1965
1.1948
1.19312
1.19145
1.1898
1.18818
1.18657
1.18498
1.18342
1.18188
1.18036
1.17888
1.17741
1.17598
1.17457
1.17319
1.17183
1.17051
1.16922
1.16796
1.16672
1.16552
1.16435
1.16321
1.1621
1.16103
1.15998
1.15897
1.15799
1.15704
1.15612
1.15524
1.15439
1.15357
1.15278
1.15202
1.1513
1.15061
1.14995
1.14932
1.14873
1.14817
1.14763
1.14713
1.14666
1.14621
1.1458
1.14541
1.14505
1.14472
1.14442
1.14414
1.14389
1.14366
1.14345
1.14327
1.14311
1.14297
1.14285
1.14275
1.14266
1.1426
1.14254
1.14251
1.14248
1.14247
1.14247
1.14249
1.14251
1.14254
1.14258
1.14262
1.14267
1.14273
1.14278
1.14284
1.14291
1.14297
1.14303
1.14309
1.14315
1.14321
1.14326
1.14331
1.14335
1.14339
1.14342
1.14344
1.14345
1.14346
1.14345
1.14343
1.14341
1.14337
1.14331
1.14324
1.14316
1.14306
1.14295
1.14282
1.14267
1.1425
1.14231
1.14211
1.14188
1.14163
1.14136
1.14107
1.14075
1.14041
1.14005
1.13966
1.13925
1.13881
1.13834
1.13785
1.13734
1.1368
1.13623
1.13564
1.13502
1.13438
1.13371
1.13302
1.1323
1.13156
1.1308
1.13001
1.12921
1.12838
1.12753
1.12667
1.12579
1.12489
1.12398
1.12306
1.12213
1.12118
1.12023
1.11928
1.11832
1.11736
1.11641
1.11545
1.1145
1.11356
1.11263
1.1117
1.1108
1.1099
1.10903
1.10818
1.10735
1.10654
1.10576
1.10501
1.10429
1.10361
1.10295
1.10234
1.10175
1.10121
1.10071
1.10024
1.09982
1.09944
1.09911
1.09881
1.09856
1.09836
1.0982
1.09808
1.09801
1.09798
1.09799
1.09805
1.09815
1.09829
1.09848
1.0987
1.09897
1.09927
1.09961
1.09999
1.1004
1.10085
1.10133
1.10185
1.10239
1.10297
1.10357
1.10421
1.10486
1.10555
1.10626
1.107
1.10776
1.10854
1.10934
1.11017
1.11102
1.11189
1.11278
1.11369
1.11462
1.11557
1.11654
1.11753
1.11854
1.11957
1.12062
1.12169
1.12278
1.12389
1.12502
1.12616
1.12733
1.12852
1.12972
1.13095
1.13219
1.13345
1.13473
1.13603
1.13735
1.13868
1.14003
1.1414
1.14278
1.14417
1.14558
1.147
1.14843
1.14988
1.15133
1.15279
1.15425
1.15573
1.1572
1.15868
1.16016
1.16164
1.16312
1.16459
1.16606
1.16752
1.16898
1.17042
1.17185
1.17327
1.17468
1.17607
1.17744
1.1788
1.18014
1.18145
1.18275
1.18402
1.18526
1.18648
1.18768
1.18885
1.18999
1.1911
1.19219
1.19324
1.19427
1.19526
1.19623
1.19716
1.19807
1.19894
1.19978
1.20058
1.20136
1.2021
1.20281
1.20349
1.20414
1.20475
1.20533
1.20589
1.20641
1.2069
1.20736
1.20779
1.20819
1.20856
1.2089
1.20921
1.2095
1.20976
1.20999
1.21019
1.21036
1.21051
1.21063
1.21073
1.2108
1.21085
1.21087
1.21086
1.21083
1.21078
1.2107
1.2106
1.21048
1.21033
1.21015
1.20996
1.20974
1.20949
1.20923
1.20894
1.20862
1.20828
1.20792
1.20753
1.20712
1.20669
1.20623
1.20575
1.20524
1.2047
1.20414
1.20356
1.20294
1.2023
1.20164
1.20094
1.20022
1.19947
1.19869
1.19788
1.19704
1.19618
1.19528
1.19436
1.1934
1.19241
1.1914
1.19035
1.18927
1.18817
1.18703
1.18586
1.18466
1.18344
1.18218
1.1809
1.17959
1.17825
1.17689
1.1755
1.17408
1.17264
1.17117
1.16968
1.16817
1.16663
1.16508
1.16351
1.16192
1.16031
1.15869
1.15705
1.1554
1.15374
1.15207
1.15038
1.14869
1.14699
1.14529
1.14358
1.14187
1.14016
1.13845
1.13674
1.13503
1.13333
1.13162
1.12993
1.12824
1.12656
1.12489
1.12323
1.12158
1.11994
1.11831
1.1167
1.1151
1.11352
1.11196
1.11041
1.10888
1.10736
1.10586
1.10439
1.10293
1.10149
1.10007
1.09867
1.09729
1.09593
1.09459
1.09328
1.09198
1.09071
1.08946
1.08823
1.08703
1.08585
1.08469
1.08355
1.08244
1.08135
1.08028
1.07923
1.07821
1.0772
1.07622
1.07526
1.07431
1.07339
1.07249
1.07161
1.07074
1.0699
1.06907
1.06826
1.06746
1.06668
1.06592
1.06517
1.06443
1.06371
1.06299
1.06229
1.0616
1.06092
1.06025
1.05959
1.05894
1.05829
1.05765
1.05702
1.0564
1.05579
1.05518
1.05458
1.05399
1.0534
1.05283
1.05226
1.05171
1.05116
1.05063
1.05011
1.04961
1.04912
1.04865
1.04819
1.04776
1.04734
1.04695
1.04659
1.04625
1.04594
1.04566
1.04541
1.0452
1.04502
1.04488
1.04478
1.04472
1.0447
1.04472
1.04479
1.0449
1.04506
1.04527
1.04552
1.04582
1.04617
1.04657
1.04702
1.04751
1.04805
1.04864
1.04927
1.04995
1.05067
1.05144
1.05224
1.05308
1.05396
1.05487
1.05582
1.05679
1.05779
1.05882
1.05987
1.06093
1.06202
1.06312
1.06422
1.06534
1.06646
1.06759
1.06871
1.06984
1.07096
1.07207
1.07317
1.07425
1.07532
1.07638
1.07741
1.07842
1.07941
1.08037
1.0813
1.08221
1.08308
1.08392
1.08473
1.0855
1.08623
1.08693
1.08759
1.08821
1.08879
1.08934
1.08984
1.0903
1.09072
1.0911
1.09144
1.09174
1.092
1.09222
1.0924
1.09254
1.09265
1.09271
1.09274
1.09274
1.0927
1.09262
1.09251
1.09237
1.0922
1.092
1.09177
1.09151
1.09123
1.09092
1.09059
1.09024
1.08987
1.08948
1.08907
1.08864
1.0882
1.08775
1.08728
1.08681
1.08632
1.08582
1.08532
1.08482
1.0843
1.08379
1.08327
1.08276
1.08225
1.08173
1.08123
1.08073
1.08023
1.07974
1.07926
1.0788
1.07834
1.0779
1.07747
1.07705
1.07665
1.07627
1.0759
1.07556
1.07523
1.07493
1.07465
1.07439
1.07416
1.07395
1.07377
1.07362
1.07349
1.0734
1.07333
1.07329
1.07329
1.07331
1.07337
1.07347
1.07359
1.07375
1.07395
1.07418
1.07445
1.07475
1.07509
1.07547
1.07588
1.07633
1.07682
1.07735
1.07791
1.07851
1.07915
1.07982
1.08053
1.08128
1.08207
1.08289
1.08374
1.08463
1.08556
1.08652
1.08751
1.08854
1.0896
1.09069
1.09182
1.09297
1.09416
1.09537
1.09661
1.09788
1.09918
1.1005
1.10184
1.10321
1.1046
1.10601
1.10745
1.1089
1.11037
1.11186
1.11336
1.11488
1.11641
1.11796
1.11951
1.12107
1.12265
1.12422
1.1258
1.12739
1.12897
1.13055
1.13214
1.13371
1.13528
1.13685
1.1384
1.13994
1.14146
1.14297
1.14447
1.14594
1.14739
1.14881
1.15021
1.15158
1.15292
1.15423
1.1555
1.15674
1.15794
1.15911
1.16023
1.16132
1.16236
1.16336
1.16432
1.16523
1.16611
1.16694
1.16773
1.16849
1.1692
1.16988
1.17053
1.17114
1.17173
1.17229
1.17284
1.17336
1.17387
1.17437
1.17487
1.17537
1.17588
1.1764
1.17693
1.17749
1.17807
1.17869
1.17934
1.18003
1.18076
1.18154
1.18237
1.18325
1.18419
1.18518
1.18623
1.18733
1.18848
1.18969
1.19095
1.19226
1.19361
1.19499
1.19642
1.19787
1.19935
1.20084
1.20234
1.20385
1.20536
1.20685
1.20833
1.20979
1.21121
1.2126
1.21395
1.21524
1.21648
1.21765
1.21876
1.21979
1.22075
1.22162
1.22241
1.22311
1.22372
1.22423
1.22464
1.22496
1.22517
1.22528
1.22528
1.22518
1.22497
1.22466
1.22425
1.22373
1.2231
1.22238
1.22155
1.22062
1.2196
1.21848
1.21726
1.21595
1.21455
1.21307
1.2115
1.20986
1.20813
1.20633
1.20446
1.20253
1.20053
1.19847
1.19636
1.19419
1.19199
1.18974
1.18746
1.18515
1.18281
1.18046
1.17809
1.17571
1.17333
1.17096
1.16859
1.16623
1.1639
1.16159
1.15931
1.15707
1.15487
1.15271
1.15061
1.14857
1.14658
1.14466
1.1428
1.14102
1.13931
1.13768
1.13613
1.13466
1.13327
1.13196
1.13073
1.12959
1.12853
1.12756
1.12666
1.12585
1.12511
1.12444
1.12385
1.12333
1.12288
1.12248
1.12215
1.12188
1.12166
1.12148
1.12136
1.12127
1.12122
1.12121
1.12123
1.12127
1.12134
1.12143
1.12153
1.12165
1.12178
1.12192
1.12206
1.1222
1.12234
1.12248
1.12261
1.12274
1.12285
1.12295
1.12304
1.1231
1.12316
1.12319
1.1232
1.12318
1.12314
1.12308
1.12299
1.12287
1.12272
1.12253
1.12232
1.12207
1.12179
1.12147
1.12112
1.12073
1.1203
1.11983
1.11933
1.11878
1.11819
1.11756
1.11689
1.11617
1.11541
1.11461
1.11376
1.11287
1.11193
1.11095
1.10992
1.10885
1.10773
1.10657
1.10536
1.1041
1.10281
1.10146
1.10008
1.09865
1.09717
1.09566
1.0941
1.09251
1.09087
1.08919
1.08748
1.08573
1.08394
1.08212
1.08027
1.07839
1.07648
1.07454
1.07257
1.07058
1.06857
1.06654
1.06448
1.06242
1.06034
1.05825
1.05615
1.05404
1.05193
1.04982
1.04771
1.04561
1.04351
1.04143
1.03935
1.0373
1.03526
1.03325
1.03126
1.0293
1.02737
1.02548
1.02363
1.02181
1.02005
1.01833
1.01667
1.01506
1.01351
1.01202
1.01059
1.00924
1.00795
1.00673
1.00559
1.00453
1.00355
1.00266
1.00185
1.00112
1.00048
0.999937
0.999482
0.99912
0.998853
0.99868
0.998603
0.998622
0.998737
0.998949
0.999256
0.999659
1.00016
1.00075
1.00143
1.0022
1.00307
1.00402
1.00506
1.00617
1.00737
1.00865
1.01
1.01142
1.01292
1.01447
1.01609
1.01777
1.01951
1.02129
1.02312
1.025
1.02691
1.02886
1.03084
1.03285
1.03489
1.03694
1.039
1.04108
1.04317
1.04526
1.04735
1.04944
1.05152
1.05359
1.05565
1.05769
1.05971
1.0617
1.06367
1.06561
1.06753
1.0694
1.07124
1.07305
1.07481
1.07653
1.07821
1.07984
1.08143
1.08296
1.08445
1.08588
1.08726
1.08859
1.08987
1.09109
1.09226
1.09337
1.09442
1.09542
1.09636
1.09724
1.09807
1.09884
1.09955
1.1002
1.1008
1.10134
1.10182
1.10225
1.10262
1.10293
1.10319
1.10339
1.10354
1.10363
1.10366
1.10365
1.10357
1.10345
1.10327
1.10304
1.10276
1.10242
1.10204
1.1016
1.10112
1.10059
1.10001
1.09939
1.09872
1.09801
1.09726
1.09647
1.09564
1.09478
1.09389
1.09296
1.09201
1.09104
1.09004
1.08903
1.088
1.08696
1.08592
1.08487
1.08383
1.08279
1.08176
1.08075
1.07976
1.0788
1.07786
1.07696
1.0761
1.07529
1.07452
1.0738
1.07315
1.07255
1.07202
1.07156
1.07117
1.07086
1.07063
1.07047
1.0704
1.07041
1.0705
1.07067
1.07092
1.07126
1.07168
1.07217
1.07275
1.0734
1.07412
1.07491
1.07576
1.07668
1.07766
1.07869
1.07978
1.08091
1.08209
1.08331
1.08457
1.08585
1.08717
1.08851
1.08988
1.09126
1.09266
1.09407
1.09549
1.09692
1.09835
1.09979
1.10123
1.10266
1.1041
1.10552
1.10695
1.10837
1.10978
1.11118
1.11258
1.11396
1.11534
1.1167
1.11806
1.11941
1.12074
1.12207
1.12338
1.12468
1.12597
1.12725
1.12852
1.12978
1.13102
1.13226
1.13348
1.13469
1.13589
1.13708
1.13825
1.13941
1.14056
1.14169
1.14281
1.14391
1.145
1.14607
1.14712
1.14816
1.14918
1.15019
1.15117
1.15214
1.15308
1.15401
1.15491
1.15579
1.15666
1.15749
1.15831
1.1591
1.15987
1.16061
1.16133
1.16202
1.16268
1.16332
1.16393
1.16451
1.16507
1.16559
1.16609
1.16655
1.16699
1.1674
1.16778
1.16812
1.16844
1.16873
1.16898
1.16921
1.1694
1.16957
1.1697
1.16981
1.16988
1.16993
1.16995
1.16994
1.1699
1.16983
1.16975
1.16963
1.1695
1.16934
1.16916
1.16896
1.16874
1.16851
