1.65076
1.65241
1.65416
1.656
1.65792
1.65992
1.66201
1.66416
1.66638
1.66867
1.67101
1.6734
1.67585
1.67833
1.68086
1.68342
1.686
1.68861
1.69125
1.6939
1.69656
1.69923
1.7019
1.70457
1.70724
1.7099
1.71255
1.71519
1.71781
1.72041
1.72299
1.72554
1.72807
1.73057
1.73303
1.73546
1.73785
1.7402
1.74252
1.74479
1.74702
1.7492
1.75134
1.75343
1.75547
1.75746
1.7594
1.76129
1.76313
1.76491
1.76664
1.76832
1.76994
1.77151
1.77302
1.77448
1.77589
1.77724
1.77853
1.77978
1.78097
1.78211
1.78319
1.78422
1.7852
1.78613
1.78702
1.78785
1.78863
1.78937
1.79006
1.7907
1.7913
1.79185
1.79236
1.79283
1.79326
1.79364
1.79398
1.79429
1.79455
1.79477
1.79496
1.7951
1.79521
1.79528
1.79531
1.79531
1.79526
1.79518
1.79507
1.79491
1.79472
1.79449
1.79423
1.79392
1.79358
1.7932
1.79277
1.79231
1.7918
1.79126
1.79067
1.79004
1.78936
1.78864
1.78787
1.78706
1.7862
1.7853
1.78435
1.78335
1.7823
1.7812
1.78005
1.77885
1.7776
1.7763
1.77495
1.77354
1.77209
1.77059
1.76903
1.76743
1.76578
1.76407
1.76233
1.76053
1.75869
1.75681
1.75489
1.75293
1.75093
1.74889
1.74683
1.74473
1.74261
1.74047
1.73831
1.73614
1.73395
1.73176
1.72957
1.72738
1.7252
1.72304
1.7209
1.71879
1.71671
1.71468
1.71269
1.71076
1.70889
1.70709
1.70538
1.70374
1.7022
1.70076
1.69943
1.69821
1.69711
1.69614
1.69531
1.69461
1.69406
1.69366
1.69342
1.69333
1.69341
1.69365
1.69406
1.69463
1.69537
1.69628
1.69735
1.69858
1.69998
1.70153
1.70323
1.70507
1.70706
1.70918
1.71143
1.71379
1.71627
1.71885
1.72152
1.72428
1.72711
1.73001
1.73296
1.73597
1.73901
1.74208
1.74517
1.74828
1.75139
1.75449
1.75759
1.76066
1.76371
1.76673
1.7697
1.77263
1.77551
1.77833
1.78109
1.78379
1.78642
1.78897
1.79145
1.79385
1.79617
1.7984
1.80055
1.80261
1.80458
1.80646
1.80825
1.80995
1.81156
1.81307
1.81449
1.81582
1.81706
1.81821
1.81927
1.82023
1.82111
1.8219
1.8226
1.82322
1.82375
1.8242
1.82456
1.82484
1.82505
1.82517
1.82522
1.82519
1.82508
1.8249
1.82465
1.82433
1.82393
1.82347
1.82294
1.82234
1.82167
1.82094
1.82015
1.81929
1.81837
1.81738
1.81634
1.81523
1.81406
1.81284
1.81155
1.81021
1.80881
1.80736
1.80584
1.80427
1.80265
1.80097
1.79923
1.79744
1.79559
1.79369
1.79173
1.78973
1.78767
1.78556
1.7834
1.78119
1.77893
1.77662
1.77427
1.77187
1.76942
1.76693
1.7644
1.76183
1.75922
1.75657
1.75388
1.75116
1.7484
1.74562
1.7428
1.73995
1.73708
1.73418
1.73126
1.72833
1.72537
1.7224
1.71941
1.71642
1.71341
1.7104
1.70739
1.70437
1.70135
1.69834
1.69533
1.69232
1.68933
1.68635
1.68338
1.68043
1.67749
1.67457
1.67167
1.6688
1.66594
1.66311
1.66031
1.65754
1.65479
1.65207
1.64938
1.64672
1.64409
1.6415
1.63893
1.6364
1.6339
1.63143
1.629
1.6266
1.62423
1.6219
1.61959
1.61732
1.61509
1.61288
1.6107
1.60856
1.60645
1.60437
1.60232
1.6003
1.59831
1.59635
1.59442
1.59253
1.59066
1.58883
1.58702
1.58525
1.58352
1.58181
1.58014
1.5785
1.5769
1.57533
1.57381
1.57231
1.57086
1.56945
1.56808
1.56676
1.56548
1.56424
1.56306
1.56193
1.56085
1.55982
1.55885
1.55793
1.55708
1.55629
1.55557
1.55491
1.55431
1.55379
1.55334
1.55297
1.55267
1.55245
1.5523
1.55224
1.55226
1.55236
1.55255
1.55283
1.55319
1.55363
1.55417
1.55479
1.5555
1.5563
1.55719
1.55816
1.55922
1.56036
1.56158
1.56289
1.56427
1.56573
1.56727
1.56888
1.57055
1.57229
1.57409
1.57595
1.57786
1.57982
1.58182
1.58387
1.58595
1.58806
1.59019
1.59234
1.59451
1.59668
1.59886
1.60103
1.6032
1.60535
1.60748
1.60959
1.61166
1.6137
1.6157
1.61765
1.61954
1.62139
1.62316
1.62488
1.62652
1.62808
1.62957
1.63097
1.63229
1.63352
1.63465
1.63569
1.63662
1.63746
1.63819
1.63881
1.63933
1.63973
1.64002
1.6402
1.64027
1.64022
1.64006
1.63979
1.63941
1.63891
1.63831
1.63759
1.63677
1.63585
1.63483
1.63371
1.63249
1.63119
1.6298
1.62833
1.62679
1.62517
1.62348
1.62174
1.61995
1.61811
1.61622
1.61431
1.61237
1.61041
1.60844
1.60647
1.6045
1.60255
1.60061
1.5987
1.59683
1.59499
1.59321
1.59149
1.58983
1.58824
1.58673
1.58531
1.58399
1.58276
1.58163
1.58062
1.57972
1.57894
1.57829
1.57776
1.57737
1.57711
1.57699
1.57701
1.57717
1.57748
1.57793
1.57853
1.57927
1.58016
1.58119
1.58237
1.5837
1.58516
1.58676
1.58851
1.59039
1.5924
1.59454
1.59681
1.59921
1.60172
1.60436
1.60711
1.60997
1.61295
1.61602
1.6192
1.62248
1.62586
1.62933
1.63288
1.63652
1.64025
1.64404
1.64792
1.65186
1.65587
1.65994
1.66407
1.66826
1.67251
1.6768
1.68114
1.68552
1.68994
1.6944
1.69889
1.70341
1.70795
1.71252
1.7171
1.7217
1.72631
1.73093
1.73556
1.74018
1.7448
1.74941
1.75401
1.7586
1.76316
1.76771
1.77223
1.77672
1.78118
1.7856
1.78998
1.79432
1.79861
1.80285
1.80703
1.81115
1.81522
1.81922
1.82315
1.82701
1.8308
1.83451
1.83814
1.84168
1.84514
1.84851
1.85178
1.85497
1.85806
1.86104
1.86393
1.86672
1.8694
1.87197
1.87444
1.8768
1.87904
1.88118
1.8832
1.8851
1.88689
1.88856
1.89012
1.89156
1.89288
1.89409
1.89518
1.89614
1.897
1.89773
1.89835
1.89886
1.89925
1.89952
1.89969
1.89975
1.89969
1.89953
1.89926
1.89888
1.89841
1.89783
1.89715
1.89638
1.89551
1.89456
1.89351
1.89238
1.89116
1.88987
1.88849
1.88705
1.88553
1.88394
1.88229
1.88058
1.87881
1.87699
1.87512
1.87319
1.87123
1.86922
1.86718
1.8651
1.86299
1.86086
1.8587
1.85652
1.85432
1.85212
1.8499
1.84767
1.84545
1.84322
1.841
1.83878
1.83657
1.83437
1.83218
1.83002
1.82787
1.82574
1.82364
1.82156
1.81952
1.81751
1.81553
1.81358
1.81168
1.80981
1.80799
1.80621
1.80447
1.80278
1.80113
1.79954
1.79799
1.7965
1.79506
1.79367
1.79233
1.79105
1.78983
1.78866
1.78754
1.78649
1.78549
1.78454
1.78366
1.78284
1.78207
1.78136
1.7807
1.78011
1.77957
1.77908
1.77866
1.77828
1.77796
1.7777
1.77749
1.77732
1.7772
1.77714
1.77711
1.77713
1.7772
1.7773
1.77744
1.77762
1.77784
1.77809
1.77837
1.77867
1.77901
1.77937
1.77975
1.78015
1.78057
1.781
1.78145
1.78191
1.78238
1.78286
1.78334
1.78383
1.78431
1.7848
1.78528
1.78575
1.78622
1.78668
1.78713
1.78756
1.78798
1.78839
1.78877
1.78914
1.78948
1.78981
1.79011
1.79038
1.79063
1.79085
1.79104
1.79121
1.79134
1.79144
1.79152
1.79155
1.79156
1.79153
1.79147
1.79138
1.79125
1.79109
1.79089
1.79066
1.79039
1.79008
1.78975
1.78937
1.78896
1.78852
1.78804
1.78752
1.78698
1.7864
1.78578
1.78513
1.78445
1.78374
1.783
1.78222
1.78142
1.78059
1.77973
1.77885
1.77794
1.77701
1.77605
1.77508
1.77408
1.77307
1.77204
1.77099
1.76994
1.76887
1.76779
1.76671
1.76562
1.76454
1.76345
1.76236
1.76128
1.7602
1.75913
1.75807
1.75703
1.756
1.75499
1.75399
1.75302
1.75207
1.75115
1.75025
1.74938
1.74854
1.74773
1.74695
1.7462
1.74548
1.7448
1.74414
1.74353
1.74294
1.74239
1.74186
1.74137
1.74091
1.74048
1.74007
1.73969
1.73934
1.73901
1.7387
1.73841
1.73814
1.73789
1.73765
1.73742
1.7372
1.73699
1.73679
1.7366
1.7364
1.73621
1.73602
1.73583
1.73563
1.73544
1.73524
1.73503
1.73482
1.7346
1.73437
1.73414
1.7339
1.73365
1.7334
1.73315
1.73289
1.73262
1.73235
1.73208
1.73181
1.73154
1.73127
1.731
1.73074
1.73048
1.73023
1.72999
1.72977
1.72955
1.72936
1.72917
1.72901
1.72887
1.72875
1.72866
1.72859
1.72854
1.72853
1.72854
1.72858
1.72865
1.72876
1.7289
1.72907
1.72927
1.72951
1.72978
1.73008
1.73042
1.73079
1.73119
1.73163
1.73209
1.73258
1.7331
1.73365
1.73422
1.73481
1.73543
1.73606
1.73672
1.73739
1.73807
1.73876
1.73947
1.74018
1.7409
1.74161
1.74233
1.74305
1.74376
1.74447
1.74517
1.74586
1.74654
1.7472
1.74785
1.74848
1.74909
1.74968
1.75024
1.75079
1.75131
1.7518
1.75228
1.75272
1.75314
1.75353
1.75389
1.75423
1.75454
1.75482
1.75508
1.75531
1.75552
1.7557
1.75585
1.75598
1.7561
1.75619
1.75626
1.75632
1.75635
1.75638
1.75639
1.75638
1.75637
1.75635
1.75633
1.7563
1.75627
1.75623
1.7562
1.75617
1.75615
1.75613
1.75612
1.75611
1.75612
1.75615
1.75618
1.75623
1.7563
1.75638
1.75649
1.75661
1.75675
1.75691
1.75709
1.75729
1.75752
1.75777
1.75803
1.75832
1.75863
1.75896
1.75931
1.75967
1.76006
1.76046
1.76087
1.7613
1.76175
1.7622
1.76266
1.76314
1.76362
1.7641
1.76459
1.76509
1.76558
1.76607
1.76656
1.76704
1.76752
1.76798
1.76844
1.76889
1.76932
1.76973
1.77013
1.77051
1.77087
1.77122
1.77154
1.77183
1.77211
1.77235
1.77258
1.77277
1.77294
1.77308
1.77319
1.77328
1.77333
1.77336
1.77335
1.77332
1.77325
1.77316
1.77303
1.77288
1.7727
1.77249
1.77225
1.77198
1.77169
1.77137
1.77102
1.77065
1.77026
1.76984
1.7694
1.76894
1.76846
1.76796
1.76744
1.7669
1.76635
1.76578
1.7652
1.7646
1.764
1.76338
1.76276
1.76212
1.76148
1.76084
1.76019
1.75954
1.75889
1.75824
1.75759
1.75695
1.75631
1.75567
1.75505
1.75442
1.75381
1.75321
1.75262
1.75203
1.75146
1.7509
1.75036
1.74983
1.74931
1.74881
1.74832
1.74785
1.7474
1.74695
1.74653
1.74611
1.74571
1.74533
1.74495
1.74459
1.74424
1.7439
1.74358
1.74326
1.74294
1.74263
1.74233
1.74203
1.74173
1.74142
1.74112
1.74081
1.74049
1.74017
1.73983
1.73948
1.73911
1.73873
1.73832
1.73789
1.73744
1.73695
1.73644
1.73589
1.73531
1.73469
1.73403
1.73333
1.73259
1.7318
1.73097
1.73009
1.72915
1.72817
1.72713
1.72604
1.7249
1.7237
1.72245
1.72114
1.71978
1.71836
1.71689
1.71537
1.7138
1.71217
1.7105
1.70878
1.70702
1.70521
1.70337
1.70148
1.69957
1.69762
1.69565
1.69366
1.69165
1.68962
1.68758
1.68554
1.6835
1.68146
1.67943
1.67741
1.67541
1.67344
1.67149
1.66958
1.66771
1.66588
1.6641
1.66237
1.6607
1.65909
1.65755
1.65607
1.65467
1.65334
1.65209
1.65092
1.64984
1.64884
1.64792
1.64709
1.64635
1.6457
1.64513
1.64466
1.64427
1.64397
1.64375
1.64362
1.64357
1.6436
1.6437
1.64388
1.64413
1.64444
1.64483
1.64527
1.64577
1.64632
1.64692
1.64757
1.64826
1.64899
1.64975
1.65055
1.65137
1.65221
1.65307
1.65395
1.65483
1.65573
1.65663
1.65754
1.65844
1.65934
1.66024
1.66113
1.662
1.66287
1.66372
1.66455
1.66537
1.66617
1.66694
1.6677
1.66842
1.66913
1.66981
1.67047
1.6711
1.6717
1.67228
1.67283
1.67336
1.67386
1.67433
1.67478
1.6752
1.6756
1.67598
1.67633
1.67666
1.67697
1.67727
1.67754
1.6778
1.67804
1.67826
1.67848
1.67869
1.67889
1.67908
1.67928
1.67947
1.67966
1.67985
1.68005
1.68026
1.68048
1.68071
1.68095
1.68122
1.68151
1.68182
1.68215
1.68251
1.68291
1.68333
1.68379
1.68429
1.68483
1.6854
1.68602
1.68668
1.68739
1.68814
1.68893
1.68977
1.69066
1.6916
1.69258
1.69361
1.69468
1.6958
1.69696
1.69816
1.6994
1.70068
1.70199
1.70333
1.70471
1.70611
1.70753
1.70897
1.71043
1.7119
1.71338
1.71486
1.71634
1.71781
1.71928
1.72073
1.72217
1.72358
1.72496
1.72632
1.72763
1.72891
1.73014
1.73133
1.73246
1.73353
1.73455
1.7355
1.73639
1.73721
1.73796
1.73863
1.73923
1.73974
1.74018
1.74054
1.74081
1.74099
1.7411
1.74111
1.74104
1.74088
1.74064
1.74031
1.7399
1.73941
1.73883
1.73818
1.73744
1.73663
1.73575
1.73479
1.73376
1.73267
1.73152
1.7303
1.72904
1.72771
1.72634
1.72493
1.72347
1.72197
1.72044
1.71888
1.7173
1.7157
1.71407
1.71243
1.71079
1.70914
1.70748
1.70583
1.70418
1.70254
1.70092
1.6993
1.69771
1.69614
1.6946
1.69308
1.69159
1.69013
1.68871
1.68732
1.68597
1.68466
1.68339
1.68216
1.68097
1.67983
1.67873
1.67768
1.67667
1.67571
1.67479
1.67392
1.67309
1.67231
1.67158
1.67089
1.67025
1.66965
1.66909
1.66858
1.66811
1.66768
1.66729
1.66695
1.66663
1.66636
1.66613
1.66592
1.66576
1.66562
1.66552
1.66545
1.6654
1.66539
1.6654
1.66544
1.6655
1.66559
1.66569
1.66581
1.66596
1.66612
1.66629
1.66648
1.66668
1.66689
1.66711
1.66733
1.66757
1.6678
1.66804
1.66828
1.66852
1.66875
1.66898
1.66921
1.66943
1.66964
1.66984
1.67002
1.6702
1.67036
1.6705
1.67062
1.67072
1.67081
1.67087
1.6709
1.67092
1.6709
1.67086
1.6708
1.6707
1.67057
1.67042
1.67023
1.67001
1.66975
1.66946
1.66914
1.66879
1.6684
1.66797
1.66751
1.66702
1.66649
1.66593
1.66533
1.66471
1.66405
1.66336
1.66263
1.66188
1.6611
1.66029
1.65945
1.65859
1.65771
1.6568
1.65588
1.65493
1.65397
1.65299
1.65201
1.65101
1.65
1.64899
1.64798
1.64696
1.64595
1.64494
1.64394
1.64294
1.64196
1.641
1.64005
1.63912
1.63821
1.63733
1.63648
1.63566
1.63487
1.63412
1.63341
1.63273
1.6321
1.63151
1.63097
1.63048
1.63004
1.62965
1.62932
1.62904
1.62882
1.62866
1.62856
1.62852
1.62853
1.62861
1.62875
1.62895
1.62922
1.62954
1.62993
1.63037
1.63087
1.63143
1.63205
1.63273
1.63346
1.63424
1.63508
1.63597
1.6369
1.63788
1.63891
1.63998
1.64109
1.64224
1.64343
1.64465
1.64591
1.64719
1.64851
1.64985
1.65121
1.65259
1.65399
1.65542
1.65685
1.6583
1.65976
1.66123
1.6627
1.66419
1.66567
1.66717
1.66866
1.67015
1.67165
1.67314
1.67464
1.67613
1.67762
1.67911
1.68059
1.68207
1.68355
1.68503
1.6865
1.68798
1.68945
1.69092
1.69239
1.69386
1.69534
1.69681
1.69829
1.69977
1.70125
1.70274
1.70423
1.70573
1.70724
1.70875
1.71027
1.7118
1.71334
1.71488
1.71644
1.71801
1.71958
1.72116
1.72276
1.72436
1.72597
1.72759
1.72921
1.73084
1.73248
1.73412
1.73576
1.73741
1.73905
1.7407
1.74234
1.74398
1.74561
1.74723
1.74885
1.75046
1.75205
1.75363
1.75518
1.75672
1.75824
1.75974
1.76121
1.76265
1.76406
1.76544
1.76679
1.7681
1.76937
1.7706
1.77178
1.77293
1.77402
1.77507
1.77607
1.77702
1.77792
1.77876
1.77954
1.78027
1.78094
1.78156
1.78211
1.7826
1.78304
1.78341
1.78371
1.78396
1.78414
1.78426
1.78431
1.7843
1.78422
1.78408
1.78387
1.78361
1.78327
1.78288
1.78242
1.7819
1.78131
1.78067
1.77996
1.7792
1.77837
1.77749
1.77655
1.77555
1.7745
1.77339
1.77224
1.77103
1.76977
1.76846
1.76711
1.76571
1.76426
1.76278
1.76125
1.75969
1.75809
1.75646
1.7548
1.75311
1.75139
1.74964
1.74787
1.74609
1.74429
1.74247
1.74064
1.73881
1.73697
1.73513
1.73329
1.73145
1.72963
1.72781
1.72601
1.72423
1.72247
1.72074
1.71903
1.71735
1.71571
1.71411
1.71255
1.71103
1.70955
1.70813
1.70675
1.70542
1.70414
1.70292
1.70176
1.70064
1.69959
1.6986
1.69766
1.69677
1.69595
1.69517
1.69446
1.69379
1.69318
1.69262
1.69211
1.69165
1.69124
1.69087
1.69054
1.69025
1.68999
1.68977
1.68959
1.68943
1.6893
1.6892
1.68912
1.68907
1.68904
1.68903
1.68903
1.68905
1.68909
1.68914
1.68921
1.68929
1.68938
1.68949
1.68961
1.68974
1.68988
1.69003
1.6902
1.69037
1.69057
1.69077
1.69099
1.69123
1.69148
1.69175
1.69203
1.69234
1.69266
1.693
1.69336
1.69374
1.69415
1.69458
1.69503
1.6955
1.696
1.69653
1.69708
1.69766
1.69826
1.69889
1.69955
1.70024
1.70096
1.70171
1.70249
1.7033
1.70414
1.70502
1.70593
1.70686
1.70784
1.70884
1.70988
1.71095
1.71205
1.71318
1.71435
1.71555
1.71678
1.71804
1.71934
1.72067
1.72203
1.72342
1.72483
1.72628
1.72775
1.72925
1.73078
1.73233
1.7339
1.73549
1.7371
1.73873
1.74037
1.74203
1.7437
1.74538
1.74707
1.74876
1.75045
1.75215
1.75385
1.75554
1.75723
1.75891
1.76058
1.76224
1.76388
1.76551
1.76712
1.76872
1.77028
1.77183
1.77335
1.77484
1.7763
1.77773
1.77913
1.78049
1.78181
1.7831
1.78435
1.78556
1.78672
1.78785
1.78893
1.78997
1.79096
1.79191
1.79281
1.79367
1.79447
1.79523
1.79594
1.7966
1.79722
1.79778
1.79829
1.79876
1.79917
1.79954
1.79986
1.80013
1.80035
1.80052
1.80064
1.80071
1.80074
1.80072
1.80065
1.80054
1.80038
1.80018
1.79993
1.79964
1.79931
1.79894
1.79853
1.79807
1.79758
1.79706
1.79649
1.7959
1.79527
1.79461
1.79391
1.79319
1.79245
1.79167
1.79088
1.79006
1.78921
1.78836
1.78748
1.78659
1.78568
1.78477
1.78384
1.78291
1.78197
1.78102
1.78008
1.77913
1.77818
1.77724
1.7763
1.77537
1.77444
1.77353
1.77262
1.77173
1.77085
1.76999
1.76915
1.76833
1.76752
1.76674
1.76598
1.76525
1.76454
1.76385
1.7632
1.76257
1.76197
1.76139
1.76085
1.76034
1.75986
1.75941
1.75899
1.7586
1.75825
1.75793
1.75764
1.75738
1.75716
1.75697
1.75681
1.75668
1.75659
1.75652
1.75649
1.75649
1.75651
1.75657
1.75666
1.75677
1.75691
1.75708
1.75727
1.75748
1.75772
1.75798
1.75827
1.75857
1.75889
1.75923
1.75959
1.75996
1.76034
1.76074
1.76115
1.76157
1.762
1.76243
1.76287
1.76332
1.76378
1.76423
1.76469
1.76515
1.76561
1.76607
1.76653
1.76699
1.76744
1.76789
1.76833
1.76877
1.7692
1.76962
1.77004
1.77044
1.77084
1.77123
1.77161
1.77199
1.77235
1.77271
1.77305
1.77339
1.77371
1.77403
1.77434
1.77464
1.77493
1.77521
1.77548
1.77573
1.77598
1.77622
1.77644
1.77666
1.77686
1.77705
1.77722
1.77737
1.77751
1.77764
1.77774
1.77783
1.77789
1.77793
1.77794
1.77793
1.77789
1.77782
1.77772
1.77759
1.77741
1.77721
1.77696
1.77667
1.77634
1.77597
1.77555
1.77508
1.77456
1.77399
1.77337
1.77269
1.77196
1.77117
1.77032
1.76942
1.76845
1.76742
1.76633
1.76518
1.76397
1.76269
1.76135
1.75995
1.75848
1.75695
1.75537
1.75372
1.75201
1.75024
1.74842
1.74654
1.7446
1.74261
1.74057
1.73848
1.73634
1.73416
1.73193
1.72966
1.72736
1.72501
1.72263
1.72023
1.71779
1.71533
1.71285
1.71035
1.70784
1.70532
1.70278
1.70024
1.69771
1.69517
1.69265
1.69013
1.68763
1.68515
1.68269
1.68026
1.67785
1.67548
1.67315
1.67085
1.6686
1.6664
1.66425
1.66215
1.66011
1.65812
1.6562
1.65434
1.65254
1.65081
1.64915
1.64756
1.64604
1.6446
1.64323
1.64193
1.64071
1.63956
1.63848
1.63748
1.63655
1.6357
1.63491
1.6342
1.63355
1.63297
1.63245
1.632
1.63161
1.63128
1.63101
1.6308
1.63064
1.63053
1.63048
1.63047
1.63051
1.63059
1.63072
1.63089
1.63109
1.63133
1.63161
1.63192
1.63226
1.63263
1.63303
1.63346
1.63391
1.63438
1.63488
1.63541
1.63595
1.63652
1.6371
1.63771
1.63833
1.63897
1.63963
1.64031
1.641
1.64171
1.64244
1.64319
1.64395
1.64474
1.64554
1.64636
1.6472
1.64806
1.64894
1.64985
1.65077
1.65173
1.6527
1.6537
1.65473
1.65579
1.65688
1.65799
1.65914
1.66032
1.66153
1.66278
1.66406
1.66538
1.66673
1.66812
1.66954
1.671
1.6725
1.67403
1.67561
1.67722
1.67886
1.68055
1.68226
1.68401
1.6858
1.68761
1.68946
1.69134
1.69324
1.69517
1.69712
1.6991
1.7011
1.70312
1.70515
1.7072
1.70926
1.71133
1.7134
1.71548
1.71756
1.71964
1.72172
1.72379
1.72586
1.72791
1.72996
1.73199
1.734
1.736
1.73797
1.73993
1.74186
1.74376
1.74564
1.74748
1.74929
1.75107
1.75281
1.75452
1.75618
1.7578
1.75938
1.76092
1.76241
1.76385
1.76525
1.76659
1.76788
1.76912
1.7703
1.77143
1.7725
1.77351
1.77445
1.77534
1.77616
1.77692
1.77761
1.77824
1.77879
1.77928
1.7797
1.78004
1.78031
1.7805
1.78062
1.78066
1.78063
1.78051
1.78032
1.78005
1.7797
1.77927
1.77875
1.77816
1.77748
1.77673
1.77589
1.77497
1.77397
1.77289
1.77174
1.77051
1.7692
1.76781
1.76635
1.76482
1.76322
1.76155
1.75982
1.75802
1.75617
1.75426
1.75229
1.75028
1.74822
1.74611
1.74397
1.7418
1.73959
1.73737
1.73512
1.73286
1.73059
1.72832
1.72605
1.7238
1.72156
1.71933
1.71714
1.71498
1.71286
1.71078
1.70876
1.7068
1.70489
1.70306
1.70131
1.69963
1.69804
1.69654
1.69513
1.69383
1.69263
1.69153
1.69054
1.68967
1.68891
1.68826
1.68774
1.68733
1.68704
1.68687
1.68682
1.68688
1.68706
1.68736
1.68776
1.68827
1.68888
1.68959
1.6904
1.6913
1.69229
1.69337
1.69452
1.69575
1.69704
1.6984
1.69983
1.7013
1.70283
1.7044
1.70601
1.70766
1.70934
1.71105
1.71278
1.71453
1.71629
1.71807
1.71985
1.72164
1.72343
1.72522
1.72701
1.72879
1.73056
1.73232
1.73407
1.7358
1.73751
1.73921
1.74088
1.74253
1.74416
1.74576
1.74733
1.74888
1.75039
1.75188
1.75332
1.75473
1.75611
1.75744
1.75873
1.75998
1.76118
1.76234
1.76345
1.76451
1.76552
1.76648
1.76738
1.76822
1.76901
1.76973
1.77039
1.77099
1.77152
1.77198
1.77238
1.7727
1.77294
1.77311
1.7732
1.77321
1.77314
1.77299
1.77275
1.77243
1.77203
1.77153
1.77095
1.77028
1.76952
1.76867
1.76773
1.76669
1.76557
1.76435
1.76304
1.76164
1.76015
1.75857
1.7569
1.75515
1.7533
1.75138
1.74936
1.74727
1.7451
1.74284
1.74051
1.73811
1.73564
1.7331
1.73049
1.72782
1.7251
1.72231
1.71948
1.7166
1.71367
1.71071
1.70771
1.70468
1.70162
1.69854
1.69545
1.69234
1.68923
1.68612
1.68301
1.67991
1.67683
1.67377
1.67074
1.66773
1.66477
1.66185
1.65897
1.65615
1.65339
1.6507
1.64807
1.64552
1.64305
1.64066
1.63837
1.63616
1.63406
1.63206
1.63016
1.62837
1.62669
1.62513
1.62369
1.62237
1.62117
1.62009
1.61913
1.61831
1.6176
1.61703
1.61658
1.61626
1.61607
1.616
1.61606
1.61624
1.61654
1.61696
1.6175
1.61815
1.61891
1.61978
1.62076
1.62184
1.62301
1.62428
1.62564
1.62709
1.62862
1.63023
1.63191
1.63366
1.63548
1.63736
1.6393
1.64129
1.64332
1.6454
1.64752
1.64968
1.65187
1.65408
1.65632
1.65857
1.66084
1.66312
1.66541
1.6677
1.66998
1.67226
1.67454
1.6768
1.67905
1.68128
1.68348
1.68567
1.68782
1.68994
1.69203
1.69408
1.69609
1.69806
1.69999
1.70186
1.70369
1.70546
1.70718
1.70884
1.71044
1.71198
1.71345
1.71486
1.7162
1.71746
1.71866
1.71978
1.72083
1.7218
1.72269
1.72349
1.72422
1.72486
1.72541
1.72588
1.72625
1.72654
1.72673
1.72684
1.72685
1.72676
1.72658
1.7263
1.72593
1.72546
1.72489
1.72422
1.72346
1.7226
1.72164
1.72058
1.71942
1.71817
1.71682
1.71537
1.71383
1.7122
1.71047
1.70866
1.70676
1.70477
1.70269
1.70054
1.6983
1.69599
1.6936
1.69114
1.68861
1.68602
1.68336
1.68064
1.67787
1.67504
1.67217
1.66925
1.66629
1.66328
1.66025
1.65719
1.65409
1.65098
1.64785
1.6447
1.64154
1.63838
1.63522
1.63205
1.6289
1.62575
1.62262
1.6195
1.61641
1.61334
1.6103
1.6073
1.60434
1.60141
1.59854
1.59571
1.59294
1.59023
1.58758
1.585
1.58249
1.58005
1.57769
1.57541
1.57322
1.57112
1.56911
1.5672
1.56539
1.56368
1.56208
1.56059
1.55921
1.55794
1.55679
1.55576
1.55484
1.55404
1.55336
1.55281
1.55237
1.55205
1.55185
1.55176
1.55179
1.55193
1.55218
1.55254
1.553
1.55356
1.55421
1.55495
1.55577
1.55668
1.55766
1.5587
1.55981
1.56098
1.5622
1.56346
1.56476
1.56609
1.56744
1.56882
1.57021
1.57161
1.57302
1.57442
1.57582
1.5772
1.57857
1.57992
1.58124
1.58253
1.5838
1.58503
1.58622
1.58737
1.58848
1.58955
1.59057
1.59154
1.59247
1.59335
1.59418
1.59496
1.5957
1.59638
1.59702
1.59762
1.59817
1.59868
1.59914
1.59956
1.59994
1.60029
1.6006
1.60087
1.60111
1.60132
1.60151
1.60167
1.6018
1.60191
1.602
1.60207
1.60213
1.60218
1.60221
1.60223
1.60224
1.60224
1.60224
1.60223
1.60222
1.60221
1.6022
1.60218
1.60217
1.60216
1.60214
1.60214
1.60213
1.60214
1.60214
1.60216
1.60217
1.6022
1.60224
1.60228
1.60233
1.6024
1.60247
1.60255
1.60264
1.60275
1.60286
1.603
1.60314
1.6033
1.60347
1.60367
1.60388
1.60411
1.60436
1.60463
1.60492
1.60524
1.60558
1.60594
1.60634
1.60676
1.60721
1.60769
1.60821
1.60876
1.60934
1.60996
1.61061
1.6113
1.61203
1.6128
1.61361
1.61446
1.61535
1.61628
1.61726
1.61828
1.61934
1.62045
1.62159
1.62278
1.62401
1.62528
1.62659
1.62794
1.62932
1.63074
1.63219
1.63367
1.63518
1.63671
1.63827
1.63985
1.64144
1.64305
1.64467
1.64629
1.64792
1.64955
1.65117
1.65278
1.65438
1.65595
1.65751
1.65904
1.66053
1.66199
1.66341
1.66479
1.66611
1.66739
1.6686
1.66975
1.67084
1.67186
1.67281
1.67368
1.67447
1.67518
1.67581
1.67636
1.67682
1.67719
1.67746
1.67765
1.67774
1.67774
1.67765
1.67747
1.67719
1.67683
1.67637
1.67583
1.6752
1.67448
1.67368
1.67281
1.67186
1.67083
1.66974
1.66858
1.66736
1.66609
1.66476
1.66338
1.66196
1.66051
1.65902
1.65751
1.65597
1.65442
1.65286
1.65129
1.64972
1.64816
1.64661
1.64508
1.64357
1.64208
1.64063
1.63922
1.63784
1.63652
1.63524
1.63401
1.63285
1.63174
1.63069
1.62971
1.6288
1.62795
1.62718
1.62648
1.62585
1.62529
1.6248
1.62439
1.62405
1.62378
1.62357
1.62344
1.62337
1.62337
1.62343
1.62356
1.62374
1.62397
1.62426
1.6246
1.62498
1.62541
1.62589
1.6264
1.62694
1.62752
1.62813
1.62877
1.62944
1.63012
1.63082
1.63155
1.63228
1.63302
1.63377
1.63453
1.63528
1.63604
1.63679
1.63754
1.63828
1.63901
1.63972
1.64042
1.6411
1.64176
1.6424
1.64301
1.64359
1.64414
1.64466
1.64515
1.6456
1.64602
1.64639
1.64673
1.64702
1.64727
1.64747
1.64762
1.64773
1.64778
1.64779
1.64774
1.64764
1.64748
1.64727
1.647
1.64667
1.64629
1.64585
1.64534
1.64478
1.64415
1.64347
1.64272
1.64191
1.64103
1.6401
1.6391
1.63805
1.63692
1.63574
1.6345
1.63319
1.63182
1.6304
1.62891
1.62736
1.62575
1.62408
1.62235
1.62056
1.61872
1.61682
1.61486
1.61285
1.61078
1.60866
1.60649
1.60426
1.60199
1.59966
1.59728
1.59486
1.59239
1.58987
1.58731
1.58471
1.58207
1.57938
1.57666
1.5739
1.5711
1.56827
1.56541
1.56252
1.5596
1.55665
1.55368
1.55069
1.54768
1.54465
1.54161
1.53855
1.53549
1.53243
1.52936
1.52629
1.52324
1.52019
1.51716
1.51415
1.51116
1.50821
1.50528
1.5024
1.49957
1.49679
1.49406
1.49141
1.48882
1.48631
1.48389
1.48156
1.47933
1.47721
1.4752
1.4733
1.47154
1.4699
1.46841
1.46706
1.46586
1.46482
1.46394
1.46323
1.46268
1.46231
1.46211
1.4621
1.46226
1.46261
1.46314
1.46385
1.46474
1.46581
1.46706
1.46848
1.47008
1.47185
1.47378
1.47587
1.47811
1.48051
1.48305
1.48572
1.48853
1.49146
1.49451
1.49768
1.50094
1.5043
1.50776
1.51129
1.5149
1.51858
1.52232
1.52612
1.52996
1.53384
1.53775
1.54169
1.54565
1.54962
1.5536
1.55758
1.56155
1.56551
1.56945
1.57337
1.57726
1.58112
1.58494
1.58871
1.59244
1.59612
1.59974
1.6033
1.6068
1.61023
1.6136
1.61689
1.6201
1.62324
1.62631
1.62929
1.63219
1.635
1.63773
1.64038
1.64294
1.64542
1.64781
1.65011
1.65233
1.65446
1.65651
1.65847
1.66036
1.66216
1.66388
1.66552
1.66709
1.66858
1.66999
1.67134
1.67261
1.67381
1.67495
1.67601
1.67702
1.67796
1.67884
1.67967
1.68043
1.68114
1.68179
1.6824
1.68294
1.68344
1.68389
1.6843
1.68465
1.68496
1.68522
1.68544
1.68562
1.68575
1.68584
1.68588
1.68589
1.68585
1.68577
1.68565
1.68549
1.68529
1.68505
1.68476
1.68444
1.68407
1.68367
1.68322
1.68274
1.68221
1.68165
1.68105
1.6804
1.67972
1.679
1.67824
1.67744
1.67661
1.67573
1.67482
1.67387
1.67289
1.67187
1.67081
1.66973
1.66861
1.66746
1.66628
1.66507
1.66384
1.66258
1.66129
1.65998
1.65866
1.65731
1.65594
1.65456
1.65316
1.65176
1.65034
1.64892
1.64748
1.64605
1.64462
1.64318
1.64175
1.64033
1.63891
1.63751
1.63612
1.63475
1.6334
1.63206
1.63075
1.62947
1.62822
1.627
1.62582
1.62467
1.62357
1.62251
1.6215
1.62053
1.61963
1.61877
1.61798
1.61724
1.61657
1.61597
1.61543
1.61496
1.61456
1.61424
1.614
1.61383
1.61374
1.61373
1.6138
1.61395
1.61419
1.61451
1.61491
1.6154
1.61597
1.61662
1.61736
1.61818
1.61908
1.62007
1.62113
1.62227
1.62349
1.62478
1.62615
1.62759
1.6291
1.63068
1.63232
1.63403
1.6358
1.63763
1.63951
1.64145
1.64343
1.64547
1.64755
1.64967
1.65183
1.65403
1.65626
1.65852
1.66082
1.66314
1.66548
1.66785
1.67023
1.67263
1.67505
1.67747
1.67991
1.68235
1.6848
1.68724
1.68969
1.69213
1.69457
1.697
1.69941
1.70181
1.70419
1.70656
1.70889
1.71121
1.71349
1.71574
1.71795
1.72012
1.72224
1.72432
1.72635
1.72832
1.73023
1.73208
1.73386
1.73557
1.73721
1.73877
1.74024
1.74163
1.74293
1.74413
1.74523
1.74624
1.74714
1.74793
1.74861
1.74917
1.74961
1.74993
1.75013
1.7502
1.75014
1.74996
1.74964
1.74918
1.74859
1.74787
1.74701
1.74602
1.74489
1.74362
1.74222
1.74069
1.73902
1.73723
1.7353
1.73325
1.73108
1.72879
1.72638
1.72386
1.72123
1.7185
1.71567
1.71275
1.70974
1.70666
1.7035
1.70027
1.69698
1.69364
1.69025
1.68683
1.68338
1.67991
1.67642
1.67293
1.66944
1.66597
1.66251
1.65909
1.6557
1.65236
1.64907
1.64584
1.64268
1.6396
1.6366
1.6337
1.63089
1.62818
1.62558
1.6231
1.62073
1.61849
1.61637
1.61439
1.61253
1.61081
1.60923
1.60779
1.60648
1.60531
1.60428
1.60338
1.60262
1.602
1.6015
1.60114
1.6009
1.60078
1.60078
1.60089
1.60112
1.60144
1.60187
1.6024
1.60301
1.60371
1.60449
1.60535
1.60627
1.60726
1.6083
1.6094
1.61055
1.61175
1.61298
1.61424
1.61554
1.61685
1.61819
1.61954
1.62091
1.62228
1.62366
1.62503
1.62641
1.62777
1.62913
1.63048
1.63181
1.63313
1.63443
1.63571
1.63697
1.6382
1.6394
1.64058
1.64173
1.64285
1.64394
1.64499
1.64601
1.647
1.64795
1.64887
1.64975
1.6506
1.65141
1.65218
1.65291
1.65361
1.65427
1.65489
1.65547
1.65602
1.65653
1.657
1.65744
1.65783
1.6582
1.65852
1.65881
1.65907
1.65929
1.65947
1.65963
1.65976
1.65985
1.65992
1.65996
1.65998
1.65998
1.65996
1.65991
1.65986
1.65978
1.6597
1.65961
1.65951
1.65941
1.65931
1.65921
1.65911
1.65902
1.65895
1.65888
1.65883
1.6588
1.65879
1.6588
1.65884
1.65891
1.659
1.65913
1.65928
1.65947
1.65969
1.65995
1.66024
1.66056
1.66092
1.6613
1.66172
1.66216
1.66264
1.66313
1.66365
1.66419
1.66474
1.66531
1.66589
1.66648
1.66707
1.66766
1.66825
1.66883
1.66941
1.66997
1.67052
1.67105
1.67156
1.67205
1.67251
1.67295
1.67335
1.67372
1.67406
1.67437
1.67463
1.67486
1.67506
1.67521
1.67533
1.6754
1.67544
1.67544
1.6754
1.67532
1.6752
1.67504
1.67484
1.6746
1.67432
1.67401
1.67366
1.67326
1.67283
1.67237
1.67186
1.67131
1.67073
1.67011
1.66944
1.66874
1.668
1.66721
1.66638
1.66551
1.6646
1.66364
1.66264
1.66159
1.6605
1.65936
1.65818
1.65695
1.65567
1.65435
1.65298
1.65156
1.65009
1.64858
1.64702
1.64541
1.64376
1.64207
1.64033
1.63856
1.63674
1.63488
1.63299
1.63107
1.62911
1.62712
1.6251
1.62306
1.62099
1.6189
1.61679
1.61466
1.61252
1.61037
1.60821
1.60603
1.60386
1.60168
1.59949
1.59731
1.59513
1.59295
1.59078
1.58861
1.58646
1.58431
1.58218
1.58006
1.57795
1.57586
1.57378
1.57172
1.56967
1.56765
1.56565
1.56367
1.5617
1.55976
1.55785
1.55595
1.55408
1.55224
1.55042
1.54863
1.54687
1.54513
1.54343
1.54175
1.54011
1.5385
1.53692
1.53537
1.53387
1.53239
1.53096
1.52956
1.52821
1.52689
1.52562
1.52439
1.52321
1.52207
1.52098
1.51994
1.51894
1.518
1.51711
1.51628
1.5155
1.51477
1.5141
1.51349
1.51294
1.51244
1.51201
1.51164
1.51132
1.51108
1.51089
1.51077
1.51071
1.51072
1.51078
1.51092
1.51112
1.51138
1.5117
1.51209
1.51254
1.51305
1.51361
1.51424
1.51493
1.51567
1.51646
1.51731
1.51821
1.51916
1.52015
1.52118
1.52226
1.52337
1.52452
1.5257
1.52691
1.52815
1.5294
1.53068
1.53198
1.53329
1.53461
1.53594
1.53727
1.53861
1.53994
1.54126
1.54258
1.54389
1.54518
1.54645
1.54771
1.54894
1.55015
1.55133
1.55248
1.55359
1.55468
1.55573
1.55674
1.55772
1.55865
1.55954
1.5604
1.56121
1.56197
1.56269
1.56337
1.564
1.56459
1.56513
1.56563
1.56608
1.56649
1.56686
1.56718
1.56747
1.56771
1.56791
1.56808
1.5682
1.5683
1.56835
1.56838
1.56837
1.56834
1.56827
1.56818
1.56806
1.56791
1.56775
1.56756
1.56736
1.56714
1.5669
1.56665
1.56638
1.56611
1.56584
1.56555
1.56527
1.56498
1.5647
1.56442
1.56415
1.5639
1.56365
1.56342
1.5632
1.56301
1.56285
1.56271
1.56261
1.56254
1.56252
1.56253
1.56259
1.56271
1.56288
1.5631
1.56339
1.56374
1.56417
1.56467
1.56524
1.5659
1.56665
1.56749
1.56841
1.56944
1.57057
1.5718
1.57314
1.57458
1.57614
1.57782
1.57961
1.58151
1.58354
1.58568
1.58795
1.59034
1.59284
1.59546
1.5982
1.60106
1.60403
1.60711
1.6103
1.61359
1.61698
1.62047
1.62404
1.6277
1.63145
1.63526
1.63915
1.6431
1.6471
1.65116
1.65526
1.65939
1.66355
1.66774
1.67193
1.67614
1.68035
1.68454
1.68873
1.69289
1.69703
1.70113
1.7052
1.70921
1.71318
1.71708
1.72093
1.7247
1.7284
1.73203
1.73557
1.73902
1.74238
1.74565
1.74881
1.75188
1.75483
1.75768
1.76042
1.76304
1.76555
1.76794
1.7702
1.77235
1.77437
1.77627
1.77804
1.77968
1.7812
1.78259
1.78385
1.78498
1.78599
1.78687
1.78762
1.78825
1.78875
1.78913
1.78939
1.78953
1.78956
1.78947
1.78927
1.78896
1.78855
1.78803
1.78742
1.78671
1.78591
1.78503
1.78407
1.78303
1.78193
1.78076
1.77954
1.77826
1.77694
1.77558
1.77419
1.77277
1.77134
1.76989
1.76844
1.767
1.76556
1.76414
1.76275
1.76138
1.76005
1.75876
1.75752
1.75634
1.75521
1.75415
1.75315
1.75222
1.75137
1.7506
1.74991
1.7493
1.74877
1.74833
1.74797
1.74769
1.7475
1.74739
1.74737
1.74742
1.74755
1.74776
1.74804
1.74838
1.7488
1.74928
1.74981
1.7504
1.75104
1.75173
1.75246
1.75322
1.75402
1.75485
1.75571
1.75659
1.75748
1.75839
1.75931
1.76023
1.76116
1.76208
1.763
1.76392
1.76483
1.76572
1.7666
1.76746
1.76831
1.76913
1.76993
1.77071
1.77146
1.77219
1.77289
1.77356
1.7742
1.77482
1.7754
1.77596
1.77648
1.77698
1.77745
1.77789
1.7783
1.77869
1.77905
1.77938
1.77969
1.77998
1.78025
1.78049
1.78071
1.78092
1.7811
1.78127
1.78143
1.78157
1.7817
1.78181
1.78192
1.78202
1.78211
1.78219
1.78227
1.78234
1.78241
1.78248
1.78255
1.78262
1.78269
1.78276
1.78283
1.7829
1.78297
1.78305
1.78314
1.78322
1.78331
1.7834
1.7835
1.7836
1.7837
1.7838
1.78391
1.78402
1.78413
1.78424
1.78435
1.78446
1.78457
1.78467
1.78477
1.78487
1.78496
1.78505
1.78513
1.78519
1.78525
1.7853
1.78533
1.78535
1.78535
1.78533
1.7853
1.78525
1.78517
1.78508
1.78496
1.78481
1.78464
1.78444
1.78421
1.78395
1.78366
1.78334
1.78298
1.78258
1.78216
1.78169
1.78118
1.78064
1.78006
1.77943
1.77877
1.77806
1.77732
1.77653
1.77569
1.77482
1.7739
1.77293
1.77193
1.77087
1.76978
1.76864
1.76746
1.76624
1.76498
1.76367
1.76233
1.76094
1.75952
1.75806
1.75655
1.75501
1.75344
1.75183
1.75019
1.74851
1.74681
1.74507
1.74331
1.74151
1.73969
1.73785
1.73598
1.73409
1.73217
1.73024
1.72829
1.72632
1.72434
1.72234
1.72033
1.71831
1.71627
1.71423
1.71218
1.71012
1.70806
1.706
1.70393
1.70185
1.69978
1.69771
1.69563
1.69356
1.6915
1.68943
1.68738
1.68532
1.68328
1.68124
1.67921
1.67719
1.67518
1.67318
1.67118
1.66921
1.66724
1.66528
1.66334
1.6614
1.65949
1.65758
1.65569
1.65382
1.65196
1.65012
1.64829
1.64647
1.64467
1.64289
1.64113
1.63938
1.63765
1.63594
1.63425
1.63258
1.63092
1.62929
1.62767
1.62608
1.6245
1.62295
1.62142
1.61992
1.61843
1.61697
1.61554
1.61413
1.61275
1.6114
1.61007
1.60877
1.60751
1.60627
1.60507
1.60391
1.60277
1.60168
1.60062
1.5996
1.59862
1.59768
1.59678
1.59593
1.59512
1.59436
1.59364
1.59297
1.59236
1.59179
1.59127
1.59081
1.59039
1.59004
1.58973
1.58948
1.58929
1.58915
1.58907
1.58904
1.58907
1.58915
1.58929
1.58949
1.58974
1.59005
1.59041
1.59083
1.5913
1.59183
1.5924
1.59304
1.59372
1.59445
1.59523
1.59607
1.59695
1.59787
1.59885
1.59987
1.60093
1.60204
1.60319
1.60438
1.60561
1.60688
1.60818
1.60952
1.61089
1.6123
1.61373
1.6152
1.61669
1.6182
1.61974
1.62131
1.62289
1.62449
1.6261
1.62773
1.62938
1.63103
1.6327
1.63437
1.63605
1.63774
1.63943
1.64111
1.6428
1.64449
1.64617
1.64785
1.64952
1.65118
1.65284
1.65448
1.65611
1.65773
1.65934
1.66093
1.66251
1.66406
1.6656
1.66713
1.66863
1.67011
1.67157
1.673
1.67442
1.67581
1.67718
1.67852
1.67984
1.68113
1.6824
1.68364
1.68486
1.68605
1.68721
1.68834
1.68944
1.69052
1.69156
1.69258
1.69356
1.69452
1.69544
1.69633
1.69719
1.69802
1.69881
1.69956
1.70029
1.70097
1.70162
1.70223
1.7028
1.70334
1.70384
1.70429
1.70471
1.70509
1.70542
1.70572
1.70598
1.70619
1.70636
1.7065
1.70659
1.70664
1.70665
1.70662
1.70655
1.70644
1.70629
1.70611
1.70588
1.70562
1.70533
1.705
1.70464
1.70424
1.70382
1.70337
1.70289
1.70239
1.70186
1.70131
1.70074
1.70015
1.69955
1.69893
1.69831
1.69767
1.69703
1.69638
1.69573
1.69508
1.69443
1.69379
1.69315
1.69251
1.69189
1.69128
1.69068
1.6901
1.68953
1.68898
1.68845
1.68794
1.68745
1.68698
1.68653
1.68611
1.68571
1.68533
1.68498
1.68465
1.68435
1.68407
1.68381
1.68357
1.68335
1.68315
1.68297
1.6828
1.68266
1.68252
1.6824
1.68229
1.68219
1.6821
1.68201
1.68192
1.68184
1.68175
1.68166
1.68157
1.68147
1.68136
1.68124
1.68111
1.68096
1.6808
1.68061
1.68041
1.68018
1.67993
1.67966
1.67936
1.67903
1.67866
1.67827
1.67785
1.67739
1.6769
1.67637
1.67581
1.67521
1.67457
1.6739
1.67319
1.67244
1.67166
1.67084
1.66997
1.66908
1.66814
1.66717
1.66615
1.66511
1.66403
1.66291
1.66176
1.66057
1.65935
1.6581
1.65682
1.65551
1.65416
1.6528
1.6514
1.64998
1.64854
1.64707
1.64558
1.64408
1.64255
1.64101
1.63945
1.63788
1.63629
1.63469
1.63308
1.63146
1.62984
1.62821
1.62657
1.62494
1.6233
1.62167
1.62004
1.61841
1.6168
1.61519
1.6136
1.61202
1.61046
1.60892
1.60739
1.60589
1.60441
1.60296
1.60154
1.60015
1.59879
1.59747
1.59619
1.59495
1.59375
1.5926
1.59149
1.59044
1.58943
1.58848
1.58759
1.58675
1.58596
1.58524
1.58458
1.58397
1.58343
1.58296
1.58254
1.58219
1.58191
1.58169
1.58153
1.58144
1.58141
1.58144
1.58154
1.58169
1.5819
1.58217
1.58249
1.58286
1.58328
1.58376
1.58427
1.58483
1.58543
1.58606
1.58673
1.58743
1.58816
1.58891
1.58969
1.59048
1.59129
1.59211
1.59294
1.59378
1.59462
1.59545
1.59629
1.59712
1.59794
1.59875
1.59954
1.60032
1.60109
1.60183
1.60256
1.60326
1.60393
1.60458
1.60521
1.60581
1.60637
1.60691
1.60742
1.60791
1.60836
1.60878
1.60918
1.60954
1.60988
1.61019
1.61048
1.61074
1.61097
1.61118
1.61137
1.61154
1.61169
1.61182
1.61194
1.61204
1.61213
1.6122
1.61227
1.61233
1.61238
1.61243
1.61247
1.61251
1.61255
1.61259
1.61263
1.61268
1.61273
1.61278
1.61284
1.61291
1.61299
1.61307
1.61317
1.61327
1.61339
1.61352
1.61366
1.61381
1.61398
1.61416
1.61436
1.61456
1.61478
1.61502
1.61526
1.61552
1.61579
1.61607
1.61637
1.61667
1.61699
1.61731
1.61765
1.61799
1.61834
1.61869
1.61905
1.61942
1.61979
1.62016
1.62053
1.62091
1.62128
1.62165
1.62202
1.62239
1.62275
1.62311
1.62346
1.6238
1.62414
1.62446
1.62478
1.62509
1.62539
1.62567
1.62595
1.62621
1.62645
1.62669
1.6269
1.62711
1.62729
1.62747
1.62763
1.62777
1.6279
1.62802
1.62813
1.62822
1.62829
1.62836
1.62841
1.62846
1.62849
1.62852
1.62854
1.62855
1.62857
1.62857
1.62858
1.62859
1.6286
1.62861
1.62863
1.62866
1.62871
1.62876
1.62883
1.62892
1.62903
1.62916
1.62931
1.62949
1.62971
1.62995
1.63023
1.63054
1.63089
1.63128
1.63171
1.63219
1.63271
1.63329
1.63391
1.63458
1.63531
1.63609
1.63693
1.63783
1.63879
1.6398
1.64088
1.64201
1.64321
1.64447
1.64579
1.64718
1.64862
1.65013
1.6517
1.65332
1.65501
1.65675
1.65855
1.6604
1.6623
1.66426
1.66625
1.6683
1.67039
1.67251
1.67468
1.67688
1.67911
1.68137
1.68365
1.68596
1.68828
1.69062
1.69297
1.69533
1.6977
1.70007
1.70244
1.7048
1.70716
1.70951
1.71185
1.71417
1.71647
1.71875
1.72101
1.72324
1.72544
1.72761
1.72974
1.73185
1.73391
1.73594
1.73793
1.73987
1.74177
1.74363
1.74544
1.7472
1.74892
1.75059
1.7522
1.75377
1.75529
1.75676
1.75817
1.75953
1.76084
1.7621
1.76331
1.76447
1.76557
1.76662
1.76761
1.76856
1.76945
1.77029
1.77108
1.77181
1.7725
1.77314
1.77372
1.77426
1.77475
1.77519
1.77557
1.77592
1.77621
1.77645
1.77665
1.7768
1.77691
1.77697
1.77699
1.77695
1.77688
1.77676
1.7766
1.77639
1.77614
1.77585
1.77552
1.77515
1.77474
1.77429
1.7738
1.77327
1.7727
1.7721
1.77146
1.77078
1.77007
1.76933
1.76855
1.76774
1.76689
1.76602
1.76511
1.76418
1.76322
1.76223
1.76122
1.76018
1.75912
1.75803
1.75693
1.7558
1.75465
1.75348
1.7523
1.7511
1.74988
1.74864
1.74739
1.74613
1.74485
1.74357
1.74227
1.74096
1.73963
1.7383
1.73696
1.7356
1.73424
1.73287
1.73148
1.73009
1.72868
1.72726
1.72583
1.72439
1.72293
1.72145
1.71996
1.71845
1.71692
1.71537
1.71379
1.7122
1.71058
1.70893
1.70726
1.70555
1.70382
1.70205
1.70025
1.69841
1.69654
1.69463
1.69268
1.69069
1.68866
1.68659
1.68448
1.68232
1.68012
1.67788
1.67559
1.67326
1.67089
1.66847
1.66602
1.66352
1.66099
1.65842
1.65581
1.65317
1.6505
1.6478
1.64507
1.64231
1.63954
1.63674
1.63393
1.6311
1.62827
1.62543
1.62259
1.61975
1.61692
1.6141
1.6113
1.60851
1.60576
1.60303
1.60033
1.59768
1.59507
1.5925
1.59
1.58755
1.58516
1.58285
1.5806
1.57844
1.57635
1.57436
1.57245
1.57064
1.56892
1.56731
1.5658
1.56441
1.56312
1.56194
1.56088
1.55994
1.55912
1.55842
1.55783
1.55737
1.55703
1.55682
1.55672
1.55675
1.55689
1.55716
1.55754
1.55803
1.55864
1.55936
1.56019
1.56112
1.56215
1.56329
1.56451
1.56583
1.56724
1.56873
1.5703
1.57195
1.57368
1.57547
1.57732
1.57924
1.58122
1.58324
1.58532
1.58745
1.58961
1.59182
1.59406
1.59633
1.59864
1.60096
1.60332
1.60569
1.60808
1.61049
1.61291
1.61534
1.61778
1.62023
1.62269
1.62515
1.62761
1.63007
1.63254
1.635
1.63746
1.63992
1.64237
1.64481
1.64725
1.64969
1.65211
1.65452
1.65692
1.65931
1.66169
1.66405
1.66639
1.66872
1.67102
1.67331
1.67558
1.67782
1.68004
1.68224
1.6844
1.68654
1.68864
1.69072
1.69275
1.69475
1.69671
1.69863
1.70051
1.70234
1.70413
1.70586
1.70755
1.70918
1.71076
1.71229
1.71376
1.71517
1.71652
1.71781
1.71903
1.7202
1.7213
1.72233
1.7233
1.72421
1.72504
1.72582
1.72652
1.72716
1.72773
1.72823
1.72867
1.72905
1.72935
1.7296
1.72978
1.72989
1.72995
1.72994
1.72987
1.72974
1.72956
1.72932
1.72902
1.72867
1.72826
1.72781
1.7273
1.72675
1.72614
1.72549
1.7248
1.72406
1.72329
1.72247
1.72161
1.72072
1.71979
1.71882
1.71783
1.7168
1.71574
1.71465
1.71353
1.71239
1.71123
1.71004
1.70882
1.70759
1.70633
1.70506
1.70377
1.70247
1.70115
1.69982
1.69847
1.69712
1.69575
1.69438
1.693
1.69161
1.69022
1.68883
1.68743
1.68603
1.68464
1.68324
1.68185
1.68046
1.67907
1.6777
1.67633
1.67497
1.67362
1.67229
1.67097
1.66967
1.66839
1.66712
1.66587
1.66464
1.66344
1.66226
1.66111
1.65998
1.65889
1.65783
1.65679
1.6558
1.65483
1.65391
1.65302
1.65217
1.65136
1.65059
1.64987
1.64919
1.64855
1.64796
1.64742
1.64693
1.64648
1.64608
1.64573
1.64543
1.64518
1.64498
1.64483
1.64472
1.64467
1.64466
1.6447
1.64478
1.64491
1.64508
1.6453
1.64555
1.64585
1.64618
1.64656
1.64696
1.6474
1.64786
1.64836
1.64887
1.64942
1.64998
1.65055
1.65115
1.65175
1.65236
1.65298
1.6536
1.65423
1.65485
1.65547
1.65607
1.65667
1.65725
1.65781
1.65836
1.65888
1.65938
1.65985
1.66029
1.66069
1.66106
1.66139
1.66168
1.66193
1.66213
1.66229
1.6624
1.66246
1.66246
1.66242
1.66231
1.66216
1.66195
1.66167
1.66135
1.66096
1.66051
1.66001
1.65945
1.65882
1.65814
1.6574
1.6566
1.65574
1.65482
1.65385
1.65282
1.65174
1.6506
1.64941
1.64817
1.64688
1.64554
1.64416
1.64273
1.64126
1.63974
1.63819
1.6366
1.63498
1.63332
1.63164
1.62993
1.6282
1.62645
1.62467
1.62288
1.62108
1.61927
1.61745
1.61563
1.6138
1.61198
1.61017
1.60836
1.60657
1.60479
1.60303
1.6013
1.59959
1.59792
1.59627
1.59467
1.5931
1.59158
1.59011
1.58868
1.58731
1.586
1.58475
1.58356
1.58244
1.58139
1.58041
1.5795
1.57868
1.57793
1.57726
1.57667
1.57617
1.57576
1.57543
1.57519
1.57504
1.57498
1.575
1.57511
1.57531
1.5756
1.57598
1.57643
1.57697
1.5776
1.5783
1.57908
1.57993
1.58085
1.58184
1.5829
1.58402
1.58519
1.58643
1.58771
1.58904
1.59041
1.59183
1.59327
1.59475
1.59625
1.59778
1.59932
1.60087
1.60244
1.604
1.60557
1.60713
1.60868
1.61022
1.61175
1.61325
1.61474
1.61619
1.61762
1.619
1.62036
1.62167
1.62294
1.62416
1.62534
1.62646
1.62753
1.62855
1.62951
1.63041
1.63126
1.63204
1.63276
1.63341
1.63401
1.63453
1.63499
1.63538
1.63571
1.63597
1.63616
1.63629
1.63634
1.63633
1.63626
1.63612
1.63591
1.63565
1.63531
1.63492
1.63446
1.63394
1.63336
1.63272
1.63203
1.63128
1.63048
1.62962
1.62872
1.62776
1.62676
1.62571
1.62463
1.6235
1.62233
1.62113
1.6199
1.61864
1.61734
1.61603
1.61468
1.61332
1.61194
1.61055
1.60914
1.60773
1.6063
1.60488
1.60345
1.60203
1.60061
1.59919
1.59779
1.59639
1.59502
1.59365
1.59231
1.59099
1.5897
1.58842
1.58718
1.58597
1.58478
1.58363
1.58251
1.58143
1.58038
1.57937
1.5784
1.57746
1.57656
1.5757
1.57488
1.5741
1.57335
1.57265
1.57199
1.57136
1.57078
1.57023
1.56972
1.56925
1.56882
1.56842
1.56806
1.56774
1.56745
1.5672
1.56698
1.5668
1.56666
1.56655
1.56647
1.56643
1.56642
1.56645
1.56651
1.56661
1.56674
1.5669
1.56711
1.56735
1.56762
1.56794
1.56828
1.56867
1.56909
1.56955
1.57004
1.57057
1.57114
1.57174
1.57238
1.57306
1.57377
1.57452
1.57531
1.57612
1.57698
1.57787
1.57879
1.57974
1.58072
1.58174
1.58279
1.58386
1.58497
1.5861
1.58726
1.58844
1.58965
1.59089
1.59214
1.59342
1.59473
1.59605
1.59739
1.59875
1.60013
1.60153
1.60294
1.60438
1.60582
1.60729
1.60877
1.61028
1.61179
1.61332
1.61487
1.61642
1.618
1.61958
1.62118
1.62279
1.62441
1.62604
1.62768
1.62932
1.63098
1.63263
1.6343
1.63596
1.63762
1.63929
1.64095
1.6426
1.64425
1.64589
1.64753
1.64914
1.65075
1.65233
1.6539
1.65544
1.65696
1.65845
1.65992
1.66135
1.66275
1.66411
1.66543
1.66672
1.66796
1.66916
1.67031
1.67142
1.67247
1.67348
1.67443
1.67533
1.67618
1.67697
1.67771
1.67839
1.67901
1.67958
1.68008
1.68052
1.68091
1.68123
1.6815
1.6817
1.68184
1.68193
1.68195
1.68191
1.6818
1.68164
1.68142
1.68113
1.68078
1.68038
1.67991
1.67938
1.67879
1.67814
1.67744
1.67667
1.67585
1.67497
1.67403
1.67304
1.67199
1.67089
1.66974
1.66853
1.66728
1.66597
1.66462
1.66322
1.66177
1.66029
1.65876
1.65719
1.65558
1.65393
1.65226
1.65055
1.64881
1.64705
1.64526
1.64345
1.64162
1.63977
1.6379
1.63603
1.63414
1.63225
1.63035
1.62845
1.62656
1.62466
1.62277
1.62089
1.61902
1.61716
1.61532
1.6135
1.6117
1.60992
1.60817
1.60644
1.60474
1.60307
1.60143
1.59983
1.59827
1.59674
1.59525
1.59381
1.5924
1.59103
1.58971
1.58844
1.5872
1.58602
1.58487
1.58378
1.58272
1.58172
1.58076
1.57984
1.57897
1.57814
1.57736
1.57661
1.57591
1.57525
1.57463
1.57404
1.5735
1.57298
1.5725
1.57206
1.57164
1.57126
1.5709
1.57057
1.57027
1.56999
1.56973
1.56949
1.56928
1.56909
1.56891
1.56876
1.56862
1.5685
1.56839
1.5683
1.56824
1.56818
1.56815
1.56813
1.56814
1.56816
1.5682
1.56827
1.56836
1.56848
1.56862
1.56879
1.56899
1.56923
1.56949
1.5698
1.57014
1.57052
1.57095
1.57142
1.57193
1.57249
1.57311
1.57377
1.57448
1.57524
1.57606
1.57693
1.57785
1.57882
1.57985
1.58093
1.58207
1.58325
1.58448
1.58576
1.58709
1.58846
1.58987
1.59131
1.5928
1.59431
1.59585
1.59742
1.599
1.60061
1.60222
1.60385
1.60547
1.6071
1.60872
1.61033
1.61193
1.61352
1.61508
1.61661
1.61811
1.61959
1.62102
1.62241
1.62376
1.62507
1.62632
1.62753
1.62868
1.62978
1.63082
1.6318
1.63273
1.63359
1.6344
1.63515
1.63583
1.63646
1.63703
1.63754
1.638
1.6384
1.63875
1.63904
1.63929
1.63949
1.63964
1.63975
1.63981
1.63984
1.63983
1.63978
1.63971
1.6396
1.63947
1.63931
1.63913
1.63893
1.63872
1.63849
1.63825
1.63799
1.63773
1.63746
1.63719
1.63691
1.63663
1.63636
1.63608
1.63581
1.63554
1.63528
1.63502
1.63477
1.63453
1.6343
1.63407
1.63386
1.63366
1.63347
1.63329
1.63313
1.63298
1.63284
1.63271
1.6326
1.6325
1.63241
1.63233
1.63227
1.63222
1.63218
1.63215
1.63214
1.63214
1.63214
1.63216
1.63218
1.63221
1.63225
1.6323
1.63236
1.63242
1.63248
1.63256
1.63263
1.63271
1.6328
1.63289
1.63299
1.63308
1.63318
1.63328
1.63338
1.63349
1.63359
1.6337
1.6338
1.63391
1.63401
1.63412
1.63423
1.63433
1.63444
1.63454
1.63465
1.63475
1.63485
1.63495
1.63505
1.63515
1.63524
1.63534
1.63543
1.63552
1.63561
1.6357
1.63578
1.63586
1.63593
1.636
1.63607
1.63612
1.63617
1.63622
1.63625
1.63627
1.63629
1.63629
1.63628
1.63626
1.63622
1.63616
1.63609
1.636
1.63589
1.63576
1.6356
1.63542
1.63522
1.63499
1.63473
1.63444
1.63413
1.63378
1.6334
1.63298
1.63254
1.63206
1.63154
1.63098
1.63039
1.62977
1.6291
1.6284
1.62767
1.62689
1.62609
1.62524
1.62437
1.62345
1.62251
1.62154
1.62054
1.61951
1.61845
1.61737
1.61627
1.61515
1.61401
1.61286
1.6117
1.61052
1.60934
1.60816
1.60697
1.60579
1.60461
1.60344
1.60228
1.60113
1.6
1.59889
1.5978
1.59674
1.5957
1.59469
1.59371
1.59276
1.59185
1.59098
1.59014
1.58935
1.58859
1.58787
1.5872
1.58656
1.58597
1.58542
1.58491
1.58444
1.58401
1.58361
1.58326
1.58295
1.58267
1.58242
1.58221
1.58203
1.58188
1.58176
1.58167
1.5816
1.58155
1.58153
1.58152
1.58153
1.58156
1.5816
1.58166
1.58172
1.58179
1.58187
1.58196
1.58205
1.58214
1.58224
1.58233
1.58243
1.58253
1.58262
1.58271
1.5828
1.58288
1.58297
1.58304
1.58312
1.58319
1.58325
1.58332
1.58338
1.58344
1.5835
1.58355
1.58361
1.58366
1.58372
1.58378
1.58385
1.58392
1.584
1.58408
1.58418
1.58429
1.58441
1.58454
1.58469
1.58486
1.58504
1.58525
1.58547
1.58572
1.586
1.5863
1.58663
1.58699
1.58738
1.5878
1.58825
1.58873
1.58925
1.5898
1.59038
1.59099
1.59164
1.59232
1.59303
1.59377
1.59455
1.59536
1.59619
1.59705
1.59795
1.59886
1.5998
1.60076
1.60174
1.60274
1.60375
1.60477
1.60581
1.60685
1.60789
1.60893
1.60997
1.61101
1.61204
1.61305
1.61405
1.61503
1.61599
1.61692
1.61782
1.61869
1.61953
1.62033
1.62109
1.6218
1.62247
1.62309
1.62365
1.62416
1.62461
1.625
1.62533
1.62559
1.62579
1.62593
1.62599
1.62599
1.62591
1.62576
1.62554
1.62525
1.62489
1.62446
1.62396
1.62338
1.62274
1.62203
1.62125
1.62041
1.6195
1.61853
1.6175
1.61641
1.61527
1.61407
1.61282
1.61153
1.61019
1.60881
1.6074
1.60595
1.60446
1.60295
1.60142
1.59986
1.59829
1.59671
1.59511
1.59351
1.59191
1.5903
1.5887
1.58711
1.58553
1.58396
1.58241
1.58089
1.57938
1.5779
1.57644
1.57502
1.57363
1.57227
1.57095
1.56967
1.56843
1.56723
1.56607
1.56496
1.56389
1.56286
1.56189
1.56096
1.56008
1.55924
1.55846
1.55773
1.55704
1.55641
1.55582
1.55528
1.55479
1.55434
1.55395
1.5536
1.5533
1.55305
1.55284
1.55268
1.55257
1.5525
1.55247
1.55249
1.55254
1.55265
1.55279
1.55297
1.5532
1.55346
1.55376
1.5541
1.55448
1.5549
1.55535
1.55583
1.55635
1.55691
1.5575
1.55812
1.55877
1.55945
1.56015
1.56089
1.56166
1.56245
1.56326
1.56411
1.56497
1.56585
1.56676
1.56769
1.56863
1.56959
1.57057
1.57157
1.57258
1.5736
1.57463
1.57568
1.57674
1.5778
1.57888
1.57996
1.58105
1.58215
1.58325
1.58436
1.58547
1.58658
1.58769
1.58881
1.58992
1.59104
1.59216
1.59328
1.59439
1.59551
1.59663
1.59774
1.59886
1.59997
1.60109
1.6022
1.60332
1.60443
1.60555
1.60666
1.60778
1.60889
1.61001
1.61113
1.61225
1.61338
1.6145
1.61564
1.61677
1.61792
1.61907
1.62022
1.62139
1.62256
1.62374
1.62493
1.62613
1.62734
1.62856
1.62979
1.63103
1.63229
1.63356
1.63484
1.63613
1.63743
1.63875
1.64008
1.64143
1.64278
1.64415
1.64553
1.64692
1.64832
1.64974
1.65116
1.6526
1.65404
1.65549
1.65695
1.65841
1.65988
1.66136
1.66283
1.66432
1.6658
1.66728
1.66876
1.67025
1.67173
1.6732
1.67467
1.67614
1.67759
1.67904
1.68048
1.68191
1.68332
1.68472
1.68611
1.68747
1.68883
1.69016
1.69147
1.69277
1.69404
1.69528
1.69651
1.69771
1.69888
1.70003
1.70114
1.70223
1.70329
1.70432
1.70532
1.70628
1.70722
1.70811
1.70898
1.7098
1.7106
1.71135
1.71207
1.71275
1.71339
1.714
1.71457
1.71509
1.71558
1.71603
1.71644
1.71681
1.71714
1.71743
1.71768
1.7179
1.71807
1.71821
1.7183
1.71836
1.71838
1.71837
1.71832
1.71823
1.71811
1.71795
1.71776
1.71754
1.71729
1.71701
1.71671
1.71637
1.71602
1.71563
1.71523
1.7148
1.71436
1.7139
1.71342
1.71293
1.71242
1.71191
1.71138
1.71085
1.71032
1.70978
1.70924
1.7087
1.70816
1.70762
1.70709
1.70657
1.70605
1.70555
1.70505
1.70457
1.7041
1.70365
1.7032
1.70278
1.70237
1.70198
1.70161
1.70125
1.70092
1.7006
1.70031
1.70003
1.69977
1.69953
1.69931
1.69911
1.69892
1.69876
1.69862
1.69849
1.69838
1.69828
1.69821
1.69815
1.6981
1.69807
1.69806
1.69806
1.69807
1.6981
1.69814
1.69819
1.69826
1.69834
1.69843
1.69853
1.69864
1.69876
1.6989
1.69905
1.6992
1.69937
1.69955
1.69974
1.69995
1.70016
1.70039
1.70063
1.70088
1.70114
1.70142
1.70171
1.70202
1.70233
1.70267
1.70301
1.70338
1.70375
1.70414
1.70455
1.70496
1.7054
1.70584
1.7063
1.70677
1.70726
1.70776
1.70826
1.70878
1.70931
1.70985
1.71039
1.71094
1.7115
1.71206
1.71262
1.71319
1.71376
1.71433
1.71489
1.71545
1.71601
1.71656
1.7171
1.71763
1.71815
1.71866
1.71915
1.71963
1.72009
1.72053
1.72095
1.72134
1.72172
1.72207
1.72239
1.72268
1.72295
1.72318
1.72338
1.72355
1.72369
1.72379
1.72386
1.7239
1.72389
1.72385
1.72378
1.72366
1.72351
1.72331
1.72308
1.72281
1.72249
1.72214
1.72174
1.72131
1.72083
1.72031
1.71975
1.71915
1.71851
1.71782
1.71709
1.71632
1.71551
1.71466
1.71377
1.71283
1.71186
1.71084
1.70978
1.70868
1.70755
1.70637
1.70515
1.70389
1.7026
1.70127
1.6999
1.69849
1.69705
1.69558
1.69407
1.69253
1.69096
1.68936
1.68773
1.68608
1.6844
1.68269
1.68096
1.67921
1.67744
1.67566
1.67386
1.67205
1.67022
1.66839
1.66656
1.66472
1.66288
1.66104
1.65921
1.65738
1.65556
1.65376
1.65197
1.6502
1.64845
1.64672
1.64502
1.64335
1.64171
1.6401
1.63853
1.637
1.6355
1.63405
1.63263
1.63127
1.62994
1.62866
1.62743
1.62625
1.62512
1.62404
1.623
1.62202
1.62109
1.62021
1.61937
1.61859
1.61786
1.61717
1.61654
1.61595
1.61541
1.61491
1.61447
1.61406
1.6137
1.61338
1.61311
1.61287
1.61268
1.61253
1.61241
1.61233
1.61229
1.61228
1.61231
1.61237
1.61246
1.61259
1.61275
1.61294
1.61316
1.61341
1.61369
1.61399
1.61433
1.61469
1.61508
1.6155
1.61595
1.61642
1.61691
1.61744
1.61799
1.61856
1.61916
1.61978
1.62043
1.6211
1.6218
1.62252
1.62326
1.62403
1.62482
1.62564
1.62647
1.62733
1.62821
1.62911
1.63004
1.63098
1.63194
1.63292
1.63391
1.63492
1.63595
1.63699
1.63805
1.63911
1.64019
1.64127
1.64237
1.64347
1.64457
1.64568
1.64679
1.6479
1.649
1.65011
1.6512
1.65229
1.65337
1.65443
1.65548
1.65652
1.65753
1.65852
1.65949
1.66044
1.66136
1.66224
1.6631
1.66392
1.6647
1.66544
1.66614
1.6668
1.66742
1.66798
1.6685
1.66897
1.66938
1.66974
1.67004
1.67028
1.67046
1.67058
1.67064
1.67063
1.67056
1.67042
1.67021
1.66994
1.66959
1.66918
1.6687
1.66815
1.66753
1.66684
1.66608
1.66526
1.66437
1.66342
1.6624
1.66133
1.66019
1.65901
1.65776
1.65647
1.65514
1.65377
1.65236
1.65091
1.64944
1.64795
1.64644
1.64491
1.64339
1.64186
1.64034
1.63884
1.63736
1.6359
1.63448
1.6331
1.63177
1.6305
1.62928
1.62813
1.62706
1.62606
1.62514
1.62432
1.62359
1.62295
1.62242
1.62199
1.62166
1.62144
1.62132
1.62132
1.62142
1.62163
1.62195
1.62237
1.62289
1.62351
1.62423
1.62503
1.62592
1.62689
1.62793
1.62905
1.63022
1.63145
1.63273
1.63405
1.63541
1.6368
1.63821
1.63963
1.64107
1.6425
1.64393
1.64536
1.64676
1.64815
1.6495
1.65083
1.65212
1.65337
1.65458
1.65573
1.65684
1.6579
1.6589
1.65985
1.66073
1.66156
1.66233
1.66304
1.66369
1.66428
1.66481
1.66529
1.66571
1.66608
1.6664
1.66666
1.66688
1.66706
1.6672
1.6673
1.66736
1.6674
1.6674
1.66738
1.66735
1.66729
1.66723
1.66715
1.66708
1.667
1.66693
1.66686
1.66681
1.66678
1.66676
1.66677
1.6668
1.66687
1.66696
1.6671
1.66727
1.66748
1.66773
1.66804
1.66838
1.66878
1.66923
1.66973
1.67028
1.67088
1.67153
1.67224
1.673
1.67381
1.67467
1.67558
1.67654
1.67754
1.67859
1.67968
1.6808
1.68197
1.68316
1.68439
1.68565
1.68693
1.68823
1.68955
1.69089
1.69223
1.69359
1.69494
1.6963
1.69766
1.69901
1.70035
1.70168
1.70299
1.70428
1.70555
1.7068
1.70802
1.70921
1.71037
1.7115
1.71259
1.71364
1.71465
1.71563
1.71655
1.71744
1.71828
1.71907
1.71981
1.72051
1.72116
1.72176
1.72231
1.72282
1.72327
1.72368
1.72404
1.72435
1.72461
1.72483
1.725
1.72512
1.7252
1.72524
1.72523
1.72518
1.72509
1.72497
1.7248
1.72459
1.72435
1.72408
1.72376
1.72342
1.72304
1.72263
1.72219
1.72171
1.72121
1.72067
1.72011
1.71951
1.71889
1.71824
1.71755
1.71684
1.7161
1.71533
1.71453
1.7137
1.71284
1.71194
1.71102
1.71007
1.70909
1.70808
1.70705
1.70598
1.70488
1.70376
1.70261
1.70144
1.70024
1.69903
1.69779
1.69654
1.69527
1.69399
1.6927
1.69141
1.69012
1.68883
1.68755
1.68629
1.68505
1.68383
1.68264
1.68148
1.68037
1.6793
1.67828
1.67732
1.67642
1.67559
1.67484
1.67416
1.67356
1.67305
1.67263
1.6723
1.67206
1.67192
1.67188
1.67194
1.67209
1.67234
1.67269
1.67314
1.67367
1.6743
1.67502
1.67582
1.6767
1.67766
1.67868
1.67978
1.68093
1.68214
1.6834
1.68471
1.68605
1.68743
1.68883
1.69026
1.69171
1.69316
1.69463
1.69609
1.69756
1.69901
1.70046
1.70188
1.70329
1.70468
1.70605
1.70738
1.70868
1.70995
1.71118
1.71237
1.71352
1.71463
1.71569
1.71671
1.71767
1.71859
1.71945
1.72027
1.72102
1.72173
1.72237
1.72296
1.72349
1.72396
1.72436
1.72471
1.72499
1.72521
1.72536
1.72544
1.72546
1.72541
1.72529
1.72509
1.72483
1.72449
1.72407
1.72358
1.72301
1.72236
1.72163
1.72083
1.71994
1.71897
1.71792
1.71678
1.71556
1.71426
1.71287
1.7114
1.70984
1.7082
1.70647
1.70465
1.70275
1.70077
1.69871
1.69656
1.69433
1.69202
1.68964
1.68718
1.68464
1.68204
1.67937
1.67663
1.67382
1.67096
1.66804
1.66507
1.66206
1.65899
1.65589
1.65275
1.64958
1.64638
1.64316
1.63993
1.63668
1.63343
1.63018
1.62694
1.62371
1.62049
1.6173
1.61414
1.61102
1.60793
1.60489
1.6019
1.59896
1.59609
1.59328
1.59054
1.58788
1.58529
1.58279
1.58037
1.57803
1.57579
1.57363
1.57158
1.56962
1.56775
1.56599
1.56433
1.56276
1.5613
1.55993
1.55867
1.55751
1.55644
1.55547
1.55459
1.55381
1.55313
1.55253
1.55203
1.55161
1.55128
1.55103
1.55087
1.55079
1.55079
1.55086
1.55101
1.55124
1.55153
1.55191
1.55235
1.55286
1.55344
1.5541
1.55482
1.55561
1.55646
1.55738
1.55836
1.55942
1.56053
1.56171
1.56296
1.56427
1.56565
1.56709
1.56859
1.57016
1.57179
1.57348
1.57523
1.57704
1.57891
1.58084
1.58281
1.58485
1.58693
1.58906
1.59123
1.59345
1.59571
1.598
1.60033
1.60268
1.60507
1.60747
1.60989
1.61232
1.61476
1.61721
1.61965
1.6221
1.62453
1.62695
1.62936
1.63174
1.6341
1.63643
1.63872
1.64098
1.6432
1.64537
1.64749
1.64956
1.65157
1.65353
1.65542
1.65725
1.65902
1.66072
1.66234
1.6639
1.66538
1.66678
1.66811
1.66936
1.67053
1.67162
1.67263
1.67356
1.67441
1.67517
1.67586
1.67646
1.67699
1.67743
1.67779
1.67808
1.67829
1.67842
1.67847
1.67845
1.67836
1.67819
1.67796
1.67766
1.67729
1.67686
1.67636
1.67581
1.6752
1.67454
1.67382
1.67305
1.67224
1.67139
1.67049
1.66955
1.66859
1.66759
1.66656
1.66551
1.66443
1.66335
1.66225
1.66114
1.66002
1.65891
1.65779
1.65668
1.65559
1.65451
1.65344
1.65241
1.6514
1.65042
1.64948
1.64859
1.64774
1.64694
1.6462
1.64553
1.64491
1.64437
1.6439
1.64351
1.6432
1.64298
1.64286
1.64283
1.6429
1.64308
1.64337
1.64377
1.64429
1.64492
1.64568
1.64656
1.64756
1.6487
1.64996
1.65136
1.65289
1.65455
1.65634
1.65826
1.66031
1.66249
1.6648
1.66723
1.66978
1.67245
1.67522
1.67811
1.6811
1.68418
1.68736
1.69062
1.69395
1.69736
1.70083
1.70435
1.70791
1.71152
1.71515
1.7188
1.72247
1.72613
1.72979
1.73343
1.73704
1.74062
1.74417
1.74766
1.7511
1.75447
1.75777
1.76099
1.76413
1.76718
1.77013
1.77298
1.77573
1.77837
1.7809
1.78331
1.78561
1.78779
1.78985
1.79179
1.79361
1.79531
1.79689
1.79835
1.7997
1.80093
1.80205
1.80307
1.80398
1.80478
1.80549
1.80611
1.80664
1.80708
1.80745
1.80774
1.80797
1.80813
1.80823
1.80829
1.8083
1.80826
1.8082
1.8081
1.80798
1.80783
1.80767
1.8075
1.80732
1.80713
1.80695
1.80676
1.80658
1.8064
1.80624
1.80608
1.80593
1.80579
1.80566
1.80555
1.80544
1.80534
1.80525
1.80516
1.80508
1.80501
1.80493
1.80485
1.80477
1.80467
1.80457
1.80445
1.80432
1.80416
1.80398
1.80377
1.80353
1.80326
1.80295
1.8026
1.8022
1.80177
1.80128
1.80074
1.80015
1.79951
1.7988
1.79804
1.79722
1.79633
1.79539
1.79438
1.7933
1.79217
1.79097
1.7897
1.78837
1.78698
1.78552
1.78401
1.78244
1.78081
1.77912
1.77738
1.77559
1.77376
1.77188
1.76995
1.76799
1.76599
1.76396
1.76191
1.75983
1.75774
1.75563
1.7535
1.75137
1.74924
1.74711
1.74498
1.74287
1.74077
1.73869
1.73664
1.73462
1.73263
1.73068
1.72876
1.72689
1.72507
1.72331
1.72159
1.71994
1.71834
1.71681
1.71534
1.71394
1.71261
1.71135
1.71016
1.70904
1.708
1.70703
1.70613
1.7053
1.70454
1.70386
1.70325
1.70271
1.70223
1.70182
1.70148
1.7012
1.70098
1.70082
1.70071
1.70066
1.70066
1.7007
1.7008
1.70093
1.70111
1.70132
1.70156
1.70184
1.70215
1.70249
1.70284
1.70322
1.70362
1.70403
1.70446
1.7049
1.70534
1.7058
1.70625
1.70671
1.70717
1.70762
1.70807
1.70851
1.70894
1.70937
1.70978
1.71018
1.71056
1.71092
1.71127
1.7116
1.71192
1.7122
1.71247
1.71271
1.71293
1.71312
1.71329
1.71343
1.71354
1.71363
1.71368
1.7137
1.71369
1.71366
1.71358
1.71348
1.71335
1.71318
1.71297
1.71273
1.71246
1.71215
1.71181
1.71142
1.71101
1.71055
1.71006
1.70954
1.70897
1.70837
1.70774
1.70706
1.70635
1.70559
1.7048
1.70398
1.70311
1.70221
1.70127
1.7003
1.69928
1.69823
1.69715
1.69603
1.69487
1.69368
1.69245
1.69119
1.6899
1.68857
1.68721
1.68582
1.6844
1.68296
1.68148
1.67997
1.67844
1.67689
1.67531
1.67371
1.67209
1.67045
1.66879
1.66712
1.66544
1.66375
1.66204
1.66034
1.65862
1.65691
1.6552
1.65349
1.65179
1.6501
1.64842
1.64675
1.64511
1.64348
1.64188
1.6403
1.63875
1.63723
1.63575
1.63431
1.6329
1.63154
1.63022
1.62895
1.62772
1.62655
1.62543
1.62436
1.62334
1.62239
1.62149
1.62064
1.61986
1.61913
1.61847
1.61786
1.61731
1.61682
1.61639
1.61601
1.61569
1.61543
1.61521
1.61505
1.61494
1.61488
1.61486
1.61488
1.61494
1.61504
1.61518
1.61534
1.61554
1.61576
1.616
1.61627
1.61655
1.61685
1.61716
1.61747
1.6178
1.61813
1.61846
1.61879
1.61911
1.61943
1.61975
1.62005
1.62034
1.62061
1.62087
1.62111
1.62134
1.62154
1.62172
1.62188
1.62202
1.62214
1.62222
1.62229
1.62233
1.62234
1.62232
1.62228
1.62221
1.62212
1.62199
1.62184
1.62167
1.62146
1.62123
1.62097
1.62068
1.62037
1.62003
1.61966
1.61927
1.61884
1.6184
1.61792
1.61742
1.61689
1.61633
1.61575
1.61514
1.6145
1.61383
1.61314
1.61241
1.61165
1.61086
1.61005
1.6092
1.60832
1.6074
1.60646
1.60548
1.60447
1.60342
1.60234
1.60122
1.60007
1.59888
1.59766
1.5964
1.59511
1.59378
1.59241
1.59102
1.58958
1.58812
1.58662
1.58509
1.58353
1.58194
1.58032
1.57867
1.577
1.5753
1.57358
1.57184
1.57009
1.56832
1.56654
1.56475
1.56296
1.56116
1.55936
1.55756
1.55577
1.554
1.55224
1.5505
1.54878
1.54709
1.54544
1.54382
1.54225
1.54072
1.53924
1.53782
1.53646
1.53516
1.53393
1.53277
1.53169
1.53069
1.52978
1.52895
1.52821
1.52756
1.527
1.52655
1.52619
1.52594
1.52578
1.52573
1.52579
1.52594
1.52619
1.52655
1.527
1.52755
1.5282
1.52894
1.52977
1.53069
1.53169
1.53277
1.53393
1.53516
1.53646
1.53783
1.53926
1.54074
1.54228
1.54387
1.5455
1.54717
1.54888
1.55062
1.55239
1.55418
1.556
1.55784
1.55969
1.56156
1.56343
1.56532
1.56721
1.5691
1.571
1.5729
1.5748
1.5767
1.57859
1.58048
1.58237
1.58426
1.58614
1.58802
1.58989
1.59175
1.59361
1.59546
1.59731
1.59916
1.601
1.60283
1.60466
1.60649
1.60831
1.61013
1.61195
1.61377
1.61558
1.61739
1.6192
1.62101
1.62282
1.62463
1.62644
1.62825
1.63005
1.63186
1.63367
1.63548
1.63728
1.63909
1.64089
1.6427
1.6445
1.6463
1.64809
1.64989
1.65168
1.65346
1.65524
1.65702
1.65878
1.66054
1.6623
1.66404
1.66577
1.6675
1.66921
1.6709
1.67259
1.67425
1.6759
1.67754
1.67915
1.68074
1.68231
1.68386
1.68539
1.68689
1.68836
1.68981
1.69123
1.69262
1.69398
1.69531
1.6966
1.69786
1.69909
1.70028
1.70143
1.70254
1.70362
1.70466
1.70566
1.70662
1.70753
1.70841
1.70924
1.71003
1.71077
1.71147
1.71212
1.71273
1.7133
1.71382
1.71429
1.71472
1.7151
1.71544
1.71573
1.71598
1.71618
1.71634
1.71645
1.71652
1.71655
1.71654
1.71648
1.71639
1.71625
1.71608
1.71587
1.71562
1.71534
1.71503
1.71468
1.7143
1.71389
1.71345
1.71298
1.71249
1.71197
1.71142
1.71085
1.71026
1.70966
1.70903
1.70839
1.70773
1.70706
1.70638
1.70568
1.70497
1.70426
1.70354
1.70281
1.70208
1.70134
1.7006
1.69986
1.69912
1.69838
1.69764
1.6969
1.69616
1.69543
1.6947
1.69398
1.69326
1.69254
1.69184
1.69114
1.69045
1.68977
1.68909
1.68842
1.68776
1.68711
1.68647
1.68583
1.6852
1.68457
1.68396
1.68335
1.68274
1.68215
1.68155
1.68096
1.68038
1.67979
1.67921
1.67863
1.67805
1.67747
1.67689
1.67632
1.67573
1.67515
1.67457
1.67398
1.6734
1.67281
1.67222
1.67163
1.67104
1.67045
1.66987
1.66929
1.66872
1.66816
1.66761
1.66708
1.66656
1.66607
1.66561
1.66518
1.66479
1.66443
1.66413
1.66388
1.66369
1.66357
1.66352
1.66356
1.66368
1.66389
1.66421
1.66464
1.66518
1.66584
1.66663
1.66756
1.66862
1.66982
1.67117
1.67267
1.67433
1.67613
1.67809
1.68021
1.68247
1.68489
1.68745
1.69015
1.69299
1.69596
1.69905
1.70226
1.70558
1.709
1.7125
1.71609
1.71974
1.72345
1.72721
1.731
1.73481
1.73864
1.74246
1.74628
1.75008
1.75384
1.75757
1.76124
1.76484
1.76838
1.77184
1.77521
1.77848
1.78165
1.78471
1.78766
1.79048
1.79318
1.79574
1.79817
1.80047
1.80261
1.80462
1.80647
1.80818
1.80973
1.81113
1.81238
1.81347
1.8144
1.81518
1.8158
1.81626
1.81657
1.81672
1.81672
1.81657
1.81626
1.8158
1.81519
1.81443
1.81352
1.81246
1.81126
1.80992
1.80843
1.8068
1.80504
1.80314
1.8011
1.79894
1.79664
1.79422
1.79167
1.78899
1.7862
1.78329
1.78027
1.77713
1.77387
1.77051
1.76705
1.76348
1.75982
1.75605
1.7522
1.74825
1.74422
1.7401
1.73589
1.73162
1.72726
1.72284
1.71835
1.7138
1.7092
1.70454
1.69983
1.69509
1.6903
1.68549
1.68065
1.67579
1.67091
1.66603
1.66114
1.65627
1.6514
1.64656
1.64174
1.63695
1.63221
1.62752
1.62288
1.61831
1.61381
1.60939
1.60505
1.60081
1.59667
1.59264
1.58872
1.58492
1.58125
1.57772
1.57432
1.57106
1.56796
1.565
1.5622
1.55956
1.55708
1.55477
1.55262
1.55064
1.54883
1.54719
1.54572
1.54442
1.54328
1.54231
1.5415
1.54086
1.54037
1.54004
1.53986
1.53983
1.53994
1.54019
1.54058
1.54109
1.54173
1.54249
1.54336
1.54434
1.54543
1.54662
1.5479
1.54926
1.55071
1.55223
1.55383
1.55548
1.5572
1.55897
1.56079
1.56265
1.56455
1.56648
1.56844
1.57043
1.57243
1.57445
1.57648
1.57852
1.58055
1.58259
1.58462
1.58664
1.58864
1.59063
1.59259
1.59454
1.59645
1.59834
1.60019
1.60201
1.60379
1.60553
1.60723
1.60888
1.61049
1.61205
1.61355
1.61501
1.61641
1.61775
1.61904
1.62028
1.62145
1.62257
1.62362
1.62462
1.62555
1.62642
1.62723
1.62797
1.62866
1.62928
1.62983
1.63033
1.63076
1.63113
1.63143
1.63168
1.63186
1.63198
1.63205
1.63205
1.63199
1.63188
1.63171
1.63149
1.63121
1.63088
1.6305
1.63006
1.62958
1.62906
1.62849
1.62787
1.62722
1.62653
1.6258
1.62503
1.62424
1.62342
1.62257
1.6217
1.6208
1.61989
1.61896
1.61802
1.61707
1.61612
1.61516
1.6142
1.61324
1.61229
1.61134
1.61041
1.60949
1.60859
1.60772
1.60686
1.60603
1.60523
1.60446
1.60373
1.60303
1.60237
1.60176
1.60118
1.60066
1.60018
1.59976
1.59938
1.59906
1.59879
1.59858
1.59843
1.59833
1.59829
1.59831
1.59839
1.59853
1.59873
1.59899
1.5993
1.59967
1.6001
1.60059
1.60113
1.60173
1.60238
1.60308
1.60383
1.60464
1.60549
1.60638
1.60732
1.60831
1.60933
1.6104
1.6115
1.61264
1.61381
1.61501
1.61625
1.61751
1.6188
1.62011
1.62144
1.6228
1.62417
1.62556
1.62697
1.62839
1.62982
1.63126
1.63271
1.63417
1.63563
1.6371
1.63857
1.64004
1.64151
1.64298
1.64445
1.64592
1.64738
1.64884
1.65029
1.65173
1.65316
1.65458
1.656
1.6574
1.65879
1.66017
1.66153
1.66288
1.66422
1.66554
1.66684
1.66814
1.66941
1.67067
1.67192
1.67314
1.67436
1.67555
1.67674
1.6779
1.67906
1.68019
1.68132
1.68243
1.68352
1.6846
1.68567
1.68673
1.68778
1.68881
1.68984
1.69086
1.69186
1.69286
1.69386
1.69485
1.69583
1.6968
1.69778
1.69875
1.69972
1.70069
1.70166
1.70263
1.7036
1.70457
1.70555
1.70653
1.70752
1.70851
1.70951
1.71052
1.71154
1.71256
1.7136
1.71465
1.71571
1.71678
1.71787
1.71897
1.72009
1.72123
1.72238
1.72355
1.72474
1.72595
1.72718
1.72843
1.7297
1.73099
1.73231
1.73364
1.735
1.73637
1.73778
1.7392
1.74065
1.74212
1.74361
1.74513
1.74667
1.74823
1.74981
1.75142
1.75305
1.7547
1.75637
1.75807
1.75978
1.76151
1.76325
1.76502
1.7668
1.76859
1.77039
1.77221
1.77404
1.77588
1.77772
1.77957
1.78142
1.78328
1.78513
1.78699
1.78884
1.79069
1.79253
1.79436
1.79618
1.79798
1.79978
1.80155
1.80331
1.80505
1.80676
1.80845
1.81012
1.81176
1.81338
1.81496
1.81652
1.81804
1.81953
1.82099
1.82241
1.82381
1.82516
1.82649
1.82778
1.82904
1.83027
1.83147
1.83263
1.83377
1.83488
1.83596
1.83702
1.83805
1.83906
1.84005
1.84103
1.84199
1.84293
1.84387
1.84479
1.84571
1.84662
1.84753
1.84844
1.84935
1.85026
1.85117
1.85209
1.85302
1.85395
1.85489
1.85585
1.85681
1.85778
1.85876
1.85976
1.86076
1.86177
1.8628
1.86383
1.86487
1.86592
1.86698
1.86803
1.86909
1.87016
1.87122
1.87227
1.87333
1.87437
1.87541
1.87643
1.87745
1.87844
1.87943
1.88039
1.88133
1.88225
1.88314
1.88401
1.88485
1.88566
1.88644
1.88718
1.8879
1.88858
1.88922
1.88983
1.89041
1.89095
1.89145
1.89191
1.89234
1.89273
1.89309
1.89341
1.89369
1.89394
1.89416
1.89434
1.89449
1.89461
1.89469
1.89474
1.89477
1.89476
1.89472
1.89465
1.89456
1.89443
1.89428
1.8941
1.89389
1.89366
1.8934
1.89311
1.89279
1.89245
1.89208
1.89168
1.89125
1.89079
1.89029
1.88976
1.8892
1.8886
1.88796
1.88728
1.88655
1.88579
1.88497
1.8841
1.88318
1.88221
1.88118
1.88008
1.87893
1.8777
1.87641
1.87505
1.87361
1.87209
1.87049
1.8688
1.86703
1.86517
1.86322
1.86117
1.85903
1.85679
1.85445
1.85201
1.84947
1.84682
1.84407
1.84122
1.83826
1.8352
1.83203
1.82876
1.8254
1.82193
1.81837
1.81471
1.81096
1.80712
1.80321
1.79921
1.79513
1.79099
1.78678
1.78252
1.7782
1.77383
1.76943
1.76499
1.76053
1.75605
1.75156
1.74708
1.7426
1.73813
1.73369
1.72928
1.72491
1.72059
1.71633
1.71213
1.70801
1.70397
1.70002
1.69617
1.69243
1.6888
1.68528
1.6819
1.67864
1.67552
1.67254
1.66972
1.66704
1.66452
1.66216
1.65996
1.65792
1.65605
1.65435
1.65282
1.65146
1.65027
1.64924
1.64839
1.6477
1.64719
1.64683
1.64664
1.64661
1.64674
1.64703
1.64746
1.64805
1.64879
1.64967
1.65069
1.65185
1.65314
1.65456
1.6561
1.65777
1.65955
1.66144
1.66344
1.66554
1.66775
1.67004
1.67243
1.67491
1.67747
1.68011
1.68282
1.6856
1.68845
1.69136
1.69432
1.69734
1.7004
1.70351
1.70666
1.70984
1.71305
1.71629
1.71954
1.72282
1.72611
1.7294
1.7327
1.736
1.7393
1.74258
1.74586
1.74911
1.75234
1.75555
1.75872
1.76187
1.76497
1.76803
1.77105
1.77401
1.77693
1.77978
1.78258
1.78532
1.78799
1.79059
1.79311
1.79557
1.79794
1.80024
1.80246
1.80459
1.80664
1.8086
1.81047
1.81225
1.81394
1.81554
1.81705
1.81846
1.81978
1.82101
1.82214
1.82317
1.82412
1.82496
1.82572
1.82638
1.82695
1.82743
1.82782
1.82812
1.82833
1.82845
1.82849
1.82845
1.82833
1.82812
1.82783
1.82747
1.82704
1.82653
1.82595
1.8253
1.82458
1.8238
1.82295
1.82205
1.82108
1.82006
1.81898
1.81785
1.81667
1.81544
1.81416
1.81283
1.81145
1.81003
1.80857
1.80707
1.80553
1.80395
1.80233
1.80068
1.79899
1.79728
1.79553
1.79375
1.79194
1.7901
1.78823
1.78633
1.78441
1.78245
1.78048
1.77847
1.77644
1.77438
1.7723
1.7702
1.76807
1.76591
1.76374
1.76153
1.7593
1.75705
1.75477
1.75247
1.75014
1.74779
1.74542
1.74302
1.74059
1.73815
1.73567
1.73318
1.73065
1.72811
1.72554
1.72294
1.72032
1.71768
1.71501
1.71232
1.70961
1.70688
1.70413
1.70136
1.69858
1.69579
1.69298
1.69016
1.68734
1.68451
1.68169
1.67887
1.67605
1.67325
1.67047
1.66771
1.66498
1.66228
1.65962
1.65702
1.65446
1.65197
1.64954
1.64719
1.64492
1.64274
1.64065
1.63866
1.63677
1.635
1.63335
1.63181
1.63041
1.62913
1.62798
1.62697
1.62609
1.62535
1.62475
1.62428
1.62394
1.62373
1.62364
1.62368
1.62383
1.62409
1.62445
1.62491
1.62546
1.62609
1.62679
1.62756
1.62838
1.62925
1.63016
1.63111
1.63208
1.63307
1.63406
1.63506
1.63606
1.63704
1.63801
1.63896
1.63988
1.64077
1.64162
1.64244
1.64321
1.64395
1.64463
1.64527
1.64587
1.64641
1.64691
1.64736
1.64775
1.6481
1.6484
1.64865
1.64886
1.64902
1.64914
1.64921
1.64925
1.64925
1.6492
1.64913
1.64901
1.64887
1.64869
1.64848
1.64824
1.64798
1.64769
1.64737
1.64703
1.64666
1.64628
1.64587
1.64544
1.64499
1.64452
1.64402
1.64351
1.64298
1.64242
1.64185
1.64125
1.64063
1.64
1.63933
1.63865
1.63795
1.63722
1.63647
1.63569
1.63489
1.63407
1.63322
1.63235
1.63145
1.63052
1.62958
1.6286
1.62761
1.62658
1.62554
1.62447
1.62337
1.62226
1.62112
1.61997
1.61879
1.6176
1.6164
1.61518
1.61395
1.61271
1.61146
1.61021
1.60896
1.6077
1.60645
1.60521
1.60398
1.60276
1.60155
1.60036
1.59919
1.59805
1.59694
1.59585
1.5948
1.59379
1.59282
1.59189
1.59101
1.59017
1.58939
1.58866
1.58799
1.58738
1.58683
1.58634
1.58592
1.58556
1.58527
1.58505
1.58489
1.58481
1.58479
1.58484
1.58497
1.58516
1.58542
1.58575
1.58615
1.5866
1.58713
1.58771
1.58835
1.58905
1.58981
1.59061
1.59147
1.59237
1.59332
1.59431
1.59534
1.59641
1.59751
1.59864
1.5998
1.60098
1.60219
1.60342
1.60467
1.60593
1.60721
1.6085
1.6098
1.61111
1.61243
1.61375
1.61508
1.61642
1.61776
1.6191
1.62045
1.6218
1.62316
1.62452
1.62589
1.62726
1.62864
1.63002
1.63142
1.63283
1.63426
1.63569
1.63715
1.63863
1.64013
1.64165
1.6432
1.64479
1.6464
1.64805
1.64973
1.65146
1.65323
1.65504
1.6569
1.65881
1.66077
1.66279
1.66486
1.66699
1.66918
1.67143
1.67375
1.67612
1.67857
1.68107
1.68365
1.68629
1.68899
1.69177
1.69461
1.69751
1.70048
1.70352
1.70661
1.70977
1.71298
1.71626
1.71958
1.72296
1.72639
1.72987
1.73339
1.73695
1.74055
1.74418
1.74785
1.75154
1.75525
1.75899
1.76273
1.76649
1.77026
1.77402
1.77779
1.78154
1.78529
1.78902
1.79273
1.79641
1.80007
1.80368
1.80726
1.8108
1.81429
1.81772
1.82111
1.82443
1.82769
1.83088
1.834
1.83705
1.84001
1.8429
1.8457
1.84842
1.85104
1.85357
1.85601
1.85834
1.86058
1.86271
1.86474
1.86665
1.86846
1.87016
1.87175
1.87322
1.87458
1.87582
1.87695
1.87796
1.87886
1.87963
1.88029
1.88084
1.88126
1.88157
1.88176
1.88183
1.88179
1.88163
1.88136
1.88098
1.88049
1.87989
1.87918
1.87836
1.87744
1.87642
1.8753
1.87408
1.87277
1.87136
1.86987
1.86828
1.86662
1.86487
1.86305
1.86115
1.85918
1.85714
1.85504
1.85288
1.85066
1.84838
1.84606
1.84369
1.84128
1.83883
1.83634
1.83382
1.83128
1.82871
1.82612
1.82351
1.8209
1.81827
1.81564
1.813
1.81036
1.80773
1.80511
1.8025
1.7999
1.79731
1.79475
1.7922
1.78968
1.78718
1.78471
1.78226
1.77985
1.77747
1.77513
1.77282
1.77055
1.76831
1.76612
1.76396
1.76185
1.75978
1.75775
1.75577
1.75383
1.75193
1.75008
1.74828
1.74653
1.74482
1.74315
1.74154
1.73997
1.73845
1.73698
1.73556
1.73418
1.73286
1.73158
1.73035
1.72917
1.72804
1.72695
1.72592
1.72493
1.72399
1.72309
1.72225
1.72145
1.72069
1.71998
1.71932
1.7187
1.71812
1.71758
1.71708
1.71663
1.71621
1.71583
1.71548
1.71518
1.7149
1.71466
1.71445
1.71427
1.71412
1.71399
1.71389
1.71382
1.71376
1.71373
1.71371
1.71371
1.71373
1.71376
1.71381
1.71387
1.71393
1.71401
1.71409
1.71418
1.71427
1.71436
1.71445
1.71455
1.71464
1.71473
1.71481
1.71489
1.71496
1.71503
1.71508
1.71513
1.71516
1.71518
1.71519
1.71518
1.71515
1.71511
1.71505
1.71497
1.71487
1.71474
1.7146
1.71442
1.71423
1.714
1.71375
1.71347
1.71316
1.71282
1.71245
1.71204
1.7116
1.71113
1.71062
1.71007
1.70949
1.70887
1.70821
1.70751
1.70678
1.70601
1.7052
1.70435
1.70346
1.70253
1.70157
1.70057
1.69953
1.69845
1.69734
1.6962
1.69502
1.69381
1.69257
1.6913
1.69
1.68868
1.68734
1.68597
1.68459
1.68319
1.68178
1.68035
1.67892
1.67748
1.67605
1.67461
1.67318
1.67175
1.67034
1.66894
1.66756
1.66619
1.66486
1.66355
1.66227
1.66102
1.65982
1.65865
1.65752
1.65644
1.65541
1.65443
1.6535
1.65263
1.65182
1.65106
1.65037
1.64973
1.64916
1.64866
1.64822
1.64784
1.64753
1.64729
1.64712
1.64701
1.64696
1.64699
1.64707
1.64722
1.64744
1.64772
1.64805
1.64845
1.64891
1.64942
1.64999
1.65061
1.65128
1.652
1.65277
1.65359
1.65445
1.65536
1.65631
1.6573
1.65833
1.65939
1.66049
1.66163
1.66281
1.66401
1.66525
1.66653
1.66783
1.66917
1.67053
1.67193
1.67336
1.67481
1.6763
1.67782
1.67936
1.68094
1.68254
1.68417
1.68583
1.68753
1.68925
1.691
1.69278
1.69458
1.69642
1.69829
1.70018
1.7021
1.70405
1.70602
1.70802
1.71005
1.7121
1.71417
1.71626
1.71837
1.7205
1.72265
1.72481
1.72699
1.72918
1.73138
1.73359
1.7358
1.73802
1.74024
1.74246
1.74468
1.74689
1.74909
1.75129
1.75347
1.75563
1.75778
1.75991
1.76202
1.76411
1.76617
1.7682
1.77021
1.77218
1.77412
1.77602
1.77789
1.77973
1.78152
1.78327
1.78499
1.78665
1.78828
1.78986
1.7914
1.7929
1.79434
1.79574
1.7971
1.79841
1.79966
1.80088
1.80204
1.80315
1.80422
1.80523
1.8062
1.80713
1.808
1.80883
1.80961
1.81035
1.81104
1.81168
1.81228
1.81284
1.81335
1.81382
1.81425
1.81463
1.81498
1.81528
1.81554
1.81577
1.81595
1.81609
1.8162
1.81627
1.8163
1.8163
1.81625
1.81617
1.81606
1.8159
1.81571
1.81549
1.81523
1.81494
1.81461
1.81424
1.81384
1.8134
1.81293
1.81242
1.81188
1.8113
1.81068
1.81003
1.80935
1.80862
1.80786
1.80706
1.80622
1.80534
1.80442
1.80346
1.80246
1.80141
1.80033
1.7992
1.79803
1.79682
1.79557
1.79427
1.79292
1.79153
1.7901
1.78862
1.78709
1.78552
1.78391
1.78225
1.78054
1.77879
1.777
1.77516
1.77328
1.77135
1.76939
1.76738
1.76533
1.76324
1.76112
1.75896
1.75676
1.75452
1.75225
1.74995
1.74762
1.74526
1.74288
1.74047
1.73803
1.73558
1.7331
1.73061
1.7281
1.72557
1.72304
1.72049
1.71794
1.71538
1.71281
1.71024
1.70767
1.70511
1.70255
1.69999
1.69744
1.69489
1.69236
1.68984
1.68734
1.68484
1.68237
1.67991
1.67747
1.67505
1.67266
1.67028
1.66794
1.66561
1.66331
1.66104
1.6588
1.65658
1.65439
1.65223
1.6501
1.648
1.64593
1.64389
1.64189
1.63991
1.63797
1.63607
1.63419
1.63235
1.63055
1.62877
1.62703
1.62533
1.62366
1.62202
1.62042
1.61885
1.61731
1.6158
1.61433
1.61288
1.61147
1.61009
1.60874
1.60741
1.60612
1.60485
1.60361
1.60239
1.6012
1.60003
1.59888
1.59775
1.59665
1.59556
1.59449
1.59344
1.5924
1.59138
1.59038
1.58938
1.58841
1.58744
1.58648
1.58554
1.5846
1.58368
1.58277
1.58187
1.58098
1.58011
1.57924
1.57839
1.57756
1.57674
1.57595
1.57517
1.57441
1.57368
1.57297
1.57229
1.57164
1.57102
1.57043
1.56988
1.56938
1.56891
1.56849
1.56812
1.5678
1.56753
1.56732
1.56717
1.56708
1.56705
1.56708
1.56718
1.56735
1.56759
1.5679
1.56828
1.56873
1.56926
1.56985
1.57052
1.57126
1.57208
1.57296
1.57391
1.57493
1.57601
1.57715
1.57836
1.57962
1.58094
1.58231
1.58373
1.58519
1.58669
1.58823
1.5898
1.5914
1.59303
1.59467
1.59634
1.59801
1.59969
1.60138
1.60307
1.60476
1.60643
1.6081
1.60975
1.61138
1.61298
1.61456
1.61612
1.61763
1.61911
1.62055
1.62195
1.62331
1.62462
1.62588
1.62709
1.62825
1.62935
1.6304
1.63139
1.63232
1.63319
1.634
1.63476
1.63545
1.63608
1.63665
1.63716
1.63761
1.638
1.63833
1.6386
1.63881
1.63897
1.63907
1.63911
1.63911
1.63904
1.63893
1.63877
1.63856
1.6383
1.638
1.63765
1.63727
1.63684
1.63639
1.63589
1.63537
1.63481
1.63422
1.63361
1.63297
1.63231
1.63162
1.63092
1.63021
1.62948
1.62874
1.62798
1.62722
1.62646
1.62568
1.62491
1.62414
1.62337
1.6226
1.62184
1.62109
1.62035
1.61961
1.6189
1.61819
1.61751
1.61684
1.6162
1.61558
1.61498
1.6144
1.61386
1.61334
1.61285
1.6124
1.61198
1.61159
1.61124
1.61093
1.61066
1.61043
1.61024
1.61009
1.60999
1.60994
1.60993
1.60997
1.61006
1.6102
1.61039
1.61063
1.61093
1.61127
1.61167
1.61213
1.61264
1.6132
1.61382
1.6145
1.61523
1.61602
1.61686
1.61777
1.61872
1.61973
1.6208
1.62192
1.6231
1.62433
1.62561
1.62695
1.62834
1.62978
1.63127
1.63281
1.6344
1.63604
1.63773
1.63946
1.64124
1.64306
1.64492
1.64682
1.64876
1.65074
1.65276
1.65481
1.6569
1.65902
1.66117
1.66335
1.66556
1.66779
1.67005
1.67232
1.67462
1.67694
1.67927
1.68161
1.68397
1.68633
1.6887
1.69108
1.69346
1.69583
1.6982
1.70057
1.70293
1.70527
1.7076
1.70991
1.7122
1.71446
1.7167
1.71891
1.72108
1.72322
1.72532
1.72737
1.72938
1.73135
1.73326
1.73511
1.73692
1.73866
1.74035
1.74197
1.74354
1.74504
1.74647
1.74785
1.74916
1.75041
1.7516
1.75273
1.7538
1.75482
1.75579
1.75672
1.7576
1.75844
1.75925
1.76004
1.76081
1.76156
1.76231
1.76306
1.76382
1.76459
1.7654
1.76623
1.76711
1.76803
1.769
1.77004
1.77114
1.77231
1.77355
1.77488
1.77628
1.77777
1.77934
1.78099
1.78272
1.78454
1.78643
1.78838
1.79041
1.79249
1.79463
1.79681
1.79902
1.80126
1.80352
1.80578
1.80804
1.81028
1.8125
1.81468
1.81682
1.8189
1.82092
1.82286
1.82471
1.82648
1.82814
1.82969
1.83112
1.83244
1.83362
1.83467
1.83558
1.83634
1.83696
1.83743
1.83775
1.83791
1.83792
1.83777
1.83746
1.83699
1.83637
1.83559
1.83466
1.83357
1.83233
1.83093
1.8294
1.82771
1.82589
1.82393
1.82183
1.81961
1.81726
1.81478
1.8122
1.8095
1.80669
1.80379
1.80079
1.7977
1.79453
1.79129
1.78798
1.78461
1.78119
1.77772
1.77422
1.77069
1.76713
1.76357
1.76
1.75643
1.75288
1.74935
1.74585
1.74238
1.73896
1.7356
1.7323
1.72907
1.72592
1.72285
1.71987
1.71699
1.71421
1.71153
1.70897
1.70652
1.70419
1.70198
1.6999
1.69794
1.6961
1.69439
1.6928
1.69134
1.68999
1.68877
1.68766
1.68667
1.68578
1.685
1.68431
1.68373
1.68323
1.68282
1.68248
1.68222
1.68203
1.6819
1.68183
1.68181
1.68184
1.68191
1.68201
1.68214
1.6823
1.68248
1.68267
1.68288
1.68309
1.6833
1.68351
1.68372
1.68392
1.6841
1.68427
1.68442
1.68455
1.68466
1.68473
1.68478
1.68479
1.68477
1.68471
1.68462
1.68448
1.6843
1.68407
1.6838
1.68348
1.68311
1.68269
1.68221
1.68168
1.6811
1.68045
1.67975
1.67899
1.67817
1.67729
1.67634
1.67533
1.67426
1.67312
1.67191
1.67064
1.6693
1.6679
1.66642
1.66488
1.66327
1.6616
1.65985
1.65804
1.65616
1.65421
1.6522
1.65012
1.64797
1.64576
1.64349
1.64115
1.63876
1.6363
1.63379
1.63122
1.62859
1.62591
1.62318
1.62041
1.61758
1.61471
1.6118
1.60885
1.60587
1.60285
1.5998
1.59673
1.59363
1.59051
1.58737
1.58422
1.58106
1.5779
1.57473
1.57157
1.56841
1.56527
1.56214
1.55903
1.55595
1.55289
1.54987
1.54689
1.54395
1.54106
1.53822
1.53544
1.53272
1.53007
1.5275
1.525
1.52259
1.52026
1.51803
1.51589
1.51385
1.51192
1.5101
1.50839
1.5068
1.50533
1.50399
1.50277
1.50168
1.50072
1.4999
1.49922
1.49868
1.49828
1.49802
1.4979
1.49793
1.49811
1.49842
1.49888
1.49949
1.50023
1.50112
1.50215
1.50331
1.5046
1.50603
1.50758
1.50926
1.51106
1.51297
1.515
1.51714
1.51937
1.52171
1.52414
1.52666
1.52926
1.53194
1.53469
1.5375
1.54037
1.54329
1.54627
1.54928
1.55233
1.55541
1.55851
1.56162
1.56475
1.56789
1.57103
1.57416
1.57728
1.58038
1.58347
1.58653
1.58956
1.59255
1.59551
1.59842
1.60129
1.6041
1.60687
1.60957
1.61222
1.6148
1.61731
1.61976
1.62214
1.62444
1.62667
1.62882
1.6309
1.63289
1.6348
1.63663
1.63838
1.64005
1.64163
1.64313
1.64454
1.64586
1.6471
1.64826
1.64932
1.6503
1.6512
1.65201
1.65274
1.65338
1.65393
1.6544
1.65479
1.65509
1.65531
1.65544
1.6555
1.65547
1.65536
1.65517
1.65491
1.65456
1.65413
1.65363
1.65306
1.6524
1.65168
1.65088
1.65002
1.64908
1.64808
1.64702
1.64589
1.64471
1.64347
1.64217
1.64083
1.63944
1.63802
1.63655
1.63506
1.63354
1.632
1.63044
1.62888
1.62731
1.62574
1.62419
1.62265
1.62113
1.61965
1.6182
1.6168
1.61544
1.61415
1.61293
1.61178
1.61071
1.60972
1.60883
1.60803
1.60734
1.60676
1.60629
1.60594
1.60571
1.6056
1.60561
1.60574
1.606
1.60638
1.60689
1.60752
1.60826
1.60912
1.61009
1.61118
1.61236
1.61364
1.61502
1.61649
1.61804
1.61967
1.62137
1.62313
1.62496
1.62685
1.62878
1.63076
1.63277
1.63482
1.63689
1.63899
1.64111
1.64324
1.64538
1.64753
1.64968
1.65184
1.65399
1.65614
1.65829
1.66042
1.66255
1.66467
1.66677
1.66886
1.67094
1.67301
1.67506
1.67709
1.67911
1.68111
1.6831
1.68507
1.68702
1.68896
1.69088
1.69278
1.69467
1.69654
1.69839
1.70022
1.70204
1.70384
1.70561
1.70737
1.70911
1.71083
1.71253
1.71421
1.71587
1.7175
1.7191
1.72069
1.72224
1.72378
1.72528
1.72676
1.7282
1.72962
1.73101
1.73237
1.73369
1.73498
1.73624
1.73746
1.73865
1.7398
1.74092
1.74199
1.74303
1.74402
1.74498
1.7459
1.74677
1.7476
1.74839
1.74913
1.74983
1.75049
1.7511
1.75166
1.75219
1.75266
1.75309
1.75347
1.75381
1.7541
1.75435
1.75455
1.75471
1.75482
1.75489
1.75492
1.7549
1.75485
1.75475
1.75462
1.75445
1.75424
1.75401
1.75374
1.75344
1.75311
1.75277
