1.0995
1.09853
1.09756
1.09658
1.09559
1.0946
1.0936
1.09259
1.09158
1.09056
1.08954
1.08851
1.08747
1.08643
1.08538
1.08433
1.08327
1.08221
1.08114
1.08006
1.07897
1.07787
1.07677
1.07565
1.07452
1.07339
1.07224
1.07108
1.06991
1.06872
1.06752
1.0663
1.06507
1.06383
1.06256
1.06129
1.05999
1.05867
1.05734
1.05599
1.05462
1.05323
1.05182
1.0504
1.04895
1.04749
1.04601
1.0445
1.04298
1.04144
1.03988
1.03831
1.03672
1.03511
1.03348
1.03184
1.03018
1.02851
1.02683
1.02513
1.02342
1.02171
1.01998
1.01824
1.0165
1.01475
1.013
1.01125
1.00949
1.00773
1.00597
1.00422
1.00247
1.00072
0.998987
0.997258
0.99554
0.993833
0.99214
0.990463
0.988803
0.987161
0.985539
0.98394
0.982364
0.980813
0.97929
0.977796
0.976332
0.974901
0.973504
0.972143
0.970819
0.969535
0.968292
0.967092
0.965936
0.964826
0.963764
0.962751
0.961789
0.960879
0.960023
0.959222
0.958477
0.957789
0.957159
0.956588
0.956077
0.955628
0.95524
0.954914
0.954651
0.954451
0.954314
0.954241
0.954231
0.954285
0.954402
0.954581
0.954823
0.955127
0.955492
0.955916
0.9564
0.95694
0.957537
0.958189
0.958894
0.95965
0.960456
0.961308
0.962206
0.963146
0.964127
0.965145
0.966198
0.967284
0.968399
0.969541
0.970707
0.971894
0.973098
0.974317
0.975548
0.976787
0.978031
0.979278
0.980523
0.981765
0.983
0.984225
0.985437
0.986633
0.98781
0.988965
0.990096
0.9912
0.992275
0.993318
0.994327
0.995299
0.996232
0.997125
0.997975
0.998781
0.999541
1.00025
1.00092
1.00153
1.0021
1.00261
1.00308
1.00349
1.00384
1.00415
1.0044
1.00459
1.00474
1.00483
1.00487
1.00485
1.00479
1.00467
1.0045
1.00429
1.00402
1.00371
1.00336
1.00296
1.00252
1.00204
1.00152
1.00096
1.00037
0.999751
0.9991
0.998422
0.997718
0.996992
0.996246
0.995482
0.994704
0.993915
0.993117
0.992313
0.991507
0.9907
0.989896
0.989098
0.988308
0.98753
0.986767
0.986022
0.985297
0.984597
0.983923
0.983278
0.982666
0.982088
0.981547
0.981045
0.980585
0.980168
0.979797
0.979472
0.979196
0.97897
0.978794
0.978671
0.978599
0.978581
0.978615
0.978702
0.978842
0.979034
0.979277
0.979571
0.979915
0.980309
0.980749
0.981236
0.981766
0.982338
0.98295
0.983599
0.984284
0.985002
0.98575
0.986528
0.987331
0.988157
0.989005
0.989871
0.990755
0.991652
0.992562
0.993481
0.994408
0.995341
0.996279
0.99722
0.998162
0.999105
1.00005
1.00098
1.00192
1.00285
1.00378
1.0047
1.00562
1.00653
1.00743
1.00833
1.00922
1.01011
1.01099
1.01187
1.01274
1.01361
1.01447
1.01533
1.01619
1.01705
1.0179
1.01875
1.0196
1.02045
1.02129
1.02214
1.02299
1.02384
1.02468
1.02553
1.02638
1.02722
1.02807
1.02892
1.02976
1.0306
1.03145
1.03228
1.03312
1.03395
1.03477
1.03559
1.03641
1.03721
1.03801
1.0388
1.03957
1.04033
1.04108
1.04182
1.04254
1.04324
1.04392
1.04459
1.04523
1.04585
1.04645
1.04702
1.04757
1.0481
1.04859
1.04906
1.0495
1.04991
1.05029
1.05063
1.05095
1.05123
1.05149
1.0517
1.05189
1.05204
1.05216
1.05225
1.0523
1.05232
1.05231
1.05227
1.05219
1.05208
1.05195
1.05178
1.05159
1.05138
1.05113
1.05087
1.05058
1.05027
1.04994
1.04959
1.04923
1.04885
1.04847
1.04807
1.04767
1.04726
1.04684
1.04642
1.04601
1.0456
1.04519
1.04479
1.0444
1.04402
1.04366
1.04331
1.04298
1.04266
1.04237
1.0421
1.04186
1.04164
1.04144
1.04128
1.04114
1.04104
1.04096
1.04092
1.04091
1.04093
1.04099
1.04108
1.0412
1.04136
1.04155
1.04177
1.04203
1.04232
1.04264
1.04299
1.04338
1.04379
1.04424
1.04471
1.04521
1.04574
1.0463
1.04689
1.0475
1.04813
1.04879
1.04947
1.05018
1.0509
1.05165
1.05242
1.05321
1.05402
1.05485
1.05569
1.05656
1.05744
1.05834
1.05925
1.06018
1.06113
1.0621
1.06308
1.06408
1.06509
1.06612
1.06716
1.06821
1.06928
1.07037
1.07147
1.07258
1.0737
1.07484
1.07599
1.07715
1.07833
1.07951
1.08071
1.08191
1.08313
1.08435
1.08558
1.08682
1.08806
1.08932
1.09057
1.09183
1.09309
1.09435
1.09561
1.09688
1.09813
1.09939
1.10064
1.10188
1.10312
1.10435
1.10557
1.10678
1.10797
1.10915
1.11031
1.11146
1.11259
1.1137
1.11479
1.11586
1.11691
1.11793
1.11892
1.11989
1.12084
1.12175
1.12264
1.12349
1.12432
1.12511
1.12588
1.12661
1.1273
1.12796
1.12859
1.12918
1.12974
1.13026
1.13074
1.13119
1.1316
1.13197
1.13231
1.13261
1.13287
1.1331
1.13329
1.13344
1.13355
1.13362
1.13366
1.13365
1.13361
1.13354
1.13342
1.13327
1.13308
1.13285
1.13258
1.13227
1.13193
1.13155
1.13113
1.13068
1.13019
1.12966
1.12909
1.12849
1.12785
1.12718
1.12647
1.12572
1.12494
1.12412
1.12327
1.12239
1.12147
1.12051
1.11952
1.1185
1.11745
1.11636
1.11524
1.11409
1.11291
1.1117
1.11046
1.10919
1.10789
1.10657
1.10522
1.10384
1.10244
1.10101
1.09956
1.09809
1.09659
1.09508
1.09354
1.09199
1.09042
1.08883
1.08723
1.08561
1.08398
1.08234
1.08068
1.07902
1.07735
1.07568
1.074
1.07231
1.07062
1.06894
1.06725
1.06556
1.06387
1.06219
1.06052
1.05885
1.05718
1.05553
1.05389
1.05225
1.05063
1.04903
1.04743
1.04586
1.04429
1.04275
1.04122
1.03971
1.03822
1.03674
1.03529
1.03386
1.03244
1.03105
1.02968
1.02833
1.02699
1.02568
1.02439
1.02312
1.02187
1.02063
1.01942
1.01822
1.01703
1.01586
1.01471
1.01357
1.01245
1.01133
1.01023
1.00914
1.00806
1.00698
1.00591
1.00485
1.00379
1.00274
1.00169
1.00064
0.999589
0.99854
0.99749
0.996439
0.995386
0.994329
0.993268
0.992204
0.991135
0.990061
0.988983
0.987899
0.986809
0.985715
0.984617
0.983515
0.982409
0.981299
0.980187
0.979073
0.977958
0.976843
0.975729
0.974618
0.973509
0.972406
0.971308
0.970217
0.969135
0.968063
0.967003
0.965957
0.964925
0.963909
0.962913
0.961936
0.960981
0.96005
0.959144
0.958265
0.957414
0.956594
0.955805
0.95505
0.954329
0.953645
0.952997
0.952388
0.951819
0.95129
0.950802
0.950358
0.949956
0.949599
0.949285
0.949017
0.948794
0.948616
0.948482
0.948394
0.94835
0.948352
0.948397
0.948486
0.948618
0.948792
0.949009
0.949268
0.949567
0.949905
0.950283
0.950698
0.951151
0.951641
0.952166
0.952726
0.953321
0.953949
0.95461
0.955304
0.95603
0.956787
0.957575
0.958393
0.959241
0.960119
0.961027
0.961963
0.96293
0.963925
0.96495
0.966004
0.967088
0.968201
0.969344
0.970518
0.971723
0.972958
0.974224
0.975521
0.976849
0.978206
0.979595
0.981014
0.982462
0.98394
0.985448
0.986983
0.988545
0.990133
0.991746
0.993384
0.995044
0.996725
0.998424
1.00014
1.00187
1.00362
1.00537
1.00714
1.00891
1.01069
1.01247
1.01424
1.01602
1.01778
1.01954
1.02129
1.02302
1.02474
1.02644
1.02811
1.02977
1.03139
1.03299
1.03456
1.0361
1.03761
1.03907
1.04051
1.0419
1.04325
1.04456
1.04583
1.04706
1.04824
1.04938
1.05047
1.05152
1.05252
1.05347
1.05438
1.05523
1.05604
1.05681
1.05752
1.05819
1.05882
1.05939
1.05992
1.06041
1.06084
1.06124
1.06159
1.0619
1.06216
1.06238
1.06256
1.0627
1.0628
1.06286
1.06288
1.06287
1.06281
1.06272
1.0626
1.06244
1.06225
1.06202
1.06176
1.06147
1.06115
1.0608
1.06042
1.06002
1.05958
1.05913
1.05864
1.05813
1.0576
1.05705
1.05648
1.05588
1.05527
1.05464
1.05399
1.05333
1.05265
1.05196
1.05125
1.05054
1.04981
1.04907
1.04833
1.04757
1.04681
1.04604
1.04526
1.04448
1.0437
1.04291
1.04212
1.04133
1.04053
1.03974
1.03894
1.03815
1.03735
1.03656
1.03577
1.03498
1.0342
1.03341
1.03263
1.03186
1.03109
1.03032
1.02955
1.02879
1.02803
1.02728
1.02653
1.02579
1.02505
1.02431
1.02358
1.02285
1.02213
1.02141
1.0207
1.01999
1.01928
1.01859
1.0179
1.01721
1.01653
1.01586
1.0152
1.01455
1.01391
1.01327
1.01265
1.01204
1.01144
1.01086
1.0103
1.00975
1.00922
1.00871
1.00822
1.00775
1.0073
1.00689
1.00649
1.00613
1.0058
1.00549
1.00522
1.00499
1.00478
1.00461
1.00448
1.00438
1.00432
1.0043
1.00431
1.00436
1.00444
1.00456
1.00472
1.0049
1.00512
1.00538
1.00566
1.00596
1.0063
1.00665
1.00703
1.00743
1.00784
1.00826
1.00869
1.00914
1.00958
1.01003
1.01047
1.01091
1.01135
1.01177
1.01218
1.01257
1.01294
1.0133
1.01363
1.01393
1.01421
1.01445
1.01466
1.01484
1.01499
1.0151
1.01517
1.0152
1.0152
1.01515
1.01507
1.01494
1.01478
1.01458
1.01434
1.01406
1.01375
1.0134
1.01301
1.0126
1.01215
1.01167
1.01117
1.01064
1.01008
1.00951
1.00891
1.0083
1.00768
1.00705
1.0064
1.00575
1.0051
1.00445
1.0038
1.00316
1.00253
1.0019
1.0013
1.00071
1.00014
0.999593
0.999076
0.998587
0.998132
0.997712
0.99733
0.996989
0.99669
0.996436
0.996229
0.996072
0.995966
0.995913
0.995915
0.995974
0.996091
0.996267
0.996503
0.9968
0.997159
0.99758
0.998064
0.998611
0.999221
0.999895
1.00063
1.00143
1.00229
1.00321
1.0042
1.00524
1.00634
1.00749
1.0087
1.00997
1.01128
1.01265
1.01406
1.01552
1.01702
1.01857
1.02015
1.02177
1.02342
1.0251
1.02682
1.02855
1.03031
1.0321
1.0339
1.03571
1.03754
1.03938
1.04123
1.04308
1.04493
1.04679
1.04864
1.05048
1.05232
1.05414
1.05596
1.05776
1.05954
1.06131
1.06305
1.06478
1.06647
1.06814
1.06979
1.0714
1.07298
1.07453
1.07604
1.07752
1.07896
1.08037
1.08173
1.08305
1.08434
1.08558
1.08678
1.08793
1.08904
1.09011
1.09113
1.09211
1.09304
1.09393
1.09478
1.09557
1.09633
1.09704
1.09771
1.09833
1.09892
1.09946
1.09996
1.10042
1.10084
1.10123
1.10158
1.10189
1.10217
1.10242
1.10263
1.10282
1.10297
1.1031
1.1032
1.10327
1.10333
1.10336
1.10336
1.10335
1.10332
1.10327
1.1032
1.10312
1.10302
1.10291
1.10278
1.10263
1.10248
1.10231
1.10213
1.10193
1.10173
1.1015
1.10127
1.10103
1.10077
1.1005
1.10021
1.09991
1.0996
1.09928
1.09894
1.09858
1.09821
1.09783
1.09743
1.09701
1.09657
1.09612
1.09566
1.09517
1.09467
1.09414
1.0936
1.09304
1.09246
1.09186
1.09124
1.09059
1.08993
1.08924
1.08853
1.08781
1.08705
1.08628
1.08548
1.08466
1.08382
1.08295
1.08206
1.08115
1.08021
1.07925
1.07826
1.07725
1.07622
1.07517
1.07409
1.073
1.07188
1.07074
1.06958
1.0684
1.06721
1.06599
1.06476
1.06351
1.06225
1.06097
1.05969
1.05839
1.05708
1.05577
1.05445
1.05312
1.05179
1.05046
1.04913
1.0478
1.04647
1.04515
1.04384
1.04254
1.04124
1.03996
1.03869
1.03744
1.03621
1.03499
1.03379
1.03262
1.03147
1.03034
1.02924
1.02817
1.02712
1.02611
1.02512
1.02416
1.02324
1.02234
1.02148
1.02066
1.01986
1.01911
1.01838
1.01769
1.01704
1.01642
1.01583
1.01528
1.01477
1.01429
1.01384
1.01342
1.01304
1.0127
1.01238
1.0121
1.01184
1.01162
1.01142
1.01125
1.01111
1.011
1.01091
1.01085
1.01081
1.01079
1.01079
1.01081
1.01085
1.01091
1.01098
1.01106
1.01116
1.01127
1.01138
1.01151
1.01164
1.01178
1.01192
1.01206
1.01221
1.01235
1.0125
1.01264
1.01277
1.01291
1.01303
1.01315
1.01326
1.01336
1.01346
1.01354
1.01361
1.01367
1.01371
1.01375
1.01377
1.01377
1.01377
1.01375
1.01372
1.01368
1.01363
1.01356
1.01349
1.0134
1.01331
1.01321
1.0131
1.01298
1.01286
1.01274
1.01261
1.01249
1.01236
1.01224
1.01212
1.012
1.01189
1.01179
1.0117
1.01162
1.01155
1.01149
1.01145
1.01142
1.01141
1.01142
1.01145
1.01149
1.01156
1.01164
1.01175
1.01188
1.01203
1.0122
1.01239
1.01261
1.01284
1.0131
1.01338
1.01367
1.01399
1.01433
1.01468
1.01505
1.01544
1.01584
1.01626
1.01669
1.01713
1.01758
1.01804
1.01852
1.01899
1.01948
1.01997
1.02046
1.02096
1.02146
1.02196
1.02246
1.02296
1.02346
1.02395
1.02445
1.02493
1.02542
1.0259
1.02637
1.02684
1.02731
1.02777
1.02822
1.02867
1.02911
1.02955
1.02998
1.0304
1.03082
1.03123
1.03164
1.03205
1.03244
1.03284
1.03323
1.03362
1.034
1.03438
1.03476
1.03514
1.03552
1.03589
1.03627
1.03664
1.03701
1.03739
1.03776
1.03814
1.03851
1.03889
1.03927
1.03965
1.04003
1.04041
1.04079
1.04118
1.04156
1.04195
1.04234
1.04273
1.04312
1.04351
1.04391
1.0443
1.04469
1.04508
1.04547
1.04586
1.04625
1.04663
1.04701
1.04739
1.04776
1.04813
1.0485
1.04886
1.04921
1.04956
1.0499
1.05023
1.05055
1.05087
1.05118
1.05147
1.05176
1.05203
1.05229
1.05254
1.05278
1.053
1.05321
1.0534
1.05358
1.05375
1.0539
1.05404
1.05416
1.05427
1.05436
1.05444
1.0545
1.05454
1.05457
1.05458
1.05458
1.05456
1.05452
1.05447
1.0544
1.05432
1.05423
1.05412
1.054
1.05386
1.05371
1.05354
1.05337
1.05318
1.05297
1.05275
1.05252
1.05228
1.05203
1.05176
1.05148
1.05119
1.05088
1.05056
1.05023
1.04989
1.04954
1.04917
1.0488
1.04841
1.048
1.04759
1.04716
1.04672
1.04627
1.0458
1.04533
1.04483
1.04433
1.04381
1.04328
1.04274
1.04218
1.04161
1.04102
1.04043
1.03981
1.03919
1.03855
1.0379
1.03724
1.03656
1.03587
1.03516
1.03445
1.03372
1.03298
1.03223
1.03147
1.0307
1.02992
1.02913
1.02833
1.02752
1.02671
1.02588
1.02506
1.02422
1.02338
1.02253
1.02168
1.02083
1.01998
1.01912
1.01826
1.01741
1.01655
1.01569
1.01484
1.01398
1.01313
1.01229
1.01145
1.01061
1.00978
1.00896
1.00815
1.00734
1.00654
1.00576
1.00498
1.00422
1.00347
1.00273
1.002
1.00129
1.00059
0.999913
0.999248
0.998601
0.997971
0.997359
0.996767
0.996194
0.995641
0.995109
0.994598
0.99411
0.993645
0.993204
0.992787
0.992394
0.992027
0.991685
0.991369
0.991079
0.990816
0.990579
0.990369
0.990186
0.990029
0.989899
0.989794
0.989716
0.989664
0.989636
0.989635
0.989658
0.989705
0.989776
0.98987
0.989987
0.990125
0.990283
0.990459
0.990654
0.990864
0.99109
0.991331
0.991584
0.991848
0.992123
0.992406
0.992697
0.992995
0.993297
0.993602
0.993909
0.994217
0.994525
0.99483
0.995132
0.995429
0.995721
0.996006
0.996283
0.996551
0.996808
0.997055
0.99729
0.997512
0.99772
0.997914
0.998093
0.998256
0.998402
0.998532
0.998645
0.99874
0.998817
0.998875
0.998914
0.998935
0.998937
0.998918
0.99888
0.998822
0.998744
0.998646
0.998527
0.998387
0.998227
0.998047
0.997845
0.997623
0.997381
0.997118
0.996834
0.996531
0.996208
0.995865
0.995502
0.99512
0.994719
0.994299
0.99386
0.993403
0.992928
0.992436
0.991926
0.991401
0.99086
0.990304
0.989734
0.98915
0.988553
0.987944
0.987324
0.986694
0.986055
0.985408
0.984754
0.984095
0.983432
0.982767
0.982099
0.98143
0.980762
0.980097
0.979435
0.978779
0.97813
0.977489
0.976858
0.976238
0.975632
0.975041
0.974465
0.973908
0.97337
0.972853
0.972359
0.971888
0.971443
0.971025
0.970634
0.970273
0.969942
0.969644
0.969378
0.969146
0.968949
0.968788
0.968663
0.968576
0.968527
0.968517
0.968546
0.968614
0.968722
0.96887
0.969058
0.969287
0.969556
0.969864
0.970213
0.970601
0.971029
0.971496
0.972002
0.972545
0.973126
0.973744
0.974399
0.975088
0.975812
0.976568
0.977356
0.978175
0.979024
0.979902
0.980807
0.981738
0.982693
0.983672
0.984671
0.985692
0.986732
0.987788
0.988859
0.989945
0.991042
0.99215
0.993267
0.994391
0.995521
0.996655
0.997792
0.99893
1.00007
1.0012
1.00234
1.00347
1.00459
1.00571
1.00682
1.00792
1.00901
1.01009
1.01115
1.01221
1.01325
1.01427
1.01529
1.01628
1.01726
1.01822
1.01916
1.02009
1.021
1.02188
1.02275
1.0236
1.02443
1.02524
1.02603
1.02679
1.02754
1.02827
1.02898
1.02967
1.03034
1.03099
1.03162
1.03222
1.03281
1.03338
1.03393
1.03445
1.03496
1.03544
1.03591
1.03636
1.03678
1.03719
1.03758
1.03794
1.03829
1.03862
1.03893
1.03921
1.03948
1.03973
1.03996
1.04017
1.04036
1.04053
1.04069
1.04082
1.04094
1.04103
1.04111
1.04117
1.04121
1.04123
1.04123
1.04122
1.04118
1.04113
1.04106
1.04097
1.04087
1.04075
1.04061
1.04045
1.04028
1.04009
1.03989
1.03967
1.03943
1.03918
1.03892
1.03864
1.03835
1.03805
1.03774
1.03742
1.03708
1.03674
1.03639
1.03604
1.03567
1.0353
1.03493
1.03456
1.03418
1.0338
1.03342
1.03305
1.03267
1.0323
1.03194
1.03158
1.03123
1.03089
1.03056
1.03024
1.02993
1.02964
1.02936
1.0291
1.02886
1.02863
1.02843
1.02824
1.02807
1.02793
1.02781
1.02771
1.02763
1.02757
1.02754
1.02753
1.02755
1.02759
1.02765
1.02773
1.02784
1.02797
1.02812
1.0283
1.02849
1.02871
1.02894
1.02919
1.02946
1.02975
1.03005
1.03037
1.03071
1.03105
1.03141
1.03179
1.03217
1.03257
1.03298
1.0334
1.03382
1.03426
1.03471
1.03516
1.03562
1.03609
1.03656
1.03704
1.03753
1.03803
1.03853
1.03903
1.03954
1.04006
1.04058
1.04111
1.04164
1.04217
1.04271
1.04326
1.0438
1.04435
1.0449
1.04545
1.046
1.04655
1.0471
1.04764
1.04818
1.04872
1.04925
1.04977
1.05028
1.05078
1.05127
1.05175
1.05221
1.05266
1.05308
1.05349
1.05387
1.05424
1.05458
1.05489
1.05518
1.05544
1.05567
1.05587
1.05604
1.05618
1.05629
1.05636
1.05639
1.05639
1.05636
1.05629
1.05618
1.05603
1.05585
1.05563
1.05537
1.05507
1.05473
1.05435
1.05394
1.05349
1.053
1.05247
1.0519
1.0513
1.05066
1.04998
1.04927
1.04852
1.04774
1.04693
1.04609
1.04521
1.0443
1.04337
1.0424
1.04141
1.0404
1.03936
1.0383
1.03721
1.03611
1.03499
1.03386
1.03271
1.03155
1.03038
1.02921
1.02803
1.02685
1.02567
1.02449
1.02332
1.02215
1.021
1.01986
1.01874
1.01763
1.01655
1.01549
1.01446
1.01346
1.0125
1.01157
1.01068
1.00983
1.00903
1.00828
1.00757
1.00692
1.00632
1.00577
1.00528
1.00486
1.00449
1.00418
1.00394
1.00376
1.00364
1.00359
1.0036
1.00368
1.00382
1.00402
1.00428
1.0046
1.00498
1.00542
1.00591
1.00646
1.00705
1.0077
1.00839
1.00912
1.0099
1.01071
1.01155
1.01243
1.01334
1.01427
1.01522
1.01619
1.01718
1.01818
1.01919
1.02021
1.02123
1.02226
1.02328
1.0243
1.02532
1.02632
1.02732
1.0283
1.02927
1.03023
1.03117
1.03208
1.03298
1.03386
1.03471
1.03554
1.03635
1.03713
1.03788
1.03861
1.03931
1.03998
1.04063
1.04124
1.04183
1.04239
1.04292
1.04342
1.0439
1.04434
1.04476
1.04515
1.04551
1.04585
1.04615
1.04644
1.0467
1.04693
1.04714
1.04733
1.04749
1.04763
1.04775
1.04785
1.04793
1.04799
1.04803
1.04806
1.04807
1.04806
1.04804
1.04801
1.04796
1.04791
1.04784
1.04776
1.04768
1.04759
1.04749
1.04738
1.04727
1.04716
1.04705
1.04693
1.04681
1.04669
1.04658
1.04646
1.04635
1.04624
1.04614
1.04604
1.04595
1.04586
1.04578
1.0457
1.04564
1.04558
1.04553
1.04548
1.04545
1.04543
1.04541
1.0454
1.04541
1.04542
1.04544
1.04547
1.04551
1.04556
1.04561
1.04567
1.04575
1.04583
1.04591
1.04601
1.04611
1.04621
1.04632
1.04644
1.04657
1.04669
1.04683
1.04696
1.0471
1.04725
1.04739
1.04754
1.04769
1.04785
1.048
1.04816
1.04832
1.04848
1.04864
1.0488
1.04896
1.04912
1.04928
1.04944
1.0496
1.04975
1.04991
1.05006
1.05021
1.05036
1.05051
1.05065
1.05079
1.05093
1.05106
1.05119
1.05131
1.05143
1.05155
1.05165
1.05176
1.05185
1.05194
1.05202
1.0521
1.05217
1.05223
1.05228
1.05233
1.05236
1.05239
1.05241
1.05242
1.05243
1.05243
1.05242
1.0524
1.05237
1.05233
1.05229
1.05224
1.05219
1.05213
1.05206
1.05198
1.05191
1.05182
1.05174
1.05165
1.05156
1.05147
1.05138
1.05129
1.0512
1.05111
1.05103
1.05095
1.05087
1.0508
1.05074
1.05068
1.05064
1.0506
1.05058
1.05056
1.05056
1.05057
1.0506
1.05064
1.05069
1.05077
1.05086
1.05096
1.05108
1.05122
1.05138
1.05155
1.05174
1.05195
1.05217
1.05241
1.05266
1.05293
1.05322
1.05351
1.05382
1.05414
1.05447
1.05481
1.05515
1.0555
1.05586
1.05622
1.05658
1.05693
1.05729
1.05764
1.05798
1.05832
1.05864
1.05896
1.05926
1.05954
1.05981
1.06006
1.06029
1.0605
1.06068
1.06084
1.06097
1.06107
1.06115
1.06119
1.0612
1.06118
1.06112
1.06103
1.06091
1.06075
1.06056
1.06033
1.06006
1.05976
1.05942
1.05905
1.05865
1.05821
1.05773
1.05723
1.05669
1.05613
1.05553
1.05491
1.05426
1.05358
1.05289
1.05217
1.05143
1.05067
1.0499
1.04911
1.04831
1.0475
1.04668
1.04586
1.04503
1.0442
1.04337
1.04254
1.04172
1.0409
1.04008
1.03928
1.03848
1.0377
1.03693
1.03618
1.03544
1.03472
1.03402
1.03334
1.03267
1.03203
1.03141
1.03082
1.03025
1.0297
1.02917
1.02867
1.0282
1.02774
1.02731
1.02691
1.02653
1.02617
1.02583
1.02551
1.02522
1.02494
1.02469
1.02445
1.02422
1.02402
1.02383
1.02365
1.02348
1.02333
1.02318
1.02305
1.02291
1.02279
1.02267
1.02255
1.02244
1.02232
1.0222
1.02208
1.02196
1.02183
1.02169
1.02155
1.0214
1.02124
1.02107
1.02089
1.02069
1.02048
1.02026
1.02003
1.01978
1.01951
1.01923
1.01894
1.01863
1.0183
1.01796
1.01761
1.01724
1.01685
1.01646
1.01605
1.01563
1.01519
1.01475
1.0143
1.01384
1.01338
1.01291
1.01243
1.01196
1.01149
1.01101
1.01055
1.01008
1.00963
1.00919
1.00876
1.00834
1.00795
1.00757
1.00721
1.00688
1.00657
1.0063
1.00606
1.00585
1.00567
1.00554
1.00545
1.00541
1.00541
1.00546
1.00557
1.00573
1.00594
1.00621
1.00655
1.00695
1.00741
1.00794
1.00853
1.0092
1.00993
1.01074
1.01161
1.01257
1.01359
1.01469
1.01586
1.01711
1.01843
1.01982
1.02129
1.02282
1.02442
1.0261
1.02784
1.02964
1.03151
1.03344
1.03543
1.03747
1.03956
1.0417
1.04389
1.04612
1.04839
1.05069
1.05303
1.05539
1.05778
1.06018
1.06261
1.06504
1.06748
1.06992
1.07237
1.07481
1.07724
1.07966
1.08207
1.08445
1.08682
1.08916
1.09147
1.09376
1.09601
1.09822
1.1004
1.10254
1.10464
1.10669
1.1087
1.11067
1.1126
1.11448
1.11631
1.1181
1.11984
1.12153
1.12318
1.12478
1.12634
1.12786
1.12933
1.13075
1.13214
1.13348
1.13478
1.13604
1.13726
1.13844
1.13958
1.14068
1.14174
1.14276
1.14374
1.14468
1.14559
1.14645
1.14728
1.14806
1.1488
1.1495
1.15015
1.15077
1.15133
1.15185
1.15232
1.15274
1.15312
1.15344
1.1537
1.15392
1.15407
1.15417
1.15421
1.15419
1.15411
1.15396
1.15375
1.15347
1.15313
1.15272
1.15225
1.1517
1.15109
1.1504
1.14965
1.14882
1.14792
1.14695
1.14591
1.1448
1.14361
1.14236
1.14103
1.13963
1.13817
1.13663
1.13502
1.13334
1.1316
1.12978
1.1279
1.12596
1.12395
1.12187
1.11973
1.11754
1.11528
1.11296
1.11058
1.10815
1.10566
1.10312
1.10052
1.09788
1.09519
1.09246
1.08968
1.08685
1.08399
1.08109
1.07816
1.07519
1.0722
1.06917
1.06612
1.06305
1.05996
1.05686
1.05374
1.05061
1.04748
1.04434
1.04121
1.03808
1.03496
1.03185
1.02875
1.02568
1.02263
1.0196
1.01661
1.01366
1.01074
1.00787
1.00504
1.00227
0.999556
0.9969
0.994307
0.991782
0.989328
0.986948
0.984647
0.982427
0.980291
0.978243
0.976284
0.974418
0.972647
0.970972
0.969396
0.96792
0.966545
0.965273
0.964103
0.963037
0.962075
0.961217
0.960461
0.959808
0.959257
0.958806
0.958452
0.958196
0.958035
0.957966
0.957988
0.958096
0.958289
0.958563
0.958915
0.959341
0.959837
0.9604
0.961026
0.961711
0.96245
0.96324
0.964076
0.964955
0.965872
0.966823
0.967804
0.968812
0.969842
0.97089
0.971953
0.973027
0.974109
0.975193
0.976278
0.97736
0.978436
0.979503
0.980559
0.9816
0.982625
0.98363
0.984614
0.985575
0.986511
0.987419
0.9883
0.989152
0.989974
0.990765
0.991523
0.992249
0.992942
0.993601
0.994228
0.99482
0.99538
0.995906
0.9964
0.996862
0.997292
0.997691
0.998061
0.998403
0.998717
0.999005
0.999267
0.999506
0.999722
0.999917
1.00009
1.00025
1.00039
1.00051
1.00063
1.00073
1.00082
1.0009
1.00098
1.00105
1.00111
1.00118
1.00125
1.00131
1.00138
1.00146
1.00154
1.00163
1.00173
1.00185
1.00197
1.00211
1.00226
1.00243
1.00262
1.00282
1.00304
1.00329
1.00355
1.00384
1.00415
1.00449
1.00485
1.00523
1.00564
1.00608
1.00654
1.00702
1.00754
1.00808
1.00864
1.00923
1.00985
1.01049
1.01115
1.01184
1.01256
1.0133
1.01406
1.01484
1.01565
1.01648
1.01733
1.01819
1.01908
1.01998
1.0209
1.02183
1.02277
1.02373
1.02471
1.02569
1.02668
1.02769
1.0287
1.02971
1.03074
1.03177
1.0328
1.03384
1.03489
1.03593
1.03698
1.03803
1.03908
1.04014
1.04119
1.04224
1.04329
1.04434
1.0454
1.04645
1.04749
1.04854
1.04958
1.05062
1.05166
1.05269
1.05372
1.05475
1.05576
1.05678
1.05778
1.05878
1.05976
1.06074
1.06171
1.06267
1.06361
1.06454
1.06545
1.06635
1.06723
1.06809
1.06894
1.06976
1.07056
1.07133
1.07208
1.0728
1.0735
1.07417
1.0748
1.07541
1.07599
1.07653
1.07704
1.07752
1.07796
1.07837
1.07874
1.07908
1.07939
1.07966
1.0799
1.08011
1.08029
1.08043
1.08054
1.08063
1.08069
1.08072
1.08072
1.0807
1.08066
1.08059
1.08051
1.08041
1.0803
1.08017
1.08003
1.07988
1.07972
1.07956
1.0794
1.07923
1.07906
1.07889
1.07873
1.07857
1.07842
1.07828
1.07814
1.07802
1.07791
1.07781
1.07772
1.07765
1.07759
1.07755
1.07753
1.07752
1.07753
1.07755
1.07759
1.07765
1.07772
1.07781
1.07791
1.07803
1.07817
1.07831
1.07847
1.07864
1.07882
1.07901
1.07921
1.07941
1.07962
1.07984
1.08006
1.08028
1.0805
1.08072
1.08094
1.08116
1.08137
1.08158
1.08178
1.08197
1.08215
1.08232
1.08247
1.08262
1.08274
1.08286
1.08295
1.08303
1.08308
1.08312
1.08313
1.08312
1.08309
1.08303
1.08295
1.08284
1.0827
1.08253
1.08234
1.08211
1.08185
1.08157
1.08125
1.0809
1.08052
1.08011
1.07966
1.07918
1.07867
1.07812
1.07754
1.07693
1.07628
1.0756
1.07489
1.07414
1.07336
1.07255
1.0717
1.07082
1.06991
1.06897
1.06799
1.06699
1.06596
1.0649
1.0638
1.06268
1.06154
1.06037
1.05917
1.05795
1.05671
1.05544
1.05415
1.05285
1.05152
1.05017
1.04881
1.04743
1.04604
1.04463
1.0432
1.04177
1.04032
1.03886
1.03739
1.03591
1.03443
1.03294
1.03144
1.02993
1.02842
1.02691
1.0254
1.02388
1.02236
1.02084
1.01932
1.0178
1.01628
1.01476
1.01325
1.01174
1.01023
1.00873
1.00724
1.00575
1.00427
1.00281
1.00135
0.9999
0.998466
0.997047
0.995642
0.994254
0.992884
0.991533
0.990203
0.988895
0.987611
0.986352
0.985119
0.983915
0.982741
0.981599
0.98049
0.979417
0.978379
0.977379
0.976419
0.975499
0.974621
0.973786
0.972997
0.972253
0.971556
0.970907
0.970307
0.969756
0.969257
0.968808
0.968411
0.968066
0.967773
0.967533
0.967346
0.967211
0.96713
0.967101
0.967124
0.9672
0.967326
0.967503
0.967729
0.968005
0.968328
0.968698
0.969114
0.969574
0.970078
0.970623
0.971209
0.971835
0.972497
0.973197
0.97393
0.974697
0.975495
0.976324
0.97718
0.978062
0.978969
0.979899
0.980851
0.981823
0.982814
0.983821
0.984843
0.985878
0.986925
0.987981
0.989046
0.990119
0.991198
0.992281
0.993369
0.994459
0.995551
0.996642
0.997731
0.998818
0.999902
1.00098
1.00205
1.00312
1.00418
1.00524
1.00628
1.00731
1.00834
1.00935
1.01036
1.01135
1.01233
1.0133
1.01426
1.0152
1.01613
1.01704
1.01794
1.01883
1.0197
1.02055
1.02139
1.02222
1.02302
1.02381
1.02459
1.02535
1.02608
1.02681
1.02751
1.02819
1.02886
1.02951
1.03014
1.03075
1.03134
1.03191
1.03246
1.03299
1.0335
1.03398
1.03445
1.03489
1.03531
1.03571
1.03609
1.03644
1.03677
1.03707
1.03735
1.03761
1.03784
1.03805
1.03823
1.03839
1.03852
1.03863
1.03871
1.03877
1.0388
1.03881
1.0388
1.03876
1.03869
1.03861
1.0385
1.03836
1.03821
1.03803
1.03783
1.03762
1.03738
1.03712
1.03684
1.03655
1.03624
1.03592
1.03558
1.03523
1.03486
1.03449
1.0341
1.0337
1.0333
1.03289
1.03248
1.03206
1.03164
1.03121
1.03079
1.03037
1.02995
1.02954
1.02913
1.02873
1.02834
1.02796
1.02758
1.02722
1.02687
1.02654
1.02622
1.02592
1.02564
1.02538
1.02514
1.02492
1.02472
1.02455
1.0244
1.02427
1.02417
1.0241
1.02405
1.02403
1.02403
1.02406
1.02412
1.0242
1.02431
1.02445
1.02461
1.0248
1.02501
1.02525
1.02551
1.02579
1.0261
1.02642
1.02676
1.02712
1.0275
1.02789
1.0283
1.02871
1.02914
1.02958
1.03003
1.03048
1.03094
1.0314
1.03186
1.03232
1.03278
1.03324
1.03369
1.03415
1.03459
1.03503
1.03546
1.03588
1.03629
1.03669
1.03708
1.03746
1.03783
1.03818
1.03852
1.03885
1.03917
1.03947
1.03976
1.04004
1.0403
1.04055
1.04079
1.04102
1.04123
1.04144
1.04164
1.04182
1.042
1.04217
1.04234
1.0425
1.04265
1.0428
1.04294
1.04309
1.04323
1.04336
1.0435
1.04364
1.04379
1.04393
1.04408
1.04423
1.04438
1.04455
1.04472
1.04489
1.04508
1.04527
1.04548
1.04569
1.04591
1.04615
1.0464
1.04666
1.04693
1.04721
1.04751
1.04782
1.04814
1.04848
1.04883
1.04919
1.04957
1.04997
1.05037
1.05079
1.05122
1.05167
1.05213
1.0526
1.05308
1.05358
1.05408
1.0546
1.05513
1.05566
1.05621
1.05677
1.05733
1.0579
1.05847
1.05906
1.05964
1.06024
1.06083
1.06143
1.06203
1.06263
1.06324
1.06384
1.06444
1.06504
1.06564
1.06623
1.06682
1.06741
1.06799
1.06856
1.06912
1.06968
1.07023
1.07078
1.07131
1.07183
1.07234
1.07284
1.07333
1.07381
1.07427
1.07472
1.07516
1.07559
1.076
1.07639
1.07677
1.07714
1.07749
1.07783
1.07814
1.07845
1.07873
1.079
1.07925
1.07949
1.07971
1.0799
1.08008
1.08024
1.08038
1.08051
1.08061
1.08069
1.08075
1.08079
1.08081
1.08081
1.08078
1.08074
1.08067
1.08057
1.08046
1.08032
1.08015
1.07996
1.07975
1.07951
1.07924
1.07895
1.07863
1.07829
1.07792
1.07752
1.07709
1.07664
1.07616
1.07566
1.07512
1.07456
1.07398
1.07336
1.07272
1.07205
1.07136
1.07064
1.06989
1.06912
1.06833
1.06751
1.06667
1.06581
1.06492
1.06401
1.06309
1.06214
1.06118
1.0602
1.05921
1.0582
1.05718
1.05614
1.0551
1.05404
1.05298
1.05191
1.05084
1.04976
1.04867
1.04759
1.04651
1.04542
1.04434
1.04327
1.0422
1.04114
1.04008
1.03904
1.038
1.03698
1.03598
1.03498
1.03401
1.03305
1.03211
1.03119
1.03029
1.02941
1.02855
1.02772
1.02691
1.02612
1.02536
1.02463
1.02392
1.02324
1.02258
1.02196
1.02136
1.0208
1.02026
1.01975
1.01927
1.01882
1.0184
1.01801
1.01765
1.01733
1.01703
1.01676
1.01652
1.01632
1.01614
1.01599
1.01587
1.01578
1.01572
1.01569
1.01568
1.0157
1.01575
1.01582
1.01592
1.01605
1.0162
1.01637
1.01657
1.01679
1.01703
1.0173
1.01759
1.01789
1.01822
1.01857
1.01893
1.01932
1.01972
1.02014
1.02057
1.02103
1.0215
1.02198
1.02248
1.02299
1.02351
1.02405
1.02461
1.02517
1.02575
1.02634
1.02694
1.02755
1.02818
1.02881
1.02946
1.03012
1.03079
1.03147
1.03216
1.03286
1.03357
1.0343
1.03503
1.03577
1.03653
1.03729
1.03806
1.03885
1.03965
1.04046
1.04128
1.04211
1.04296
1.04381
1.04468
1.04556
1.04645
1.04736
1.04828
1.04921
1.05015
1.05111
1.05208
1.05305
1.05405
1.05505
1.05606
1.05709
1.05813
1.05917
1.06023
1.06129
1.06236
1.06344
1.06453
1.06562
1.06671
1.0678
1.06889
1.06998
1.07107
1.07215
1.07323
1.07429
1.07535
1.07639
1.07742
1.07843
1.07942
1.08038
1.08133
1.08224
1.08313
1.08399
1.08481
1.0856
1.08635
1.08707
1.08774
1.08837
1.08895
1.08949
1.08998
1.09042
1.09081
1.09115
1.09143
1.09166
1.09184
1.09196
1.09202
1.09203
1.09198
1.09187
1.09171
1.09149
1.09121
1.09087
1.09048
1.09003
1.08952
1.08896
1.08835
1.08768
1.08696
1.08618
1.08536
1.08449
1.08356
1.0826
1.08158
1.08052
1.07942
1.07828
1.0771
1.07588
1.07462
1.07333
1.072
1.07065
1.06927
1.06785
1.06642
1.06496
1.06347
1.06197
1.06045
1.05892
1.05737
1.0558
1.05423
1.05265
1.05106
1.04946
1.04786
1.04626
1.04466
1.04306
1.04146
1.03986
1.03827
1.03669
1.03511
1.03354
1.03197
1.03042
1.02887
1.02734
1.02582
1.0243
1.0228
1.02131
1.01984
1.01837
1.01692
1.01548
1.01405
1.01263
1.01123
1.00984
1.00845
1.00708
1.00572
1.00437
1.00303
1.0017
1.00038
0.999063
0.997758
0.996461
0.995173
0.993892
0.992618
0.991352
0.990093
0.988842
0.987598
0.986362
0.985132
0.983908
0.982692
0.981482
0.980279
0.979084
0.977896
0.976717
0.975546
0.974383
0.97323
0.972087
0.970954
0.969832
0.968721
0.967623
0.966537
0.965465
0.964406
0.963363
0.962335
0.961324
0.960331
0.959355
0.9584
0.957464
0.95655
0.955658
0.954788
0.953943
0.953122
0.952327
0.951559
0.950818
0.950107
0.949425
0.948773
0.948154
0.947566
0.947013
0.946494
0.946011
0.945564
0.945155
0.944783
0.944451
0.944158
0.943906
0.943695
0.943526
0.943401
0.943319
0.94328
0.943287
0.943338
0.943435
0.943577
0.943765
0.943998
0.944278
0.944605
0.944978
0.945398
0.945864
0.946377
0.946936
0.94754
0.94819
0.948884
0.949623
0.950405
0.95123
0.952097
0.953006
0.953954
0.954942
0.955969
0.957033
0.958133
0.959269
0.960437
0.961638
0.962869
0.96413
0.965419
0.966734
0.968074
0.969437
0.970822
0.972227
0.973651
0.975092
0.976549
0.97802
0.979504
0.981001
0.982508
0.984025
0.985549
0.98708
0.988616
0.990156
0.991699
0.993245
0.994792
0.99634
0.997887
0.999434
1.00098
1.00252
1.00406
1.00559
1.00712
1.00865
1.01017
1.01168
1.01318
1.01468
1.01618
1.01766
1.01914
1.02061
1.02208
1.02353
1.02498
1.02642
1.02785
1.02928
1.03069
1.0321
1.0335
1.03489
1.03627
1.03765
1.03901
1.04037
1.04171
1.04305
1.04438
1.0457
1.04701
1.0483
1.04959
1.05087
1.05214
1.0534
1.05464
1.05588
1.0571
1.05831
1.05951
1.0607
1.06188
1.06304
1.06419
1.06533
1.06645
1.06756
1.06866
1.06974
1.0708
1.07186
1.07289
1.07391
1.07492
1.07591
1.07688
1.07784
1.07877
1.07969
1.0806
1.08148
1.08234
1.08319
1.08402
1.08482
1.08561
1.08637
1.08711
1.08784
1.08854
1.08921
1.08987
1.0905
1.09111
1.09169
1.09225
1.09278
1.09329
1.09377
1.09423
1.09465
1.09505
1.09542
1.09576
1.09608
1.09636
1.09661
1.09683
1.09702
1.09718
1.09731
1.0974
1.09747
1.09749
1.09749
1.09745
1.09738
1.09727
1.09712
1.09694
1.09673
1.09648
1.09619
1.09587
1.09551
1.09511
1.09467
1.0942
1.09369
1.09315
1.09256
1.09194
1.09128
1.09059
1.08986
1.08909
1.08829
1.08745
1.08657
1.08566
1.08471
1.08373
1.08272
1.08167
1.08058
1.07946
1.07831
1.07712
1.07591
1.07466
1.07338
1.07207
1.07074
1.06937
1.06798
1.06656
1.06512
1.06365
1.06216
1.06064
1.05911
1.05756
1.05598
1.05439
1.05279
1.05117
1.04953
1.04788
1.04622
1.04456
1.04288
1.0412
1.03951
1.03783
1.03613
1.03444
1.03275
1.03107
1.02939
1.02771
1.02605
1.02439
1.02275
1.02112
1.0195
1.0179
1.01632
1.01477
1.01323
1.01172
1.01023
1.00877
1.00733
1.00593
1.00456
1.00322
1.00191
1.00064
0.999406
0.99821
0.997053
0.995937
0.994862
0.99383
0.992842
0.991899
0.991001
0.99015
0.989347
0.988592
0.987886
0.98723
0.986624
0.986069
0.985565
0.985112
0.984711
0.984362
0.984065
0.983821
0.98363
0.98349
0.983402
0.983365
0.983379
0.983444
0.983559
0.983723
0.983936
0.984197
0.984505
0.984858
0.985257
0.9857
0.986185
0.986712
0.987278
0.987882
0.988523
0.989198
0.989908
0.990651
0.991423
0.992225
0.993053
0.993906
0.994782
0.99568
0.996597
0.997532
0.998482
0.999446
1.00042
1.0014
1.0024
1.00339
1.00439
1.00539
1.00639
1.00739
1.00838
1.00936
1.01034
1.01131
1.01227
1.01321
1.01414
1.01505
1.01594
1.01682
1.01767
1.0185
1.01931
1.02009
1.02085
1.02158
1.02229
1.02297
1.02362
1.02424
1.02483
1.02539
1.02593
1.02643
1.0269
1.02735
1.02776
1.02815
1.02851
1.02884
1.02914
1.02941
1.02966
1.02988
1.03009
1.03026
1.03042
1.03056
1.03068
1.03078
1.03086
1.03094
1.031
1.03105
1.03109
1.03112
1.03115
1.03117
1.03119
1.03121
1.03124
1.03126
1.03129
1.03133
1.03137
1.03143
1.03149
1.03157
1.03166
1.03176
1.03188
1.03201
1.03216
1.03233
1.03251
1.03271
1.03292
1.03315
1.0334
1.03367
1.03395
1.03424
1.03455
1.03487
1.0352
1.03554
1.03589
1.03624
1.0366
1.03696
1.03733
1.03769
1.03805
1.0384
1.03874
1.03908
1.0394
1.03971
1.04
1.04028
1.04054
1.04077
1.04098
1.04116
1.04132
1.04145
1.04154
1.0416
1.04163
1.04163
1.04159
1.04151
1.0414
1.04125
1.04106
1.04083
1.04056
1.04025
1.03991
1.03952
1.0391
1.03865
1.03816
1.03763
1.03708
1.03649
1.03587
1.03522
1.03455
1.03386
1.03314
1.03241
1.03165
1.03088
1.0301
1.02931
1.02852
1.02771
1.02691
1.0261
1.02529
1.02449
1.0237
1.02291
1.02214
1.02137
1.02063
1.0199
1.01918
1.01849
1.01782
1.01717
1.01655
1.01595
1.01537
1.01483
1.01431
1.01382
1.01337
1.01294
1.01255
1.01218
1.01185
1.01155
1.01128
1.01105
1.01085
1.01068
1.01054
1.01043
1.01036
1.01031
1.0103
1.01032
1.01037
1.01045
1.01056
1.0107
1.01087
1.01106
1.01129
1.01154
1.01182
1.01213
1.01246
1.01281
1.01319
1.0136
1.01403
1.01448
1.01496
1.01545
1.01597
1.01651
1.01707
1.01765
1.01824
1.01885
1.01948
1.02013
1.02079
1.02146
1.02214
1.02284
1.02355
1.02427
1.02499
1.02573
1.02647
1.02722
1.02797
1.02873
1.02949
1.03025
1.03101
1.03178
1.03255
1.03331
1.03407
1.03483
1.03559
1.03634
1.03709
1.03783
1.03857
1.0393
1.04002
1.04074
1.04145
1.04215
1.04284
1.04352
1.04419
1.04485
1.04551
1.04615
1.04679
1.04741
1.04803
1.04863
1.04923
1.04981
1.05039
1.05096
1.05152
1.05207
1.05261
1.05314
1.05366
1.05418
1.05469
1.0552
1.0557
1.0562
1.05669
1.05717
1.05766
1.05814
1.05861
1.05909
1.05956
1.06003
1.0605
1.06097
1.06144
1.06191
1.06238
1.06285
1.06333
1.06381
1.06429
1.06477
1.06525
1.06574
1.06624
1.06673
1.06724
1.06774
1.06825
1.06876
1.06928
1.0698
1.07033
1.07085
1.07138
1.07191
1.07245
1.07298
1.07351
1.07404
1.07457
1.0751
1.07562
1.07614
1.07666
1.07716
1.07767
1.07816
1.07864
1.07911
1.07957
1.08001
1.08044
1.08085
1.08125
1.08162
1.08198
1.08231
1.08262
1.0829
1.08316
1.0834
1.0836
1.08378
1.08393
1.08405
1.08414
1.0842
1.08422
1.08421
1.08416
1.08408
1.08396
1.0838
1.08361
1.08338
1.08312
1.08281
1.08247
1.08209
1.08167
1.08122
1.08072
1.08019
1.07963
1.07903
1.07839
1.07771
1.077
1.07626
1.07548
1.07467
1.07382
1.07295
1.07204
1.0711
1.07014
1.06915
1.06813
1.06708
1.06601
1.06491
1.06379
1.06265
1.06149
1.06031
1.05911
1.05789
1.05666
1.05541
1.05414
1.05287
1.05157
1.05027
1.04896
1.04764
1.0463
1.04496
1.04362
1.04227
1.04091
1.03955
1.03819
1.03683
1.03546
1.0341
1.03273
1.03137
1.03001
1.02865
1.0273
1.02596
1.02462
1.02328
1.02196
1.02064
1.01934
1.01805
1.01677
1.01551
1.01426
1.01303
1.01182
1.01063
1.00946
1.00831
1.00719
1.00609
1.00502
1.00398
1.00297
1.002
1.00105
1.00014
0.999269
0.998434
0.997638
0.996883
0.996169
0.995499
0.994874
0.994294
0.993762
0.993277
0.992841
0.992454
0.992118
0.991832
0.991598
0.991415
0.991285
0.991206
0.99118
0.991206
0.991283
0.991411
0.99159
0.991818
0.992095
0.99242
0.992791
0.993209
0.993672
0.994177
0.994726
0.995314
0.995942
0.996607
0.99731
0.998047
0.998817
0.999619
1.00045
1.00131
1.0022
1.00311
1.00404
1.005
1.00598
1.00698
1.00799
1.00902
1.01006
1.01112
1.01218
1.01326
1.01434
1.01543
1.01652
1.01761
1.01871
1.0198
1.0209
1.02198
1.02306
1.02414
1.0252
1.02625
1.02729
1.02832
1.02933
1.03032
1.03129
1.03224
1.03316
1.03407
1.03495
1.03579
1.03662
1.03741
1.03817
1.03889
1.03959
1.04025
1.04087
1.04145
1.042
1.04251
1.04299
1.04342
1.04381
1.04416
1.04447
1.04474
1.04497
1.04515
1.04529
1.04539
1.04545
1.04547
1.04545
1.04538
1.04527
1.04513
1.04494
1.04471
1.04444
1.04414
1.0438
1.04342
1.04301
1.04256
1.04207
1.04155
1.041
1.04041
1.0398
1.03915
1.03848
1.03777
1.03704
1.03629
1.03551
1.0347
1.03388
1.03303
1.03216
1.03127
1.03036
1.02944
1.0285
1.02755
1.02659
1.02561
1.02462
1.02362
1.02261
1.0216
1.02058
1.01956
1.01853
1.0175
1.01647
1.01544
1.01442
1.01339
1.01237
1.01136
1.01035
1.00935
1.00837
1.00739
1.00643
1.00548
1.00454
1.00362
1.00273
1.00185
1.00099
1.00015
0.99934
0.998551
0.997789
0.997054
0.996348
0.995671
0.995026
0.994413
0.993833
0.993288
0.992779
0.992307
0.991873
0.991477
0.99112
0.990805
0.990531
0.990298
0.990109
0.989963
0.98986
0.989803
0.98979
0.989822
0.989899
0.990021
0.99019
0.990403
0.990662
0.990966
0.991314
0.991707
0.992144
0.992624
0.993146
0.99371
0.994315
0.99496
0.995644
0.996366
0.997125
0.997919
0.998747
0.999609
1.0005
1.00143
1.00238
1.00336
1.00437
1.0054
1.00646
1.00754
1.00864
1.00976
1.0109
1.01206
1.01323
1.01442
1.01563
1.01684
1.01807
1.01931
1.02056
1.02182
1.02309
1.02436
1.02564
1.02693
1.02823
1.02953
1.03084
1.03215
1.03346
1.03478
1.0361
1.03743
1.03875
1.04009
1.04142
1.04276
1.0441
1.04544
1.04679
1.04814
1.04949
1.05084
1.0522
1.05356
1.05492
1.05628
1.05765
1.05901
1.06038
1.06174
1.06311
1.06447
1.06584
1.0672
1.06856
1.06992
1.07128
1.07263
1.07397
1.07531
1.07664
1.07796
1.07927
1.08057
1.08186
1.08313
1.08439
1.08564
1.08686
1.08807
1.08925
1.09042
1.09156
1.09267
1.09376
1.09482
1.09585
1.09685
1.09782
1.09876
1.09966
1.10052
1.10135
1.10214
1.10289
1.1036
1.10427
1.10489
1.10547
1.10601
1.1065
1.10695
1.10735
1.10771
1.10802
1.10828
1.1085
1.10867
1.10879
1.10887
1.10889
1.10888
1.10881
1.10871
1.10855
1.10836
1.10812
1.10783
1.1075
1.10714
1.10673
1.10628
1.10579
1.10527
1.10471
1.10411
1.10348
1.10281
1.10212
1.1014
1.10064
1.09986
1.09906
1.09823
1.09737
1.0965
1.09561
1.0947
1.09377
1.09283
1.09187
1.0909
1.08993
1.08894
1.08795
1.08695
1.08595
1.08494
1.08394
1.08293
1.08192
1.08091
1.07991
1.07891
1.07792
1.07694
1.07596
1.07499
1.07403
1.07308
1.07214
1.07122
1.07031
1.06941
1.06852
1.06765
1.0668
1.06596
1.06514
1.06434
1.06355
1.06279
1.06204
1.06132
1.06061
1.05993
1.05926
1.05862
1.058
1.05741
1.05683
1.05629
1.05576
1.05526
1.05479
1.05434
1.05392
1.05352
1.05315
1.05281
1.0525
1.05221
1.05196
1.05173
1.05154
1.05138
1.05124
1.05114
1.05107
1.05103
1.05102
1.05105
1.0511
1.05119
1.05131
1.05147
1.05166
1.05187
1.05213
1.05241
1.05272
1.05307
1.05344
1.05385
1.05429
1.05475
1.05524
1.05577
1.05631
1.05689
1.05749
1.05812
1.05876
1.05944
1.06013
1.06085
1.06158
1.06234
1.06311
1.0639
1.06471
1.06553
1.06638
1.06723
1.0681
1.06898
1.06987
1.07077
1.07169
1.07261
1.07355
1.07449
1.07544
1.0764
1.07736
1.07833
1.07931
1.08029
1.08127
1.08226
1.08326
1.08425
1.08525
1.08626
1.08726
1.08827
1.08927
1.09028
1.09128
1.09229
1.09329
1.09429
1.09529
1.09628
1.09727
1.09826
1.09924
1.10021
1.10117
1.10212
1.10307
1.104
1.10492
1.10583
1.10672
1.1076
1.10846
1.1093
1.11012
1.11092
1.1117
1.11246
1.11319
1.1139
1.11457
1.11522
1.11584
1.11643
1.11698
1.11749
1.11797
1.11841
1.11882
1.11918
1.11949
1.11976
1.11999
1.12017
1.1203
1.12037
1.1204
1.12037
1.12029
1.12015
1.11996
1.11971
1.1194
1.11903
1.11859
1.1181
1.11754
1.11692
1.11623
1.11548
1.11466
1.11377
1.11282
1.11181
1.11073
1.10958
1.10837
1.10709
1.10574
1.10434
1.10286
1.10133
1.09974
1.09809
1.09637
1.09461
1.09279
1.09092
1.08899
1.08702
1.08501
1.08295
1.08086
1.07873
1.07657
1.07438
1.07217
1.06994
1.06769
1.06543
1.06316
1.06089
1.05862
1.05635
1.05409
1.05185
1.04962
1.04742
1.04524
1.04309
1.04098
1.0389
1.03686
1.03487
1.03292
1.03101
1.02916
1.02737
1.02562
1.02394
1.02231
1.02074
1.01922
1.01777
1.01637
1.01504
1.01376
1.01254
1.01137
1.01026
1.00921
1.00821
1.00726
1.00636
1.00552
1.00472
1.00396
1.00326
1.00259
1.00197
1.00139
1.00085
1.00035
0.999888
0.999462
0.999071
0.998716
0.998395
0.998107
0.997852
0.997629
0.997438
0.997279
0.99715
0.997053
0.996985
0.996947
0.996938
0.99696
0.997011
0.997092
0.997201
0.997339
0.997506
0.997701
0.997924
0.998175
0.998452
0.998757
0.999088
0.999444
0.999827
1.00023
1.00067
1.00112
1.0016
1.0021
1.00262
1.00317
1.00374
1.00432
1.00493
1.00555
1.00619
1.00685
1.00752
1.00821
1.00892
1.00964
1.01037
1.01112
1.01187
1.01264
1.01342
1.01421
1.015
1.01581
1.01662
1.01744
1.01826
1.01909
1.01992
1.02076
1.0216
1.02244
1.02329
1.02413
1.02498
1.02583
1.02667
1.02752
1.02836
1.0292
1.03004
1.03087
1.0317
1.03252
1.03334
1.03415
1.03496
1.03576
1.03655
1.03734
1.03811
1.03888
1.03964
1.04038
1.04112
1.04185
1.04257
1.04328
1.04398
1.04467
1.04534
1.04601
1.04667
1.04732
1.04795
1.04858
1.0492
1.0498
1.0504
1.05099
1.05157
1.05214
1.05271
1.05326
1.05381
1.05434
1.05487
1.05539
1.05591
1.05641
1.05691
1.0574
1.05788
1.05836
1.05882
1.05927
1.05972
1.06015
1.06057
1.06098
1.06137
1.06175
1.06211
1.06246
1.06279
1.0631
1.06339
1.06366
1.0639
1.06412
1.06432
1.06448
1.06461
1.06472
1.06478
1.06482
1.06481
1.06477
1.06468
1.06456
1.06439
1.06417
1.06391
1.0636
1.06324
1.06283
1.06236
1.06184
1.06127
1.06064
1.05995
1.05921
1.05842
1.05756
1.05665
1.05568
1.05465
1.05357
1.05243
1.05123
1.04998
1.04868
1.04732
1.04592
1.04447
1.04297
1.04142
1.03984
1.03822
1.03656
1.03486
1.03314
1.03139
1.02962
1.02783
1.02602
1.0242
1.02238
1.02055
1.01872
1.0169
1.01509
1.01329
1.01151
1.00976
1.00804
1.00634
1.00469
1.00307
1.0015
0.999984
0.998517
0.997106
0.995755
0.994467
0.993244
0.99209
0.991006
0.989994
0.989056
0.988194
0.987408
0.986698
0.986065
0.985509
0.985029
0.984625
0.984296
0.984039
0.983853
0.983735
0.983684
0.983697
0.983771
0.983903
0.98409
0.984329
0.984615
0.984945
0.985316
0.985724
0.986165
0.986634
0.98713
0.987646
0.988179
0.988726
0.989283
0.989846
0.990412
0.990979
0.991542
0.992099
0.992647
0.993182
0.993703
0.994206
0.99469
0.995152
0.995591
0.996004
0.996392
0.996751
0.997082
0.997383
0.997654
0.997894
0.998102
0.998278
0.998423
0.998536
0.998617
0.998667
0.998687
0.998676
0.998637
0.998568
0.998473
0.998352
0.998205
0.998036
0.997844
0.997633
0.997403
0.997156
0.996893
0.996617
0.996328
0.99603
0.995724
0.99541
0.995093
0.994773
0.994452
0.994132
0.993815
0.993502
0.993196
0.992898
0.992609
0.992331
0.992066
0.991816
0.991582
0.991364
0.991165
0.990985
0.990824
0.990685
0.990568
0.990473
0.990401
0.990353
0.990329
0.990329
0.990353
0.990402
0.990475
0.990573
0.990696
0.990843
0.991013
0.991208
0.991426
0.991666
0.991929
0.992213
0.992519
0.992845
0.99319
0.993555
0.993937
0.994337
0.994753
0.995186
0.995633
0.996095
0.996571
0.997061
0.997564
0.998079
0.998606
0.999145
0.999695
1.00026
1.00083
1.00141
1.002
1.00261
1.00322
1.00385
1.00448
1.00513
1.00578
1.00645
1.00713
1.00782
1.00852
1.00923
1.00996
1.01069
1.01144
1.01221
1.01299
1.01378
1.01458
1.0154
1.01624
1.01709
1.01795
1.01883
1.01972
1.02063
1.02155
1.02249
1.02344
1.0244
1.02538
1.02637
1.02737
1.02838
1.02941
1.03044
1.03148
1.03253
1.03359
1.03466
1.03572
1.0368
1.03787
1.03894
1.04001
1.04108
1.04215
1.04321
1.04426
1.0453
1.04633
1.04735
1.04836
1.04935
1.05032
1.05127
1.05221
1.05312
1.05401
1.05487
1.05571
1.05653
1.05731
1.05806
1.05879
1.05948
1.06014
1.06077
1.06137
1.06193
1.06245
1.06294
1.0634
1.06382
1.0642
1.06455
1.06487
1.06514
1.06539
1.06559
1.06577
1.0659
1.06601
1.06608
1.06612
1.06612
1.06609
1.06604
1.06595
1.06584
1.0657
1.06553
1.06534
1.06512
1.06488
1.06461
1.06433
1.06403
1.06371
1.06337
1.06302
1.06265
1.06227
1.06188
1.06148
1.06107
1.06065
1.06023
1.05981
1.05938
1.05895
1.05851
1.05808
1.05766
1.05723
1.05682
1.05641
1.05601
1.05561
1.05523
1.05486
1.0545
1.05416
1.05383
1.05352
1.05323
1.05296
1.0527
1.05247
1.05226
1.05207
1.0519
1.05176
1.05165
1.05156
1.05149
1.05145
1.05144
1.05146
1.05151
1.05158
1.05168
1.05181
1.05198
1.05217
1.05239
1.05264
1.05292
1.05323
1.05357
1.05394
1.05433
1.05476
1.05521
1.05569
1.0562
1.05673
1.05729
1.05788
1.05848
1.05911
1.05977
1.06044
1.06113
1.06184
1.06257
1.06332
1.06408
1.06485
1.06564
1.06643
1.06724
1.06805
1.06887
1.0697
1.07052
1.07135
1.07218
1.07301
1.07384
1.07466
1.07548
1.07629
1.07709
1.07789
1.07867
1.07945
1.08021
1.08096
1.08169
1.08241
1.08311
1.08379
1.08445
1.0851
1.08572
1.08633
1.08691
1.08747
1.08801
1.08853
1.08902
1.08948
1.08992
1.09034
1.09073
1.09109
1.09142
1.09173
1.09201
1.09226
1.09248
1.09268
1.09284
1.09298
1.09308
1.09315
1.0932
1.09321
1.09319
1.09314
1.09305
1.09293
1.09278
1.0926
1.09238
1.09213
1.09185
1.09153
1.09118
1.09079
1.09037
1.08992
1.08943
1.08891
1.08835
1.08776
1.08714
1.08648
1.08579
1.08507
1.08432
1.08354
1.08272
1.08188
1.08101
1.08011
1.07918
1.07823
1.07725
1.07625
1.07522
1.07417
1.07311
1.07202
1.07092
1.0698
1.06866
1.06752
1.06636
1.06519
1.06401
1.06283
1.06164
1.06044
1.05925
1.05805
1.05686
1.05566
1.05448
1.05329
1.05212
1.05095
1.0498
1.04866
1.04753
1.04642
1.04532
1.04424
1.04319
1.04215
1.04113
1.04014
1.03917
1.03823
1.03732
1.03643
1.03557
1.03474
1.03393
1.03316
1.03242
1.03171
1.03103
1.03038
1.02977
1.02918
1.02863
1.02811
1.02763
1.02717
1.02675
1.02636
1.026
1.02567
1.02537
1.0251
1.02486
1.02465
1.02447
1.02432
1.02419
1.02408
1.024
1.02395
1.02392
1.02391
1.02392
1.02395
1.024
1.02407
1.02415
1.02425
1.02436
1.02449
1.02463
1.02478
1.02494
1.02511
1.02528
1.02546
1.02565
1.02584
1.02603
1.02622
1.02641
1.0266
1.02679
1.02697
1.02715
1.02732
1.02749
1.02764
1.02779
1.02792
1.02804
1.02815
1.02824
1.02831
1.02837
1.02841
1.02844
1.02844
1.02842
1.02838
1.02831
1.02823
1.02811
1.02798
1.02781
1.02762
1.02741
1.02716
1.02689
1.02658
1.02625
1.02589
1.02549
1.02507
1.02461
1.02413
1.02361
1.02306
1.02248
1.02187
1.02123
1.02056
1.01986
1.01913
1.01837
1.01759
1.01677
1.01593
1.01506
1.01417
1.01325
1.01231
1.01134
1.01036
1.00935
1.00833
1.00728
1.00623
1.00515
1.00407
1.00297
1.00186
1.00074
0.999618
0.998489
0.997355
0.99622
0.995084
0.993949
0.992816
0.991688
0.990566
0.989451
0.988345
0.987249
0.986165
0.985094
0.984038
0.982998
0.981975
0.980972
0.979988
0.979025
0.978085
0.977169
0.976277
0.975411
0.974572
0.97376
0.972977
0.972224
0.9715
0.970808
0.970148
0.969519
0.968924
0.968362
0.967833
0.967338
0.966877
0.96645
0.966059
0.965703
0.965382
0.965096
0.964845
0.964631
0.964452
0.964311
0.964205
0.964135
0.9641
0.964102
0.96414
0.964213
0.964322
0.964467
0.964647
0.964863
0.965115
0.965402
0.965725
0.966082
0.966474
0.966901
0.967362
0.967857
0.968386
0.968948
0.969545
0.970175
0.970838
0.971534
0.972263
0.973023
0.973815
0.974638
0.975492
0.976376
0.977291
0.978234
0.979207
0.980207
0.981236
0.982291
0.983371
0.984478
0.985608
0.986762
0.987939
0.989137
0.990357
0.991597
0.992856
0.994133
0.995428
0.996739
0.998066
0.999406
1.00076
1.00213
1.0035
1.00489
1.00628
1.00768
1.00909
1.0105
1.01192
1.01334
1.01476
1.01618
1.01759
1.01901
1.02043
1.02183
1.02324
1.02464
1.02603
1.02741
1.02878
1.03014
1.03149
1.03282
1.03415
1.03546
1.03675
1.03803
1.03929
1.04054
1.04177
1.04298
1.04418
1.04535
1.04651
1.04764
1.04876
1.04985
1.05092
1.05197
1.053
1.05401
1.055
1.05596
1.0569
1.05782
1.05871
1.05959
1.06044
1.06126
1.06207
1.06285
1.06361
1.06434
1.06506
1.06575
1.06641
1.06706
1.06768
1.06828
1.06886
1.06941
1.06995
1.07046
1.07095
1.07142
1.07187
1.0723
1.07271
1.07311
1.07348
1.07383
1.07417
1.07449
1.07479
1.07507
1.07534
1.07559
1.07582
1.07604
1.07624
1.07643
1.07661
1.07677
1.07692
1.07706
1.07718
1.0773
1.0774
1.07749
1.07758
1.07766
1.07772
1.07779
1.07784
1.07789
1.07793
1.07798
1.07801
1.07805
1.07808
1.07811
1.07814
1.07818
1.07821
1.07825
1.07828
1.07832
1.07837
1.07841
1.07847
1.07853
1.07859
1.07866
1.07874
1.07882
1.07892
1.07902
1.07913
1.07925
1.07938
1.07952
1.07966
1.07982
1.07998
1.08016
1.08034
1.08054
1.08074
1.08095
1.08117
1.08139
1.08162
1.08186
1.08211
1.08236
1.08261
1.08287
1.08314
1.0834
1.08367
1.08393
1.0842
1.08447
1.08473
1.08499
1.08525
1.0855
1.08574
1.08598
1.08621
1.08643
1.08663
1.08683
1.08701
1.08718
1.08734
1.08748
1.0876
1.08771
1.08779
1.08786
1.08791
1.08794
1.08795
1.08793
1.0879
1.08784
1.08776
1.08766
1.08754
1.08739
1.08722
1.08703
1.08682
1.08659
1.08634
1.08607
1.08578
1.08547
1.08514
1.0848
1.08444
1.08407
1.08369
1.08329
1.08289
1.08247
1.08205
1.08162
1.08119
1.08076
1.08032
1.07988
1.07945
1.07902
1.07859
1.07817
1.07776
1.07736
1.07696
1.07658
1.07621
1.07585
1.07551
1.07518
1.07487
1.07458
1.0743
1.07404
1.0738
1.07358
1.07337
1.07319
1.07302
1.07286
1.07273
1.07261
1.07251
1.07242
1.07234
1.07228
1.07222
1.07218
1.07215
1.07212
1.0721
1.07208
1.07206
1.07204
1.07202
1.072
1.07197
1.07193
1.07189
1.07183
1.07176
1.07168
1.07158
1.07146
1.07132
1.07117
1.07098
1.07078
1.07055
1.07029
1.07
1.06969
1.06934
1.06897
1.06856
1.06813
1.06766
1.06715
1.06662
1.06605
1.06545
1.06481
1.06414
1.06344
1.06271
1.06195
1.06115
1.06033
1.05948
1.0586
1.05769
1.05676
1.0558
1.05483
1.05383
1.05281
1.05178
1.05074
1.04968
1.04861
1.04753
1.04645
1.04536
1.04427
1.04318
1.0421
1.04102
1.03995
1.03889
1.03785
1.03683
1.03582
1.03484
1.03388
1.03295
1.03206
1.03119
1.03036
1.02957
1.02883
1.02812
1.02746
1.02685
1.02629
1.02578
1.02533
1.02493
1.02459
1.02431
1.0241
1.02394
1.02385
1.02382
1.02386
1.02396
1.02414
1.02437
1.02468
1.02506
1.0255
1.02601
1.02658
1.02722
1.02793
1.0287
1.02953
1.03042
1.03138
1.03239
1.03345
1.03457
1.03575
1.03697
1.03824
1.03955
1.04091
1.0423
1.04373
1.04519
1.04668
1.0482
1.04974
1.0513
1.05288
1.05448
1.05608
1.05769
1.05931
1.06092
1.06254
1.06415
1.06575
1.06735
1.06892
1.07049
1.07203
1.07355
1.07505
1.07652
1.07796
1.07937
1.08075
1.08209
1.0834
1.08467
1.0859
1.08709
1.08824
1.08934
1.09041
1.09142
1.09239
1.09332
1.0942
1.09504
1.09583
1.09658
1.09728
1.09794
1.09855
1.09912
1.09965
1.10014
1.10059
1.10101
1.10138
1.10172
1.10203
1.10231
1.10255
1.10277
1.10296
1.10313
1.10328
1.10341
1.10352
1.10361
1.10369
1.10376
1.10382
1.10388
1.10393
1.10398
1.10402
1.10407
1.10413
1.10419
1.10425
1.10433
1.10442
1.10452
1.10464
1.10477
1.10492
1.10509
1.10527
1.10548
1.10571
1.10596
1.10623
1.10653
1.10684
1.10718
1.10754
1.10793
1.10834
1.10877
1.10922
1.10969
1.11018
1.11069
1.11122
1.11177
1.11234
1.11292
1.11351
1.11411
1.11473
1.11536
1.116
1.11665
1.1173
1.11796
1.11862
1.11929
1.11995
1.12062
1.12128
1.12195
1.1226
1.12326
1.1239
1.12454
1.12517
1.12578
1.12638
1.12697
1.12755
1.12811
1.12865
1.12917
1.12968
1.13016
1.13063
1.13107
1.13148
1.13187
1.13224
1.13258
1.1329
1.13318
1.13344
1.13367
1.13386
1.13403
1.13417
1.13427
1.13434
1.13438
1.13438
1.13435
1.13429
1.13419
1.13405
1.13389
1.13368
1.13344
1.13316
1.13285
1.1325
1.13212
1.1317
1.13124
1.13074
1.13021
1.12965
1.12905
1.12841
1.12774
1.12703
1.12629
1.12552
1.12471
1.12387
1.123
1.12209
1.12116
1.12019
1.11919
1.11816
1.1171
1.11601
1.11489
1.11374
1.11256
1.11136
1.11013
1.10887
1.10759
1.10629
1.10496
1.10361
1.10224
1.10085
1.09943
1.09799
1.09654
1.09506
1.09356
1.09205
1.09052
1.08897
1.08741
1.08583
1.08423
1.08262
1.081
1.07937
1.07772
1.07606
1.07439
1.07271
1.07102
1.06932
1.06761
1.06589
1.06417
1.06243
1.06069
1.05895
1.0572
1.05544
1.05368
1.05191
1.05014
1.04837
1.04659
1.04481
1.04302
1.04124
1.03945
1.03766
1.03587
1.03407
1.03228
1.03049
1.0287
1.02691
1.02512
1.02333
1.02155
1.01977
1.018
1.01623
1.01447
1.01272
1.01098
1.00924
1.00752
1.00581
1.00412
1.00244
1.00078
0.999135
0.997515
0.995918
0.994347
0.992802
0.991286
0.989801
0.988349
0.986933
0.985554
0.984214
0.982916
0.981661
0.98045
0.979285
0.978169
0.977101
0.976084
0.975119
0.974207
0.973349
0.972544
0.971793
0.971097
0.970456
0.969869
0.969337
0.968858
0.968432
0.968059
0.967738
0.967467
0.967245
0.967071
0.966943
0.966859
0.966818
0.966819
0.966859
0.966939
0.967055
0.967206
0.967391
0.967608
0.967857
0.968137
0.968446
0.968783
0.969148
0.969539
0.969956
0.970399
0.970866
0.971359
0.971875
0.972415
0.97298
0.973568
0.97418
0.974816
0.975476
0.976159
0.976865
0.977595
0.978349
0.979125
0.979922
0.98074
0.981578
0.982436
0.983311
0.984202
0.985109
0.986028
0.98696
0.987901
0.988849
0.989802
0.990757
0.991712
0.992663
0.993609
0.994547
0.995473
0.996386
0.997281
0.998156
0.999008
0.999835
1.00063
1.0014
1.00214
1.00283
1.00349
1.00411
1.00469
1.00522
1.00571
1.00615
1.00654
1.00688
1.00718
1.00742
1.00762
1.00776
1.00785
1.00789
1.00788
1.00782
1.00772
1.00756
1.00736
1.00711
1.00682
1.00649
1.00612
1.00571
1.00526
1.00478
1.00427
1.00372
1.00315
1.00255
1.00193
1.00129
1.00063
0.999955
0.999263
0.99856
0.997847
0.997126
0.9964
0.99567
0.994938
0.994206
0.993476
0.992749
0.992028
0.991313
0.990605
0.989906
0.989216
0.988536
0.987867
0.98721
0.986565
0.985932
0.985312
0.984705
0.984111
0.98353
0.98296
0.982403
0.981857
0.981323
0.980801
0.980289
0.979788
0.979297
0.978816
0.978343
0.97788
0.977424
0.976975
0.976535
0.976101
0.975675
0.975255
0.974842
0.974436
0.974035
0.973642
0.973255
0.972874
0.972501
0.972134
0.971775
0.971424
0.971081
0.970747
0.970424
0.970111
0.969809
0.969519
0.969242
0.968978
0.96873
0.968498
0.968282
0.968084
0.967906
0.967747
0.96761
0.967496
0.967404
0.967338
0.967296
0.967281
0.967293
0.967333
0.967402
0.967501
0.96763
0.96779
0.967982
0.968206
0.968462
0.968751
0.969072
0.969427
0.969813
0.970231
0.970681
0.971163
0.971675
0.972217
0.972789
0.973388
0.974016
0.97467
0.975349
0.976053
0.976779
0.977527
0.978294
0.97908
0.979882
0.980699
0.981529
0.982371
0.983221
0.984079
0.984943
0.98581
0.986678
0.987546
0.988412
0.989272
0.990127
0.990973
0.991808
0.992632
0.993441
0.994236
0.995014
0.995772
0.996511
0.997227
0.99792
0.998589
0.999232
0.999847
1.00043
1.00099
1.00152
1.00202
1.00248
1.00292
1.00332
1.00368
1.00402
1.00432
1.00459
1.00482
1.00502
1.00519
1.00533
1.00543
1.0055
1.00554
1.00554
1.00552
1.00547
1.00539
1.00528
1.00515
1.00499
1.00481
1.0046
1.00437
1.00413
1.00386
1.00357
1.00327
1.00296
1.00263
1.00229
1.00193
1.00157
1.00121
1.00083
1.00045
1.00007
0.999679
0.999291
0.998903
0.998517
0.998132
0.997751
0.997374
0.997003
0.996637
0.996277
0.995924
0.995579
0.995243
0.994915
0.994596
0.994286
0.993984
0.993692
0.993408
0.993133
0.992867
0.992609
0.992359
0.992117
0.991883
0.991656
0.991434
0.991218
0.991007
0.990799
0.990595
0.990394
0.990196
0.989999
0.989803
0.989606
0.98941
0.989212
0.989012
0.98881
0.988606
0.9884
0.98819
0.987976
0.987758
0.987537
0.987312
0.987082
0.986849
0.986611
0.986369
0.986122
0.985873
0.985619
0.985363
0.985104
0.984842
0.984579
0.984314
0.984049
0.983783
0.983519
0.983256
0.982995
0.982737
0.982483
0.982233
0.981989
0.98175
0.981519
0.981295
0.98108
0.980873
0.980676
0.98049
0.980314
0.98015
0.979997
0.979857
0.979729
0.979615
0.979513
0.979425
0.979351
0.979291
0.979245
0.979214
0.979197
0.979195
0.979208
0.979234
0.979275
0.97933
0.979398
0.979481
0.979576
0.979685
0.979806
0.97994
0.980086
0.980244
0.980412
0.980591
0.98078
0.980979
0.981186
0.981402
0.981625
0.981855
0.982092
0.982335
0.982583
0.982836
0.983093
0.983353
0.983615
0.98388
0.984147
0.984413
0.984679
0.984943
0.985205
0.985465
0.985721
0.985973
0.98622
0.986462
0.986699
0.986928
0.98715
0.987364
0.987569
0.987765
0.98795
0.988125
0.988289
0.988441
0.988582
0.988709
0.988824
0.988926
0.989014
0.989088
0.989148
0.989194
0.989226
0.989244
0.989248
0.989238
0.989214
0.989177
0.989126
0.989062
0.988985
0.988896
0.988795
0.988683
0.988561
0.988428
0.988287
0.988137
0.987979
0.987815
0.987646
0.987471
0.987293
0.987112
0.986929
0.986745
0.986561
0.986377
0.986196
0.986017
0.985841
0.985669
0.985503
0.985344
0.985193
0.985049
0.984914
0.984788
0.984672
0.984567
0.984473
0.98439
0.98432
0.984261
0.984216
0.984183
0.984163
0.984156
0.984164
0.984185
0.98422
0.984268
0.984329
0.984404
0.984492
0.984593
0.984706
0.98483
0.984966
0.985113
0.98527
0.985436
0.985611
0.985793
0.985983
0.986179
0.986381
0.986587
0.986797
0.98701
0.987226
0.987442
0.987657
0.987871
0.988082
0.988289
0.988492
0.98869
0.988881
0.989063
0.989237
0.989401
0.989554
0.989695
0.989823
0.989937
0.990036
0.99012
0.990186
0.990235
0.990265
0.990276
0.990267
0.990236
0.990183
0.990107
0.990008
0.989886
0.989739
0.989568
0.989373
0.989152
0.988907
0.988636
0.98834
0.988018
0.987673
0.987302
0.986908
0.986491
0.986052
0.98559
0.985109
0.984608
0.984091
0.983557
0.983008
0.982445
0.981871
0.981286
0.980695
0.980098
0.979498
0.978897
0.978299
0.977705
0.97712
0.976545
0.975984
0.97544
0.974916
0.974415
0.973941
0.973496
0.973085
0.972709
0.972373
0.972078
0.971828
0.971625
0.971473
0.971374
0.971331
0.971345
0.971419
0.971555
0.971754
0.972016
0.972344
0.972738
0.973198
0.973724
0.974317
0.974977
0.975702
0.976493
0.977347
0.978264
0.979242
0.98028
0.981376
0.982527
0.983732
0.984987
0.986291
0.987639
0.989031
0.990462
0.99193
0.993432
0.994965
0.996525
0.99811
0.999715
1.00134
1.00298
1.00463
1.00628
1.00795
1.00962
1.01128
1.01295
1.01461
1.01626
1.01789
1.01952
1.02113
1.02272
1.02428
1.02583
1.02735
1.02884
1.0303
1.03173
1.03312
1.03448
1.0358
1.03708
1.03832
1.03952
1.04067
1.04178
1.04283
1.04384
1.0448
1.0457
1.04655
1.04735
1.04808
1.04876
1.04938
1.04995
1.05044
1.05088
1.05125
1.05156
1.05179
1.05197
1.05207
1.0521
1.05207
1.05196
1.05178
1.05153
1.0512
1.0508
1.05033
1.04978
1.04916
1.04847
1.04769
1.04685
1.04593
1.04493
1.04386
1.04272
1.04151
1.04022
1.03887
1.03745
1.03596
1.03441
1.03279
1.03112
1.02939
1.02761
1.02578
1.0239
1.02198
1.02002
1.01803
1.016
1.01395
1.01189
1.0098
1.00772
1.00562
1.00354
1.00146
0.999393
0.997352
0.995339
0.99336
0.991422
0.989529
0.987686
0.985901
0.984176
0.982518
0.980929
0.979414
0.977976
0.976617
0.97534
0.974147
0.973039
0.972016
0.971078
0.970224
0.969452
0.968761
0.968149
0.967613
0.967149
0.966755
0.966426
0.966158
0.965947
0.965789
0.965679
0.965613
0.965585
0.965591
0.965627
0.965687
0.965767
0.965862
0.965968
0.966082
0.966198
0.966314
0.966425
0.966528
0.96662
0.966699
0.96676
0.966801
0.96682
0.966814
0.966781
0.96672
0.966629
0.966504
0.966346
0.966153
0.965923
0.965655
0.965347
0.964999
0.964609
0.964178
0.963704
0.963187
0.962628
0.962024
0.961377
0.960687
0.959954
0.959179
0.958364
0.95751
0.956619
0.955693
0.954735
0.953748
0.952736
0.951702
0.950652
0.949591
0.948526
0.947462
0.946407
0.945369
0.944356
0.943377
0.942441
0.941557
0.940736
0.939989
0.939325
0.938756
0.938291
0.937943
0.937721
0.937636
0.937697
0.937912
0.938291
0.93884
0.939565
0.940472
0.941564
0.942844
0.944313
0.94597
0.947815
0.949844
0.952054
0.954438
0.95699
0.959702
0.962567
0.965573
0.96871
0.971968
0.975335
0.9788
0.98235
0.985974
0.98966
0.993395
0.997169
1.00097
1.00479
1.00862
1.01244
1.01625
1.02004
1.0238
1.02752
1.03121
1.03484
1.03842
1.04195
1.04541
1.04881
1.05214
1.0554
1.05858
1.06169
1.06472
1.06768
1.07055
1.07335
1.07607
1.07871
1.08128
1.08376
1.08617
1.0885
1.09076
1.09294
1.09504
1.09707
1.09903
1.10092
1.10274
1.1045
1.10618
1.1078
1.10936
1.11085
1.11228
1.11365
1.11496
1.11621
1.11741
1.11855
1.11963
1.12065
1.12163
1.12255
1.12342
1.12424
1.12501
1.12573
1.1264
1.12702
1.1276
1.12813
1.12861
1.12905
1.12944
1.12979
1.1301
1.13036
1.13059
1.13077
1.1309
1.131
1.13106
1.13108
1.13106
1.131
1.1309
1.13077
1.1306
1.13039
1.13014
1.12986
1.12955
1.12919
1.12881
1.12839
1.12793
1.12745
1.12693
1.12637
1.12579
1.12517
1.12453
1.12385
1.12314
1.12241
1.12164
1.12085
1.12002
1.11917
1.1183
1.11739
1.11647
1.11551
1.11453
1.11353
1.1125
1.11145
1.11038
1.10929
1.10818
1.10704
1.10589
1.10472
1.10353
1.10232
1.1011
1.09986
1.09861
1.09734
1.09607
1.09478
1.09348
1.09217
1.09086
1.08954
1.08822
1.08689
1.08556
1.08422
1.08289
1.08156
1.08023
1.07891
1.07759
1.07628
1.07498
1.07369
1.07241
1.07115
1.0699
1.06867
1.06746
1.06627
1.0651
1.06395
1.06283
1.06174
1.06067
1.05963
1.05862
1.05765
1.0567
1.05579
1.05491
1.05406
1.05325
1.05247
1.05173
1.05103
1.05036
1.04973
1.04913
1.04857
1.04804
1.04755
1.04709
1.04666
1.04627
1.04591
1.04557
1.04527
1.045
1.04475
1.04453
1.04433
1.04415
1.04399
1.04385
1.04373
1.04362
1.04353
1.04344
1.04337
1.0433
1.04324
1.04318
1.04313
1.04308
1.04302
1.04296
1.04289
1.04282
1.04274
1.04265
1.04255
1.04244
1.04232
1.04218
1.04203
1.04186
1.04167
1.04147
1.04125
1.04102
1.04077
1.04049
1.04021
1.0399
1.03958
1.03925
1.0389
1.03853
1.03815
1.03776
1.03736
1.03695
1.03653
1.03611
1.03568
1.03524
1.03481
1.03437
1.03394
1.03352
1.0331
1.03269
1.03229
1.03191
1.03155
1.0312
1.03088
1.03058
1.03031
1.03007
1.02986
1.02969
1.02955
1.02945
1.0294
1.02939
1.02942
1.02951
1.02965
1.02983
1.03008
1.03038
1.03073
1.03115
1.03163
1.03217
1.03277
1.03344
1.03417
1.03496
1.03582
1.03674
1.03773
1.03879
1.03991
1.04109
1.04233
1.04364
1.04501
1.04644
1.04793
1.04947
1.05108
1.05273
1.05443
1.05619
1.05799
1.05984
1.06172
1.06365
1.06561
1.06761
1.06964
1.07169
1.07377
1.07588
1.078
1.08013
1.08228
1.08443
1.08659
1.08876
1.09092
1.09308
1.09522
1.09736
1.09949
1.1016
1.10368
1.10575
1.10779
1.1098
1.11178
1.11372
1.11563
1.11751
1.11934
1.12113
1.12287
1.12457
1.12621
1.12781
1.12936
1.13085
1.13229
1.13368
1.13501
1.13628
1.1375
1.13865
1.13975
1.1408
1.14178
1.14271
1.14357
1.14439
1.14514
1.14584
1.14648
1.14707
1.1476
1.14808
1.14851
1.14889
1.14921
1.14949
1.14972
1.14991
1.15005
1.15014
1.15019
1.1502
1.15017
1.15009
1.14998
1.14983
1.14964
1.14941
1.14915
1.14885
1.14851
1.14814
1.14773
1.14729
1.14682
1.14631
1.14576
1.14518
1.14457
1.14392
1.14323
1.14251
1.14175
1.14095
1.14012
1.13925
1.13834
1.13739
1.13641
1.13539
1.13433
1.13324
1.1321
1.13093
1.12972
1.12847
1.12718
1.12586
1.1245
1.1231
1.12167
1.1202
1.1187
1.11717
1.1156
1.11401
1.11238
1.11073
1.10904
1.10733
1.1056
1.10384
1.10206
1.10026
1.09844
1.0966
1.09475
1.09289
1.09102
1.08913
1.08724
1.08534
1.08344
1.08154
1.07964
1.07774
1.07585
1.07396
1.07208
1.07022
1.06836
1.06652
1.0647
1.0629
1.06112
1.05936
1.05762
1.05592
1.05424
1.05259
1.05097
1.04939
1.04785
1.04634
1.04487
1.04344
1.04205
1.04071
1.03941
1.03816
1.03696
1.03581
1.03471
1.03366
1.03267
1.03173
1.03084
1.03002
1.02924
1.02853
1.02788
1.02728
1.02675
1.02627
1.02586
1.0255
1.02521
1.02498
1.0248
1.02469
1.02464
1.02464
1.02471
1.02483
1.02501
1.02524
1.02553
1.02588
1.02627
1.02672
1.02721
1.02775
1.02833
1.02895
1.02962
1.03032
1.03106
1.03183
1.03263
1.03347
1.03432
1.0352
1.0361
1.03702
1.03796
1.0389
1.03986
1.04083
1.0418
1.04277
1.04374
1.04472
1.04569
1.04665
1.04761
1.04856
1.04951
1.05044
1.05135
1.05226
1.05315
1.05403
1.05489
1.05574
1.05657
1.05739
1.05819
1.05898
1.05975
1.06051
1.06125
1.06199
1.06271
1.06342
1.06413
1.06482
1.0655
1.06618
1.06685
1.06751
1.06816
1.06881
1.06945
1.07009
1.07072
1.07134
1.07195
1.07255
1.07314
1.07372
1.07429
1.07485
1.07538
1.0759
1.0764
1.07688
1.07733
1.07775
1.07815
1.07851
1.07883
1.07912
1.07936
1.07957
1.07972
1.07983
1.07989
1.0799
1.07985
1.07974
1.07957
1.07935
1.07906
1.0787
1.07829
1.0778
1.07725
1.07663
1.07594
1.07518
1.07435
1.07346
1.0725
1.07147
1.07037
1.06921
1.06798
1.06669
1.06534
1.06394
1.06247
1.06096
1.05939
1.05777
1.05611
1.0544
1.05266
1.05088
1.04907
1.04723
1.04537
1.04348
1.04158
1.03967
1.03775
1.03582
1.03389
1.03197
1.03005
1.02814
1.02625
1.02438
1.02253
1.0207
1.01891
1.01714
1.01541
1.01372
1.01207
1.01046
1.0089
1.00739
1.00592
1.00451
1.00315
1.00185
1.0006
0.999415
0.998288
0.997221
0.996217
0.995277
0.9944
0.99359
0.992845
0.992168
0.99156
0.991021
0.990552
0.990153
0.989826
0.98957
0.989386
0.989275
0.989236
0.98927
0.989378
0.989558
0.989812
0.990139
0.990538
0.991009
0.991551
0.992163
0.992844
0.993594
0.994409
0.995291
0.996236
0.997243
0.998309
0.999432
1.00061
1.00184
1.00312
1.00445
1.00582
1.00723
1.00868
1.01016
1.01168
1.01322
1.01479
1.01638
1.018
1.01962
1.02127
1.02292
1.02458
1.02624
1.02791
1.02958
1.03124
1.0329
1.03454
1.03619
1.03782
1.03943
1.04103
1.04262
1.04418
1.04573
1.04725
1.04875
1.05022
1.05167
1.05309
1.05449
1.05586
1.0572
1.0585
1.05978
1.06103
1.06225
1.06343
1.06459
1.06571
1.06679
1.06785
1.06887
1.06985
1.0708
1.07172
1.07259
1.07344
1.07425
1.07502
1.07575
1.07645
1.07711
1.07773
1.07831
1.07886
1.07936
1.07983
1.08025
1.08064
1.08098
1.08128
1.08154
1.08176
1.08194
1.08207
1.08216
1.08221
1.08221
1.08217
1.08209
1.08196
1.08178
1.08157
1.0813
1.081
1.08065
1.08025
1.07982
1.07934
1.07881
1.07825
1.07765
1.077
1.07632
1.0756
1.07484
1.07404
1.07321
1.07235
1.07146
1.07053
1.06958
1.0686
1.06759
1.06657
1.06552
1.06445
1.06337
1.06227
1.06115
1.06003
1.0589
1.05777
1.05663
1.0555
1.05436
1.05323
1.05211
1.051
1.0499
1.04881
1.04774
1.04669
1.04565
1.04464
1.04366
1.0427
1.04176
1.04085
1.03998
1.03913
1.03832
1.03754
1.0368
1.03608
1.03541
1.03476
1.03415
1.03357
1.03303
1.03252
1.03204
1.0316
1.03118
1.03079
1.03044
1.03011
1.0298
1.02952
1.02926
1.02903
1.02881
1.02861
1.02843
1.02826
1.02811
1.02798
1.02785
1.02773
1.02763
1.02753
1.02743
1.02735
1.02726
1.02719
1.02711
1.02704
1.02698
1.02691
1.02685
1.02679
1.02673
1.02668
1.02663
1.02658
1.02654
1.0265
1.02647
1.02644
1.02642
1.02641
1.0264
1.02641
1.02642
1.02645
1.02648
1.02653
1.0266
1.02667
1.02677
1.02688
1.02701
1.02715
1.02731
1.02749
1.0277
1.02792
1.02816
1.02843
1.02871
1.02902
1.02935
1.0297
1.03007
1.03047
1.03088
1.03132
1.03178
1.03226
1.03276
1.03328
1.03382
1.03438
1.03497
1.03556
1.03618
1.03681
1.03746
1.03813
1.03881
1.03951
1.04022
1.04094
1.04167
1.04242
1.04317
1.04393
1.0447
1.04547
1.04625
1.04703
1.04781
1.0486
1.04938
1.05017
1.05095
1.05172
1.0525
1.05326
1.05402
1.05477
1.05551
1.05623
1.05695
1.05765
1.05833
1.059
1.05966
1.0603
1.06091
1.06151
1.06209
1.06265
1.06319
1.06371
1.0642
1.06468
1.06513
1.06556
1.06597
1.06635
1.06672
1.06706
1.06738
1.06768
1.06796
1.06821
1.06845
1.06867
1.06887
1.06905
1.06921
1.06936
1.06949
1.0696
1.0697
1.06979
1.06986
1.06992
1.06997
1.07001
1.07003
1.07005
1.07005
1.07005
1.07004
1.07002
1.06999
1.06996
1.06991
1.06986
1.06981
1.06974
1.06967
1.0696
1.06951
1.06942
1.06933
1.06922
1.06911
1.069
1.06887
1.06873
1.06859
1.06844
1.06827
1.0681
1.06791
1.06771
1.0675
1.06727
1.06704
1.06678
1.06651
1.06623
1.06593
1.06561
1.06528
1.06493
1.06455
1.06416
1.06375
1.06332
1.06286
1.06239
1.06189
1.06137
1.06083
1.06027
1.05968
1.05907
1.05844
1.05778
1.0571
1.0564
1.05568
1.05493
1.05415
1.05336
1.05254
1.05171
1.05085
1.04997
1.04907
1.04815
1.04721
1.04625
1.04528
1.04429
1.04329
1.04227
1.04124
1.04019
1.03914
1.03807
1.037
1.03591
1.03482
1.03373
1.03263
1.03152
1.03042
1.02931
1.0282
1.0271
1.02599
1.02489
1.0238
1.02271
1.02162
1.02055
1.01948
1.01842
1.01737
1.01634
1.01531
1.01429
1.01329
1.0123
1.01132
1.01035
1.00939
1.00845
1.00752
1.0066
1.00569
1.0048
1.00392
1.00304
1.00218
1.00132
1.00048
0.999638
0.998807
0.997981
0.997161
0.996344
0.99553
0.994719
0.99391
0.993101
0.992292
0.991482
0.990671
0.989857
0.989041
0.988221
0.987397
0.986569
0.985737
0.9849
0.98406
0.983214
0.982365
0.981512
0.980656
0.979797
0.978937
0.978077
0.977218
0.976362
0.975509
0.974662
0.973823
0.972993
0.972175
0.971371
0.970584
0.969816
0.969069
0.968348
0.967654
0.966991
0.966361
0.965769
0.965216
0.964707
0.964244
0.96383
0.96347
0.963165
0.962918
0.962733
0.962611
0.962556
0.962569
0.962653
0.962809
0.963038
0.963343
0.963725
0.964183
0.964719
0.965333
0.966025
0.966794
0.96764
0.968561
0.969556
0.970624
0.971762
0.972969
0.974243
0.975579
0.976977
0.978431
0.97994
0.981501
0.983108
0.984758
0.986447
0.988172
0.989928
0.99171
0.993516
0.99534
0.997178
0.999025
1.00088
1.00273
1.00458
1.00643
1.00826
1.01008
1.01188
1.01366
1.01542
1.01714
1.01883
1.02049
1.0221
1.02368
1.02521
1.0267
1.02814
1.02952
1.03086
1.03214
1.03336
1.03452
1.03563
1.03667
1.03765
1.03857
1.03943
1.04022
1.04095
1.04161
1.04221
1.04274
1.0432
1.0436
1.04394
1.04421
1.04441
1.04455
1.04462
1.04463
1.04458
1.04447
1.0443
1.04407
1.04378
1.04343
1.04303
1.04257
1.04206
1.0415
1.04089
1.04023
1.03952
1.03877
1.03798
1.03714
1.03627
1.03536
1.03441
1.03343
1.03243
1.03139
1.03033
1.02925
1.02814
1.02702
1.02588
1.02473
1.02357
1.0224
1.02122
1.02004
1.01887
1.01769
1.01652
1.01536
1.01422
1.01308
1.01196
1.01087
1.00979
1.00874
1.00772
1.00672
1.00576
1.00484
1.00395
1.00311
1.0023
1.00154
1.00083
1.00016
0.999548
0.998986
0.998478
0.998026
0.997631
0.997294
0.997017
0.996801
0.996647
0.996555
0.996527
0.996563
0.996662
0.996827
0.997056
0.997349
0.997706
0.998127
0.99861
0.999156
0.999763
1.00043
1.00116
1.00194
1.00278
1.00367
1.00462
1.00562
1.00666
1.00775
1.00889
1.01007
1.01129
1.01254
1.01383
1.01515
1.0165
1.01787
1.01927
1.02069
1.02213
1.02358
1.02504
1.02652
1.028
1.02949
1.03098
1.03246
1.03395
1.03542
1.03689
1.03835
1.03979
1.04122
1.04263
1.04403
1.0454
1.04675
1.04807
1.04937
1.05063
1.05187
1.05308
1.05425
1.05539
1.0565
1.05757
1.05861
1.0596
1.06057
1.06149
1.06238
1.06322
1.06403
1.06481
1.06554
1.06624
1.06689
1.06752
1.0681
1.06865
1.06917
1.06965
1.0701
1.07051
1.0709
1.07126
1.07158
1.07189
1.07216
1.07242
1.07265
1.07286
1.07306
1.07323
1.07339
1.07354
1.07367
1.0738
1.07391
1.07402
1.07412
1.07422
1.07431
1.07441
1.07451
1.0746
1.07471
1.07482
1.07493
1.07505
1.07518
1.07533
1.07548
1.07564
1.07582
1.07601
1.07622
1.07644
1.07668
1.07694
1.07721
1.0775
1.0778
1.07813
1.07847
1.07882
1.07919
1.07958
1.07998
1.0804
1.08083
1.08128
1.08173
1.0822
1.08268
1.08317
1.08367
1.08417
1.08468
1.08519
1.0857
1.08621
1.08673
1.08724
1.08774
1.08824
1.08873
1.08921
1.08968
1.09013
1.09057
1.09099
1.09139
1.09178
1.09214
1.09247
1.09278
1.09306
1.09331
1.09353
1.09371
1.09386
1.09397
1.09405
1.09408
1.09407
1.09403
1.09393
1.0938
1.09362
1.09339
1.09311
1.09279
1.09242
1.09201
1.09154
1.09103
1.09047
1.08986
1.0892
1.0885
1.08775
1.08695
1.08611
1.08523
1.0843
1.08334
1.08233
1.08129
1.08021
1.0791
1.07796
1.07678
1.07559
1.07436
1.07312
1.07186
1.07058
1.06929
1.06799
1.06669
1.06538
1.06407
1.06276
1.06146
1.06017
1.05888
1.05762
1.05636
1.05513
1.05392
1.05274
1.05158
1.05046
1.04936
1.0483
1.04727
1.04628
1.04532
1.04441
1.04353
1.0427
1.0419
1.04115
1.04044
1.03977
1.03914
1.03855
1.038
1.03748
1.03701
1.03657
1.03617
1.0358
1.03547
1.03517
1.03489
1.03465
1.03443
1.03424
1.03408
1.03393
1.03381
1.0337
1.03362
1.03355
1.0335
1.03345
1.03343
1.03341
1.0334
1.03341
1.03342
1.03343
1.03346
1.03349
1.03352
1.03356
1.0336
1.03365
1.03369
1.03374
1.03379
1.03384
1.03389
1.03393
1.03398
1.03403
1.03407
1.03411
1.03415
1.03418
1.03421
1.03424
1.03426
1.03428
1.03429
1.0343
1.0343
1.03429
1.03428
1.03425
1.03423
1.03419
1.03414
1.03409
1.03402
1.03395
1.03386
1.03377
1.03366
1.03355
1.03342
1.03328
1.03312
1.03296
1.03278
1.03259
1.03238
1.03216
1.03193
1.03168
1.03142
1.03115
1.03086
1.03056
1.03024
1.02991
1.02957
1.02921
1.02885
1.02846
1.02807
1.02766
1.02724
1.02681
1.02636
1.0259
1.02544
1.02496
1.02447
1.02397
1.02346
1.02294
1.02241
1.02188
1.02134
1.02079
1.02023
1.01967
1.0191
1.01852
1.01794
1.01735
1.01676
1.01617
1.01557
1.01497
1.01436
1.01376
1.01315
1.01254
1.01193
1.01131
1.0107
1.01009
1.00948
1.00886
1.00825
1.00764
1.00703
1.00642
1.00581
1.00521
1.0046
1.004
1.0034
1.0028
1.0022
1.00161
1.00102
1.00043
0.999845
0.999264
0.998686
0.998114
0.997545
0.996982
0.996425
0.995874
0.99533
0.994792
0.994262
0.99374
0.993227
0.992723
0.992229
0.991745
0.991273
0.990813
0.990365
0.989931
0.989511
0.989107
0.988719
0.988348
0.987994
0.987658
0.987342
0.987046
0.98677
0.986515
0.98628
0.986068
0.985878
0.985711
0.985567
0.985446
0.985348
0.985274
0.985225
0.985199
0.985197
0.985219
0.985264
0.985332
0.985423
0.985537
0.985672
0.985827
0.986003
0.986199
0.986412
0.986642
0.986889
0.987151
0.987427
0.987716
0.988018
0.98833
0.988653
0.988985
0.989324
0.98967
0.990021
0.990376
0.990735
0.991097
0.99146
0.991822
0.992185
0.992546
0.992904
0.99326
0.993612
0.99396
0.994303
0.994639
0.99497
0.995293
0.995609
0.995918
0.996219
0.996512
0.996798
0.997074
0.997343
0.997603
0.997854
0.998096
0.998329
0.998553
0.998768
0.998975
0.999172
0.999361
0.999542
0.999715
0.99988
1.00004
1.00019
1.00033
1.00046
1.00059
1.0007
1.00082
1.00092
1.00102
1.00111
1.00119
1.00127
1.00133
1.0014
1.00145
1.0015
1.00154
1.00158
1.0016
1.00163
1.00164
1.00165
1.00165
1.00165
1.00164
1.00162
1.0016
1.00157
1.00153
1.00149
1.00145
1.00139
1.00134
1.00128
1.00121
1.00114
1.00107
1.00099
1.00092
1.00084
1.00075
1.00067
1.00059
1.00051
1.00042
1.00034
1.00026
1.00018
1.00011
1.00004
0.999968
0.999903
0.999842
0.999786
0.999734
0.999688
0.999646
0.999611
0.99958
0.999555
0.999535
0.999521
0.99951
0.999504
0.999502
0.999503
0.999507
0.999514
0.999522
0.999531
0.99954
0.999548
0.999555
0.999559
0.99956
0.999557
0.999547
0.99953
0.999505
0.99947
0.999425
0.999369
0.999301
0.999219
0.999123
0.999011
0.998884
0.99874
0.998579
0.998399
0.998201
0.997986
0.997752
0.997499
0.997227
0.996937
0.996628
0.996301
0.995956
0.995594
0.995216
0.994822
0.994413
0.993991
0.993556
0.99311
0.992654
0.992188
0.991714
0.991234
0.990748
0.990258
0.989767
0.989275
0.988784
0.988296
0.987811
0.987333
0.986861
0.986399
0.985946
0.985504
0.985075
0.98466
0.984261
0.983877
0.98351
0.983162
0.982833
0.982524
0.982236
0.981968
0.981723
0.981499
0.981297
0.981117
0.980959
0.980823
0.98071
0.980617
0.980546
0.980495
0.980464
0.980451
0.980458
0.980482
0.980523
0.980579
0.98065
0.980736
0.980834
0.980945
0.981065
0.981195
0.981333
0.981477
0.981628
0.981782
0.981939
0.982097
0.982256
0.982414
0.98257
0.982723
0.982872
0.983015
0.983153
0.983285
0.983409
0.983524
0.983631
0.983727
0.983814
0.983889
0.983953
0.984005
0.984046
0.984074
0.98409
0.984093
0.984083
0.98406
0.984025
0.983976
0.983915
0.983842
0.983755
0.983657
0.983546
0.983424
0.983292
0.983148
0.982994
0.982831
0.982658
0.982476
0.982286
0.982088
0.981882
0.981668
0.981448
0.981221
0.98099
0.980753
0.980511
0.980265
0.980014
0.97976
0.979503
0.979244
0.978981
0.978717
0.97845
0.978182
0.977912
0.977641
0.977368
0.977095
0.976821
0.976546
0.976271
0.975995
0.975718
0.975439
0.97516
0.97488
0.974598
0.974315
0.97403
0.973743
0.973454
0.973162
0.972866
0.972566
0.972263
0.971955
0.971642
0.971324
0.971001
0.970672
0.970337
0.969995
0.969646
0.969289
0.968925
0.968551
0.968169
0.967778
0.967377
0.966967
0.966546
0.966115
0.965673
0.965221
0.964758
0.964284
0.963798
0.963301
0.962792
0.962272
0.96174
0.961195
0.960639
0.960072
0.959493
0.958903
0.958301
0.957688
0.957065
0.95643
0.955785
0.95513
0.954465
0.95379
0.953106
0.952412
0.95171
0.951
0.950282
0.949556
0.948824
0.948086
0.947343
0.946595
0.945842
0.945086
0.944327
0.943567
0.942805
0.942042
0.941281
0.940521
0.939763
0.939009
0.938259
0.937515
0.936779
0.936051
0.935332
0.934624
0.933928
0.933246
0.932579
0.931929
0.931298
0.930686
0.930095
0.929527
0.928982
0.928464
0.927972
0.92751
0.927078
0.926677
0.92631
0.925979
0.925683
0.925425
0.925206
0.925027
0.924888
0.924791
0.924737
0.924726
0.92476
0.924839
0.924963
0.925133
0.925349
0.925611
0.925921
0.926277
0.926679
0.927128
0.927623
0.928164
0.92875
0.92938
0.930054
0.930771
0.931531
0.93233
0.93317
0.934049
0.934966
0.935919
0.936908
0.93793
0.938985
0.94007
0.941185
0.942327
0.943496
0.944691
0.945908
0.947147
0.948405
0.949682
0.950977
0.952286
0.953609
0.954945
0.95629
0.957645
0.959007
0.960374
0.961746
0.963122
0.9645
0.965879
0.967258
0.968634
0.970008
0.971377
0.972739
0.974095
0.975443
0.976782
0.978111
0.979427
0.980731
0.982022
0.983298
0.984558
0.9858
0.987025
0.98823
0.989416
0.99058
0.991721
0.992839
0.993931
0.994999
0.996039
0.997052
0.998036
0.99899
0.999913
1.00081
1.00167
1.00249
1.00328
1.00404
1.00477
1.00545
1.0061
1.00672
1.00729
1.00783
1.00833
1.00879
1.00921
1.00959
1.00993
1.01023
1.01049
1.01072
1.0109
1.01104
1.01114
1.01121
1.01124
1.01123
1.01118
1.0111
1.01098
1.01083
1.01064
1.01042
1.01017
1.00989
1.00958
1.00924
1.00888
1.00848
1.00807
1.00763
1.00716
1.00668
1.00617
1.00565
1.00511
1.00455
1.00398
1.00339
1.00279
1.00217
1.00154
1.00091
1.00026
0.999601
0.998935
0.99826
0.997577
0.996886
0.996189
0.995486
0.994777
0.994063
0.993342
0.992616
0.991885
0.991149
0.990408
0.989661
0.988911
0.988158
0.987401
0.986641
0.985877
0.985109
0.984339
0.983566
0.982792
0.982016
0.981239
0.980463
0.979688
0.978915
0.978145
0.977379
0.976618
0.975864
0.975118
0.974383
0.97366
0.97295
0.972255
0.971577
0.970919
0.970281
0.969667
0.969078
0.968516
0.967984
0.967485
0.967021
0.966593
0.966204
0.965856
0.965551
0.96529
0.965077
0.964913
0.9648
0.964739
0.964734
0.964785
0.964893
0.96506
0.965286
0.965572
0.96592
0.96633
0.966801
0.967334
0.967929
0.968585
0.969303
0.970082
0.97092
0.971817
0.972771
0.97378
0.974843
0.975959
0.977125
0.97834
0.9796
0.980904
0.982248
0.983631
0.985049
0.9865
0.98798
0.989488
0.991018
0.992569
0.994138
0.995722
0.997318
0.998922
1.00053
1.00215
1.00376
1.00537
1.00698
1.00858
1.01017
1.01175
1.01331
1.01486
1.01639
1.0179
1.01939
1.02086
1.0223
1.02372
1.02511
1.02647
1.02781
1.02911
1.03039
1.03164
1.03286
1.03405
1.03521
1.03635
1.03745
1.03853
1.03957
1.04059
1.04159
1.04255
1.04349
1.04441
1.0453
1.04617
1.04701
1.04784
1.04864
1.04942
1.05019
1.05093
1.05166
1.05237
1.05306
1.05374
1.05441
1.05506
1.05569
1.05631
1.05692
1.05751
1.05809
1.05866
1.05921
1.05975
1.06028
1.0608
1.0613
1.06179
1.06226
1.06272
1.06317
1.0636
1.06401
1.06441
1.0648
1.06516
1.06551
1.06584
1.06615
1.06645
1.06672
1.06697
1.06721
1.06742
1.06762
1.06779
1.06794
1.06808
1.06819
1.06828
1.06835
1.0684
1.06843
1.06844
1.06844
1.06841
1.06836
1.0683
1.06821
1.06811
1.068
1.06786
1.06771
1.06755
1.06737
1.06718
1.06698
1.06676
1.06654
1.0663
1.06606
1.06581
1.06555
1.06529
1.06502
1.06475
1.06447
1.06419
1.06391
1.06363
1.06335
1.06307
1.06278
1.0625
1.06223
1.06195
1.06168
1.06141
1.06115
1.06089
1.06063
1.06039
1.06015
1.05991
1.05969
1.05947
1.05926
1.05906
1.05886
1.05868
1.0585
1.05834
1.05818
1.05803
1.0579
1.05777
1.05766
1.05755
1.05746
1.05738
1.05731
1.05726
1.05722
1.05719
1.05718
1.05718
1.05719
1.05722
1.05726
1.05732
1.0574
1.05749
1.0576
1.05773
1.05787
1.05804
1.05822
1.05842
1.05863
1.05887
1.05912
1.05939
1.05968
1.05998
1.0603
1.06064
1.061
1.06137
1.06176
1.06217
1.06258
1.06302
1.06346
1.06392
1.06439
1.06486
1.06535
1.06584
1.06634
1.06684
1.06735
1.06785
1.06836
1.06887
1.06937
1.06986
1.07036
1.07084
1.07131
1.07177
1.07222
1.07266
1.07308
1.07348
1.07387
1.07423
1.07458
1.0749
1.0752
1.07547
1.07572
1.07594
1.07614
1.07631
1.07645
1.07656
1.07664
1.07669
1.07671
1.0767
1.07667
1.0766
1.0765
1.07638
1.07622
1.07604
1.07583
1.07559
1.07533
1.07504
1.07473
1.07439
1.07404
1.07366
1.07326
1.07284
1.07241
1.07196
1.07149
1.07101
1.07052
1.07001
1.0695
1.06898
1.06844
1.06791
1.06736
1.06681
1.06626
1.06571
1.06516
1.0646
1.06405
1.0635
1.06295
1.06241
1.06187
1.06134
1.06081
1.06029
1.05978
1.05927
1.05878
1.05829
1.05781
1.05734
1.05688
1.05644
1.056
1.05558
1.05517
1.05478
1.0544
1.05403
1.05368
1.05335
1.05303
1.05273
1.05245
1.05219
1.05194
1.05172
1.05152
1.05135
1.0512
1.05107
1.05096
1.05088
1.05083
1.05081
1.05082
1.05085
1.05092
1.05101
1.05114
1.0513
1.05149
1.05172
1.05198
1.05227
1.0526
1.05297
1.05337
1.05381
1.05428
1.05479
1.05533
1.05591
1.05653
1.05718
1.05787
1.05859
1.05935
1.06014
1.06097
1.06183
1.06271
1.06363
1.06458
1.06556
1.06656
1.06759
1.06864
1.06972
1.07082
1.07193
1.07307
1.07422
1.07539
1.07658
1.07777
1.07898
1.0802
1.08142
1.08265
1.08388
1.08511
1.08635
1.08758
1.08881
1.09003
1.09125
1.09246
1.09367
1.09486
1.09603
1.0972
1.09834
1.09947
1.10058
1.10167
1.10274
1.10378
1.1048
1.10579
1.10676
1.10769
1.1086
1.10947
1.11031
1.11112
1.11189
1.11263
1.11333
1.11399
1.11461
1.11518
1.11572
1.11621
1.11666
1.11707
1.11742
1.11774
1.118
1.11822
1.11839
1.1185
1.11857
1.11859
1.11856
1.11847
1.11833
1.11814
1.1179
1.1176
1.11725
1.11685
1.11639
1.11587
1.11531
1.11468
1.11401
1.11328
1.1125
1.11167
1.11079
1.10986
1.10888
1.10785
1.10678
1.10566
1.1045
1.1033
1.10206
1.10078
1.09946
1.09812
1.09674
1.09533
1.0939
1.09245
1.09098
1.08948
1.08798
1.08646
1.08493
1.08339
1.08185
1.08031
1.07877
1.07723
1.0757
1.07418
1.07266
1.07116
1.06968
1.06821
1.06676
1.06532
1.06391
1.06253
1.06116
1.05982
1.05851
1.05722
1.05596
1.05472
1.05351
1.05233
1.05118
1.05005
1.04895
1.04787
1.04683
1.0458
1.04481
1.04384
1.04289
1.04196
1.04106
1.04018
1.03932
1.03848
1.03767
1.03687
1.03608
1.03532
1.03457
1.03383
1.03311
1.03241
1.03171
1.03103
1.03036
1.0297
1.02904
1.0284
1.02776
1.02713
1.02651
1.02589
1.02527
1.02466
1.02405
1.02344
1.02283
1.02223
1.02162
1.02102
1.02041
1.0198
1.01919
1.01857
1.01795
1.01733
1.01671
1.01608
1.01544
1.0148
1.01416
1.01351
1.01286
1.0122
1.01154
1.01087
1.01019
1.00952
1.00884
1.00815
1.00746
1.00677
1.00608
1.00538
1.00468
1.00399
1.00329
1.00259
1.0019
1.0012
1.00051
0.999825
0.999142
0.998463
0.997791
0.997126
0.996468
0.99582
0.995181
0.994553
0.993936
0.993333
0.992742
0.992167
0.991606
0.991062
0.990536
0.990028
0.989539
0.989071
0.988624
0.9882
0.987798
0.98742
0.987067
0.98674
0.98644
0.986166
0.985921
0.985704
0.985516
0.985358
0.985231
0.985134
0.985069
0.985036
0.985036
0.985069
0.985134
0.985233
0.985365
0.985531
0.985731
0.985964
0.986231
0.986532
0.986865
0.987233
0.987633
0.988067
0.988534
0.989034
0.989567
0.990133
0.990732
0.991364
0.992029
0.992726
0.993457
0.99422
0.995017
0.995848
0.996712
0.997611
0.998545
0.999514
1.00052
1.00156
1.00264
1.00375
1.00491
1.0061
1.00733
1.00861
1.00992
1.01128
1.01268
1.01412
1.0156
1.01713
1.0187
1.02031
1.02196
1.02366
1.0254
1.02717
1.02899
1.03084
1.03273
1.03465
1.0366
1.03858
1.04059
1.04262
1.04467
1.04674
1.04883
1.05094
1.05305
1.05516
1.05729
1.05941
1.06152
1.06364
1.06574
1.06782
1.0699
1.07195
1.07398
1.07598
1.07796
1.07991
1.08182
1.0837
1.08555
1.08735
1.08912
1.09085
1.09253
1.09418
1.09577
1.09733
1.09883
1.10029
1.10171
1.10308
1.1044
1.10568
1.10691
1.1081
1.10924
1.11034
1.1114
1.11241
1.11339
1.11432
1.11521
1.11607
1.11689
1.11768
1.11843
1.11915
1.11984
1.1205
1.12113
1.12174
1.12232
1.12288
1.12342
1.12393
1.12443
1.12492
1.12538
1.12584
1.12628
1.12671
1.12714
1.12755
1.12796
1.12836
1.12876
1.12915
1.12954
1.12993
1.13032
1.1307
1.13109
1.13148
1.13187
1.13226
1.13266
1.13305
1.13345
1.13384
1.13424
1.13464
1.13504
1.13544
1.13584
1.13623
1.13662
1.13701
1.13739
1.13777
1.13814
1.1385
1.13884
1.13918
1.13951
1.13982
1.14011
1.14039
1.14064
1.14088
1.14109
1.14128
1.14144
1.14158
1.14169
1.14176
1.14181
1.14182
1.14179
1.14173
1.14163
1.14149
1.14132
1.1411
1.14083
