-3.42228
-3.42228
-3.42213
-3.42213
-3.42213
-3.42182
-3.42182
-3.42137
-3.42107
-3.42122
-3.42137
-3.42122
-3.42137
-3.42137
-3.42152
-3.42167
-3.42137
-3.42122
-3.42152
-3.42152
-3.42167
-3.42182
-3.42137
-3.42152
-3.42167
-3.42152
-3.42107
-3.42107
-3.42061
-3.42046
-3.42016
-3.42016
-3.42016
-3.42031
-3.42046
-3.42046
-3.42092
-3.42092
-3.42092
-3.42077
-3.42092
-3.42092
-3.42092
-3.42137
-3.42122
-3.42167
-3.42122
-3.42122
-3.42122
-3.42107
-3.42122
-3.42122
-3.42107
-3.42107
-3.42107
-3.42122
-3.42122
-3.42122
-3.42107
-3.42122
-3.42107
-3.42061
-3.42107
-3.42122
-3.42091
-3.42122
-3.42107
-3.42091
-3.42076
-3.42076
-3.42076
-3.42076
-3.42076
-3.42061
-3.42076
-3.42046
-3.42061
-3.42046
-3.42046
-3.42046
-3.42046
-3.42031
-3.42046
-3.42016
-3.42016
-3.42001
-3.41986
-3.42001
-3.42016
-3.42016
-3.42046
-3.42031
-3.42016
-3.42001
-3.42016
-3.42016
-3.42016
-3.42016
-3.42001
-3.41986
-3.42001
-3.42001
-3.41956
-3.41956
-3.41956
-3.42001
-3.42001
-3.42001
-3.42001
-3.41971
-3.41941
-3.41941
-3.41911
-3.41911
-3.41911
-3.41926
-3.41911
-3.41926
-3.41896
-3.41911
-3.41941
-3.41941
-3.41941
-3.41941
-3.41956
-3.41971
-3.41971
-3.41971
-3.41971
-3.41971
-3.41971
-3.41971
-3.41971
-3.41971
-3.42001
-3.41971
-3.42001
-3.42016
-3.42032
-3.42062
-3.42077
-3.42047
-3.42032
-3.42047
-3.42047
-3.42047
-3.42062
-3.42062
-3.42062
-3.42062
-3.42077
-3.42092
-3.42062
-3.42046
-3.42046
-3.42031
-3.42016
-3.41986
-3.41986
-3.41971
-3.41956
-3.41956
-3.41956
-3.41895
-3.4191
-3.41925
-3.41956
-3.41956
-3.41956
-3.41986
-3.41971
-3.41971
-3.41986
-3.42031
-3.42061
-3.42092
-3.42092
-3.42092
-3.42061
-3.42061
-3.42031
-3.42031
-3.42046
-3.42046
-3.42046
-3.42076
-3.42061
-3.42061
-3.42046
-3.42091
-3.42091
-3.42107
-3.42137
-3.42107
-3.42107
-3.42107
-3.42091
-3.42091
-3.42076
-3.42061
-3.42061
-3.42061
-3.42076
-3.42076
-3.42046
-3.41986
-3.42016
-3.41986
-3.41971
-3.41955
-3.41955
-3.41956
-3.42001
-3.42001
-3.42016
-3.42016
-3.42016
-3.41986
-3.41971
-3.41956
-3.41971
-3.41925
-3.41895
-3.41895
-3.41926
-3.41926
-3.41956
-3.41971
-3.41956
-3.41926
-3.41971
-3.41971
-3.41956
-3.41956
-3.41956
-3.41926
-3.41956
-3.41956
-3.41941
-3.41956
-3.41956
-3.41956
-3.41956
-3.41971
-3.41971
-3.41956
-3.41956
-3.41941
-3.41926
-3.41926
-3.41971
-3.41987
-3.42002
-3.42017
-3.42002
-3.42032
-3.42017
-3.42017
-3.42001
-3.41986
-3.41986
-3.41971
-3.41971
-3.41971
-3.41956
-3.41926
-3.41941
-3.41941
-3.41986
-3.42001
-3.42016
-3.42001
-3.41971
-3.41955
-3.4194
-3.4191
-3.4191
-3.4191
-3.4194
-3.4191
-3.4191
-3.41895
-3.41925
-3.4194
-3.41955
-3.4194
-3.41955
-3.41955
-3.41955
-3.4197
-3.4197
-3.41925
-3.41895
-3.4188
-3.4188
-3.41895
-3.41895
-3.4191
-3.4191
-3.4188
-3.4191
-3.4191
-3.4188
-3.41865
-3.4185
-3.41865
-3.41865
-3.4188
-3.41911
-3.41911
-3.41911
-3.41896
-3.41896
-3.41881
-3.41881
-3.41911
-3.41896
-3.41911
-3.41926
-3.41896
-3.41881
-3.41881
-3.41881
-3.41881
-3.41835
-3.41835
-3.41836
-3.4182
-3.4179
-3.4179
-3.41775
-3.4176
-3.4176
-3.4176
-3.41745
-3.4176
-3.41745
-3.41745
-3.41684
-3.417
-3.4173
-3.41715
-3.41715
-3.41715
-3.41715
-3.41715
-3.41684
-3.41684
-3.417
-3.41715
-3.4173
-3.41715
-3.41699
-3.41684
-3.41669
-3.41669
-3.41654
-3.41669
-3.41654
-3.41684
-3.41699
-3.41699
-3.4173
-3.41745
-3.41775
-3.4179
-3.4182
-3.4182
-3.4182
-3.4182
-3.4182
-3.41805
-3.41775
-3.4176
-3.41775
-3.4176
-3.4176
-3.41775
-3.4179
-3.4179
-3.41835
-3.41865
-3.4185
-3.4185
-3.41805
-3.4179
-3.4179
-3.41789
-3.41774
-3.41774
-3.41759
-3.41744
-3.41744
-3.41804
-3.4182
-3.41789
-3.41819
-3.41804
-3.41819
-3.41789
-3.41789
-3.41789
-3.41759
-3.41744
-3.41774
-3.41759
-3.41759
-3.41744
-3.41774
-3.41789
-3.41834
-3.41834
-3.41819
-3.41865
-3.41834
-3.41834
-3.41865
-3.41865
-3.4188
-3.41895
-3.41895
-3.4191
-3.4191
-3.41895
-3.4191
-3.41925
-3.4191
-3.41865
-3.41865
-3.4188
-3.41895
-3.4188
-3.41865
-3.41865
-3.41865
-3.41865
-3.41895
-3.4191
-3.41925
-3.4191
-3.41865
-3.41865
-3.41865
-3.4185
-3.41865
-3.41865
-3.4188
-3.4188
-3.41895
-3.41895
-3.41865
-3.4185
-3.41835
-3.41865
-3.41865
-3.4188
-3.41835
-3.4182
-3.4182
-3.41805
-3.4182
-3.4182
-3.4182
-3.4179
-3.4179
-3.41805
-3.4176
-3.4176
-3.41744
-3.4176
-3.41775
-3.41775
-3.4179
-3.4182
-3.4179
-3.4179
-3.4182
-3.41805
-3.4182
-3.41805
-3.41805
-3.4182
-3.41835
-3.4182
-3.4182
-3.4182
-3.4182
-3.41805
-3.4176
-3.41775
-3.4179
-3.41759
-3.41759
-3.41759
-3.41775
-3.41775
-3.41759
-3.41759
-3.41744
-3.41759
-3.41775
-3.41775
-3.4179
-3.4179
-3.41775
-3.41729
-3.41714
-3.41714
-3.41729
-3.41744
-3.41759
-3.41759
-3.41744
-3.41744
-3.41714
-3.41729
-3.41744
-3.4179
-3.41805
-3.41805
-3.4182
-3.41835
-3.4182
-3.4182
-3.41805
-3.4182
-3.4182
-3.41835
-3.41865
-3.41895
-3.4188
-3.4188
-3.41895
-3.41895
-3.41896
-3.4188
-3.41865
-3.4182
-3.4182
-3.41805
-3.4182
-3.41835
-3.4185
-3.4185
-3.4185
-3.41835
-3.41835
-3.4185
-3.4185
-3.41911
-3.41865
-3.4188
-3.4185
-3.41835
-3.41865
-3.4185
-3.41835
-3.41835
-3.4182
-3.41805
-3.41805
-3.41805
-3.41759
-3.41714
-3.41729
-3.41729
-3.41699
-3.41684
-3.41669
-3.41684
-3.41669
-3.41699
-3.41714
-3.41714
-3.4176
-3.41775
-3.4179
-3.4179
-3.4179
-3.41805
-3.41775
-3.41775
-3.4179
-3.41775
-3.41745
-3.4173
-3.41714
-3.41669
-3.41654
-3.41654
-3.41669
-3.41654
-3.41669
-3.41669
-3.41654
-3.41669
-3.41684
-3.41654
-3.41624
-3.41609
-3.41579
-3.41594
-3.41594
-3.41609
-3.41609
-3.41639
-3.41639
-3.41654
-3.41654
-3.41654
-3.41639
-3.41624
-3.41624
-3.41639
-3.41639
-3.41609
-3.41639
-3.41639
-3.41639
-3.41624
-3.41639
-3.41639
-3.41639
-3.41624
-3.41624
-3.41654
-3.41669
-3.41639
-3.41639
-3.41639
-3.41654
-3.41669
-3.41684
-3.41669
-3.41654
-3.41639
-3.41639
-3.41624
-3.41624
-3.41639
-3.41639
-3.41639
-3.41639
-3.41669
-3.41699
-3.41669
-3.41684
-3.41684
-3.41699
-3.41684
-3.41684
-3.41729
-3.41714
-3.41729
-3.41729
-3.41744
-3.41759
-3.4179
-3.4179
-3.41805
-3.4182
-3.41805
-3.41789
-3.41789
-3.41789
-3.41789
-3.41789
-3.41804
-3.41835
-3.4182
-3.41804
-3.41804
-3.41819
-3.41835
-3.41865
-3.41865
-3.41865
-3.4185
-3.4188
-3.4188
-3.4188
-3.4188
-3.4188
-3.41895
-3.41895
-3.4188
-3.4191
-3.4191
-3.41925
-3.4191
-3.4191
-3.4191
-3.4191
-3.41895
-3.4188
-3.41865
-3.4188
-3.41895
-3.41925
-3.4194
-3.4188
-3.4188
-3.41895
-3.4188
-3.41865
-3.41835
-3.41865
-3.4185
-3.41865
-3.4188
-3.4185
-3.4185
-3.4185
-3.4185
-3.4185
-3.41865
-3.41865
-3.41865
-3.4188
-3.4188
-3.4185
-3.4188
-3.41865
-3.41895
-3.41895
-3.4185
-3.41865
-3.41865
-3.41865
-3.4188
-3.41865
-3.41911
-3.41926
-3.41926
-3.41956
-3.41986
-3.41971
-3.41986
-3.41956
-3.41956
-3.41956
-3.41956
-3.41986
-3.41956
-3.41941
-3.41971
-3.41926
-3.41941
-3.41941
-3.41956
-3.41972
-3.41972
-3.41987
-3.41972
-3.41971
-3.41956
-3.41972
-3.41972
-3.41972
-3.41987
-3.42002
-3.42002
-3.42002
-3.42017
-3.42017
-3.42017
-3.42047
-3.42047
-3.42047
-3.42047
-3.42077
-3.42062
-3.42062
-3.42062
-3.42077
-3.42062
-3.42047
-3.42047
-3.42047
-3.42047
-3.42047
-3.42032
-3.42032
-3.42032
-3.42032
-3.42016
-3.42032
-3.42001
-3.41986
-3.41986
-3.41971
-3.41956
-3.41956
-3.41941
-3.41926
-3.41941
-3.41926
-3.4191
-3.4191
-3.41895
-3.41895
-3.41895
-3.4191
-3.4191
-3.4188
-3.4188
-3.41895
-3.4188
-3.4185
-3.41789
-3.41789
-3.4182
-3.41835
-3.41835
-3.41804
-3.41804
-3.41804
-3.41804
-3.4185
-3.4185
-3.41865
-3.41865
-3.4188
-3.41895
-3.41895
-3.41895
-3.41895
-3.41895
-3.4185
-3.41895
-3.4188
-3.41865
-3.41865
-3.41835
-3.41804
-3.4182
-3.41744
-3.41744
-3.41744
-3.41729
-3.41714
-3.41744
-3.41744
-3.41759
-3.41729
-3.41744
-3.41714
-3.41699
-3.41714
-3.41714
-3.41714
-3.41699
-3.41714
-3.41745
-3.41714
-3.41699
-3.41745
-3.41729
-3.41729
-3.4176
-3.4176
-3.41775
-3.4173
-3.41714
-3.4173
-3.41745
-3.41745
-3.4176
-3.4176
-3.4176
-3.41745
-3.4173
-3.41699
-3.41715
-3.41699
-3.41715
-3.41669
-3.41684
-3.41684
-3.41699
-3.41699
-3.41699
-3.41684
-3.41699
-3.4173
-3.4176
-3.41745
-3.41745
-3.41684
-3.41699
-3.41684
-3.41699
-3.41684
-3.41684
-3.41684
-3.41684
-3.41684
-3.41684
-3.41684
-3.41669
-3.41669
-3.41654
-3.41684
-3.41715
-3.41699
-3.41699
-3.41699
-3.41669
-3.41684
-3.41684
-3.41699
-3.41715
-3.41699
-3.41684
-3.41699
-3.41684
-3.41684
-3.41715
-3.41715
-3.4176
-3.41805
-3.41805
-3.41805
-3.41805
-3.4182
-3.4179
-3.4176
-3.41745
-3.41775
-3.41775
-3.41775
-3.4179
-3.4182
-3.41805
-3.4182
-3.4182
-3.4182
-3.41835
-3.41805
-3.41835
-3.41835
-3.41835
-3.41866
-3.41865
-3.41835
-3.41835
-3.41865
-3.41865
-3.41865
-3.4185
-3.4182
-3.4182
-3.4179
-3.41805
-3.4182
-3.41835
-3.4185
-3.41895
-3.41895
-3.41895
-3.41895
-3.4191
-3.41925
-3.4191
-3.4191
-3.41895
-3.4188
-3.4191
-3.4188
-3.41895
-3.41864
-3.41864
-3.41879
-3.41879
-3.41894
-3.41894
-3.41864
-3.41864
-3.41864
-3.41879
-3.41864
-3.41864
-3.41879
-3.41849
-3.41849
-3.41819
-3.41834
-3.41864
-3.41864
-3.41864
-3.41864
-3.41864
-3.41909
-3.41909
-3.41909
-3.41909
-3.41924
-3.41924
-3.41924
-3.41924
-3.41909
-3.41909
-3.41909
-3.41879
-3.41909
-3.41925
-3.4191
-3.41894
-3.4191
-3.4191
-3.4191
-3.41925
-3.4191
-3.41864
-3.41849
-3.41865
-3.4188
-3.4191
-3.4191
-3.4191
-3.41895
-3.4191
-3.41895
-3.41895
-3.41925
-3.4191
-3.4188
-3.4188
-3.41895
-3.4191
-3.41941
-3.41941
-3.41956
-3.41925
-3.41925
-3.41925
-3.4188
-3.41895
-3.41895
-3.4191
-3.41926
-3.41941
-3.41926
-3.41926
-3.41971
-3.41986
-3.41986
-3.41971
-3.41956
-3.41941
-3.41926
-3.41911
-3.41895
-3.41911
-3.41911
-3.41896
-3.41911
-3.41896
-3.41926
-3.41911
-3.41941
-3.4188
-3.41865
-3.41865
-3.41896
-3.41911
-3.41911
-3.41926
-3.4188
-3.41911
-3.41956
-3.41971
-3.42001
-3.42047
-3.42047
-3.42062
-3.42032
-3.42032
-3.42032
-3.42062
-3.42062
-3.42047
-3.42047
-3.42047
-3.42016
-3.42016
-3.42016
-3.42047
-3.42077
-3.42062
-3.42107
-3.42107
-3.42107
-3.42122
-3.42092
-3.42092
-3.42092
-3.42062
-3.42077
-3.42062
-3.42062
-3.42032
-3.41986
-3.41956
-3.41971
-3.41986
-3.42016
-3.42016
-3.42016
-3.42001
-3.41986
-3.41956
-3.41941
-3.41941
-3.41941
-3.41941
-3.41941
-3.41926
-3.41926
-3.4191
-3.4191
-3.4191
-3.41925
-3.41925
-3.41925
-3.41941
-3.41971
-3.4194
-3.4194
-3.4191
-3.4188
-3.41835
-3.41835
-3.41865
-3.41865
-3.41865
-3.41865
-3.41865
-3.41865
-3.4185
-3.4185
-3.41865
-3.41835
-3.41804
-3.41804
-3.41804
-3.41789
-3.41774
-3.41819
-3.41789
-3.41789
-3.41804
-3.41789
-3.41804
-3.41804
-3.41804
-3.41819
-3.41819
-3.41865
-3.41849
-3.4188
-3.41925
-3.4194
-3.4191
-3.41925
-3.4194
-3.4194
-3.41955
-3.4194
-3.41985
-3.41985
-3.42031
-3.42031
-3.42016
-3.42016
-3.42016
-3.42031
-3.42031
-3.42031
-3.42016
-3.42031
-3.42046
-3.42076
-3.42061
-3.42061
-3.42046
-3.42061
-3.42046
-3.42076
-3.42061
-3.42046
-3.42061
-3.42091
-3.42106
-3.42106
-3.42106
-3.42061
-3.42076
-3.42091
-3.42091
-3.42076
-3.42091
-3.42091
-3.42091
-3.42061
-3.42046
-3.42061
-3.42061
-3.42061
-3.42076
-3.42061
-3.42091
-3.42106
-3.42121
-3.42152
-3.42137
-3.42137
-3.42137
-3.42137
-3.42106
-3.42091
-3.42106
-3.42106
-3.42061
-3.42031
-3.42016
-3.42046
-3.42016
-3.42016
-3.42016
-3.42016
-3.42016
-3.42061
-3.42046
-3.42076
-3.42076
-3.42061
-3.42061
-3.42061
-3.42061
-3.42046
-3.42031
-3.42046
-3.42031
-3.42046
-3.42046
-3.42046
-3.42046
-3.42046
-3.42031
-3.42061
-3.42107
-3.42122
-3.42107
-3.42122
-3.42107
-3.42122
-3.42122
-3.42137
-3.42107
-3.42107
-3.42092
-3.42061
-3.42077
-3.42092
-3.42092
-3.42107
-3.42137
-3.42152
-3.42122
-3.42122
-3.42122
-3.42152
-3.42152
-3.42137
-3.42152
-3.42152
-3.42107
-3.42107
-3.42122
-3.42137
-3.42107
-3.42107
-3.42107
-3.42137
-3.42152
-3.42137
-3.42137
-3.42122
-3.42092
-3.42092
-3.42092
-3.42092
-3.42062
-3.42077
-3.42077
-3.42107
-3.42107
-3.42137
-3.42107
-3.42122
-3.42092
-3.42122
-3.42122
-3.42092
-3.42107
-3.42077
-3.42061
-3.42031
-3.42016
-3.41986
-3.41986
-3.41986
-3.42001
-3.42001
-3.42001
-3.42001
-3.42031
-3.42046
-3.42031
-3.42046
-3.42076
-3.42076
-3.42046
-3.42031
-3.42031
-3.42046
-3.42031
-3.42061
-3.42076
-3.42076
-3.42091
-3.42091
-3.42091
-3.42076
-3.42046
-3.42031
-3.42046
-3.42031
-3.42031
-3.42091
-3.42076
-3.42106
-3.42106
-3.42076
-3.42076
-3.42091
-3.42046
-3.42016
-3.42046
-3.42016
-3.42016
-3.42
-3.41985
-3.41955
-3.41955
-3.41955
-3.41955
-3.4194
-3.4194
-3.41955
-3.4197
-3.41925
-3.4191
-3.4191
-3.4191
-3.4191
-3.41895
-3.41865
-3.41865
-3.41865
-3.41865
-3.4188
-3.41849
-3.41849
-3.41849
-3.41849
-3.41849
-3.41865
-3.41849
-3.41865
-3.41865
-3.41865
-3.41895
-3.4188
-3.41895
-3.41865
-3.4188
-3.41865
-3.41895
-3.41895
-3.41895
-3.4194
-3.4191
-3.41895
-3.4191
-3.4194
-3.4197
-3.42001
-3.42001
-3.42001
-3.41986
-3.41986
-3.42001
-3.41986
-3.41955
-3.41955
-3.4194
-3.4194
-3.41925
-3.4191
-3.41895
-3.4188
-3.4191
-3.4191
-3.4188
-3.41895
-3.41895
-3.41895
-3.41895
-3.41895
-3.41895
-3.41895
-3.41895
-3.41925
-3.4188
-3.41895
-3.41895
-3.41895
-3.4191
-3.4191
-3.41865
-3.4185
-3.41865
-3.41865
-3.41865
-3.4188
-3.4188
-3.41865
-3.4188
-3.41895
-3.4194
-3.41986
-3.42046
-3.42046
-3.42046
-3.42046
-3.42046
-3.42077
-3.42062
-3.42001
-3.41971
-3.41956
-3.41986
-3.41986
-3.41986
-3.41971
-3.41956
-3.41956
-3.41971
-3.41956
-3.41956
-3.41956
-3.41971
-3.41971
-3.41971
-3.41971
-3.41971
-3.41971
-3.41941
-3.41956
-3.41941
-3.41956
-3.41971
-3.42001
-3.42016
-3.42016
-3.42031
-3.42046
-3.42046
-3.42062
-3.42077
-3.42046
-3.42046
-3.42046
-3.42031
-3.42046
-3.42061
-3.42046
-3.42046
-3.42001
-3.42001
-3.42001
-3.42001
-3.42046
-3.42046
-3.42031
-3.42031
-3.42046
-3.42046
-3.42061
-3.42031
-3.42061
-3.42016
-3.42016
-3.42031
-3.42031
-3.42031
-3.42
-3.42
-3.41985
-3.42016
-3.42
-3.42
-3.42016
-3.42016
-3.42016
-3.42031
-3.42016
-3.42
-3.41985
-3.4197
-3.4197
-3.4197
-3.41985
-3.42
-3.42016
-3.42
-3.42
-3.42
-3.42016
-3.42046
-3.42046
-3.42031
-3.42016
-3.42031
-3.42076
-3.42091
-3.42091
-3.42076
-3.42046
-3.42061
-3.42061
-3.42061
-3.42061
-3.42061
-3.42061
-3.42091
-3.42091
-3.42091
-3.42106
-3.42106
-3.42121
-3.42121
-3.42136
-3.42136
-3.42151
-3.42182
-3.42136
-3.42136
-3.42136
-3.42151
-3.42121
-3.42151
-3.42151
-3.42136
-3.42121
-3.42106
-3.42106
-3.42106
-3.42151
-3.42136
-3.42106
-3.42106
-3.42091
-3.42106
-3.42106
-3.42121
-3.42121
-3.42121
-3.42121
-3.42182
-3.42182
-3.42166
-3.42151
-3.42167
-3.42197
-3.42212
-3.42242
-3.42227
-3.42197
-3.42197
-3.42227
-3.42197
-3.42167
-3.42136
-3.42167
-3.42167
-3.42152
-3.42182
-3.42182
-3.42182
-3.42227
-3.42212
-3.42182
-3.42167
-3.42182
-3.42182
-3.42182
-3.42182
-3.42197
-3.42197
-3.42182
-3.42152
-3.42137
-3.42122
-3.42091
-3.42091
-3.42076
-3.42091
-3.42091
-3.42091
-3.42107
-3.42076
-3.42061
-3.42091
-3.42091
-3.42061
-3.42061
-3.42061
-3.42046
-3.42061
-3.42061
-3.42061
-3.42076
-3.42061
-3.42091
-3.42167
-3.42152
-3.42152
-3.42137
-3.42122
-3.42122
-3.42137
-3.42152
-3.42152
-3.42167
-3.42167
-3.42197
-3.42167
-3.42167
-3.42167
-3.42152
-3.42152
-3.42167
-3.42152
-3.42136
-3.42106
-3.42106
-3.42076
-3.42076
-3.42106
-3.42091
-3.42121
-3.42137
-3.42106
-3.42106
-3.42091
-3.42091
-3.42091
-3.42076
-3.42076
-3.42091
-3.42091
-3.42076
-3.42091
-3.42106
-3.42106
-3.42091
-3.42091
-3.42091
-3.42122
-3.42137
-3.42121
-3.42121
-3.42121
-3.42076
-3.42106
-3.42152
-3.42106
-3.42106
-3.42106
-3.42061
-3.42076
-3.42061
-3.42046
-3.42046
-3.42031
-3.42046
-3.42046
-3.42061
-3.42046
-3.42031
-3.42016
-3.4197
-3.41985
-3.42001
-3.42016
-3.42046
-3.42046
-3.42046
-3.42061
-3.42046
-3.42046
-3.42031
-3.42031
-3.42016
-3.42016
-3.42046
-3.42046
-3.42046
-3.42031
-3.42061
-3.42046
-3.42046
-3.42046
-3.4203
-3.42015
-3.42015
-3.42015
-3.42015
-3.4203
-3.42045
-3.42045
-3.42045
-3.4203
-3.42045
-3.42015
-3.4203
-3.4203
-3.42
-3.42015
-3.42015
-3.42
-3.42015
-3.42
-3.4197
-3.4194
-3.41925
-3.41925
-3.41879
-3.41879
-3.41879
-3.41864
-3.41864
-3.41879
-3.4188
-3.4188
-3.41895
-3.4191
-3.41849
-3.41834
-3.41819
-3.41834
-3.41819
-3.41804
-3.41774
-3.41774
-3.41744
-3.41744
-3.41759
-3.41759
-3.41729
-3.41744
-3.41744
-3.41744
-3.41744
-3.41744
-3.41774
-3.41774
-3.41819
-3.41804
-3.41759
-3.41759
-3.41774
-3.41759
-3.41759
-3.41714
-3.41684
-3.41684
-3.41653
-3.41623
-3.41653
-3.41653
-3.41699
-3.41684
-3.41714
-3.41714
-3.41668
-3.41653
-3.41668
-3.41653
-3.41623
-3.41623
-3.41608
-3.41578
-3.41578
-3.41593
-3.41593
-3.41653
-3.41623
-3.41668
-3.41668
-3.41683
-3.41698
-3.41729
-3.41714
-3.41729
-3.41714
-3.41729
-3.41729
-3.41714
-3.41698
-3.41729
-3.41714
-3.41729
-3.41729
-3.41714
-3.41729
-3.41729
-3.41744
-3.41759
-3.41729
-3.41714
-3.41668
-3.41653
-3.41653
-3.41668
-3.41683
-3.41698
-3.41683
-3.41683
-3.41683
-3.41683
-3.41683
-3.41668
-3.41668
-3.41653
-3.41668
-3.41698
-3.41653
-3.41653
-3.41653
-3.41668
-3.41653
-3.41638
-3.41638
-3.41577
-3.41592
-3.41592
-3.41608
-3.41577
-3.41562
-3.41547
-3.41547
-3.41577
-3.41577
-3.41562
-3.41532
-3.41532
-3.41532
-3.41532
-3.41517
-3.41517
-3.41456
-3.41426
-3.41456
-3.41426
-3.41411
-3.41441
-3.41441
-3.41441
-3.41426
-3.41441
-3.41441
-3.41411
-3.41396
-3.41396
-3.41396
-3.41411
-3.41426
-3.41411
-3.41411
-3.41381
-3.41411
-3.41381
-3.41366
-3.41366
-3.41351
-3.41366
-3.41381
-3.41426
-3.41426
-3.41426
-3.41441
-3.41411
-3.41471
-3.41471
-3.41487
-3.41502
-3.41487
-3.41487
-3.41486
-3.41471
-3.41456
-3.41471
-3.41456
-3.41456
-3.41456
-3.41441
-3.41426
-3.41396
-3.41396
-3.41426
-3.41456
-3.41456
-3.41502
-3.41532
-3.41532
-3.41547
-3.41532
-3.41532
-3.41517
-3.41532
-3.41516
-3.41516
-3.41501
-3.41516
-3.41501
-3.41501
-3.41516
-3.41516
-3.41501
-3.41532
-3.41532
-3.41532
-3.41532
-3.41516
-3.41501
-3.41471
-3.41441
-3.41441
-3.41441
-3.41471
-3.41486
-3.41471
-3.41471
-3.41486
-3.41471
-3.41486
-3.41501
-3.41501
-3.41501
-3.41501
-3.41501
-3.41502
-3.41517
-3.41517
-3.41502
-3.41471
-3.41426
-3.41471
-3.41471
-3.41441
-3.41441
-3.41411
-3.41426
-3.41411
-3.41411
-3.41396
-3.41411
-3.41426
-3.41441
-3.41487
-3.41472
-3.41487
-3.41487
-3.41502
-3.41487
-3.41472
-3.41487
-3.41517
-3.41532
-3.41562
-3.41592
-3.41592
-3.41638
-3.41653
-3.41698
-3.41698
-3.41698
-3.41713
-3.41698
-3.41713
-3.41668
-3.41683
-3.41683
-3.41713
-3.41744
-3.41683
-3.41683
-3.41713
-3.41728
-3.41713
-3.41728
-3.41713
-3.41698
-3.41713
-3.41698
-3.41683
-3.41683
-3.41668
-3.41668
-3.41698
-3.41713
-3.41698
-3.41728
-3.41743
-3.41743
-3.41728
-3.41728
-3.41713
-3.41713
-3.41698
-3.41698
-3.41713
-3.41698
-3.41713
-3.41758
-3.41743
-3.41743
-3.41713
-3.41728
-3.41728
-3.41728
-3.41743
-3.41728
-3.41728
-3.41773
-3.41773
-3.41773
-3.41789
-3.41804
-3.41834
-3.41789
-3.41774
-3.41774
-3.41789
-3.41789
-3.41789
-3.41774
-3.41774
-3.41743
-3.41759
-3.41759
-3.41774
-3.41774
-3.41743
-3.41759
-3.41774
-3.41774
-3.41774
-3.41774
-3.41789
-3.41774
-3.41789
-3.41804
-3.41804
-3.41804
-3.41819
-3.41834
-3.41834
-3.41834
-3.41819
-3.41819
-3.41864
-3.41895
-3.41925
-3.4191
-3.41895
-3.41895
-3.4191
-3.4191
-3.41925
-3.4194
-3.41985
-3.41985
-3.42001
-3.42001
-3.42001
-3.42016
-3.42031
-3.42061
-3.42076
-3.42076
-3.42046
-3.42061
-3.42061
-3.42046
-3.42031
-3.42016
-3.42061
-3.42031
-3.42046
-3.42091
-3.42091
-3.42091
-3.42061
-3.42091
-3.42076
-3.42061
-3.42076
-3.42061
-3.42061
-3.42076
-3.42076
-3.42106
-3.42091
-3.42076
-3.42076
-3.42091
-3.42076
-3.42091
-3.42137
-3.42121
-3.42136
-3.42167
-3.42227
-3.42242
-3.42257
-3.42257
-3.42272
-3.42242
-3.42242
-3.42242
-3.42212
-3.42212
-3.42227
-3.42242
-3.42242
-3.42242
-3.42227
-3.42212
-3.42212
-3.42166
-3.42166
-3.42136
-3.42106
-3.42076
-3.42091
-3.42046
-3.4203
-3.4203
-3.42046
-3.4203
-3.4203
-3.4203
-3.42045
-3.4203
-3.42045
-3.42045
-3.42061
-3.42045
-3.4203
-3.42076
-3.42091
-3.42076
-3.42045
-3.4206
-3.4206
-3.4206
-3.42045
-3.42045
-3.42045
-3.4206
-3.42076
-3.42076
-3.42076
-3.42076
-3.42045
-3.42045
-3.4206
-3.42045
-3.42091
-3.42091
-3.42091
-3.42106
-3.42076
-3.42091
-3.42121
-3.42106
-3.42136
-3.42151
-3.42151
-3.42166
-3.42166
-3.42151
-3.42151
-3.42166
-3.42136
-3.42136
-3.42121
-3.42136
-3.42166
-3.42151
-3.42121
-3.42121
-3.42106
-3.42151
-3.42151
-3.42151
-3.42151
-3.42151
-3.42181
-3.42166
-3.42166
-3.42181
-3.42181
-3.42166
-3.42166
-3.42136
-3.42136
-3.42136
-3.42121
-3.42121
-3.42106
-3.42075
-3.42091
-3.42091
-3.42091
-3.4206
-3.42075
-3.4206
-3.4206
-3.42075
-3.4206
-3.42075
-3.42015
-3.42045
-3.42015
-3.42
-3.42
-3.42
-3.42
-3.4206
-3.42045
-3.4203
-3.42045
-3.4206
-3.4206
-3.4209
-3.4209
-3.42151
-3.42121
-3.42106
-3.42106
-3.42151
-3.42151
-3.42136
-3.42121
-3.42075
-3.42075
-3.42075
-3.42075
-3.42091
-3.42121
-3.42121
-3.42106
-3.42091
-3.42076
-3.42121
-3.42106
-3.42121
-3.42136
-3.42136
-3.42121
-3.42121
-3.42136
-3.42136
-3.42121
-3.42151
-3.42182
-3.42197
-3.42227
-3.42212
-3.42212
-3.42212
-3.42227
-3.42242
-3.42242
-3.42242
-3.42257
-3.42288
-3.42288
-3.42242
-3.42257
-3.42242
-3.42227
-3.42212
-3.42212
-3.42227
-3.42182
-3.42197
-3.42242
-3.42212
-3.42212
-3.42212
-3.42197
-3.42197
-3.42212
-3.42227
-3.42273
-3.42273
-3.42288
-3.42318
-3.42303
-3.42318
-3.42333
-3.42318
-3.42303
-3.42288
-3.42273
-3.42303
-3.42272
-3.42303
-3.42288
-3.42318
-3.42303
-3.42318
-3.42333
-3.42318
-3.42333
-3.42303
-3.42318
-3.42318
-3.42303
-3.42288
-3.42288
-3.42257
-3.42257
-3.42257
-3.42242
-3.42227
-3.42242
-3.42257
-3.42257
-3.42257
-3.42227
-3.42212
-3.42212
-3.42227
-3.42212
-3.42242
-3.42257
-3.42287
-3.42287
-3.42287
-3.42318
-3.42302
-3.42272
-3.42257
-3.42287
-3.42272
-3.42272
-3.42272
-3.42287
-3.42272
-3.42287
-3.42302
-3.42302
-3.42287
-3.42317
-3.42287
-3.42302
-3.42317
-3.42317
-3.42317
-3.42302
-3.42302
-3.42317
-3.42348
-3.42348
-3.42348
-3.42348
-3.42348
-3.42348
-3.42348
-3.42348
-3.42332
-3.42348
-3.42363
-3.42363
-3.42393
-3.42408
-3.42423
-3.42438
-3.42453
-3.42393
-3.42423
-3.42423
-3.42408
-3.42408
-3.42408
-3.42438
-3.42453
-3.42468
-3.42468
-3.42453
-3.42484
-3.42499
-3.42499
-3.42529
-3.42544
-3.42559
-3.42559
-3.42559
-3.42529
-3.42514
-3.42529
-3.42514
-3.42544
-3.42529
-3.42514
-3.42499
-3.42499
-3.42499
-3.42469
-3.42453
-3.42499
-3.42499
-3.42484
-3.42499
-3.42499
-3.42469
-3.42454
-3.42454
-3.42484
-3.42484
-3.42484
-3.42469
-3.42454
-3.42438
-3.42439
-3.42469
-3.42439
-3.42408
-3.42393
-3.42408
-3.42408
-3.42408
-3.42393
-3.42393
-3.42348
-3.42348
-3.42318
-3.42318
-3.42333
-3.42333
-3.42333
-3.42363
-3.42363
-3.42363
-3.42348
-3.42348
-3.42348
-3.42408
-3.42438
-3.42453
-3.42469
-3.42453
-3.42468
-3.42453
-3.42423
-3.42438
-3.42438
-3.42453
-3.42423
-3.42423
-3.42438
-3.42408
-3.42408
-3.42453
-3.42453
-3.42468
-3.42468
-3.42453
-3.42453
-3.42438
-3.42453
-3.42453
-3.42408
-3.42408
-3.42408
-3.42408
-3.42468
-3.42453
-3.42468
-3.42423
-3.42423
-3.42423
-3.42483
-3.42468
-3.42453
-3.42438
-3.42453
-3.42468
-3.42468
-3.42468
-3.42468
-3.42468
-3.42483
-3.42468
-3.42468
-3.42468
-3.42483
-3.42468
-3.42483
-3.42499
-3.42529
-3.42529
-3.42544
-3.42529
-3.42484
-3.42499
-3.42499
-3.42484
-3.42499
-3.42499
-3.42484
-3.42484
-3.42499
-3.42484
-3.42484
-3.42484
-3.42499
-3.42484
-3.42484
-3.42484
-3.42469
-3.42393
-3.42424
-3.42439
-3.42439
-3.42454
-3.42469
-3.42469
-3.42469
-3.42454
-3.42469
-3.42469
-3.42454
-3.42484
-3.42514
-3.42484
-3.42469
-3.42469
-3.42454
-3.42439
-3.42439
-3.42439
-3.42424
-3.42393
-3.42378
-3.42363
-3.42393
-3.42393
-3.42408
-3.42408
-3.42408
-3.42378
-3.42348
-3.42363
-3.42348
-3.42333
-3.42318
-3.42333
-3.42348
-3.42348
-3.42348
-3.42348
-3.42348
-3.42333
-3.42378
-3.42363
-3.42363
-3.42363
-3.42363
-3.42348
-3.42318
-3.42318
-3.42318
-3.42318
-3.42318
-3.42302
-3.42287
-3.42242
-3.42257
-3.42287
-3.42302
-3.42318
-3.42318
-3.42318
-3.42333
-3.42302
-3.42333
-3.42318
-3.42348
-3.42348
-3.42378
-3.42348
-3.42348
-3.42333
-3.42333
-3.42287
-3.42272
-3.42242
-3.42227
-3.42212
-3.42212
-3.42197
-3.42197
-3.42197
-3.42212
-3.42242
-3.42242
-3.42242
-3.42227
-3.42227
-3.42227
-3.42227
-3.42212
-3.42197
-3.42167
-3.42167
-3.42197
-3.42182
-3.42151
-3.42167
-3.42167
-3.42167
-3.42182
-3.42197
-3.42197
-3.42182
-3.42197
-3.42242
-3.42242
-3.42242
-3.42242
-3.42257
-3.42227
-3.42227
-3.42227
-3.42227
-3.42242
-3.42227
-3.42242
-3.42257
-3.42242
-3.42273
-3.42303
-3.42288
-3.42288
-3.42288
-3.42288
-3.42303
-3.42303
-3.42288
-3.42303
-3.42303
-3.42288
-3.42288
-3.42288
-3.42288
-3.42273
-3.42227
-3.42227
-3.42227
-3.42227
-3.42197
-3.42167
-3.42167
-3.42197
-3.42227
-3.42227
-3.42227
-3.42197
-3.42212
-3.42243
-3.42228
-3.42228
-3.42228
-3.42197
-3.42228
-3.42258
-3.42258
-3.42258
-3.42228
-3.42228
-3.42182
-3.42122
-3.42137
-3.42122
-3.42107
-3.42107
-3.42122
-3.42137
-3.42137
-3.42137
-3.42137
-3.42137
-3.42122
-3.42152
-3.42182
-3.42182
-3.42182
-3.42182
-3.42182
-3.42167
-3.42106
-3.42121
-3.42106
-3.42091
-3.42076
-3.42121
-3.42091
-3.42076
-3.42076
-3.42076
-3.42046
-3.42106
-3.42121
-3.42121
-3.42136
-3.42106
-3.42136
-3.42151
-3.42181
-3.42181
-3.42181
-3.42181
-3.42181
-3.42181
-3.42197
-3.42181
-3.42166
-3.42181
-3.42181
-3.42182
-3.42166
-3.42136
-3.42136
-3.42136
-3.42151
-3.42151
-3.42106
-3.42061
-3.42106
-3.42106
-3.42121
-3.42121
-3.42152
-3.42152
-3.42167
-3.42182
-3.42167
-3.42137
-3.42122
-3.42137
-3.42122
-3.42106
-3.42122
-3.42137
-3.42122
-3.42137
-3.42137
-3.42107
-3.42076
-3.42107
-3.42091
-3.42091
-3.42137
-3.42167
-3.42197
-3.42152
-3.42182
-3.42182
-3.42197
-3.42197
-3.42212
-3.42182
-3.42137
-3.42167
-3.42167
-3.42167
-3.42122
-3.42122
-3.42122
-3.42152
-3.42152
-3.42152
-3.42167
-3.42182
-3.42197
-3.42242
-3.42242
-3.42303
-3.42288
-3.42318
-3.42318
-3.42303
-3.42318
-3.42303
-3.42303
-3.42288
-3.42303
-3.42303
-3.42303
-3.42333
-3.42333
-3.42348
-3.42333
-3.42333
-3.42348
-3.42318
-3.42333
-3.42348
-3.42318
-3.42318
-3.42318
-3.42333
-3.42333
-3.42349
-3.42379
-3.42379
-3.42349
-3.42349
-3.42349
-3.42333
-3.42333
-3.42333
-3.42349
-3.42303
-3.42318
-3.42303
-3.42318
-3.42318
-3.42288
-3.42273
-3.42288
-3.42288
-3.42288
-3.42288
-3.42273
-3.42243
-3.42243
-3.42228
-3.42212
-3.42212
-3.42228
-3.42227
-3.42258
-3.42243
-3.42258
-3.42258
-3.42273
-3.42288
-3.42303
-3.42303
-3.42288
-3.42303
-3.42318
-3.42333
-3.42333
-3.42348
-3.42363
-3.42378
-3.42363
-3.42318
-3.42303
-3.42318
-3.42333
-3.42333
-3.42348
-3.42348
-3.42348
-3.42333
-3.42333
-3.42303
-3.42318
-3.42333
-3.42348
-3.42333
-3.42333
-3.42348
-3.42333
-3.42333
-3.42333
-3.42272
-3.42272
-3.42227
-3.42257
-3.42287
-3.42333
-3.42303
-3.42303
-3.42287
-3.42287
-3.42287
-3.42287
-3.42272
-3.42272
-3.42287
-3.42257
-3.42212
-3.42212
-3.42212
-3.42227
-3.42242
-3.42242
-3.42242
-3.42242
-3.42242
-3.42257
-3.42273
-3.42288
-3.42258
-3.42273
-3.42303
-3.42288
-3.42258
-3.42273
-3.42258
-3.42243
-3.42243
-3.42212
-3.42212
-3.42197
-3.42167
-3.42167
-3.42152
-3.42167
-3.42182
-3.42182
-3.42182
-3.42182
-3.42167
-3.42167
-3.42152
-3.42182
-3.42182
-3.42167
-3.42152
-3.42152
-3.42152
-3.42152
-3.42137
-3.42122
-3.42122
-3.42137
-3.42122
-3.42152
-3.42167
-3.42137
-3.42167
-3.42182
-3.42182
-3.42167
-3.42167
-3.42152
-3.42137
-3.42137
-3.42137
-3.42152
-3.42167
-3.42152
-3.42152
-3.42167
-3.42167
-3.42167
-3.42122
-3.42106
-3.42122
-3.42137
-3.42122
-3.42091
-3.42076
-3.42001
-3.42031
-3.42016
-3.42016
-3.42016
-3.42001
-3.41986
-3.41971
-3.42016
-3.42016
-3.42046
-3.42061
-3.42092
-3.42107
-3.42092
-3.42137
-3.42167
-3.42152
-3.42137
-3.42137
-3.42107
-3.42107
-3.42092
-3.42107
-3.42122
-3.42107
-3.42092
-3.42077
-3.42077
-3.42077
-3.42062
-3.42062
-3.42077
-3.42092
-3.42122
-3.42107
-3.42152
-3.42137
-3.42137
-3.42152
-3.42167
-3.42167
-3.42197
-3.42182
-3.42182
-3.42197
-3.42152
-3.42167
-3.42152
-3.42152
-3.42152
-3.42152
-3.42122
-3.42122
-3.42137
-3.42152
-3.42197
-3.42197
-3.42212
-3.42167
-3.42182
-3.42167
-3.42197
-3.42197
-3.42212
-3.42197
-3.42182
-3.42182
-3.42182
-3.42182
-3.42182
-3.42197
-3.42182
-3.42167
-3.42122
-3.42137
-3.42122
-3.42122
-3.42106
-3.42091
-3.42091
-3.42091
-3.42046
-3.42046
-3.42031
-3.42046
-3.42046
-3.42031
-3.42046
-3.42061
-3.42046
-3.42061
-3.42061
-3.42016
-3.4197
-3.41955
-3.41955
-3.41955
-3.41955
-3.41955
-3.4194
-3.41955
-3.4194
-3.4194
-3.42001
-3.42001
-3.42001
-3.42001
-3.41985
-3.42001
-3.42001
-3.41985
-3.42001
-3.42001
-3.42001
-3.4197
-3.41986
-3.4194
-3.41925
-3.4191
-3.41925
-3.41925
-3.4191
-3.4191
-3.4194
-3.4191
-3.4188
-3.41895
-3.4188
-3.4185
-3.4185
-3.4185
-3.41865
-3.41865
-3.4185
-3.4185
-3.41835
-3.41835
-3.41804
-3.4182
-3.4182
-3.41835
-3.41835
-3.41804
-3.4182
-3.41804
-3.4182
-3.4182
-3.41835
-3.41835
-3.4185
-3.41835
-3.4185
-3.41835
-3.41835
-3.4182
-3.4179
-3.4179
-3.4179
-3.41759
-3.4176
-3.41729
-3.41729
-3.41744
-3.41699
-3.41699
-3.41699
-3.41699
-3.41699
-3.41729
-3.41729
-3.41714
-3.41714
-3.41684
-3.41684
-3.41684
-3.41684
-3.41699
-3.41729
-3.41745
-3.41745
-3.41745
-3.41714
-3.41745
-3.4176
-3.41775
-3.41775
-3.41775
-3.41745
-3.41714
-3.41699
-3.41608
-3.41624
-3.41593
-3.41548
-3.41548
-3.41548
-3.41548
-3.41533
-3.41533
-3.41563
-3.41563
-3.41578
-3.41593
-3.41593
-3.41578
-3.41578
-3.41533
-3.41548
-3.41548
-3.41548
-3.41533
-3.41563
-3.41548
-3.41563
-3.41563
-3.41563
-3.41533
-3.41578
-3.41578
-3.41608
-3.41578
-3.41593
-3.41563
-3.41578
-3.41593
-3.41593
-3.41593
-3.41593
-3.41608
-3.41563
-3.41563
-3.41563
-3.41593
-3.41593
-3.41593
-3.41623
-3.41608
-3.41638
-3.41669
-3.41653
-3.41638
-3.41653
-3.41653
-3.41684
-3.41668
-3.41668
-3.41653
-3.41638
-3.41638
-3.41638
-3.41608
-3.41623
-3.41623
-3.41608
-3.41608
-3.41608
-3.41638
-3.41623
-3.41638
-3.41653
-3.41653
-3.41669
-3.41699
-3.41699
-3.41714
-3.41699
-3.41684
-3.41684
-3.41684
-3.41699
-3.41669
-3.41653
-3.41684
-3.41729
-3.41729
-3.41744
-3.41744
-3.41774
-3.41774
-3.41805
-3.41789
-3.4179
-3.41759
-3.41744
-3.41744
-3.41744
-3.41744
-3.41744
-3.41729
-3.41729
-3.41714
-3.41714
-3.41699
-3.41669
-3.41669
-3.41654
-3.41654
-3.41684
-3.41714
-3.41714
-3.41729
-3.4176
-3.41775
-3.4179
-3.41775
-3.4179
-3.41805
-3.41835
-3.41835
-3.4182
-3.41805
-3.4185
-3.41881
-3.41896
-3.41911
-3.41911
-3.41911
-3.41911
-3.41896
-3.41941
-3.41896
-3.41881
-3.41911
-3.41896
-3.41896
-3.41941
-3.41956
-3.41956
-3.41941
-3.41941
-3.41971
-3.42017
-3.42017
-3.41987
-3.41987
-3.41987
-3.41987
-3.41971
-3.41971
-3.41956
-3.41987
-3.41971
-3.41971
-3.41941
-3.41941
-3.41956
-3.41956
-3.41956
-3.41971
-3.41971
-3.41911
-3.41926
-3.41941
-3.41941
-3.41941
-3.41926
-3.41941
-3.41971
-3.41971
-3.41956
-3.41941
-3.41956
-3.41956
-3.41956
-3.41986
-3.41926
-3.41895
-3.41865
-3.41865
-3.4182
-3.41774
-3.41744
-3.41759
-3.41744
-3.41744
-3.41759
-3.41759
-3.41774
-3.41744
-3.41729
-3.41729
-3.41774
-3.41774
-3.41774
-3.41774
-3.41774
-3.41713
-3.41698
-3.41698
-3.41713
-3.41729
-3.41744
-3.41729
-3.41713
-3.41713
-3.41698
-3.41713
-3.41759
-3.41759
-3.41744
-3.41728
-3.41728
-3.41759
-3.41789
-3.41789
-3.41789
-3.41819
-3.41834
-3.41834
-3.41819
-3.41819
-3.41834
-3.41819
-3.41834
-3.41819
-3.41789
-3.41774
-3.41759
-3.41774
-3.41774
-3.41774
-3.41804
-3.41819
-3.41835
-3.41835
-3.4182
-3.4182
-3.41805
-3.41835
-3.4182
-3.41805
-3.41774
-3.41774
-3.41774
-3.41729
-3.41744
-3.41729
-3.41714
-3.41729
-3.41729
-3.41744
-3.41744
-3.41744
-3.41729
-3.41729
-3.41744
-3.41744
-3.41745
-3.41745
-3.41729
-3.41714
-3.41714
-3.41714
-3.4176
-3.4173
-3.41745
-3.41775
-3.41775
-3.4179
-3.41775
-3.41745
-3.41745
-3.41775
-3.4176
-3.41745
-3.41775
-3.41775
-3.41775
-3.41805
-3.41805
-3.4182
-3.41836
-3.41836
-3.41805
-3.4179
-3.41805
-3.4179
-3.4179
-3.41821
-3.41836
-3.41821
-3.41821
-3.41836
-3.41836
-3.41836
-3.4182
-3.4182
-3.41881
-3.41896
-3.41881
-3.41881
-3.41851
-3.41835
-3.4185
-3.4185
-3.41896
-3.41896
-3.41896
-3.41926
-3.41941
-3.41941
-3.41956
-3.41971
-3.41956
-3.41986
-3.42001
-3.42001
-3.41971
-3.41956
-3.41956
-3.42016
-3.42046
-3.42016
-3.42046
-3.42046
-3.42061
-3.42061
-3.42061
-3.42016
-3.42016
-3.42016
-3.42061
-3.42046
-3.42061
-3.42061
-3.42046
-3.42016
-3.42031
-3.42016
-3.42016
-3.42001
-3.42001
-3.42001
-3.42001
-3.41986
-3.42001
-3.42016
-3.42001
-3.42001
-3.42031
-3.42031
-3.42016
-3.42031
-3.42031
-3.42031
-3.42062
-3.42092
-3.42092
-3.42092
-3.42122
-3.42137
-3.42122
-3.42152
-3.42167
-3.42167
-3.42167
-3.42213
-3.42198
-3.42228
-3.42243
-3.42198
-3.42198
-3.42198
-3.42182
-3.42167
-3.42182
-3.42198
-3.42198
-3.42198
-3.42182
-3.42197
-3.42197
-3.42213
-3.42228
-3.42243
-3.42258
-3.42243
-3.42243
-3.42243
-3.42228
-3.42228
-3.42228
-3.42228
-3.42243
-3.42243
-3.42212
-3.42212
-3.42212
-3.42212
-3.42212
-3.42227
-3.42243
-3.42212
-3.42182
-3.42152
-3.42152
-3.42137
-3.42122
-3.42122
-3.42091
-3.42091
-3.42106
-3.42076
-3.42061
-3.42061
-3.42091
-3.42076
-3.42061
-3.42061
-3.42091
-3.42091
-3.42091
-3.42106
-3.42061
-3.42046
-3.42061
-3.42121
-3.42136
-3.42152
-3.42121
-3.42152
-3.42136
-3.42167
-3.42167
-3.42182
-3.42182
-3.42197
-3.42197
-3.42182
-3.42182
-3.42182
-3.42152
-3.42121
-3.42137
-3.42137
-3.42106
-3.42106
-3.42106
-3.42076
-3.42076
-3.42091
-3.42076
-3.42076
-3.42121
-3.42121
-3.42121
-3.42121
-3.42106
-3.42106
-3.42076
-3.42121
-3.42137
-3.42152
-3.42152
-3.42136
-3.42152
-3.42152
-3.42167
-3.42167
-3.42137
-3.42121
-3.42152
-3.42167
-3.42167
-3.42152
-3.42152
-3.42152
-3.42122
-3.42122
-3.42137
-3.42122
-3.42107
-3.42076
-3.42091
-3.42107
-3.42091
-3.42076
-3.42076
-3.42076
-3.42092
-3.42092
-3.42077
-3.42107
-3.42092
-3.42077
-3.42046
-3.42062
-3.42062
-3.42062
-3.42062
-3.42062
-3.42047
-3.42001
-3.42001
-3.41986
-3.41941
-3.41956
-3.42016
-3.42032
-3.42032
-3.42077
-3.42062
-3.42047
-3.42047
-3.42062
-3.42077
-3.42107
-3.42107
-3.42077
-3.42092
-3.42077
-3.42062
-3.42092
-3.42077
-3.42077
-3.42062
-3.42062
-3.42077
-3.42047
-3.42032
-3.42016
-3.42001
-3.41986
-3.41956
-3.41956
-3.41911
-3.41911
-3.41911
-3.41895
-3.41911
-3.41941
-3.41926
-3.4191
-3.4191
-3.4185
-3.4182
-3.4185
-3.4188
-3.41865
-3.41865
-3.41895
-3.41895
-3.41895
-3.41865
-3.41865
-3.41835
-3.4185
-3.4185
-3.41865
-3.41895
-3.4188
-3.4188
-3.4191
-3.4191
-3.41895
-3.41925
-3.41941
-3.41971
-3.41941
-3.41971
-3.41956
-3.41971
-3.41971
-3.41925
-3.4191
-3.4191
-3.41925
-3.41941
-3.41971
-3.41956
-3.41956
-3.41986
-3.41986
-3.41986
-3.41986
-3.41971
-3.42001
-3.42001
-3.41971
-3.41925
-3.4191
-3.4191
-3.41925
-3.41895
-3.41895
-3.41865
-3.4188
-3.41865
-3.41895
-3.41865
-3.41865
-3.41865
-3.41865
-3.4188
-3.41835
-3.4185
-3.41865
-3.4185
-3.41835
-3.41835
-3.4185
-3.4185
-3.41835
-3.41865
-3.4188
-3.4188
-3.41865
-3.41865
-3.4188
-3.4188
-3.41925
-3.4194
-3.41925
-3.4191
-3.41895
-3.4191
-3.41865
-3.41865
-3.41895
-3.4194
-3.4188
-3.4188
-3.41895
-3.4188
-3.41895
-3.41895
-3.4188
-3.4188
-3.41864
-3.4188
-3.41864
-3.41834
-3.41849
-3.41834
-3.41834
-3.41789
-3.41804
-3.41804
-3.41774
-3.41804
-3.41819
-3.41804
-3.41804
-3.41804
-3.41804
-3.41834
-3.41849
-3.4188
-3.4188
-3.41895
-3.4188
-3.4191
-3.41925
-3.41925
-3.41895
-3.41895
-3.4188
-3.41865
-3.41895
-3.4188
-3.4185
-3.41895
-3.4191
-3.4191
-3.41895
-3.4188
-3.4191
-3.4191
-3.41865
-3.4188
-3.4185
-3.41865
-3.41865
-3.41865
-3.4185
-3.4182
-3.41774
-3.41774
-3.41759
-3.4179
-3.4179
-3.41774
-3.41775
-3.41775
-3.41805
-3.4179
-3.41775
-3.4179
-3.41775
-3.4179
-3.4179
-3.41775
-3.41775
-3.41775
-3.4176
-3.41699
-3.41715
-3.4173
-3.41745
-3.41745
-3.41775
-3.4176
-3.41745
-3.41745
-3.41745
-3.4176
-3.4176
-3.4179
-3.4179
-3.4179
-3.4179
-3.41805
-3.4182
-3.41835
-3.41835
-3.41835
-3.41835
-3.41835
-3.41805
-3.4182
-3.4182
-3.41835
-3.41865
-3.41896
-3.41911
-3.41911
-3.41865
-3.4185
-3.41865
-3.4185
-3.41865
-3.4188
-3.41911
-3.41926
-3.41926
-3.41911
-3.41971
-3.42001
-3.41986
-3.42001
-3.42001
-3.42001
-3.42001
-3.42016
-3.42031
-3.42061
-3.42077
-3.42092
-3.42092
-3.42062
-3.42062
-3.42046
-3.42031
-3.42031
-3.42031
-3.42046
-3.42061
-3.42061
-3.42031
-3.42016
-3.42016
-3.42016
-3.42046
-3.42046
-3.42046
-3.42046
-3.42046
-3.42031
-3.42046
-3.42077
-3.42077
-3.42077
-3.42077
-3.42092
-3.42092
-3.42062
-3.42046
-3.42046
-3.42077
-3.42062
-3.42046
-3.42107
-3.42122
-3.42137
-3.42137
-3.42152
-3.42152
-3.42137
-3.42167
-3.42152
-3.42137
-3.42107
-3.42107
-3.42107
-3.42092
-3.42092
-3.42077
-3.42062
-3.42062
-3.42092
-3.42107
-3.42107
-3.42092
-3.42046
-3.42016
-3.41986
-3.42001
-3.41986
-3.41986
-3.42001
-3.41986
-3.41986
-3.41986
-3.42016
-3.42016
-3.42016
-3.42016
-3.42001
-3.42016
-3.42031
-3.42031
-3.42062
-3.42092
-3.42107
-3.42107
-3.42092
-3.42077
-3.42046
-3.42031
-3.42046
-3.42046
-3.42046
-3.42031
-3.42001
-3.42016
-3.42031
-3.42016
-3.42031
-3.42016
-3.42001
-3.41956
-3.41956
-3.4194
-3.41925
-3.41925
-3.41955
-3.41971
-3.4194
-3.41955
-3.4194
-3.41895
-3.41865
-3.41865
-3.4188
-3.4188
-3.41895
-3.41925
-3.4194
-3.41925
-3.4194
-3.4197
-3.41985
-3.41985
-3.41986
-3.41955
-3.4194
-3.4194
-3.41955
-3.4197
-3.41955
-3.4197
-3.41955
-3.4194
-3.41955
-3.41925
-3.41925
-3.4191
-3.4188
-3.4188
-3.4188
-3.4185
-3.4188
-3.41865
-3.41865
-3.41865
-3.4188
-3.41895
-3.4191
-3.41925
-3.41925
-3.4191
-3.41895
-3.41895
-3.41895
-3.41925
-3.4191
-3.41895
-3.41925
-3.4194
-3.41955
-3.41971
-3.42001
-3.41971
-3.41986
-3.41986
-3.41986
-3.41971
-3.41971
-3.41971
-3.41986
-3.41986
-3.42001
-3.41971
-3.41955
-3.41925
-3.41925
-3.4191
-3.41895
-3.41895
-3.41895
-3.41895
-3.4191
-3.4188
-3.4185
-3.4185
-3.4185
-3.41835
-3.41835
-3.4182
-3.4185
-3.4185
-3.41835
-3.4185
-3.4185
-3.41865
-3.41895
-3.41895
-3.4188
-3.41865
-3.4185
-3.4185
-3.4185
-3.4185
-3.41835
-3.4185
-3.4185
-3.4188
-3.4188
-3.41865
-3.41835
-3.41835
-3.41835
-3.41835
-3.4185
-3.4185
-3.4185
-3.41865
-3.41835
-3.4182
-3.4182
-3.4182
-3.41805
-3.4182
-3.41789
-3.41789
-3.41805
-3.41789
-3.41789
-3.41774
-3.41774
-3.41789
-3.41789
-3.41789
-3.41805
-3.4182
-3.4185
-3.41835
-3.41865
-3.41895
-3.41865
-3.4185
-3.41865
-3.4188
-3.4191
-3.4191
-3.4191
-3.41895
-3.41895
-3.41895
-3.41925
-3.4191
-3.41895
-3.4191
-3.4191
-3.4191
-3.41925
-3.4194
-3.4194
-3.41925
-3.4194
-3.41956
-3.4194
-3.4191
-3.41925
-3.41925
-3.41895
-3.41895
-3.41895
-3.4185
-3.4185
-3.4185
-3.4182
-3.41805
-3.4182
-3.4182
-3.4182
-3.4185
-3.4188
-3.41895
-3.4188
-3.41895
-3.4188
-3.41895
-3.41895
-3.41895
-3.41895
-3.4188
-3.41865
-3.41865
-3.4188
-3.41895
-3.41895
-3.4188
-3.41896
-3.41896
-3.41896
-3.41911
-3.41911
-3.41911
-3.41941
-3.41926
-3.41911
-3.41941
-3.41911
-3.41911
-3.4188
-3.4185
-3.4188
-3.41911
-3.41895
-3.41865
-3.4188
-3.4188
-3.4188
-3.4188
-3.41865
-3.41835
-3.4182
-3.41805
-3.4182
-3.41835
-3.4182
-3.4182
-3.41804
-3.41804
-3.4188
-3.4188
-3.4188
-3.41895
-3.41895
-3.4188
-3.4191
-3.4191
-3.41895
-3.4188
-3.41864
-3.41864
-3.41849
-3.41834
-3.41849
-3.41849
-3.41849
-3.41879
-3.41879
-3.41849
-3.41834
-3.41834
-3.41864
-3.41849
-3.41849
-3.41849
-3.41804
-3.41804
-3.41834
-3.41865
-3.4188
-3.41865
-3.41865
-3.41865
-3.4185
-3.4185
-3.4188
-3.41895
-3.4191
-3.4191
-3.41895
-3.41895
-3.41865
-3.4185
-3.41835
-3.41835
-3.4182
-3.41774
-3.41789
-3.41789
-3.41774
-3.41774
-3.41729
-3.41774
-3.41774
-3.4182
-3.41835
-3.41835
-3.41835
-3.4185
-3.4182
-3.41805
-3.41805
-3.41789
-3.41789
-3.41774
-3.41789
-3.41789
-3.41774
-3.41759
-3.41789
-3.4182
-3.41789
-3.41774
-3.41774
-3.41774
-3.4182
-3.4182
-3.4182
-3.4185
-3.41865
-3.4188
-3.4188
-3.4191
-3.41895
-3.41895
-3.41911
-3.4188
-3.4188
-3.41865
-3.4188
-3.41896
-3.41911
-3.41911
-3.41911
-3.41926
-3.41926
-3.41926
-3.41941
-3.41896
-3.41896
-3.41896
-3.41911
-3.41896
-3.41851
-3.41866
-3.41866
-3.41835
-3.4182
-3.41775
-3.41775
-3.4176
-3.4173
-3.41745
-3.4176
-3.41745
-3.41745
-3.4176
-3.41745
-3.41745
-3.4173
-3.41745
-3.41745
-3.4176
-3.41745
-3.41745
-3.4176
-3.41775
-3.4179
-3.41775
-3.41775
-3.4179
-3.41805
-3.41805
-3.41805
-3.4182
-3.4182
-3.41835
-3.41865
-3.41925
-3.41955
-3.41955
-3.41955
-3.4197
-3.41955
-3.4194
-3.4197
-3.4197
-3.41955
-3.4197
-3.41985
-3.41985
-3.41985
-3.4197
-3.4197
-3.41985
-3.42016
-3.42031
-3.42031
-3.42061
-3.42031
-3.42046
-3.42046
-3.42046
-3.42046
-3.42046
-3.42046
-3.42046
-3.42046
-3.42046
-3.42062
-3.42092
-3.42122
-3.42092
-3.42122
-3.42107
-3.42092
-3.42092
-3.42092
-3.42092
-3.42092
-3.42092
-3.42092
-3.42092
-3.42077
-3.42077
-3.42077
-3.42062
-3.42047
-3.42032
-3.42047
-3.42062
-3.42092
-3.42107
-3.42092
-3.42122
-3.42122
-3.42122
-3.42107
-3.42122
-3.42137
-3.42137
-3.42168
-3.42183
-3.42152
-3.42168
-3.42183
-3.42213
-3.42198
-3.42198
-3.42213
-3.42213
-3.42213
-3.42243
-3.42258
-3.42273
-3.42258
-3.42273
-3.42258
-3.42303
-3.42318
-3.42303
-3.42303
-3.42303
-3.42303
-3.42303
-3.42318
-3.42318
-3.42333
-3.42349
-3.42349
-3.42364
-3.42379
-3.42379
-3.42394
-3.42409
-3.42379
-3.42333
-3.42318
-3.42349
-3.42379
-3.42349
-3.42364
-3.42349
-3.42288
-3.42288
-3.42303
-3.42318
-3.42303
-3.42303
-3.42318
-3.42303
-3.42318
-3.42364
-3.42364
-3.42379
-3.42394
-3.42394
-3.42409
-3.42379
-3.42363
-3.42318
-3.42333
-3.42288
-3.42258
-3.42273
-3.42273
-3.42303
-3.42318
-3.42318
-3.42348
-3.42333
-3.42333
-3.42303
-3.42303
-3.42288
-3.42288
-3.42288
-3.42288
-3.42273
-3.42258
-3.42273
-3.42273
-3.42273
-3.42242
-3.42273
-3.42242
-3.42227
-3.42227
-3.42227
-3.42197
-3.42182
-3.42182
-3.42167
-3.42182
-3.42182
-3.42167
-3.42152
-3.42137
-3.42106
-3.42121
-3.42137
-3.42137
-3.42121
-3.42121
-3.42091
-3.42091
-3.42091
-3.42091
-3.42061
-3.42091
-3.42061
-3.42046
-3.42061
-3.42046
-3.42031
-3.42031
-3.42031
-3.42061
-3.42076
-3.42091
-3.42091
-3.42046
-3.42001
-3.42001
-3.42001
-3.42001
-3.41985
-3.4197
-3.41955
-3.41985
-3.42001
-3.42001
-3.4197
-3.4194
-3.4191
-3.41925
-3.4194
-3.4194
-3.41925
-3.4191
-3.41971
-3.4194
-3.4194
-3.41955
-3.4194
-3.4194
-3.41955
-3.41956
-3.4194
-3.41956
-3.41971
-3.41986
-3.41956
-3.41956
-3.41956
-3.41971
-3.41971
-3.41956
-3.41971
-3.41941
-3.41941
-3.41925
-3.41941
-3.41926
-3.41926
-3.4191
-3.4191
-3.41941
-3.41956
-3.41956
-3.41941
-3.41911
-3.41941
-3.41911
-3.41956
-3.41986
-3.42001
-3.42001
-3.42001
-3.42001
-3.41971
-3.41986
-3.41986
-3.42031
-3.42047
-3.42047
-3.42047
-3.42047
-3.42016
-3.42062
-3.42077
-3.42062
-3.42031
-3.42062
-3.42077
-3.42077
-3.42092
-3.42077
-3.42062
-3.42031
-3.42016
-3.42016
-3.42016
-3.41986
-3.42016
-3.42016
-3.42001
-3.42016
-3.42031
-3.42031
-3.42016
-3.42001
-3.42001
-3.42001
-3.41986
-3.41986
-3.42001
-3.41971
-3.41986
-3.41986
-3.42031
-3.42092
-3.42077
-3.42062
-3.42092
-3.42077
-3.42077
-3.42061
-3.42061
-3.42077
-3.42092
-3.42092
-3.42122
-3.42137
-3.42137
-3.42137
-3.42137
-3.42107
-3.42092
-3.42107
-3.42092
-3.42076
-3.42061
-3.42046
-3.42046
-3.42061
-3.42046
-3.42016
-3.42016
-3.42016
-3.42001
-3.42031
-3.42016
-3.42031
-3.42001
-3.42001
-3.42016
-3.42001
-3.4197
-3.4197
-3.4197
-3.4197
-3.41955
-3.4197
-3.41955
-3.4194
-3.41925
-3.4194
-3.41925
-3.4191
-3.4194
-3.4194
-3.4194
-3.41955
-3.41955
-3.4197
-3.4194
-3.4194
-3.41985
-3.41985
-3.41985
-3.42
-3.4197
-3.41925
-3.41925
-3.4191
-3.4188
-3.41864
-3.4188
-3.41849
-3.41849
-3.41865
-3.4188
-3.4188
-3.4191
-3.41925
-3.41925
-3.4194
-3.4191
-3.41895
-3.4188
-3.41895
-3.41925
-3.41925
-3.4194
-3.41956
-3.41956
-3.41956
-3.41956
-3.41956
-3.41941
-3.41956
-3.41941
-3.41941
-3.41941
-3.41956
-3.41926
-3.41926
-3.41926
-3.41956
-3.41941
-3.41926
-3.41926
-3.41926
-3.41926
-3.41911
-3.41941
-3.41941
-3.41941
-3.41926
-3.4191
-3.41941
-3.41941
-3.4191
-3.41926
-3.41941
-3.41941
-3.41926
-3.41941
-3.41956
-3.41956
-3.41956
-3.41941
-3.41941
-3.41956
-3.41941
-3.41956
-3.4194
-3.4194
-3.4194
-3.41956
-3.41956
-3.41925
-3.41925
-3.41925
-3.41865
-3.4185
-3.41865
-3.4185
-3.4185
-3.4185
-3.4185
-3.4188
-3.41865
-3.41865
-3.41895
-3.41865
-3.41895
-3.41895
-3.4188
-3.41925
-3.41941
-3.41941
-3.4191
-3.41941
-3.41956
-3.41941
-3.41941
-3.41971
-3.41941
-3.41941
-3.41926
-3.41926
-3.4191
-3.41895
-3.4185
-3.4185
-3.41865
-3.41895
-3.4191
-3.41956
-3.41986
-3.41956
-3.41971
-3.41971
-3.41986
-3.41971
-3.41986
-3.42001
-3.42031
-3.42016
-3.42046
-3.42062
-3.42062
-3.42062
-3.42062
-3.42046
-3.42031
-3.42046
-3.42031
-3.42016
-3.42016
-3.41986
-3.41971
-3.41956
-3.41956
-3.41956
-3.41956
-3.41941
-3.41971
-3.41956
-3.41956
-3.41941
-3.41971
-3.41956
-3.41941
-3.41971
-3.41971
-3.41986
-3.41971
-3.41971
-3.41986
-3.42001
-3.41986
-3.42001
-3.42001
-3.41986
-3.42001
-3.41971
-3.41925
-3.41925
-3.41925
-3.41925
-3.41895
-3.4185
-3.4185
-3.41865
-3.41865
-3.4188
-3.41895
-3.41895
-3.4188
-3.4188
-3.4188
-3.4191
-3.41956
-3.4191
-3.4188
-3.41835
-3.4182
-3.41805
-3.41789
-3.41774
-3.41774
-3.41759
-3.41789
-3.41789
-3.41805
-3.41805
-3.4182
-3.41865
-3.4185
-3.4185
-3.41835
-3.41835
-3.41835
-3.41804
-3.41789
-3.41789
-3.41774
-3.41774
-3.41774
-3.41789
-3.41774
-3.41774
-3.41744
-3.41729
-3.41729
-3.41759
-3.41744
-3.41729
-3.41714
-3.41699
-3.41699
-3.41699
-3.41699
-3.41684
-3.41668
-3.41668
-3.41668
-3.41623
-3.41668
-3.41668
-3.41684
-3.41699
-3.41699
-3.41684
-3.41668
-3.41683
-3.41683
-3.41668
-3.41638
-3.41638
-3.41653
-3.41683
-3.41683
-3.41683
-3.41714
-3.41714
-3.41759
-3.41744
-3.41744
-3.41744
-3.41759
-3.41759
-3.41789
-3.41789
-3.41789
-3.41744
-3.41759
-3.41759
-3.41714
-3.41714
-3.41744
-3.41729
-3.41714
-3.41698
-3.41683
-3.41653
-3.41638
-3.41653
-3.41668
-3.41683
-3.41683
-3.41683
-3.41698
-3.41698
-3.41668
-3.41638
-3.41653
-3.41683
-3.41668
-3.41668
-3.41653
-3.41668
-3.41623
-3.41638
-3.41638
-3.41608
-3.41608
-3.41638
-3.41623
-3.41623
-3.41653
-3.41668
-3.41684
-3.41653
-3.41668
-3.41684
-3.41668
-3.41684
-3.41699
-3.41684
-3.41684
-3.41684
-3.41699
-3.41699
-3.41669
-3.41699
-3.41699
-3.41699
-3.41729
-3.41729
-3.41744
-3.41714
-3.41669
-3.41669
-3.41669
-3.41654
-3.41623
-3.41624
-3.41608
-3.41593
-3.41624
-3.41639
-3.41654
-3.41684
-3.41699
-3.41699
-3.41714
-3.41699
-3.41669
-3.41654
-3.41639
-3.41654
-3.41624
-3.41624
-3.41608
-3.41624
-3.41639
-3.41639
-3.41624
-3.41654
-3.41654
-3.41654
-3.41699
-3.41699
-3.41714
-3.41729
-3.41729
-3.41729
-3.41759
-3.41744
-3.41744
-3.41744
-3.41744
-3.41744
-3.41744
-3.41744
-3.41729
-3.41744
-3.41759
-3.41789
-3.41805
-3.41789
-3.41774
-3.41759
-3.41759
-3.41729
-3.41759
-3.41759
-3.41744
-3.41774
-3.41774
-3.41774
-3.41774
-3.41789
-3.41789
-3.41819
-3.41819
-3.41819
-3.41819
-3.41819
-3.41834
-3.41864
-3.41864
-3.41834
-3.41849
-3.41849
-3.41864
-3.41864
-3.41864
-3.41894
-3.41925
-3.4194
-3.41955
-3.41925
-3.41909
-3.4194
-3.4194
-3.4194
-3.4194
-3.41955
-3.41909
-3.41924
-3.41894
-3.41894
-3.41879
-3.41864
-3.41879
-3.41879
-3.41879
-3.41909
-3.41925
-3.41909
-3.41925
-3.41925
-3.41925
-3.4194
-3.41955
-3.41955
-3.4197
-3.41955
-3.4194
-3.4191
-3.4191
-3.41895
-3.41879
-3.41879
-3.41864
-3.41895
-3.41925
-3.4191
-3.41925
-3.4194
-3.4194
-3.4197
-3.42001
-3.42001
-3.42001
-3.42016
-3.42001
-3.42031
-3.42016
-3.42016
-3.41986
-3.4197
-3.41986
-3.41971
-3.41971
-3.41986
-3.42016
-3.41986
-3.42001
-3.42016
-3.42016
-3.42001
-3.42001
-3.42001
-3.42001
-3.42016
-3.42046
-3.42061
-3.42092
-3.42107
-3.42107
-3.42107
-3.42152
-3.42137
-3.42122
-3.42077
-3.42061
-3.42077
-3.42077
-3.42061
-3.42046
-3.42016
-3.42001
-3.41971
-3.42016
-3.42001
-3.42001
-3.42001
-3.41986
-3.41986
-3.41986
-3.42031
-3.42061
-3.42062
-3.42092
-3.42092
-3.42107
-3.42122
-3.42152
-3.42167
-3.42167
-3.42152
-3.42167
-3.42167
-3.42182
-3.42182
-3.42197
-3.42152
-3.42137
-3.42152
-3.42152
-3.42167
-3.42182
-3.42152
-3.42152
-3.42152
-3.42152
-3.42152
-3.42167
-3.42182
-3.42212
-3.42227
-3.42242
-3.42227
-3.42227
-3.42212
-3.42212
-3.42182
-3.42212
-3.42227
-3.42227
-3.42257
-3.42257
-3.42288
-3.42303
-3.42288
-3.42272
-3.42272
-3.42272
-3.42272
-3.42287
-3.42287
-3.42333
-3.42348
-3.42348
-3.42363
-3.42332
-3.42317
-3.42332
-3.42348
-3.42348
-3.42347
-3.42393
-3.42393
-3.42378
-3.42378
-3.42378
-3.42378
-3.42393
-3.42393
-3.42423
-3.42393
-3.42393
-3.42378
-3.42393
-3.42362
-3.42393
-3.42363
-3.42332
-3.42332
-3.42332
-3.42272
-3.42272
-3.42287
-3.42287
-3.42287
-3.42302
-3.42302
-3.42318
-3.42333
-3.42318
-3.42318
-3.42348
-3.42333
-3.42333
-3.42303
-3.42273
-3.42273
-3.42258
-3.42273
-3.42273
-3.42273
-3.42273
-3.42228
-3.42228
-3.42258
-3.42228
-3.42228
-3.42213
-3.42213
-3.42228
-3.42243
-3.42228
-3.42228
-3.42228
-3.42228
-3.42213
-3.42213
-3.42228
-3.42198
-3.42198
-3.42198
-3.42198
-3.42213
-3.42168
-3.42183
-3.42168
-3.42198
-3.42213
-3.42243
-3.42243
-3.42258
-3.42258
-3.42228
-3.42198
-3.42228
-3.42213
-3.42228
-3.42228
-3.42228
-3.42243
-3.42243
-3.42213
-3.42198
-3.42198
-3.42213
-3.42258
-3.42243
-3.42198
-3.42182
-3.42182
-3.42182
-3.42198
-3.42182
-3.42182
-3.42182
-3.42167
-3.42228
-3.42228
-3.42228
-3.42228
-3.42243
-3.42228
-3.42273
-3.42258
-3.42243
-3.42258
-3.42258
-3.42273
-3.42273
-3.42258
-3.42258
-3.42273
-3.42288
-3.42288
-3.42273
-3.42288
-3.42273
-3.42228
-3.42258
-3.42243
-3.42243
-3.42258
-3.42212
-3.42197
-3.42182
-3.42197
-3.42182
-3.42197
-3.42228
-3.42228
-3.42243
-3.42228
-3.42212
-3.42228
-3.42212
-3.42212
-3.42227
-3.42212
-3.42182
-3.42197
-3.42212
-3.42212
-3.42182
-3.42152
-3.42167
-3.42182
-3.42182
-3.42182
-3.42182
-3.42167
-3.42167
-3.42152
-3.42137
-3.42152
-3.42137
-3.42137
-3.42121
-3.42121
-3.42121
-3.42136
-3.42136
-3.42152
-3.42167
-3.42136
-3.42136
-3.42152
-3.42152
-3.42152
-3.42121
-3.42121
-3.42121
-3.42136
-3.42182
-3.42167
-3.42167
-3.42167
-3.42136
-3.42136
-3.42151
-3.42152
-3.42121
-3.42106
-3.42136
-3.42136
-3.42121
-3.42121
-3.42136
-3.42136
-3.42136
-3.42121
-3.42136
-3.42121
-3.42182
-3.42182
-3.42167
-3.42167
-3.42167
-3.42182
-3.42182
-3.42182
-3.42152
-3.42167
-3.42152
-3.42152
-3.42121
-3.42152
-3.42182
-3.42212
-3.42212
-3.42212
-3.42212
-3.42167
-3.42197
-3.42197
-3.42197
-3.42242
-3.42242
-3.42273
-3.42273
-3.42257
-3.42273
-3.42273
-3.42257
-3.42288
-3.42318
-3.42303
-3.42318
-3.42318
-3.42318
-3.42303
-3.42273
-3.42273
-3.42273
-3.42273
-3.42273
-3.42257
-3.42242
-3.42273
-3.42273
-3.42288
-3.42257
-3.42273
-3.42273
-3.42273
-3.42242
-3.42227
-3.42227
-3.42212
-3.42197
-3.42212
-3.42167
-3.42167
-3.42137
-3.42152
-3.42167
-3.42167
-3.42137
-3.42121
-3.42121
-3.42121
-3.42167
-3.42121
-3.42137
-3.42137
-3.42137
-3.42137
-3.42137
-3.42137
-3.42152
-3.42182
-3.42197
-3.42197
-3.42152
-3.42137
-3.42137
-3.42137
-3.42122
-3.42137
-3.42137
-3.42167
-3.42152
-3.42137
-3.42152
-3.42137
-3.42107
-3.42167
-3.42167
-3.42167
-3.42152
-3.42167
-3.42167
-3.42122
-3.42152
-3.42152
-3.42137
-3.42122
-3.42137
-3.42137
-3.42167
-3.42167
-3.42152
-3.42197
-3.42213
-3.42243
-3.42213
-3.42228
-3.42243
-3.42288
-3.42273
-3.42273
-3.42273
-3.42258
-3.42228
-3.42228
-3.42228
-3.42198
-3.42228
-3.42258
-3.42288
-3.42303
-3.42288
-3.42318
-3.42303
-3.42334
-3.42318
-3.42334
-3.42364
-3.42364
-3.42394
-3.42409
-3.42409
-3.42394
-3.42394
-3.42394
-3.42409
-3.42409
-3.42424
-3.42424
-3.42394
-3.42394
-3.42424
-3.42409
-3.42424
-3.42439
-3.42485
-3.425
-3.42485
-3.4247
-3.42455
-3.4247
-3.42439
-3.42485
-3.4247
-3.42485
-3.42485
-3.425
-3.425
-3.42515
-3.4253
-3.42545
-3.425
-3.4247
-3.4247
-3.4247
-3.425
-3.425
-3.4247
-3.4247
-3.425
-3.4247
-3.4247
-3.42485
-3.42455
-3.42455
-3.42455
-3.42485
-3.425
-3.42515
-3.42485
-3.425
-3.425
-3.4247
-3.4247
-3.42485
-3.42485
-3.42485
-3.42515
-3.4253
-3.42515
-3.42515
-3.425
-3.4247
-3.42485
-3.4247
-3.42485
-3.42485
-3.4247
-3.4244
-3.42424
-3.42424
-3.42424
-3.4244
-3.42439
-3.42455
-3.42455
-3.4247
-3.425
-3.42515
-3.42485
-3.4247
-3.4247
-3.42485
-3.4247
-3.4247
-3.42485
-3.42485
-3.42485
-3.42439
-3.42424
-3.42439
-3.42454
-3.42469
-3.42469
-3.42454
-3.42439
-3.42454
-3.42424
-3.42409
-3.42379
-3.42348
-3.42348
-3.42348
-3.42348
-3.42348
-3.42363
-3.42363
-3.42363
-3.42363
-3.42348
-3.42363
-3.42379
-3.42363
-3.42363
-3.42333
-3.42318
-3.42333
-3.42333
-3.42333
-3.42318
-3.42333
-3.42318
-3.42273
-3.42288
-3.42288
-3.42258
-3.42273
-3.42258
-3.42273
-3.42258
-3.42273
-3.42258
-3.42288
-3.42303
-3.42288
-3.42288
-3.42288
-3.42273
-3.42288
-3.42288
-3.42288
-3.42303
-3.42303
-3.42318
-3.42288
-3.42288
-3.42258
-3.42258
-3.42258
-3.42258
-3.42288
-3.42288
-3.42273
-3.42273
-3.42258
-3.42258
-3.42258
-3.42258
-3.42318
-3.42303
-3.42333
-3.42318
-3.42303
-3.42288
-3.42303
-3.42303
-3.42288
-3.42288
-3.42273
-3.42303
-3.42288
-3.42273
-3.42258
-3.42303
-3.42303
-3.42303
-3.42288
-3.42303
-3.42318
-3.42303
-3.42318
-3.42288
-3.42288
-3.42273
-3.42273
-3.42258
-3.42243
-3.42228
-3.42198
-3.42213
-3.42213
-3.42152
-3.42182
-3.42167
-3.42198
-3.42182
-3.42213
-3.42228
-3.42213
-3.42213
-3.42228
-3.42228
-3.42228
-3.42243
-3.42243
-3.42258
-3.42288
-3.42303
-3.42334
-3.42319
-3.42318
-3.42334
-3.42364
-3.42364
-3.42364
-3.42379
-3.42364
-3.42379
-3.42364
-3.42319
-3.42334
-3.42334
-3.42318
-3.42318
-3.42288
-3.42273
-3.42273
-3.42288
-3.42318
-3.42349
-3.42349
-3.42349
-3.42318
-3.42334
-3.42334
-3.42318
-3.42319
-3.42303
-3.42303
-3.42319
-3.42319
-3.42319
-3.42334
-3.42364
-3.42364
-3.42334
-3.42334
-3.42349
-3.42349
-3.42334
-3.42349
-3.42349
-3.42349
-3.42319
-3.42319
-3.42304
-3.42304
-3.42288
-3.42273
-3.42243
-3.42228
-3.42228
-3.42258
-3.42273
-3.42258
-3.42258
-3.42228
-3.42213
-3.42213
-3.42213
-3.42228
-3.42228
-3.42198
-3.42198
-3.42183
-3.42213
-3.42228
-3.42198
-3.42243
-3.42273
-3.42243
-3.42288
-3.42258
-3.42228
-3.42213
-3.42167
-3.42152
-3.42198
-3.42243
-3.42228
-3.42243
-3.42228
-3.42243
-3.42258
-3.42273
-3.42258
-3.42273
-3.42243
-3.42228
-3.42213
-3.42213
-3.42197
-3.42182
-3.42182
-3.42197
-3.42182
-3.42182
-3.42212
-3.42197
-3.42197
-3.42167
-3.42152
-3.42152
-3.42167
-3.42152
-3.42167
-3.42197
-3.42182
-3.42197
-3.42182
-3.42182
-3.42167
-3.42197
-3.42212
-3.42197
-3.42212
-3.42212
-3.42212
-3.42182
-3.42182
-3.42167
-3.42182
-3.42167
-3.42137
-3.42137
-3.42137
-3.42152
-3.42152
-3.42152
-3.42121
-3.42106
-3.42121
-3.42106
-3.42121
-3.42121
-3.42106
-3.42106
-3.42152
-3.42152
-3.42137
-3.42121
-3.42106
-3.42121
-3.42106
-3.42106
-3.42106
-3.42061
-3.42046
-3.42061
-3.42061
-3.42061
-3.42031
-3.42031
-3.42016
-3.41986
-3.41986
-3.4197
-3.4197
-3.4197
-3.42016
-3.42046
-3.42061
-3.42016
-3.42001
-3.42001
-3.42016
-3.42016
-3.42016
-3.42016
-3.41985
-3.41985
-3.41985
-3.41985
-3.41985
-3.41985
-3.41985
-3.42
-3.42
-3.42
-3.42
-3.42
-3.42
-3.4197
-3.4194
-3.4194
-3.41955
-3.4194
-3.4191
-3.41925
-3.4191
-3.41864
-3.41895
-3.41895
-3.41895
-3.41895
-3.41879
-3.41879
-3.41879
-3.41879
-3.41879
-3.41864
-3.41864
-3.41864
-3.41849
-3.41819
-3.41804
-3.41804
-3.41774
-3.41774
-3.41774
-3.41804
-3.41804
-3.41804
-3.41804
-3.41804
-3.41804
-3.41759
-3.41759
-3.41744
-3.41728
-3.41728
-3.41729
-3.41729
-3.41744
-3.41744
-3.41759
-3.41744
-3.41759
-3.41729
-3.41698
-3.41714
-3.41744
-3.41729
-3.41744
-3.41744
-3.41729
-3.41729
-3.41744
-3.41774
-3.41774
-3.4179
-3.41774
-3.41805
-3.41759
-3.41774
-3.4179
-3.4179
-3.4179
-3.4179
-3.4179
-3.4182
-3.4182
-3.41805
-3.4182
-3.4179
-3.41775
-3.41775
-3.4182
-3.4182
-3.4185
-3.4185
-3.41865
-3.41835
-3.4185
-3.4185
-3.4182
-3.41835
-3.41805
-3.4182
-3.4179
-3.4182
-3.4182
-3.4179
-3.41805
-3.41805
-3.41805
-3.41805
-3.41805
-3.4182
-3.41805
-3.41775
-3.41775
-3.41775
-3.4176
-3.41745
-3.4179
-3.4176
-3.4176
-3.41744
-3.41729
-3.41699
-3.41744
-3.41759
-3.41744
-3.41774
-3.41774
-3.41774
-3.41774
-3.41789
-3.41759
-3.41759
-3.41759
-3.41744
-3.41744
-3.41774
-3.41804
-3.41819
-3.41819
-3.41759
-3.41759
-3.41774
-3.41744
-3.41744
-3.41774
-3.41774
-3.41759
-3.41774
-3.41789
-3.41774
-3.41758
-3.41728
-3.41728
-3.41728
-3.41713
-3.41728
-3.41743
-3.41773
-3.41773
-3.41773
-3.41773
-3.41773
-3.41758
-3.41788
-3.41803
-3.41788
-3.41758
-3.41743
-3.41728
-3.41728
-3.41728
-3.41758
-3.41773
-3.41773
-3.41788
-3.41788
-3.41773
-3.41758
-3.41773
-3.41773
-3.41758
-3.41728
-3.41713
-3.41713
-3.41713
-3.41683
-3.41698
-3.41713
-3.41713
-3.41683
-3.41683
-3.41683
-3.41714
-3.41699
-3.41699
-3.41669
-3.41638
-3.41638
-3.41669
-3.41699
-3.41714
-3.41729
-3.41729
-3.41744
-3.4179
-3.4179
-3.41805
-3.4182
-3.4179
-3.41775
-3.4176
-3.4173
-3.41729
-3.41684
-3.41699
-3.4176
-3.41745
-3.4173
-3.41745
-3.41745
-3.4176
-3.41775
-3.41745
-3.4176
-3.4176
-3.4173
-3.4173
-3.41715
-3.41699
-3.41684
-3.41699
-3.41669
-3.41669
-3.41684
-3.41715
-3.41715
-3.41715
-3.41714
-3.41714
-3.41699
-3.41699
-3.41699
-3.41699
-3.41684
-3.41654
-3.41654
-3.41669
-3.41669
-3.41684
-3.41669
-3.41669
-3.41669
-3.41669
-3.41654
-3.41654
-3.41684
-3.41714
-3.41684
-3.41623
-3.41623
-3.41623
-3.41638
-3.41623
-3.41608
-3.41608
-3.41608
-3.41593
-3.41593
-3.41593
-3.41593
-3.41608
-3.41578
-3.41593
-3.41608
-3.41608
-3.41653
-3.41668
-3.41668
-3.41683
-3.41683
-3.41699
-3.41668
-3.41683
-3.41683
-3.41638
-3.41623
-3.41608
-3.41608
-3.41608
-3.41578
-3.41563
-3.41578
-3.41578
-3.41563
-3.41608
-3.41608
-3.41608
-3.41608
-3.41608
-3.41608
-3.41608
-3.41623
-3.41639
-3.41578
-3.41563
-3.41533
-3.41548
-3.41533
-3.41533
-3.41533
-3.41533
-3.41563
-3.41533
-3.41518
-3.41579
-3.41548
-3.41579
-3.41579
-3.41579
-3.41579
-3.41594
-3.41624
-3.41624
-3.41624
-3.41579
-3.41609
-3.41624
-3.41624
-3.41684
-3.41699
-3.41715
-3.41699
-3.41699
-3.41715
-3.41715
-3.41745
-3.41745
-3.4176
-3.41745
-3.41745
-3.41745
-3.4173
-3.41684
-3.41684
-3.41699
-3.41699
-3.41669
-3.41639
-3.41624
-3.41624
-3.41654
-3.41684
-3.41715
-3.41684
-3.41699
-3.41684
-3.41684
-3.41699
-3.41684
-3.41639
-3.41624
-3.41624
-3.41579
-3.41563
-3.41624
-3.41609
-3.41624
-3.41654
-3.41669
-3.41684
-3.41699
-3.41684
-3.41684
-3.41684
-3.41699
-3.41699
-3.41714
-3.41729
-3.41729
-3.41714
-3.41744
-3.41744
-3.4176
-3.41775
-3.4176
-3.41775
-3.41759
-3.41759
-3.41759
-3.41759
-3.41729
-3.41729
-3.41729
-3.41729
-3.41729
-3.41714
-3.41684
-3.41714
-3.4179
-3.41759
-3.41729
-3.41744
-3.41729
-3.41729
-3.41744
-3.41669
-3.41653
-3.41623
-3.41593
-3.41578
-3.41563
-3.41563
-3.41578
-3.41608
-3.41608
-3.41623
-3.41623
-3.41608
-3.41623
-3.41608
-3.41593
-3.41623
-3.41638
-3.41623
-3.41593
-3.41593
-3.41608
-3.41593
-3.41578
-3.41563
-3.41578
-3.41517
-3.41517
-3.41517
-3.41548
-3.41563
-3.41548
-3.41532
-3.41532
-3.41548
-3.41563
-3.41563
-3.41532
-3.41517
-3.41532
-3.41547
-3.41563
-3.41547
-3.41517
-3.41532
-3.41547
-3.41547
-3.41532
-3.41517
-3.41532
-3.41532
-3.41502
-3.41502
-3.41517
-3.41517
-3.41517
-3.41532
-3.41532
-3.41532
-3.41532
-3.41532
-3.41502
-3.41487
-3.41487
-3.41532
-3.41532
-3.41517
-3.41517
-3.41563
-3.41578
-3.41563
-3.41547
-3.41578
-3.41578
-3.41608
-3.41578
-3.41563
-3.41547
-3.41563
-3.41578
-3.41578
-3.41578
-3.41578
-3.41608
-3.41593
-3.41563
-3.41563
-3.41548
-3.41578
-3.41593
-3.41608
-3.41593
-3.41608
-3.41638
-3.41638
-3.41653
-3.41638
-3.41623
-3.41669
-3.41684
-3.41684
-3.41684
-3.41638
-3.41608
-3.41608
-3.41623
-3.41608
-3.41578
-3.41623
-3.41623
-3.41654
-3.41638
-3.41623
-3.41638
-3.41638
-3.41623
-3.41623
-3.41623
-3.41623
-3.41638
-3.41608
-3.41623
-3.41608
-3.41623
-3.41608
-3.41638
-3.41638
-3.41638
-3.41638
-3.41654
-3.41638
-3.41653
-3.41669
-3.41669
-3.41669
-3.41669
-3.41638
-3.41623
-3.41623
-3.41608
-3.41608
-3.41608
-3.41623
-3.41668
-3.41638
-3.41608
-3.41608
-3.41608
-3.41608
-3.41623
-3.41608
-3.41563
-3.41563
-3.41593
-3.41593
-3.41593
-3.41593
-3.41623
-3.41638
-3.41653
-3.41638
-3.41608
-3.41608
-3.41623
-3.41653
-3.41653
-3.41653
-3.41623
-3.41623
-3.41623
-3.41623
-3.41623
-3.41638
-3.41623
-3.41608
-3.41623
-3.41638
-3.41653
-3.41653
-3.41683
-3.41714
-3.41714
-3.41714
-3.41714
-3.41699
-3.41653
-3.41623
-3.41578
-3.41578
-3.41593
-3.41608
-3.41653
-3.41638
-3.41623
-3.41653
-3.41668
-3.41699
-3.41714
-3.41714
-3.41699
-3.41699
-3.41684
-3.41714
-3.41699
-3.41729
-3.41729
-3.41744
-3.41744
-3.41729
-3.41729
-3.41729
-3.41759
-3.41729
-3.41729
-3.41729
-3.41744
-3.41744
-3.41729
-3.41774
-3.41789
-3.41805
-3.41789
-3.41759
-3.41774
-3.41774
-3.41805
-3.41835
-3.4182
-3.4182
-3.41835
-3.41835
-3.41835
-3.4185
-3.4188
-3.4185
-3.41865
-3.4185
-3.41865
-3.41865
-3.41895
-3.41895
-3.41865
-3.4185
-3.41835
-3.4185
-3.4185
-3.41865
-3.4185
-3.4185
-3.4188
-3.41865
-3.4185
-3.4185
-3.41835
-3.41865
-3.41865
-3.41865
-3.41835
-3.41835
-3.41835
-3.41865
-3.41865
-3.4185
-3.41865
-3.4191
-3.41895
-3.41865
-3.4188
-3.4188
-3.41895
-3.4188
-3.4185
-3.41865
-3.41865
-3.4188
-3.41895
-3.41895
-3.4191
-3.41865
-3.4185
-3.4185
-3.41865
-3.4185
-3.41835
-3.4182
-3.4182
-3.41835
-3.41835
-3.4188
-3.41895
-3.4191
-3.41925
-3.41925
-3.4194
-3.41925
-3.41925
-3.41956
-3.41956
-3.41971
-3.41971
-3.41986
-3.42001
-3.41971
-3.41986
-3.42001
-3.41986
-3.42016
-3.42046
-3.42016
-3.42031
-3.42031
-3.42031
-3.42062
-3.42062
-3.42062
-3.42046
-3.42031
-3.42031
-3.42031
-3.42016
-3.42031
-3.42031
-3.42077
-3.42092
-3.42077
-3.42092
-3.42077
-3.42062
-3.42016
-3.42047
-3.42047
-3.42047
-3.42017
-3.42017
-3.42017
-3.42032
-3.42047
-3.42047
-3.42032
-3.42016
-3.42016
-3.42001
-3.42032
-3.42001
-3.42032
-3.42032
-3.42016
-3.42031
-3.42062
-3.42062
-3.42062
-3.42092
-3.42062
-3.42107
-3.42107
-3.42092
-3.42092
-3.42107
-3.42107
-3.42077
-3.42031
-3.42046
-3.42061
-3.42061
-3.42061
-3.42091
-3.42091
-3.42091
-3.42106
-3.42122
-3.42122
-3.42137
-3.42152
-3.42137
-3.42137
-3.42152
-3.42137
-3.42137
-3.42137
-3.42121
-3.42091
-3.42091
-3.42076
-3.42106
-3.42106
-3.42106
-3.42121
-3.42121
-3.42136
-3.42121
-3.42152
-3.42137
-3.42121
-3.42106
-3.42061
-3.42076
-3.42091
-3.42076
-3.42061
-3.42046
-3.42031
-3.42031
-3.42061
-3.42091
-3.42076
-3.42076
-3.42061
-3.42076
-3.42046
-3.42061
-3.42076
-3.42122
-3.42107
-3.42046
-3.42046
-3.42061
-3.42046
-3.42061
-3.42061
-3.42061
-3.42061
-3.42061
-3.42122
-3.42076
-3.42092
-3.42076
-3.42061
-3.42092
-3.42092
-3.42076
-3.42061
-3.42061
-3.42031
-3.42016
-3.42016
-3.42001
-3.41956
-3.41941
-3.41971
-3.41971
-3.41971
-3.42016
-3.41971
-3.41986
-3.42001
-3.42001
-3.42016
-3.42001
-3.41986
-3.41986
-3.41971
-3.41971
-3.41971
-3.41986
-3.41986
-3.41986
-3.42001
-3.41971
-3.41971
-3.41971
-3.41986
-3.41986
-3.41986
-3.42016
-3.42016
-3.42001
-3.42001
-3.41971
-3.41971
-3.41956
-3.41956
-3.41956
-3.41986
-3.42016
-3.42016
-3.42001
-3.42001
-3.42001
-3.42016
-3.42016
-3.42016
-3.42046
-3.42046
-3.42031
-3.42031
-3.42016
-3.42031
-3.42076
-3.42076
-3.42016
-3.42001
-3.42001
-3.42001
-3.42016
-3.42001
-3.42016
-3.42001
-3.42001
-3.42001
-3.42046
-3.42031
-3.42061
-3.42046
-3.42061
-3.42076
-3.42076
-3.42076
-3.42092
-3.42107
-3.42122
-3.42122
-3.42122
-3.42107
-3.42076
-3.42076
-3.42076
-3.42046
-3.42031
-3.41971
-3.41971
-3.41955
-3.41955
-3.4194
-3.4191
-3.4194
-3.41925
-3.41925
-3.41955
-3.41955
-3.41925
-3.41925
-3.41925
-3.4191
-3.41895
-3.4194
-3.41955
-3.41925
-3.4197
-3.42001
-3.41955
-3.4197
-3.4197
-3.41986
-3.41986
-3.4197
-3.41925
-3.4191
-3.41895
-3.4188
-3.41895
-3.4188
-3.4188
-3.41925
-3.41925
-3.41925
-3.41955
-3.41971
-3.41971
-3.41955
-3.41955
-3.41955
-3.41971
-3.41971
-3.41986
-3.41986
-3.42031
-3.42031
-3.42001
-3.41986
-3.41971
-3.41956
-3.4194
-3.4191
-3.4188
-3.41865
-3.41865
-3.41835
-3.4182
-3.41835
-3.41805
-3.41835
-3.41804
-3.4182
-3.4182
-3.41789
-3.41789
-3.41805
-3.41789
-3.41835
-3.4182
-3.4182
-3.41789
-3.41805
-3.41789
-3.41805
-3.41805
-3.4182
-3.4182
-3.4182
-3.41805
-3.41835
-3.4182
-3.4182
-3.4182
-3.41805
-3.41759
-3.41789
-3.41774
-3.41805
-3.41805
-3.41805
-3.41789
-3.41789
-3.41805
-3.4182
-3.41865
-3.4188
-3.4188
-3.41895
-3.41895
-3.4191
-3.4191
-3.4188
-3.4188
-3.41895
-3.4191
-3.4191
-3.41925
-3.41925
-3.41956
-3.41986
-3.41971
-3.41956
-3.41941
-3.41956
-3.41971
-3.41971
-3.41956
-3.4194
-3.41956
-3.41971
-3.41986
-3.41971
-3.41971
-3.42016
-3.42016
-3.42016
-3.42031
-3.42016
-3.42016
-3.42016
-3.42016
-3.42016
-3.42031
-3.42031
-3.42031
-3.42046
-3.42046
-3.42031
-3.42031
-3.42031
-3.42001
-3.41985
-3.42001
-3.42001
-3.42001
-3.42001
-3.42016
-3.42001
-3.42001
-3.42016
-3.42001
-3.42016
-3.42046
-3.42061
-3.42061
-3.42046
-3.42061
-3.42061
-3.42106
-3.42091
-3.42076
-3.42076
-3.42091
-3.42091
-3.42076
-3.42091
-3.42137
-3.42122
-3.42122
-3.42107
-3.42122
-3.42122
-3.42107
-3.42092
-3.42092
-3.42107
-3.42092
-3.42031
-3.42046
-3.42031
-3.42031
-3.42031
-3.42046
-3.42031
-3.42016
-3.42016
-3.41986
-3.41971
-3.41956
-3.41941
-3.41911
-3.41911
-3.41911
-3.41911
-3.41941
-3.41926
-3.41895
-3.41895
-3.41956
-3.41956
-3.41941
-3.41926
-3.41911
-3.41895
-3.41895
-3.41926
-3.41956
-3.41926
-3.41926
-3.4191
-3.4191
-3.41895
-3.4191
-3.41895
-3.4191
-3.4191
-3.41895
-3.41895
-3.4191
-3.41895
-3.41865
-3.41865
-3.4188
-3.4188
-3.41895
-3.4188
-3.4188
-3.41865
-3.41895
-3.41925
-3.41925
-3.41925
-3.41925
-3.41956
-3.41925
-3.4191
-3.4188
-3.4188
-3.41895
-3.4188
-3.4191
-3.41895
-3.4185
-3.4188
-3.4188
-3.41865
-3.4191
-3.4191
-3.41895
-3.4191
-3.4188
-3.4188
-3.4185
-3.4185
-3.4182
-3.41805
-3.41805
-3.41835
-3.41835
-3.41805
-3.41805
-3.4182
-3.41835
-3.4185
-3.4182
-3.4182
-3.4182
-3.41805
-3.41835
-3.4188
-3.4185
-3.4188
-3.41865
-3.4188
-3.4188
-3.41865
-3.41895
-3.4191
-3.4191
-3.4191
-3.41925
-3.4191
-3.4191
-3.41895
-3.4188
-3.41895
-3.41925
-3.4191
-3.4191
-3.4191
-3.4194
-3.4194
-3.4194
-3.4194
-3.4194
-3.41955
-3.41986
-3.42001
-3.42001
-3.41986
-3.41986
-3.41955
-3.41955
-3.41971
-3.41971
-3.41971
-3.41986
-3.42016
-3.42031
-3.42061
-3.42077
-3.42092
-3.42107
-3.42152
-3.42152
-3.42137
-3.42152
-3.42152
-3.42152
-3.42167
-3.42197
-3.42228
-3.42213
-3.42213
-3.42213
-3.42213
-3.42228
-3.42228
-3.42228
-3.42243
-3.42228
-3.42213
-3.42228
-3.42213
-3.42213
-3.42213
-3.42213
-3.42228
-3.42228
-3.42228
-3.42258
-3.42228
-3.42228
-3.42243
-3.42228
-3.42198
-3.42228
-3.42243
-3.42243
-3.42243
-3.42258
-3.42288
-3.42304
-3.42273
-3.42258
-3.42258
-3.42258
-3.42243
-3.42243
-3.42258
-3.42258
-3.42273
-3.42258
-3.42258
-3.42243
-3.42258
-3.42289
-3.42304
-3.42304
-3.42304
-3.42274
-3.42289
-3.42273
-3.42304
-3.42319
-3.42334
-3.42349
-3.42349
-3.42334
-3.42319
-3.42304
-3.42304
-3.42289
-3.42273
-3.42243
-3.42198
-3.42213
-3.42228
-3.42228
-3.42213
-3.42198
-3.42167
-3.42167
-3.42183
-3.42167
-3.42167
-3.42167
-3.42167
-3.42167
-3.42213
-3.42228
-3.42228
-3.42228
-3.42182
-3.42167
-3.42182
-3.42212
-3.42197
-3.42167
-3.42167
-3.42182
-3.42167
-3.42197
-3.42152
-3.42182
-3.42212
-3.42228
-3.42258
-3.42303
-3.42318
-3.42333
-3.42288
-3.42288
-3.42288
-3.42273
-3.42288
-3.42288
-3.42288
-3.42288
-3.42258
-3.42258
-3.42258
-3.42273
-3.42273
-3.42243
-3.42227
-3.42227
-3.42243
-3.42243
-3.42243
-3.42243
-3.42227
-3.42227
-3.42227
-3.42258
-3.42273
-3.42318
-3.42318
-3.42333
-3.42318
-3.42348
-3.42333
-3.42348
-3.42318
-3.42318
-3.42288
-3.42288
-3.42227
-3.42227
-3.42227
-3.42227
-3.42257
-3.42273
-3.42288
-3.42288
-3.42318
-3.42303
-3.42348
-3.42333
-3.42333
-3.42333
-3.42333
-3.42348
-3.42333
-3.42333
-3.42333
-3.42318
-3.42273
-3.42288
-3.42288
-3.42333
-3.42273
-3.42243
-3.42243
-3.42243
-3.42228
-3.42243
-3.42243
-3.42243
-3.42243
-3.42213
-3.42182
-3.42198
-3.42198
-3.42167
-3.42167
-3.42198
-3.42198
-3.42198
-3.42183
-3.42167
-3.42168
-3.42213
-3.42198
-3.42243
-3.42213
-3.42228
-3.42213
-3.42228
-3.42198
-3.42198
-3.42213
-3.42213
-3.42213
-3.42183
-3.42168
-3.42122
-3.42137
-3.42152
-3.42152
-3.42122
-3.42107
-3.42047
-3.42047
-3.42062
-3.42062
-3.42031
-3.42031
-3.42031
-3.42062
-3.42061
-3.42092
-3.42061
-3.42046
-3.42046
-3.42016
-3.42016
-3.42031
-3.42046
-3.42061
-3.42046
-3.42031
-3.42031
-3.42031
-3.42016
-3.42016
-3.42001
-3.42001
-3.42031
-3.42001
-3.42016
-3.42031
-3.42016
-3.42001
-3.42046
-3.42001
-3.41985
-3.42001
-3.42016
-3.42031
-3.42046
-3.42031
-3.42076
-3.42076
-3.42106
-3.42136
-3.42167
-3.42182
-3.42167
-3.42182
-3.42182
-3.42182
-3.42167
-3.42182
-3.42182
-3.42182
-3.42182
-3.42212
-3.42212
-3.42242
-3.42182
-3.42182
-3.42167
-3.42167
-3.42167
-3.42167
-3.42167
-3.42167
-3.42136
-3.42121
-3.42136
-3.42106
-3.42121
-3.42121
-3.42136
-3.42121
-3.42076
-3.42091
-3.42106
-3.42106
-3.42091
-3.42061
-3.42061
-3.42076
-3.42076
-3.42122
-3.42122
-3.42106
-3.42091
-3.42091
-3.42106
-3.42076
-3.42076
-3.42091
-3.42107
-3.42137
-3.42137
-3.42137
-3.42137
-3.42092
-3.42107
-3.42107
-3.42122
-3.42152
-3.42152
-3.42137
-3.42137
-3.42137
-3.42137
-3.42152
-3.42137
-3.42137
-3.42152
-3.42122
-3.42122
-3.42107
-3.42092
-3.42077
-3.42077
-3.42077
-3.42047
-3.42062
-3.42031
-3.42062
-3.42062
-3.42062
-3.42077
-3.42077
-3.42062
-3.42062
-3.42062
-3.42062
-3.42062
-3.42047
-3.42016
-3.42032
-3.42032
-3.42047
-3.42032
-3.42016
-3.42016
-3.42032
-3.41956
-3.41971
-3.41971
-3.41956
-3.41971
-3.41926
-3.41895
-3.41911
-3.41895
-3.4188
-3.41895
-3.41865
-3.41835
-3.41835
-3.41835
-3.41835
-3.41835
-3.4182
-3.4185
-3.41835
-3.4182
-3.41835
-3.4185
-3.41819
-3.41804
-3.41804
-3.41789
-3.41759
-3.41744
-3.41729
-3.41698
-3.41729
-3.41729
-3.41713
-3.41729
-3.41744
-3.41714
-3.41714
-3.41668
-3.41638
-3.41653
-3.41638
-3.41623
-3.41638
-3.41653
-3.41683
-3.41668
-3.41699
-3.41699
-3.41684
-3.41684
-3.41684
-3.41684
-3.41684
-3.41669
-3.41654
-3.41684
-3.41684
-3.41684
-3.41699
-3.41669
-3.41669
-3.41699
-3.41699
-3.41669
-3.41699
-3.41699
-3.41699
-3.41714
-3.4173
-3.4173
-3.4173
-3.41699
-3.41699
-3.4173
-3.4173
-3.41745
-3.41745
-3.4176
-3.4179
-3.41775
-3.41775
-3.4179
-3.4179
-3.41775
-3.41729
-3.41714
-3.41744
-3.41744
-3.41774
-3.41759
-3.41774
-3.41789
-3.41789
-3.41789
-3.41804
-3.41804
-3.41804
-3.41789
-3.41804
-3.41789
-3.41789
-3.41789
-3.41789
-3.41774
-3.41804
-3.41789
-3.41804
-3.41804
-3.41804
-3.41804
-3.41804
-3.41804
-3.41819
-3.41804
-3.41804
-3.41804
-3.41804
-3.41804
-3.41804
-3.41774
-3.41774
-3.41774
-3.41789
-3.41774
-3.41774
-3.41774
-3.41759
-3.41759
-3.41759
-3.41774
-3.41774
-3.41789
-3.41804
-3.4182
-3.4182
-3.41835
-3.4182
-3.41805
-3.41805
-3.41835
-3.4185
-3.4185
-3.41865
-3.4185
-3.41835
-3.4185
-3.4182
-3.4182
-3.41835
-3.41835
-3.41865
-3.41865
-3.4185
-3.4185
-3.4185
-3.41865
-3.41865
-3.4185
-3.41866
-3.4185
-3.41866
-3.41881
-3.41881
-3.41881
-3.41911
-3.41911
-3.41896
-3.41911
-3.41911
-3.41896
-3.41926
-3.41956
-3.41926
-3.41926
-3.41911
-3.41956
-3.41941
-3.41956
-3.41941
-3.41956
-3.42017
-3.42002
-3.42002
-3.42032
-3.42047
-3.42047
-3.42047
-3.42047
-3.42047
-3.42047
-3.42062
-3.42062
-3.42077
-3.42062
-3.42032
-3.42047
-3.42032
-3.42032
-3.41986
-3.41986
-3.41956
-3.41956
-3.41971
-3.41956
-3.41971
-3.41971
-3.41956
-3.41956
-3.41956
-3.41911
-3.41896
-3.41865
-3.41835
-3.41835
-3.4185
-3.41865
-3.4185
-3.4185
-3.4188
-3.4191
-3.41895
-3.41895
-3.41925
-3.41895
-3.41941
-3.41956
-3.41956
-3.4194
-3.41971
-3.41971
-3.41971
-3.41955
-3.41955
-3.4197
-3.42016
-3.42001
-3.42016
-3.42016
-3.42016
-3.42046
-3.42061
-3.42061
-3.42061
-3.42061
-3.42061
-3.42046
-3.42091
-3.42091
-3.42091
-3.42106
-3.42076
-3.42076
-3.42061
-3.42076
-3.42061
-3.42061
-3.42061
-3.42061
-3.42061
-3.42076
-3.42046
-3.42061
-3.42061
-3.42046
-3.42046
-3.42061
-3.42031
-3.42061
-3.42076
-3.42061
-3.42061
-3.42076
-3.42076
-3.42076
-3.42076
-3.42091
-3.42106
-3.42137
-3.42122
-3.42106
-3.42122
-3.42122
-3.42122
-3.42107
-3.42091
-3.42107
-3.42092
-3.42092
-3.42092
-3.42061
-3.42061
-3.42061
-3.42061
-3.42031
-3.42031
-3.42061
-3.42046
-3.42046
-3.42016
-3.42001
-3.41986
-3.42001
-3.41971
-3.41971
-3.41986
-3.41956
-3.41926
-3.41956
-3.41971
-3.41986
-3.41971
-3.41986
-3.41986
-3.42016
-3.42047
-3.42047
-3.42032
-3.42062
-3.42077
-3.42092
-3.42092
-3.42092
-3.42062
-3.42062
-3.42047
-3.42047
-3.42032
-3.42032
-3.42047
-3.42047
-3.42062
-3.42062
-3.42077
-3.42077
-3.42047
-3.42047
-3.42047
-3.42047
-3.42062
-3.42092
-3.42107
-3.42092
-3.42077
-3.42077
-3.42077
-3.42062
-3.42077
-3.42047
-3.42001
-3.42032
-3.42062
-3.42077
-3.42062
-3.42032
-3.42001
-3.42016
-3.42032
-3.42032
-3.42047
-3.42031
-3.42016
-3.42047
-3.42016
-3.42016
-3.42062
-3.42077
-3.42092
-3.42092
-3.42077
-3.42077
-3.42077
-3.42092
-3.42107
-3.42092
-3.42107
-3.42092
-3.42107
-3.42122
-3.42107
-3.42122
-3.42137
-3.42152
-3.42152
-3.42152
-3.42167
-3.42167
-3.42167
-3.42167
-3.42167
-3.42197
-3.42213
-3.42213
-3.42228
-3.42228
-3.42243
-3.42258
-3.42258
-3.42273
-3.42288
-3.42288
-3.42288
-3.42318
-3.42318
-3.42318
-3.42318
-3.42303
-3.42303
-3.42303
-3.42288
-3.42273
-3.42288
-3.42258
-3.42243
-3.42273
-3.42288
-3.42318
-3.42318
-3.42318
-3.42333
-3.42318
-3.42303
-3.42303
-3.42318
-3.42288
-3.42273
-3.42288
-3.42288
-3.42273
-3.42273
-3.42303
-3.42273
-3.42288
-3.42273
-3.42288
-3.42273
-3.42288
-3.42303
-3.42318
-3.42273
-3.42243
-3.42243
-3.42258
-3.42273
-3.42273
-3.42273
-3.42243
-3.42258
-3.42273
-3.42303
-3.42333
-3.42349
-3.42303
-3.42349
-3.42349
-3.42349
-3.42364
-3.42364
-3.42364
-3.42364
-3.42364
-3.42379
-3.42379
-3.42349
-3.42364
-3.42364
-3.42349
-3.42349
-3.42348
-3.42303
-3.42288
-3.42288
-3.42333
-3.42333
-3.42333
-3.42363
-3.42379
-3.42348
-3.42333
-3.42379
-3.42363
-3.42363
-3.42379
-3.42394
-3.42394
-3.42379
-3.42363
-3.42363
-3.42363
-3.42348
-3.42348
-3.42318
-3.42303
-3.42303
-3.42288
-3.42318
-3.42318
-3.42303
-3.42348
-3.42348
-3.42363
-3.42363
-3.42363
-3.42348
-3.42363
-3.42394
-3.42394
-3.42394
-3.42394
-3.42409
-3.42409
-3.42439
-3.42439
-3.42424
-3.42394
-3.42378
-3.42363
-3.42348
-3.42348
-3.42333
-3.42318
-3.42363
-3.42348
-3.42363
-3.42378
-3.42394
-3.42363
-3.42333
-3.42303
-3.42303
-3.42288
-3.42258
-3.42288
-3.42273
-3.42273
-3.42258
-3.42243
-3.42273
-3.42273
-3.42243
-3.42258
-3.42273
-3.42273
-3.42258
-3.42258
-3.42228
-3.42197
-3.42182
-3.42197
-3.42182
-3.42182
-3.42197
-3.42197
-3.42227
-3.42212
-3.42212
-3.42212
-3.42212
-3.42212
-3.42197
-3.42182
-3.42152
-3.42167
-3.42137
-3.42137
-3.42137
-3.42137
-3.42122
-3.42107
-3.42092
-3.42092
-3.42092
-3.42092
-3.42122
-3.42092
-3.42076
-3.42092
-3.42107
-3.42137
-3.42137
-3.42152
-3.42122
-3.42137
-3.42167
-3.42167
-3.42152
-3.42182
-3.42152
-3.42182
-3.42167
-3.42167
-3.42152
-3.42167
-3.42182
-3.42182
-3.42197
-3.42182
-3.42182
-3.42182
-3.42182
-3.42182
-3.42167
-3.42167
-3.42167
-3.42182
-3.42182
-3.42197
-3.42167
-3.42122
-3.42122
-3.42152
-3.42152
-3.42137
-3.42122
-3.42107
-3.42107
-3.42122
-3.42122
-3.42122
-3.42107
-3.42107
-3.42061
-3.42031
-3.42016
-3.42016
-3.42001
-3.41986
-3.41971
-3.41955
-3.41955
-3.41955
-3.41925
-3.4191
-3.4194
-3.4191
-3.41895
-3.4188
-3.4188
-3.4185
-3.4185
-3.41895
-3.41895
-3.41895
-3.41895
-3.41865
-3.4188
-3.41865
-3.4188
-3.4188
-3.41835
-3.41819
-3.4182
-3.41774
-3.41789
-3.41804
-3.41804
-3.41835
-3.41835
-3.41835
-3.41835
-3.41865
-3.41865
-3.41865
-3.4185
-3.4185
-3.41835
-3.41835
-3.4182
-3.4182
-3.4182
-3.4182
-3.4185
-3.4188
-3.41895
-3.4191
-3.4188
-3.41895
-3.4185
-3.41865
-3.41865
-3.4188
-3.41865
-3.41865
-3.4182
-3.4185
-3.41865
-3.4188
-3.4185
-3.41865
-3.41865
-3.4185
-3.41895
-3.41895
-3.4191
-3.4191
-3.41895
-3.41895
-3.41895
-3.4188
-3.4191
-3.4194
-3.4194
-3.41955
-3.41955
-3.41971
-3.41971
-3.41986
-3.4197
-3.41986
-3.42001
-3.4197
-3.4197
-3.4197
-3.4197
-3.41955
-3.4194
-3.4194
-3.41955
-3.4194
-3.4194
-3.41925
-3.4194
-3.41925
-3.4191
-3.41894
-3.41895
-3.4191
-3.41894
-3.41864
-3.41849
-3.41819
-3.41834
-3.41819
-3.41804
-3.41849
-3.41849
-3.41879
-3.41879
-3.41909
-3.41894
-3.41879
-3.41909
-3.41894
-3.41879
-3.41879
-3.41879
-3.41849
-3.41894
-3.41924
-3.41894
-3.41879
-3.41879
-3.41864
-3.41834
-3.41834
-3.41819
-3.41819
-3.41819
-3.41819
-3.41834
-3.41819
-3.41804
-3.41804
-3.41774
-3.41774
-3.41789
-3.41804
-3.41804
-3.41789
-3.41804
-3.41819
-3.41895
-3.41895
-3.41879
-3.41895
-3.4188
-3.4188
-3.41864
-3.41849
-3.41849
-3.41865
-3.4188
-3.41865
-3.4185
-3.41834
-3.4185
-3.4188
-3.4188
-3.41895
-3.41895
-3.4188
-3.41865
-3.41895
-3.4188
-3.41865
-3.4185
-3.41865
-3.41835
-3.4185
-3.41895
-3.4194
-3.4191
-3.41925
-3.4194
-3.41971
-3.4194
-3.41956
-3.41971
-3.41971
-3.41986
-3.41986
-3.41986
-3.41971
-3.41956
-3.41971
-3.41971
-3.42001
-3.41971
-3.41956
-3.41956
-3.41986
-3.41986
-3.41971
-3.41955
-3.4194
-3.41895
-3.4185
-3.41865
-3.4188
-3.41865
-3.41865
-3.4188
-3.41865
-3.4188
-3.41895
-3.41895
-3.41895
-3.41895
-3.4191
-3.4188
-3.4188
-3.4188
-3.4188
-3.41895
-3.41895
-3.41925
-3.4194
-3.41955
-3.42001
-3.42001
-3.41985
-3.41986
-3.41986
-3.41986
-3.42001
-3.4197
-3.41955
-3.41955
-3.41955
-3.4194
-3.41925
-3.41925
-3.41925
-3.4194
-3.41895
-3.4191
-3.4191
-3.4191
-3.41925
-3.41955
-3.4197
-3.4197
-3.41986
-3.4197
-3.4197
-3.41955
-3.41955
-3.41955
-3.41925
-3.4191
-3.41895
-3.41865
-3.41865
-3.41865
-3.41865
-3.4188
-3.41895
-3.4191
-3.4188
-3.4188
-3.4191
-3.41925
-3.4191
-3.4191
-3.41895
-3.4188
-3.41865
-3.41865
-3.41895
-3.41925
-3.41925
-3.41955
-3.41955
-3.4194
-3.4194
-3.41925
-3.41955
-3.4197
-3.4197
-3.41986
-3.41986
-3.41986
-3.42001
-3.42016
-3.41986
-3.41986
-3.41986
-3.4197
-3.41986
-3.41986
-3.4194
-3.41925
-3.41955
-3.4194
-3.41925
-3.4194
-3.4194
-3.41971
-3.41971
-3.41971
-3.42001
-3.42016
-3.42031
-3.42031
-3.42046
-3.42046
-3.42031
-3.42046
-3.42061
-3.42046
-3.42061
-3.42046
-3.42076
-3.42076
-3.42091
-3.42091
-3.42091
-3.42107
-3.42122
-3.42107
-3.42091
-3.42091
-3.42137
-3.42122
-3.42107
-3.42091
-3.42091
-3.42091
-3.42061
-3.42076
-3.42091
-3.42076
-3.42106
-3.42106
-3.42122
-3.42137
-3.42121
-3.42121
-3.42137
-3.42121
-3.42121
-3.42152
-3.42167
-3.42152
-3.42152
-3.42182
-3.42182
-3.42167
-3.42167
-3.42167
-3.42212
-3.42182
-3.42197
-3.42182
-3.42137
-3.42152
-3.42167
-3.42152
-3.42167
-3.42137
-3.42137
-3.42137
-3.42122
-3.42122
-3.42152
-3.42152
-3.42167
-3.42152
-3.42167
-3.42182
-3.42152
-3.42182
-3.42197
-3.42212
-3.42212
-3.42212
-3.42167
-3.42152
-3.42122
-3.42122
-3.42122
-3.42107
-3.42076
-3.42076
-3.42046
-3.42031
-3.42046
-3.42046
-3.42046
-3.42016
-3.42016
-3.42001
-3.41986
-3.41986
-3.41986
-3.41971
-3.41971
-3.41986
-3.41986
-3.41956
-3.41956
-3.41971
-3.41925
-3.41895
-3.41941
-3.41941
-3.41941
-3.4191
-3.4188
-3.41895
-3.41895
-3.41865
-3.4188
-3.4188
-3.4188
-3.4185
-3.41835
-3.41819
-3.41819
-3.41865
-3.4185
-3.41835
-3.41895
-3.4188
-3.4188
-3.4185
-3.41819
-3.41819
-3.41819
-3.41804
-3.41804
-3.41774
-3.41744
-3.41774
-3.41774
-3.41744
-3.41744
-3.41729
-3.41774
-3.41774
-3.41789
-3.41774
-3.41804
-3.41819
-3.41804
-3.41804
-3.41789
-3.41819
-3.41819
-3.41819
-3.41834
-3.41834
-3.41834
-3.41804
-3.41789
-3.41819
-3.41819
-3.41865
-3.4188
-3.41865
-3.41865
-3.41865
-3.41834
-3.41849
-3.41834
-3.41865
-3.41849
-3.41804
-3.41789
-3.41759
-3.41759
-3.41774
-3.41789
-3.41804
-3.41819
-3.41804
-3.41819
-3.41819
-3.41865
-3.41849
-3.41865
-3.41865
-3.41865
-3.41865
-3.4188
-3.4185
-3.4185
-3.41819
-3.41804
-3.41804
-3.41834
-3.41834
-3.41865
-3.41865
-3.4188
-3.4188
-3.4188
-3.4185
-3.41834
-3.41834
-3.4185
-3.41804
-3.41774
-3.41729
-3.41789
-3.41759
-3.41774
-3.41759
-3.41789
-3.41804
-3.41819
-3.41835
-3.41895
-3.4185
-3.41865
-3.4185
-3.41865
-3.4188
-3.41895
-3.4188
-3.41865
-3.41834
-3.41834
-3.41834
-3.41834
-3.41804
-3.41834
-3.41819
-3.41834
-3.41834
-3.41865
-3.41834
-3.41819
-3.41789
-3.41789
-3.41774
-3.41759
-3.41744
-3.41744
-3.41744
-3.41714
-3.41714
-3.41683
-3.41638
-3.41623
-3.41653
-3.41653
-3.41623
-3.41653
-3.41668
-3.41668
-3.41653
-3.41638
-3.41638
-3.41623
-3.41638
-3.41623
-3.41593
-3.41563
-3.41578
-3.41593
-3.41578
-3.41638
-3.41608
-3.41563
-3.41593
-3.41593
-3.41593
-3.41562
-3.41562
-3.41562
-3.41532
-3.41517
-3.41517
-3.41502
-3.41502
-3.41532
-3.41547
-3.41547
-3.41562
-3.41593
-3.41593
-3.41608
-3.41653
-3.41653
-3.41698
-3.41713
-3.41713
-3.41698
-3.41698
-3.41713
-3.41713
-3.41713
-3.41744
-3.41744
-3.41713
-3.41668
-3.41668
-3.41698
-3.41713
-3.41668
-3.41668
-3.41683
-3.41668
-3.41653
-3.41653
-3.41623
-3.41623
-3.41638
-3.41623
-3.41608
-3.41638
-3.41623
-3.41593
-3.41638
-3.41653
-3.41653
-3.41638
-3.41653
-3.41653
-3.41668
-3.41699
-3.41714
-3.41668
-3.41653
-3.41638
-3.41623
-3.41653
-3.41669
-3.41653
-3.41654
-3.41608
-3.41654
-3.41638
-3.41638
-3.41669
-3.41654
-3.41654
-3.41654
-3.41684
-3.41699
-3.41684
-3.41669
-3.41699
-3.41699
-3.41699
-3.41714
-3.41714
-3.41699
-3.41684
-3.41684
-3.41684
-3.41714
-3.41684
-3.41684
-3.41684
-3.41684
-3.41684
-3.41639
-3.41623
-3.41608
-3.41608
-3.41593
-3.41593
-3.41563
-3.41593
-3.41608
-3.41639
-3.41593
-3.41548
-3.41548
-3.41533
-3.41548
-3.41548
-3.41548
-3.41548
-3.41548
-3.41518
-3.41503
-3.41518
-3.41487
-3.41487
-3.41518
-3.41487
-3.41457
-3.41442
-3.41442
-3.41487
-3.41502
-3.41548
-3.41563
-3.41563
-3.41548
-3.41548
-3.41518
-3.41502
-3.41502
-3.41487
-3.41533
-3.41548
-3.41563
-3.41578
-3.41548
-3.41578
-3.41608
-3.41608
-3.41608
-3.41638
-3.41623
-3.41593
-3.41593
-3.41578
-3.41563
-3.41563
-3.41593
-3.41563
-3.41533
-3.41563
-3.41563
-3.41578
-3.41578
-3.41578
-3.41578
-3.41548
-3.41563
-3.41548
-3.41533
-3.41548
-3.41563
-3.41548
-3.41563
-3.41548
-3.41533
-3.41518
-3.41487
-3.41518
-3.41533
-3.41518
-3.41518
-3.41518
-3.41503
-3.41503
-3.41472
-3.41457
-3.41427
-3.41412
-3.41412
-3.41442
-3.41442
-3.41457
-3.41442
-3.41442
-3.41442
-3.41442
-3.41427
-3.41442
-3.41442
-3.41427
-3.41427
-3.41442
-3.41427
-3.41442
-3.41427
-3.41427
-3.41442
-3.41442
-3.41472
-3.41472
-3.41442
-3.41442
-3.41442
-3.41472
-3.41487
-3.41472
-3.41487
-3.41502
-3.41502
-3.41548
-3.41548
-3.41548
-3.41548
-3.41548
-3.41563
-3.41532
-3.41532
-3.41532
-3.41548
-3.41532
-3.41487
-3.41502
-3.41502
-3.41517
-3.41563
-3.41578
-3.41563
-3.41563
-3.41593
-3.41547
-3.41623
-3.41593
-3.41608
-3.41608
-3.41593
-3.41608
-3.41638
-3.41638
-3.41668
-3.41668
-3.41638
-3.41638
-3.41653
-3.41653
-3.41668
-3.41699
-3.41714
-3.41698
-3.41683
-3.41683
-3.41683
-3.41668
-3.41653
-3.41668
-3.41683
-3.41683
-3.41683
-3.41653
-3.41653
-3.41653
-3.41653
-3.41638
-3.41653
-3.41653
-3.41638
-3.41653
-3.41669
-3.41684
-3.41699
-3.41714
-3.41714
-3.41744
-3.41774
-3.41759
-3.41774
-3.41774
-3.4179
-3.41759
-3.41744
-3.41744
-3.41744
-3.41744
-3.41714
-3.41729
-3.41759
-3.41775
-3.41775
-3.41759
-3.41759
-3.4179
-3.4179
-3.4179
-3.41775
-3.4179
-3.4179
-3.41805
-3.41805
-3.41805
-3.4182
-3.41835
-3.4185
-3.41865
-3.41865
-3.41865
-3.4185
-3.4182
-3.4185
-3.41865
-3.4185
-3.41835
-3.41835
-3.4185
-3.41835
-3.41835
-3.4185
-3.41865
-3.4185
-3.4185
-3.41896
-3.41911
-3.41911
-3.41941
-3.41971
-3.41971
-3.42001
-3.41986
-3.41971
-3.41971
-3.41971
-3.41971
-3.41986
-3.41986
-3.41986
-3.42001
-3.41986
-3.41986
-3.41986
-3.42001
-3.42016
-3.42062
-3.42077
-3.42092
-3.42107
-3.42092
-3.42092
-3.42107
-3.42092
-3.42092
-3.42092
-3.42107
-3.42092
-3.42092
-3.42061
-3.42077
-3.42077
-3.42092
-3.42061
-3.42076
-3.42122
-3.42137
-3.42152
-3.42167
-3.42137
-3.42167
-3.42182
-3.42167
-3.42182
-3.42167
-3.42212
-3.42212
-3.42242
-3.42257
-3.42258
-3.42257
-3.42273
-3.42303
-3.42303
-3.42303
-3.42333
-3.42348
-3.42348
-3.42348
-3.42333
-3.42318
-3.42333
-3.42333
-3.42348
-3.42318
-3.42318
-3.42333
-3.42318
-3.42333
-3.42333
-3.42364
-3.42333
-3.42333
-3.42364
-3.42379
-3.42394
-3.42394
-3.42379
-3.42349
-3.42349
-3.42333
-3.42349
-3.42333
-3.42318
-3.42333
-3.42334
-3.42334
-3.42334
-3.42334
-3.42334
-3.42288
-3.42288
-3.42243
-3.42243
-3.42213
-3.42213
-3.42182
-3.42213
-3.42198
-3.42198
-3.42182
-3.42197
-3.42213
-3.42213
-3.42228
-3.42243
-3.42258
-3.42258
-3.42228
-3.42227
-3.42167
-3.42152
-3.42167
-3.42242
-3.42242
-3.42242
-3.42227
-3.42227
-3.42227
-3.42227
-3.42242
-3.42257
-3.42272
-3.42318
-3.42303
-3.42303
-3.42303
-3.42257
-3.42257
-3.42257
-3.42257
-3.42242
-3.42227
-3.42227
-3.42227
-3.42272
-3.42318
-3.42318
-3.42302
-3.42272
-3.42272
-3.42287
-3.42302
-3.42302
-3.42287
-3.42287
-3.42287
-3.42272
-3.42227
-3.42227
-3.42227
-3.42227
-3.42242
-3.42227
-3.42257
-3.42287
-3.42287
-3.42287
-3.42288
-3.42303
-3.42303
-3.42318
-3.42303
-3.42318
-3.42333
-3.42318
-3.42303
-3.42288
-3.42303
-3.42303
-3.42303
-3.42273
-3.42288
-3.42303
-3.42303
-3.42288
-3.42258
-3.42273
-3.42288
-3.42303
-3.42303
-3.42303
-3.42303
-3.42303
-3.42288
-3.42228
-3.42243
-3.42212
-3.42212
-3.42212
-3.42182
-3.42197
-3.42213
-3.42197
-3.42197
-3.42167
-3.42167
-3.42182
-3.42182
-3.42197
-3.42213
-3.42213
-3.42197
-3.42182
-3.42197
-3.42197
-3.42182
-3.42213
-3.42197
-3.42197
-3.42213
-3.42228
-3.42243
-3.42258
-3.42288
-3.42288
-3.42318
-3.42333
-3.42349
-3.42318
-3.42303
-3.42318
-3.42333
-3.42318
-3.42303
-3.42288
-3.42288
-3.42258
-3.42213
-3.42213
-3.42213
-3.42228
-3.42197
-3.42197
-3.42197
-3.42197
-3.42167
-3.42167
-3.42167
-3.42152
-3.42182
-3.42197
-3.42182
-3.42137
-3.42152
-3.42167
-3.42152
-3.42137
-3.42167
-3.42122
-3.42122
-3.42077
-3.42077
-3.42092
-3.42092
-3.42107
-3.42092
-3.42137
-3.42152
-3.42167
-3.42167
-3.42167
-3.42182
-3.42152
-3.42152
-3.42122
-3.42077
-3.42062
-3.42062
-3.42061
-3.42031
-3.42016
-3.42061
-3.42077
-3.42077
-3.42061
-3.42077
-3.42061
-3.42061
-3.42077
-3.42077
-3.42077
-3.42092
-3.42077
-3.42077
-3.42077
-3.42061
-3.42046
-3.42046
-3.42046
-3.42016
-3.42031
-3.42031
-3.42062
-3.42092
-3.42062
-3.42046
-3.42031
-3.42016
-3.42062
-3.42046
-3.42031
-3.42062
-3.42031
-3.42031
-3.42016
-3.42016
-3.42031
-3.42031
-3.42031
-3.42016
-3.42031
-3.42031
-3.42016
-3.42046
-3.42077
-3.42046
-3.42046
-3.42061
-3.42046
-3.42031
-3.42046
-3.42046
-3.42046
-3.42016
-3.42031
-3.42061
-3.42046
-3.42016
-3.42016
-3.42031
-3.42016
-3.42016
-3.42031
-3.42046
-3.42092
-3.42076
-3.42076
-3.42076
-3.42061
-3.42076
-3.42122
-3.42137
-3.42122
-3.42122
-3.42091
-3.42091
-3.42091
-3.42091
-3.42091
-3.42076
-3.42076
-3.42046
-3.42076
-3.42046
-3.42076
-3.42061
-3.42076
-3.42076
-3.42046
-3.42046
-3.42061
-3.42046
-3.42046
-3.42061
-3.42076
-3.42061
-3.42106
-3.42137
-3.42152
-3.42167
-3.42197
-3.42197
-3.42197
-3.42182
-3.42167
-3.42197
-3.42182
-3.42182
-3.42182
-3.42182
-3.42167
-3.42182
-3.42197
-3.42197
-3.42212
-3.42197
-3.42182
-3.42197
-3.42182
-3.42197
-3.42167
-3.42167
-3.42152
-3.42152
-3.42182
-3.42182
-3.42182
-3.42182
-3.42228
-3.42213
-3.42228
-3.42213
-3.42213
-3.42198
-3.42167
-3.42198
-3.42198
-3.42228
-3.42213
-3.42167
-3.42167
-3.42137
-3.42122
-3.42152
-3.42167
-3.42152
-3.42137
-3.42122
-3.42137
-3.42152
-3.42152
-3.42152
-3.42122
-3.42107
-3.42092
-3.42092
-3.42092
-3.42077
-3.42077
-3.42046
-3.42061
-3.42031
-3.42046
-3.42031
-3.41986
-3.41971
-3.41971
-3.41971
-3.41956
-3.4194
-3.41971
-3.41986
-3.41986
-3.42016
-3.41986
-3.42001
-3.42031
-3.42046
-3.42046
-3.42031
-3.42031
-3.42001
-3.42001
-3.41985
-3.41985
-3.42001
-3.41955
-3.41925
-3.4194
-3.4194
-3.4191
-3.4194
-3.4194
-3.4194
-3.4194
-3.41925
-3.41925
-3.41895
-3.41849
-3.41819
-3.41834
-3.4188
-3.4188
-3.41849
-3.41864
-3.4188
-3.4188
-3.4188
-3.41895
-3.4191
-3.4191
-3.4188
-3.4191
-3.41895
-3.4188
-3.41849
-3.41804
-3.41804
-3.41819
-3.41819
-3.4185
-3.41865
-3.41865
-3.4188
-3.41895
-3.41925
-3.41925
-3.41925
-3.4191
-3.41925
-3.41925
-3.41925
-3.4191
-3.4191
-3.41895
-3.41895
-3.41925
-3.41925
-3.4191
-3.4191
-3.4191
-3.4191
-3.4191
-3.41895
-3.41895
-3.4191
-3.4188
-3.4188
-3.41865
-3.4188
-3.41835
-3.41819
-3.41774
-3.41759
-3.41744
-3.41744
-3.41729
-3.41729
-3.41759
-3.41729
-3.41729
-3.41759
-3.41729
-3.41744
-3.41729
-3.41729
-3.41729
-3.41699
-3.41714
-3.41714
-3.41729
-3.41744
-3.41759
-3.41774
-3.41774
-3.41774
-3.41729
-3.41744
-3.41744
-3.41729
-3.41698
-3.41668
-3.41698
-3.41714
-3.41668
-3.41668
-3.41668
-3.41638
-3.41668
-3.41683
-3.41668
-3.41653
-3.41653
-3.41638
-3.41653
-3.41668
-3.41668
-3.41683
-3.41698
-3.41713
-3.41729
-3.41728
-3.41759
-3.41759
-3.41774
-3.41759
-3.41744
-3.41744
-3.41744
-3.41774
-3.41789
-3.41804
-3.41804
-3.41819
-3.41819
-3.41819
-3.41834
-3.41849
-3.4188
-3.4191
-3.41925
-3.4194
-3.4194
-3.4194
-3.41925
-3.4194
-3.4194
-3.41955
-3.41985
-3.4197
-3.41985
-3.41985
-3.4197
-3.4194
-3.4194
-3.4197
-3.4197
-3.4197
-3.42001
-3.42031
-3.42016
-3.42016
-3.42031
-3.42031
-3.42046
-3.42076
-3.42061
-3.42076
-3.42076
-3.42091
-3.42061
-3.42046
-3.42076
-3.42076
-3.42092
-3.42092
-3.42092
-3.42092
-3.42076
-3.42137
-3.42167
-3.42167
-3.42137
-3.42152
-3.42167
-3.42152
-3.42167
-3.42167
-3.42182
-3.42198
-3.42198
-3.42228
-3.42228
-3.42243
-3.42228
-3.42228
-3.42213
-3.42228
-3.42273
-3.42288
-3.42258
-3.42273
-3.42258
-3.42258
-3.42273
-3.42182
-3.42228
-3.42258
-3.42258
-3.42243
-3.42243
-3.42243
-3.42273
-3.42242
-3.42257
-3.42257
-3.42242
-3.42257
-3.42227
-3.42242
-3.42227
-3.42212
-3.42227
-3.42227
-3.42257
-3.42212
-3.42181
-3.42166
-3.42151
-3.42166
-3.42121
-3.42136
-3.42151
-3.42136
-3.42151
-3.42136
-3.42136
-3.42166
-3.42136
-3.4212
-3.42075
-3.42075
-3.42075
-3.42121
-3.42151
-3.42151
-3.42196
-3.42211
-3.42242
-3.42227
-3.42242
-3.42227
-3.42212
-3.42227
-3.42257
-3.42242
-3.42242
-3.42257
-3.42227
-3.42182
-3.42167
-3.42106
-3.42061
-3.42046
-3.42046
-3.42031
-3.42016
-3.42016
-3.41986
-3.41986
-3.41955
-3.4191
-3.41925
-3.41925
-3.4191
-3.41925
-3.41955
-3.4194
-3.4194
-3.41925
-3.41925
-3.41925
-3.41971
-3.41971
-3.42001
-3.42001
-3.42016
-3.42016
-3.42016
-3.42016
-3.42016
-3.42001
-3.42016
-3.42016
-3.42016
-3.41986
-3.42001
-3.41986
-3.42016
-3.42001
-3.42016
-3.42046
-3.42076
-3.42076
-3.42031
-3.42076
-3.42122
-3.42137
-3.42137
-3.42106
-3.42091
-3.42106
-3.42061
-3.42076
-3.42076
-3.42091
-3.42106
-3.42046
-3.42046
-3.42046
-3.42031
-3.42046
-3.42046
-3.42061
-3.42016
-3.42031
-3.42031
-3.42061
-3.42091
-3.42091
-3.42015
-3.42015
-3.42015
-3.41985
-3.41985
-3.41985
-3.4197
-3.41955
-3.4197
-3.4197
-3.41985
-3.4197
-3.4197
-3.41985
-3.4197
-3.4197
-3.4194
-3.4194
-3.41909
-3.41864
-3.41849
-3.41849
-3.41849
-3.41864
-3.41849
-3.41849
-3.41864
-3.41864
-3.41879
-3.41864
-3.41864
-3.41879
-3.41849
-3.41818
-3.41834
-3.41834
-3.41834
-3.41834
-3.41818
-3.41818
-3.41818
-3.41803
-3.41818
-3.41803
-3.41803
-3.41803
-3.41803
-3.41849
-3.41818
-3.41833
-3.41833
-3.41818
-3.41833
-3.41833
-3.41833
-3.41864
-3.41864
-3.41864
-3.41833
-3.41849
-3.41818
-3.41818
-3.41834
-3.41834
-3.41834
-3.41818
-3.41849
-3.41864
-3.41864
-3.41894
-3.41879
-3.41864
-3.41879
-3.41894
-3.41909
-3.41939
-3.41955
-3.41955
-3.4197
-3.4197
-3.4197
-3.41985
-3.4203
-3.4203
-3.42045
-3.4203
-3.42076
-3.42076
-3.42076
-3.42091
-3.42106
-3.42121
-3.42106
-3.42076
-3.42091
-3.42091
-3.42091
-3.42121
-3.42121
-3.42106
-3.42121
-3.42106
-3.42061
-3.42061
-3.42061
-3.42076
-3.42076
-3.42091
-3.42091
-3.42121
-3.42091
-3.42061
-3.42061
-3.42091
-3.42061
-3.42046
-3.42031
-3.42031
-3.42061
-3.42091
-3.42106
-3.42106
