2.29384
2.28485
2.2762
2.26718
2.25829
2.24929
2.2402
2.23128
2.22278
2.21495
2.20733
2.19992
2.19226
2.18485
2.17768
2.17103
2.16489
2.1588
2.153
2.14775
2.14257
2.13747
2.13294
2.1285
2.12464
2.12111
2.11769
2.11462
2.11189
2.10975
2.10772
2.10651
2.10492
2.10415
2.10444
2.10433
2.10454
2.10435
2.10519
2.10632
2.10775
2.1097
2.11143
2.11366
2.11589
2.11884
2.12105
2.1249
2.12823
2.13197
2.13564
2.13898
2.14318
2.14701
2.15144
2.15499
2.15935
2.16354
2.16777
2.17229
2.17684
2.18116
2.18548
2.1898
2.19386
2.19789
2.20261
2.20679
2.21045
2.21451
2.21876
2.2222
2.22652
2.23076
2.23514
2.23895
2.24241
2.24649
2.24998
2.25384
2.25686
2.26026
2.26329
2.26597
2.269
2.27168
2.27447
2.27738
2.27944
2.28186
2.28367
2.28535
2.28691
2.28905
2.2901
2.29126
2.29253
2.29366
2.29465
2.29502
2.29598
2.29654
2.29673
2.29724
2.29761
2.29781
2.29835
2.29824
2.29773
2.29658
2.29573
2.29472
2.29329
2.29216
2.29014
2.28841
2.28674
2.28464
2.28259
2.28035
2.27744
2.27482
2.27153
2.26828
2.26484
2.26122
2.25692
2.25268
2.24825
2.24389
2.23959
2.23463
2.22976
2.22472
2.22002
2.2147
2.20924
2.20341
2.19723
2.19143
2.1853
2.17934
2.17307
2.16699
2.16088
2.15476
2.14839
2.14204
2.13549
2.1297
2.12351
2.1174
2.1114
2.10601
2.101
2.09568
2.09078
2.08584
2.08161
2.0769
2.07245
2.06876
2.06465
2.06109
2.0581
2.05498
2.0527
2.0508
2.04977
2.04914
2.04893
2.04891
2.04909
2.04996
2.05128
2.0533
2.05555
2.05804
2.06124
2.06468
2.06956
2.07371
2.07858
2.08368
2.08973
2.09624
2.10273
2.1099
2.11727
2.12627
2.13471
2.14331
2.15254
2.1619
2.17185
2.18237
2.19345
2.20434
2.2155
2.22667
2.23855
2.25063
2.26266
2.27483
2.28714
2.29931
2.31131
2.32433
2.33641
2.34896
2.36125
2.37421
2.38588
2.39841
2.4108
2.42305
2.43511
2.44698
2.45887
2.46978
2.48092
2.49154
2.50138
2.51138
2.52105
2.53087
2.53888
2.54701
2.55524
2.56333
2.57056
2.57763
2.5843
2.59033
2.59669
2.60193
2.60677
2.61146
2.61576
2.61967
2.62369
2.62686
2.63015
2.63236
2.63495
2.6372
2.63889
2.64003
2.64039
2.64167
2.64242
2.64243
2.6429
2.64242
2.64194
2.64028
2.63913
2.6378
2.63651
2.63458
2.63296
2.63095
2.62856
2.62628
2.6246
2.62281
2.62043
2.61772
2.61445
2.61133
2.60863
2.60564
2.60331
2.60021
2.59708
2.59367
2.59025
2.58682
2.58362
2.58018
2.57675
2.57381
2.5709
2.56682
2.56373
2.56044
2.55697
2.55379
2.55139
2.54835
2.54562
2.54322
2.5409
2.53844
2.53657
2.53407
2.53169
2.52967
2.52801
2.52624
2.52485
2.52383
2.52248
2.52103
2.51974
2.51909
2.51883
2.51826
2.51834
2.51786
2.51732
2.51743
2.51772
2.5177
2.51787
2.51894
2.51995
2.52139
2.523
2.52432
2.52606
2.52847
2.53057
2.53285
2.53603
2.53842
2.54075
2.54348
2.54615
2.54994
2.55269
2.55583
2.55962
2.56379
2.56787
2.57209
2.57669
2.58094
2.58556
2.59006
2.59492
2.59916
2.60447
2.60963
2.61488
2.61974
2.62467
2.62991
2.63449
2.63984
2.645
2.65091
2.65661
2.66209
2.66782
2.67379
2.67951
2.68521
2.69089
2.69628
2.70139
2.70644
2.71191
2.71729
2.72211
2.72731
2.7324
2.73738
2.74247
2.74695
2.75151
2.75641
2.76041
2.76472
2.76885
2.77279
2.7758
2.77909
2.78216
2.785
2.78737
2.78973
2.79233
2.79394
2.79529
2.79661
2.79741
2.79793
2.79839
2.79855
2.79888
2.79793
2.79691
2.7958
2.79461
2.79308
2.79098
2.7883
2.78575
2.78263
2.77916
2.77535
2.77072
2.76623
2.7614
2.75601
2.75029
2.74426
2.73816
2.73226
2.72534
2.71768
2.71048
2.70329
2.69587
2.68729
2.67997
2.67176
2.66341
2.65518
2.64661
2.63773
2.62927
2.62079
2.61206
2.60334
2.59491
2.58629
2.578
2.57005
2.56175
2.5531
2.54557
2.53774
2.52986
2.52266
2.51545
2.5087
2.50219
2.49569
2.48968
2.48345
2.47797
2.47275
2.46756
2.46287
2.4587
2.45431
2.44969
2.44582
2.44195
2.43784
2.43468
2.43151
2.42854
2.42578
2.42369
2.42177
2.41953
2.41768
2.41621
2.41484
2.4131
2.41096
2.40984
2.40805
2.40677
2.40454
2.40279
2.40173
2.40015
2.39899
2.39775
2.39642
2.39497
2.39314
2.39141
2.38927
2.38743
2.38491
2.38194
2.37922
2.37578
2.37256
2.36859
2.36434
2.36028
2.35568
2.35052
2.34528
2.33972
2.33358
2.32734
2.32076
2.31358
2.30653
2.29889
2.29066
2.2823
2.2736
2.2643
2.25488
2.24512
2.23502
2.22434
2.21333
2.20175
2.19057
2.17909
2.16682
2.15402
2.14141
2.12902
2.11588
2.10345
2.08958
2.07596
2.06164
2.04761
2.0329
2.01801
2.00344
1.98872
1.97385
1.95886
1.94376
1.92807
1.91254
1.89718
1.882
1.86629
1.85007
1.83406
1.81853
1.80277
1.78702
1.7713
1.75587
1.73977
1.72445
1.70898
1.69383
1.67879
1.66411
1.6493
1.6344
1.6194
1.60457
1.59014
1.5759
1.56162
1.54754
1.53416
1.521
1.50712
1.49446
1.48253
1.47016
1.45807
1.44627
1.43551
1.42481
1.41397
1.40418
1.39427
1.38399
1.37457
1.36578
1.35713
1.34914
1.34084
1.33297
1.32578
1.31928
1.31301
1.30792
1.30307
1.29848
1.29439
1.29057
1.28775
1.28546
1.28371
1.28226
1.28137
1.28104
1.28103
1.28209
1.28348
1.2857
1.28827
1.29216
1.29617
1.30054
1.30551
1.31132
1.31702
1.32404
1.33167
1.3399
1.34777
1.35695
1.36672
1.3766
1.38778
1.39929
1.41064
1.42303
1.4362
1.44966
1.46365
1.47862
1.49362
1.50933
1.52552
1.54167
1.55874
1.57623
1.59436
1.61263
1.63102
1.64999
1.6688
1.6884
1.70827
1.72865
1.7495
1.77032
1.79133
1.81203
1.83336
1.85408
1.87467
1.89629
1.91821
1.93943
1.96114
1.98283
2.00448
2.02583
2.0466
2.06727
2.08804
2.10866
2.12838
2.1491
2.16911
2.18912
2.20911
2.22857
2.24748
2.26654
2.28502
2.30312
2.32107
2.33838
2.35525
2.37144
2.38739
2.40263
2.4176
2.4323
2.44646
2.4596
2.47193
2.48417
2.4963
2.50735
2.51828
2.52834
2.53754
2.54611
2.55379
2.56132
2.56748
2.57348
2.57882
2.58401
2.58783
2.59101
2.59405
2.59621
2.59776
2.59846
2.59905
2.59857
2.598
2.59688
2.59545
2.59326
2.59007
2.58664
2.58321
2.57884
2.57404
2.56907
2.5637
2.55724
2.5509
2.54399
2.53773
2.53021
2.52243
2.51439
2.50612
2.49788
2.48969
2.48133
2.47305
2.46464
2.45563
2.44652
2.43708
2.42781
2.41801
2.40864
2.39925
2.38913
2.37973
2.37082
2.36193
2.3526
2.34378
2.33406
2.32464
2.31553
2.30649
2.29753
2.2889
2.2806
2.27216
2.26406
2.25486
2.24649
2.23799
2.2296
2.22157
2.21388
2.20607
2.19837
2.19031
2.18331
2.17667
2.16989
2.16273
2.15568
2.14849
2.14211
2.13535
2.12892
2.12281
2.11582
2.10916
2.1016
2.09532
2.08911
2.08296
2.07711
2.07083
2.06533
2.05915
2.05277
2.04667
2.04085
2.03386
2.0281
2.02212
2.01641
2.01024
2.00457
1.99892
1.99328
1.98813
1.98228
1.97643
1.97083
1.96523
1.96012
1.95454
1.94871
1.94337
1.9378
1.93222
1.9264
1.92059
1.91453
1.90944
1.90435
1.89878
1.89345
1.88812
1.88256
1.87652
1.87096
1.86517
1.85962
1.85408
1.84759
1.84207
1.83727
1.83176
1.82627
1.82079
1.81508
1.80986
1.80442
1.79924
1.79408
1.78869
1.78285
1.77726
1.77218
1.7676
1.76257
1.75708
1.75211
1.74693
1.74105
1.73642
1.73183
1.7268
1.72181
1.71687
1.71222
1.70713
1.7021
1.69713
1.6915
1.68737
1.68379
1.67884
1.67517
1.67109
1.66686
1.66272
1.65892
1.65497
1.65137
1.64764
1.64402
1.64077
1.63692
1.63392
1.63059
1.62764
1.62485
1.62245
1.62023
1.61842
1.61655
1.61463
1.61314
1.6121
1.61056
1.60995
1.60933
1.6087
1.60784
1.60771
1.6076
1.60727
1.60817
1.60887
1.60986
1.61114
1.61272
1.6146
1.61703
1.6193
1.62237
1.62601
1.62973
1.63378
1.63793
1.64242
1.64725
1.6529
1.65914
1.66476
1.67144
1.67798
1.68511
1.69281
1.70037
1.70923
1.71818
1.72649
1.73536
1.74478
1.75476
1.76456
1.77537
1.78575
1.79641
1.80806
1.81949
1.83116
1.84356
1.85522
1.86758
1.88015
1.89242
1.90512
1.9175
1.93053
1.94369
1.95747
1.97136
1.98584
1.9992
2.01336
2.02758
2.04186
2.05593
2.07051
2.08486
2.09897
2.11307
2.12715
2.14143
2.15518
2.16912
2.18227
2.1963
2.21
2.22337
2.23663
2.24954
2.26329
2.27594
2.28918
2.30227
2.31473
2.3268
2.33917
2.35162
2.36342
2.37527
2.38694
2.39841
2.40921
2.42005
2.43068
2.4411
2.45204
2.46252
2.47278
2.48234
2.49191
2.50101
2.50989
2.51852
2.52692
2.53436
2.54228
2.55043
2.5581
2.56552
2.57269
2.57938
2.58629
2.59343
2.60007
2.60621
2.61186
2.61701
2.62191
2.62703
2.63213
2.63674
2.64109
2.64494
2.64805
2.65115
2.65424
2.65684
2.65943
2.66153
2.66314
2.66523
2.66708
2.66868
2.67006
2.6712
2.67186
2.67278
2.67324
2.67347
2.67349
2.67281
2.67217
2.67132
2.67026
2.66878
2.66734
2.66619
2.66511
2.66336
2.66145
2.65888
2.65664
2.65304
2.65025
2.64708
2.64425
2.64081
2.63773
2.63429
2.63026
2.62661
2.62286
2.61902
2.61487
2.61064
2.60682
2.60198
2.59781
2.59432
2.58983
2.58556
2.58151
2.57697
2.57314
2.56932
2.56527
2.561
2.55675
2.55278
2.54908
2.54471
2.54112
2.53782
2.53386
2.52996
2.52614
2.52264
2.51873
2.51514
2.51163
2.50797
2.5044
2.50114
2.49822
2.49514
2.49165
2.48873
2.48612
2.48335
2.4804
2.47775
2.47467
2.47261
2.47011
2.4674
2.46568
2.46301
2.46035
2.45769
2.4555
2.45328
2.45127
2.44922
2.44663
2.44397
2.44123
2.43793
2.435
2.43196
2.42904
2.42526
2.42182
2.41823
2.41472
2.41128
2.40742
2.40338
2.39914
2.39471
2.38983
2.38426
2.3792
2.37345
2.36796
2.36225
2.35608
2.34921
2.34212
2.33553
2.32825
2.32076
2.31329
2.30587
2.29753
2.28971
2.28099
2.27257
2.26373
2.25521
2.24629
2.23674
2.22753
2.21795
2.20873
2.19892
2.1902
2.18043
2.17009
2.16017
2.14993
2.13988
2.12979
2.12014
2.1095
2.09956
2.08961
2.07917
2.06874
2.05881
2.0489
2.03878
2.02845
2.01841
2.00769
1.99776
1.98812
1.97855
1.96857
1.95866
1.94931
1.94005
1.93063
1.92082
1.91231
1.90365
1.8946
1.88566
1.87633
1.86759
1.85895
1.85017
1.84173
1.83292
1.82445
1.81609
1.80807
1.80015
1.79209
1.78437
1.77651
1.76946
1.76204
1.75471
1.74723
1.74009
1.73305
1.7261
1.71925
1.71201
1.70511
1.69879
1.69305
1.6862
1.67994
1.67427
1.66775
1.66158
1.65601
1.65056
1.64524
1.63982
1.63453
1.6294
1.62465
1.61959
1.61494
1.61095
1.60715
1.60306
1.59941
1.59598
1.59277
1.58932
1.58659
1.58412
1.58215
1.57948
1.57734
1.5755
1.57467
1.57343
1.57275
1.57264
1.57238
1.57317
1.57408
1.57533
1.57694
1.5782
1.58053
1.58276
1.58608
1.58929
1.59311
1.59731
1.6014
1.60635
1.61142
1.61687
1.62268
1.62886
1.63538
1.64202
1.64925
1.65704
1.66493
1.67314
1.68191
1.69049
1.69937
1.70853
1.71797
1.72839
1.73858
1.74901
1.75942
1.77053
1.78184
1.7931
1.80429
1.81588
1.82762
1.83878
1.85077
1.86288
1.87508
1.88712
1.89898
1.91186
1.92477
1.93747
1.95018
1.96265
1.97486
1.98825
2.00039
2.01272
2.02474
2.03741
2.04998
2.06173
2.07337
2.08536
2.0977
2.10916
2.12047
2.13185
2.14257
2.1531
2.16344
2.17382
2.18349
2.19391
2.20314
2.21237
2.2216
2.23131
2.24004
2.24851
2.25647
2.26369
2.27136
2.27875
2.28586
2.29245
2.299
2.30503
2.311
2.31597
2.32114
2.32577
2.33011
2.33465
2.3389
2.34286
2.34702
2.35041
2.35377
2.35708
2.35988
2.36241
2.36466
2.36593
2.36765
2.36935
2.37055
2.37077
2.37122
2.37118
2.3709
2.37037
2.36985
2.36837
2.36763
2.36617
2.36546
2.36429
2.36241
2.36033
2.35804
2.35579
2.35309
2.3502
2.34712
2.34434
2.34089
2.33702
2.33273
2.32852
2.32439
2.31985
2.31564
2.31081
2.30607
2.30119
2.29619
2.2913
2.28557
2.27972
2.27426
2.26869
2.26328
2.25778
2.25292
2.2468
2.24061
2.23437
2.22832
2.22248
2.21637
2.20951
2.20337
2.19722
2.19131
2.18518
2.17883
2.17275
2.16623
2.16047
2.15405
2.14792
2.14187
2.13637
2.13047
2.12467
2.11896
2.11383
2.10857
2.10343
2.09937
2.09447
2.0897
2.08531
2.08106
2.0767
2.07226
2.06772
2.06381
2.06029
2.05693
2.05349
2.05044
2.04707
2.0441
2.0413
2.03913
2.03664
2.03407
2.0319
2.02964
2.02779
2.02609
2.02478
2.02339
2.02239
2.02201
2.02107
2.0205
2.01984
2.01956
2.01869
2.01844
2.01808
2.01881
2.01896
2.01947
2.01962
2.02014
2.02127
2.02203
2.02266
2.0239
2.02501
2.02647
2.02805
2.02973
2.03152
2.03365
2.03517
2.03703
2.03899
2.04105
2.0432
2.04497
2.04732
2.05025
2.05254
2.0554
2.05787
2.06067
2.06355
2.06627
2.06932
2.07244
2.0754
2.07867
2.08176
2.08517
2.08888
2.09242
2.09625
2.09965
2.10287
2.10661
2.11064
2.11471
2.11833
2.12199
2.12615
2.1301
2.13407
2.13782
2.14158
2.14534
2.14959
2.1536
2.15809
2.16185
2.16584
2.1703
2.17425
2.17843
2.18209
2.18572
2.18956
2.19385
2.19737
2.20133
2.20476
2.20887
2.21196
2.21476
2.21823
2.22164
2.22475
2.22804
2.23127
2.23443
2.2373
2.23985
2.24259
2.2455
2.24834
2.25161
2.25432
2.25673
2.25931
2.26159
2.26357
2.26596
2.26853
2.27079
2.27299
2.27465
2.27649
2.27851
2.28072
2.28286
2.28495
2.28602
2.28776
2.28944
2.29132
2.29314
2.29467
2.2964
2.29759
2.29923
2.30057
2.30211
2.30313
2.30386
2.30527
2.3064
2.30725
2.30878
2.30954
2.31027
2.31168
2.31257
2.31319
2.31448
2.31526
2.31624
2.31695
2.31762
2.31801
2.31861
2.31941
2.32017
2.32066
2.32111
2.32153
2.32142
2.32224
2.32279
2.32305
2.32304
2.32372
2.32411
2.32398
2.32406
2.32434
2.32457
2.32429
2.32397
2.32361
2.32344
2.323
2.32275
2.32246
2.32236
2.32198
2.32179
2.32156
2.32055
2.31997
2.3191
2.31818
2.3172
2.31617
2.31531
2.31464
2.3139
2.31285
2.3115
2.31031
2.30809
2.30627
2.30461
2.30335
2.30224
2.30056
2.29879
2.29764
2.29568
2.2941
2.29145
2.28941
2.28727
2.28429
2.28167
2.27942
2.27657
2.27408
2.27075
2.26753
2.26419
2.26049
2.2569
2.2532
2.24889
2.24494
2.24087
2.23596
2.23167
2.22726
2.22227
2.21789
2.21342
2.20837
2.20348
2.19803
2.19251
2.18715
2.18174
2.17676
2.17149
2.16619
2.16038
2.15503
2.1504
2.1448
2.13922
2.13389
2.1286
2.12334
2.11862
2.11347
2.10887
2.10363
2.09823
2.09342
2.08847
2.08412
2.07965
2.07531
2.07088
2.06659
2.06271
2.05874
2.05495
2.05205
2.04861
2.04561
2.04328
2.04114
2.03873
2.03652
2.03525
2.03298
2.03189
2.03077
2.03012
2.0292
2.02825
2.02801
2.02799
2.02769
2.02834
2.02823
2.02929
2.02983
2.03057
2.03175
2.03336
2.0349
2.03639
2.03853
2.04035
2.04256
2.04565
2.04815
2.05079
2.05354
2.05616
2.05865
2.0617
2.06484
2.06805
2.07179
2.07414
2.07725
2.08062
2.08425
2.08764
2.09151
2.09488
2.09822
2.10104
2.10405
2.10725
2.10989
2.11318
2.11615
2.11854
2.12228
2.12542
2.12748
2.13015
2.13244
2.13484
2.13638
2.13801
2.13925
2.14083
2.14224
2.14326
2.14484
2.14554
2.14655
2.14668
2.14664
2.14716
2.14703
2.14697
2.14698
2.14611
2.14627
2.14555
2.14467
2.14434
2.14313
2.14151
2.14022
2.13878
2.13718
2.13519
2.13353
2.13149
2.12905
2.12647
2.12352
2.12042
2.11743
2.11407
2.11106
2.10769
2.10371
2.1001
2.09637
2.09229
2.0881
2.08357
2.07918
2.07494
2.07038
2.06596
2.06099
2.05666
2.05275
2.04829
2.04329
2.03849
2.03387
2.02874
2.02357
2.01885
2.01387
2.00936
2.00435
1.9991
1.99385
1.98837
1.98363
1.9789
1.97445
1.96931
1.96468
1.95987
1.95462
1.9499
1.94526
1.94091
1.93641
1.93246
1.9286
1.92482
1.92091
1.91637
1.91145
1.90761
1.90412
1.90003
1.89703
1.89344
1.88974
1.88667
1.88446
1.88193
1.8798
1.87734
1.87481
1.87294
1.87077
1.86902
1.86697
1.86537
1.86347
1.86251
1.86126
1.86072
1.85991
1.86004
1.86016
1.86027
1.86086
1.86072
1.86179
1.86238
1.86419
1.86576
1.86831
1.87063
1.87297
1.87605
1.87939
1.883
1.88686
1.89099
1.89537
1.89978
1.90444
1.90959
1.91452
1.91993
1.92607
1.93246
1.93859
1.94519
1.95202
1.95834
1.96559
1.97281
1.98022
1.98782
1.9956
2.00355
2.01142
2.01969
2.02809
2.03663
2.04578
2.05431
2.06367
2.07336
2.08289
2.09273
2.10192
2.11139
2.12042
2.12973
2.1393
2.14888
2.15822
2.16732
2.17665
2.18499
2.19402
2.20325
2.21244
2.22229
2.23137
2.24062
2.25003
2.25962
2.26815
2.27636
2.28496
2.2937
2.30162
2.30968
2.31859
2.32739
2.33536
2.34393
2.35093
2.35782
2.36506
2.37289
2.38012
2.3877
2.39466
2.40196
2.40817
2.41471
2.42111
2.42785
2.4342
2.43991
2.445
2.45064
2.45685
2.46194
2.4671
2.47209
2.47691
2.48083
2.48529
2.49029
2.49438
2.49804
2.50126
2.505
2.5083
2.51068
2.51356
2.51671
2.51916
2.52116
2.5222
2.52422
2.52648
2.52803
2.52911
2.52946
2.53004
2.5299
2.52975
2.52959
2.52894
2.52755
2.52687
2.52642
2.52523
2.52378
2.52207
2.52034
2.51788
2.51515
2.51218
2.5087
2.50546
2.50196
2.49797
2.49374
2.48878
2.48406
2.47861
2.47294
2.46751
2.46186
2.4555
2.44965
2.44358
2.43707
2.4306
2.4237
2.41685
2.40909
2.40165
2.39356
2.38604
2.37837
2.37152
2.36311
2.35481
2.34665
2.33791
2.32981
2.32139
2.31267
2.30365
2.29508
2.28649
2.27788
2.26855
2.25923
2.24994
2.24117
2.23222
2.22357
2.21501
2.20702
2.19867
2.18995
2.18185
2.17415
2.1654
2.15779
2.15013
2.14267
2.13591
2.12936
2.12281
2.1165
2.11069
2.10513
2.0996
2.09411
2.08866
2.08397
2.07934
2.07525
2.07146
2.06893
2.06574
2.06334
2.061
2.05776
2.0553
2.05387
2.05322
2.05215
2.05184
2.05134
2.05089
2.05095
2.05152
2.05236
2.05345
2.05456
2.05542
2.05749
2.05954
2.06181
2.06406
2.06675
2.0694
2.07223
2.07525
2.07845
2.08229
2.08557
2.08924
2.09329
2.097
2.10109
2.10529
2.10962
2.1143
2.11885
2.12374
2.12921
2.13429
2.13921
2.14423
2.14932
2.15473
2.16021
2.16576
2.17138
2.17634
2.18184
2.18788
2.19349
2.19867
2.20462
2.21063
2.21643
2.22228
2.22818
2.23507
2.24152
2.24728
2.25307
2.25889
2.26425
2.26987
2.27551
2.2819
2.28805
2.29421
2.30062
2.30606
2.31223
2.31814
2.32429
2.33017
2.33652
2.3426
2.3484
2.35465
2.36062
2.36629
2.37215
2.3777
2.38342
2.38907
2.39463
2.40034
2.40499
2.41025
2.41563
2.4209
2.42579
2.43078
2.4349
2.43911
2.44411
2.4487
2.45263
2.45637
2.45991
2.46253
2.46614
2.46929
2.4715
2.47395
2.47665
2.47887
2.48059
2.48326
2.48423
2.48493
2.48584
2.48599
2.48611
2.48643
2.48599
2.48622
2.48472
2.48365
2.48229
2.48016
2.47845
2.47549
2.47272
2.46942
2.46583
2.46171
2.45778
2.45332
2.44834
2.4438
2.43851
2.43293
2.42709
2.42122
2.41508
2.40892
2.40251
2.39536
2.38844
2.38128
2.37316
2.36528
2.35717
2.34907
2.341
2.33199
2.32302
2.31385
2.30472
2.29517
2.28495
2.27505
2.26498
2.25451
2.24414
2.23387
2.22372
2.21273
2.20187
2.19139
2.18035
2.16923
2.15757
2.14635
2.13484
2.12308
2.11202
2.10097
2.08993
2.07869
2.06725
2.05586
2.04431
2.03285
2.02221
2.01096
2.00056
1.99007
1.97973
1.96933
1.95935
1.94981
1.94024
1.93041
1.92082
1.91195
1.90383
1.89525
1.88694
1.87893
1.87145
1.86428
1.85743
1.85089
1.84492
1.83928
1.83349
1.82829
1.82344
1.81869
1.81453
1.81097
1.80752
1.80418
1.80144
1.79928
1.797
1.79481
1.7937
1.79219
1.79175
1.79138
1.79134
1.79138
1.79172
1.79212
1.79329
1.79499
1.79672
1.79896
1.80097
1.80371
1.8062
1.80916
1.81161
1.81403
1.81761
1.82161
1.82578
1.83012
1.83412
1.83803
1.84231
1.84671
1.85098
1.85583
1.86102
1.86604
1.87138
1.87655
1.88152
1.88703
1.89209
1.89742
1.90277
1.90837
1.91374
1.9191
1.92421
1.92954
1.9346
1.93987
1.94509
1.95027
1.95562
1.96091
1.96589
1.97078
1.97582
1.981
1.98583
1.99103
1.99514
1.99936
2.00367
2.00711
2.01112
2.01495
2.01812
2.02183
2.02486
2.02744
2.02982
2.03269
2.03461
2.03629
2.03821
2.03965
2.04155
2.04247
2.04313
2.04352
2.04364
2.04372
2.04329
2.04283
2.04161
2.04011
2.03883
2.03703
2.03545
2.0336
2.0315
2.02842
2.02558
2.02202
2.01823
2.01518
2.01071
2.00676
2.00285
1.9978
1.99306
1.98791
1.98261
1.97718
1.97209
1.96616
1.96037
1.95449
1.94853
1.94249
1.9364
1.93002
1.92433
1.91765
1.91216
1.90642
1.89998
1.89403
1.88836
1.88296
1.87665
1.87088
1.8647
1.85932
1.85378
1.84786
1.84276
1.83801
1.83266
1.82767
1.82257
1.81762
1.81305
1.8084
1.80415
1.79958
1.7959
1.79241
1.78909
1.78572
1.78302
1.77955
1.77676
1.77418
1.77228
1.76987
1.76815
1.76641
1.76488
1.76357
1.76225
1.76163
1.76099
1.76009
1.76038
1.75994
1.7602
1.76141
1.76237
1.76308
1.76425
1.76589
1.76752
1.76913
1.77096
1.77374
1.77626
1.7778
1.78075
1.78368
1.78707
1.79044
1.79401
1.79804
1.80251
1.80623
1.81039
1.81523
1.82052
1.82649
1.83193
1.83709
1.84244
1.84847
1.85468
1.86108
1.86718
1.87419
1.8809
1.88827
1.89581
1.90353
1.91118
1.91924
1.92698
1.93538
1.94345
1.95216
1.96055
1.96957
1.97826
1.98735
1.99633
2.00618
2.01569
2.02533
2.03486
2.04453
2.05407
2.0647
2.0752
2.08558
2.0963
2.10689
2.11734
2.12837
2.13924
2.15021
2.16126
2.17214
2.18285
2.19435
2.20663
2.21752
2.2287
2.2404
2.2519
2.26367
2.27546
2.28727
2.29862
2.30997
2.32156
2.33338
2.34495
2.35698
2.36803
2.38024
2.39194
2.40286
2.41422
2.42576
2.43724
2.44864
2.45949
2.47073
2.48116
2.49246
2.50317
2.51354
2.52403
2.53439
2.54487
2.55497
2.56494
2.57475
2.58416
2.5939
2.60274
2.61213
2.62109
2.63011
2.63845
2.64706
2.65498
2.66292
2.66991
2.67738
2.68485
2.69159
2.6983
2.70427
2.7102
2.71632
2.72119
2.72671
2.73169
2.73659
2.74091
2.74491
2.7488
2.75281
2.75527
2.75808
2.76003
2.76209
2.76353
2.76409
2.7645
2.76499
2.7646
2.76332
2.76212
2.76026
2.75848
2.75629
2.75369
2.75044
2.74752
2.74395
2.73975
2.73515
2.72993
2.72433
2.71836
2.71227
2.70582
2.69903
2.69239
2.68494
2.67717
2.66911
2.66125
2.65263
2.64447
2.63558
2.62598
2.61689
2.60711
2.5974
2.58631
2.57579
2.56561
2.55532
2.5442
2.53324
2.52244
2.51159
2.50047
2.4898
2.47888
2.46845
2.45732
2.44624
2.43544
2.42424
2.41359
2.40304
2.39235
2.38226
2.37205
2.36223
2.35207
2.34279
2.33343
2.32449
2.31501
2.30596
2.29734
2.28893
2.28096
2.27271
2.26444
2.25735
2.25048
2.24334
2.23594
2.22924
2.22253
2.21603
2.21
2.20394
2.19809
2.19246
2.1868
2.18158
2.17633
2.17176
2.16666
2.16223
2.15799
2.15393
2.14981
2.14562
2.14207
2.13893
2.13571
2.13287
2.12995
2.12716
2.12452
2.12201
2.11915
2.11737
2.115
2.11323
2.11157
2.10978
2.1081
2.10629
2.10459
2.10275
2.10125
2.10009
2.09904
2.09809
2.09748
2.09722
2.09659
2.09606
2.09492
2.09509
2.0949
2.0953
2.09535
2.09599
2.09604
2.09621
2.09676
2.09744
2.09803
2.09875
2.09985
2.10135
2.10275
2.10479
2.1065
2.10813
2.10991
2.11257
2.11467
2.11693
2.11959
2.12266
2.12491
2.12829
2.13158
2.13526
2.13886
2.14188
2.14577
2.1498
2.15372
2.15801
2.16243
2.16696
2.17185
2.17612
2.18025
2.18496
2.19
2.19415
2.19934
2.20483
2.21015
2.21576
2.22142
2.22663
2.23188
2.23739
2.24293
2.248
2.25356
2.25889
2.2647
2.27027
2.27607
2.28187
2.28717
2.29269
2.2982
2.30369
2.30868
2.31365
2.31932
2.32472
2.3301
2.33521
2.34055
2.34538
2.35018
2.35545
2.36094
2.36592
2.37137
2.37607
2.38123
2.38637
2.39197
2.39731
2.40215
2.40671
2.41174
2.41673
2.4217
2.42711
2.43224
2.43661
2.44165
2.4464
2.45158
2.45646
2.46103
2.46528
2.46969
2.47402
2.47802
2.4824
2.48691
2.49082
2.49438
2.49805
2.50183
2.50523
2.50872
2.51183
2.51502
2.5178
2.52043
2.5224
2.52493
2.5268
2.52898
2.53074
2.53233
2.53446
2.5357
2.53677
2.53766
2.5384
2.53945
2.54011
2.54037
2.54048
2.54094
2.54102
2.54098
2.54033
2.53957
2.53894
2.5387
2.53812
2.53698
2.53624
2.53495
2.53384
2.53315
2.53193
2.53115
2.52985
2.52827
2.52668
2.5253
2.5239
2.52249
2.52131
2.51988
2.51845
2.51702
2.51606
2.51462
2.51294
2.51078
2.50911
2.50743
2.50599
2.50527
2.50359
2.50166
2.49997
2.49898
2.49799
2.4965
2.495
2.49371
2.49265
2.49107
2.48947
2.48832
2.48665
2.48518
2.48367
2.48163
2.47978
2.47812
2.47617
2.47391
2.47159
2.46968
2.46722
2.46517
2.46353
2.46156
2.45878
2.45591
2.45368
2.45087
2.44796
2.4447
2.44111
2.4374
2.43405
2.43108
2.42774
2.4238
2.41997
2.41601
2.41216
2.40841
2.40404
2.39952
2.39534
2.39029
2.38532
2.38019
2.3749
2.36969
2.36383
2.35779
2.35158
2.34568
2.33886
2.33259
2.32565
2.31804
2.31097
2.30345
2.29598
2.28832
2.28046
2.27264
2.26486
2.25616
2.24726
2.23839
2.22932
2.22054
2.21059
2.20117
2.19131
2.18078
2.17079
2.15964
2.14904
2.13802
2.12684
2.11621
2.10518
2.09425
2.08221
2.07076
2.05822
2.04653
2.03475
2.02287
2.00995
1.99768
1.98511
1.97251
1.96012
1.94747
1.93483
1.92293
1.91009
1.89803
1.88555
1.87339
1.86084
1.8489
1.83708
1.82542
1.81368
1.80236
1.79075
1.78009
1.76917
1.75898
1.74929
1.73843
1.72883
1.71905
1.70959
1.70095
1.69289
1.68519
1.67761
1.67018
1.66337
1.65673
1.65049
1.64563
1.64047
1.63574
1.6312
1.62734
1.62416
1.62118
1.61865
1.61705
1.61517
1.61398
1.613
1.6127
1.61236
1.61318
1.61443
1.6161
1.6182
1.62024
1.62292
1.62649
1.62973
1.6336
1.63761
1.64174
1.64719
1.65275
1.65841
1.66463
1.67093
1.6773
1.68372
1.69067
1.69837
1.70585
1.71358
1.7218
1.73
1.73866
1.74825
1.75732
1.76633
1.77552
1.78487
1.79559
1.80549
1.81552
1.82545
1.83501
1.8454
1.85518
1.866
1.87643
1.88766
1.89847
1.9091
1.91978
1.93074
1.94221
1.95371
1.96499
1.97603
1.98683
1.99786
2.00936
2.02058
2.03201
2.04316
2.05473
2.06527
2.07646
2.08661
2.09714
2.10734
2.11814
2.12859
2.13867
2.14836
2.15839
2.16802
2.17772
2.18725
2.19659
2.20574
2.21419
2.22196
2.23046
2.2385
2.24581
2.25336
2.25993
2.26768
2.2742
2.28092
2.28689
2.2928
2.29866
2.30398
2.30923
2.31394
2.31832
2.32264
2.32615
2.32933
2.33171
2.33424
2.33644
2.3388
2.34082
2.34203
2.34314
2.34393
2.34463
2.34476
2.34433
2.34381
2.34322
2.34158
2.34036
2.33883
2.33675
2.33437
2.33195
2.32923
2.326
2.32225
2.31799
2.31419
2.30991
2.30489
2.29964
2.29344
2.28798
2.28256
2.27669
2.27086
2.26486
2.25868
2.25258
2.24583
2.23943
2.23264
2.22621
2.21894
2.21156
2.20408
2.19699
2.19005
2.18256
2.175
2.16787
2.1602
2.15322
2.14571
2.1377
2.12942
2.12161
2.1138
2.10622
2.09817
2.09061
2.08282
2.07481
2.06683
2.05887
2.05094
2.04377
2.03712
2.02931
2.02226
2.01549
2.00805
2.0009
1.99355
1.98601
1.97876
1.97179
1.96488
1.95801
1.95094
1.94416
1.93694
1.93001
1.92359
1.91698
1.90991
1.90336
1.89684
1.89059
1.88388
1.8772
1.87053
1.86413
1.85774
1.85112
1.845
1.83865
1.83182
1.82499
1.81841
1.81184
1.80527
1.79822
1.79116
1.7846
1.77851
1.77218
1.7661
1.75929
1.75249
1.74593
1.73938
1.73284
1.72632
1.72005
1.71331
1.7066
1.69991
1.69349
1.68711
1.68052
1.67446
1.66845
1.66225
1.65636
1.65053
1.64453
1.63885
1.63302
1.62704
1.62091
1.61538
1.60971
1.60392
1.59874
1.59346
1.5888
1.58405
1.57945
1.57477
1.57003
1.56594
1.56227
1.55831
1.55478
1.5517
1.54834
1.54567
1.54299
1.54077
1.53829
1.53629
1.53453
1.533
1.53196
1.53069
1.5299
1.52961
1.52932
1.52856
1.52901
1.52971
1.53066
1.53138
1.53283
1.53428
1.53597
1.53789
1.54029
1.54243
1.54504
1.5481
1.55089
1.55388
1.55731
1.56092
1.56471
1.56891
1.57303
1.57778
1.58315
1.58769
1.59258
1.59735
1.6027
1.60838
1.6139
1.61876
1.62344
1.62889
1.63462
1.63965
1.64494
1.65048
1.65578
1.66107
1.66682
1.67231
1.67753
1.68294
1.68831
1.69315
1.69841
1.70361
1.7085
1.71355
1.71806
1.72248
1.72707
1.73182
1.73601
1.74011
1.74462
1.74832
1.75242
1.75645
1.75968
1.76284
1.76689
1.77016
1.77385
1.777
1.78059
1.7839
1.7874
1.79088
1.79433
1.79729
1.80095
1.8046
1.80778
1.8112
1.81462
1.81831
1.82153
1.82502
1.82877
1.83207
1.83612
1.8402
1.84359
1.84774
1.85119
1.85563
1.85912
1.86287
1.86663
1.87063
1.87439
1.87813
1.88233
1.8865
1.89085
1.89443
1.8977
1.90064
1.90373
1.90647
1.90932
1.91229
1.91511
1.91754
1.91955
1.92164
1.92353
1.92524
1.92674
1.92828
1.92936
1.93047
1.93064
1.93132
1.93201
1.93201
1.93204
1.93185
1.93145
1.93037
1.93006
1.9286
1.92671
1.92562
1.92388
1.92247
1.92067
1.91898
1.91693
1.91499
1.91272
1.91034
1.90764
1.90534
1.90248
1.89956
1.89731
1.89453
1.89194
1.88932
1.88594
1.88278
1.87936
1.87543
1.87269
1.86994
1.86669
1.86416
1.86065
1.8581
1.85482
1.85153
1.84847
1.84492
1.84209
1.839
1.83639
1.83279
1.82918
1.82579
1.82239
1.81896
1.81551
1.81204
1.8083
1.80478
1.8005
1.7974
1.79402
1.79086
1.7867
1.78371
1.78117
1.77739
1.77381
1.77021
1.76609
1.76266
1.75944
1.75571
1.75195
1.74864
1.74483
1.74052
1.73666
1.73279
1.72891
1.72502
1.72112
1.71697
1.71306
1.70892
1.70599
1.70138
1.69726
1.69317
1.68982
1.68578
1.68201
1.67828
1.67459
1.67119
1.66784
1.66407
1.66084
1.6572
1.65411
1.65087
1.64771
1.6444
1.64167
1.63953
1.63653
1.63389
1.63089
1.6285
1.62624
1.62388
1.62166
1.62007
1.6184
1.61689
1.61554
1.61461
1.61289
1.61207
1.61192
1.61075
1.61025
1.60996
1.60962
1.60997
1.61077
1.61153
1.61323
1.61394
1.61583
1.61745
1.61953
1.62134
1.62361
1.62609
1.62878
1.6312
1.63431
1.63762
1.64137
1.64555
1.6492
1.65328
1.65752
1.66169
1.6665
1.67146
1.67631
1.68057
1.68616
1.6916
1.69619
1.70133
1.70679
1.71254
1.71834
1.72393
1.73003
1.73564
1.74101
1.74659
1.7519
1.75812
1.76307
1.76891
1.77395
1.77866
1.78397
1.78869
1.79353
1.798
1.80256
1.80673
1.81076
1.81462
1.81856
1.82307
1.82716
1.83084
1.83435
1.83697
1.84015
1.84243
1.84526
1.84745
1.84924
1.85159
1.85378
1.85559
1.85724
1.85875
1.86012
1.86111
1.86246
1.8632
1.86405
1.86479
1.86493
1.86568
1.86633
1.86687
1.86706
1.86692
1.86764
1.86755
1.8676
1.86732
1.86767
1.86769
1.86714
1.86649
1.86552
1.86493
1.86401
1.86275
1.86164
1.86043
1.85839
1.85698
1.85546
1.85383
1.85185
1.84976
1.84803
1.84593
1.8442
1.84186
1.83963
1.83726
1.83453
1.83165
1.82888
1.82548
1.82242
1.81873
1.81538
1.81115
1.80726
1.80321
1.79902
1.79443
1.79042
1.78625
1.78073
1.77555
1.7707
1.76546
1.76033
1.75458
1.7487
1.74269
1.73704
1.73079
1.72515
1.71892
1.71283
1.70616
1.69965
1.69307
1.68617
1.6797
1.67365
1.66732
1.66047
1.65384
1.64744
1.64128
1.63392
1.62706
1.61999
1.6132
1.60647
1.59933
1.59274
1.58649
1.5801
1.57334
1.56671
1.56094
1.55532
1.54987
1.54412
1.53855
1.53367
1.52876
1.52432
1.51916
1.51449
1.51056
1.50691
1.50354
1.49999
1.49747
1.49502
1.49314
1.49137
1.48969
1.48838
1.48767
1.48733
1.4869
1.48733
1.48792
1.48915
1.49078
1.49259
1.49529
1.49842
1.50172
1.50546
1.50962
1.51396
1.51922
1.5249
1.53101
1.53731
1.54427
1.5514
1.55896
1.5674
1.57577
1.58454
1.59322
1.60301
1.61317
1.62346
1.63435
1.64462
1.6557
1.6676
1.67932
1.69158
1.70436
1.71718
1.73074
1.74479
1.75834
1.77187
1.78583
1.80023
1.81479
1.8295
1.84411
1.85909
1.87465
1.88982
1.90531
1.92037
1.93499
1.94989
1.96503
1.98017
1.99626
2.01158
2.02614
2.0411
2.05599
2.07102
2.08593
2.1
2.11417
2.12867
2.14251
2.15664
2.17034
2.18381
2.19682
2.20934
2.22208
2.23455
2.24672
2.2586
2.27015
2.28137
2.29249
2.30228
2.31265
2.32264
2.33175
2.34068
2.34918
2.35773
2.3651
2.37202
2.3787
2.38489
2.39084
2.39605
2.40051
2.40494
2.40861
2.412
2.41461
2.4167
2.41826
2.41881
2.42002
2.41999
2.41943
2.41835
2.41676
2.41465
2.41205
2.40895
2.40586
2.40181
2.3973
2.39187
2.3872
2.38188
2.37568
2.36908
2.36213
2.35434
2.34645
2.33826
2.33001
2.32125
2.31247
2.30346
2.29447
2.28529
2.2757
2.26571
2.25607
2.24584
2.23551
2.22535
2.2149
2.20442
2.19368
2.18318
2.17342
2.16298
2.15259
2.14348
2.13325
2.1236
2.11335
2.10347
2.09349
2.08439
2.07497
2.06549
2.05669
2.04832
2.03968
2.03126
2.0233
2.01533
2.00808
2.00107
1.99406
1.98755
1.98105
1.9748
1.96833
1.96212
1.95569
1.95024
1.94553
1.94084
1.93617
1.93224
1.92833
1.92491
1.92149
1.91881
1.91614
1.91322
1.9103
1.90737
1.90564
1.90389
1.90237
1.9013
1.90069
1.8998
1.89912
1.89889
1.89861
1.89924
1.89935
1.90012
1.90084
1.90126
1.90137
1.90214
1.90357
1.90516
1.90692
1.90837
1.91046
1.91248
1.91417
1.91651
1.919
1.92165
1.92446
1.9279
1.93053
1.93403
1.93744
1.941
1.94471
1.94831
1.95255
1.9562
1.96024
1.96489
1.96919
1.97434
1.97915
1.98407
1.98888
1.99404
1.99932
2.0047
2.00995
2.01601
2.02119
2.02694
2.03302
2.03868
2.04489
2.05091
2.05698
2.06334
2.06924
2.07589
2.08207
2.08849
2.09491
2.10083
2.10697
2.11283
2.11888
2.12536
2.13201
2.13763
2.14291
2.14858
2.15365
2.15933
2.16488
2.17077
2.17579
2.18064
2.18533
2.1896
2.19343
2.19755
2.2017
2.20564
2.20936
2.21284
2.21561
2.21862
2.22137
2.22339
2.22564
2.22689
2.22812
2.22908
2.22976
2.23089
2.23125
2.23181
2.23137
2.23112
2.23084
2.22954
2.22845
2.22707
2.22542
2.22349
2.22056
2.21808
2.21509
2.2116
2.20881
2.20504
2.20079
2.19676
2.19274
2.18825
2.18352
2.17786
2.17318
2.16709
2.16104
2.15528
2.1486
2.14247
2.13545
2.12898
2.12187
2.11485
2.10817
2.10087
2.0932
2.08566
2.07776
2.06976
2.0619
2.05323
2.04568
2.03734
2.02916
2.02117
2.01337
2.00528
1.99691
1.98827
1.9796
1.97092
1.96199
1.95378
1.94461
1.93569
1.92703
1.9184
1.91004
1.90124
1.89273
1.88451
1.87684
1.86923
1.86122
1.85377
1.84592
1.83866
1.83101
1.82299
1.81604
1.80898
1.80181
1.79549
1.78835
1.78161
1.77502
1.76859
1.76233
1.75649
1.75083
1.74536
1.74009
1.73525
1.72942
1.72452
1.7196
1.71515
1.71117
1.70694
1.70295
1.69968
1.69715
1.69366
1.69139
1.68818
1.68619
1.68375
1.68206
1.6804
1.67902
1.67767
1.67659
1.67604
1.67577
1.67626
1.67678
1.67759
1.67891
1.68002
1.68166
1.6838
1.68645
1.68913
1.69159
1.69335
1.69657
1.70003
1.70399
1.70819
1.7119
1.71559
1.72
1.72486
1.72993
1.73593
1.7414
1.7473
1.75314
1.75915
1.76533
1.77191
1.77864
1.78526
1.7925
1.79938
1.80637
1.81322
1.81993
1.82697
1.83407
1.84173
1.84896
1.85672
1.86475
1.87233
1.87993
1.8873
1.89491
1.90202
1.90935
1.9169
1.92417
1.93114
1.9383
1.94562
1.95311
1.96028
1.96759
1.97431
1.98164
1.98837
1.99473
2.00119
2.00774
2.01341
2.0194
2.02546
2.03134
2.0363
2.04131
2.04636
2.05072
2.05534
2.05949
2.06342
2.06734
2.07102
2.07421
2.07762
2.08053
2.08342
2.08555
2.08741
2.08995
2.09172
2.0932
2.09416
2.09458
2.09494
2.09501
2.09479
2.09427
2.09321
2.09209
2.09115
2.08992
2.0884
2.08611
2.08329
2.08067
2.07778
2.07461
2.07118
2.06725
2.06283
2.05792
2.05301
2.04813
2.0435
2.03867
2.03388
2.02842
2.02231
2.01628
2.01009
2.00353
1.99733
1.99053
1.98388
1.97763
1.97083
1.96396
1.95706
1.94989
1.94247
1.9353
1.92813
1.92101
1.9144
1.90738
1.90044
1.89382
1.8873
1.88162
1.87511
1.8697
1.86372
1.85743
1.85156
1.84587
1.84087
1.83584
1.83103
1.82646
1.82212
1.81852
1.81541
1.81184
1.80831
1.80553
1.8028
1.80083
1.7982
1.7961
1.79479
1.79329
1.79331
1.79315
1.79282
1.79257
1.79286
1.79346
1.79413
1.79535
1.79663
1.79797
1.80034
1.80251
1.80523
1.80798
1.81126
1.8141
1.81792
1.822
1.8261
1.83117
1.83599
1.84129
1.84681
1.85231
1.858
1.86413
1.86996
1.87644
1.88283
1.88914
1.8963
1.90238
1.90954
1.91655
1.92389
1.93081
1.93803
1.94482
1.95211
1.95942
1.96625
1.97427
1.98202
1.98948
1.99665
2.00398
2.01076
2.01767
2.02424
2.03068
2.0365
2.0429
2.0489
2.05496
2.06109
2.06655
2.07205
2.07759
2.08315
2.08752
2.09215
2.09631
2.10071
2.10416
2.10784
2.11128
2.11448
2.11767
2.12013
2.12236
2.12483
2.12657
2.12809
2.12961
2.13043
2.13126
2.13188
2.13229
2.13298
2.13322
2.13328
2.13291
2.1326
2.13211
2.1317
2.13088
2.12991
2.12855
2.12777
2.12588
2.12482
2.12242
2.11989
2.11796
2.11567
2.11351
2.11074
2.10859
2.10633
2.10371
2.10051
2.09768
2.09499
2.09243
2.08904
2.08603
2.08339
2.08017
2.07732
2.07389
2.0706
2.06672
2.06226
2.05817
2.05399
2.05019
2.04556
2.04061
2.03603
2.03185
2.02758
2.02298
2.01806
2.01331
2.00801
2.0036
1.99816
1.99339
1.98834
1.98228
1.97691
1.97127
1.96562
1.9602
1.95454
1.9489
1.94327
1.93767
1.93187
1.92637
1.92141
1.91676
1.91195
1.90748
1.90215
1.89717
1.89232
1.8881
1.88378
1.8801
1.87586
1.87181
1.8682
1.86478
1.86157
1.85858
1.85582
1.85306
1.85053
1.84875
1.84722
1.84571
1.84448
1.84352
1.84284
1.84173
1.84115
1.84135
1.8416
1.84238
1.84371
1.84534
1.84679
1.84879
1.85156
1.85367
1.85681
1.85975
1.863
1.86701
1.87131
1.8759
1.881
1.88613
1.8913
1.89672
1.90264
1.90833
1.9145
1.92115
1.92803
1.9361
1.94316
1.95044
1.95815
1.96629
1.97388
1.98165
1.98982
1.99814
2.00661
2.01521
2.02419
2.03304
2.042
2.0513
2.06021
2.06921
2.079
2.0879
2.09758
2.10659
2.11685
2.12667
2.13579
2.14493
2.15457
2.16446
2.17412
2.18377
2.19318
2.20233
2.21146
2.22105
2.23086
2.2404
2.25014
2.25984
2.26878
2.27816
2.28798
2.2975
2.30649
2.31543
2.3248
2.33387
2.34241
2.35137
2.36004
2.36913
2.37792
2.38641
2.39557
2.40444
2.413
2.42176
2.43022
2.4384
2.44628
2.45435
2.46238
2.47036
2.47902
2.4874
2.49575
2.50357
2.5116
2.52008
2.52877
2.53671
2.54463
2.553
2.56112
2.56849
2.5768
2.58462
2.59243
2.59998
2.60777
2.61603
2.62381
2.63158
2.6391
2.64687
2.65463
2.66287
2.67112
2.67937
2.68689
2.69466
2.70243
2.71092
2.71893
2.72622
2.73399
2.74127
2.74926
2.75701
2.76474
2.77198
2.77896
2.78639
2.79356
2.80045
2.80779
2.81484
2.82208
2.82975
2.83687
2.84391
2.85112
2.85848
2.86526
2.87265
2.8792
2.88587
2.89216
2.89855
2.90453
2.91107
2.91719
2.92288
2.92837
2.93389
2.93991
2.94401
2.94834
2.95219
2.95601
2.95981
2.96381
2.96703
2.9702
2.97235
2.97467
2.97667
2.97858
2.97945
2.98022
2.97969
2.98051
2.98074
2.98015
2.97945
2.97864
2.97724
2.97549
2.97291
2.9707
2.96792
2.9655
2.96179
2.9587
2.9548
2.95008
2.94553
2.94065
2.93523
2.9295
2.92395
2.9174
2.9108
2.90441
2.89752
2.89038
2.883
2.87515
2.86708
2.85881
2.85036
2.84149
2.83197
2.82304
2.81375
2.80507
2.79557
2.786
2.77638
2.7672
2.75801
2.74882
2.73942
2.73005
2.72075
2.71104
2.70216
2.69364
2.68477
2.67678
2.66872
2.66037
2.65199
2.64407
2.63662
2.62943
2.6225
2.61585
2.609
2.60197
2.59548
2.58979
2.58441
2.57961
2.57489
2.57003
2.56576
2.56182
2.55823
2.55546
2.55279
2.55022
2.54847
2.54608
2.54451
2.54399
2.54378
2.54365
2.54358
2.54382
2.54434
2.54467
2.546
2.54711
2.54895
2.55057
2.55241
2.55545
2.55846
2.56143
2.56435
2.5677
2.57073
2.57416
2.5775
2.58145
2.58505
2.58948
2.59401
2.5984
2.60358
2.60786
2.61197
2.61636
2.62054
2.62523
2.6297
2.63345
2.6372
2.6419
2.6461
2.65099
2.65561
2.65994
2.66374
2.66748
2.67212
2.67525
2.67927
2.68345
2.68706
2.69082
2.6945
2.69856
2.70227
2.70589
2.70964
2.71305
2.71755
2.72049
2.72332
2.72603
2.72888
2.73136
2.73396
2.73573
2.73833
2.74033
2.74245
2.74445
2.74607
2.74757
2.74918
2.75066
2.75201
2.7525
2.75358
2.75404
2.75508
2.7555
2.75553
2.75566
2.75564
2.75571
2.75562
2.75538
2.75473
2.7532
2.75223
2.75085
2.74977
2.74828
2.74637
2.745
2.74296
2.74098
2.73904
2.73666
2.73384
2.73082
2.72783
2.72415
2.72146
2.71735
2.71326
2.70869
2.70414
2.6996
2.69458
2.68932
2.68381
2.67758
2.67158
2.66556
2.65905
2.65252
2.64476
2.63698
2.62966
2.62231
2.61445
2.60608
2.59697
2.58734
2.57889
2.56994
2.56048
2.55052
2.54006
2.52936
2.5184
2.50697
2.49554
2.48389
2.47275
2.46044
2.44841
2.43668
2.4243
2.41224
2.39907
2.38648
2.3733
2.36026
2.34738
2.33442
2.32094
2.30766
2.29461
2.2806
2.26757
2.2541
2.24117
2.22783
2.21459
2.20099
2.18823
2.17563
2.16343
2.15189
2.1396
2.12775
2.11566
2.10477
2.09366
2.08283
2.07251
2.06249
2.05278
2.04291
2.03359
2.02438
2.01598
2.00722
1.99905
1.99196
1.98476
1.97792
1.97218
1.96657
1.96086
1.95553
1.95082
1.946
1.9418
1.93654
1.93285
1.92977
1.92707
1.92449
1.92276
1.92115
1.92061
1.9197
1.91914
1.91892
1.91903
1.91946
1.9207
1.92129
1.92266
1.92434
1.92726
1.92951
1.93227
1.93482
1.93787
1.94093
1.94399
1.94776
1.95224
1.95669
1.96134
1.96619
1.97147
1.97596
1.98111
1.98665
1.99187
1.99746
2.00271
2.00856
2.01428
2.02084
2.02677
2.03302
2.03985
2.04578
2.05201
2.0583
2.06513
2.07176
2.07794
2.08439
2.0911
2.0976
2.10435
2.11134
2.11762
2.1239
2.13114
2.13716
2.1439
2.15014
2.15685
2.16354
2.17046
2.17736
2.18424
2.19135
2.19843
2.20478
2.21088
2.21744
2.22424
2.23103
2.23757
2.24387
2.25018
2.25601
2.26233
2.26915
2.27574
2.28188
2.28876
2.29471
2.30166
2.30864
2.31615
2.3225
2.32889
2.33558
2.34279
2.34935
2.35619
2.36382
2.37078
2.37804
2.38512
2.39226
2.39946
2.40719
2.41473
2.42112
2.42828
2.43644
2.44391
2.4519
2.45991
2.46747
2.47551
2.48308
2.4904
2.49843
2.5062
2.51418
2.52164
2.52881
2.53664
2.54463
2.55206
2.55987
2.56686
2.57396
2.58094
2.58729
2.59444
2.60119
2.60751
2.61388
2.61932
2.62575
2.63074
2.63525
2.64047
2.64543
2.64915
2.65331
2.65765
2.66097
2.66397
2.66642
2.66853
2.67054
2.67246
2.6745
2.67619
2.67728
2.67801
2.67789
2.67765
2.67704
2.67606
2.67496
2.67349
2.67141
2.66874
2.66643
2.66353
2.66005
2.65648
2.65186
2.64692
2.64263
2.63733
2.63199
2.62614
2.62027
2.6144
2.60806
2.602
2.59477
2.58786
2.58127
2.5743
2.56673
2.5593
2.5518
2.544
2.5364
2.52903
2.52118
2.51336
2.50583
2.49788
2.49027
2.48278
2.47614
2.46917
2.46214
2.45578
2.44965
2.44351
2.43762
2.43248
2.42715
2.42237
2.41719
2.41331
2.40882
2.40493
2.4019
2.39951
2.39702
2.39471
2.39306
2.39183
2.39079
2.39067
2.39123
2.39151
2.39271
2.3946
2.39596
2.39873
2.40146
2.40509
2.40867
2.4129
2.41634
2.42138
2.42656
2.43235
2.4385
2.44499
2.45181
2.45894
2.46588
2.47285
2.48056
2.48898
2.49713
2.50523
2.51398
2.52359
2.53237
2.54077
2.54948
2.5585
2.56755
2.57686
2.58544
2.594
2.603
2.61218
2.62104
2.63005
2.63872
2.64678
2.6552
2.66396
2.67185
2.67911
2.68716
2.69504
2.70203
2.70908
2.7162
2.72289
2.7294
2.73524
2.74211
2.74831
2.75434
2.76042
2.76633
2.77158
2.77713
2.7825
2.78746
2.79224
2.79709
2.80103
2.80527
2.8098
2.81391
2.81783
2.82154
2.82482
2.82764
2.83025
2.83335
2.83574
2.83838
2.84029
2.84145
2.84235
2.84345
2.84427
2.84454
2.84475
2.84416
2.84395
2.84341
2.84228
2.84078
2.84012
2.83811
2.83572
2.83316
2.82996
2.82611
2.82208
2.81786
2.81298
2.80741
2.80117
2.79472
2.78784
2.78051
2.77274
2.76428
2.75563
2.74654
2.73701
2.72682
2.7167
2.70592
2.69497
2.68291
2.67095
2.65837
2.64591
2.63239
2.61901
2.60484
2.59085
2.57657
2.56299
2.54819
2.53317
2.51793
2.50274
2.48715
2.47164
2.45528
2.43929
2.42274
2.40637
2.39043
2.37375
2.35779
2.34113
2.32451
2.30868
2.29221
2.27657
2.26033
2.24471
2.22926
2.21423
2.1994
2.18431
2.16994
2.15534
2.14125
2.12696
2.11321
2.10002
2.08763
2.07487
2.06269
2.05064
2.03896
2.02815
2.01798
2.00749
1.99741
1.98823
1.97923
1.97067
1.96255
1.95416
1.94693
1.94041
1.93385
1.92825
1.92286
1.91794
1.91349
1.91024
1.90769
1.90465
1.90185
1.9
1.89766
1.89651
1.89559
1.89561
1.89562
1.89682
1.89799
1.89962
1.90169
1.90422
1.9067
1.90963
1.91322
1.91748
1.92264
1.92748
1.93298
1.93863
1.9449
1.95156
1.95859
1.96526
1.97372
1.98203
1.9902
1.99916
2.00891
2.0187
2.02805
2.03766
2.04751
2.05784
2.06814
2.07888
2.0898
2.10089
2.11332
2.12492
2.13638
2.14841
2.15978
2.1712
2.18288
2.19432
2.20646
2.21832
2.22938
2.2406
2.25218
2.26339
2.27469
2.28532
2.29695
2.30714
2.31732
2.32748
2.33709
2.34615
2.35511
2.36371
2.37096
2.37902
2.38666
2.3941
2.39989
2.40544
2.41123
2.41604
2.42081
2.42433
2.42804
2.43095
2.43282
2.4346
2.43581
2.43643
2.43671
2.43544
2.43429
2.43303
2.43045
2.42752
2.424
2.42037
2.41688
2.41233
2.406
2.39935
2.39238
2.38512
2.37659
2.36875
2.35943
2.34985
2.33956
2.32927
2.3183
2.30617
2.29458
2.28188
2.26952
2.2568
2.24373
2.23011
2.21547
2.20127
2.18681
2.17188
2.15674
2.14165
2.12664
2.11124
2.0962
2.08082
2.06537
2.04939
2.03338
2.0176
2.0016
1.98564
1.97022
1.95441
1.93894
1.92287
1.90768
1.89265
1.87758
1.86319
1.8488
1.8344
1.82076
1.80692
1.79362
1.78039
1.76773
1.75542
1.74371
1.73166
1.71999
1.70968
1.70002
1.69006
1.68053
1.67096
1.66256
1.65413
1.64616
1.63891
1.63188
1.62533
1.61951
1.61465
1.60955
1.60494
1.60081
1.59789
1.5945
1.59158
1.58962
1.58814
1.58737
1.58754
1.5877
1.58782
1.58839
1.58988
1.59155
1.59436
1.59686
1.59975
1.60327
1.60667
1.61043
1.61429
1.61896
1.62371
1.6285
1.6343
1.64037
1.64644
1.65298
1.65997
1.66667
1.67403
1.68082
1.68799
1.69528
1.70267
1.71039
1.71841
1.72624
1.73387
1.74126
1.74914
1.75725
1.76485
1.77265
1.78015
1.78736
1.79449
1.80202
1.80947
1.81682
1.82383
1.83074
1.83803
1.84448
1.85108
1.85781
1.86467
1.8712
1.87763
1.88397
1.88975
1.89592
1.90203
1.90807
1.91358
1.91903
1.92493
1.93031
1.93567
1.94102
1.9466
1.95218
1.95704
1.96264
1.96827
1.9744
1.97961
1.98509
1.99086
1.9962
2.00231
2.00823
2.01469
2.02072
2.02706
2.03393
2.04015
2.04594
2.05203
2.05865
2.0651
2.07207
2.07862
2.08521
2.09161
2.09854
2.10479
2.11132
2.11788
2.12473
2.13162
2.13878
2.14549
2.15296
2.15998
2.16608
2.17269
2.17981
2.18722
2.19467
2.20168
2.20897
2.21632
2.22348
2.23118
2.23846
2.24605
2.25396
2.26146
2.26928
2.27767
2.28567
2.29401
2.30196
2.3105
2.31866
2.32741
2.33651
2.34475
2.35334
2.36251
2.3713
2.38043
2.39012
2.39965
2.40924
2.4184
2.42808
2.43753
2.44747
2.4569
2.46652
2.47607
2.48575
2.49458
2.50348
2.51219
2.52065
2.52837
2.53649
2.54403
2.55093
2.55741
2.56343
2.56942
2.57463
2.5795
2.58401
2.58764
2.59036
2.59263
2.59395
2.59454
2.59439
2.59301
2.59136
2.58896
2.58557
2.58168
2.57706
2.5715
2.56525
2.55859
2.55106
2.5434
2.53495
2.52525
2.51602
2.50562
2.49554
2.4851
2.47458
2.46305
2.45177
2.43982
2.42771
2.4162
2.40341
2.39106
2.37846
2.36637
2.35457
2.34237
2.33077
2.31882
2.30726
2.2966
2.28517
2.27419
2.2632
2.25196
2.24193
2.23192
2.22289
2.21365
2.2042
2.19551
2.18661
2.178
2.16967
2.16161
2.15408
2.14706
2.14007
2.13334
2.12712
2.12116
2.11496
2.10925
2.10426
2.09902
2.09424
2.08968
2.08532
2.08069
2.07624
2.07198
2.06813
2.06493
2.06117
2.05828
2.05529
2.05243
2.0497
2.04732
2.04506
2.04218
2.03963
2.03765
2.03503
2.03273
2.03025
2.02808
2.02596
2.02366
2.02163
2.01941
2.01771
2.0158
2.01343
2.01157
2.00974
2.0072
2.0054
2.00385
2.00135
1.99983
1.99832
1.99633
1.9946
1.99263
1.99091
1.98872
1.98702
1.98581
1.98389
1.98198
1.98009
1.97797
1.97683
1.97572
1.97366
1.97187
1.97035
1.9691
1.96764
1.96647
1.96485
1.96327
1.96199
1.96027
1.95885
1.95724
1.95617
1.95517
1.95424
1.95337
1.95307
1.95211
1.95196
1.95117
1.95046
1.94984
1.94931
1.94937
1.94951
1.9488
1.94843
1.94912
1.94969
1.95012
1.94995
1.95037
1.95164
1.95254
1.9538
1.95446
1.95645
1.95809
1.95985
1.96126
1.96304
1.96495
1.96674
1.96891
1.97097
1.9734
1.97621
1.9789
1.98149
1.98468
1.98753
1.99075
1.99481
1.9978
2.00187
2.00559
2.00919
2.01363
2.01746
2.02166
2.02668
2.03157
2.03609
2.04071
2.04566
2.05047
2.05561
2.06059
2.06566
2.07055
2.07576
2.08079
2.08564
2.0915
2.09692
2.10263
2.10764
2.11315
2.11916
2.12471
2.12977
2.13555
2.14085
2.14636
2.15161
2.15611
2.1613
2.16692
2.17177
2.17705
2.18203
2.1867
2.19204
2.19682
2.20177
2.2076
2.21264
2.21736
2.222
2.22608
2.2308
2.23521
2.24003
2.2443
2.24754
2.25168
2.25624
2.26051
2.2645
2.26822
2.27214
2.27604
2.2804
2.285
2.28864
2.29204
2.29595
2.30013
2.30433
2.30834
2.31241
2.31653
2.32072
2.32522
2.3298
2.33471
2.33922
2.34359
2.34805
2.35309
2.358
2.36349
2.36811
2.37332
2.37863
2.38403
2.38953
2.39536
2.40103
2.40727
2.41357
2.41922
2.4254
2.43091
2.43717
2.44395
2.45003
2.45587
2.46219
2.46874
2.47527
2.48104
2.48677
2.49195
2.49779
2.50355
2.50922
2.51503
2.52048
2.52558
2.53102
2.53656
2.54146
2.54645
2.55079
2.55495
2.55965
2.56367
2.56822
2.57184
2.57477
2.57749
2.58072
2.58372
2.58601
2.58904
2.59064
2.59297
2.59434
2.59548
2.59639
2.59755
2.59775
2.59821
2.59843
2.59843
2.5982
2.59776
2.59709
2.59694
2.59585
2.59456
2.59259
2.59018
2.58831
2.58649
2.58449
2.58232
2.5795
2.57676
2.57411
2.57131
2.56886
2.56603
2.56235
2.55855
2.55489
2.55159
2.54796
2.54376
2.53924
2.53584
2.53093
2.52596
2.52166
2.51707
2.51268
2.50827
2.50431
2.49985
2.4949
2.4897
2.48547
2.48125
2.47657
2.47215
2.46775
2.4634
2.45812
2.45385
2.44987
2.44596
2.44234
2.43759
2.4346
2.43049
2.42694
2.42324
2.41987
2.41636
2.41343
2.40988
2.4062
2.4031
2.4006
2.39797
2.39498
2.39186
2.38934
2.38694
2.38418
2.38202
2.37999
2.37807
2.37676
2.37532
2.37376
2.37207
2.37074
2.36903
2.36816
2.36763
2.36623
2.36517
2.36445
2.3638
2.36324
2.363
2.36259
2.36223
2.36122
2.36097
2.36077
2.36061
2.36023
2.35964
2.35905
2.35919
2.35909
2.35946
2.35982
2.35942
2.35946
2.35923
2.35918
2.35883
2.35817
2.35791
2.35709
2.35618
2.35565
2.35525
2.35425
2.35338
2.35238
2.351
2.34949
2.34784
2.34652
2.34409
2.34126
2.33804
2.33561
2.33302
2.33027
2.32712
2.32404
2.32104
2.31764
2.31384
2.31012
2.30576
2.30198
2.29756
2.29301
2.28784
2.2835
2.2788
2.27423
2.26956
2.2643
2.25969
2.25475
2.24927
2.24397
2.23935
2.23397
2.22833
2.22292
2.21775
2.21309
2.20773
2.20289
2.19834
2.19315
2.18803
2.183
2.17832
2.17304
2.16861
2.16408
2.15971
2.15574
2.1522
2.14836
2.14496
2.14153
2.13855
2.13557
2.13306
2.13031
2.1283
2.1263
2.12505
2.12358
2.12238
2.12098
2.12082
2.12046
2.12063
2.1206
2.12109
2.12187
2.12293
2.12379
2.12541
2.12731
2.12971
2.13214
2.13483
2.13778
2.14074
2.14442
2.14857
2.15367
2.15778
2.16187
2.16615
2.17111
2.17624
2.18083
2.18557
2.1907
2.19645
2.20209
2.20785
2.21346
2.21845
2.224
2.23035
2.23651
2.242
2.24849
2.25452
2.26081
2.26662
2.27338
2.27869
2.28445
2.29041
2.29681
2.30315
2.30894
2.31538
2.32029
2.32608
2.33176
2.3371
2.34256
2.34839
2.35337
2.35894
2.36388
2.36868
2.37334
2.37784
2.38194
2.38636
2.39061
2.39469
2.39813
2.40163
2.40543
2.40834
2.41107
2.41411
2.41745
2.41989
2.42191
2.42448
2.42664
2.42838
2.42972
2.43161
2.43357
2.43465
2.43534
2.43659
2.43817
2.43865
2.43946
2.4399
2.43997
2.43991
2.43949
2.43871
2.43831
2.43756
2.43719
2.4365
2.43499
2.43365
2.43247
2.43147
2.42968
2.42856
2.42763
2.42641
2.42515
2.42387
2.42255
2.42122
2.41987
2.41826
2.4169
2.41601
2.41441
2.41305
2.41172
2.4104
2.4091
2.40807
2.40708
2.40588
2.40472
2.40312
2.40133
2.40079
2.39982
2.39891
2.39806
2.39703
2.39679
2.39637
2.39579
2.39479
2.39483
2.39422
2.39394
2.39373
2.39385
2.3938
2.3936
2.39348
2.39345
2.39351
2.39389
2.39412
2.39491
2.39555
2.39676
2.39733
2.39823
2.39921
2.40027
2.40141
2.40239
2.40393
2.40531
2.40676
2.40804
2.40988
2.41202
2.4135
2.41505
2.41714
2.41928
2.42123
2.42323
2.42504
2.42761
2.42997
2.43164
2.43382
2.43627
2.43802
2.44051
2.44252
2.44503
2.4473
2.44956
2.45206
2.45383
2.45631
2.45852
2.46046
2.46238
2.46498
2.46633
2.46837
2.47036
2.4723
2.47418
2.47624
2.47775
2.47896
2.48057
2.48187
2.48333
2.48446
2.48575
2.48695
2.48758
2.48883
2.48999
2.49008
2.49079
2.49139
2.49237
2.49251
2.49278
2.4927
2.49299
2.49316
2.49296
2.49241
2.49101
2.49068
2.49023
2.48965
2.48895
2.48763
2.48689
2.48531
2.48358
2.48148
2.47972
2.47806
2.47578
2.47335
2.47102
2.46806
2.46495
2.46169
2.45877
2.45592
2.45269
2.44906
2.44478
2.44156
2.43745
2.43318
2.42899
2.42439
2.41964
2.41472
2.41013
2.40537
2.40045
2.39464
2.38892
2.38328
2.37773
2.37178
2.36569
2.35992
2.35354
2.34725
2.34059
2.33356
2.32689
2.31937
2.31246
2.30545
2.29785
2.29089
2.28312
2.27504
2.26689
2.26012
2.25259
2.24454
2.23622
2.22884
2.22098
2.2136
2.206
2.19843
2.1909
2.18317
2.17527
2.16745
2.15996
2.15232
2.14456
2.13788
2.13061
2.12397
2.11749
2.11045
2.10408
2.09766
2.09169
2.08569
2.08015
2.07484
2.06954
2.06449
2.05969
2.05517
2.05139
2.04742
2.04374
2.04035
2.0375
2.03471
2.03223
2.0303
2.02893
2.02787
2.02713
2.02647
2.02636
2.02585
2.02613
2.02649
2.02741
2.02911
2.03063
2.03247
2.03484
2.0375
2.03973
2.04272
2.04598
2.04903
2.05258
2.05661
2.06065
2.0654
2.06989
2.07483
2.07974
2.08507
2.09058
2.09627
2.10234
2.10808
2.1142
2.12019
2.12677
2.13345
2.14046
2.14729
2.15467
2.16113
2.16762
2.1739
2.18067
2.18793
2.19445
2.20119
2.20742
2.2141
2.22096
2.22728
2.23377
2.24019
2.24676
2.25252
2.25938
2.26541
2.27157
2.27785
2.28401
2.29005
2.29547
2.30076
2.30616
2.31118
2.31655
2.3213
2.32543
2.33039
2.33474
2.33872
2.34306
2.34727
2.35112
2.35511
2.35802
2.36203
2.36547
2.36906
2.37208
2.37527
2.37864
2.38146
2.38399
2.38695
2.38964
2.39253
2.39565
2.39851
2.40184
2.40444
2.40705
2.40967
2.41279
2.41544
2.41884
2.42178
2.42451
2.42679
2.43007
2.43265
2.43551
2.43887
2.44179
2.44545
2.44841
2.45211
2.45582
2.45905
2.46253
2.46551
2.46847
2.47164
2.47454
2.47714
2.47945
2.48241
2.48552
2.48855
2.49146
2.49378
2.4962
2.498
2.49988
2.50183
2.50409
2.50591
2.50728
2.50867
2.51008
2.51077
2.51145
2.51187
2.51227
2.51263
2.512
2.51131
2.5101
2.50858
2.50653
2.50418
2.50128
2.49879
2.49576
2.49268
2.48928
2.48536
2.48137
2.47686
2.47231
2.46723
2.46213
2.45652
2.45066
2.44455
2.43796
2.43211
2.42483
2.41759
2.41014
2.40275
2.39495
2.38746
2.37933
2.37058
2.36291
2.35439
2.346
2.33751
2.3287
2.31981
2.31181
2.30304
2.29422
2.28537
2.27673
2.2676
2.2587
2.24932
2.24019
2.23132
2.22248
2.21344
2.20467
2.1962
2.1873
2.17871
2.17043
2.16175
2.15315
2.14391
2.1355
2.12719
2.11876
2.11091
2.10247
2.09512
2.0879
2.08058
2.07365
2.06735
2.06097
2.05427
2.0475
2.04139
2.03571
2.02973
2.02419
2.01838
2.01301
2.00835
2.00319
1.99851
1.9943
1.98986
1.98616
1.98224
1.97907
1.97547
1.97214
1.96984
1.9676
1.96542
1.96357
1.96204
1.96132
1.96119
1.96116
1.96124
1.96193
1.96273
1.96367
1.96522
1.96714
1.96921
1.97142
1.97474
1.97846
1.98256
1.98657
1.99097
1.99575
2.00165
2.00769
2.01363
2.02018
2.02686
2.03414
2.04178
2.04977
2.05834
2.06699
2.0762
2.08572
2.0953
2.10539
2.11599
2.1254
2.13601
2.14708
2.15811
2.16934
2.18049
2.19227
2.20443
2.21646
2.22859
2.2408
2.25282
2.26464
2.27647
2.28855
2.30085
2.31335
2.32556
2.3377
2.34926
2.36168
2.37326
2.38446
2.39551
2.40711
2.41805
2.4288
2.43911
2.44968
2.45979
2.46943
2.47881
2.48843
2.49779
2.50641
2.51499
2.52306
2.53133
2.53908
2.54702
2.55418
2.56106
2.56764
2.57369
2.57968
2.58609
2.59148
2.59657
2.60184
2.60634
2.61053
2.61442
2.61801
2.62155
2.62431
2.62725
2.62941
2.63152
2.63285
2.63413
2.63536
2.63678
2.63671
2.63684
2.63716
2.63672
2.63624
2.6355
2.63448
2.63296
2.63142
2.62939
2.6271
2.62434
2.62182
2.6186
2.6154
2.61126
2.60741
2.60385
2.60035
2.59645
2.59191
2.58698
2.58337
2.57843
2.57387
2.56873
2.56352
2.55921
2.5546
2.54971
2.54504
2.54012
2.53472
2.53006
2.52471
2.52035
2.51556
2.51108
2.50642
2.5016
2.49711
2.49199
2.48794
2.48398
2.47966
2.47568
2.47134
2.46783
2.46395
2.46066
2.45699
2.45318
2.44923
2.44607
2.443
2.43998
2.43726
2.43409
2.43144
2.42855
2.42614
2.42347
2.42051
2.4175
2.41417
2.41147
2.40792
2.40449
2.40065
2.39688
2.39292
2.38827
2.38386
2.37922
2.37382
2.36863
2.36291
2.35737
2.35078
2.34436
2.33736
2.33051
2.32307
2.31529
2.30716
2.29797
2.28916
2.28001
2.27053
2.26122
2.25111
2.2407
2.23048
2.21975
2.20924
2.19801
2.18656
2.1749
2.16329
2.15104
2.13864
2.12612
2.1135
2.10127
2.08899
2.07618
2.06359
2.05077
2.03748
2.02448
2.01202
1.99941
1.98737
1.97521
1.96294
1.95083
1.93863
1.92686
1.91553
1.90488
1.89397
1.88353
1.87261
1.8617
1.85105
1.84188
1.83178
1.82269
1.81413
1.8061
1.7967
1.78832
1.77978
1.77251
1.76557
1.7587
1.75216
1.74571
1.73959
1.73428
1.72881
1.72368
1.71913
1.71514
1.71148
1.70744
1.70444
1.70153
1.69871
1.6967
1.69476
1.69387
1.69258
1.69112
1.69046
1.69011
1.69007
1.69081
1.69162
1.692
1.69316
1.69461
1.69611
1.69838
1.70069
1.70399
1.70685
1.71021
1.71408
1.71772
1.72137
1.72576
1.73063
1.73526
1.74036
1.74593
1.75124
1.75629
1.76178
1.76797
1.77363
1.77948
1.78551
1.79221
1.79883
1.80611
1.81305
1.82087
1.82835
1.8362
1.84394
1.85204
1.86
1.86807
1.87598
1.88421
1.89227
1.90063
1.90904
1.91725
1.92548
1.93372
1.94221
1.95045
1.95914
1.96755
1.97616
1.98446
1.99293
2.00105
2.00932
2.01674
2.02474
2.03235
2.04027
2.04753
2.05459
2.06143
2.06708
2.07393
2.0798
2.0854
2.09071
2.09619
2.10089
2.10525
2.11
2.11415
2.11771
2.12114
2.12395
2.12565
2.12792
2.1298
2.13079
2.13187
2.13206
2.13232
2.13267
2.13213
2.13095
2.12962
2.12766
2.12557
2.12262
2.11955
2.1171
2.11334
2.10926
2.10535
2.10041
2.09496
2.08996
2.08422
2.0785
2.07256
2.06618
2.06035
2.05411
2.04821
2.04121
2.03387
2.02669
2.01967
2.01235
2.00524
1.99811
1.99169
1.98505
1.97771
1.97041
1.96389
1.9572
1.95011
1.94336
1.93623
1.9297
1.92306
1.91657
1.91046
1.905
1.89851
1.89291
1.88774
1.88301
1.87751
1.87295
1.86811
1.8635
1.85935
1.85592
1.85248
1.84928
1.84536
1.84265
1.83947
1.83728
1.8351
1.83367
1.83107
1.8297
1.82836
1.82778
1.82652
1.82675
1.82631
1.82663
1.82725
1.82817
1.82938
1.83113
1.83318
1.83554
1.83772
1.84044
1.84298
1.84583
1.84947
1.85366
1.85863
1.86293
1.86827
1.87414
1.87934
1.88507
1.89061
1.89692
1.90374
1.91035
1.91722
1.92459
1.9322
1.94005
1.94884
1.95713
1.96562
1.97429
1.9829
1.99168
2.00108
2.00989
2.02002
2.02928
2.03815
2.04732
2.05678
2.06603
2.07601
2.08551
2.09547
2.10515
2.11501
2.1248
2.13379
2.14363
2.15264
2.16152
2.1705
2.17934
2.18777
2.19628
2.20461
2.21276
2.22072
2.22778
2.23536
2.24275
2.25042
2.25719
2.264
2.27064
2.27709
2.28336
2.28922
2.29517
2.30095
2.30611
2.31209
2.31769
2.32294
2.32782
2.3326
2.33777
2.34212
2.34616
2.35036
2.35497
2.35953
2.36428
2.36899
2.37317
2.3778
2.38264
2.38674
2.39081
2.39511
2.39963
2.40415
2.40841
2.41338
2.4181
2.42234
2.42656
2.43054
2.43426
2.43798
2.44144
2.44584
2.44975
2.45388
2.45799
2.46207
2.46637
2.47088
2.47512
2.47883
2.48275
2.48711
2.49094
2.49399
2.49748
2.50138
2.50547
2.50902
2.51225
2.51542
2.51948
2.52298
2.5264
2.52973
2.53299
2.53615
2.53898
2.54196
2.54461
2.54668
2.54912
2.55147
2.55371
2.55584
2.55787
2.55931
2.56159
2.56329
2.56462
2.56585
2.56743
2.56818
2.56952
2.56978
2.57015
2.57089
2.57149
2.57221
2.57256
2.57181
2.57213
2.57207
2.57235
2.57201
2.57152
2.57064
2.57058
2.56987
2.56877
2.56798
2.56655
2.56494
2.56339
2.56143
2.55951
2.55693
2.55439
2.55164
2.54869
2.54529
2.54191
2.5383
2.53423
2.53016
2.52634
2.52084
2.51605
2.51077
2.50451
2.49849
2.49269
2.48639
2.48032
2.4735
2.46643
2.45959
2.45225
2.44442
2.43683
2.42948
2.42116
2.41237
2.4036
2.39437
2.38566
2.37675
2.36765
2.35812
2.34771
2.33739
2.3274
2.31704
2.30681
2.29647
2.28556
2.27483
2.26379
2.25368
2.24329
2.23265
2.22202
2.21116
2.20033
2.18955
2.17908
2.16844
2.15742
2.14699
2.13692
2.12554
2.11552
2.1059
2.09646
2.0872
2.07766
2.06882
2.05995
2.05132
2.04269
2.03479
2.0269
2.01929
2.01146
2.00464
1.99762
1.99114
1.98519
1.97978
1.9742
1.96892
1.9642
1.96026
1.95592
1.95189
1.94818
1.94502
1.94169
1.93916
1.93621
1.93357
1.93172
1.92969
1.92868
1.92797
1.92682
1.92668
1.92682
1.92748
1.92816
1.92887
1.92983
1.93105
1.93226
1.93371
1.93538
1.93752
1.93986
1.94192
1.94465
1.9478
1.95088
1.95389
1.95729
1.96108
1.96355
1.96735
1.97127
1.97504
1.97891
1.98287
1.9869
1.99123
1.99562
2.00006
2.00476
2.00925
2.01376
2.01804
2.02232
2.02683
2.03085
2.03533
2.03954
2.04372
2.0481
2.05269
2.05723
2.06172
2.06568
2.06982
2.07416
2.07819
2.08217
2.08658
2.09045
2.09426
2.09851
2.102
2.10568
2.10956
2.11316
2.11674
2.12005
2.12287
2.12688
2.1304
2.13369
2.13746
2.14102
2.1446
2.14797
2.1509
2.15435
2.15858
2.16215
2.16626
2.17069
2.17472
2.17907
2.18303
2.1878
2.19218
2.19666
2.20173
2.20642
2.21097
2.21563
2.22039
2.22573
2.23094
2.23624
2.24163
2.24736
2.25244
2.25784
2.26404
2.2698
2.27586
2.28172
2.28712
2.29302
2.29868
2.30457
2.30971
2.3153
2.32107
2.32677
2.33237
2.33811
2.34277
2.34752
2.35259
2.35724
2.36193
2.36616
2.3704
2.37438
2.37737
2.38103
2.38413
2.38691
2.38935
2.39094
2.39287
2.39442
2.39508
2.39532
2.39585
2.3957
2.39533
2.39379
2.39202
2.3893
2.38681
2.38433
2.38089
2.37624
2.37232
2.36743
2.3616
2.35601
2.34973
2.34324
2.33607
2.32799
2.31949
2.31131
2.30227
2.29237
2.28356
2.27321
2.26278
2.25134
2.2401
2.22908
2.21783
2.20588
2.19374
2.18071
2.16825
2.1559
2.14369
2.13139
2.11951
2.10663
2.09396
2.08178
2.06888
2.05627
2.04371
2.03122
2.01858
2.00652
1.99435
1.98206
1.96992
1.95842
1.94709
1.93545
1.92401
1.91276
1.90219
1.89135
1.88145
1.87081
1.86038
1.85042
1.84093
1.83167
1.82287
1.81453
1.80594
1.79806
1.79062
1.78269
1.77472
1.76719
1.75963
1.75298
1.74603
1.73902
1.73243
1.72577
1.71974
1.71386
1.70716
1.70132
1.69585
1.69025
1.68429
1.67892
1.67388
1.66869
1.66358
1.65831
1.65335
1.64846
1.64314
1.6386
1.6341
1.62917
1.62475
1.61989
1.6153
1.61026
1.60596
1.60193
1.5972
1.59225
1.5878
1.58337
1.57873
1.57386
1.5695
1.56541
1.5611
1.5573
1.55281
1.54884
1.54443
1.5403
1.53525
1.53122
1.52772
1.52404
1.52018
1.51687
1.51315
1.50975
1.50595
1.50296
1.49958
1.49653
1.49334
1.4905
1.48753
1.48443
1.48192
1.4793
1.4768
1.47395
1.47195
1.46961
1.46716
1.46508
1.46339
1.46209
1.46117
1.45967
1.45904
1.45807
1.45726
1.45659
1.45606
1.45617
1.45594
1.45609
1.45615
1.45636
1.45695
1.45767
1.4583
1.4593
1.46068
1.4617
1.46285
1.46414
1.46554
1.46731
1.46896
1.47073
1.4726
1.47435
1.47597
1.47794
1.48024
1.48265
1.4854
1.48824
1.49094
1.49349
1.49636
1.49957
1.50238
1.50551
1.50825
1.51227
1.51589
1.51911
1.52264
1.52553
1.52921
1.53345
1.53752
1.54119
1.54517
1.54874
1.55238
1.5561
1.56013
1.56495
1.57007
1.57383
1.57837
1.58275
1.58719
1.5917
1.5958
1.60093
1.60588
1.61042
1.61551
1.6209
1.62636
1.63165
1.63724
1.64217
1.64765
1.65319
1.65832
1.66423
1.66948
1.67528
1.68138
1.68706
1.69329
1.69909
1.70569
1.71258
1.71858
1.72537
1.7315
1.73841
1.74516
1.75126
1.75791
1.76439
1.77215
1.77951
1.78622
1.79325
1.80037
1.80781
1.81557
1.82247
1.83017
1.83749
1.84465
1.8524
1.86024
1.86843
1.87648
1.88487
1.89336
1.90172
1.91042
1.91898
1.92741
1.9357
1.94481
1.95426
1.96307
1.97197
1.98096
1.99026
1.99964
2.00931
2.01903
2.02807
2.03738
2.0467
2.05602
2.06507
2.07481
2.08402
2.0929
2.10217
2.11107
2.11982
2.12864
2.13701
2.14635
2.15495
2.16277
2.17051
2.17764
2.18438
2.19022
2.19583
2.20119
2.20627
2.2103
2.21374
2.21656
2.21921
2.22142
2.22292
2.22199
2.22152
2.21978
2.21774
2.21488
2.2112
2.20717
2.20181
2.19562
2.18858
2.18095
2.17273
2.16296
2.15238
2.14148
2.12909
2.11643
2.10254
2.0882
2.07318
2.05775
2.04194
2.02556
2.00815
1.99071
1.97256
1.95397
1.93596
1.91662
1.89672
1.87703
1.85686
1.83648
1.81594
1.79552
1.77524
1.75394
1.73333
1.71274
1.69194
1.67121
1.65058
1.62983
1.60947
1.58904
1.56905
1.54952
1.52974
1.51047
1.49074
1.47178
1.45361
1.43504
1.41799
1.40056
1.383
1.36628
1.35016
1.3337
1.31809
1.30286
1.28826
1.2738
1.25973
1.24581
1.23228
1.21986
1.20711
1.19475
1.18302
1.17167
1.16142
1.15082
1.1406
1.13124
1.12176
1.11288
1.10436
1.09547
1.08766
1.08019
1.07257
1.06529
1.05858
1.0522
1.0459
1.04015
1.03496
1.03007
1.02596
1.02119
1.01695
1.01372
1.01006
1.00644
1.00358
1.00028
0.997725
0.995927
0.993674
0.991448
0.989486
0.987787
0.987554
0.98686
0.986428
0.986739
0.986346
0.986455
0.986586
0.987462
0.98836
0.989522
0.99167
0.993364
0.996047
0.998036
1.00102
1.00331
1.00636
1.00992
1.01424
1.01836
1.02276
1.0272
1.03193
1.03718
1.04248
1.04902
1.05489
1.06104
1.06749
1.0747
1.08196
1.08974
1.09757
1.10616
1.11455
1.12347
1.1329
1.14213
1.15187
1.16164
1.17119
1.18149
1.19253
1.20286
1.21464
1.22643
1.23821
1.24975
1.26177
1.27425
1.28694
1.30058
1.31394
1.32727
1.34103
1.35426
1.36815
1.38222
1.39647
1.41136
1.42592
1.44064
1.45574
1.47026
1.48539
1.50065
1.51578
1.53102
1.54637
1.56133
1.57662
1.59248
1.60793
1.62344
1.63951
1.65562
1.67179
1.68824
1.70472
1.72076
1.73681
1.75265
1.76826
1.78411
1.80045
1.81678
1.83286
1.84941
1.86522
1.88124
1.89723
1.91343
1.92959
1.94547
1.96154
1.97756
1.99257
2.00824
2.02361
2.03915
2.0551
2.0705
2.08558
2.10058
2.11573
2.13055
2.14552
2.16063
2.17515
2.1898
2.20361
2.21801
2.23277
2.24691
2.26115
2.27428
2.28869
2.30197
2.31555
2.32871
2.34143
2.35371
2.36625
2.37857
2.39066
2.40273
2.41383
2.42489
2.43639
2.44711
2.45729
2.46666
2.47594
2.4856
2.49441
2.5031
2.51092
2.51906
2.52728
2.53411
2.54123
2.54742
2.55316
2.55867
2.56371
2.56801
2.57231
2.57562
2.57817
2.58021
2.58244
2.58414
2.58458
2.58473
2.58409
2.58315
2.58215
2.57988
2.57731
2.57396
2.57032
2.5659
2.5612
2.55598
2.5505
2.54475
2.53851
2.53155
2.52413
2.51577
2.50697
2.49798
2.48859
2.4788
2.46816
2.45787
2.44701
2.43607
2.4253
2.41352
2.40075
2.38894
2.37641
2.36391
2.35098
2.33788
2.32389
2.31049
2.29768
2.28429
2.27008
2.25628
2.24243
2.22853
2.21484
2.20065
2.1867
2.17252
2.15885
2.1452
2.13184
2.11805
2.10384
2.0897
2.07612
2.06311
2.04923
2.0357
2.02227
2.00895
1.996
1.98292
1.96998
1.95716
1.94424
1.93242
1.92027
1.90753
1.89566
1.88442
1.87285
1.86167
1.85041
1.83953
1.82809
1.81777
1.80735
1.79661
1.78675
1.77632
1.76652
1.75663
1.74738
1.73803
1.72859
1.71882
1.70967
1.70186
1.69228
1.68355
1.67472
1.66627
1.65722
1.64951
1.64169
1.63376
1.62547
1.61754
1.60997
1.60252
1.5947
1.58723
1.58012
1.57287
1.56645
1.56038
1.55368
1.54709
1.54059
1.5337
1.52667
1.5202
1.51431
1.50849
1.50204
1.49616
1.49035
1.48558
1.47992
1.47434
1.46907
1.46387
1.45825
1.45294
1.44746
1.44276
1.43716
1.43209
1.42685
1.42166
1.41653
1.41193
1.40667
1.40218
1.39726
1.39239
1.38733
1.38281
1.37833
1.37391
1.37002
1.36594
1.36239
1.35866
1.3545
1.35016
1.34564
1.3419
1.33775
1.33414
1.3306
1.32666
1.32303
1.31948
1.31626
1.31264
1.30936
1.30594
1.30262
1.29965
1.29751
1.29454
1.29192
1.2892
1.28685
1.2844
1.2821
1.28066
1.27939
1.27804
1.27685
1.2756
1.275
1.27363
1.27316
1.27241
1.27257
1.27245
1.27302
1.27331
1.27381
1.27429
1.27499
1.27639
1.27777
1.27986
1.28169
1.28374
1.28531
1.28782
1.29081
1.29378
1.29746
1.30066
1.30383
1.30772
1.31256
1.31738
1.32242
1.32721
1.33222
1.33768
1.34264
1.34854
1.35392
1.35928
1.36532
1.37158
1.37828
1.38566
1.39252
1.40006
1.40731
1.41499
1.42238
1.43069
1.43893
1.44664
1.45548
1.46378
1.4725
1.48115
1.49045
1.49919
1.50906
1.51886
1.52857
1.53844
1.54871
1.55888
1.56969
1.57992
1.59053
1.60128
1.61217
1.62319
1.63482
1.6461
1.65822
1.6695
1.68138
1.69337
1.70523
1.71719
1.72973
1.74237
1.75558
1.76863
1.78129
1.79402
1.80756
1.82044
1.83387
1.84759
1.86066
1.87354
1.8867
1.90015
1.9134
1.92693
1.94121
1.95503
1.96888
1.98251
1.99615
2.00956
2.02323
2.0369
2.04984
2.06327
2.07645
2.0901
2.10351
2.11689
2.13002
2.14336
2.1562
2.16949
2.1825
2.19595
2.20935
2.22247
2.23456
2.24755
2.25974
2.27305
2.28579
2.29892
2.31121
2.32362
2.3359
2.34803
2.35999
2.37178
2.38314
2.39476
2.40591
2.41682
2.42721
2.43755
2.44685
2.45654
2.46562
2.47456
2.48286
2.49096
2.49885
2.50602
2.5127
2.51861
2.52469
2.52998
2.53445
2.53856
2.54157
2.54445
2.54644
2.54755
2.54802
2.54855
2.54818
2.54644
2.54454
2.54247
2.53929
2.53524
2.53035
2.52511
2.51953
2.51339
2.50697
2.49955
2.49164
2.48352
2.47544
2.46575
2.4564
2.44622
2.43667
2.42658
2.41646
2.4061
2.39551
2.38426
2.37236
2.36103
2.34935
2.33758
2.32549
2.31384
2.30239
2.29021
2.27851
2.26636
2.25449
2.24292
2.23118
2.21953
2.20773
2.19629
2.18593
2.17474
2.16394
2.15305
2.14208
2.13153
2.12115
2.11024
2.10025
2.08974
2.07968
2.07056
2.06165
2.05322
2.04454
2.03657
2.02837
2.01994
2.01224
2.00527
1.99809
1.99093
1.98404
1.9779
1.97155
1.96524
1.95993
1.95466
1.94968
1.94498
1.94057
1.93622
1.93215
1.92862
1.92563
1.92269
1.92028
1.91793
1.9154
1.91412
1.9129
1.91173
1.91061
1.91074
1.91045
1.91068
1.91024
1.91105
1.91213
1.91302
1.91466
1.91682
1.919
1.92121
1.92345
1.92642
1.92941
1.93217
1.93518
1.93891
1.94216
1.94636
1.95055
1.95497
1.96033
1.96518
1.97024
1.97598
1.98217
1.98831
1.99463
2.0009
2.00711
2.01421
2.021
2.02747
2.03482
2.04207
2.04948
2.05726
2.06494
2.07274
2.08043
2.08848
2.09639
2.1049
2.1135
2.1222
2.13122
2.13985
2.14903
2.1578
2.16663
2.17577
2.18422
2.19297
2.20223
2.21103
2.2201
2.22895
2.23804
2.24689
2.25573
2.26479
2.27383
2.28235
2.29156
2.29999
2.30884
2.31762
2.32609
2.33471
2.34348
2.35238
2.36069
2.36912
2.37693
2.38485
2.39237
2.40022
2.40718
2.41492
2.42224
2.42888
2.43531
2.44202
2.44852
2.45406
2.45937
2.4654
2.4707
2.47526
2.47981
2.48481
2.48881
2.49278
2.49623
2.49963
2.50273
2.50555
2.50783
2.51053
2.51221
2.51407
2.51514
2.51591
2.51711
2.51728
2.51691
2.51672
2.51648
2.51571
2.51418
2.51284
2.5117
2.50957
2.5079
2.50476
2.50258
2.4999
2.49675
2.49313
2.48953
2.48571
2.48241
2.47795
2.47331
2.46849
2.46375
2.45933
2.45476
2.44958
2.44451
2.43933
2.43332
2.42794
2.42223
2.41668
2.41083
2.40565
2.39993
2.39297
2.38671
2.37995
2.37414
2.36809
2.36156
2.35602
2.3505
2.34453
2.33813
2.33225
2.32644
2.32093
2.31478
2.30895
2.30345
2.29781
2.29252
2.28757
2.28203
2.27661
2.27157
2.2669
2.26239
2.25778
2.25357
2.25025
2.24613
2.24218
2.23912
2.23528
2.23235
2.22911
2.22678
2.22488
2.22267
2.22065
2.21809
2.21667
2.21469
2.21313
2.21173
2.21048
2.20914
2.20842
2.20735
2.20664
2.20603
2.20552
2.20508
2.20447
2.2039
2.20385
2.20333
2.2033
2.20324
2.20314
2.20274
2.20275
2.20241
2.20148
2.20114
2.20112
2.19948
2.19788
2.19704
2.19525
2.19321
2.19092
2.18834
2.18524
2.18159
2.17763
2.17359
2.16945
2.16521
2.16037
2.15518
2.14963
2.14276
2.13672
2.13031
2.12306
2.11569
2.10819
2.09986
2.09143
2.08264
2.07377
2.06432
2.05432
2.04424
2.03387
2.02322
2.01205
2.00085
1.98966
1.97798
1.96585
1.95352
1.94147
1.92926
1.9164
1.90412
1.89148
1.87776
1.86419
1.85102
1.83778
1.82425
1.81069
1.79759
1.78401
1.77067
1.75687
1.74311
1.73036
1.71695
1.70386
1.69086
1.67796
1.66492
1.65225
1.63947
1.62683
1.61458
1.60225
1.59033
1.5781
1.56654
1.55516
1.54374
1.53276
1.5215
1.51117
1.50106
1.49068
1.48076
1.47107
1.46207
1.45259
1.44405
1.43525
1.42668
1.41858
1.4107
1.40352
1.39584
1.38814
1.38089
1.37338
1.3668
1.36042
1.35401
1.34781
1.34131
1.33573
1.32986
1.32442
1.31891
1.31358
1.30841
1.3039
1.2993
1.29486
1.29058
1.28645
1.28294
1.27982
1.27563
1.27206
1.26814
1.26459
1.26141
1.25835
1.25565
1.25332
1.25015
1.2483
1.24561
1.24327
1.2413
1.23897
1.23701
1.2354
1.23392
1.23209
1.23063
1.22905
1.22785
1.22726
1.22609
1.2253
1.22489
1.22463
1.22451
1.22431
1.22426
1.22413
1.22489
1.22557
1.22665
1.22743
1.22886
1.22975
1.23105
1.23253
1.23444
1.23629
1.23784
1.24078
1.24295
1.24579
1.24833
1.25106
1.25373
1.25708
1.26085
1.26456
1.26869
1.27156
1.2758
1.27998
1.28457
1.28956
1.29471
1.29954
1.30428
1.30989
1.31516
1.32081
1.32683
1.33274
1.33924
1.34586
1.35235
1.35894
1.36537
1.37238
1.37946
1.38638
1.39264
1.39993
1.4063
1.41344
1.42061
1.42783
1.43458
1.4416
1.44887
1.45567
1.46272
1.46952
1.47656
1.48359
1.49036
1.49711
1.50407
1.51077
1.51792
1.52431
1.53162
1.53864
1.54539
1.55233
1.55873
1.56557
1.57163
1.57885
1.58553
1.59167
1.59775
1.60402
1.60975
1.61614
1.62224
1.62803
1.63425
1.6404
1.64626
1.65158
1.65779
1.66322
1.66884
1.67438
1.68035
1.68553
1.69064
1.69568
1.70114
1.70653
1.71138
1.7159
1.7206
1.72547
1.73025
1.73496
1.73983
1.7439
1.74884
1.75322
1.75727
1.76122
1.76508
1.76885
1.77275
1.7768
1.78074
1.78385
1.78758
1.79096
1.7947
1.79785
1.80065
1.80405
1.80686
1.80954
1.81235
1.81481
1.81666
1.81888
1.82099
1.82299
1.82415
1.82593
1.8276
1.82918
1.83041
1.83179
1.83285
1.83431
1.83473
1.8358
1.83705
1.83873
1.83916
1.84003
1.8404
1.8417
1.84227
1.84284
1.84413
1.84496
1.84558
1.84648
1.84742
1.84843
1.85022
1.85089
1.85236
1.85321
1.85488
1.85619
1.85713
1.85869
1.86039
1.86247
1.86495
1.86734
1.8699
1.87215
1.87457
1.87765
1.88068
1.88389
1.88753
1.89111
1.89464
1.8986
1.90323
1.90732
1.9116
1.91629
1.9214
1.92716
1.93285
1.93845
1.94373
1.94939
1.95543
1.96207
1.96835
1.97522
1.98243
1.98852
1.99564
2.00186
2.00885
2.01563
2.02243
2.02949
2.03581
2.0426
2.04935
2.05582
2.06246
2.06927
2.07599
2.08213
2.08863
2.09476
2.10052
2.10636
2.11204
2.11683
2.12239
2.12728
2.13221
2.13668
2.14118
2.14546
2.14951
2.15331
2.1576
2.16092
2.16376
2.1673
2.16939
2.17147
2.17354
2.17536
2.17668
2.17848
2.17955
2.18014
2.18072
2.18131
2.18215
2.18204
2.18194
2.18163
2.18134
2.18013
2.17896
2.17784
2.1763
2.17434
2.1722
2.17039
2.16794
2.16534
2.1626
2.1595
2.15651
2.15341
2.15044
2.14761
2.14397
2.14122
2.13815
2.13477
2.13157
2.12832
2.12454
2.12073
2.11713
2.11351
2.10963
2.10598
2.1016
2.09771
2.0943
2.09019
2.08705
2.08369
2.08012
2.07681
2.07378
2.0703
2.06686
2.06321
2.05985
2.05678
2.05375
2.05052
2.04758
2.04421
2.04112
2.03785
2.03485
2.03142
2.02851
2.02517
2.0221
2.01859
2.01729
2.01505
2.01237
2.00947
2.00685
2.00425
2.00119
1.99816
1.99562
1.99335
1.99086
1.98814
1.98544
1.98348
1.98057
1.97815
1.97623
1.97336
1.97075
1.9684
1.96606
1.96398
1.96169
1.9599
1.95814
1.95569
1.95279
1.95041
1.94831
1.94602
1.94474
1.94304
1.9414
1.9391
1.93711
1.93592
1.93433
1.93282
1.93188
1.93128
1.92982
1.92822
1.92697
1.92583
1.92529
1.92487
1.92433
1.92391
1.92362
1.92417
1.92461
1.92446
1.92466
1.92475
1.92497
1.92529
1.92621
1.92676
1.92741
1.9284
1.92972
1.93113
1.93262
1.93417
1.93555
1.93746
1.93871
1.94023
1.94154
1.94312
1.94448
1.94585
1.94747
1.94861
1.95094
1.95255
1.95486
1.95644
1.95753
1.95909
1.96112
1.96267
1.96445
1.96575
1.96755
1.96913
1.97049
1.97213
1.97286
1.97461
1.9762
1.97811
1.9794
1.98178
1.98428
1.98597
1.98878
1.9908
1.99373
1.99614
1.99948
2.00233
2.00565
2.00946
2.01377
2.0181
2.02269
2.02731
2.03269
2.03881
2.04497
2.05115
2.0576
2.06479
2.07198
2.07917
2.08633
2.09443
2.10247
2.11092
2.11929
2.12754
2.13566
2.1441
2.15235
2.16087
2.16987
2.17789
2.18633
2.19469
2.20317
2.2108
2.21801
2.22599
2.23352
2.24056
2.24757
2.25406
2.26073
2.26636
2.27213
2.2778
2.28313
2.28833
2.29293
2.29694
2.30106
2.3046
2.30754
2.31064
2.31318
2.31541
2.31711
2.31855
2.32023
2.32145
2.32247
2.32333
2.32332
2.32344
2.32395
2.32417
2.32436
2.32384
2.32406
2.32386
2.32399
2.32472
2.32559
2.32614
2.32713
2.32834
2.32979
2.33127
2.33375
2.33581
2.33795
2.3414
2.34472
2.34817
2.35177
2.35649
2.36114
2.36693
2.37243
2.37884
2.3857
2.39348
2.40124
2.40873
2.4174
2.42653
2.43564
2.44544
2.4557
2.46665
2.4778
2.48939
2.50213
2.5141
2.52647
2.5395
2.5534
2.56744
2.58161
2.59661
2.61219
2.62761
2.64237
2.65838
2.67489
2.69141
2.70816
2.72511
2.74249
2.76026
2.77792
2.79546
2.81331
2.83123
2.84869
2.8664
2.88433
2.90197
2.91906
2.93676
2.95433
2.97174
2.98848
3.00549
3.02202
3.03829
3.05426
3.06991
3.08521
3.10063
3.11541
3.1293
3.14299
3.15646
3.16946
3.18124
3.19347
3.2047
3.21514
3.2255
3.2353
3.24452
3.25291
3.26046
3.26766
3.27401
3.27999
3.28512
3.29011
3.29426
3.2978
3.30098
3.30355
3.30528
3.30667
3.30723
3.30747
3.30642
3.30553
3.30363
3.30144
3.29849
3.29504
3.29159
3.28693
3.28231
3.27676
3.27102
3.26488
3.25882
3.25239
3.24465
3.23728
3.23031
3.22232
3.21356
3.20429
3.19549
3.1867
3.17745
3.16801
3.15791
3.14836
3.13771
3.12766
3.11749
3.10723
3.09666
3.08626
3.07629
3.06582
3.05557
3.04555
3.03459
3.02365
3.01347
3.00334
2.99303
2.98279
2.97263
2.96329
2.95308
2.94347
2.93349
2.92435
2.91487
2.90552
2.89608
2.88702
2.87739
2.86863
2.86028
2.85159
2.84331
2.83519
2.82722
2.81942
2.81177
2.80475
2.79669
2.78949
2.78269
2.77554
2.76853
2.76237
2.7561
2.74948
2.74321
2.73777
2.73196
2.72625
2.72063
2.71485
2.70891
2.70353
2.69773
2.69198
2.68677
2.68112
2.67575
2.67065
2.66485
2.66003
2.65498
2.64969
2.6444
2.63911
2.63452
2.6292
2.62385
2.61871
2.61282
2.60738
2.60165
2.5966
2.59078
2.58515
2.57874
2.573
2.56672
2.55989
2.55372
2.54773
2.54191
2.53602
2.52982
2.52355
2.51745
2.51152
2.50527
2.49872
2.49233
2.48564
2.47839
2.4718
2.4649
2.45793
2.4509
2.44381
2.43666
2.42945
2.42219
2.41537
2.40825
2.40061
2.39293
2.38545
2.37747
2.36993
2.36237
2.35504
2.34794
2.34011
2.33251
2.3242
2.31686
2.30905
2.30247
2.29519
2.28771
2.28026
2.2731
2.26552
2.2575
2.25052
2.24312
2.23604
2.22904
2.22189
2.21506
2.2081
2.20123
2.19472
2.18807
2.18179
2.1749
2.16909
2.16294
2.15691
2.1515
2.14551
2.14013
2.13515
2.13007
2.12489
2.11939
2.11452
2.10956
2.10549
2.10181
2.09781
2.09397
2.09054
2.08654
2.08295
2.07952
2.07675
2.0739
2.07074
2.06799
2.06613
2.06517
2.06317
2.06159
2.0597
2.05774
2.05668
2.05603
2.05508
2.05455
2.05419
2.05304
2.05303
2.05295
2.05305
2.05283
2.05375
2.05435
2.0556
2.05629
2.05714
2.0579
2.05929
2.06131
2.06274
2.06503
2.06696
2.06901
2.07117
2.07344
2.07555
2.07775
2.08027
2.08333
2.08596
2.08935
2.09157
2.09452
2.09724
2.09946
2.10166
2.10454
2.10737
2.10991
2.11212
2.11401
2.11651
2.11867
2.1207
2.12236
2.12387
2.12596
2.12716
2.12916
2.13027
2.1312
2.13219
2.13324
2.13339
2.13334
2.13312
2.13295
2.13285
2.13257
2.13188
2.13127
2.13051
2.12935
2.12806
2.12639
2.12436
2.12294
2.12095
2.11934
2.11719
2.11544
2.11365
2.11206
2.11044
2.10857
2.10645
2.1041
2.10225
2.09946
2.09768
2.09522
2.09283
2.09122
2.09017
2.08799
2.08615
2.08489
2.08301
2.08171
2.08029
2.07899
2.07806
2.07676
2.07656
2.07576
2.07557
2.07502
2.07485
2.07432
2.07416
2.07412
2.07396
2.0744
2.07567
2.07632
2.07708
2.07721
2.07791
2.07941
2.08002
2.08069
2.0819
2.08292
2.08422
2.08554
2.08688
2.08823
2.08933
2.09042
2.09172
2.09323
2.09492
2.09608
2.09716
2.09792
2.09882
2.09986
2.10102
2.10158
2.10199
2.10275
2.10311
2.10306
2.10332
2.10316
2.10234
2.10132
2.10083
2.09966
2.09876
2.09694
2.09515
2.09292
2.09024
2.08783
2.08523
2.08266
2.0799
2.07648
2.07311
2.06933
2.06562
2.06248
2.05799
2.0536
2.04909
2.04519
2.04071
2.03614
2.0315
2.02656
2.02157
2.01655
2.01151
2.00695
2.00216
1.99836
1.99315
1.98872
1.98412
1.97911
1.97516
1.97132
1.96735
1.96326
1.95932
1.95577
1.95238
1.94795
1.94442
1.94155
1.93936
1.93664
1.93437
1.93206
1.92997
1.92858
1.92716
1.92501
1.92307
1.92136
1.92036
1.92031
1.91976
1.91943
1.91957
1.92018
1.92052
1.92107
1.92281
1.92354
1.92473
1.92611
1.92841
1.93018
1.93238
1.93452
1.93683
1.93955
1.94243
1.94498
1.94816
1.951
1.95422
1.95779
1.96125
1.96505
1.96896
1.97224
1.97584
1.98072
1.9847
1.98875
1.99308
1.99769
2.0021
2.00628
2.01096
2.01517
2.01985
2.02427
2.02867
2.03303
2.03735
2.0421
2.04607
2.05045
2.0545
2.05847
2.06235
2.06588
2.06929
2.07283
2.07624
2.08
2.0829
2.08589
2.08873
2.09142
2.09419
2.09584
2.09829
2.10032
2.1022
2.1039
2.10544
2.10705
2.10825
2.1093
2.10996
2.11142
2.11177
2.11199
2.11255
2.11276
2.1126
2.11282
2.11294
2.11274
2.11271
2.11212
2.11197
2.11153
2.11131
2.11084
2.11084
2.11109
2.11064
2.11071
2.11058
2.11028
2.11028
2.11012
2.10983
2.10987
2.10979
2.10984
2.11027
2.11012
2.1106
2.11148
2.11253
2.11375
2.11514
2.11697
2.11897
2.12045
2.12211
2.12397
2.12554
2.1285
2.13142
2.13429
2.13807
2.14156
2.14547
2.14908
2.15334
2.15801
2.16212
2.16663
2.17154
2.17634
2.18127
2.18657
2.19151
2.1968
2.20243
2.20815
2.21298
2.21861
2.2243
2.23076
2.23751
2.24356
2.24938
2.25522
2.2613
2.26737
2.27269
2.2787
2.28442
2.2901
2.29571
2.30149
2.30719
2.31279
2.31782
2.32249
2.32728
2.33243
2.33721
2.34184
2.34656
2.35136
2.35551
2.35949
2.36353
2.3669
2.36984
2.37305
2.37631
2.37911
2.38218
2.38479
2.38694
2.38886
2.3908
2.39226
2.39373
2.39496
2.39596
2.39623
2.3965
2.39677
2.39657
2.39612
2.39495
2.39451
2.39311
2.39172
2.39033
2.38872
2.38617
2.38411
2.38185
2.37937
2.37668
2.37332
2.37024
2.36626
2.36306
2.35946
2.35592
2.35175
2.34744
2.34298
2.33863
2.33369
2.32815
2.32347
2.31895
2.31386
2.30845
2.30299
2.29747
2.29262
2.28727
2.28189
2.27625
2.27108
2.26544
2.25956
2.25393
2.2493
2.24373
2.23795
2.2327
2.2275
2.22259
2.21775
2.21296
2.20823
2.20334
2.19852
2.19352
2.18909
2.18496
2.18044
2.17575
2.17211
2.16806
2.16385
2.15948
2.15639
2.15242
2.14853
2.14472
2.14099
2.13783
2.13403
2.13056
2.12693
2.12363
2.12066
2.11779
2.11452
2.11112
2.10758
2.10438
2.10201
2.09928
2.09691
2.09466
2.09302
2.09031
2.08798
2.08676
2.0852
2.08355
2.08182
2.08074
2.07958
2.0786
2.07827
2.07788
2.07791
2.07764
2.07708
2.07719
2.07749
2.07799
2.07916
2.08125
2.08257
2.08385
2.08556
2.08771
2.09006
2.09259
2.09508
2.09775
2.1011
2.10414
2.10761
2.11126
2.11484
2.1186
2.12252
2.12709
2.13085
2.13477
2.13956
2.14425
2.14907
2.15403
2.15911
2.16431
2.16937
2.17478
2.18028
2.1861
2.19104
2.19652
2.20158
2.20765
2.21399
2.22036
2.22649
2.23263
2.23875
2.24436
2.2509
2.25691
2.26309
2.26822
2.2735
2.27891
2.28419
2.28982
2.29504
2.29985
2.30447
2.30888
2.31306
2.31629
2.31998
2.32316
2.32605
2.32888
2.33043
2.33261
2.33493
2.33617
2.33776
2.33897
2.3398
2.34071
2.34025
2.33939
2.33836
2.33715
2.33457
2.33254
2.32962
2.32654
2.32258
2.31823
2.31326
2.30866
2.30394
2.29841
2.2928
2.28593
2.27926
2.27233
2.26541
2.25828
2.25047
2.2425
2.23487
2.22712
2.21928
2.21138
2.20343
2.19546
2.18678
2.17908
2.17119
2.16337
2.15588
2.1485
2.14053
2.13294
2.12575
2.11874
2.11215
2.10553
2.09863
2.09291
2.08693
2.08071
2.0752
2.06994
2.06491
2.06061
2.05632
2.05202
2.04844
2.04486
2.04103
2.03767
2.03405
2.03088
2.02743
2.02515
2.02353
2.02017
2.01843
2.01636
2.01517
2.01364
2.01248
2.0112
2.00979
2.00921
2.00848
2.00782
2.00676
2.006
2.00506
2.00417
2.00356
2.00274
2.00219
2.0019
2.00212
2.00138
2.0009
2.00138
2.00115
2.00117
2.00119
2.00097
2.00123
2.00102
2.00033
1.99989
1.99923
1.99857
1.99818
1.99805
1.99698
1.99666
1.99614
1.99566
1.99546
1.99555
1.99521
1.9954
1.99517
1.99525
1.99515
1.99585
1.99613
1.9972
1.99763
1.99766
1.99824
1.9989
1.99939
1.99971
2.00035
2.0013
2.00327
2.00459
2.00573
2.0074
2.00864
2.00969
2.01101
2.01237
2.014
2.01516
2.01682
2.01848
2.01989
2.02082
2.02268
2.0238
2.02513
2.02665
2.0274
2.02858
2.02969
2.03074
2.0317
2.03259
2.03387
2.03458
2.0352
2.03571
2.03588
2.0369
2.03757
2.03764
2.03809
2.03793
2.03694
2.03607
2.03556
2.03493
2.03419
2.03356
2.03259
2.03197
2.03076
2.02967
2.02823
2.02668
2.02502
2.02301
2.02137
2.01938
2.01705
2.01485
2.01303
2.01159
2.00957
2.00696
2.0033
2.0005
1.99761
1.99486
1.99202
1.9886
1.98413
1.98101
1.97756
1.97402
1.97063
1.96667
1.96286
1.95873
1.95451
1.9502
1.94557
1.94158
1.93775
1.93361
1.92842
1.92339
1.9183
1.9136
1.90909
1.9045
1.89961
1.89441
1.8894
1.88409
1.87897
1.87332
1.86835
1.86333
1.85779
1.85246
1.84685
1.84122
1.83629
1.83086
1.82518
1.81924
1.81354
1.80808
1.80262
1.79766
1.79199
1.78682
1.78144
1.77656
1.77124
1.76595
1.76095
1.75576
1.75039
1.74531
1.74054
1.7356
1.73073
1.72571
1.72101
1.71664
1.71165
1.70651
1.70244
1.69775
1.69367
1.68969
1.68512
1.68164
1.67852
1.6753
1.6715
1.66784
1.6648
1.66168
1.6587
1.65613
1.65372
1.65122
1.64914
1.64746
1.64596
1.64487
1.64324
1.64227
1.64149
1.64041
1.63953
1.63955
1.63953
1.63995
1.63984
1.64041
1.64071
1.64145
1.64239
1.64379
1.64491
1.646
1.64779
1.64978
1.65175
1.65418
1.65682
1.66015
1.66298
1.66651
1.67049
1.67396
1.67789
1.68204
1.68616
1.69049
1.69576
1.70051
1.70572
1.71137
1.71699
1.72282
1.72836
1.73458
1.74077
1.74738
1.75395
1.76118
1.76836
1.77524
1.78253
1.79023
1.79858
1.8066
1.81478
1.82286
1.8318
1.84039
1.84887
1.85771
1.86641
1.87546
1.88459
1.89332
1.90284
1.91291
1.92229
1.93172
1.94116
1.95061
1.96078
1.96996
1.97887
1.9882
1.99748
2.00666
2.01575
2.0252
2.03427
2.04319
2.0517
2.06003
2.06814
2.07578
2.08343
2.09081
2.09743
2.10447
2.11095
2.11662
2.12218
2.12762
2.13292
2.13758
2.14231
2.1459
2.14929
2.15296
2.1557
2.15846
2.16003
2.16041
2.16103
2.16165
2.16132
2.16051
2.15874
2.15649
2.15402
2.15085
2.14746
2.1441
2.14031
2.13538
2.13075
