1.1
1.09999
1.09996
1.0999
1.09983
1.09974
1.09962
1.09948
1.09932
1.09914
1.09894
1.09872
1.09848
1.09822
1.09793
1.09762
1.0973
1.09695
1.09658
1.09618
1.09577
1.09533
1.09487
1.09439
1.09389
1.09336
1.09281
1.09224
1.09164
1.09103
1.09038
1.08971
1.08902
1.08831
1.08757
1.0868
1.08601
1.08519
1.08435
1.08348
1.08258
1.08165
1.0807
1.07972
1.07872
1.07768
1.07661
1.07552
1.0744
1.07324
1.07206
1.07085
1.0696
1.06832
1.06701
1.06567
1.06429
1.06289
1.06144
1.05997
1.05846
1.05691
1.05532
1.05371
1.05205
1.05035
1.04862
1.04685
1.04504
1.04319
1.0413
1.03937
1.0374
1.03539
1.03333
1.03123
1.02909
1.0269
1.02467
1.0224
1.02008
1.01771
1.0153
1.01283
1.01033
1.00777
1.00516
1.00251
0.999799
0.997043
0.994237
0.99138
0.988471
0.98551
0.982498
0.979432
0.976315
0.973144
0.96992
0.966642
0.96331
0.959925
0.956485
0.952992
0.949445
0.945842
0.942186
0.938476
0.934711
0.930892
0.927019
0.923094
0.919115
0.915083
0.910999
0.906863
0.902675
0.898436
0.894147
0.889808
0.88542
0.880983
0.876498
0.871967
0.86739
0.862769
0.858104
0.853398
0.848651
0.843864
0.839039
0.834177
0.829279
0.824347
0.819383
0.814389
0.809366
0.804316
0.799241
0.794144
0.789025
0.783888
0.778735
0.773567
0.768387
0.763198
0.758002
0.752801
0.747597
0.742394
0.737194
0.731999
0.726813
0.721638
0.716477
0.711331
0.706205
0.7011
0.696019
0.690966
0.685942
0.680952
0.675996
0.671079
0.666203
0.66137
0.656583
0.651846
0.647161
0.64253
0.637955
0.63344
0.628986
0.624596
0.620271
0.616015
0.611828
0.607713
0.603673
0.599708
0.595821
0.592014
0.588287
0.584643
0.581083
0.577607
0.574219
0.570917
0.567704
0.56458
0.561546
0.558603
0.555751
0.552991
0.550323
0.547748
0.545266
0.542877
0.54058
0.538377
0.536266
0.534247
0.532321
0.530486
0.528742
0.527088
0.525525
0.524051
0.522665
0.521366
0.520154
0.519027
0.517984
0.517025
0.516147
0.51535
0.514632
0.513992
0.513429
0.512941
0.512528
0.512186
0.511915
0.511714
0.51158
0.511513
0.511509
0.511569
0.511689
0.511868
0.512105
0.512398
0.512745
0.513144
0.513595
0.514094
0.51464
0.515232
0.515867
0.516545
0.517262
0.518018
0.518811
0.519638
0.5205
0.521392
0.522315
0.523267
0.524246
0.52525
0.526278
0.527327
0.528397
0.529486
0.530592
0.531715
0.532851
0.534001
0.535163
0.536335
0.537517
0.538705
0.5399
0.5411
0.542304
0.54351
0.544718
0.545926
0.547133
0.548338
0.549541
0.550739
0.551933
0.553121
0.554301
0.555475
0.556639
0.557794
0.558939
0.560072
0.561195
0.562305
0.563402
0.564486
0.565555
0.56661
0.56765
0.568673
0.569681
0.570672
0.571646
0.572604
0.573543
0.574465
0.575368
0.576253
0.577119
0.577966
0.578795
0.579604
0.580394
0.581165
0.581916
0.582649
0.583362
0.584056
0.584731
0.585387
0.586025
0.586644
0.587244
0.587827
0.588391
0.588937
0.589466
0.589978
0.590473
0.590951
0.591413
0.591858
0.592288
0.592701
0.5931
0.593484
0.593854
0.594209
0.594552
0.594881
0.595197
0.595501
0.595793
0.596074
0.596343
0.596601
0.596849
0.597086
0.597314
0.597533
0.597743
0.597944
0.598137
0.598322
0.598499
0.598669
0.598831
0.598987
0.599135
0.599278
0.599415
0.599546
0.599672
0.599793
0.599908
0.600019
0.600124
0.600225
0.600321
0.600413
0.600499
0.600582
0.600659
0.600732
0.600801
0.600865
0.600925
0.60098
0.60103
0.601076
0.601117
0.601153
0.601183
0.601209
0.60123
0.601246
0.601255
0.601259
0.601256
0.601247
0.601232
0.601209
0.601179
0.601142
0.601097
0.601043
0.600981
0.600911
0.600831
0.600742
0.600643
0.600533
0.600413
0.600283
0.600141
0.599987
0.599822
0.599645
0.599455
0.599252
0.599035
0.598805
0.598562
0.598304
0.598031
0.597744
0.597442
0.597125
0.596792
0.596444
0.596079
0.595698
0.595301
0.594887
0.594456
0.594009
0.593544
0.593063
0.592564
0.592048
0.591515
0.590965
0.590398
0.589814
0.589213
0.588595
0.58796
0.587308
0.586639
0.585954
0.585253
0.584536
0.583803
0.583055
0.582291
0.581512
0.580718
0.57991
0.579088
0.578253
0.577404
0.576543
0.57567
0.574785
0.573889
0.572982
0.572066
0.57114
0.570205
0.569262
0.568312
0.567354
0.566389
0.565419
0.564444
0.563464
0.56248
0.561493
0.560504
0.559513
0.55852
0.557528
0.556535
0.555544
0.554554
0.553567
0.552582
0.551601
0.550624
0.549651
0.548685
0.547725
0.546771
0.545825
0.544887
0.543958
0.543037
0.542127
0.541228
0.54034
0.539464
0.538599
0.537748
0.53691
0.536086
0.535277
0.534482
0.533702
0.532938
0.53219
0.531459
0.530745
0.530048
0.529369
0.528708
0.528066
0.527443
0.526839
0.526255
0.52569
0.525145
0.524621
0.524117
0.523634
0.523173
0.522733
0.522314
0.521918
0.521543
0.52119
0.52086
0.520552
0.520266
0.520003
0.519763
0.519545
0.51935
0.519177
0.519027
0.518899
0.518793
0.51871
0.51865
0.518611
0.518595
0.5186
0.518627
0.518676
0.518747
0.518839
0.518951
0.519085
0.519239
0.519414
0.519608
0.519822
0.520056
0.520309
0.520581
0.520872
0.52118
0.521506
0.521849
0.52221
0.522587
0.522979
0.523388
0.523811
0.524249
0.524701
0.525167
0.525646
0.526138
0.526642
0.527158
0.527686
0.528224
0.528773
0.529331
0.529898
0.530474
0.531057
0.531649
0.532247
0.532852
0.533463
0.534079
0.534699
0.535324
0.535952
0.536583
0.537216
0.537852
0.538489
0.539126
0.539764
0.540401
0.541038
0.541672
0.542305
0.542935
0.543561
0.544184
0.544803
0.545417
0.546027
0.54663
0.547228
0.547819
0.548403
0.548978
0.549545
0.550104
0.550654
0.551194
0.551724
0.552244
0.552753
0.553251
0.553737
0.554211
0.554674
0.555123
0.55556
0.555984
0.556395
0.556792
0.557176
0.557546
0.557901
0.558243
0.558569
0.558881
0.559179
0.559461
0.559729
0.559982
0.56022
0.560443
0.560651
0.560845
0.561025
0.561189
0.56134
0.561475
0.561597
0.561706
0.5618
0.561881
0.561948
0.562002
0.562043
0.562071
0.562087
0.562091
0.562082
0.562063
0.562032
0.561989
0.561936
0.561873
0.561801
0.561718
0.561626
0.561525
0.561416
0.561299
0.561174
0.561042
0.560903
0.560758
0.560607
0.560451
0.560289
0.560123
0.559952
0.559778
0.5596
0.559419
0.559236
0.55905
0.558863
0.558674
0.558483
0.558292
0.558101
0.55791
0.55772
0.557529
0.55734
0.557153
0.556967
0.556784
0.556603
0.556425
0.55625
0.556078
0.55591
0.555746
0.555587
0.555432
0.555281
0.555136
0.554996
0.554862
0.554733
0.554611
0.554495
0.554386
0.554284
0.554189
0.554101
0.55402
0.553948
0.553883
0.553828
0.55378
0.553742
0.553714
0.553695
0.553686
0.553686
0.553696
0.553716
0.553746
0.553787
0.553838
0.5539
0.553972
0.554056
0.554151
0.554257
0.554374
0.554504
0.554644
0.554796
0.55496
0.555136
0.555324
0.555523
0.555734
0.555957
0.556192
0.556438
0.556695
0.556964
0.557244
0.557534
0.557836
0.558148
0.55847
0.558802
0.559145
0.559497
0.559858
0.560228
0.560607
0.560993
0.561388
0.561791
0.562201
0.562618
0.563041
0.56347
0.563904
0.564343
0.564787
0.565235
0.565687
0.566143
0.566602
0.567063
0.567527
0.567992
0.568459
0.568926
0.569393
0.56986
0.570327
0.570792
0.571256
0.571718
0.572177
0.572634
0.573087
0.573538
0.573984
0.574427
0.574865
0.575298
0.575727
0.57615
0.576568
0.576981
0.577387
0.577788
0.578182
0.57857
0.578951
0.579326
0.579694
0.580055
0.580409
0.580757
0.581097
0.58143
0.581756
0.582075
0.582386
0.58269
0.582987
0.583276
0.583559
0.583835
0.584104
0.584366
0.584622
0.584871
0.585115
0.585352
0.585583
0.585809
0.586029
0.586243
0.586452
0.586656
0.586855
0.58705
0.58724
0.587426
0.587608
0.587787
0.587962
0.588135
0.588304
0.58847
0.588634
0.588795
0.588955
0.589112
0.589268
0.589422
0.589575
0.589727
0.589879
0.59003
0.590181
0.590332
0.590483
0.590634
0.590786
0.590938
0.591091
0.591245
0.5914
0.591557
0.591714
0.591874
0.592034
0.592197
0.592361
0.592527
0.592695
0.592865
0.593037
0.593211
0.593387
0.593566
0.593746
0.593928
0.594113
0.594299
0.594488
0.594679
0.594872
0.595068
0.595265
0.595465
0.595666
0.595869
0.596074
0.59628
0.596488
0.596697
0.596906
0.597117
0.597329
0.597542
0.597756
0.59797
0.598184
0.598399
0.598613
0.598828
0.599042
0.599256
0.599468
0.59968
0.599891
0.600101
0.60031
0.600516
0.600721
0.600924
0.601125
0.601324
0.60152
0.601713
0.601903
0.602091
0.602275
0.602455
0.602631
0.602803
0.602971
0.603134
0.603293
0.603447
0.603596
0.60374
0.603878
0.604011
0.604138
0.60426
0.604375
0.604484
0.604587
0.604683
0.604774
0.604857
0.604934
0.605004
0.605066
0.605121
0.605168
0.605207
0.605239
0.605264
0.60528
0.605288
0.605289
0.605281
0.605265
0.605242
0.60521
0.60517
0.605121
0.605065
0.605
0.604927
0.604846
0.604758
0.604661
0.604557
0.604445
0.604324
0.604196
0.604061
0.603917
0.603767
0.603609
0.603444
0.603273
0.603095
0.60291
0.60272
0.602523
0.602321
0.602113
0.601899
0.60168
0.601457
0.60123
0.600998
0.600763
0.600524
0.600282
0.600036
0.599788
0.599538
0.599285
0.599031
0.598776
0.59852
0.598263
0.598006
0.597749
0.597492
0.597236
0.59698
0.596725
0.596471
0.596219
0.595969
0.595723
0.595479
0.595239
0.595002
0.594769
0.594539
0.594313
0.594092
0.593875
0.593664
0.593457
0.593255
0.593059
0.592867
0.592682
0.592502
0.592328
0.59216
0.591998
0.591843
0.591694
0.591551
0.591415
0.591286
0.591162
0.591045
0.590935
0.590831
0.590734
0.590643
0.590558
0.590479
0.590406
0.590339
0.590277
0.590221
0.590169
0.590123
0.590081
0.590044
0.590011
0.589982
0.589956
0.589934
0.589916
0.5899
0.589887
0.589876
0.589867
0.589861
0.589856
0.589852
0.589849
0.589847
0.589845
0.589843
0.58984
0.589837
0.589833
0.589828
0.58982
0.589811
0.5898
0.589785
0.589768
0.589748
0.589723
0.589696
0.589664
0.589627
0.589586
0.589541
0.58949
0.589435
0.589374
0.589308
0.589237
0.58916
0.589077
0.588988
0.588892
0.588791
0.588683
0.588569
0.588448
0.588322
0.588188
0.588049
0.587902
0.587749
0.58759
0.587425
0.587254
0.587076
0.586892
0.586703
0.586508
0.586307
0.586101
0.585889
0.585672
0.58545
0.585223
0.58499
0.584753
0.58451
0.584263
0.584012
0.583757
0.583497
0.583232
0.582964
0.582692
0.582415
0.582135
0.581851
0.581562
0.58127
0.580974
0.580675
0.580371
0.580064
0.579753
0.579437
0.579117
0.578793
0.578465
0.578132
0.577795
0.577452
0.577105
0.576753
0.576395
0.576031
0.575662
0.575287
0.574906
0.574517
0.574123
0.573721
0.573312
0.572895
0.572471
0.572038
0.571598
0.571149
0.570692
0.570226
0.56975
0.569266
0.568772
0.568267
0.567753
0.567229
0.566695
0.56615
0.565594
0.565029
0.564452
0.563865
0.563266
0.562657
0.562038
0.561408
0.560767
0.560115
0.559453
0.558781
0.558098
0.557406
0.556704
0.555992
0.55527
0.554539
0.553798
0.553048
0.55229
0.551524
0.550749
0.549967
0.549177
0.54838
0.547576
0.546766
0.545951
0.54513
0.544305
0.543475
0.542641
0.541804
0.540964
0.540122
0.539278
0.538433
0.537587
0.536742
0.535897
0.535053
0.53421
0.53337
0.532532
0.531698
0.530868
0.530042
0.529221
0.528406
0.527598
0.526796
0.526002
0.525216
0.524439
0.523671
0.522913
0.522164
0.521427
0.520701
0.519987
0.519285
0.518596
0.51792
0.517258
0.51661
0.515978
0.51536
0.514759
0.514173
0.513603
0.513051
0.512515
0.511997
0.511496
0.511014
0.51055
0.510105
0.509678
0.50927
0.50888
0.50851
0.50816
0.507829
0.507517
0.507225
0.506952
0.506698
0.506464
0.50625
0.506055
0.505879
0.505723
0.505585
0.505467
0.505367
0.505285
0.505222
0.505176
0.505148
0.505138
0.505144
0.505167
0.505206
0.505261
0.505331
0.505417
0.505517
0.505631
0.505759
0.505899
0.506053
0.506218
0.506395
0.506583
0.506782
0.50699
0.507208
0.507435
0.50767
0.507914
0.508164
0.508422
0.508685
0.508955
0.50923
0.50951
0.509794
0.510082
0.510373
0.510668
0.510965
0.511264
0.511565
0.511867
0.512172
0.512477
0.512782
0.513088
0.513394
0.513699
0.514004
0.514308
0.514612
0.514914
0.515215
0.515515
0.515814
0.516111
0.516407
0.5167
0.516992
0.517282
0.517571
0.517857
0.518142
0.518425
0.518706
0.518985
0.519263
0.519539
0.519814
0.520087
0.520359
0.52063
0.520899
0.521168
0.521436
0.521704
0.521973
0.522241
0.522508
0.522776
0.523045
0.523313
0.523583
0.523853
0.524125
0.524398
0.524673
0.524949
0.525228
0.525509
0.525792
0.526077
0.526365
0.526656
0.52695
0.527247
0.527547
0.527851
0.528159
0.52847
0.528786
0.529106
0.52943
0.529758
0.530091
0.530428
0.53077
0.531117
0.531468
0.531824
0.532185
0.532552
0.532923
0.533299
0.533681
0.534068
0.534459
0.534856
0.535258
0.535665
0.536076
0.536492
0.536913
0.537339
0.537769
0.538204
0.538642
0.539084
0.539531
0.539981
0.540434
0.540891
0.541351
0.541813
0.542279
0.542746
0.543216
0.543688
0.544161
0.544636
0.545111
0.545587
0.546064
0.546541
0.547018
0.547495
0.547971
0.548447
0.548921
0.549395
0.549867
0.550338
0.550806
0.551272
0.551735
0.552195
0.552651
0.553104
0.553553
0.553998
0.554439
0.554876
0.555308
0.555736
0.556159
0.556577
0.55699
0.557398
0.557801
0.558199
0.558591
0.558978
0.559359
0.559736
0.560107
0.560473
0.560834
0.56119
0.561541
0.561887
0.562229
0.562566
0.562899
0.563227
0.563552
0.563872
0.564189
0.564501
0.564811
0.565116
0.565419
0.565718
0.566015
0.566308
0.566599
0.566888
0.567175
0.567459
0.567741
0.568022
0.568301
0.568578
0.568854
0.569128
0.569401
0.569673
0.569943
0.570211
0.570478
0.570744
0.571009
0.571272
0.571533
0.571792
0.57205
0.572306
0.57256
0.572812
0.573062
0.573309
0.573553
0.573794
0.574032
0.574266
0.574497
0.574723
0.574946
0.575163
0.575376
0.575584
0.575787
0.575984
0.576176
0.576361
0.57654
0.576712
0.576878
0.577036
0.577187
0.577331
0.577467
0.577594
0.577714
0.577826
0.577929
0.578024
0.57811
0.578187
0.578255
0.578315
0.578365
0.578406
0.578437
0.578459
0.578472
0.578474
0.578467
0.578451
0.578425
0.578389
0.578344
0.578291
0.578228
0.578156
0.578075
0.577985
0.577886
0.577778
0.577661
0.577536
0.577403
0.577261
0.577111
0.576953
0.576787
0.576613
0.576432
0.576243
0.576048
0.575845
0.575636
0.57542
0.575199
0.574971
0.574738
0.5745
0.574258
0.574011
0.57376
0.573506
0.573248
0.572987
0.572723
0.572457
0.572189
0.57192
0.57165
0.571379
0.571107
0.570836
0.570565
0.570296
0.570028
0.569763
0.5695
0.569241
0.568986
0.568735
0.568489
0.568248
0.568013
0.567785
0.567564
0.56735
0.567144
0.566946
0.566758
0.56658
0.566413
0.566257
0.566112
0.56598
0.56586
0.565754
0.565661
0.565583
0.565521
0.565474
0.565444
0.56543
0.565434
0.565455
0.565494
0.565552
0.565629
0.565725
0.565843
0.56598
0.566139
0.56632
0.566522
0.566747
0.566994
0.567263
0.567556
0.567872
0.568211
0.568574
0.568961
0.569372
0.569807
0.570266
0.570749
0.571256
0.571786
0.57234
0.572919
0.57352
0.574145
0.574792
0.575462
0.576154
0.576868
0.577603
0.578359
0.579136
0.579932
0.580748
0.581582
0.582434
0.583304
0.58419
0.585091
0.586008
0.58694
0.587885
0.588843
0.589813
0.590793
0.591783
0.592781
0.593788
0.594801
0.595821
0.596845
0.597873
0.598905
0.599938
0.600973
0.602007
0.603041
0.604072
0.6051
0.606123
0.607142
0.608154
0.60916
0.610157
0.611146
0.612125
0.613093
0.61405
0.614995
0.615926
0.616844
0.617746
0.618633
0.619503
0.620357
0.621193
0.62201
0.622809
0.623589
0.624348
0.625087
0.625806
0.626503
0.627178
0.627831
0.628462
0.62907
0.629655
0.630217
0.630756
0.631271
0.631762
0.632229
0.632672
0.633091
0.633487
0.633858
0.634204
0.634526
0.634825
0.635099
0.63535
0.635578
0.635782
0.635962
0.63612
0.636255
0.636367
0.636457
0.636524
0.63657
0.636594
0.636596
0.636577
0.636538
0.636478
0.636398
0.636299
0.63618
0.636041
0.635884
0.635708
0.635514
0.635303
0.635074
0.634829
0.634568
0.63429
0.633998
0.63369
0.633369
0.633033
0.632684
0.632322
0.631948
0.631562
0.631165
0.630756
0.630337
0.629908
0.629469
0.629021
0.628564
0.6281
0.627629
0.62715
0.626664
0.626171
0.625674
0.62517
0.624662
0.62415
0.623634
0.623114
0.622592
0.622067
0.621539
0.62101
0.62048
0.619949
0.619418
0.618888
0.618358
0.617829
0.617302
0.616777
0.616254
0.615734
0.615217
0.614703
0.614193
0.613687
0.613186
0.612689
0.612198
0.611712
0.611231
0.610757
0.610288
0.609826
0.609373
0.608927
0.608488
0.608057
0.607634
0.60722
0.606814
0.606417
0.606029
0.60565
0.60528
0.604919
0.604567
0.604225
0.603892
0.60357
0.603257
0.602954
0.602661
0.602379
0.602106
0.601844
0.601592
0.60135
0.601118
0.600897
0.600685
0.600484
0.600293
0.600113
0.599942
0.599781
0.59963
0.599489
0.599357
0.599235
0.599122
0.599019
0.598925
0.59884
0.598765
0.598697
0.598639
0.598588
0.598545
0.598511
0.598484
0.598464
0.59845
0.598444
0.598444
0.59845
0.598462
0.598479
0.598503
0.598531
0.598565
0.598603
0.598645
0.598691
0.59874
0.598792
0.598848
0.598906
0.598967
0.59903
0.599095
0.599161
0.599228
0.599296
0.599364
0.599432
0.599501
0.599569
0.599636
0.599702
0.599767
0.599831
0.599892
0.599952
0.60001
0.600066
0.600119
0.600169
0.600216
0.60026
0.6003
0.600337
0.60037
0.6004
0.600425
0.600446
0.600463
0.600476
0.600484
0.600487
0.600486
0.60048
0.600469
0.600453
0.600433
0.600408
0.600379
0.600344
0.600305
0.600261
0.600212
0.600159
0.600101
0.600038
0.59997
0.599898
0.599822
0.599741
0.599656
0.599567
0.599474
0.599377
0.599275
0.599171
0.599062
0.598951
0.598836
0.598718
0.598596
0.598472
0.598345
0.598216
0.598084
0.59795
0.597814
0.597676
0.597536
0.597395
0.597252
0.597108
0.596963
0.596817
0.596671
0.596525
0.596378
0.596232
0.596086
0.595941
0.595797
0.595654
0.595512
0.595373
0.595236
0.5951
0.594968
0.594838
0.594712
0.594589
0.59447
0.594355
0.594245
0.594139
0.594038
0.593943
0.593852
0.593767
0.593689
0.593617
0.593552
0.593494
0.593443
0.5934
0.593364
0.593336
0.593317
0.593306
0.593304
0.593311
0.593328
0.593354
0.59339
0.593436
0.593493
0.59356
0.593637
0.593725
0.593824
0.593934
0.594055
0.594187
0.594331
0.594486
0.594652
0.594829
0.595018
0.595218
0.595428
0.59565
0.595883
0.596127
0.596381
0.596646
0.596921
0.597207
0.597503
0.597809
0.598124
0.598447
0.59878
0.599121
0.59947
0.599826
0.60019
0.60056
0.600936
0.601319
0.601707
0.6021
0.602497
0.602899
0.603303
0.603712
0.604123
0.604536
0.604951
0.605366
0.605782
0.606198
0.606614
0.607029
0.607442
0.607854
0.608263
0.60867
0.609074
0.609474
0.609871
0.610263
0.610651
0.611034
0.611411
0.611782
0.612146
0.612503
0.612854
0.613196
0.613531
0.613858
0.614177
0.614489
0.614791
0.615085
0.61537
0.615646
0.615913
0.61617
0.616419
0.616659
0.616889
0.617109
0.61732
0.617521
0.617712
0.617894
0.618067
0.61823
0.618384
0.618529
0.618664
0.618789
0.618906
0.619013
0.619112
0.619202
0.619283
0.619356
0.619421
0.619477
0.619526
0.619567
0.619601
0.619626
0.619645
0.619657
0.619661
0.61966
0.619652
0.619638
0.619618
0.619593
0.619562
0.619526
0.619486
0.61944
0.619391
0.619337
0.619279
0.619219
0.619155
0.619088
0.619018
0.618945
0.61887
0.618793
0.618714
0.618633
0.618552
0.618469
0.618385
0.618301
0.618216
0.61813
0.618045
0.61796
0.617875
0.617792
0.617709
0.617628
0.617548
0.617468
0.617391
0.617315
0.617241
0.617169
0.617099
0.617032
0.616967
0.616905
0.616845
0.616788
0.616734
0.616683
0.616635
0.616591
0.616551
0.616513
0.616479
0.616449
0.616422
0.616399
0.616379
0.616364
0.616353
0.616345
0.616341
0.616341
0.616345
0.616353
0.616365
0.616381
0.616401
0.616424
0.616451
0.616482
0.616515
0.616553
0.616593
0.616637
0.616684
0.616733
0.616786
0.616842
0.6169
0.616961
0.617024
0.617089
0.617157
0.617227
0.617299
0.617372
0.617447
0.617523
0.6176
0.617678
0.617756
0.617835
0.617914
0.617993
0.618071
0.61815
0.618228
0.618305
0.618382
0.618457
0.618532
0.618606
0.618678
0.618748
0.618816
0.618882
0.618946
0.619007
0.619065
0.619121
0.619173
0.619222
0.619267
0.619309
0.619347
0.619382
0.619412
0.619439
0.619461
0.619479
0.619493
0.619502
0.619507
0.619506
0.619501
0.619491
0.619476
0.619455
0.61943
0.619399
0.619363
0.619322
0.619275
0.619222
0.619165
0.619102
0.619033
0.618959
0.61888
0.618795
0.618705
0.618609
0.618507
0.618401
0.618289
0.618171
0.618049
0.617921
0.617788
0.617649
0.617506
0.617357
0.617204
0.617046
0.616884
0.616717
0.616545
0.616369
0.616189
0.616004
0.615815
0.615623
0.615427
0.615228
0.615024
0.614818
0.614608
0.614397
0.614182
0.613964
0.613744
0.613521
0.613296
0.613069
0.612839
0.612609
0.612376
0.612141
0.611905
0.611668
0.611429
0.61119
0.61095
0.610709
0.610468
0.610226
0.609984
0.609741
0.609498
0.609255
0.609012
0.608769
0.608526
0.608282
0.60804
0.607797
0.607555
0.607313
0.60707
0.606829
0.606587
0.606346
0.606104
0.605863
0.605622
0.605381
0.605139
0.604898
0.604656
0.604414
0.604171
0.603927
0.603682
0.603436
0.603189
0.602941
0.60269
0.602438
0.602184
0.601928
0.601669
0.601406
0.601141
0.600873
0.600601
0.600325
0.600045
0.59976
0.599471
0.599177
0.598877
0.598573
0.598264
0.597948
0.597627
0.597299
0.596964
0.596622
0.596273
0.595917
0.595553
0.595182
0.594802
0.594415
0.59402
0.593617
0.593206
0.592786
0.592358
0.591922
0.591477
0.591024
0.590563
0.590094
0.589616
0.589131
0.588639
0.588139
0.587631
0.587117
0.586596
0.586069
0.585537
0.584999
0.584457
0.58391
0.58336
0.582806
0.58225
0.581692
0.581132
0.580571
0.58001
0.57945
0.57889
0.578333
0.577779
0.577229
0.576684
0.576144
0.575609
0.575082
0.574562
0.57405
0.573547
0.573054
0.572571
0.572099
0.571639
0.571191
0.570756
0.570335
0.569927
0.569534
0.569156
0.568793
0.568446
0.568115
0.567801
0.567502
0.567221
0.566956
0.566708
0.566476
0.566262
0.566064
0.565883
0.565718
0.565569
0.565436
0.565319
0.565218
0.565131
0.56506
0.565003
0.56496
0.56493
0.564913
0.564908
0.564915
0.564934
0.564964
0.565004
0.565053
0.565112
0.56518
0.565255
0.565339
0.56543
0.565529
0.565633
0.565744
0.56586
0.565982
0.566108
0.566239
0.566374
0.566512
0.566655
0.566801
0.566951
0.567103
0.567258
0.567417
0.567578
0.567742
0.567908
0.568077
0.568249
0.568423
0.568599
0.568779
0.568961
0.569146
0.569335
0.569528
0.569724
0.569924
0.570129
0.570338
0.570553
0.570774
0.571
0.571233
0.571473
0.57172
0.571975
0.572237
0.572508
0.572787
0.573076
0.573375
0.573684
0.574004
0.574336
0.574679
0.575034
0.575401
0.575781
0.576175
0.576582
0.577003
0.577439
0.577889
0.578354
0.578835
0.579331
0.579842
0.580371
0.580915
0.581475
0.582053
0.582646
0.583257
0.583884
0.584528
0.585189
0.585867
0.586561
0.587273
0.588
0.588744
0.589504
0.590279
0.59107
0.591876
0.592697
0.593531
0.594379
0.595241
0.596114
0.597001
0.597898
0.598807
0.599726
0.600654
0.601592
0.602537
0.603491
0.604451
0.605417
0.606389
0.607364
0.608343
0.609325
0.610308
0.611292
0.612275
0.613258
0.614239
0.615216
0.616191
0.61716
0.618124
0.619082
0.620032
0.620975
0.621908
0.622831
0.623744
0.624645
0.625533
0.626408
0.627269
0.628116
0.628946
0.62976
0.630557
0.631336
0.632097
0.632838
0.633559
0.63426
0.634941
0.6356
0.636236
0.63685
0.637441
0.638009
0.638553
0.639073
0.639568
0.640038
0.640484
0.640903
0.641297
0.641666
0.642008
0.642324
0.642614
0.642878
0.643115
0.643326
0.64351
0.643667
0.643798
0.643902
0.64398
0.644032
0.644057
0.644056
0.644029
0.643976
0.643898
0.643794
0.643665
0.643511
0.643333
0.643131
0.642905
0.642655
0.642382
0.642086
0.641768
0.641428
0.641066
0.640684
0.640281
0.639858
0.639416
0.638954
0.638473
0.637975
0.637458
0.636924
0.636374
0.635808
0.635227
0.634631
0.634021
0.633398
0.632762
0.632114
0.631455
0.630784
0.630103
0.629412
0.628713
0.628004
0.627288
0.626565
0.625836
0.6251
0.62436
0.623615
0.622866
0.622114
0.62136
0.620603
0.619845
0.619087
0.618329
0.617571
0.616815
0.616061
0.615309
0.614559
0.613813
0.61307
0.612331
0.611597
0.610867
0.610144
0.609426
0.608714
0.608009
0.607311
0.606621
0.605938
0.605264
0.604598
0.603941
0.603293
0.602653
0.602023
0.601402
0.60079
0.600188
0.599596
0.599014
0.598442
0.597879
0.597327
0.596784
0.596252
0.595729
0.595216
0.594713
0.594219
0.593736
0.593261
0.592797
0.592341
0.591896
0.591459
0.591031
0.590613
0.590204
0.589804
0.589413
0.58903
0.588656
0.588291
0.587935
0.587586
0.587246
0.586914
0.58659
0.586274
0.585966
0.585666
0.585374
0.58509
0.584814
0.584545
0.584284
0.584031
0.583786
0.583549
0.58332
0.583099
0.582887
0.582683
0.582487
0.5823
0.582121
0.58195
0.581789
0.581637
0.581494
0.58136
0.581236
0.581121
0.581015
0.580919
0.580832
0.580755
0.580689
0.580632
0.580585
0.580548
0.580521
0.580505
0.580499
0.580504
0.580519
0.580544
0.58058
0.580625
0.580681
0.580746
0.580821
0.580906
0.581001
0.581104
0.581217
0.581339
0.58147
0.581609
0.581756
0.581912
0.582075
0.582245
0.582423
0.582607
0.582798
0.582994
0.583196
0.583403
0.583615
0.583831
0.584051
0.584275
0.584502
0.584732
0.584964
0.585198
0.585432
0.585668
0.585904
0.586139
0.586375
0.586609
0.586842
0.587074
0.587303
0.58753
0.587754
0.587976
0.588194
0.588408
0.588618
0.588823
0.589024
0.58922
0.589411
0.589596
0.589776
0.58995
0.590119
0.590281
0.590437
0.590588
0.590732
0.59087
0.591002
0.591129
0.59125
0.591365
0.591475
0.591579
0.591679
0.591773
0.591863
0.591949
0.592031
0.592109
0.592184
0.592255
0.592324
0.592392
0.592457
0.592522
0.592586
0.592649
0.592713
0.592777
0.592842
0.592909
0.592978
0.59305
0.593124
0.593202
0.593284
0.59337
0.593462
0.593559
0.593662
0.593772
0.593889
0.594013
0.594145
0.594286
0.594436
0.594595
0.594764
0.594943
0.595133
0.595334
0.595545
0.595768
0.596003
0.596249
0.596507
0.596778
0.59706
0.597355
0.597661
0.59798
0.598312
0.598655
0.599011
0.599378
0.599758
0.600149
0.600552
0.600966
0.60139
0.601826
0.602272
0.602728
0.603194
0.603669
0.604152
0.604643
0.605142
0.605648
0.606161
0.60668
0.607204
0.607734
0.608267
0.608805
0.609346
0.60989
0.610436
0.610983
0.611531
0.61208
0.612629
0.613177
0.613723
0.614268
0.614811
0.61535
0.615887
0.616419
0.616947
0.617471
0.617989
0.618501
0.619007
0.619507
0.619999
0.620485
0.620965
0.621436
0.6219
0.622356
0.622802
0.62324
0.623668
0.624086
0.624495
0.624893
0.625282
0.62566
0.626029
0.626386
0.626733
0.62707
0.627395
0.627709
0.628012
0.628304
0.628585
0.628855
0.629113
0.62936
0.629595
0.629819
0.630032
0.630233
0.630422
0.630601
0.630767
0.630923
0.631067
0.631199
0.63132
0.63143
0.631528
0.631614
0.631689
0.631753
0.631805
0.631847
0.631877
0.631896
0.631904
0.631901
0.631886
0.63186
0.631823
0.631774
0.631714
0.631644
0.631562
0.631469
0.631366
0.631251
0.631127
0.630991
0.630843
0.630686
0.630517
0.630337
0.630147
0.629945
0.629733
0.62951
0.629276
0.629031
0.628776
0.62851
0.628233
0.627945
0.627647
0.627339
0.627019
0.626689
0.626349
0.625998
0.625637
0.625266
0.624885
0.624494
0.624092
0.62368
0.623259
0.622827
0.622386
0.621934
0.621473
0.621002
0.620521
0.62003
0.61953
0.61902
0.618502
0.617975
0.617438
0.616894
0.616341
0.615779
0.615209
0.614631
0.614045
0.613451
0.612849
0.61224
0.611623
0.610999
0.610368
0.60973
0.609086
0.608436
0.607779
0.607117
0.60645
0.605777
0.605099
0.604416
0.603729
0.603038
0.602343
0.601645
0.600943
0.600238
0.59953
0.598821
0.59811
0.597397
0.596683
0.595968
0.595253
0.594537
0.593822
0.593107
0.592393
0.59168
0.590969
0.59026
0.589554
0.588851
0.58815
0.587453
0.58676
0.58607
0.585385
0.584705
0.584029
0.583358
0.582693
0.582034
0.581381
0.580735
0.580095
0.579463
0.578838
0.57822
0.577609
0.577007
0.576412
0.575826
0.575248
0.574678
0.574117
0.573565
0.573022
0.572488
0.571963
0.571448
0.570942
0.570445
0.569957
0.569479
0.569011
0.568552
0.568103
0.567664
0.567235
0.566815
0.566404
0.566002
0.56561
0.565227
0.564853
0.564489
0.564133
0.563786
0.563448
0.563119
0.562798
0.562485
0.56218
0.561884
0.561597
0.561317
0.561045
0.560781
0.560526
0.560278
0.560037
0.559804
0.559578
0.559359
0.559148
0.558943
0.558746
0.558555
0.558372
0.558195
0.558025
0.557861
0.557705
0.557554
0.557411
0.557274
0.557145
0.557023
0.556908
0.556799
0.556698
0.556605
0.556519
0.55644
0.55637
0.556307
0.556251
0.556203
0.556163
0.556131
0.556107
0.556091
0.556084
0.556086
0.556097
0.556117
0.556146
0.556185
0.556234
0.556293
0.556362
0.55644
0.556529
0.556628
0.556737
0.556857
0.556987
0.557129
0.557281
0.557444
0.557617
0.557802
0.557998
0.558205
0.558422
0.558651
0.55889
0.55914
0.5594
0.559671
0.559952
0.560243
0.560543
0.560853
0.561173
0.561502
0.561839
0.562184
0.562538
0.562899
0.563267
0.563642
0.564024
0.564411
0.564804
0.565202
0.565604
0.56601
0.566419
0.566831
0.567245
0.56766
0.568077
0.568494
0.568911
0.569327
0.569743
0.570156
0.570567
0.570975
0.57138
0.571781
0.572178
0.57257
0.572957
0.573338
0.573713
0.574081
0.574442
0.574796
0.575142
0.57548
0.575811
0.576132
0.576446
0.576751
0.577048
0.577336
0.577616
0.577887
0.57815
0.578405
0.578653
0.578892
0.579124
0.579349
0.579567
0.57978
0.579986
0.580188
0.580385
0.580579
0.580769
0.580957
0.581142
0.581327
0.581512
0.581697
0.581883
0.582071
0.582262
0.582456
0.582655
0.58286
0.58307
0.583288
0.583513
0.583748
0.583992
0.584245
0.58451
0.584786
0.585074
0.585374
0.585688
0.586015
0.586355
0.58671
0.587078
0.58746
0.587856
0.588266
0.58869
0.589127
0.589578
0.590041
0.590517
0.591004
0.591501
0.592008
0.592524
0.593048
0.593579
0.594116
0.594657
0.595202
0.595748
0.596296
0.596843
0.597388
0.597929
0.598466
0.598997
0.59952
0.600033
0.600537
0.601028
0.601506
0.601969
0.602417
0.602848
0.603261
0.603654
0.604028
0.604381
0.604712
0.60502
0.605305
0.605566
0.605802
0.606014
0.6062
0.60636
0.606495
0.606604
0.606687
0.606743
0.606775
0.60678
0.606761
0.606716
0.606646
0.606553
0.606437
0.606297
0.606135
0.605951
0.605747
0.605522
0.605278
0.605016
0.604737
0.604441
0.604129
0.603804
0.603465
0.603114
0.602752
0.602379
0.601997
0.601607
0.601209
0.600806
0.600397
0.599985
0.59957
0.599153
0.598735
0.598317
0.597902
0.597488
0.597078
0.596672
0.596272
0.595878
0.595491
0.595111
0.59474
0.594379
0.594027
0.593687
0.593358
0.593042
0.592738
0.592448
0.592172
0.59191
0.591663
0.59143
0.591214
0.591013
0.590829
0.590661
0.59051
0.590376
0.590259
0.59016
0.590077
0.590012
0.589964
0.589933
0.58992
0.589924
0.589944
0.589982
0.590036
0.590106
0.590193
0.590295
0.590413
0.590547
0.590695
0.590858
0.591035
0.591226
0.59143
0.591647
0.591877
0.59212
0.592373
0.592638
0.592914
0.593198
0.593492
0.593795
0.594106
0.594423
0.594748
0.595079
0.595416
0.595757
0.596102
0.596451
0.596803
0.597156
0.597509
0.597864
0.598218
0.598572
0.598924
0.599273
0.599619
0.599962
0.6003
0.600634
0.600962
0.601284
0.6016
0.601908
0.602208
0.6025
0.602783
0.603056
0.603319
0.603572
0.603813
0.604042
0.60426
0.604465
0.604657
0.604835
0.605001
0.605152
0.605289
0.605411
0.605519
0.605611
0.605689
0.605751
0.605798
0.60583
0.605845
0.605845
0.605828
0.605796
0.605748
0.605684
0.605604
0.605508
0.605397
0.60527
0.605128
0.60497
0.604797
0.60461
0.604407
0.60419
0.603958
0.603712
0.603452
0.603179
0.602892
0.602592
0.602279
0.601954
0.601616
0.601267
0.600907
0.600536
0.600155
0.599763
0.599362
0.598951
0.598531
0.598104
0.597669
0.597226
0.596777
0.596321
0.59586
0.595393
0.594921
0.594445
0.593964
0.593481
0.592993
0.592504
0.592012
0.591518
0.591024
0.590529
0.590034
0.58954
0.589047
0.588555
0.588065
0.587578
0.587093
0.586611
0.586134
0.58566
0.585191
0.584727
0.584268
0.583815
0.583369
0.582929
0.582497
0.582072
0.581655
0.581246
0.580846
0.580455
0.580074
0.579702
0.57934
0.578988
0.578647
0.578317
0.577998
0.57769
0.577393
0.577108
0.576834
0.576573
0.576324
0.576088
0.575864
0.575652
0.575454
0.575268
0.575095
0.574934
0.574787
0.574653
0.574531
0.574423
0.574329
0.574247
0.574179
0.574124
0.574081
0.574052
0.574035
0.574031
0.574041
0.574063
0.574098
0.574146
0.574206
0.574279
0.574364
0.574461
0.57457
0.57469
0.574822
0.574966
0.575122
0.575288
0.575466
0.575654
0.575854
0.576064
0.576284
0.576515
0.576755
0.577006
0.577266
0.577536
0.577816
0.578104
0.578401
0.578707
0.579022
0.579345
0.579676
0.580015
0.580363
0.580717
0.58108
0.581449
0.581826
0.582209
0.582599
0.582995
0.583398
0.583806
0.584221
0.584641
0.585066
0.585496
0.585931
0.58637
0.586814
0.587262
0.587713
0.588169
0.588628
0.58909
0.589556
0.590024
0.590494
0.590967
0.591441
0.591917
0.592394
0.592871
0.59335
0.593829
0.594308
0.594787
0.595265
0.595743
0.596219
0.596694
0.597167
0.597638
0.598106
0.598572
0.599035
0.599494
0.59995
0.600402
0.600851
0.601294
0.601733
0.602168
0.602597
0.60302
0.603437
0.603848
0.604253
0.604651
0.605042
0.605426
0.605802
0.606171
0.606533
0.606886
0.607231
0.607568
0.607896
0.608217
0.608528
0.60883
0.609123
0.609406
0.609681
0.609946
0.610201
0.610447
0.610684
0.610912
0.61113
0.611338
0.611537
0.611727
0.611907
0.612078
0.612239
0.612391
0.612534
0.612668
0.612793
0.612909
0.613017
0.613116
0.613206
0.613288
0.613362
0.613428
0.613485
0.613535
0.613577
0.613612
0.613639
0.613659
0.613672
0.613679
0.613679
0.613672
0.61366
0.613642
0.613619
0.61359
0.613556
0.613517
0.613474
0.613426
0.613374
0.613318
0.613258
0.613195
0.613128
0.613058
0.612984
0.612907
0.612828
0.612747
0.612663
0.612576
0.612488
0.612399
0.612308
0.612215
0.612122
0.612028
0.611933
0.611837
0.611742
0.611647
0.611552
0.611457
0.611364
0.611271
0.611178
0.611087
0.610997
0.610908
0.610821
0.610736
0.610652
0.61057
0.61049
0.610412
0.610335
0.610261
0.610188
0.610117
0.610048
0.609981
0.609916
0.609852
0.609791
0.609732
0.609674
0.609618
0.609563
0.609509
0.609457
0.609406
0.609357
0.609309
0.609262
0.609215
0.609168
0.609122
0.609076
0.609029
0.608982
0.608934
0.608885
0.608835
0.608783
0.608729
0.608674
0.608616
0.608556
0.608493
0.608427
0.608357
0.608283
0.608205
0.608122
0.608036
0.607944
0.607847
0.607744
0.607636
0.607521
0.607401
0.607274
0.60714
0.606999
0.606851
0.606695
0.606532
0.60636
0.606179
0.605991
0.605794
0.605588
0.605373
0.60515
0.604918
0.604676
0.604425
0.604165
0.603896
0.603616
0.603327
0.603029
0.60272
0.602402
0.602075
0.601738
0.601391
0.601035
0.60067
0.600295
0.59991
0.599517
0.599114
0.598702
0.598282
0.597853
0.597416
0.59697
0.596516
0.596054
0.595585
0.595107
0.594623
0.594131
0.593632
0.593126
0.592613
0.592094
0.591569
0.591039
0.590503
0.589961
0.589414
0.588863
0.588306
0.587745
0.587179
0.586609
0.586034
0.585456
0.584874
0.584287
0.583698
0.583104
0.582508
0.581908
0.581306
0.5807
0.580092
0.579482
0.578869
0.578253
0.577636
0.577016
0.576394
0.57577
0.575144
0.574515
0.573886
0.573254
0.57262
0.571985
0.571348
0.570709
0.570068
0.569426
0.568781
0.568135
0.567487
0.566838
0.566187
0.565534
0.564879
0.564222
0.563563
0.562902
0.562239
0.561574
0.560907
0.560237
0.559565
0.558889
0.558211
0.557531
0.556847
0.55616
0.55547
0.554776
0.554079
0.553378
0.552672
0.551962
0.551247
0.550528
0.549804
0.549075
0.54834
0.5476
0.546855
0.546103
0.545346
0.544582
0.543812
0.543034
0.54225
0.541458
0.540658
0.53985
0.539035
0.538212
0.53738
0.53654
0.535692
0.534835
0.533969
0.533095
0.532211
0.53132
0.530419
0.52951
0.528592
0.527666
0.526732
0.525789
0.524839
0.523881
0.522915
0.521943
0.520965
0.51998
0.51899
0.517995
0.516996
0.515993
0.514987
0.513979
0.512969
0.511958
0.510948
0.509939
0.508931
0.507927
0.506926
0.505931
0.504942
0.503961
0.502987
0.502024
0.501071
0.50013
0.499203
0.49829
0.497393
0.496514
0.495654
0.494813
0.493993
0.493195
0.492421
0.491671
0.490947
0.490251
0.489582
0.488942
0.488333
0.487756
0.48721
0.486698
0.486221
0.485778
0.48537
0.484999
0.484665
0.484368
0.48411
0.483891
0.48371
0.483569
0.483467
0.483404
0.483382
0.483399
0.483457
0.483554
0.483691
0.483867
0.484083
0.484338
0.484631
0.484963
0.485332
0.485738
0.486182
0.486661
0.487176
0.487725
0.488308
0.488924
0.489572
0.490252
0.490963
0.491704
0.492474
0.493271
0.494096
0.494948
0.495825
0.496726
0.497651
0.498597
0.499566
0.500554
0.501562
0.502589
0.503633
0.504694
0.505771
0.506862
0.507967
0.509085
0.510215
0.511355
0.512506
0.513666
0.514834
0.51601
0.517193
0.518382
0.519575
0.520773
0.521973
0.523176
0.52438
0.525585
0.52679
0.527994
0.529196
0.530396
0.531593
0.532786
0.533974
0.535157
0.536334
0.537505
0.538668
0.539823
0.540968
0.542105
0.543231
0.544347
0.545451
0.546544
0.547623
0.54869
0.549742
0.55078
0.551804
0.552812
0.553805
0.554781
0.55574
0.556681
0.557605
0.55851
0.559397
0.560264
0.561113
0.561943
0.562752
0.563542
0.564311
0.56506
0.565788
0.566495
0.567181
0.567846
0.56849
0.569113
0.569714
0.570294
0.570853
0.571391
0.571908
0.572403
0.572878
0.573332
0.573765
0.574179
0.574572
0.574945
0.575299
0.575633
0.575948
0.576244
0.576522
0.576781
0.577023
0.577247
0.577455
0.577646
0.577821
0.577981
0.578125
0.578255
0.57837
0.578471
0.578559
0.578634
0.578696
0.578746
0.578784
0.578811
0.578827
0.578833
0.57883
0.578816
0.578795
0.578764
0.578726
0.578681
0.578628
0.578569
0.578504
0.578432
0.578355
0.578273
0.578186
0.578094
0.577999
0.577899
0.577796
0.57769
0.577581
0.577469
0.577354
0.577237
0.577118
0.576997
0.576875
0.57675
0.576624
0.576496
0.576367
0.576238
0.576107
0.575976
0.575843
0.57571
0.575576
0.57544
0.575304
0.575166
0.575028
0.574888
0.574748
0.574606
0.574463
0.574318
0.574173
0.574026
0.573877
0.573726
0.573574
0.57342
0.573264
0.573105
0.572944
0.572781
0.572615
0.572446
0.572273
0.572098
0.57192
0.571738
0.571552
0.571363
0.57117
0.570973
0.570772
0.570567
0.570357
0.570144
0.569927
0.569705
0.569478
0.569248
0.569012
0.568772
0.568528
0.568278
0.568024
0.567765
0.567501
0.567232
0.566959
0.566682
0.5664
0.566113
0.565823
0.565528
0.565228
0.564925
0.564619
0.564309
0.563995
0.563678
0.563359
0.563036
0.562711
0.562384
0.562055
0.561724
0.561392
0.561059
0.560726
0.560391
0.560056
0.559722
0.559388
0.559055
0.558723
0.558393
0.558066
0.55774
0.557417
0.557098
0.556782
0.556471
0.556163
0.555861
0.555563
0.555271
0.554985
0.554706
0.554433
0.554168
0.55391
0.55366
0.553417
0.553184
0.552959
0.552743
0.552536
0.552339
0.552152
0.551976
0.551809
0.551653
0.551508
0.551374
0.551251
0.551138
0.551036
0.550945
0.550865
0.550796
0.550738
0.550691
0.550654
0.550628
0.550612
0.550606
0.55061
0.550624
0.550647
0.550679
0.55072
0.550768
0.550825
0.550889
0.55096
0.551038
0.551122
0.551212
0.551307
0.551407
0.55151
0.551618
0.551728
0.551842
0.551957
0.552074
0.552192
0.55231
0.552428
0.552545
0.552662
0.552776
0.552889
0.552999
0.553106
0.553209
0.553309
0.553405
0.553496
0.553582
0.553663
0.553739
0.553809
0.553872
0.55393
0.553981
0.554026
0.554064
0.554096
0.55412
0.554137
0.554146
0.554149
0.554144
0.554133
0.554115
0.55409
0.554059
0.554021
0.553976
0.553926
0.55387
0.553808
0.553741
0.553668
0.553591
0.553511
0.553427
0.553339
0.553249
0.553157
0.553062
0.552966
0.552869
0.552772
0.552674
0.552578
0.552482
0.552387
0.552295
0.552206
0.55212
0.552038
0.55196
0.551887
0.55182
0.551758
0.551703
0.551655
0.551614
0.551581
0.551555
0.551539
0.551531
0.551533
0.551544
0.551565
0.551597
0.55164
0.551694
0.551759
0.551835
0.551923
0.552023
0.552135
0.552258
0.552394
0.552541
0.5527
0.552871
0.553052
0.553246
0.553451
0.553666
0.553893
0.55413
0.554377
0.554634
0.554902
0.555178
0.555463
0.555757
0.55606
0.55637
0.556687
0.55701
0.55734
0.557676
0.558017
0.558363
0.558713
0.559067
0.559425
0.559785
0.560147
0.560512
0.560877
0.561243
0.561608
0.561973
0.562335
0.562696
0.563054
0.563408
0.563759
0.564106
0.564447
0.564783
0.565113
0.565436
0.565751
0.566059
0.566359
0.566649
0.566929
0.5672
0.56746
0.567709
0.567947
0.568173
0.568387
0.568589
0.568779
0.568954
0.569117
0.569265
0.569398
0.569517
0.569621
0.569709
0.569782
0.569839
0.569879
0.569904
0.569912
0.569904
0.56988
0.569839
0.569781
0.569706
0.569614
0.569504
0.569378
0.569234
0.569073
0.568894
0.568699
0.568487
0.568258
0.568011
0.567748
0.567468
0.567172
0.566859
0.56653
0.566184
0.565823
0.565447
0.565054
0.564647
0.564225
0.563788
0.563337
0.562872
0.562394
0.561902
0.561397
0.56088
0.560351
0.55981
0.559258
0.558696
0.558123
0.557541
0.556949
0.556348
0.555739
0.555121
0.554497
0.553865
0.553227
0.552584
0.551935
0.551281
0.550624
0.549963
0.549299
0.548634
0.547967
0.5473
0.546632
0.545965
0.5453
0.544636
0.543976
0.543319
0.542666
0.542018
0.541376
0.54074
0.540111
0.53949
0.538878
0.538275
0.537683
0.537102
0.536533
0.535976
0.535432
0.534903
0.534389
0.533891
0.53341
0.532945
0.532498
0.532071
0.531662
0.531273
0.530906
0.53056
0.530236
0.529935
0.529657
0.529402
0.529173
0.528969
0.528791
0.528638
0.528512
0.528413
0.528341
0.528296
0.528279
0.52829
0.528329
0.528396
0.528492
0.528616
0.528769
0.528951
0.52916
0.529399
0.529665
0.529959
0.530282
0.530632
0.53101
0.531414
0.531845
0.532302
0.532785
0.533293
0.533826
0.534383
0.534964
0.535567
0.536193
0.536841
0.537511
0.5382
0.53891
0.539638
0.540385
0.541149
0.54193
0.542727
0.543539
0.544364
0.545204
0.546055
0.546919
0.547793
0.548678
0.549571
0.550472
0.551381
0.552297
0.553218
0.554144
0.555073
0.556006
0.55694
0.557876
0.558812
0.559748
0.560683
0.561615
0.562545
0.563472
0.564395
0.565313
0.566225
0.567131
0.56803
0.568921
0.569804
0.570678
0.571542
0.572397
0.57324
0.574072
0.574893
0.575701
0.576496
0.577278
0.578047
0.578801
0.579541
0.580265
0.580974
0.581667
0.582344
0.583004
0.583647
0.584273
0.584881
0.585472
0.586044
0.586599
0.587134
0.587651
0.588149
0.588627
0.589086
0.589526
0.589946
0.590346
0.590726
0.591086
0.591425
0.591745
0.592045
0.592324
0.592583
0.592821
0.593037
0.593233
0.593408
0.593562
0.593695
0.593807
0.593898
0.593968
0.594017
0.594045
0.594053
0.59404
0.594006
0.593951
0.593876
0.59378
0.593663
0.593526
0.593369
0.593191
0.592993
0.592775
0.592537
0.592279
0.592001
0.591704
0.591386
0.591049
0.590692
0.590316
0.589921
0.589506
0.589073
0.588621
0.58815
0.587661
0.587154
0.586629
0.586086
0.585526
0.58495
0.584356
0.583746
0.58312
0.582478
0.58182
0.581147
0.580459
0.579757
0.579041
0.578311
0.577568
0.576812
0.576044
0.575264
0.574473
0.573672
0.57286
0.572039
0.571209
0.570371
0.569525
0.568672
0.567813
0.566949
0.566079
0.565206
0.56433
0.563451
0.56257
0.561689
0.560807
0.559927
0.559048
0.558172
0.5573
0.556432
0.555569
0.554712
0.553863
0.553021
0.552188
0.551365
0.550552
0.54975
0.548961
0.548186
0.547424
0.546677
0.545945
0.545229
0.54453
0.543848
0.543184
0.542539
0.541913
0.541308
0.540723
0.540159
0.539616
0.539096
0.538597
0.53812
0.537666
0.537235
0.536827
0.536443
0.536083
0.535746
0.535432
0.535142
0.534876
0.534632
0.534412
0.534215
0.53404
0.533889
0.533759
0.533652
0.533566
0.533501
0.533457
0.533434
0.533431
0.533448
0.533484
0.533538
0.533611
0.533701
0.533809
0.533934
0.534074
0.534231
0.534403
0.534589
0.53479
0.535004
0.535232
0.535472
0.535724
0.535988
0.536262
0.536547
0.536842
0.537147
0.537461
0.537783
0.538114
0.538452
0.538798
0.53915
0.539509
0.539874
0.540243
0.540618
0.540997
0.541381
0.541769
0.54216
0.542554
0.542952
0.543352
0.543754
0.544158
0.544564
0.544971
0.54538
0.545789
0.5462
0.54661
0.547021
0.547433
0.547844
0.548256
0.548667
0.549078
0.549488
0.549898
0.550306
0.550714
0.55112
0.551526
0.55193
0.552333
0.552735
0.553135
0.553534
0.553932
0.554328
0.554722
0.555114
0.555505
0.555893
0.55628
0.556665
0.557049
0.55743
0.55781
0.558189
0.558567
0.558942
0.559316
0.559688
0.560058
0.560426
0.560793
0.561158
0.561522
0.561884
0.562245
0.562604
0.562961
0.563318
0.563672
0.564025
0.564376
0.564726
0.565074
0.56542
0.565765
0.566108
0.56645
0.566789
0.567127
0.567463
0.567797
0.568129
0.56846
0.568788
0.569114
0.569438
0.56976
0.570079
0.570397
0.570712
0.571024
0.571335
0.571643
0.571948
0.57225
0.572549
0.572846
0.573139
0.57343
0.573718
0.574002
0.574284
0.574562
0.574837
0.575108
0.575376
0.575639
0.575898
0.576153
0.576404
0.57665
0.576892
0.57713
0.577363
0.577592
0.577816
0.578036
0.578251
0.578461
0.578666
0.578866
0.57906
0.57925
0.579434
0.579613
0.579786
0.579954
0.580116
0.580272
0.580422
0.580567
0.580705
0.580838
0.580964
0.581085
0.581199
0.581307
0.581409
0.581504
0.581593
0.581676
0.581753
0.581824
0.581888
0.581946
0.581999
0.582045
0.582086
0.58212
0.582149
0.582171
0.582188
0.5822
0.582205
0.582205
0.582199
0.582188
0.58217
0.582148
0.58212
0.582087
0.582048
0.582004
0.581955
0.5819
0.581841
0.581777
0.581708
0.581634
0.581555
0.581472
0.581384
0.581291
0.581193
0.58109
0.580983
0.580872
0.580756
0.580635
0.580509
0.580379
0.580243
0.580104
0.57996
0.579811
0.579658
0.579501
0.57934
0.579173
0.579003
0.578827
0.578647
0.578462
0.578272
0.578077
0.577878
0.577674
0.577465
0.577251
0.577033
0.576809
0.576581
0.576347
0.576108
0.575863
0.575614
0.575359
0.575098
0.574832
0.574561
0.574284
0.574001
0.573713
0.573419
0.573119
0.572814
0.572503
0.572186
0.571864
0.571535
0.571202
0.570862
0.570518
0.570168
0.569813
0.569452
0.569085
0.568714
0.568337
0.567954
0.567567
0.567174
0.566776
0.566374
0.565967
0.565556
0.56514
0.564721
0.564297
0.56387
0.563438
0.563004
0.562567
0.562127
0.561685
0.56124
0.560794
0.560346
0.559897
0.559447
0.558997
0.558546
0.558096
0.557646
0.557197
0.556749
0.556303
0.555859
0.555418
0.554979
0.554543
0.554111
0.553683
0.55326
0.552841
0.552427
0.552019
0.551616
0.55122
0.550831
0.550449
0.550075
0.549708
0.54935
0.549
0.548659
0.548327
0.548006
0.547694
0.547393
0.547102
0.546822
0.546553
0.546295
0.546049
0.545815
0.545593
0.545383
0.545185
0.545
0.544827
0.544667
0.54452
0.544385
0.544263
0.544154
0.544057
0.543973
0.543902
0.543843
0.543797
0.543763
0.543741
0.543732
0.543735
0.543749
0.543775
0.543812
0.543861
0.543921
0.543991
0.544072
0.544163
0.544263
0.544373
0.544492
0.54462
0.544757
0.544902
0.545054
0.545214
0.545381
0.545555
0.545735
0.54592
0.546112
0.546308
0.546509
0.546715
0.546924
0.547137
0.547352
0.54757
0.54779
0.548011
0.548233
0.548456
0.548679
0.548902
0.549124
0.549345
0.549564
0.549781
0.549995
0.550206
0.550413
0.550617
0.550816
0.551011
0.5512
0.551384
0.551562
0.551734
0.551898
0.552055
0.552203
0.552343
0.552475
0.552597
0.55271
0.552813
0.552906
0.552988
0.553059
0.553119
0.553167
0.553203
0.553227
0.553238
0.553237
0.553222
0.553194
0.553152
0.553097
0.553028
0.552945
0.552848
0.552737
0.552611
0.552472
0.552318
0.552149
0.551967
0.55177
0.55156
0.551336
0.551099
0.550847
0.550583
0.550305
0.550014
0.549711
0.549396
0.549069
0.548731
0.548381
0.548021
0.547651
0.547272
0.546884
0.546489
0.546085
0.545675
0.545259
0.544838
0.544413
0.543984
0.543552
0.543119
0.542684
0.542249
0.541815
0.541383
0.540953
0.540527
0.540105
0.539689
0.539278
0.538875
0.53848
0.538094
0.537718
0.537353
0.537
0.53666
0.536333
0.536021
0.535724
0.535442
0.535178
0.534931
0.534703
0.534493
0.534303
0.534133
0.533983
0.533854
0.533747
0.533662
0.533599
0.533559
0.533541
0.533547
0.533576
0.533627
0.533702
0.5338
0.533922
0.534066
0.534234
0.534425
0.534638
0.534873
0.535131
0.535411
0.535712
0.536034
0.536378
0.536741
0.537124
0.537527
0.537949
0.538389
0.538847
0.539322
0.539814
0.540323
0.540846
0.541385
0.541938
0.542505
0.543084
0.543676
0.544279
0.544894
0.545519
0.546155
0.546799
0.547452
0.548114
0.548782
0.549458
0.55014
0.550827
0.55152
0.552217
0.552917
0.553622
0.554329
0.555038
0.555748
0.55646
0.557173
0.557885
0.558598
0.55931
0.56002
0.560729
0.561436
0.56214
0.562841
0.563539
0.564233
0.564922
0.565608
0.566289
0.566964
0.567633
0.568297
0.568954
0.569605
0.570249
0.570885
0.571513
0.572133
0.572744
0.573347
0.57394
0.574525
0.575099
0.575664
0.576218
0.576761
0.577293
0.577814
0.578323
0.57882
0.579306
0.579779
0.580239
0.580686
0.58112
0.58154
0.581947
0.582339
0.582718
0.583081
0.58343
0.583764
0.584082
0.584385
0.584671
0.584941
0.585195
0.585432
0.585652
0.585855
0.58604
0.586208
0.586357
0.586489
0.586602
0.586696
0.586771
0.586826
0.586863
0.586879
0.586876
0.586853
0.586809
0.586745
0.586661
0.586556
0.58643
0.586284
0.586116
0.585927
0.585717
0.585485
0.585232
0.584958
0.584662
0.584345
0.584006
0.583645
0.583264
0.58286
0.582435
0.581989
0.581521
0.581032
0.580521
0.579988
0.579435
0.57886
0.578265
0.577649
0.577012
0.576354
0.575677
0.574979
0.574261
0.573524
0.572767
0.57199
0.571195
0.570381
0.569549
0.568698
0.56783
0.566944
0.566041
0.565121
0.564186
0.563234
0.562266
0.561283
0.560285
0.559273
0.558246
0.557205
0.556152
0.555086
0.554009
0.552919
0.551819
0.550707
0.549585
0.548454
0.547314
0.546164
0.545007
0.543842
0.542671
0.541493
0.54031
0.539122
0.537929
0.536733
0.535535
0.534334
0.533131
0.531927
0.530723
0.52952
0.528318
0.527117
0.52592
0.524726
0.523537
0.522352
0.521173
0.520001
0.518836
0.517679
0.516531
0.515393
0.514265
0.513148
0.512043
0.510951
0.509872
0.508808
0.507759
0.506725
0.505708
0.504708
0.503726
0.502763
0.501819
0.500897
0.499994
0.499114
0.498255
0.497419
0.496606
0.495818
0.495054
0.494315
0.493602
0.492916
0.492255
0.491622
0.491017
0.490439
0.48989
0.489369
0.488878
0.488415
0.487983
0.48758
0.487208
0.486867
0.486555
0.486274
0.486024
0.485806
0.485618
0.485461
0.485335
0.48524
0.485177
0.485143
0.485141
0.48517
0.485229
0.485318
0.485438
0.485587
0.485766
0.485975
0.486213
0.48648
0.486776
0.4871
0.487452
0.487832
0.488239
0.488674
0.489135
0.489622
0.490136
0.490675
0.491239
0.491828
0.492442
0.493079
0.49374
0.494423
0.495128
0.495855
0.496603
0.497372
0.49816
0.498969
0.499796
0.500642
0.501506
0.502387
0.503284
0.504198
0.505127
0.506072
0.507031
0.508004
0.50899
0.509988
0.510999
0.512022
0.513055
0.514099
0.515152
0.516214
0.517285
0.518363
0.519448
0.52054
0.521637
0.522739
0.523845
0.524956
0.52607
0.527186
0.528305
0.529424
0.530545
0.531666
0.532786
0.533905
0.535022
0.536137
0.537249
0.538357
0.539461
0.54056
0.541655
0.542743
0.543825
0.5449
0.545968
0.547028
0.54808
0.549123
0.550156
0.55118
0.552194
0.553197
0.55419
0.555171
0.55614
0.557096
0.55804
0.558971
0.559889
0.560793
0.561682
0.562557
0.563417
0.564262
0.565091
0.565904
0.566701
0.567482
0.568246
0.568993
0.569723
0.570436
0.57113
0.571807
0.572466
0.573107
0.573729
0.574334
0.57492
0.575487
0.576034
0.576563
0.577073
0.577563
0.578034
0.578485
0.578917
0.579329
0.579722
0.580094
0.580447
0.58078
0.581092
0.581385
0.581658
0.58191
0.582143
0.582356
0.582549
0.582723
0.582877
0.583011
0.583126
0.583222
0.583298
0.583355
0.583393
0.583412
0.583413
0.583395
0.583358
0.583304
0.583231
0.58314
0.583031
0.582905
0.582762
0.582601
0.582423
0.582229
0.582018
0.58179
0.581548
0.581289
0.581015
0.580727
0.580425
0.580109
0.579779
0.579437
0.579081
0.578713
0.578333
0.577942
0.57754
0.577128
0.576706
0.576275
0.575834
0.575386
0.574929
0.574466
0.573995
0.573519
0.573037
0.57255
0.572058
0.571563
0.571065
0.570564
0.570062
0.569558
0.569053
0.568549
0.568044
0.56754
0.567039
0.566539
0.566043
0.56555
0.565061
0.564577
0.564099
0.563627
0.563161
0.562702
0.562251
0.561807
0.561373
0.560948
0.560533
0.560129
0.559736
0.559354
0.558984
0.558627
0.558284
0.557953
0.557637
0.557335
0.557049
0.556778
0.556522
0.556283
0.556061
0.555856
0.555668
0.555497
0.555344
0.555209
0.555092
0.554993
0.554913
0.554851
0.554809
0.554785
0.55478
0.554795
0.554829
0.554882
0.554955
0.555046
0.555157
0.555286
0.555434
0.555601
0.555787
0.555991
0.556213
0.556453
0.556711
0.556986
0.557278
0.557587
0.557913
0.558255
0.558612
0.558984
0.559371
0.559772
0.560186
0.560614
0.561054
0.561507
0.561971
0.562446
0.562931
0.563426
0.56393
0.564443
0.564963
0.565491
0.566026
0.566567
0.567114
0.567665
0.568221
0.568781
0.569344
0.56991
0.570478
0.571048
0.571618
0.572188
0.572758
0.573328
0.573896
0.574462
0.575025
0.575585
0.576142
0.576694
0.577242
0.577784
0.578321
0.578853
0.579377
0.579896
0.580407
0.580911
0.581407
0.581895
0.582375
0.582846
0.583308
0.58376
0.584202
0.584635
0.585057
0.585468
0.585869
0.586259
0.586637
0.587004
0.58736
0.587703
0.588035
0.588356
0.588664
0.58896
0.589244
0.589516
0.589776
0.590025
0.59026
0.590484
0.590695
0.590895
0.591083
0.591259
0.591423
0.591576
0.591718
0.591848
0.591967
0.592075
0.592172
0.592258
0.592333
0.592398
0.592452
0.592496
0.592531
0.592556
0.592571
0.592579
0.592577
0.592567
0.592549
0.592524
0.592491
0.592451
0.592404
0.592351
0.592292
0.592227
0.592157
0.592082
0.592003
0.591919
0.591832
0.591741
0.591648
0.591552
0.591454
0.591353
0.591252
0.591149
0.591046
0.590942
0.590839
0.590736
0.590634
0.590533
0.590433
0.590336
0.590241
0.590149
0.590059
0.589973
0.58989
0.589812
0.589737
0.589668
0.589603
0.589543
0.589489
0.589441
0.589398
0.589362
0.589333
0.58931
0.589294
0.589285
0.589283
0.589287
0.589299
0.589318
0.589345
0.589379
0.58942
0.58947
0.589527
0.589591
0.589664
0.589744
0.589831
0.589927
0.59003
0.59014
0.590258
0.590382
0.590513
0.590651
0.590796
0.590947
0.591104
0.591268
0.591437
0.591612
0.591793
0.591979
0.59217
0.592365
0.592564
0.592768
0.592975
0.593185
0.593398
0.593614
0.593833
0.594053
0.594274
0.594497
0.59472
0.594943
0.595166
0.595388
0.595609
0.59583
0.596048
0.596264
0.596478
0.596688
0.596895
0.597098
0.597297
0.597491
0.59768
0.597864
0.598042
0.598213
0.598378
0.598535
0.598685
0.598827
0.59896
0.599085
0.599201
0.599307
0.599404
0.599489
0.599564
0.599627
0.599679
0.599718
0.599745
0.599759
0.599761
0.599749
0.599723
0.599684
0.59963
0.599562
0.599479
0.599381
0.599267
0.599138
0.598993
0.598831
0.598654
0.598459
0.598248
0.598019
0.597774
0.597511
0.59723
0.596931
0.596615
0.596281
0.59593
0.59556
0.595173
0.594767
0.594343
0.593901
0.593441
0.592963
0.592466
0.591951
0.591418
0.590867
0.590298
0.589711
0.589106
0.588483
0.587843
0.587185
0.58651
0.585818
0.585108
0.584382
0.583639
0.58288
0.582104
0.581313
0.580506
0.579684
0.578847
0.577995
0.577128
0.576247
0.575352
0.574444
0.573522
0.572588
0.571642
0.570685
0.569717
0.568737
0.567748
0.566748
0.565738
0.564719
0.563692
0.562657
0.561614
0.560564
0.559508
0.558446
0.55738
0.556309
0.555234
0.554156
0.553075
0.551991
0.550907
0.549821
0.548735
0.54765
0.546567
0.545485
0.544406
0.54333
0.542259
0.541191
0.540129
0.539072
0.538022
0.53698
0.535945
0.534919
0.533902
0.532895
0.531898
0.530913
0.529939
0.528978
0.52803
0.527095
0.526174
0.525267
0.524376
0.523499
0.522638
0.521793
0.520965
0.520154
0.51936
0.518583
0.517825
0.517085
0.516363
0.51566
0.514976
0.514311
0.513664
0.513037
0.512429
0.511841
0.511272
0.510722
0.510191
0.509679
0.509187
0.508713
0.508258
0.507822
0.507404
0.507005
0.506624
0.506261
0.505915
0.505587
0.505275
0.504981
0.504702
0.50444
0.504194
0.503964
0.503748
0.503547
0.503361
0.503188
0.50303
0.502885
0.502753
0.502634
0.502527
0.502432
0.502348
0.502275
0.502213
0.502161
0.502118
0.502085
0.502062
0.502046
0.502039
0.50204
0.502048
0.502064
0.502086
0.502115
0.50215
0.50219
0.502237
0.502288
0.502345
0.502406
0.502471
0.502541
0.502615
0.502691
0.502771
0.502855
0.50294
0.503029
0.50312
0.503213
0.503309
0.503406
0.503505
0.503605
0.503707
0.50381
0.503914
0.50402
0.504126
0.504234
0.504342
0.50445
0.504559
0.504668
0.504777
0.504886
0.504996
0.505105
0.505214
0.505324
0.505433
0.505542
0.505652
0.505761
0.50587
0.505979
0.506087
0.506196
0.506304
0.506413
0.506521
0.506628
0.506737
0.506845
0.506953
0.507061
0.507169
0.507278
0.507387
0.507496
0.507605
0.507715
0.507825
0.507936
0.508047
0.50816
0.508273
0.508387
0.508502
0.508618
0.508735
0.508853
0.508973
0.509093
0.509215
0.509339
0.509464
0.50959
0.509718
0.509847
0.509978
0.510109
0.510242
0.510377
0.510513
0.51065
0.510788
0.510928
0.511069
0.511212
0.511355
0.511501
0.511647
0.511794
0.511943
0.512092
0.512242
0.512393
0.512545
0.512697
0.51285
0.513003
0.513156
0.51331
0.513464
0.513617
0.513771
0.513924
0.514076
0.514228
0.51438
0.51453
0.514679
0.514828
0.514974
0.51512
0.515263
0.515406
0.515546
0.515684
0.515821
0.515955
0.516087
0.516216
0.516343
0.516466
0.516587
0.516704
0.516819
0.51693
0.517039
0.517143
0.517244
0.517342
0.517435
0.517525
0.517611
0.517693
0.517771
0.517845
0.517915
0.517981
0.518043
0.518101
0.518154
0.518204
0.518249
0.51829
0.518328
0.518361
0.518391
0.518417
0.518439
0.518457
0.518471
0.518482
0.518488
0.518491
0.518491
0.518487
0.51848
0.518469
0.518454
0.518437
0.518416
0.518393
0.518367
0.518338
0.518306
0.518272
0.518236
0.518197
0.518156
0.518112
0.518066
0.518019
0.51797
0.51792
0.517868
0.517814
0.517758
0.517701
0.517643
0.517583
0.517522
0.51746
0.517397
0.517333
0.517268
0.517203
0.517136
0.517069
0.517002
0.516934
0.516867
0.516798
0.51673
0.516662
0.516593
0.516525
0.516456
0.516388
0.516321
0.516254
0.516187
0.516121
0.516056
0.515992
0.515929
0.515868
0.515807
0.515749
0.515693
0.515638
0.515586
0.515536
0.51549
0.515446
0.515405
0.515367
0.515333
0.515303
0.515277
0.515255
0.515238
0.515227
0.515221
0.51522
0.515226
0.515237
0.515255
0.515281
0.515314
0.515354
0.515403
0.515461
0.515527
0.515602
0.515687
0.515782
0.515888
0.516003
0.51613
0.516268
0.516418
0.516581
0.516756
0.516944
0.517144
0.517358
0.517584
0.517825
0.518079
0.518347
0.518629
0.518925
0.519237
0.519563
0.519903
0.520259
0.520629
0.521014
0.521414
0.521828
0.522257
0.5227
0.523158
0.52363
0.524117
0.524618
0.525132
0.525661
0.526202
0.526757
0.527324
0.527904
0.528495
0.529099
0.529714
0.53034
0.530976
0.531623
0.532278
0.532943
0.533616
0.534297
0.534985
0.535681
0.536383
0.537092
0.537806
0.538525
0.539249
0.539976
0.540706
0.54144
0.542175
0.542913
0.543651
0.544391
0.54513
0.54587
0.546608
0.547345
0.54808
0.548813
0.549544
0.550272
0.550996
0.551716
0.552433
0.553144
0.553851
0.554553
0.555249
0.555939
0.556623
0.557301
0.557973
0.558638
0.559297
0.559948
0.560592
0.561229
0.561859
0.562481
0.563096
0.563704
0.564304
0.564896
0.565481
0.566059
0.566629
0.567192
0.567748
0.568296
0.568838
0.569372
0.5699
0.570422
0.570938
0.571447
0.57195
0.572446
0.572937
0.573423
0.573903
0.574377
0.574846
0.575311
0.575771
0.576227
0.576679
0.577126
0.57757
0.578011
0.578448
0.578882
0.579314
0.579742
0.580168
0.580591
0.581012
0.581431
0.581848
0.582264
0.582677
0.58309
0.5835
0.58391
0.584318
0.584725
0.585131
0.585536
0.585941
0.586345
0.586748
0.58715
0.587552
0.587953
0.588353
0.588753
0.589152
0.58955
0.589947
0.590344
0.59074
0.591136
0.59153
0.591924
0.592316
0.592707
0.593096
0.593484
0.593871
0.594255
0.594638
0.595019
0.595398
0.595773
0.596146
0.596517
0.596884
0.597248
0.59761
0.597969
0.598323
0.598674
0.599021
0.599363
0.599701
0.600034
0.600363
0.600686
0.601004
0.601316
0.601623
0.601924
0.602219
0.602509
0.602792
0.603069
0.60334
0.603605
0.603864
0.604116
0.604362
0.604601
0.604834
0.60506
0.60528
0.605493
0.6057
0.6059
0.606094
0.606281
0.606461
0.606636
0.606804
0.606967
0.607123
0.607274
0.607418
0.607557
0.607689
0.607816
0.607938
0.608054
0.608165
0.608271
0.608371
0.608466
0.608556
0.60864
0.60872
0.608794
0.608863
0.608926
0.608984
0.609036
0.609082
0.609124
0.609159
0.609188
0.609211
0.609229
0.60924
0.609245
0.609243
0.609235
0.60922
0.609198
0.609168
0.609131
0.609086
0.609033
0.608972
0.608902
0.608823
0.608734
0.608636
0.608528
0.608411
0.608283
0.608145
0.607996
0.607836
0.607666
0.607484
0.607291
0.607086
0.606869
0.60664
0.6064
0.606147
0.605883
0.605607
0.605318
0.605016
0.604702
0.604376
0.604038
0.603688
0.603326
0.602952
0.602566
0.602168
0.601759
0.601338
0.600907
0.600464
0.600011
0.599547
0.599073
0.598589
0.598096
0.597593
0.597082
0.596563
0.596035
0.5955
0.594959
0.59441
0.593856
0.593295
0.592729
0.592159
0.591583
0.591004
0.590422
0.589836
0.589248
0.588658
0.588066
0.587472
0.586879
0.586285
0.585692
0.585099
0.584508
0.583919
0.583331
0.582747
0.582166
0.581588
0.581014
0.580445
0.57988
0.57932
0.578766
0.578217
0.577675
0.57714
0.576611
0.57609
0.575576
0.575069
0.574571
0.57408
0.573598
0.573124
0.572658
0.572202
0.571754
0.571316
0.570887
0.570467
0.570057
0.569656
0.569266
0.568885
0.568514
0.568154
0.567804
0.567464
0.567134
0.566815
0.566505
0.566207
0.565918
0.565641
0.565374
0.565118
0.564872
0.564638
0.564413
0.5642
0.563997
0.563805
0.563624
0.563453
0.563293
0.563143
0.563005
0.562876
0.562759
0.562652
0.562555
0.562469
0.562393
0.562328
0.562273
0.562228
0.562194
0.56217
0.562156
0.562153
0.56216
0.562176
0.562203
0.562239
0.562286
0.562342
0.562407
0.562482
0.562567
0.562661
0.562764
0.562877
0.562998
0.563128
0.563266
0.563413
0.563569
0.563732
0.563903
0.564082
0.564268
0.564462
0.564662
0.56487
0.565084
0.565304
0.565531
0.565764
0.566002
0.566246
0.566495
0.566749
0.567008
0.567271
0.567538
0.567808
0.568082
0.568359
0.568639
0.568922
0.569207
0.569493
0.569781
0.570069
0.570358
0.570648
0.570936
0.571225
0.571512
0.571798
0.572082
0.572364
0.572643
0.57292
0.573194
0.573464
0.57373
0.573992
0.574249
0.574501
0.574747
0.574988
0.575223
0.575451
0.575672
0.575886
0.576093
0.576292
0.576483
0.576666
0.57684
0.577006
0.577162
0.577309
0.577447
0.577576
0.577695
0.577804
0.577903
0.577992
0.578071
0.57814
0.578198
0.578247
0.578285
0.578314
0.578332
0.578339
0.578337
0.578325
0.578303
0.578272
0.578232
0.578183
0.578125
0.578059
0.577985
0.577902
0.577812
0.577715
0.577611
0.5775
0.577383
0.577261
0.577134
0.577003
0.576867
0.576728
0.576585
0.576441
0.576295
0.576147
0.575999
0.57585
0.575702
0.575555
0.575409
0.575266
0.575126
0.574989
0.574857
0.574729
0.574607
0.57449
0.574379
0.574275
0.574179
0.57409
0.57401
0.573938
0.573876
0.573823
0.57378
0.573746
0.573724
0.573712
0.573711
0.573722
0.573744
0.573777
0.573822
0.573879
0.573947
0.574027
0.574118
0.574219
0.574332
0.574456
0.574591
0.574736
0.57489
0.575055
0.575229
0.575412
0.575604
0.575805
0.576014
0.57623
0.576453
0.576683
0.576919
0.577161
0.577408
0.577658
0.577913
0.578171
0.578432
0.578695
0.578961
0.579227
0.579493
0.57976
0.580026
0.58029
0.580553
0.580814
0.581071
0.581326
0.581576
0.581822
0.582062
0.582297
0.582526
0.582749
0.582964
0.583172
0.583372
0.583563
0.583746
0.583919
0.584083
0.584237
0.584381
0.584514
0.584636
0.584747
0.584847
0.584934
0.585009
0.585071
0.58512
0.585155
0.585177
0.585186
0.58518
0.58516
0.585126
0.585077
0.585013
0.584935
0.584842
0.584734
0.584611
0.584473
0.584319
0.584151
0.583967
0.583767
0.583552
0.583322
0.583076
0.582816
0.58254
0.582249
0.581943
0.581622
0.581286
0.580937
0.580573
0.580195
0.579803
0.579397
0.578978
0.578547
0.578102
0.577646
0.577179
0.5767
0.576211
0.575711
0.575202
0.574683
0.574156
0.573622
0.573079
0.57253
0.571975
0.571414
0.570849
0.57028
0.569708
0.569135
0.56856
0.567986
0.567411
0.566838
0.566268
0.565701
0.565139
0.564582
0.564033
0.56349
0.562957
0.562432
0.561918
0.561416
0.560926
0.56045
0.559989
0.559542
0.559112
0.558699
0.558304
0.557927
0.557569
0.557232
0.556914
0.556618
0.556344
0.556092
0.555862
0.555655
0.555472
0.555312
0.555175
0.555062
0.554971
0.554905
0.554861
0.55484
0.554842
0.554866
0.554911
0.554978
0.555064
0.55517
0.555295
0.555437
0.555596
0.555771
0.55596
0.556163
0.556378
0.556605
0.556841
0.557086
0.557337
0.557594
0.557855
0.558119
0.558383
0.558646
0.558907
0.559164
0.559415
0.55966
0.559895
0.56012
0.560332
0.56053
0.560713
0.560879
0.561026
0.561154
0.561259
0.561342
0.5614
0.561433
0.561439
0.561417
0.561366
0.561284
0.561172
0.561027
0.560849
0.560638
0.560391
0.56011
0.559792
0.559439
0.559048
0.558621
0.558156
0.557655
0.557116
0.55654
0.555927
0.555278
0.554591
0.553869
0.553112
0.55232
0.551495
0.550637
0.549746
0.548825
0.547874
0.546894
0.545887
0.544854
0.543796
0.542715
0.541613
0.540491
0.539352
0.538196
0.537026
0.535845
0.534652
0.533451
0.532244
0.531032
0.529818
0.528604
0.527392
0.526183
0.52498
0.523784
0.522599
0.521425
0.520264
0.519118
0.51799
0.51688
0.51579
0.514723
0.51368
0.512661
0.511669
0.510704
0.509769
0.508863
0.507989
0.507147
0.506338
0.505562
0.504821
0.504115
0.503444
0.502809
0.50221
0.501647
0.501121
0.500632
0.500179
0.499763
0.499382
0.499038
0.49873
0.498458
0.498221
0.498018
0.497849
0.497715
0.497613
0.497545
0.497508
0.497504
0.49753
0.497586
0.497672
0.497787
0.497931
0.498102
0.4983
0.498524
0.498774
0.499049
0.499349
0.499673
0.50002
0.500389
0.500781
0.501193
0.501626
0.502079
0.502551
0.503042
0.503551
0.504078
0.504622
0.505182
0.505759
0.506351
0.506958
0.507579
0.508214
0.508863
0.509524
0.510198
0.510883
0.511581
0.512288
0.513007
0.513735
0.514473
0.515219
0.515974
0.516737
0.517507
0.518285
0.519069
0.519859
0.520655
0.521455
0.52226
0.523068
0.52388
0.524693
0.525509
0.526326
0.527144
0.527962
0.528779
0.529595
0.530409
0.531221
0.532029
0.532834
0.533634
0.534428
0.535217
0.535999
0.536773
0.53754
0.538298
0.539047
0.539786
0.540514
0.541231
0.541935
0.542626
0.543304
0.543968
0.544616
0.545248
0.545863
0.546462
0.547043
0.547605
0.548149
0.548673
0.549177
0.54966
0.550122
0.550562
0.55098
0.551375
0.551748
0.552098
0.552424
0.552726
0.553004
0.553257
0.553486
0.55369
0.55387
0.554025
0.554155
0.554261
0.554341
0.554398
0.55443
0.554439
0.554425
0.554388
0.554329
0.554247
0.554144
0.55402
0.553875
0.55371
0.553525
0.553323
0.553103
0.552866
0.552613
0.552345
0.552064
0.551769
0.551462
0.551144
0.550816
0.550478
0.550132
0.549779
0.54942
0.549056
0.548688
0.548317
0.547944
0.54757
0.547196
0.546822
0.54645
0.54608
0.545714
0.545352
0.544995
0.544643
0.544298
0.543959
0.543627
0.543303
0.542988
0.542681
0.542384
0.542096
0.541818
0.541549
0.54129
0.541041
0.540802
0.540573
0.540354
0.540145
0.539945
0.539755
0.539574
0.539402
0.539239
0.539085
0.538939
0.538801
0.538671
0.538547
0.538431
0.538321
0.538217
0.538118
0.538024
0.537935
0.537851
0.53777
0.537693
0.537619
0.537549
0.53748
0.537415
0.537352
0.537291
0.537232
0.537173
0.537116
0.537059
0.537003
0.536948
0.536892
0.536837
0.536782
0.536727
0.536672
0.536616
0.536561
0.536505
0.536449
0.536393
0.536337
0.536281
0.536224
0.536168
0.536111
0.536055
0.535999
0.535943
0.535887
0.535832
0.535778
0.535724
0.535671
0.535619
0.535567
0.535516
0.535466
0.535417
0.535368
0.535321
0.535275
0.535229
0.535185
0.535142
0.5351
0.535059
0.535019
0.53498
0.534941
0.534904
0.534867
0.534831
0.534795
0.534759
0.534723
0.534686
0.53465
0.534612
0.534574
0.534534
0.534493
0.534451
0.534406
0.53436
0.534311
0.534259
0.534205
0.534148
0.534087
0.534023
0.533954
0.533881
0.533803
0.53372
0.533631
0.533537
0.533438
0.533332
0.53322
0.533101
0.532976
0.532844
0.532704
0.532557
0.532402
0.53224
0.532069
0.531889
0.531702
0.531506
0.531301
0.531087
0.530864
0.530632
0.530391
0.530141
0.529881
0.529613
0.529334
0.529047
0.52875
0.528444
0.528129
0.527806
0.527473
0.527132
0.526783
0.526426
0.526061
0.525689
0.525309
0.524922
0.524529
0.524129
0.523723
0.523311
0.522894
0.522472
0.522045
0.521614
0.52118
0.520742
0.520302
0.519861
0.519417
0.518972
0.518527
0.518082
0.517638
0.517195
0.516754
0.516315
0.515879
0.515446
0.515018
0.514594
0.514176
0.513764
0.513358
0.51296
0.512569
0.512186
0.511812
0.511447
0.511093
0.510749
0.510415
0.510093
0.509783
0.509485
0.509201
0.508929
0.508672
0.508428
0.5082
0.507986
0.507788
0.507606
0.507439
0.507289
0.507155
0.507038
0.506938
0.506854
0.506788
0.50674
0.506709
0.506696
0.5067
0.506722
0.506762
0.50682
0.506895
0.506988
0.507098
0.507226
0.507371
0.507533
0.507711
0.507906
0.508117
0.508343
0.508586
0.508844
0.509117
0.509405
0.509707
0.510023
0.510353
0.510695
0.511051
0.511418
0.511797
0.512187
0.512588
0.512999
0.513419
0.513849
0.514288
0.514735
0.515191
0.515654
0.516125
0.516601
0.517084
0.517572
0.518066
0.518564
0.519067
0.519574
0.520084
0.520598
0.521115
0.521634
0.522156
0.522679
0.523204
0.52373
0.524257
0.524785
0.525314
0.525844
0.526374
0.526905
0.527435
0.527966
0.528496
0.529027
0.529558
0.530089
0.530619
0.53115
0.531681
0.532212
0.532743
0.533274
0.533806
0.534338
0.534872
0.535406
0.535941
0.536477
0.537015
0.537554
0.538095
0.538638
0.539184
0.539732
0.540283
0.540836
0.541393
0.541953
0.542516
0.543083
0.543654
0.544229
0.544807
0.545391
0.545978
0.54657
0.547166
0.547767
0.548373
0.548983
0.549598
0.550218
0.550843
0.551472
0.552107
0.552746
0.553391
0.554039
0.554693
0.55535
0.556011
0.556676
0.557345
0.558017
0.558693
0.559371
0.560052
0.560736
0.561422
0.562109
0.562798
0.563489
0.56418
0.564871
0.565563
0.566254
0.566945
0.567634
0.568323
0.569009
0.569693
0.570375
0.571055
0.57173
0.572402
0.573069
0.573732
0.574389
0.57504
0.575685
0.576323
0.576955
0.57758
0.578198
0.578807
0.579408
0.58
0.580583
0.581155
0.581718
0.58227
0.582811
0.58334
0.583858
0.584364
0.584858
0.585339
0.585807
0.586261
0.586703
0.58713
0.587544
0.587943
0.588327
0.588697
0.589051
0.589391
0.589714
0.590022
0.590314
0.59059
0.59085
0.591094
0.591321
0.591532
0.591725
0.591901
0.59206
0.592201
0.592325
0.592431
0.59252
0.592591
0.592643
0.592678
0.592695
0.592694
0.592675
0.592638
0.592583
0.59251
0.592419
0.592309
0.592182
0.592036
0.591873
0.591691
0.591492
0.591276
0.591041
0.59079
0.590522
0.590236
0.589934
0.589615
0.589279
0.588927
0.588558
0.588174
0.587774
0.587358
0.586927
0.586481
0.586021
0.585546
0.585058
0.584556
0.58404
0.583512
0.582972
0.58242
0.581857
0.581282
0.580697
0.580102
0.579497
0.578883
0.578261
0.57763
0.576991
0.576346
0.575694
0.575036
0.574373
0.573705
0.573034
0.572359
0.571681
0.571001
0.57032
0.569636
0.568953
0.568269
0.567586
0.566904
0.566224
0.565547
0.564873
0.564203
0.563538
0.562877
0.562222
0.561573
0.560931
0.560297
0.559671
0.559053
0.558445
0.557846
0.557257
0.556679
0.556112
0.555558
0.555016
0.554488
0.553973
0.553472
0.552985
0.552514
0.552058
0.551618
0.551194
0.550788
0.550398
0.550026
0.549672
0.549337
0.549021
0.548724
0.548446
0.548189
0.547951
0.547735
0.547539
0.547364
0.54721
0.547078
0.546968
0.546879
0.546812
0.546767
0.546745
0.546745
0.546768
0.546813
0.546881
0.546971
0.547083
0.547218
0.547375
0.547553
0.547754
0.547976
0.548219
0.548484
0.548771
0.549078
0.549405
0.549753
0.55012
0.550507
0.550913
0.551338
0.551781
0.552242
0.55272
0.553215
0.553727
0.554255
0.554798
0.555357
0.55593
0.556518
0.557118
0.557731
0.558357
0.558994
0.559641
0.560299
0.560967
0.561643
0.562327
0.563019
0.563719
0.564424
0.565136
0.565852
0.566572
0.567296
0.568023
0.568751
0.569482
0.570213
0.570944
0.571675
0.572405
0.573133
0.573859
0.574582
0.575302
0.576017
0.576727
0.577433
0.578132
0.578824
0.579508
0.580185
0.580854
0.581514
0.582164
0.582804
0.583434
0.584052
0.584659
0.585254
0.585836
0.586405
0.586961
0.587503
0.58803
0.588543
0.589041
0.589524
0.58999
0.590441
0.590875
0.591292
0.591692
0.592075
0.592441
0.592789
0.593118
0.59343
0.593723
0.593997
0.594253
0.594489
0.594707
0.594906
0.595085
0.595245
0.595386
0.595508
0.595609
0.595692
0.595754
0.595798
0.595821
0.595825
0.59581
0.595775
0.595721
0.595648
0.595556
0.595444
0.595314
0.595165
0.594998
0.594812
0.594607
0.594384
0.594144
0.593885
0.59361
0.593318
0.593009
0.592682
0.59234
0.591981
0.591606
0.591216
0.590811
0.590391
0.589957
0.589509
0.589048
0.588574
0.588087
0.587589
0.587079
0.586558
0.586026
0.585484
0.584933
0.584374
0.583806
0.58323
0.582648
0.58206
0.581466
0.580866
0.580262
0.579655
0.579044
0.578432
0.577818
0.577203
0.576588
0.575974
0.575361
0.574751
0.574144
0.57354
0.572941
0.572346
0.571758
0.571176
0.570601
0.570034
0.569476
0.568927
0.568388
0.56786
0.567343
0.566838
0.566345
0.565865
0.5654
0.564948
0.564511
0.564089
0.563683
0.563293
0.56292
0.562564
0.562226
0.561905
0.561602
0.561318
0.561052
0.560805
0.560577
0.560369
0.560179
0.560009
0.559859
0.559728
0.559617
0.559524
0.559451
0.559397
0.559362
0.559345
0.559347
0.559366
0.559403
0.559457
0.559528
0.559615
0.559717
0.559835
0.559966
0.560111
0.560268
0.560438
0.560618
0.560809
0.561009
0.561218
0.561434
0.561657
0.561884
0.562116
0.562352
0.56259
0.562829
0.563068
0.563306
0.563542
0.563775
0.564003
0.564226
0.564442
0.564651
0.564851
0.565041
0.56522
0.565386
0.56554
0.565679
0.565802
0.56591
0.566001
0.566074
0.566128
0.566163
0.566177
0.56617
0.566142
0.566092
0.566019
0.565923
0.565804
0.56566
0.565493
0.565301
0.565085
0.564844
0.564579
0.564289
0.563974
0.563635
0.563271
0.562884
0.562473
0.562039
0.561581
0.561101
0.560599
0.560076
0.559532
0.558968
0.558384
0.557782
0.557162
0.556524
0.555871
0.555202
0.554518
0.553822
0.553112
0.552391
0.55166
0.550919
0.55017
0.549413
0.54865
0.547882
0.547109
0.546334
0.545556
0.544778
0.544001
0.543224
0.54245
0.541679
0.540912
0.540151
0.539396
0.538649
0.537909
0.537178
0.536456
0.535744
0.535044
0.534355
0.533679
0.533015
0.532365
0.531729
0.531108
0.530501
0.52991
0.529334
0.528774
0.52823
0.527702
0.527191
0.526697
0.52622
0.525759
0.525315
0.524887
0.524477
0.524082
0.523704
0.523342
0.522996
0.522665
0.522349
0.522049
0.521763
0.521492
0.521234
0.52099
0.520759
0.52054
0.520334
0.52014
0.519958
0.519786
0.519625
0.519475
0.519334
0.519203
0.519081
0.518969
0.518864
0.518768
0.51868
0.518599
0.518525
0.518459
0.518399
0.518346
0.518299
0.518259
0.518224
0.518194
0.51817
0.518151
0.518138
0.518129
0.518124
0.518124
0.518128
0.518137
0.518149
0.518165
0.518184
0.518206
0.518231
0.518259
0.51829
0.518323
0.518357
0.518393
0.518431
0.518469
0.518508
0.518547
0.518585
0.518623
0.51866
0.518696
0.518729
0.51876
0.518787
0.518811
0.518831
0.518846
0.518855
0.518858
0.518855
0.518845
0.518826
0.5188
0.518764
0.518719
0.518665
0.518599
0.518523
0.518435
0.518335
0.518223
0.518098
0.517959
0.517807
0.517641
0.517461
0.517266
0.517057
0.516834
0.516595
0.516342
0.516074
0.515792
0.515495
0.515183
0.514858
0.514519
0.514166
0.5138
0.513423
0.513032
0.512631
0.512218
0.511795
0.511362
0.51092
0.51047
0.510014
0.50955
0.509081
0.508607
0.508129
0.507649
0.507166
0.506683
0.5062
0.505718
0.505239
0.504762
0.504291
0.503825
0.503366
0.502914
0.502471
0.502037
0.501614
0.501202
0.500803
0.500417
0.500045
0.499689
0.499348
0.499025
0.498718
0.49843
0.498161
0.497911
0.497682
0.497474
0.497286
0.49712
0.496975
0.496853
0.496752
0.496674
0.496618
0.496585
0.496574
0.496585
0.496617
0.496672
0.496747
0.496844
0.496961
0.497099
0.497256
0.497433
0.497628
0.497842
0.498072
0.498319
0.498582
0.49886
0.499152
0.499458
0.499776
0.500105
0.500445
0.500795
0.501154
0.501521
0.501895
0.502275
0.502659
0.503048
0.503441
0.503836
0.504232
0.504629
0.505025
0.50542
0.505813
0.506202
0.506587
0.506967
0.507341
0.507709
0.508069
0.508422
0.508766
0.5091
0.509425
0.50974
0.510044
0.510336
0.510617
0.510885
0.51114
0.511382
0.511611
0.511825
0.512026
0.512212
0.512384
0.512542
0.512684
0.512812
0.512925
0.513022
0.513105
0.513173
0.513226
0.513265
0.513289
0.5133
0.513297
0.51328
0.513251
0.513209
0.513155
0.513089
0.513012
0.512924
0.512826
0.512719
0.512602
0.512477
0.512345
0.512205
0.51206
0.511909
0.511753
0.511594
0.511431
0.511266
0.5111
0.510933
0.510766
0.5106
0.510436
0.510275
0.510118
0.509965
0.509817
0.509676
0.509542
0.509416
0.509298
0.50919
0.509091
0.509004
0.508928
0.508865
0.508815
0.508778
0.508756
0.508749
0.508757
0.508782
0.508824
0.508882
0.508959
0.509054
0.509167
0.509299
0.509451
0.509622
0.509813
0.510025
0.510257
0.510511
0.510785
0.51108
0.511397
0.511735
0.512095
0.512477
0.51288
0.513305
0.513753
0.514222
0.514712
0.515224
0.515758
0.516313
0.516889
0.517486
0.518105
0.518744
0.519404
0.520084
0.520785
0.521505
0.522246
0.523006
0.523785
0.524583
0.525401
0.526236
0.527091
0.527963
0.528853
0.52976
0.530684
0.531626
0.532584
0.533558
0.534547
0.535553
0.536574
0.537609
0.538658
0.539722
0.540798
0.541888
0.542991
0.544107
0.545235
0.546374
0.547524
0.548684
0.549855
0.551034
0.552223
0.553421
0.554627
0.55584
0.557061
0.558288
0.559522
0.560761
0.562005
0.563254
0.564506
0.565763
0.567022
0.568283
0.569548
0.570814
0.57208
0.573347
0.574613
0.575878
0.577141
0.578402
0.57966
0.580915
0.582166
0.583411
0.584651
0.585885
0.587112
0.588332
0.589544
0.590747
0.591941
0.593125
0.594299
0.595461
0.596613
0.597752
0.598878
0.59999
0.601088
0.602171
0.603239
0.60429
0.605325
0.606343
0.607342
0.608324
0.609286
0.61023
0.611153
0.612057
0.612939
0.613799
0.614638
0.615453
0.616246
0.617015
0.617759
0.61848
0.619176
0.619846
0.620492
0.621111
0.621705
0.622272
0.622812
0.623325
0.623811
0.624269
0.624699
0.625101
0.625475
0.625821
0.626139
0.626428
0.626689
0.626921
0.627124
0.627298
0.627444
0.627561
0.627649
0.627709
0.62774
0.627742
0.627717
0.627663
0.627581
0.627471
0.627333
0.627168
0.626975
0.626756
0.62651
0.626238
0.62594
0.625617
0.625268
0.624894
0.624496
0.624074
0.623629
0.623161
0.622671
0.622159
0.621626
0.621072
0.620498
0.619904
0.619291
0.61866
0.618012
0.617346
0.616665
0.615968
0.615257
0.614531
0.613792
0.61304
0.612276
0.611501
0.610715
0.60992
0.609116
0.608304
0.607485
0.60666
0.605829
0.604994
0.604155
0.603313
0.602469
0.601623
0.600776
0.59993
0.599084
0.59824
0.597398
0.596559
0.595725
0.594894
0.594069
0.59325
0.592437
0.591631
0.590834
0.590044
0.589263
0.588492
0.587731
0.58698
0.586239
0.58551
0.584793
0.584088
0.583395
0.582715
0.582049
0.581395
0.580755
0.580129
0.579516
0.578917
0.578333
0.577762
0.577206
0.576663
0.576135
0.57562
0.575119
0.574632
0.574158
0.573697
0.57325
0.572816
0.572394
0.571985
0.571587
0.571201
0.570827
0.570463
0.570111
0.569769
0.569436
0.569114
0.5688
0.568494
0.568197
0.567907
0.567624
0.567348
0.567077
0.566813
0.566553
0.566298
0.566047
0.565799
0.565554
0.565312
0.565071
0.564832
0.564594
0.564357
0.56412
0.563882
0.563643
0.563403
0.563161
0.562916
0.562669
0.562419
0.562165
0.561907
0.561646
0.56138
0.561109
0.560833
0.560552
0.560265
0.559973
0.559675
0.55937
0.55906
0.558742
0.558418
0.558088
0.55775
0.557406
0.557055
0.556697
0.556333
0.555962
0.555584
0.5552
0.554809
0.554412
0.554009
0.5536
0.553184
0.552763
0.552336
0.551903
0.551466
0.551024
0.550578
0.550128
0.549674
0.549216
0.548754
0.54829
0.547823
0.547354
0.546883
0.546412
0.545939
0.545466
0.544993
0.54452
0.544048
0.543577
0.543108
0.54264
0.542175
0.541713
0.541255
0.5408
0.54035
0.539904
0.539464
0.539029
0.538601
0.538178
0.537763
0.537354
0.536953
0.53656
0.536175
0.535798
0.53543
0.535072
0.534722
0.534383
0.534054
0.533736
0.533428
0.53313
0.532844
0.532569
0.532305
0.532053
0.531813
0.531585
0.531369
0.531165
0.530974
0.530796
0.53063
0.530477
0.530337
0.53021
0.530095
0.529993
0.529905
0.529829
0.529765
0.529715
0.529677
0.529652
0.529639
0.529638
0.529649
0.529672
0.529708
0.529755
0.529814
0.529885
0.529967
0.530061
0.530166
0.530283
0.530411
0.530549
0.530697
0.530855
0.531024
0.531203
0.531391
0.531589
0.531795
0.532011
0.532235
0.532468
0.532709
0.532959
0.533217
0.533482
0.533756
0.534037
0.534326
0.534622
0.534924
0.535234
0.53555
0.535873
0.536202
0.536538
0.53688
0.537229
0.537583
0.537943
0.538309
0.53868
0.539057
0.539439
0.539826
0.540218
0.540616
0.541018
0.541425
0.541837
0.542254
0.542675
0.543101
0.543532
0.543968
0.544409
0.544855
0.545306
0.545761
0.546221
0.546687
0.547157
0.547633
0.548113
0.548599
0.549089
0.549585
0.550086
0.550593
0.551104
0.551621
0.552144
0.552672
0.553205
0.553745
0.55429
0.554841
0.555399
0.555962
0.556531
0.557106
0.557688
0.558276
0.55887
0.559471
0.560079
0.560693
0.561314
0.561941
0.562574
0.563214
0.56386
0.564513
0.565172
0.565837
0.566508
0.567185
0.567868
0.568557
0.569252
0.569952
0.570657
0.571368
0.572083
0.572803
0.573527
0.574256
0.574988
0.575723
0.576461
0.577203
0.577946
0.578691
0.579438
0.580186
0.580935
0.581683
0.582432
0.583179
0.583925
0.584669
0.58541
0.586148
0.586882
0.587612
0.588337
0.589057
0.589769
0.590475
0.591173
0.591863
0.592544
0.593214
0.593875
0.594525
0.595163
0.59579
0.596403
0.597002
0.597587
0.598158
0.598713
0.599252
0.599774
0.60028
0.600768
0.601239
0.601692
0.602126
0.602542
0.602938
0.603315
0.603672
0.604009
0.604326
0.604622
0.604898
0.605153
0.605387
0.6056
0.605792
0.605963
0.606112
0.606241
0.606349
0.606436
0.606502
0.606548
0.606574
0.606579
0.606564
0.606529
0.606475
0.606401
0.606308
0.606197
0.606067
0.605918
0.605752
0.605569
0.605369
0.605152
0.60492
0.604671
0.604408
0.604128
0.603835
0.603527
0.603205
0.602869
0.60252
0.602159
0.601786
0.6014
0.601003
0.600594
0.600176
0.599747
0.599308
0.598859
0.598402
0.597935
0.59746
0.596976
0.596484
0.595985
0.595479
0.594966
0.594447
0.593922
0.59339
0.592854
0.592312
0.591766
0.591216
0.590661
0.590103
0.589542
0.588978
0.58841
0.587841
0.58727
0.586697
0.586124
0.585549
0.584974
0.584399
0.583824
0.583249
0.582676
0.582104
0.581533
0.580964
0.580398
0.579835
0.579275
0.578719
0.578166
0.577617
0.577073
0.576533
0.575998
0.575469
0.574946
0.574428
0.573917
0.573412
0.572914
0.572423
0.57194
0.571465
0.570998
0.570539
0.570089
0.569647
0.569214
0.568789
0.568375
0.567969
0.567573
0.567187
0.566811
0.566444
0.566087
0.56574
0.565404
0.565078
0.564761
0.564456
0.56416
0.563875
0.563601
0.563337
0.563083
0.562839
0.562604
0.56238
0.562166
0.561961
0.561766
0.561581
0.561404
0.561237
0.561078
0.560929
0.560787
0.560654
0.560528
0.56041
0.560298
0.560194
0.560097
0.560006
0.55992
0.55984
0.559766
0.559696
0.55963
0.559569
0.559511
0.559457
0.559405
0.559357
0.55931
0.559265
0.559222
0.559179
0.559137
0.559095
0.559053
0.55901
0.558966
0.55892
0.558873
0.558823
0.55877
0.558714
0.558654
0.558591
0.558522
0.558449
0.558371
0.558287
0.558198
0.558102
0.558
0.557891
0.557775
0.557653
0.557522
0.557384
0.557239
0.557086
0.556925
0.556756
0.556579
0.556395
0.556203
0.556003
0.555795
0.55558
0.555358
0.55513
0.554895
0.554654
0.554407
0.554156
0.5539
0.55364
0.553376
0.55311
0.552842
0.552574
0.552305
0.552036
0.55177
0.551505
0.551245
0.550989
0.550738
0.550493
0.550256
0.550028
0.54981
0.549603
0.549408
0.549226
0.549059
0.548908
0.548773
0.548656
0.548557
0.548478
0.548419
0.548382
0.548367
0.548375
0.548407
0.548463
0.548544
0.548651
0.548784
0.548943
0.549128
0.549341
0.54958
0.549845
0.550138
0.550456
0.550801
0.551171
0.551566
0.551985
0.552429
0.552895
0.553384
0.553895
0.554426
0.554977
0.555546
0.556132
0.556735
0.557353
0.557985
0.55863
0.559286
0.559951
0.560626
0.561308
0.561996
0.562688
0.563385
0.564084
0.564784
0.565484
0.566183
0.566879
0.567571
0.568259
0.568942
0.569618
0.570286
0.570947
0.571597
0.572238
0.572869
0.573488
0.574095
0.574689
0.57527
0.575838
0.576392
0.576931
0.577455
0.577965
0.578459
0.578937
0.5794
0.579848
0.580279
0.580695
0.581094
0.581476
0.581843
0.582194
0.582528
0.582846
0.583149
0.583435
0.583706
0.583961
0.584202
0.584427
0.584638
0.584834
0.585016
0.585184
0.585339
0.585481
0.58561
0.585726
0.58583
0.585923
0.586004
0.586074
0.586133
0.586183
0.586222
0.586253
0.586274
0.586287
0.586291
0.586288
0.586277
0.58626
0.586237
0.586207
0.586172
0.586132
0.586088
0.586038
0.585985
0.585928
0.585868
0.585805
0.58574
0.585674
0.585605
0.585536
0.585466
0.585395
0.585325
0.585255
0.585185
0.585117
0.585051
0.584987
0.584925
0.584866
0.584809
0.584755
0.584704
0.584657
0.584613
0.584573
0.584537
0.584505
0.584478
0.584456
0.584438
0.584425
0.584417
0.584413
0.584415
0.584422
0.584435
0.584452
0.584475
0.584503
0.584536
0.584574
0.584618
0.584666
0.584719
0.584776
0.584838
0.584903
0.584973
0.585046
0.585123
0.585203
0.585286
0.585373
0.585461
0.585552
0.585644
0.585738
0.585834
0.58593
0.586026
0.586123
0.58622
0.586317
0.586412
0.586507
0.5866
0.586691
0.58678
0.586867
0.586951
0.587031
0.587108
0.587181
0.587249
0.587312
0.587369
0.587421
0.587467
0.587506
0.587538
0.587563
0.587581
0.587591
0.587593
0.587585
0.587569
0.587544
0.58751
0.587465
0.587409
0.587344
0.587268
0.58718
0.587082
0.586971
0.586849
0.586714
0.586566
0.586405
0.586232
0.586044
0.585843
0.585628
0.585399
0.585155
0.584895
0.584621
0.584331
0.584025
0.583704
0.583366
0.583012
0.582642
0.582254
0.58185
0.581429
0.58099
0.580533
0.580058
0.579565
0.579054
0.578525
0.577977
0.57741
0.576825
0.576221
0.575597
0.574954
0.574292
0.573611
0.57291
0.57219
0.571452
0.570693
0.569916
0.56912
0.568304
0.56747
0.566617
0.565747
0.564858
0.56395
0.563025
0.562083
0.561124
0.560147
0.559154
0.558146
0.557122
0.556084
0.555031
0.553965
0.552885
0.551793
0.550689
0.549574
0.54845
0.547315
0.546172
0.545022
0.543864
0.542701
0.541532
0.540361
0.539187
0.538011
0.536835
0.535659
0.534484
0.533313
0.532145
0.530984
0.529829
0.528682
0.527544
0.526417
0.525301
0.524199
0.523111
0.522039
0.520983
0.519946
0.518929
0.517932
0.516958
0.516007
0.51508
0.51418
0.513307
0.512461
0.511644
0.510858
0.510103
0.50938
0.508689
0.508032
0.50741
0.506823
0.506272
0.505757
0.50528
0.50484
0.504439
0.504076
0.503752
0.503467
0.503221
0.503015
0.502848
0.502721
0.502632
0.502582
0.502571
0.502598
0.502663
0.502766
0.502905
0.503082
0.503293
0.50354
0.503822
0.504137
0.504485
0.504865
0.505276
0.505717
0.506187
0.506685
0.50721
0.507761
0.508337
0.508937
0.509559
0.510202
0.510865
0.511547
0.512247
0.512964
0.513696
0.514442
0.515201
0.515972
0.516754
0.517545
0.518344
0.51915
0.519962
0.520779
0.5216
0.522423
0.523248
0.524074
0.524899
0.525723
0.526544
0.527363
0.528177
0.528987
0.529792
0.53059
0.531381
0.532165
0.53294
0.533707
0.534465
0.535214
0.535952
0.536679
0.537395
0.538101
0.538794
0.539475
0.540143
0.540799
0.541442
0.542072
0.542689
0.543294
0.543885
0.544463
0.545028
0.545581
0.54612
0.546648
0.547163
0.547666
0.548158
0.548637
0.549106
0.549564
0.550011
0.550448
0.550876
0.551294
0.551703
0.552103
0.552496
0.552881
0.553258
0.55363
0.553996
0.554356
0.554711
0.555062
0.555408
0.555752
0.556092
0.55643
0.556766
0.5571
0.557432
0.557765
0.558097
0.558429
0.558763
0.559097
0.559433
0.55977
0.56011
0.560452
0.560798
0.561146
0.561497
0.561852
0.56221
0.562572
0.562937
0.563307
0.56368
0.564058
0.564439
0.564824
0.565214
0.565606
0.566003
0.566403
0.566806
0.567212
0.567622
0.568034
0.568448
0.568863
0.569281
0.5697
0.57012
0.570541
0.570962
0.571383
0.571804
0.572224
0.572642
0.573058
0.573472
0.573883
0.574291
0.574696
0.575097
0.575494
0.575887
0.576274
0.576656
0.577032
0.577402
0.577765
0.578121
0.57847
0.578812
0.579146
0.579472
0.57979
0.580099
0.580399
0.580691
0.580973
0.581245
0.581507
0.581759
0.582002
0.582234
0.582455
0.582667
0.582867
0.583057
0.583236
0.583403
0.583561
0.583707
0.583842
0.583967
0.584081
0.584185
0.584277
0.584359
0.584431
0.584492
0.584542
0.584583
0.584613
0.584633
0.584642
0.584642
0.584632
0.584612
0.584583
0.584543
0.584494
0.584436
0.584369
0.584292
0.584206
0.584111
0.584008
0.583897
0.583777
0.583649
0.583513
0.583368
0.583215
0.583055
0.582886
0.58271
0.582526
0.582335
0.582136
0.581929
0.581715
0.581494
0.581265
0.581028
0.580784
0.580533
0.580274
0.580008
0.579734
0.579453
0.579165
0.578869
0.578565
0.578254
0.577935
0.577608
0.577273
0.57693
0.576578
0.576218
0.57585
0.575473
0.575088
0.574695
0.574293
0.573882
0.573463
0.573035
0.572598
0.572153
0.5717
0.571238
0.570768
0.570289
0.569802
0.569306
0.568802
0.568289
0.567768
0.567239
0.566702
0.566158
0.565605
0.565045
0.564478
0.563904
0.563323
0.562737
0.562144
0.561545
0.560941
0.560331
0.559717
0.559099
0.558477
0.557852
0.557224
0.556594
0.555962
0.55533
0.554697
0.554065
0.553433
0.552802
0.552174
0.551549
0.550928
0.550311
0.5497
0.549094
0.548495
0.547903
0.547319
0.546743
0.546177
0.545621
0.545076
0.544543
0.544022
0.543515
0.543022
0.542543
0.54208
0.541633
0.541203
0.54079
0.540395
0.54002
0.539663
0.539327
0.539011
0.538716
0.538443
0.538192
0.537964
0.537758
0.537575
0.537417
0.537282
0.537172
0.537086
0.537025
0.536988
0.536977
0.536991
0.53703
0.537095
0.537185
0.5373
0.53744
0.537606
0.537796
0.538011
0.538251
0.538515
0.538803
0.539114
0.53945
0.539808
0.540189
0.540592
0.541016
0.541461
0.541927
0.542412
0.542917
0.54344
0.543982
0.544541
0.545117
0.545709
0.546317
0.546939
0.547575
0.548224
0.548886
0.549559
0.550243
0.550937
0.55164
0.552351
0.55307
0.553796
0.554527
0.555264
0.556004
0.556748
0.557494
0.558241
0.55899
0.559737
0.560484
0.561229
0.561971
0.56271
0.563444
0.564173
0.564897
0.565614
0.566325
0.567027
0.567721
0.568406
0.569081
0.569746
0.570399
0.571041
0.57167
0.572286
0.572889
0.573478
0.574052
0.574611
0.575154
0.575682
0.576194
0.576689
0.577167
0.577627
0.57807
0.578495
0.578902
0.579291
0.57966
0.580011
0.580343
0.580656
0.58095
0.581224
0.581478
0.581712
0.581927
0.582122
0.582297
0.582453
0.582589
0.582705
0.582802
0.582879
0.582938
0.582978
0.582999
0.583002
0.582986
0.582951
0.582899
0.582829
0.582742
0.582638
0.582517
0.58238
0.582227
0.582058
0.581873
0.581674
0.58146
0.581232
0.58099
0.580734
0.580466
0.580186
0.579894
0.579591
0.579276
0.578952
0.578618
0.578275
0.577923
0.577564
0.577196
0.576822
0.576442
0.576055
0.575663
0.575266
0.574865
0.574461
0.574053
0.573642
0.573229
0.572814
0.572399
0.571982
0.571566
0.571151
0.570735
0.57032
0.569907
0.569495
0.569086
0.56868
0.568277
0.567877
0.567481
0.567089
0.566701
0.566317
0.565938
0.565564
0.565194
0.56483
0.564471
0.564117
0.563768
0.563424
0.563085
0.562752
0.562425
0.562102
0.561784
0.561472
0.561164
0.560862
0.560564
0.56027
0.559979
0.559693
0.55941
0.55913
0.558854
0.558579
0.558307
0.558036
0.557767
0.557498
0.55723
0.556962
0.556693
0.556424
0.556153
0.55588
0.555605
0.555327
0.555046
0.554761
0.554472
0.554179
0.55388
0.553575
0.553264
0.552947
0.552623
0.552291
0.551952
0.551605
0.551248
0.550882
0.550507
0.55012
0.549724
0.549317
0.548899
0.548469
0.548027
0.547573
0.547107
0.546628
0.546137
0.545634
0.545117
0.544587
0.544044
0.543488
0.542919
0.542337
0.541743
0.541135
0.540515
0.539883
0.539238
0.538581
0.537912
0.537232
0.536541
0.535839
0.535127
0.534406
0.533676
0.532937
0.53219
0.531435
0.530673
0.529905
0.529132
0.528354
0.527571
0.526785
0.525997
0.525206
0.524414
0.523622
0.52283
0.52204
0.521252
0.520466
0.519685
0.518907
0.518135
0.517369
0.516611
0.51586
0.515117
0.514384
0.51366
0.512947
0.512246
0.511556
0.510878
0.510213
0.509561
0.508923
0.5083
0.50769
0.507096
0.506517
0.505954
0.505407
0.504876
0.504361
0.503862
0.503381
0.502916
0.502467
0.502035
0.50162
0.501221
0.500839
0.500474
0.500125
0.499793
0.499477
0.499177
0.498893
0.498625
0.498373
0.498137
0.497916
0.497711
0.497522
0.497348
0.497189
0.497045
0.496916
0.496803
0.496704
0.49662
0.496551
0.496497
0.496458
0.496434
0.496425
0.496431
0.496453
0.49649
0.496542
0.49661
0.496693
0.496793
0.496908
0.497039
0.497187
0.497351
0.497532
0.49773
0.497945
0.498177
0.498427
0.498695
0.498982
0.499286
0.499609
0.499951
0.500313
0.500694
0.501095
0.501516
0.501958
0.50242
0.502904
0.503408
0.503934
0.50448
0.505048
0.505638
0.50625
0.506883
0.507538
0.508216
0.508915
0.509636
0.51038
0.511145
0.511933
0.512742
0.513573
0.514426
0.515301
0.516197
0.517114
0.518052
0.51901
0.519988
0.520986
0.522003
0.52304
0.524095
0.525169
0.52626
0.527368
0.528492
0.529631
0.530785
0.531954
0.533136
0.534331
0.535538
0.536756
0.537984
0.539223
0.54047
0.541725
0.542986
0.544254
0.545528
0.546805
0.548086
0.54937
0.550654
0.551939
0.553224
0.554506
0.555787
0.557064
0.558337
0.559605
0.560866
0.56212
0.563366
0.564604
0.565832
0.567049
0.568255
0.569449
0.570631
0.571799
0.572953
0.574092
0.575216
0.576324
0.577415
