-3.31766
-3.31781
-3.31781
-3.31796
-3.31811
-3.31811
-3.31841
-3.31826
-3.31841
-3.31826
-3.31826
-3.31857
-3.31887
-3.31902
-3.31902
-3.31902
-3.31902
-3.31887
-3.31917
-3.31872
-3.31872
-3.31887
-3.31872
-3.31872
-3.31872
-3.31857
-3.31887
-3.31872
-3.31857
-3.31887
-3.31902
-3.31902
-3.31902
-3.31917
-3.31887
-3.31887
-3.31857
-3.31842
-3.31857
-3.31872
-3.31887
-3.31872
-3.31857
-3.31827
-3.31827
-3.31857
-3.31812
-3.31827
-3.31812
-3.31797
-3.31797
-3.31797
-3.31842
-3.31842
-3.31857
-3.31857
-3.31857
-3.31857
-3.31842
-3.31857
-3.31872
-3.31842
-3.31842
-3.31827
-3.31827
-3.31857
-3.31917
-3.31902
-3.31902
-3.31902
-3.31917
-3.31963
-3.31963
-3.31963
-3.31963
-3.31963
-3.31917
-3.31932
-3.31917
-3.31917
-3.31932
-3.31902
-3.31887
-3.31887
-3.31887
-3.31857
-3.31827
-3.31827
-3.31781
-3.31811
-3.31811
-3.31766
-3.31751
-3.31751
-3.31766
-3.31766
-3.31751
-3.31751
-3.31721
-3.31736
-3.31751
-3.31736
-3.31751
-3.31781
-3.31781
-3.31796
-3.31781
-3.31751
-3.31751
-3.31766
-3.31766
-3.31751
-3.31766
-3.31812
-3.31812
-3.31781
-3.31766
-3.31781
-3.31766
-3.31751
-3.31721
-3.31736
-3.31751
-3.31751
-3.31736
-3.31691
-3.31691
-3.31721
-3.31706
-3.31706
-3.31736
-3.31751
-3.31691
-3.31691
-3.31676
-3.31661
-3.31645
-3.3163
-3.31645
-3.31615
-3.31615
-3.31615
-3.316
-3.316
-3.31585
-3.3157
-3.3157
-3.31524
-3.31509
-3.31494
-3.31509
-3.31509
-3.31524
-3.31539
-3.31539
-3.31539
-3.31539
-3.31539
-3.31509
-3.31494
-3.31494
-3.31478
-3.31478
-3.31478
-3.31478
-3.31463
-3.31448
-3.31463
-3.31448
-3.31508
-3.31508
-3.31524
-3.31508
-3.31493
-3.31524
-3.31539
-3.31569
-3.31539
-3.31539
-3.31524
-3.31524
-3.31539
-3.31524
-3.31524
-3.31539
-3.31539
-3.31554
-3.31539
-3.31524
-3.31524
-3.31524
-3.31524
-3.31524
-3.31524
-3.31525
-3.31555
-3.3154
-3.3157
-3.31555
-3.31585
-3.3157
-3.3154
-3.3154
-3.31555
-3.3157
-3.31601
-3.31601
-3.31601
-3.31616
-3.31616
-3.31616
-3.3157
-3.31555
-3.31555
-3.31555
-3.31555
-3.3157
-3.3154
-3.3157
-3.3154
-3.3157
-3.31555
-3.31555
-3.3157
-3.3157
-3.3154
-3.3154
-3.31555
-3.3154
-3.3154
-3.3154
-3.31525
-3.31525
-3.31525
-3.31525
-3.31555
-3.31555
-3.31525
-3.3151
-3.31555
-3.3154
-3.3154
-3.3157
-3.31555
-3.31555
-3.31495
-3.31495
-3.3151
-3.3151
-3.31479
-3.31479
-3.31479
-3.31479
-3.31464
-3.31479
-3.31479
-3.31449
-3.31464
-3.31464
-3.3151
-3.31555
-3.3157
-3.3154
-3.31525
-3.31555
-3.31555
-3.31525
-3.31525
-3.31525
-3.31525
-3.3151
-3.3151
-3.31494
-3.3151
-3.31479
-3.31464
-3.31479
-3.31434
-3.31449
-3.31434
-3.31449
-3.31434
-3.31449
-3.31449
-3.31464
-3.31449
-3.31434
-3.31449
-3.31434
-3.31449
-3.31434
-3.31419
-3.31419
-3.31449
-3.31434
-3.31419
-3.31449
-3.31449
-3.31464
-3.31449
-3.31449
-3.31419
-3.31388
-3.31388
-3.31373
-3.31328
-3.31328
-3.31298
-3.31313
-3.31328
-3.31328
-3.31404
-3.31449
-3.31449
-3.31449
-3.31434
-3.31404
-3.31404
-3.31388
-3.31388
-3.31388
-3.31404
-3.31404
-3.31404
-3.31404
-3.31388
-3.31388
-3.31388
-3.31404
-3.31404
-3.31358
-3.31343
-3.31313
-3.31298
-3.31298
-3.31313
-3.31313
-3.31313
-3.31328
-3.31298
-3.31313
-3.31283
-3.31253
-3.31253
-3.31253
-3.31268
-3.31283
-3.31283
-3.31313
-3.31328
-3.31343
-3.31374
-3.31358
-3.31389
-3.31434
-3.31434
-3.31434
-3.31434
-3.31419
-3.31404
-3.31404
-3.31404
-3.31434
-3.31449
-3.31419
-3.31419
-3.31434
-3.31464
-3.31449
-3.31449
-3.31479
-3.31449
-3.31464
-3.31479
-3.31509
-3.31494
-3.31524
-3.31524
-3.3154
-3.31524
-3.31524
-3.31524
-3.31524
-3.31539
-3.31524
-3.31524
-3.31509
-3.31494
-3.31479
-3.31464
-3.31479
-3.31479
-3.31434
-3.31479
-3.31464
-3.31494
-3.31494
-3.31494
-3.31464
-3.31479
-3.31464
-3.31479
-3.31479
-3.31479
-3.31449
-3.31419
-3.31419
-3.31449
-3.31449
-3.31479
-3.31479
-3.31494
-3.31479
-3.31464
-3.31479
-3.31464
-3.31479
-3.31495
-3.31495
-3.31479
-3.3151
-3.31525
-3.3151
-3.31495
-3.31495
-3.3151
-3.31555
-3.31585
-3.3157
-3.31555
-3.31525
-3.31495
-3.3148
-3.31495
-3.31465
-3.31465
-3.3148
-3.31465
-3.3145
-3.3148
-3.3151
-3.31541
-3.31525
-3.31495
-3.3151
-3.31525
-3.31541
-3.31556
-3.31556
-3.31571
-3.31556
-3.31571
-3.31556
-3.3154
-3.3154
-3.3154
-3.3154
-3.31525
-3.3151
-3.31495
-3.3151
-3.31525
-3.31525
-3.3151
-3.3151
-3.3151
-3.3151
-3.3154
-3.31555
-3.3151
-3.3151
-3.31525
-3.3151
-3.31464
-3.31479
-3.31494
-3.31494
-3.31509
-3.31494
-3.31494
-3.31509
-3.31524
-3.31524
-3.31554
-3.31554
-3.31554
-3.31524
-3.31539
-3.31539
-3.31524
-3.31524
-3.31539
-3.31509
-3.31509
-3.31494
-3.31509
-3.31493
-3.31478
-3.31493
-3.31493
-3.31463
-3.31478
-3.31509
-3.31524
-3.31524
-3.31524
-3.31524
-3.31509
-3.31509
-3.31539
-3.31569
-3.31584
-3.31584
-3.31614
-3.31584
-3.31584
-3.31584
-3.31599
-3.31569
-3.31584
-3.31569
-3.31554
-3.31554
-3.31569
-3.31554
-3.31554
-3.31524
-3.31509
-3.31464
-3.31479
-3.31479
-3.31479
-3.31479
-3.31449
-3.31449
-3.31494
-3.31494
-3.31479
-3.31464
-3.31464
-3.31449
-3.31479
-3.31479
-3.31464
-3.31494
-3.31509
-3.31509
-3.31494
-3.31494
-3.31464
-3.31449
-3.31449
-3.31449
-3.31449
-3.31464
-3.31509
-3.3151
-3.3151
-3.31525
-3.3154
-3.3154
-3.3157
-3.31555
-3.3154
-3.3154
-3.31555
-3.31555
-3.31555
-3.31555
-3.3157
-3.3154
-3.31555
-3.31525
-3.3151
-3.3154
-3.31555
-3.3157
-3.31585
-3.3157
-3.31555
-3.31555
-3.3157
-3.31601
-3.31601
-3.31646
-3.31631
-3.31616
-3.31616
-3.31631
-3.31646
-3.31661
-3.31661
-3.31676
-3.31661
-3.31676
-3.31691
-3.31691
-3.31722
-3.31722
-3.31737
-3.31722
-3.31707
-3.31691
-3.31691
-3.31676
-3.31661
-3.31646
-3.31616
-3.31601
-3.31586
-3.31555
-3.31555
-3.3154
-3.31525
-3.3157
-3.31555
-3.3154
-3.3157
-3.31585
-3.3154
-3.3154
-3.3157
-3.31555
-3.3154
-3.31525
-3.31525
-3.3151
-3.3151
-3.31525
-3.31525
-3.3154
-3.3157
-3.3157
-3.31585
-3.31585
-3.3157
-3.3157
-3.3157
-3.3154
-3.3154
-3.3154
-3.3154
-3.3154
-3.31555
-3.31524
-3.3154
-3.3154
-3.31524
-3.31509
-3.31539
-3.31539
-3.3157
-3.31585
-3.31585
-3.31585
-3.316
-3.31554
-3.3157
-3.31554
-3.31554
-3.31554
-3.31539
-3.31524
-3.31524
-3.31524
-3.31494
-3.31524
-3.31539
-3.31539
-3.31569
-3.31615
-3.31645
-3.316
-3.316
-3.31615
-3.316
-3.31585
-3.31585
-3.31585
-3.31569
-3.31554
-3.31554
-3.31569
-3.31554
-3.31554
-3.31554
-3.31554
-3.31539
-3.31554
-3.31569
-3.31615
-3.3166
-3.31645
-3.31645
-3.3163
-3.3163
-3.31615
-3.31585
-3.316
-3.316
-3.3163
-3.31615
-3.31645
-3.31645
-3.3166
-3.3166
-3.31645
-3.3166
-3.31675
-3.31691
-3.31675
-3.31706
-3.31691
-3.31691
-3.31691
-3.3166
-3.31676
-3.3166
-3.31645
-3.31676
-3.31676
-3.31645
-3.31615
-3.31615
-3.3163
-3.31645
-3.31645
-3.31676
-3.31661
-3.31706
-3.31721
-3.31721
-3.31736
-3.31736
-3.31721
-3.31736
-3.31691
-3.31676
-3.31631
-3.31631
-3.31615
-3.31631
-3.31646
-3.31646
-3.31646
-3.31616
-3.31585
-3.31585
-3.31616
-3.31661
-3.31676
-3.31676
-3.31691
-3.31691
-3.31676
-3.31691
-3.31706
-3.31676
-3.31706
-3.31706
-3.31721
-3.31676
-3.31676
-3.31676
-3.31661
-3.31676
-3.31706
-3.31691
-3.31706
-3.31706
-3.31691
-3.31706
-3.31706
-3.31721
-3.31736
-3.31767
-3.31751
-3.31721
-3.31706
-3.31706
-3.31706
-3.31706
-3.31691
-3.31751
-3.31766
-3.31797
-3.31797
-3.31797
-3.31782
-3.31827
-3.31827
-3.31797
-3.31766
-3.31766
-3.31751
-3.31706
-3.31691
-3.31646
-3.31676
-3.31676
-3.31676
-3.31676
-3.31661
-3.31645
-3.31661
-3.31645
-3.31661
-3.31676
-3.31676
-3.31676
-3.31676
-3.31691
-3.31661
-3.31615
-3.31615
-3.3163
-3.3163
-3.3163
-3.31615
-3.31646
-3.3163
-3.31615
-3.31615
-3.316
-3.3157
-3.3157
-3.3157
-3.3157
-3.316
-3.316
-3.31585
-3.3157
-3.3154
-3.3154
-3.3151
-3.3151
-3.3154
-3.3154
-3.31555
-3.3154
-3.3154
-3.316
-3.316
-3.31585
-3.31555
-3.31525
-3.31525
-3.31495
-3.31495
-3.31464
-3.31495
-3.31495
-3.31464
-3.31479
-3.31464
-3.31449
-3.31449
-3.31464
-3.3151
-3.31525
-3.3157
-3.31585
-3.31585
-3.31615
-3.31615
-3.31615
-3.3163
-3.3163
-3.3163
-3.31661
-3.31661
-3.31676
-3.31706
-3.31676
-3.31676
-3.31645
-3.316
-3.31615
-3.31615
-3.31615
-3.316
-3.31615
-3.31615
-3.3163
-3.3163
-3.31615
-3.31615
-3.316
-3.31585
-3.3157
-3.316
-3.31615
-3.31615
-3.31661
-3.31661
-3.31676
-3.31706
-3.31736
-3.31751
-3.31706
-3.31706
-3.31721
-3.31751
-3.31751
-3.31736
-3.31721
-3.31736
-3.31736
-3.31736
-3.31721
-3.31706
-3.31721
-3.31721
-3.31706
-3.31721
-3.31721
-3.31691
-3.31721
-3.31721
-3.31721
-3.31706
-3.31767
-3.31782
-3.31751
-3.31751
-3.31782
-3.31782
-3.31797
-3.31767
-3.31706
-3.31721
-3.31751
-3.31767
-3.31782
-3.31782
-3.31751
-3.31766
-3.31766
-3.31812
-3.31842
-3.31827
-3.31812
-3.31812
-3.31842
-3.31857
-3.31857
-3.31857
-3.31872
-3.31902
-3.31932
-3.31932
-3.31917
-3.31932
-3.31932
-3.31932
-3.31932
-3.31917
-3.31902
-3.31917
-3.31932
-3.31947
-3.31947
-3.31917
-3.31932
-3.31947
-3.31947
-3.31963
-3.31963
-3.31978
-3.31963
-3.31963
-3.31993
-3.31993
-3.32008
-3.31993
-3.32008
-3.31993
-3.31993
-3.31963
-3.31947
-3.31963
-3.31978
-3.31963
-3.31963
-3.31963
-3.31963
-3.31978
-3.31932
-3.31917
-3.31948
-3.31902
-3.31932
-3.31932
-3.31917
-3.31932
-3.31917
-3.31932
-3.31948
-3.31917
-3.31902
-3.31872
-3.31872
-3.31887
-3.31902
-3.31902
-3.31917
-3.31902
-3.31872
-3.31857
-3.31857
-3.31842
-3.31857
-3.31842
-3.31827
-3.31842
-3.31857
-3.31857
-3.31857
-3.31857
-3.31887
-3.31872
-3.31872
-3.31842
-3.31857
-3.31842
-3.31827
-3.31781
-3.31766
-3.31766
-3.31736
-3.31721
-3.31751
-3.31781
-3.31781
-3.31781
-3.31736
-3.31751
-3.31736
-3.31751
-3.31766
-3.31736
-3.31766
-3.31781
-3.31781
-3.31781
-3.31781
-3.31751
-3.31766
-3.31766
-3.31766
-3.31766
-3.31766
-3.31812
-3.31796
-3.31766
-3.31781
-3.31751
-3.31766
-3.31751
-3.31781
-3.31781
-3.31796
-3.31781
-3.31781
-3.31781
-3.31796
-3.31812
-3.31781
-3.31751
-3.31736
-3.31736
-3.31736
-3.31736
-3.31706
-3.31736
-3.31736
-3.31736
-3.31766
-3.31797
-3.31827
-3.31857
-3.31857
-3.31857
-3.31827
-3.31827
-3.31827
-3.31827
-3.31842
-3.31842
-3.31857
-3.31827
-3.31842
-3.31842
-3.31857
-3.31842
-3.31842
-3.31887
-3.31888
-3.31888
-3.31842
-3.31842
-3.31842
-3.31857
-3.31842
-3.31797
-3.31812
-3.31812
-3.31827
-3.31827
-3.31812
-3.31797
-3.31827
-3.31842
-3.31842
-3.31857
-3.31857
-3.31872
-3.31842
-3.31857
-3.31827
-3.31767
-3.31782
-3.31812
-3.31782
-3.31782
-3.31797
-3.31797
-3.31766
-3.31766
-3.31766
-3.31766
-3.31781
-3.31796
-3.31811
-3.31796
-3.31796
-3.31766
-3.31736
-3.31705
-3.31675
-3.31675
-3.31705
-3.31736
-3.31736
-3.31781
-3.31766
-3.31781
-3.31781
-3.31766
-3.31766
-3.31751
-3.31751
-3.31826
-3.31811
-3.31796
-3.31796
-3.31796
-3.31796
-3.31766
-3.31766
-3.3172
-3.3172
-3.31721
-3.31705
-3.31705
-3.31705
-3.31736
-3.31736
-3.31736
-3.31736
-3.31721
-3.31736
-3.31766
-3.31751
-3.31706
-3.31706
-3.31706
-3.31706
-3.31721
-3.31706
-3.31706
-3.31706
-3.31706
-3.31721
-3.31751
-3.31751
-3.31736
-3.31721
-3.31721
-3.31736
-3.31736
-3.31736
-3.31736
-3.31736
-3.31751
-3.31736
-3.31736
-3.31751
-3.31751
-3.31782
-3.31766
-3.31736
-3.31661
-3.31676
-3.31691
-3.31691
-3.31691
-3.31691
-3.31706
-3.31721
-3.31721
-3.31751
-3.31767
-3.31782
-3.31766
-3.31751
-3.31721
-3.31706
-3.31706
-3.31691
-3.31646
-3.31676
-3.31661
-3.31646
-3.31646
-3.3163
-3.3163
-3.3163
-3.31645
-3.31691
-3.31676
-3.31661
-3.3163
-3.31645
-3.3163
-3.3163
-3.3166
-3.3166
-3.3166
-3.3166
-3.31675
-3.3166
-3.31675
-3.31706
-3.31706
-3.31706
-3.31721
-3.31721
-3.31736
-3.31736
-3.31736
-3.31736
-3.31751
-3.31736
-3.31721
-3.31706
-3.31691
-3.31706
-3.31691
-3.31691
-3.31676
-3.3166
-3.31645
-3.31691
-3.31721
-3.31691
-3.31676
-3.31676
-3.31676
-3.31691
-3.31691
-3.31691
-3.31706
-3.31736
-3.31721
-3.31721
-3.31721
-3.31721
-3.31736
-3.31736
-3.31721
-3.31737
-3.31752
-3.31782
-3.31812
-3.31812
-3.31827
-3.31812
-3.31797
-3.31767
-3.31767
-3.31797
-3.31782
-3.31782
-3.31767
-3.31767
-3.31767
-3.31782
-3.31782
-3.31752
-3.31737
-3.31752
-3.31767
-3.31797
-3.31812
-3.31827
-3.31873
-3.31872
-3.31872
-3.31857
-3.31857
-3.31948
-3.31948
-3.31933
-3.31948
-3.31963
-3.31978
-3.31963
-3.31963
-3.31993
-3.31993
-3.31993
-3.32008
-3.32023
-3.32023
-3.32023
-3.32053
-3.32084
-3.32084
-3.32053
-3.32068
-3.32084
-3.32099
-3.32114
-3.32084
-3.32114
-3.32129
-3.32129
-3.32099
-3.32053
-3.32038
-3.32053
-3.32068
-3.32068
-3.32053
-3.32053
-3.32053
-3.32053
-3.32083
-3.32068
-3.32023
-3.32008
-3.31978
-3.31978
-3.31993
-3.31993
-3.31978
-3.31963
-3.31963
-3.31978
-3.32008
-3.32008
-3.32023
-3.32038
-3.32053
-3.32053
-3.32008
-3.32023
-3.32008
-3.32038
-3.32038
-3.32008
-3.31978
-3.31963
-3.32008
-3.32023
-3.32023
-3.32038
-3.32008
-3.32008
-3.32008
-3.32008
-3.32008
-3.32008
-3.31993
-3.32023
-3.32008
-3.31978
-3.31978
-3.32008
-3.32008
-3.31993
-3.31993
-3.31918
-3.31933
-3.31918
-3.31887
-3.31872
-3.31872
-3.31872
-3.31857
-3.31857
-3.31812
-3.31827
-3.31827
-3.31842
-3.31842
-3.31857
-3.31857
-3.31888
-3.31903
-3.31903
-3.31918
-3.31903
-3.31888
-3.31903
-3.31918
-3.31888
-3.31873
-3.31873
-3.31827
-3.31812
-3.31797
-3.31827
-3.31827
-3.31812
-3.31812
-3.31767
-3.31737
-3.31722
-3.31722
-3.31737
-3.31782
-3.31812
-3.31767
-3.31752
-3.31752
-3.31767
-3.31797
-3.31782
-3.31767
-3.31782
-3.31797
-3.31812
-3.31812
-3.31797
-3.31797
-3.31827
-3.31842
-3.31827
-3.31812
-3.31812
-3.31782
-3.31767
-3.31767
-3.31797
-3.31782
-3.31767
-3.31797
-3.31812
-3.31812
-3.31797
-3.31782
-3.31766
-3.31797
-3.31827
-3.31827
-3.31857
-3.31827
-3.31857
-3.31872
-3.31902
-3.31872
-3.31857
-3.31812
-3.31827
-3.31872
-3.31872
-3.31887
-3.31872
-3.31857
-3.31827
-3.31842
-3.31857
-3.31857
-3.31842
-3.31812
-3.31827
-3.31842
-3.31812
-3.31781
-3.31812
-3.31812
-3.31827
-3.31842
-3.31872
-3.31857
-3.31827
-3.31827
-3.31827
-3.31842
-3.31827
-3.31812
-3.31827
-3.31827
-3.31812
-3.31857
-3.31872
-3.31842
-3.31842
-3.31857
-3.31872
-3.31872
-3.31827
-3.31797
-3.31812
-3.31842
-3.31827
-3.31812
-3.31827
-3.31812
-3.31827
-3.31842
-3.31827
-3.31827
-3.31842
-3.31842
-3.31888
-3.31872
-3.31842
-3.31872
-3.31872
-3.31857
-3.31872
-3.31887
-3.31887
-3.31887
-3.31948
-3.31963
-3.31948
-3.31918
-3.31887
-3.31918
-3.31933
-3.31948
-3.31963
-3.31933
-3.31933
-3.31933
-3.31933
-3.31918
-3.31933
-3.31903
-3.31887
-3.31887
-3.31903
-3.31903
-3.31918
-3.31948
-3.31933
-3.31918
-3.31887
-3.31903
-3.31918
-3.31948
-3.31963
-3.31948
-3.31933
-3.31948
-3.31948
-3.31978
-3.31963
-3.31963
-3.32009
-3.32009
-3.32009
-3.31978
-3.31978
-3.31993
-3.31978
-3.31978
-3.31963
-3.31963
-3.31963
-3.31963
-3.31994
-3.32009
-3.32009
-3.32009
-3.32009
-3.32009
-3.32024
-3.32024
-3.32024
-3.32024
-3.32039
-3.31994
-3.31994
-3.32024
-3.32024
-3.32024
-3.32009
-3.32009
-3.32024
-3.32054
-3.32054
-3.321
-3.32084
-3.321
-3.321
-3.32084
-3.321
-3.32084
-3.321
-3.321
-3.32145
-3.32145
-3.32115
-3.32115
-3.321
-3.321
-3.32085
-3.32069
-3.32054
-3.32039
-3.32054
-3.32039
-3.32054
-3.32039
-3.32039
-3.32054
-3.32024
-3.32039
-3.32084
-3.32115
-3.32115
-3.32099
-3.32115
-3.3213
-3.32145
-3.3216
-3.3216
-3.32175
-3.3219
-3.32175
-3.3219
-3.32175
-3.32175
-3.3219
-3.3219
-3.3219
-3.3219
-3.3219
-3.3219
-3.3216
-3.32145
-3.32145
-3.32129
-3.32145
-3.3216
-3.32145
-3.32145
-3.32129
-3.32144
-3.32129
-3.32144
-3.32129
-3.32129
-3.32144
-3.32129
-3.32144
-3.32144
-3.32144
-3.32144
-3.32129
-3.32144
-3.32175
-3.32145
-3.32129
-3.32129
-3.32114
-3.3216
-3.32129
-3.32114
-3.32099
-3.32084
-3.32099
-3.32099
-3.32099
-3.32115
-3.3213
-3.3213
-3.32145
-3.32099
-3.32069
-3.32069
-3.32069
-3.32084
-3.32069
-3.32054
-3.32039
-3.32069
-3.32054
-3.32054
-3.32054
-3.32069
-3.32054
-3.32054
-3.32054
-3.32084
-3.32069
-3.32054
-3.32039
-3.32054
-3.32054
-3.32069
-3.32084
-3.321
-3.321
-3.32145
-3.32145
-3.32145
-3.32115
-3.32115
-3.32145
-3.3216
-3.32175
-3.3222
-3.3222
-3.32251
-3.32235
-3.32251
-3.32235
-3.3222
-3.3222
-3.32235
-3.3219
-3.32205
-3.32235
-3.32266
-3.32281
-3.32251
-3.32235
-3.32235
-3.32251
-3.32251
-3.32281
-3.32296
-3.32296
-3.32311
-3.32311
-3.32326
-3.32296
-3.32251
-3.3222
-3.32205
-3.3216
-3.32175
-3.32205
-3.3222
-3.32235
-3.3222
-3.32235
-3.32251
-3.3222
-3.32205
-3.32175
-3.32175
-3.32145
-3.32145
-3.3216
-3.3219
-3.32175
-3.32145
-3.3213
-3.32145
-3.3213
-3.32085
-3.32069
-3.32085
-3.32085
-3.3213
-3.32175
-3.3216
-3.32175
-3.3219
-3.3216
-3.32145
-3.32145
-3.32175
-3.3216
-3.3216
-3.32175
-3.32206
-3.32206
-3.3219
-3.3219
-3.3219
-3.32175
-3.3216
-3.32145
-3.32145
-3.3213
-3.32115
-3.321
-3.3207
-3.32039
-3.32039
-3.32024
-3.31994
-3.31994
-3.31979
-3.32024
-3.32009
-3.32009
-3.32009
-3.31994
-3.31994
-3.32009
-3.32009
-3.31979
-3.32024
-3.32039
-3.3207
-3.32055
-3.3207
-3.32085
-3.32085
-3.321
-3.321
-3.321
-3.32085
-3.321
-3.32115
-3.32115
-3.3216
-3.32176
-3.32221
-3.32236
-3.32251
-3.32221
-3.32236
-3.32251
-3.32206
-3.32206
-3.32191
-3.32175
-3.3216
-3.32145
-3.32175
-3.32191
-3.32175
-3.3219
-3.3219
-3.32206
-3.32221
-3.32221
-3.32236
-3.32236
-3.32221
-3.3219
-3.3219
-3.32221
-3.3219
-3.32175
-3.3216
-3.32145
-3.3213
-3.32115
-3.32085
-3.321
-3.321
-3.32115
-3.32069
-3.32054
-3.32069
-3.32039
-3.32039
-3.32039
-3.32039
-3.32054
-3.32024
-3.32039
-3.32009
-3.31994
-3.31994
-3.32009
-3.32009
-3.31994
-3.31994
-3.32009
-3.32039
-3.32054
-3.32084
-3.32084
-3.32069
-3.32054
-3.32039
-3.32039
-3.32024
-3.32039
-3.32054
-3.32054
-3.32024
-3.32009
-3.32009
-3.32009
-3.31964
-3.31964
-3.31964
-3.31949
-3.31949
-3.31949
-3.31964
-3.31964
-3.31979
-3.31994
-3.31979
-3.31979
-3.32039
-3.32039
-3.32054
-3.32054
-3.32085
-3.321
-3.3213
-3.32115
-3.32115
-3.321
-3.3207
-3.32054
-3.3207
-3.32085
-3.32085
-3.32085
-3.32085
-3.32085
-3.32085
-3.3213
-3.3213
-3.32115
-3.3213
-3.32145
-3.32145
-3.3216
-3.32145
-3.3213
-3.32085
-3.321
-3.32085
-3.32085
-3.32069
-3.321
-3.32085
-3.32085
-3.32085
-3.32085
-3.32054
-3.3207
-3.32054
-3.3207
-3.32085
-3.32055
-3.321
-3.321
-3.32085
-3.32055
-3.3207
-3.32055
-3.321
-3.32085
-3.32115
-3.32115
-3.32115
-3.321
-3.321
-3.32085
-3.32055
-3.3204
-3.32055
-3.32025
-3.32025
-3.32009
-3.32055
-3.32025
-3.3204
-3.3204
-3.32009
-3.31979
-3.31979
-3.31994
-3.31994
-3.31964
-3.31949
-3.31949
-3.31949
-3.31949
-3.31934
-3.31949
-3.31949
-3.31949
-3.31934
-3.31889
-3.31858
-3.31858
-3.31858
-3.31904
-3.31919
-3.31979
-3.31979
-3.31979
-3.31994
-3.31964
-3.31979
-3.31979
-3.31949
-3.32009
-3.31994
-3.32009
-3.32009
-3.31994
-3.31994
-3.31994
-3.31979
-3.31934
-3.31949
-3.31918
-3.31933
-3.31949
-3.31979
-3.31979
-3.32009
-3.31994
-3.31964
-3.31948
-3.31918
-3.31918
-3.31918
-3.31903
-3.31918
-3.31933
-3.31903
-3.31903
-3.31903
-3.31873
-3.31873
-3.31873
-3.31903
-3.31903
-3.31933
-3.31918
-3.31918
-3.31948
-3.31948
-3.31948
-3.31948
-3.31994
-3.31994
-3.31994
-3.31994
-3.32009
-3.32009
-3.31994
-3.31964
-3.31994
-3.31994
-3.31979
-3.32024
-3.31964
-3.31964
-3.31933
-3.31933
-3.31933
-3.31979
-3.32009
-3.32009
-3.32024
-3.32024
-3.32009
-3.32009
-3.32009
-3.31979
-3.31979
-3.31964
-3.31964
-3.31964
-3.31964
-3.31934
-3.31934
-3.31918
-3.31918
-3.31918
-3.31918
-3.31934
-3.31933
-3.31933
-3.31949
-3.31949
-3.31903
-3.31918
-3.31933
-3.31979
-3.31979
-3.31979
-3.31964
-3.31964
-3.31979
-3.31979
-3.32009
-3.32024
-3.32039
-3.32039
-3.32069
-3.32069
-3.32054
-3.32024
-3.32009
-3.32039
-3.32039
-3.31994
-3.31994
-3.31964
-3.31964
-3.31979
-3.31979
-3.31964
-3.31964
-3.31979
-3.31979
-3.32009
-3.32009
-3.32039
-3.32054
-3.32039
-3.32054
-3.32024
-3.32024
-3.32039
-3.32084
-3.32084
-3.32085
-3.32024
-3.32024
-3.32024
-3.32054
-3.32069
-3.32069
-3.32069
-3.32069
-3.3207
-3.32085
-3.32085
-3.32085
-3.32085
-3.32085
-3.3207
-3.3207
-3.32054
-3.31979
-3.31979
-3.32009
-3.31994
-3.31994
-3.32009
-3.32009
-3.32024
-3.32009
-3.31994
-3.31979
-3.31994
-3.31964
-3.31964
-3.31949
-3.31964
-3.31964
-3.31964
-3.31979
-3.31964
-3.31979
-3.32009
-3.31979
-3.31979
-3.31964
-3.31979
-3.32009
-3.3201
-3.3201
-3.3201
-3.3201
-3.31994
-3.31979
-3.31964
-3.31949
-3.31964
-3.31979
-3.31979
-3.31964
-3.31979
-3.31979
-3.31995
-3.31994
-3.31994
-3.31964
-3.31964
-3.31979
-3.31964
-3.3201
-3.31995
-3.31995
-3.31995
-3.31995
-3.3204
-3.3201
-3.3204
-3.3204
-3.32055
-3.3207
-3.3207
-3.3204
-3.3201
-3.32025
-3.3201
-3.32025
-3.32025
-3.3204
-3.32055
-3.32055
-3.3207
-3.3207
-3.32025
-3.32009
-3.32024
-3.31994
-3.31979
-3.31964
-3.31949
-3.31979
-3.31979
-3.31994
-3.31979
-3.31979
-3.31964
-3.31964
-3.31964
-3.31949
-3.31964
-3.31964
-3.31964
-3.31948
-3.31933
-3.31948
-3.31918
-3.31888
-3.31873
-3.31873
-3.31843
-3.31873
-3.31888
-3.31903
-3.31903
-3.31903
-3.31948
-3.31948
-3.31948
-3.31948
-3.31933
-3.31918
-3.31842
-3.31873
-3.31858
-3.31842
-3.31827
-3.31858
-3.31858
-3.31858
-3.31858
-3.31843
-3.31858
-3.31843
-3.31873
-3.31888
-3.31858
-3.31843
-3.31843
-3.31843
-3.31828
-3.31843
-3.31858
-3.31873
-3.31873
-3.31873
-3.31888
-3.31888
-3.31888
-3.31888
-3.31904
-3.31889
-3.31889
-3.31889
-3.31904
-3.31934
-3.31919
-3.31904
-3.31919
-3.31949
-3.31964
-3.31964
-3.31919
-3.31874
-3.31889
-3.31904
-3.31934
-3.31949
-3.31949
-3.31949
-3.31949
-3.31964
-3.31964
-3.31934
-3.31934
-3.31934
-3.31964
-3.31964
-3.31964
-3.31949
-3.31934
-3.31904
-3.31904
-3.31904
-3.31889
-3.31904
-3.31919
-3.31874
-3.31904
-3.31904
-3.31904
-3.31889
-3.31889
-3.31859
-3.31844
-3.31829
-3.31859
-3.31844
-3.31814
-3.31814
-3.31783
-3.31783
-3.31783
-3.31799
-3.31814
-3.31814
-3.31829
-3.31829
-3.31799
-3.31829
-3.31829
-3.31829
-3.31829
-3.31844
-3.31859
-3.31844
-3.31844
-3.31859
-3.31829
-3.31829
-3.31814
-3.31814
-3.31829
-3.31829
-3.31829
-3.31859
-3.31874
-3.31874
-3.31859
-3.31844
-3.31829
-3.31859
-3.31844
-3.31859
-3.31859
-3.31859
-3.31859
-3.31843
-3.31889
-3.31889
-3.31874
-3.31889
-3.31889
-3.31858
-3.31858
-3.31888
-3.31888
-3.31873
-3.31873
-3.31888
-3.31888
-3.31903
-3.31858
-3.31858
-3.31873
-3.31858
-3.31843
-3.31843
-3.31828
-3.31828
-3.31782
-3.31767
-3.31782
-3.31767
-3.31752
-3.31737
-3.31752
-3.31752
-3.31752
-3.31737
-3.31737
-3.31722
-3.31722
-3.31692
-3.31707
-3.31661
-3.31662
-3.31631
-3.31631
-3.31662
-3.31662
-3.31662
-3.31677
-3.31692
-3.31707
-3.31707
-3.31692
-3.31677
-3.31662
-3.31662
-3.31662
-3.31677
-3.31677
-3.31692
-3.31692
-3.31707
-3.31692
-3.31722
-3.31722
-3.31738
-3.31722
-3.31723
-3.31707
-3.31692
-3.31708
-3.31708
-3.31723
-3.31723
-3.31723
-3.31708
-3.31723
-3.31753
-3.31768
-3.31768
-3.31768
-3.31768
-3.31753
-3.31768
-3.31783
-3.31768
-3.31783
-3.31768
-3.31753
-3.31753
-3.31753
-3.31768
-3.31753
-3.31753
-3.31723
-3.31723
-3.31678
-3.31678
-3.31708
-3.31723
-3.31708
-3.31693
-3.31708
-3.31723
-3.31678
-3.31678
-3.31693
-3.31708
-3.31738
-3.31738
-3.31738
-3.31738
-3.31784
-3.31784
-3.31769
-3.31784
-3.31814
-3.31799
-3.31784
-3.31829
-3.31829
-3.31829
-3.31799
-3.31784
-3.31754
-3.31769
-3.31769
-3.31769
-3.31769
-3.31754
-3.31784
-3.31769
-3.31769
-3.31769
-3.31784
-3.31814
-3.31814
-3.31814
-3.31799
-3.31829
-3.31814
-3.31859
-3.31859
-3.31889
-3.31874
-3.31904
-3.31904
-3.31904
-3.31904
-3.31919
-3.31935
-3.31935
-3.3195
-3.31934
-3.31919
-3.31934
-3.31965
-3.31965
-3.3198
-3.31995
-3.31995
-3.3204
-3.3204
-3.3207
-3.32085
-3.3207
-3.32085
-3.32085
-3.32085
-3.321
-3.3207
-3.32055
-3.3207
-3.32055
-3.3207
-3.32085
-3.3207
-3.32055
-3.3204
-3.32055
-3.3204
-3.32055
-3.3207
-3.3207
-3.321
-3.3207
-3.3207
-3.32085
-3.3207
-3.32085
-3.321
-3.321
-3.321
-3.321
-3.32115
-3.32115
-3.321
-3.3207
-3.3207
-3.321
-3.321
-3.3207
-3.32055
-3.32055
-3.32009
-3.32009
-3.31994
-3.31964
-3.31949
-3.31934
-3.31934
-3.31904
-3.31919
-3.31919
-3.31949
-3.31949
-3.31964
-3.31964
-3.31949
-3.31949
-3.31949
-3.31964
-3.3198
-3.3201
-3.3201
-3.3204
-3.3204
-3.32025
-3.32025
-3.32055
-3.3204
-3.3204
-3.31995
-3.3201
-3.3201
-3.3201
-3.3201
-3.31995
-3.31995
-3.32025
-3.3204
-3.32056
-3.32071
-3.32086
-3.32071
-3.32056
-3.32071
-3.3204
-3.32071
-3.32101
-3.32071
-3.32071
-3.3204
-3.3204
-3.32055
-3.32055
-3.3204
-3.3201
-3.31995
-3.3201
-3.31965
-3.3198
-3.31965
-3.31949
-3.31919
-3.3198
-3.31934
-3.31949
-3.31934
-3.31934
-3.31919
-3.31904
-3.31934
-3.31934
-3.31934
-3.31889
-3.31904
-3.31904
-3.31949
-3.31964
-3.31964
-3.31934
-3.31949
-3.31979
-3.31949
-3.31964
-3.31964
-3.31949
-3.31934
-3.31919
-3.31919
-3.31934
-3.31919
-3.31904
-3.31889
-3.31919
-3.31904
-3.31889
-3.31874
-3.31859
-3.31859
-3.31859
-3.31889
-3.31844
-3.31828
-3.31844
-3.31859
-3.31859
-3.31859
-3.31813
-3.31798
-3.31798
-3.31783
-3.31768
-3.31768
-3.31753
-3.31723
-3.31723
-3.31723
-3.31738
-3.31753
-3.31738
-3.31738
-3.31707
-3.31692
-3.31708
-3.31662
-3.31692
-3.31708
-3.31708
-3.31662
-3.31632
-3.31617
-3.31647
-3.31677
-3.31677
-3.31677
-3.31662
-3.31662
-3.31693
-3.31693
-3.31708
-3.31723
-3.31723
-3.31708
-3.31708
-3.31693
-3.31678
-3.31663
-3.31647
-3.31663
-3.31693
-3.31708
-3.31693
-3.31678
-3.31708
-3.31723
-3.31723
-3.31723
-3.31738
-3.31769
-3.31753
-3.31769
-3.31784
-3.31784
-3.31784
-3.31814
-3.31844
-3.31829
-3.31844
-3.31784
-3.31754
-3.31738
-3.31754
-3.31769
-3.31784
-3.31784
-3.31784
-3.31799
-3.31814
-3.31814
-3.31769
-3.31829
-3.31844
-3.31844
-3.31844
-3.31859
-3.31859
-3.31859
-3.31829
-3.31859
-3.31874
-3.31874
-3.31859
-3.31904
-3.3192
-3.31919
-3.31874
-3.31874
-3.31889
-3.31859
-3.31859
-3.31874
-3.31859
-3.31859
-3.31783
-3.31783
-3.31783
-3.31798
-3.31798
-3.31813
-3.31798
-3.31798
-3.31813
-3.31798
-3.31783
-3.31783
-3.31783
-3.31768
-3.31783
-3.31783
-3.31783
-3.31783
-3.31813
-3.31843
-3.31843
-3.31843
-3.31843
-3.31843
-3.31843
-3.31828
-3.31858
-3.31858
-3.31858
-3.31858
-3.31874
-3.31858
-3.31858
-3.31858
-3.31858
-3.31828
-3.31828
-3.31843
-3.31859
-3.31859
-3.31889
-3.31889
-3.31874
-3.31859
-3.31874
-3.31919
-3.31949
-3.31934
-3.3198
-3.31995
-3.3201
-3.32025
-3.3201
-3.3204
-3.3204
-3.3204
-3.32055
-3.3201
-3.31995
-3.32025
-3.31995
-3.3201
-3.3204
-3.32025
-3.3201
-3.3201
-3.31995
-3.3198
-3.31965
-3.31965
-3.31965
-3.3195
-3.31995
-3.3201
-3.31995
-3.31995
-3.31995
-3.3201
-3.3201
-3.3198
-3.3198
-3.3198
-3.3198
-3.3198
-3.31995
-3.31995
-3.3198
-3.3198
-3.31965
-3.31965
-3.3198
-3.31995
-3.31995
-3.3204
-3.3204
-3.3204
-3.3204
-3.32071
-3.32071
-3.32025
-3.3201
-3.3201
-3.31995
-3.31995
-3.31995
-3.31935
-3.3192
-3.3195
-3.31935
-3.3195
-3.3195
-3.3195
-3.31995
-3.31965
-3.3195
-3.31935
-3.31965
-3.31965
-3.31965
-3.31935
-3.31935
-3.3195
-3.31935
-3.3195
-3.3195
-3.3192
-3.3192
-3.31904
-3.31889
-3.31874
-3.31859
-3.31859
-3.31889
-3.31874
-3.31859
-3.31859
-3.31874
-3.31889
-3.31874
-3.31844
-3.31829
-3.31799
-3.31814
-3.31814
-3.31783
-3.31783
-3.31783
-3.31783
-3.31768
-3.31753
-3.31753
-3.31723
-3.31723
-3.31723
-3.31723
-3.31708
-3.31708
-3.31738
-3.31768
-3.31783
-3.31783
-3.31798
-3.31798
-3.31813
-3.31798
-3.31798
-3.31783
-3.31767
-3.31752
-3.31767
-3.31782
-3.31722
-3.31707
-3.31692
-3.31662
-3.31692
-3.31707
-3.31692
-3.31737
-3.31737
-3.31752
-3.31752
-3.31782
-3.31782
-3.31767
-3.31798
-3.31813
-3.31783
-3.31768
-3.31752
-3.31737
-3.31737
-3.31753
-3.31798
-3.31813
-3.31828
-3.31828
-3.31859
-3.31859
-3.31843
-3.31859
-3.31828
-3.31813
-3.31798
-3.31783
-3.31723
-3.31723
-3.31738
-3.31753
-3.31783
-3.31768
-3.31783
-3.31783
-3.31784
-3.31753
-3.31784
-3.31814
-3.31814
-3.31814
-3.31859
-3.31859
-3.31859
-3.31859
-3.31844
-3.31874
-3.31874
-3.31859
-3.31859
-3.3189
-3.3189
-3.3189
-3.3189
-3.3189
-3.31905
-3.31905
-3.31905
-3.31935
-3.31935
-3.3195
-3.3195
-3.3198
-3.31965
-3.31935
-3.3192
-3.31874
-3.31905
-3.31935
-3.31935
-3.31935
-3.3195
-3.31935
-3.31935
-3.31904
-3.3192
-3.31889
-3.31859
-3.31859
-3.31829
-3.31814
-3.31859
-3.31874
-3.31889
-3.31889
-3.31874
-3.31904
-3.31874
-3.31844
-3.31844
-3.31874
-3.31874
-3.31874
-3.31859
-3.31874
-3.31859
-3.31844
-3.31844
-3.31844
-3.31798
-3.31813
-3.31813
-3.31829
-3.31844
-3.31829
-3.31813
-3.31813
-3.31844
-3.31813
-3.31829
-3.31859
-3.31783
-3.31783
-3.31768
-3.31723
-3.31723
-3.31738
-3.31768
-3.31768
-3.31768
-3.31768
-3.31768
-3.31783
-3.31798
-3.31798
-3.31798
-3.31783
-3.31753
-3.31738
-3.31783
-3.31783
-3.31798
-3.31753
-3.31738
-3.31738
-3.31783
-3.31798
-3.31783
-3.31798
-3.31828
-3.31828
-3.31828
-3.31858
-3.31858
-3.31889
-3.31919
-3.31919
-3.31904
-3.31858
-3.31889
-3.31919
-3.31934
-3.31934
-3.31934
-3.31934
-3.31934
-3.31949
-3.31949
-3.31949
-3.31994
-3.32009
-3.32009
-3.32024
-3.32024
-3.32024
-3.32055
-3.3207
-3.3207
-3.3207
-3.3207
-3.32054
-3.3207
-3.32085
-3.32085
-3.32054
-3.32054
-3.32039
-3.31994
-3.31979
-3.31979
-3.31979
-3.31994
-3.31994
-3.31994
-3.31979
-3.31979
-3.31994
-3.32009
-3.31979
-3.31964
-3.31979
-3.31949
-3.31918
-3.31934
-3.31918
-3.31934
-3.31919
-3.31903
-3.31903
-3.31888
-3.31888
-3.31873
-3.31873
-3.31873
-3.31873
-3.31858
-3.31873
-3.31919
-3.31934
-3.31949
-3.31979
-3.31979
-3.31964
-3.31949
-3.31949
-3.31934
-3.31949
-3.31934
-3.31949
-3.31949
-3.31949
-3.3201
-3.31994
-3.31995
-3.3201
-3.3204
-3.32055
-3.3204
-3.3204
-3.32055
-3.3204
-3.32025
-3.32025
-3.32025
-3.32025
-3.32025
-3.32025
-3.3201
-3.3201
-3.31995
-3.3198
-3.31949
-3.31949
-3.3198
-3.31995
-3.31995
-3.3201
-3.3195
-3.3195
-3.31935
-3.3198
-3.3198
-3.3192
-3.31965
-3.31995
-3.32025
-3.3201
-3.32025
-3.3201
-3.31995
-3.31995
-3.3201
-3.3201
-3.3201
-3.31965
-3.31965
-3.3198
-3.3198
-3.31965
-3.3198
-3.31995
-3.31995
-3.3201
-3.32056
-3.32056
-3.3204
-3.32056
-3.32071
-3.32071
-3.32056
-3.3204
-3.3201
-3.31995
-3.31995
-3.31995
-3.31995
-3.3198
-3.3201
-3.3201
-3.3204
-3.3204
-3.32025
-3.3201
-3.3201
-3.32025
-3.31994
-3.31979
-3.31979
-3.31994
-3.31994
-3.31994
-3.31994
-3.31994
-3.32009
-3.32009
-3.31979
-3.31949
-3.31964
-3.31979
-3.31979
-3.31948
-3.31948
-3.31948
-3.31979
-3.31948
-3.31918
-3.31948
-3.31948
-3.31994
-3.31994
-3.32024
-3.32024
-3.31994
-3.31994
-3.32009
-3.31994
-3.31993
-3.31993
-3.31978
-3.32024
-3.32024
-3.32039
-3.32024
-3.32009
-3.32024
-3.32009
-3.32024
-3.32024
-3.32024
-3.32039
-3.32054
-3.32054
-3.32054
-3.3207
-3.32085
-3.321
-3.321
-3.3207
-3.3207
-3.32085
-3.32055
-3.3207
-3.3204
-3.3204
-3.3204
-3.32025
-3.32025
-3.32025
-3.32025
-3.32025
-3.32025
-3.32025
-3.3201
-3.31979
-3.31934
-3.31964
-3.31934
-3.31949
-3.31949
-3.31934
-3.31904
-3.31934
-3.31934
-3.31934
-3.31949
-3.31964
-3.31949
-3.31949
-3.31949
-3.31934
-3.31919
-3.31934
-3.31919
-3.31919
-3.31904
-3.31904
-3.31889
-3.31843
-3.31843
-3.31859
-3.31874
-3.31859
-3.31874
-3.31874
-3.31874
-3.31874
-3.31859
-3.31859
-3.31859
-3.31859
-3.31859
-3.31859
-3.31889
-3.31934
-3.31934
-3.31964
-3.31949
-3.31964
-3.31964
-3.31934
-3.31934
-3.31904
-3.31858
-3.31858
-3.31828
-3.31828
-3.31813
-3.31813
-3.31813
-3.31828
-3.31858
-3.31843
-3.31843
-3.31858
-3.31828
-3.31828
-3.31828
-3.31813
-3.31813
-3.31828
-3.31828
-3.31843
-3.31843
-3.31767
-3.31752
-3.31722
-3.31752
-3.31752
-3.31783
-3.31798
-3.31783
-3.31767
-3.31752
-3.31768
-3.31752
-3.31722
-3.31707
-3.31707
-3.31707
-3.31722
-3.31737
-3.31722
-3.31722
-3.31707
-3.31722
-3.31722
-3.31707
-3.31722
-3.31722
-3.31738
-3.31798
-3.31753
-3.31753
-3.31738
-3.31723
-3.31662
-3.31662
-3.31632
-3.31632
-3.31647
-3.31632
-3.31617
-3.31617
-3.31632
-3.31662
-3.31647
-3.31647
-3.31677
-3.31677
-3.31692
-3.31692
-3.31692
-3.31707
-3.31692
-3.31692
-3.31677
-3.31677
-3.31662
-3.31647
-3.31647
-3.31647
-3.31662
-3.31692
-3.31677
-3.31677
-3.31677
-3.31677
-3.31692
-3.31738
-3.31738
-3.31768
-3.31768
-3.31753
-3.31768
-3.31783
-3.31813
-3.31798
-3.31798
-3.31768
-3.31753
-3.31753
-3.31738
-3.31753
-3.31768
-3.31753
-3.31798
-3.31798
-3.31798
-3.31798
-3.31813
-3.31798
-3.31783
-3.31768
-3.31783
-3.31737
-3.31722
-3.31692
-3.31692
-3.31707
-3.31692
-3.31737
-3.31752
-3.31752
-3.31752
-3.31798
-3.31828
-3.31813
-3.31828
-3.31828
-3.31828
-3.31813
-3.31813
-3.31843
-3.31843
-3.31813
-3.31813
-3.31858
-3.31843
-3.31828
-3.31858
-3.31873
-3.31873
-3.31843
-3.31828
-3.31828
-3.31828
-3.31828
-3.31828
-3.31873
-3.31858
-3.31858
-3.31843
-3.31828
-3.31798
-3.31798
-3.31813
-3.31843
-3.31828
-3.31843
-3.31828
-3.31858
-3.31888
-3.31903
-3.31873
-3.31873
-3.31888
-3.31903
-3.31903
-3.31888
-3.31888
-3.31903
-3.31933
-3.31918
-3.31918
-3.31918
-3.31903
-3.31918
-3.31933
-3.31949
-3.31918
-3.31903
-3.31933
-3.31903
-3.31918
-3.31888
-3.31933
-3.31964
-3.31979
-3.31979
-3.31994
-3.32039
-3.32084
-3.321
-3.32054
-3.32054
-3.32084
-3.3213
-3.3213
-3.3213
-3.321
-3.32115
-3.32115
-3.321
-3.321
-3.321
-3.32115
-3.3213
-3.32115
-3.3213
-3.321
-3.32085
-3.32085
-3.32039
-3.32024
-3.32024
-3.32055
-3.3207
-3.32085
-3.32085
-3.32085
-3.32024
-3.31994
-3.31979
-3.31979
-3.31994
-3.32024
-3.31994
-3.31994
-3.31979
-3.31949
-3.31934
-3.31934
-3.31919
-3.31919
-3.31904
-3.31873
-3.31889
-3.31873
-3.31873
-3.31873
-3.31858
-3.31843
-3.31858
-3.31858
-3.31828
-3.31843
-3.31858
-3.31858
-3.31873
-3.31889
-3.31889
-3.31843
-3.31873
-3.31904
-3.31888
-3.31873
-3.31858
-3.31828
-3.31828
-3.31828
-3.31828
-3.31828
-3.31828
-3.31828
-3.31828
-3.31843
-3.31843
-3.31858
-3.31843
-3.31843
-3.31828
-3.31798
-3.31798
-3.31798
-3.31828
-3.31843
-3.31858
-3.31873
-3.31858
-3.31843
-3.31828
-3.31843
-3.31858
-3.31888
-3.31888
-3.31888
-3.31858
-3.31873
-3.31888
-3.31903
-3.31933
-3.31933
-3.31918
-3.31918
-3.31918
-3.31903
-3.31903
-3.31918
-3.31933
-3.31918
-3.31933
-3.31963
-3.31978
-3.31993
-3.31993
-3.32024
-3.32024
-3.31993
-3.32009
-3.32024
-3.32024
-3.31993
-3.31963
-3.31978
-3.31963
-3.31963
-3.31978
-3.31978
-3.31963
-3.31978
-3.31963
-3.31979
-3.31948
-3.31964
-3.31979
-3.31979
-3.32024
-3.32039
-3.32054
-3.32115
-3.32115
-3.32085
-3.321
-3.321
-3.321
-3.32115
-3.32115
-3.32145
-3.32145
-3.3216
-3.3216
-3.32145
-3.3213
-3.3213
-3.32146
-3.32115
-3.32115
-3.321
-3.32085
-3.32085
-3.3207
-3.32085
-3.32131
-3.32115
-3.32116
-3.32116
-3.32085
-3.32085
-3.32116
-3.321
-3.321
-3.32116
-3.32161
-3.32161
-3.32176
-3.32191
-3.32191
-3.32176
-3.32161
-3.32146
-3.32146
-3.32176
-3.32191
-3.32191
-3.32206
-3.32206
-3.32206
-3.32206
-3.32191
-3.32191
-3.32176
-3.32161
-3.32191
-3.32161
-3.32176
-3.32146
-3.32146
-3.3213
-3.32146
-3.3213
-3.3213
-3.32176
-3.32161
-3.32145
-3.32145
-3.32115
-3.32145
-3.32145
-3.32145
-3.32115
-3.32085
-3.321
-3.321
-3.321
-3.321
-3.32054
-3.32054
-3.32054
-3.32084
-3.32069
-3.32039
-3.32069
-3.32099
-3.32084
-3.32084
-3.32099
-3.32099
-3.32069
-3.32054
-3.32084
-3.32069
-3.32069
-3.32069
-3.32054
-3.32069
-3.32054
-3.32039
-3.32024
-3.32039
-3.32069
-3.32069
-3.32084
-3.32114
-3.32145
-3.32145
-3.3216
-3.32205
-3.3222
-3.3222
-3.32205
-3.3222
-3.32236
-3.32236
-3.32221
-3.32205
-3.32221
-3.32205
-3.3219
-3.3216
-3.32145
-3.32145
-3.32115
-3.32085
-3.32145
-3.32175
-3.32175
-3.32175
-3.3219
-3.3219
-3.32191
-3.32221
-3.32175
-3.32191
-3.3216
-3.32145
-3.3216
-3.32175
-3.32191
-3.32191
-3.32175
-3.3216
-3.32145
-3.32115
-3.3213
-3.321
-3.32085
-3.32085
-3.32085
-3.321
-3.321
-3.321
-3.32115
-3.32085
-3.32085
-3.32085
-3.32054
-3.32039
-3.32039
-3.32009
-3.31994
-3.31979
-3.31964
-3.31949
-3.31964
-3.31949
-3.31949
-3.31949
-3.31933
-3.31888
-3.31903
-3.31873
-3.31903
-3.31903
-3.31918
-3.31918
-3.31918
-3.31933
-3.31949
-3.31949
-3.31918
-3.31903
-3.31918
-3.31933
-3.31918
-3.31933
-3.31933
-3.31933
-3.31933
-3.31918
-3.31918
-3.31933
-3.31933
-3.31933
-3.31933
-3.31918
-3.31918
-3.31903
-3.31903
-3.31903
-3.31903
-3.31903
-3.31918
-3.31903
-3.31903
-3.31918
-3.31948
-3.31949
-3.31903
-3.31903
-3.31903
-3.31873
-3.31828
-3.31813
-3.31813
-3.31858
-3.31858
-3.31843
-3.31813
-3.31797
-3.31813
-3.31843
-3.31858
-3.31843
-3.31858
-3.31873
-3.31843
-3.31843
-3.31873
-3.31858
-3.31873
-3.31903
-3.31903
-3.31903
-3.31933
-3.31949
-3.31918
-3.31918
-3.31933
-3.31933
-3.31949
-3.31933
-3.31949
-3.31964
-3.31964
-3.32009
-3.31994
-3.31918
-3.31933
-3.31949
-3.31949
-3.31949
-3.31873
-3.31873
-3.31858
-3.31858
-3.31858
-3.31873
-3.31873
-3.31903
-3.31903
-3.31918
-3.31918
-3.31918
-3.31903
-3.31918
-3.31888
-3.31903
-3.31918
-3.31903
-3.31888
-3.31888
-3.31903
-3.31888
-3.31903
-3.31888
-3.31888
-3.31918
-3.31888
-3.31888
-3.31903
-3.31948
-3.31918
-3.31933
-3.31903
-3.31903
-3.31918
-3.31918
-3.31903
-3.31933
-3.31948
-3.31963
-3.31979
-3.31948
-3.31948
-3.31948
-3.31948
-3.31903
-3.31903
-3.31903
-3.31903
-3.31888
-3.31873
-3.31873
-3.31888
-3.31873
-3.31873
-3.31858
-3.31858
-3.31903
-3.31888
-3.31888
-3.31873
-3.31873
-3.31888
-3.31903
-3.31888
-3.31873
-3.31843
-3.31843
-3.31843
-3.31843
-3.31873
-3.31903
-3.31888
-3.31888
-3.31903
-3.31903
-3.31918
-3.31903
-3.31903
-3.31888
-3.31903
-3.31888
-3.31873
-3.31888
-3.31873
-3.31873
-3.31858
-3.31858
-3.31842
-3.31842
-3.31827
-3.31842
-3.31873
-3.31842
-3.31842
-3.31827
-3.31812
-3.31827
-3.31858
-3.31827
-3.31812
-3.31812
-3.31827
-3.31827
-3.31797
-3.31782
-3.31752
-3.31767
-3.31767
-3.31782
-3.31782
-3.31782
-3.31812
-3.31827
-3.31797
-3.31797
-3.31812
-3.31797
-3.31812
-3.31827
-3.31827
-3.31842
-3.31812
-3.31797
-3.31782
-3.31797
-3.31767
-3.31782
-3.31797
-3.31782
-3.31782
-3.31767
-3.31767
-3.31782
-3.31767
-3.31827
-3.31827
-3.31812
-3.31812
-3.31812
-3.31812
-3.31812
-3.31797
-3.31767
-3.31737
-3.31752
-3.31752
-3.31722
-3.31737
-3.31767
-3.31767
-3.31767
-3.31797
-3.31782
-3.31782
-3.31782
-3.31782
-3.31797
-3.31782
-3.31797
-3.31812
-3.31782
-3.31812
-3.31812
-3.31812
-3.31828
-3.31843
-3.31828
-3.31828
-3.31828
-3.31828
-3.31828
-3.31843
-3.31858
-3.31873
-3.31873
-3.31873
-3.31873
-3.31888
-3.31888
-3.31888
-3.31903
-3.31903
-3.31888
-3.31888
-3.31888
-3.31888
-3.31903
-3.31903
-3.31888
-3.31903
-3.31918
-3.31933
-3.31918
-3.31918
-3.31918
-3.31918
-3.31933
-3.31933
-3.31918
-3.31918
-3.31918
-3.31979
-3.31994
-3.32009
-3.32024
-3.32039
-3.32054
-3.32039
-3.32054
-3.32069
-3.32054
-3.32054
-3.32054
-3.32024
-3.32054
-3.32054
-3.32039
-3.32024
-3.32039
-3.32054
-3.32085
-3.32069
-3.321
-3.32085
-3.321
-3.321
-3.321
-3.32115
-3.32115
-3.32084
-3.32115
-3.32145
-3.3213
-3.321
-3.32054
-3.32054
-3.32054
-3.32054
-3.32069
-3.32039
-3.32039
-3.32024
-3.32024
-3.31948
-3.31963
-3.31979
-3.31963
-3.31994
-3.32009
-3.32009
-3.32039
-3.32054
-3.32054
-3.32084
-3.32024
-3.32024
-3.32009
-3.31963
-3.31963
-3.31948
-3.31933
-3.31918
-3.31918
-3.31948
-3.31948
-3.31918
-3.31948
-3.31948
-3.31933
-3.31948
-3.31948
-3.31963
-3.31994
-3.31994
-3.31979
-3.31994
-3.31963
-3.31933
-3.31948
-3.31933
-3.31933
-3.31933
-3.31948
-3.31918
-3.31858
-3.31858
-3.31873
-3.31873
-3.31918
-3.31903
-3.31903
-3.31933
-3.31933
-3.31933
-3.31918
-3.31918
-3.31933
-3.31949
-3.31964
-3.31979
-3.31979
-3.31994
-3.31949
-3.31933
-3.31949
-3.31949
-3.31949
-3.31934
-3.31918
-3.31934
-3.31949
-3.31918
-3.31933
-3.31949
-3.31949
-3.31964
-3.31964
-3.31949
-3.31949
-3.31949
-3.31949
-3.31918
-3.31948
-3.31918
-3.31933
-3.31918
-3.31873
-3.31903
-3.31918
-3.31888
-3.31948
-3.31964
-3.31964
-3.31963
-3.31948
-3.31948
-3.31963
-3.31963
-3.31979
-3.31963
-3.31918
-3.31888
-3.31858
-3.31873
-3.31918
-3.31903
-3.31888
-3.31842
-3.31858
-3.31842
-3.31842
-3.31827
-3.31827
-3.31797
-3.31797
-3.31827
-3.31812
-3.31797
-3.31797
-3.31797
-3.31797
-3.31782
-3.31797
-3.31797
-3.31782
-3.31797
-3.31827
-3.31827
-3.31827
-3.31827
-3.31857
-3.31857
-3.31857
-3.31842
-3.31857
-3.31842
-3.31842
-3.31842
-3.31888
-3.31888
-3.31888
-3.31933
-3.31933
-3.31948
-3.31963
-3.31918
-3.31903
-3.31918
-3.31933
-3.31948
-3.31978
-3.31978
-3.31978
-3.31978
-3.31993
-3.31994
-3.32024
-3.31994
-3.31994
-3.32024
-3.32024
-3.32024
-3.32009
-3.32009
-3.32009
-3.32039
-3.32069
-3.32054
-3.32024
-3.31949
-3.31933
-3.31933
-3.31933
-3.31918
-3.31918
-3.31949
-3.31964
-3.31949
-3.31934
-3.31903
-3.31888
-3.31858
-3.31888
-3.31873
-3.31873
-3.31888
-3.31903
-3.31888
-3.31918
-3.31933
-3.31933
-3.31933
-3.31888
-3.31888
-3.31858
-3.31843
-3.31813
-3.31828
-3.31843
-3.31858
-3.31873
-3.31858
-3.31828
-3.31843
-3.31828
-3.31843
-3.31858
-3.31873
-3.31903
-3.31903
-3.31873
-3.31873
-3.31873
-3.31903
-3.31873
-3.31873
-3.31888
-3.31888
-3.31888
-3.31903
-3.31918
-3.31888
-3.31918
-3.31888
-3.31873
-3.31858
-3.31873
-3.31918
-3.31933
-3.31933
-3.31948
-3.31948
-3.31948
-3.31963
-3.31963
-3.31963
-3.31963
-3.31933
-3.31948
-3.31978
-3.31963
-3.31963
-3.31963
-3.31994
-3.31979
-3.31963
-3.31963
-3.31948
-3.31948
-3.31963
-3.31963
-3.31948
-3.31933
-3.31933
-3.31933
-3.31963
-3.31948
-3.31948
-3.31964
-3.31964
-3.31964
-3.31948
-3.31979
-3.31979
-3.31964
-3.31964
-3.31948
-3.31948
-3.31948
-3.31949
-3.31949
-3.31979
-3.31994
-3.32009
-3.32009
-3.32009
-3.31994
-3.31994
-3.31979
-3.31949
-3.31964
-3.31979
-3.31979
-3.31964
-3.31979
-3.31994
-3.31994
-3.31994
-3.31994
-3.32009
-3.31979
-3.31964
-3.31964
-3.31994
-3.32009
-3.32009
-3.31963
-3.31994
-3.32024
-3.32039
-3.32039
-3.32009
-3.32009
-3.31994
-3.31994
-3.31963
-3.31963
-3.31963
-3.31963
-3.31978
-3.31963
-3.31948
-3.31978
-3.31993
-3.31978
-3.31993
-3.31993
-3.32024
-3.31993
-3.32024
-3.32069
-3.32024
-3.32008
-3.32024
-3.32008
-3.31993
-3.31918
-3.31918
-3.31963
-3.31948
-3.31933
-3.31933
-3.31918
-3.31888
-3.31857
-3.31873
-3.31857
-3.31857
-3.31857
-3.31842
-3.31842
-3.31797
-3.31797
-3.31842
-3.31827
-3.31827
-3.31873
-3.31858
-3.31843
-3.31843
-3.31858
-3.31873
-3.31873
-3.31873
-3.31888
-3.31903
-3.31918
-3.31918
-3.31903
-3.31903
-3.31918
-3.31903
-3.31858
-3.31903
-3.31903
-3.31903
-3.31873
-3.31873
-3.31888
-3.31843
-3.31843
-3.31858
-3.31858
-3.31843
-3.31843
-3.31828
-3.31798
-3.31828
-3.31828
-3.31813
-3.31783
-3.31798
-3.31798
-3.31798
-3.31798
-3.31798
-3.31813
-3.31813
-3.31828
-3.31843
-3.31843
-3.31843
-3.31858
-3.31843
-3.31858
-3.31843
-3.31873
-3.31888
-3.31903
-3.31888
-3.31873
-3.31888
-3.31888
-3.31843
-3.31858
-3.31873
-3.31888
-3.31933
-3.31918
-3.31934
-3.31934
-3.31949
-3.31964
-3.31934
-3.31949
-3.31933
-3.31933
-3.31964
-3.31964
-3.31903
-3.31903
-3.31918
-3.31918
-3.31918
-3.31918
-3.31918
-3.31903
-3.31903
-3.31903
-3.31888
-3.31888
-3.31888
-3.31888
-3.31888
-3.31873
-3.31888
-3.31873
-3.31903
-3.31903
-3.31888
-3.31873
-3.31888
-3.31858
-3.31843
-3.31828
-3.31828
-3.31828
-3.31812
-3.31812
-3.31782
-3.31812
-3.31812
-3.31828
-3.31843
-3.31888
-3.31933
-3.31933
-3.31918
-3.31948
-3.31964
-3.31979
-3.31979
-3.31964
-3.31933
-3.31933
-3.31918
-3.31933
-3.31933
-3.31948
-3.31933
-3.31948
-3.31979
-3.31979
-3.31964
-3.31949
-3.31933
-3.31918
-3.31858
-3.31888
-3.31918
-3.31918
-3.31888
-3.31858
-3.31828
-3.31873
-3.31903
-3.31888
-3.31888
-3.31888
-3.31888
-3.31888
-3.31843
-3.31843
-3.31843
-3.31843
-3.31888
-3.31858
-3.31782
-3.31798
-3.31782
-3.31782
-3.31782
-3.31737
-3.31752
-3.31722
-3.31737
-3.31767
-3.31782
-3.31767
-3.31782
-3.31797
-3.31797
-3.31812
-3.31812
-3.31812
-3.31797
-3.31827
-3.31873
-3.31888
-3.31888
-3.31888
-3.31858
-3.31873
-3.31903
-3.31903
-3.31933
-3.31948
-3.31963
-3.31978
-3.31963
-3.31993
-3.31993
-3.31978
-3.31978
-3.31978
-3.32008
-3.31993
-3.31978
-3.31948
-3.31933
-3.31948
-3.31963
-3.31948
-3.31948
-3.31902
-3.31872
-3.31872
-3.31872
-3.31857
-3.31902
-3.31948
-3.31933
-3.31872
-3.31872
-3.31887
-3.31903
-3.31918
-3.31933
-3.31963
-3.31993
-3.32024
-3.32024
-3.32054
-3.32054
-3.32054
-3.32024
-3.32024
-3.32054
-3.32054
-3.32009
-3.31978
-3.31963
-3.31963
-3.31994
-3.32009
-3.32009
-3.31994
-3.31979
-3.31979
-3.32009
-3.32009
-3.32009
-3.32024
-3.32054
-3.32024
-3.32054
-3.32069
-3.32069
-3.32069
-3.32084
-3.32085
-3.32084
-3.32085
-3.32054
-3.32069
-3.32039
-3.32024
-3.32024
-3.32024
-3.32024
-3.32009
-3.32024
-3.32054
-3.32039
-3.32024
-3.32009
-3.32039
-3.32039
-3.32039
-3.32039
-3.32024
-3.32054
-3.32039
-3.32009
-3.32024
-3.32024
-3.31994
-3.31979
-3.32009
-3.32009
-3.32009
-3.32009
-3.32009
-3.31994
-3.32009
-3.32009
-3.32009
-3.31994
-3.32024
-3.3204
-3.32055
-3.3207
-3.32085
-3.32085
-3.3207
-3.3207
-3.32025
-3.32025
-3.32055
-3.32055
-3.32055
-3.32055
-3.3204
-3.32009
-3.32009
-3.32025
-3.32025
-3.3204
-3.3204
-3.32055
-3.3204
-3.32025
-3.32025
-3.31994
-3.3204
-3.3204
-3.32024
-3.3204
-3.3204
-3.31979
-3.31964
-3.31994
-3.31994
-3.31979
-3.32009
-3.32009
-3.31979
-3.31979
-3.31964
-3.31994
-3.32024
-3.31979
-3.31994
-3.32009
-3.32024
-3.32009
-3.32039
-3.32039
-3.32055
-3.32055
-3.32055
-3.32039
-3.32055
-3.32055
-3.3207
-3.3207
-3.32054
-3.32039
-3.32024
-3.31979
-3.31979
-3.31964
-3.31994
-3.31979
-3.31979
-3.31949
-3.31949
-3.31933
-3.31949
-3.31949
-3.31949
-3.31933
-3.31949
-3.31979
-3.31948
-3.31933
-3.31964
-3.31903
-3.31933
-3.31948
-3.31948
-3.31948
-3.31933
-3.31933
-3.31933
-3.31933
-3.31948
-3.31933
-3.31918
-3.32009
-3.32009
-3.31994
-3.31994
-3.31979
-3.31948
-3.31964
-3.31964
-3.31963
-3.31948
-3.31948
-3.31948
-3.31933
-3.31933
-3.31948
-3.31964
-3.31964
-3.31994
-3.32009
-3.31964
-3.31979
-3.31979
-3.31979
-3.31964
-3.31948
-3.31933
-3.31933
-3.31949
-3.31933
-3.31918
-3.31933
-3.31949
-3.31949
-3.31918
-3.31903
-3.31903
-3.31918
-3.31934
-3.31934
-3.31979
-3.31994
-3.31994
-3.31994
-3.31994
-3.31979
-3.31994
-3.32024
-3.32009
-3.32009
-3.32009
-3.31979
-3.31979
-3.31979
-3.31964
-3.31979
-3.31949
-3.31934
-3.31919
-3.31919
-3.31919
-3.31919
-3.31919
-3.31934
-3.31934
-3.31934
-3.31934
-3.31949
-3.31964
-3.31995
-3.31995
-3.3201
-3.31995
-3.31979
-3.31995
-3.3201
-3.31995
-3.31979
-3.31964
-3.32025
-3.3201
-3.3204
-3.32025
-3.3201
-3.3201
-3.32025
-3.32025
-3.32025
-3.32025
-3.32055
-3.32025
-3.32025
-3.32025
-3.32025
-3.3204
-3.32025
-3.3204
-3.3204
-3.3204
-3.32025
-3.31994
-3.31979
-3.31994
-3.31964
-3.31904
-3.31904
-3.31919
-3.31889
-3.31889
-3.31873
-3.31843
-3.31843
-3.31904
-3.31888
-3.31858
-3.31843
-3.31843
-3.31828
-3.31828
-3.31813
-3.31828
-3.31798
-3.31783
-3.31767
-3.31767
-3.31737
-3.31767
-3.31767
-3.31752
-3.31767
-3.31767
-3.31752
-3.31737
-3.31707
-3.31707
-3.31782
-3.31828
-3.31828
-3.31828
-3.31843
-3.31858
-3.31873
-3.31858
-3.31843
-3.31843
-3.31828
-3.31843
-3.31858
-3.31858
-3.31828
-3.31828
-3.31828
-3.31873
-3.31873
-3.31858
-3.31873
-3.31873
-3.31858
-3.31828
-3.31828
-3.31813
-3.31828
-3.31828
-3.31873
-3.31903
-3.31888
-3.31873
-3.31888
-3.31858
-3.31888
-3.31888
-3.31828
-3.31813
-3.31798
-3.31783
-3.31813
-3.31828
-3.31828
-3.31828
-3.31874
-3.31874
-3.31934
-3.31949
-3.31949
-3.31964
-3.31979
-3.3201
-3.3201
-3.3201
-3.31979
-3.31979
-3.31979
-3.31995
-3.31964
-3.31934
-3.31934
-3.31934
-3.31934
-3.31919
-3.31904
-3.31889
-3.31889
-3.31889
-3.31889
-3.31874
-3.31844
-3.31859
-3.31844
-3.31844
-3.31828
-3.31828
-3.31828
-3.31859
-3.31874
-3.31889
-3.31889
-3.31904
-3.31934
-3.31949
-3.31964
-3.31949
-3.31949
-3.31949
-3.31949
-3.31964
-3.31949
-3.31949
-3.31934
-3.31919
-3.31904
-3.31919
-3.31919
-3.31919
-3.31904
-3.31904
-3.31919
-3.31919
-3.31934
-3.31949
-3.31934
-3.31889
-3.31889
-3.31858
-3.31843
-3.31843
-3.31858
-3.31873
-3.31873
-3.31873
-3.31888
-3.31873
-3.31858
-3.31858
-3.31843
-3.31828
-3.31828
-3.31858
-3.31798
-3.31813
-3.31813
-3.31798
-3.31767
-3.31783
-3.31798
-3.31813
-3.31813
-3.31843
-3.31828
-3.31873
-3.31873
-3.31858
-3.31858
-3.31858
-3.31858
-3.31843
-3.31843
-3.31858
-3.31888
-3.31888
-3.31888
-3.31873
-3.31903
-3.31903
-3.31919
-3.31934
-3.31919
-3.31919
-3.31903
-3.31888
-3.31903
-3.31873
-3.31873
-3.31858
-3.31873
-3.31843
-3.31798
-3.31798
-3.31783
-3.31768
-3.31767
-3.31767
-3.31767
-3.31783
-3.31813
-3.31813
-3.31828
-3.31813
-3.31828
-3.31813
-3.31843
-3.31828
-3.31858
-3.31873
-3.31873
-3.31873
-3.31873
-3.31903
-3.31888
-3.31903
-3.31903
-3.31934
-3.31964
-3.31964
-3.31964
-3.31949
-3.31934
-3.31949
-3.31934
-3.31934
-3.31919
-3.31934
-3.31934
-3.31949
-3.31919
-3.31919
-3.31934
-3.31934
-3.31934
-3.31934
-3.31934
-3.31964
-3.31964
-3.31964
-3.31964
-3.31964
-3.31949
-3.31934
-3.31934
-3.31919
-3.31919
-3.31934
-3.31934
-3.31934
-3.31919
-3.31919
-3.31904
-3.31934
-3.31934
-3.31934
-3.31919
-3.31888
-3.31934
-3.31949
-3.31949
-3.31934
-3.31919
-3.31919
-3.31949
-3.31934
-3.31934
-3.31964
-3.31979
-3.31979
-3.31994
-3.31979
-3.3201
-3.31994
-3.31979
-3.31964
-3.31979
-3.31979
-3.31979
-3.31979
-3.31949
-3.31964
-3.31949
-3.31964
-3.31934
-3.31934
-3.31949
-3.31919
-3.31934
-3.31934
-3.31949
-3.31964
-3.31964
-3.31949
-3.31934
-3.31889
-3.31889
-3.31874
-3.31904
-3.31904
-3.31889
-3.31874
-3.31859
-3.31828
-3.31828
-3.31813
-3.31798
-3.31798
-3.31783
-3.31783
-3.31768
-3.31753
-3.31738
-3.31723
-3.31708
-3.31708
-3.31692
-3.31707
-3.31677
-3.31677
-3.31692
-3.31677
-3.31692
-3.31677
-3.31707
-3.31707
-3.31723
-3.31738
-3.31723
-3.31753
-3.31768
-3.31738
-3.31722
-3.31707
-3.31722
-3.31707
-3.31677
-3.31662
-3.31692
-3.31737
-3.31798
-3.31783
-3.31783
-3.31783
-3.31737
-3.31737
-3.31737
-3.31768
-3.31752
-3.31737
-3.31752
-3.31767
-3.31767
-3.31752
-3.31737
-3.31737
-3.31752
-3.31752
-3.31722
-3.31707
-3.31737
-3.31752
-3.31752
-3.31752
-3.31752
-3.31752
-3.31737
-3.31722
-3.31722
-3.31737
-3.31737
-3.31767
-3.31783
-3.31783
-3.31767
-3.31752
-3.31783
-3.31798
-3.31828
-3.31798
-3.31798
-3.31783
-3.31783
-3.31752
-3.31768
-3.31768
-3.31752
-3.31768
-3.31768
-3.31768
-3.31753
-3.31753
-3.31753
-3.31783
-3.31768
-3.31753
-3.31813
-3.31798
-3.31828
-3.31828
-3.31813
-3.31798
-3.31798
-3.31813
-3.31828
-3.31828
-3.31813
-3.31843
-3.31858
-3.31858
-3.31858
-3.31858
-3.31888
-3.31873
-3.31843
-3.31873
-3.31873
-3.31888
-3.31888
-3.31873
-3.31873
-3.31888
-3.31888
-3.31903
-3.31918
-3.31918
-3.31918
-3.31934
-3.31934
-3.31918
-3.31903
-3.31903
-3.31873
-3.31858
-3.31873
-3.31873
-3.31858
-3.31843
-3.31873
-3.31858
-3.31903
-3.31934
-3.31934
-3.31919
-3.31949
-3.31949
-3.31949
-3.31964
-3.31964
-3.31949
-3.31934
-3.31934
-3.31964
-3.31979
-3.31964
-3.31979
-3.31979
-3.3198
-3.31995
-3.31995
-3.3198
-3.3198
-3.3198
-3.3198
-3.3198
-3.3198
-3.3198
-3.31965
-3.31949
-3.31934
-3.31965
-3.31949
-3.31934
-3.31934
-3.31919
-3.31919
-3.31919
-3.31904
-3.31859
-3.31859
-3.31844
-3.31844
-3.31859
-3.31874
-3.31874
-3.31889
-3.31889
-3.31874
-3.31859
-3.31844
-3.31844
-3.31844
-3.31844
-3.31859
-3.31843
-3.31828
-3.31843
-3.31828
-3.31843
-3.31843
-3.31828
-3.31798
-3.31828
-3.31828
-3.31798
-3.31798
-3.31798
-3.31798
-3.31813
-3.31813
-3.31813
-3.31813
-3.31798
-3.31768
-3.31768
-3.31798
-3.31783
-3.31768
-3.31768
-3.31768
-3.31753
-3.31753
-3.31722
-3.31722
-3.31692
-3.31707
-3.31692
-3.31662
-3.31692
-3.31692
-3.31722
-3.31707
-3.31707
-3.31692
-3.31707
-3.31692
-3.31707
-3.31707
-3.31707
-3.31692
-3.31677
-3.31692
-3.31677
-3.31677
-3.31692
-3.31707
-3.31723
-3.31707
-3.31707
-3.31692
-3.31707
-3.31738
-3.31753
-3.31768
-3.31798
-3.31768
-3.31768
-3.31722
-3.31768
-3.31768
-3.31753
-3.31753
-3.31753
-3.31798
-3.31768
-3.31753
-3.31768
-3.31768
-3.31798
-3.31813
-3.31828
-3.31843
-3.31874
-3.31858
-3.31858
-3.31858
-3.31843
-3.31874
-3.31858
-3.31858
-3.31858
-3.31874
-3.31858
-3.31858
-3.31874
-3.31904
-3.31919
-3.31889
-3.31919
-3.31889
-3.31874
-3.31843
-3.31843
-3.31843
-3.31783
-3.31783
-3.31783
-3.31783
-3.31813
-3.31813
-3.31843
-3.31843
-3.31859
-3.31874
-3.31859
-3.31874
-3.31874
-3.31859
-3.31859
-3.31874
-3.31889
-3.31874
-3.31904
-3.31889
-3.31904
-3.31904
-3.31889
-3.31919
-3.31919
-3.31904
-3.31904
-3.31904
-3.31889
-3.31904
-3.31889
-3.31874
-3.31858
-3.31858
-3.31858
-3.31858
-3.31843
-3.31813
-3.31828
-3.31798
-3.31813
-3.31783
-3.31783
-3.31768
-3.31783
-3.31768
-3.31768
-3.31752
-3.31752
-3.31752
-3.31737
-3.31752
-3.31752
-3.31737
-3.31752
-3.31737
-3.31737
-3.31752
-3.31752
-3.31752
-3.31737
-3.31783
-3.31783
-3.31767
-3.31767
-3.31798
-3.31828
-3.31858
-3.31843
-3.31843
-3.31828
-3.31828
-3.31813
-3.31813
-3.31828
-3.31843
-3.31843
-3.31858
-3.31843
-3.31873
-3.31858
-3.31858
-3.31858
-3.31888
-3.31919
-3.31888
-3.31904
-3.31919
-3.31904
-3.31904
-3.31919
-3.31873
-3.31858
-3.31813
-3.31798
-3.31798
-3.31737
-3.31753
-3.31722
-3.31692
-3.31737
-3.31753
-3.31722
-3.31692
-3.31692
-3.31677
-3.31662
-3.31647
-3.31647
-3.31677
-3.31677
-3.31677
-3.31662
-3.31647
-3.31677
-3.31662
-3.31617
-3.31617
-3.31617
-3.31617
-3.31616
-3.31616
-3.31601
-3.31616
-3.31616
-3.31601
-3.31586
-3.31601
-3.31631
-3.31647
-3.31692
-3.31707
-3.31692
-3.31707
-3.31707
-3.31707
-3.31707
-3.31692
-3.31707
-3.31707
-3.31692
-3.31692
-3.31677
-3.31647
-3.31632
-3.31616
-3.31616
-3.31617
-3.31647
-3.31662
-3.31692
-3.31737
-3.31737
-3.31753
-3.31737
-3.31737
-3.31768
-3.31798
-3.31813
-3.31813
-3.31813
-3.31843
-3.31843
-3.31828
-3.31813
-3.31813
-3.31828
-3.31889
-3.31919
-3.31934
-3.31949
-3.31919
-3.31919
-3.31919
-3.31919
-3.31919
-3.31965
-3.3198
-3.31995
-3.3201
-3.31995
-3.31995
-3.31995
-3.3198
-3.31995
-3.3198
-3.3195
-3.31934
-3.31934
-3.31934
-3.31934
-3.31934
-3.31934
-3.31919
-3.31904
-3.31934
-3.31934
-3.31904
-3.31919
-3.31919
-3.31919
-3.31889
-3.31904
-3.31904
-3.31904
-3.31919
-3.31919
-3.31919
-3.31934
-3.31949
-3.31919
-3.31919
-3.31919
-3.31934
-3.31934
-3.31949
-3.31964
-3.31934
-3.31949
-3.31964
-3.31994
-3.31994
-3.32009
-3.31994
-3.31994
-3.31979
-3.31979
-3.31964
-3.31964
-3.31934
-3.31934
-3.31903
-3.31903
-3.31919
-3.31919
-3.31903
-3.31934
-3.31934
-3.31934
-3.31964
-3.31949
-3.31934
-3.31949
-3.31949
-3.31934
-3.31903
-3.31873
-3.31934
-3.31934
-3.31934
-3.31949
-3.31964
-3.31949
-3.31903
-3.31903
-3.31903
-3.31888
-3.31903
-3.31858
-3.31858
-3.31828
-3.31798
-3.31798
-3.31813
-3.31813
-3.31798
-3.31828
-3.31858
-3.31858
-3.31873
-3.31843
-3.31858
-3.31858
-3.31873
-3.31903
-3.31903
-3.31888
-3.31873
-3.31873
-3.31843
-3.31843
-3.31873
-3.31858
-3.31843
-3.31828
-3.31828
-3.31828
-3.31828
-3.31828
-3.31813
-3.31828
-3.31828
-3.31828
-3.31813
-3.31783
-3.31828
-3.31858
-3.31798
-3.31783
-3.31798
-3.31798
-3.31813
-3.31828
-3.31843
-3.31828
-3.31828
-3.31828
-3.31843
-3.31858
-3.31873
-3.31888
-3.31919
-3.31934
-3.31964
-3.31979
-3.31979
-3.32009
-3.32039
-3.32039
-3.32039
-3.32055
-3.32024
-3.32024
-3.32024
-3.32009
-3.32024
-3.32024
-3.32024
-3.32024
-3.32039
-3.32024
-3.32024
-3.32009
-3.32009
-3.31994
-3.31979
-3.31979
-3.31979
-3.31994
-3.31994
-3.31979
-3.31979
-3.31949
-3.31949
-3.31979
-3.32009
-3.32009
-3.31994
-3.32009
-3.31979
-3.31964
-3.31979
-3.31994
-3.31979
-3.31994
-3.32009
-3.32024
-3.32039
-3.32039
-3.32055
-3.321
-3.32115
-3.32115
-3.321
-3.32115
-3.32115
-3.3213
-3.32115
-3.32085
-3.32115
-3.32115
-3.321
-3.3207
-3.32024
-3.31994
-3.32024
-3.32055
-3.32055
-3.32055
-3.3207
-3.32055
-3.3207
-3.3207
-3.321
-3.3213
-3.32145
-3.32145
-3.32145
-3.3213
-3.3216
-3.32161
-3.3216
-3.32145
-3.3213
-3.3213
-3.32085
-3.32085
-3.321
-3.32085
-3.3207
-3.3204
-3.3204
-3.32025
-3.32025
-3.32025
-3.3204
-3.32055
-3.32055
-3.3204
-3.3204
-3.3207
-3.32085
-3.32085
-3.321
-3.32115
-3.3213
-3.32146
-3.32176
-3.32161
-3.32176
-3.32161
-3.32161
-3.32145
-3.32145
-3.32115
-3.32115
-3.3213
-3.32145
-3.32115
-3.3213
-3.3213
-3.32145
-3.3213
-3.32115
-3.32085
-3.3207
-3.3204
-3.3204
-3.3204
-3.32085
-3.3207
-3.3207
-3.32055
-3.3207
-3.32039
-3.3207
-3.3207
-3.32055
-3.32055
-3.32024
-3.32024
-3.32009
-3.32024
-3.32024
-3.32009
-3.32009
-3.31979
-3.32024
-3.32009
-3.32039
-3.32039
-3.32039
-3.32039
-3.3207
-3.32085
-3.32115
-3.321
-3.32115
-3.3213
-3.32115
-3.321
-3.321
-3.321
-3.32085
-3.32085
-3.32054
-3.32039
-3.32039
-3.32055
-3.3207
-3.3207
-3.3207
-3.32055
-3.32055
-3.32009
-3.32024
-3.32055
-3.32055
-3.3204
-3.3204
-3.3207
-3.321
-3.3207
-3.3207
-3.3204
-3.32025
-3.32025
-3.3204
-3.31964
-3.31964
-3.31934
-3.31934
-3.31934
-3.31964
-3.31934
-3.31919
-3.31904
-3.31858
-3.31828
-3.31828
-3.31858
-3.31843
-3.31843
-3.31813
-3.31798
-3.31783
-3.31783
-3.31768
-3.31722
-3.31707
-3.31677
-3.31662
-3.31692
-3.31677
-3.31692
-3.31677
-3.31662
-3.31647
-3.31647
-3.31616
-3.31632
-3.31632
-3.31632
-3.31632
-3.31662
-3.31662
-3.31677
-3.31662
-3.31677
-3.31662
-3.31632
-3.31617
-3.31617
-3.31617
-3.31662
-3.31632
-3.31617
-3.31617
-3.31617
-3.31602
-3.31571
-3.31586
-3.31617
-3.31617
-3.31632
-3.31617
-3.31602
-3.31617
-3.31617
-3.31602
-3.31602
-3.31587
-3.31602
-3.31602
-3.31587
-3.31602
-3.31602
-3.31602
-3.31617
-3.31617
-3.31647
-3.31662
-3.31692
-3.31692
-3.31662
-3.31662
-3.31662
-3.31677
-3.31677
-3.31692
-3.31677
-3.31692
-3.31677
-3.31677
-3.31617
-3.31602
-3.31602
-3.31572
-3.31572
-3.31556
-3.31572
-3.31556
-3.31572
-3.31572
-3.31617
-3.31632
-3.31677
-3.31677
-3.31617
-3.31632
-3.31617
-3.31632
-3.31677
-3.31662
-3.31693
-3.31677
-3.31753
-3.31738
-3.31738
-3.31768
-3.31738
-3.31723
-3.31708
-3.31708
-3.31708
-3.31677
-3.31677
-3.31708
-3.31753
-3.31783
-3.31798
-3.31798
-3.31783
-3.31783
-3.31828
-3.31828
-3.31843
-3.31843
-3.31874
-3.31859
-3.31858
-3.31889
-3.31919
-3.31949
-3.31919
-3.31919
-3.31934
-3.31919
-3.31949
-3.31949
-3.31964
-3.31979
-3.31979
-3.31979
-3.32009
-3.32025
-3.32009
-3.31979
-3.31964
-3.31994
-3.32009
-3.32025
-3.3204
-3.3204
-3.32009
-3.32025
-3.32025
-3.3204
-3.3204
-3.3204
-3.3204
-3.3204
-3.32055
-3.3207
-3.321
-3.3207
-3.32055
-3.32055
-3.3207
-3.3207
-3.32055
-3.3207
-3.3207
-3.3207
-3.32115
-3.3213
-3.32176
-3.32176
-3.32146
-3.32161
-3.32191
-3.32206
-3.32161
-3.32176
-3.32191
-3.32191
-3.32206
-3.32206
-3.32251
-3.32251
-3.32251
-3.32251
-3.32282
-3.32266
-3.32266
-3.32282
-3.32282
-3.32251
-3.32267
-3.32267
-3.32312
-3.32312
-3.32282
-3.32312
-3.32297
-3.32312
-3.32312
-3.32297
-3.32282
-3.32267
-3.32236
-3.32236
-3.32221
-3.32206
-3.32221
-3.32221
-3.32221
-3.32221
-3.32221
-3.32221
-3.32221
-3.32221
-3.32191
-3.32176
-3.32206
-3.32191
-3.32206
-3.32221
-3.32206
-3.32206
-3.32176
-3.32146
-3.32146
-3.32131
-3.32101
-3.32116
-3.3207
-3.32055
-3.3201
-3.3198
-3.31995
-3.3204
-3.32055
-3.32055
-3.32055
-3.3207
-3.3201
-3.32025
-3.3201
-3.3201
-3.32025
-3.32025
-3.3204
-3.3204
-3.32025
-3.3204
-3.3204
-3.32056
-3.32056
-3.32071
-3.32056
-3.32056
-3.32025
-3.32025
-3.3204
-3.3204
-3.3201
-3.3204
-3.32056
-3.32071
-3.32025
-3.3201
-3.3201
-3.3204
-3.32071
-3.32055
-3.32101
-3.32116
-3.32101
-3.32101
-3.32085
-3.32055
-3.32055
-3.32055
-3.3207
-3.32025
-3.32025
-3.31995
-3.31995
-3.31979
-3.31979
-3.31919
-3.31949
-3.31934
-3.31904
-3.31888
-3.31919
-3.31888
-3.31873
-3.31828
-3.31828
-3.31813
-3.31843
-3.31858
-3.31858
-3.31888
-3.31903
-3.31903
-3.31918
-3.31934
-3.31918
-3.31918
-3.31934
-3.31934
-3.31949
-3.31964
-3.31979
-3.31979
-3.32009
-3.3204
-3.31994
-3.31994
-3.31994
-3.31979
-3.31979
-3.31964
-3.31994
-3.31994
-3.32025
-3.32025
-3.3204
-3.3204
-3.3204
-3.32055
-3.3201
-3.32025
-3.3201
-3.32025
-3.32025
-3.32025
-3.3201
-3.31995
-3.31965
-3.3195
-3.3195
-3.31934
-3.31965
-3.3198
-3.3198
-3.31965
-3.31965
-3.31965
-3.31965
-3.31965
-3.3198
-3.31995
-3.3204
-3.32085
-3.32085
-3.32085
-3.3207
-3.32055
-3.3204
-3.3204
-3.32025
-3.32025
-3.31995
-3.31995
-3.31994
-3.31979
-3.32025
-3.3204
-3.32055
-3.3204
-3.3204
-3.32009
-3.32009
-3.32009
-3.32024
-3.31994
-3.31994
-3.31979
-3.31994
-3.32009
-3.31994
-3.31994
-3.31994
-3.31994
-3.31964
-3.31964
-3.31949
-3.31949
-3.31949
-3.31949
-3.31934
-3.31964
-3.31964
-3.31979
-3.31979
-3.31994
-3.32009
-3.31994
-3.31994
-3.31994
-3.32009
-3.31994
-3.31979
-3.31994
-3.31994
-3.31964
-3.32009
-3.32025
-3.3201
-3.3201
-3.32025
-3.32025
-3.3201
-3.32025
-3.3201
-3.3201
-3.31964
-3.31964
-3.31964
-3.31919
-3.31934
-3.31904
-3.31919
-3.31964
-3.31995
-3.31995
-3.31995
-3.3204
-3.3204
-3.3201
-3.31995
-3.3204
-3.3204
-3.3207
-3.32055
-3.3207
-3.3207
-3.32085
-3.32055
-3.32025
-3.3201
-3.3204
-3.3204
-3.3207
-3.321
-3.32131
-3.32115
-3.321
-3.321
-3.321
-3.321
-3.3207
-3.32055
-3.32025
-3.32055
-3.32025
-3.32025
-3.32025
-3.3204
-3.32025
-3.31994
-3.31979
-3.31994
-3.31994
-3.32025
-3.3204
-3.3204
-3.3204
-3.32025
-3.32025
-3.32025
-3.3201
-3.3201
-3.31979
-3.31979
-3.32009
-3.32025
-3.31994
-3.31994
-3.32025
-3.31979
-3.31919
-3.31919
-3.31919
-3.31904
-3.31889
-3.31889
-3.31874
-3.31874
-3.31873
-3.31889
-3.31873
-3.31919
-3.31934
-3.31904
-3.31888
-3.31888
-3.31888
-3.31919
-3.31919
-3.31964
-3.31964
-3.31979
-3.31949
-3.31964
-3.31964
-3.31979
-3.31979
-3.31979
-3.31994
-3.32039
-3.32009
-3.32009
-3.32024
-3.32039
-3.32024
-3.32009
-3.32054
-3.32054
-3.32054
-3.32084
-3.32084
-3.321
-3.32115
-3.32085
-3.32145
-3.3219
-3.3219
-3.32221
-3.32175
-3.3219
-3.32175
-3.32115
-3.32085
-3.321
-3.32115
-3.32115
-3.32115
-3.3213
-3.32115
-3.321
-3.32115
-3.32115
-3.3213
-3.32115
-3.32085
-3.321
-3.32115
-3.32115
-3.3213
-3.32115
-3.32115
-3.32115
-3.32115
-3.32115
-3.32055
-3.3204
-3.31995
-3.31979
-3.31995
-3.31964
-3.31964
-3.31964
-3.31979
-3.31995
-3.3201
-3.31995
-3.3204
-3.3204
-3.3207
-3.32085
-3.32085
-3.321
-3.3207
-3.32055
-3.32055
-3.32055
-3.3204
-3.32025
-3.3201
-3.31995
-3.3201
-3.3198
-3.31965
-3.3198
-3.3201
-3.31995
-3.3198
-3.31995
-3.31934
-3.31934
-3.31934
-3.31919
-3.31934
-3.31949
-3.31949
-3.31949
-3.31965
-3.3198
-3.3198
-3.3201
-3.32025
-3.32025
-3.31995
-3.32025
-3.3204
-3.3204
-3.3207
-3.3207
-3.32055
-3.3204
-3.32055
-3.32055
-3.32055
-3.32085
-3.321
-3.32085
-3.32085
-3.321
-3.32085
-3.32085
-3.32055
-3.31994
-3.32009
-3.32009
-3.31964
-3.31994
-3.31964
-3.31964
-3.31918
-3.31979
-3.31979
-3.31994
-3.31994
-3.31964
-3.31979
-3.32009
-3.31979
-3.31964
-3.31948
-3.31948
-3.31948
-3.31903
-3.31933
-3.31933
-3.31903
-3.31918
-3.31933
-3.31948
-3.31933
-3.31933
-3.31933
-3.31918
-3.31918
-3.31903
-3.31903
-3.31888
-3.31888
-3.31888
-3.31888
-3.31873
-3.31873
-3.31873
-3.31903
-3.31918
-3.31918
-3.31933
-3.31933
-3.31933
-3.31918
-3.31933
-3.31933
-3.31964
-3.31933
-3.31903
-3.31903
-3.31903
-3.31903
-3.31903
-3.31903
-3.31918
-3.31918
-3.31933
-3.31948
-3.31948
-3.31979
-3.31994
-3.31979
-3.31948
-3.31964
-3.31933
-3.31948
-3.31948
-3.31948
-3.31948
-3.31948
-3.31964
-3.31964
-3.31933
-3.31933
-3.31903
-3.31903
-3.31873
-3.31888
-3.31873
-3.31873
-3.31873
-3.31843
-3.31828
-3.31843
-3.31858
-3.31873
-3.31873
-3.31858
-3.31858
-3.31843
-3.31843
-3.31828
-3.31813
-3.31783
-3.31783
-3.31783
-3.31768
-3.31768
-3.31738
-3.31738
-3.31738
-3.31753
-3.31783
-3.31783
-3.31738
-3.31723
-3.31723
-3.31692
-3.31677
-3.31662
-3.31692
-3.31708
-3.31738
-3.31753
-3.31753
-3.31783
-3.31768
-3.31768
-3.31783
-3.31798
-3.31783
-3.31813
-3.31813
-3.31828
-3.31828
-3.31828
-3.31843
-3.31798
-3.31783
-3.31783
-3.31783
-3.31783
-3.31813
-3.31873
-3.31873
-3.31858
-3.31858
-3.31843
-3.31843
-3.31828
-3.31813
-3.31813
-3.31813
-3.31828
-3.31843
-3.31828
-3.31813
-3.31828
-3.31858
-3.31843
-3.31798
-3.31813
-3.31782
-3.31813
-3.31813
-3.31828
-3.31813
-3.31813
-3.31782
-3.31767
-3.31737
-3.31737
-3.31752
-3.31737
-3.31752
-3.31752
-3.31752
-3.31752
-3.31767
-3.31767
-3.31767
-3.31797
-3.31782
-3.31767
-3.31767
-3.31797
-3.31767
-3.31782
-3.31797
-3.31797
-3.31782
-3.31797
-3.31797
-3.31812
-3.31797
-3.31797
-3.31782
-3.31782
-3.31782
-3.31782
-3.31767
-3.31737
-3.31752
-3.31752
-3.31752
-3.31737
-3.31676
-3.31676
-3.31691
-3.31722
-3.31722
-3.31722
-3.31707
-3.31661
-3.31646
-3.31646
-3.31662
-3.31662
-3.31632
-3.31632
-3.31647
-3.31647
-3.31632
-3.31617
-3.31587
-3.31602
-3.31602
-3.31617
-3.31617
-3.31632
-3.31647
-3.31662
-3.31662
-3.31662
-3.31663
-3.31663
-3.31678
-3.31693
-3.31678
-3.31678
-3.31647
-3.31602
-3.31617
-3.31632
-3.31632
-3.31617
-3.31617
-3.31632
-3.31678
-3.31693
-3.31693
-3.31693
-3.31693
-3.31708
-3.31723
-3.31708
-3.31723
-3.31723
-3.31707
-3.31707
-3.31707
-3.31722
-3.31722
-3.31722
-3.31722
-3.31722
-3.31707
-3.31692
-3.31662
-3.31647
-3.31677
-3.31677
-3.31662
-3.31631
-3.31616
-3.31661
-3.31661
-3.31601
-3.31616
-3.31601
-3.31616
-3.31616
-3.31616
-3.31616
-3.31616
-3.31646
-3.31616
-3.31571
-3.31586
-3.31571
-3.31556
-3.31526
-3.31495
-3.3151
-3.31526
-3.31541
-3.31541
-3.31511
-3.31526
-3.31526
-3.31526
-3.31541
-3.31511
-3.3148
-3.3148
-3.3148
-3.3148
-3.3148
-3.31496
-3.31511
-3.31511
-3.31511
-3.31511
-3.31481
-3.31511
-3.31526
-3.31511
-3.31511
-3.31496
-3.31496
-3.31526
-3.31541
-3.31556
-3.31511
-3.31526
-3.31526
-3.31526
-3.31511
-3.31556
-3.31571
-3.31586
-3.31601
-3.31646
-3.31662
-3.31692
-3.31722
-3.31767
-3.31767
-3.31782
-3.31782
-3.31752
-3.31752
-3.31767
-3.31752
-3.31737
-3.31752
-3.31707
-3.31661
-3.31661
-3.31631
-3.31631
-3.31631
-3.31616
-3.31661
-3.31646
-3.31646
-3.31631
-3.31661
-3.31676
-3.31676
-3.31706
-3.31676
-3.31691
-3.31706
-3.31721
-3.31706
-3.31721
-3.31721
-3.31737
-3.31721
-3.31691
-3.31661
-3.31661
-3.31646
-3.31646
-3.31646
-3.31661
-3.31631
-3.31646
-3.31661
-3.31676
-3.31646
-3.31616
-3.31601
-3.31616
-3.31586
-3.31601
-3.31571
-3.31555
-3.31571
-3.31555
-3.31601
-3.31661
-3.31646
-3.31646
-3.31631
-3.31586
-3.31556
-3.31541
-3.31541
-3.31526
-3.31541
-3.31541
-3.31556
-3.31571
-3.31556
-3.31571
-3.31571
-3.31571
-3.31616
-3.31601
-3.31586
-3.31571
-3.31571
-3.31556
-3.31556
-3.31511
-3.31496
-3.31465
-3.3145
-3.31496
-3.31496
-3.31465
-3.3145
-3.31481
-3.31465
-3.31465
-3.31511
-3.31511
-3.31526
-3.31541
-3.31541
-3.31541
-3.31541
-3.31496
-3.31511
-3.31511
-3.31541
-3.31526
-3.31465
-3.31465
-3.3145
-3.31435
-3.31405
-3.3142
-3.31405
-3.31405
-3.3139
-3.31375
-3.31375
-3.3139
-3.31375
-3.31405
-3.3139
-3.3139
-3.3139
-3.3142
-3.3142
-3.3142
-3.31435
-3.31435
-3.31465
-3.3148
-3.31465
-3.31465
-3.31435
-3.3142
-3.31435
-3.31435
-3.31435
-3.3142
-3.31405
-3.31405
-3.3145
-3.3145
-3.31435
-3.31435
-3.3145
-3.31435
-3.31435
-3.31405
-3.3142
-3.3145
-3.3145
-3.3148
-3.31465
-3.31465
-3.3145
-3.31465
-3.3148
-3.31465
-3.31465
-3.31435
-3.31404
-3.31404
-3.31359
-3.31344
-3.31344
-3.31374
-3.31359
-3.31359
-3.31359
-3.31374
-3.31389
-3.31374
-3.31374
-3.31389
-3.31389
-3.31374
-3.31374
-3.31374
-3.31359
-3.31329
-3.31344
-3.31344
-3.31329
-3.31344
-3.31329
-3.31344
-3.31314
-3.31299
-3.31314
-3.31299
-3.31314
-3.31314
-3.31344
-3.31344
-3.31374
-3.31374
-3.31404
-3.3142
-3.3142
-3.3145
-3.31435
-3.3142
-3.3145
-3.31465
-3.3148
-3.3148
-3.31495
-3.31465
-3.3145
-3.3145
-3.3145
-3.31465
-3.31465
-3.31465
-3.31526
-3.3151
-3.3151
-3.31495
-3.3148
-3.31465
-3.3145
-3.3145
-3.31435
-3.31435
-3.31465
-3.31465
-3.3145
-3.31435
-3.31435
-3.3145
-3.3148
-3.3145
-3.31435
-3.3142
-3.31405
-3.3142
-3.31405
-3.31405
-3.31435
-3.3145
-3.31435
-3.3145
-3.3142
-3.31465
-3.31465
-3.31435
-3.31435
-3.3142
-3.3142
-3.31405
-3.31435
-3.31435
-3.3142
-3.3145
-3.3145
-3.31465
-3.31435
-3.31435
-3.3142
-3.31435
-3.3145
-3.31465
-3.31465
-3.31435
-3.3142
-3.31435
-3.3145
-3.31435
-3.3145
-3.31435
-3.31435
-3.3145
-3.3145
-3.3145
-3.31465
-3.31465
-3.3148
-3.31465
-3.3145
-3.31435
-3.3145
-3.3142
-3.31405
-3.31405
-3.31435
-3.3145
-3.3145
-3.31465
-3.31465
-3.3145
-3.31435
-3.3142
-3.3142
-3.31405
-3.3139
-3.31374
-3.31374
-3.31389
-3.31374
-3.31359
-3.31359
-3.31329
-3.31329
-3.31329
-3.31329
-3.31314
-3.31329
-3.31359
-3.31344
-3.31344
-3.31344
-3.31344
-3.31344
-3.31344
-3.31329
-3.31314
-3.31314
-3.31314
-3.31298
-3.31344
-3.31344
-3.31329
-3.31314
-3.31283
-3.31283
-3.31283
-3.31314
-3.31329
-3.31344
-3.31359
-3.31374
-3.31359
-3.31374
-3.31389
-3.31389
-3.31374
-3.31389
-3.31359
-3.31404
-3.31404
-3.31389
-3.31405
-3.31405
-3.31374
-3.31389
-3.3142
-3.3142
-3.3142
-3.3142
-3.31435
-3.31435
-3.3145
-3.3145
-3.31465
-3.31465
-3.31465
-3.31465
-3.3148
-3.31495
-3.3148
-3.31511
-3.31541
-3.31541
-3.31571
-3.31601
-3.31601
-3.31586
-3.31571
-3.31586
-3.31586
-3.31586
-3.31586
-3.31571
-3.31571
-3.31616
-3.31616
-3.31601
-3.31601
-3.31601
-3.31616
-3.31616
-3.31616
-3.31601
-3.31586
-3.31601
-3.31586
-3.31571
-3.31525
-3.31525
-3.31525
-3.3151
-3.31495
-3.3148
-3.3148
-3.31495
-3.31495
-3.3148
-3.31495
-3.31495
-3.3148
-3.3151
-3.3148
-3.3148
-3.3151
-3.3151
-3.31556
-3.3154
-3.3154
-3.31556
-3.31556
-3.31571
-3.31586
-3.31616
-3.31616
-3.31616
-3.31616
-3.31586
-3.31586
-3.31556
-3.31525
-3.31525
-3.31571
-3.31571
-3.31571
-3.31586
-3.31586
-3.31586
-3.31586
-3.31601
-3.31616
-3.31601
-3.31601
-3.31586
-3.31601
-3.31601
-3.31586
-3.31616
-3.31646
-3.31646
-3.31616
-3.31616
-3.31586
-3.31556
-3.31586
-3.31601
-3.31601
-3.31601
-3.31631
-3.31631
-3.31616
-3.31586
-3.31586
-3.31616
-3.31601
-3.31571
-3.31525
-3.31525
-3.31525
-3.31525
-3.31525
-3.3151
-3.3151
-3.31465
-3.31465
-3.31495
-3.31525
-3.31586
-3.31586
-3.31601
-3.31586
-3.31556
-3.31571
-3.31556
-3.31571
-3.31586
-3.31586
-3.31571
-3.3151
-3.31525
-3.3151
-3.3157
-3.31555
-3.3154
-3.3151
-3.31525
-3.3151
-3.3151
-3.3145
-3.31419
-3.31434
-3.31434
-3.3145
-3.3145
-3.3145
-3.3145
-3.31465
-3.31434
-3.31434
-3.31449
-3.31404
-3.31389
-3.31389
-3.31374
-3.31313
-3.31329
-3.31329
-3.31359
-3.31359
-3.31359
-3.31344
-3.31344
-3.31313
-3.31313
-3.31313
-3.31298
-3.31344
-3.31359
-3.31374
-3.31389
-3.31374
-3.31359
-3.31374
-3.31359
-3.31389
-3.31419
-3.31434
-3.31465
-3.3145
-3.31465
-3.31465
-3.31465
-3.31435
-3.31404
-3.31389
-3.31389
-3.31404
-3.31374
-3.31389
-3.31389
-3.31389
-3.31389
-3.31404
-3.31359
-3.31359
-3.31344
-3.31314
-3.31314
-3.31329
-3.31344
-3.31344
-3.31298
-3.31313
-3.31328
-3.31328
-3.31328
-3.31328
-3.31298
-3.31328
-3.31313
-3.31283
-3.31268
-3.31283
-3.31283
-3.31268
-3.31298
-3.31313
-3.31313
-3.31358
-3.31388
-3.31388
-3.31403
-3.31388
-3.31373
-3.31358
-3.31358
-3.31388
-3.31419
-3.31419
-3.31449
-3.31449
-3.31449
-3.31419
-3.31449
-3.31464
-3.31495
-3.31495
-3.3154
-3.3154
-3.3157
-3.31586
-3.31586
-3.31571
-3.31571
-3.31541
-3.3151
-3.3151
-3.31556
-3.31556
-3.31556
-3.31541
-3.31556
-3.31571
-3.31601
-3.31586
-3.31586
-3.31617
-3.31647
-3.31617
-3.31601
-3.31617
-3.31602
-3.31617
-3.31632
-3.31602
-3.31647
-3.31617
-3.31617
-3.31662
-3.31677
-3.31707
-3.31707
-3.31707
-3.31692
-3.31677
-3.31692
-3.31692
-3.31737
-3.31722
-3.31707
-3.31768
-3.31752
-3.31752
-3.31737
-3.31752
-3.31752
-3.31737
-3.31737
-3.31722
-3.31752
-3.31767
-3.31752
-3.31737
-3.31737
-3.31737
-3.31798
-3.31798
-3.31813
-3.31828
-3.31843
-3.31903
-3.31888
-3.31858
-3.31873
-3.31843
-3.31828
-3.31828
-3.31813
-3.31828
-3.31843
-3.31828
-3.31828
-3.31843
-3.31828
-3.31782
-3.31797
-3.31797
-3.31827
-3.31843
-3.31827
-3.31827
-3.31827
-3.31857
-3.31857
-3.31872
-3.31857
-3.31857
-3.31857
-3.31857
-3.31857
-3.31902
-3.31902
-3.31857
-3.31857
-3.31857
-3.31857
-3.31857
-3.31887
-3.31872
-3.31902
-3.31887
-3.31902
-3.31902
-3.31962
-3.31977
-3.32008
-3.31947
-3.31947
-3.31962
-3.31947
-3.31947
-3.31962
-3.32007
-3.32007
-3.31992
-3.31992
-3.31962
-3.31947
-3.31977
-3.31992
-3.32008
-3.32008
-3.31992
-3.31977
-3.31962
-3.31977
-3.32008
-3.31993
-3.31978
-3.31978
-3.31978
-3.31932
-3.31962
-3.31932
-3.31917
-3.31917
-3.31872
-3.31872
-3.31887
-3.31902
-3.31902
-3.31887
-3.31872
-3.31857
-3.31872
-3.31827
-3.31827
-3.31812
-3.31827
-3.31827
-3.31827
-3.31842
-3.31872
-3.31903
-3.31903
-3.31888
-3.31888
-3.31888
-3.31873
-3.31857
-3.31873
-3.31858
-3.31873
-3.31858
-3.31842
-3.31827
-3.31827
-3.31812
-3.31827
-3.31827
-3.31827
-3.31827
-3.31827
-3.31858
-3.31858
-3.31858
-3.31888
-3.31888
-3.31843
-3.31843
-3.31858
-3.31873
-3.31873
-3.31858
-3.31843
-3.31873
-3.31843
-3.31827
-3.31812
-3.31812
-3.31797
-3.31782
-3.31782
-3.31752
-3.31752
-3.31722
-3.31752
-3.31737
-3.31737
-3.31752
-3.31767
-3.31752
-3.31752
-3.31752
-3.31752
-3.31752
-3.31797
-3.31812
-3.31812
-3.31827
-3.31857
-3.31857
-3.31827
-3.31842
-3.31857
-3.31827
-3.31857
-3.31903
-3.31888
-3.31933
-3.31948
-3.31963
-3.31918
-3.31948
-3.31963
-3.31948
-3.31948
-3.31948
-3.31933
-3.31933
-3.31933
-3.31933
-3.31963
-3.31963
-3.31978
-3.31978
-3.32008
-3.32038
-3.32038
-3.32038
-3.32023
-3.32008
-3.32038
-3.32038
-3.32053
-3.32023
-3.32023
-3.31993
-3.31963
-3.31948
-3.31963
-3.31978
-3.31978
-3.31993
-3.31993
-3.31993
-3.31993
-3.31993
-3.31978
-3.31978
-3.31993
-3.31993
-3.32023
-3.32023
-3.32053
-3.32038
-3.32038
-3.32053
-3.32053
-3.32099
-3.32053
-3.32038
-3.32053
-3.32084
-3.32114
-3.32144
-3.32129
-3.32144
-3.32174
-3.3219
-3.32174
-3.32159
-3.32129
-3.32129
-3.32144
-3.32129
-3.32129
-3.32114
-3.32099
-3.32054
-3.32069
-3.32084
-3.32069
-3.32054
-3.32039
-3.32054
-3.32024
-3.32024
-3.31993
-3.32008
-3.32008
-3.31993
-3.31993
-3.32024
-3.32008
-3.31993
-3.31993
-3.31978
-3.31993
-3.31978
-3.32008
-3.32008
-3.32008
-3.32024
-3.32008
-3.32024
-3.31993
-3.32008
-3.32024
-3.32008
-3.32024
-3.32024
-3.32054
-3.32024
-3.32039
-3.32039
-3.32024
-3.32008
-3.32024
-3.32039
-3.32084
-3.32084
-3.32069
-3.32069
-3.32099
-3.32114
-3.32144
-3.32159
-3.32144
-3.32144
-3.32129
-3.32114
-3.32099
-3.32084
-3.32099
-3.32069
-3.32084
-3.32084
-3.32084
-3.32114
-3.32114
-3.32129
-3.32144
-3.32114
-3.32129
-3.32129
-3.32114
-3.32114
-3.32084
-3.32084
-3.32114
-3.32129
-3.32129
-3.32144
-3.32144
-3.32174
-3.32129
-3.32114
-3.32114
-3.32129
-3.32114
-3.32084
-3.32069
-3.32069
-3.32069
-3.32053
-3.32053
-3.32053
-3.32069
-3.32084
-3.32099
-3.32084
-3.32069
-3.32084
-3.32054
-3.32069
-3.32099
-3.32114
-3.32114
-3.32099
-3.32099
-3.32099
-3.32084
-3.32084
-3.32069
-3.32099
-3.32099
-3.32099
-3.32084
-3.32084
-3.32069
-3.32069
-3.32038
-3.32069
-3.32084
-3.32069
-3.32084
-3.32069
-3.32099
-3.32114
-3.32114
-3.32144
-3.32144
-3.32144
-3.32114
-3.32114
-3.32114
-3.32114
-3.32099
-3.32069
-3.32039
-3.32024
-3.32008
-3.32008
-3.32008
-3.32024
-3.32024
-3.32008
-3.32024
-3.32054
-3.32054
-3.32054
-3.32054
-3.32024
-3.32008
-3.32008
-3.31993
-3.32008
-3.32008
-3.32039
-3.32054
-3.32054
-3.32084
-3.32039
-3.32054
-3.32054
-3.32023
-3.32008
-3.31948
-3.31948
-3.31963
-3.31978
-3.32023
-3.32008
-3.31993
-3.31978
-3.32008
-3.32008
-3.31993
-3.31993
-3.32008
-3.32008
-3.32008
-3.32023
-3.32008
-3.32038
-3.32023
-3.31993
-3.31978
-3.31978
-3.31948
-3.31948
-3.31948
-3.31933
-3.31918
-3.31963
-3.31948
-3.31978
-3.31963
-3.31933
-3.31903
-3.31918
-3.31918
-3.31903
-3.31903
-3.31903
-3.31903
-3.31903
-3.31903
-3.31903
-3.31872
-3.31857
-3.31842
-3.31842
-3.31857
-3.31872
-3.31888
-3.31872
-3.31903
-3.31903
-3.31872
-3.31903
-3.31918
-3.31933
-3.31903
-3.31903
-3.31933
-3.31993
-3.32024
-3.32054
-3.32054
-3.32084
-3.32069
-3.32084
-3.32069
-3.32039
-3.32023
-3.32023
-3.32023
-3.31978
-3.31963
-3.31978
-3.31963
-3.31948
-3.31978
-3.31978
-3.31963
-3.31978
-3.31978
-3.31963
-3.31963
-3.31963
-3.31993
-3.32008
-3.32008
-3.32024
-3.32024
-3.32024
-3.32024
-3.32024
-3.32054
-3.32054
-3.32054
-3.32069
-3.32099
-3.32084
-3.32069
-3.32054
-3.32069
-3.32069
-3.32069
-3.32084
-3.32039
-3.32024
-3.32039
-3.32024
-3.32024
-3.32024
-3.32024
-3.32009
-3.32009
-3.32009
-3.32024
-3.32009
-3.32024
-3.31994
-3.31964
-3.31994
-3.31979
-3.31979
-3.31994
-3.32024
-3.32039
-3.32024
-3.32024
-3.32009
-3.32009
-3.32009
-3.31979
-3.31994
-3.31994
-3.32024
-3.32009
-3.32009
-3.32009
-3.32024
-3.32069
-3.32099
-3.32084
-3.32129
-3.32144
-3.32159
-3.32129
-3.32159
-3.3219
-3.32205
-3.32189
-3.32204
-3.32189
-3.32204
-3.32204
-3.32204
-3.32174
-3.32174
-3.32174
-3.32189
-3.32204
-3.32234
-3.32189
-3.32144
-3.32144
-3.32098
-3.32083
-3.32083
-3.32083
-3.32068
-3.32083
-3.32068
-3.32053
-3.32068
-3.32068
-3.32068
-3.32068
-3.32068
-3.32038
-3.32083
-3.32083
-3.32129
-3.32129
-3.32159
-3.32129
-3.32114
-3.32159
-3.32159
-3.32159
-3.32159
-3.32159
-3.32144
-3.32159
-3.32159
-3.32174
-3.32189
-3.32189
-3.32189
-3.32174
-3.32205
-3.32174
-3.32174
-3.3219
-3.32205
-3.3219
-3.3219
-3.32175
-3.32175
-3.3222
-3.3222
-3.32235
-3.32205
-3.32205
-3.32205
-3.3216
-3.32114
-3.32145
-3.32145
-3.32129
-3.32129
-3.32145
-3.32145
-3.32145
-3.3216
-3.32175
-3.3219
-3.32145
-3.32175
-3.32145
-3.3216
-3.3216
-3.32145
-3.3216
-3.32175
-3.32175
-3.3219
-3.3219
-3.3216
-3.32175
-3.32175
-3.3219
-3.3216
-3.3216
-3.3216
-3.3213
-3.3216
-3.32145
-3.3216
-3.3216
-3.32115
-3.32085
-3.32085
-3.32085
-3.32085
-3.32069
-3.32054
-3.32069
-3.32054
-3.32069
-3.32054
-3.32085
-3.32085
-3.32069
-3.32069
-3.32084
-3.32069
-3.32069
-3.32039
-3.32039
-3.32039
-3.32009
-3.32024
-3.32009
-3.32009
-3.32024
-3.32039
-3.32009
-3.32024
-3.31979
-3.31979
-3.31963
-3.31933
-3.31994
-3.32024
-3.32039
-3.32054
-3.32039
-3.32039
-3.32024
-3.32024
-3.32024
-3.32054
-3.32054
-3.32054
-3.32054
-3.32024
-3.32024
-3.31993
-3.31993
-3.31978
-3.31993
-3.31993
-3.31948
-3.31978
-3.31993
-3.31993
-3.31993
-3.31978
-3.32024
-3.32024
-3.32009
-3.31978
-3.31963
-3.31963
-3.31963
-3.31978
-3.31978
-3.31978
-3.31994
-3.31978
-3.31978
-3.31963
-3.31963
-3.31963
-3.31948
-3.31948
-3.31948
-3.31948
-3.31978
-3.31978
-3.31978
-3.31994
-3.32009
-3.32009
-3.32039
-3.32009
-3.32024
-3.32024
-3.31978
-3.31994
-3.32024
-3.32039
-3.32084
-3.32069
-3.32069
-3.32084
-3.32099
-3.32099
-3.32099
-3.32084
-3.32099
-3.32099
-3.32114
-3.32114
-3.32114
-3.32038
-3.32038
-3.32038
-3.32069
-3.32008
-3.32038
-3.32023
-3.32008
-3.32023
-3.32038
-3.32023
-3.32008
-3.31993
-3.31947
-3.31963
-3.31978
-3.31993
-3.31978
-3.31993
-3.32008
-3.32023
-3.32038
-3.32053
-3.32038
-3.32038
-3.32038
-3.32023
-3.32023
-3.32023
-3.32024
-3.32024
-3.32008
-3.32024
-3.32009
-3.32024
-3.32024
-3.32024
-3.32039
-3.32009
-3.31979
-3.31979
-3.32024
-3.32009
-3.32024
-3.32054
-3.32054
-3.32069
-3.32085
-3.32115
-3.3213
-3.32145
-3.3213
-3.321
-3.3213
-3.3213
-3.32115
-3.32115
-3.32115
-3.32115
-3.3213
-3.32115
-3.32145
-3.3216
-3.32175
-3.3216
-3.3219
-3.3219
-3.3219
-3.32175
-3.3216
-3.32175
-3.3216
-3.3213
-3.3213
-3.32145
-3.32145
-3.3213
-3.32084
-3.32084
-3.32099
-3.32114
-3.32099
-3.32084
-3.32099
-3.32114
-3.32099
-3.32084
-3.32084
-3.32054
-3.32039
-3.32054
-3.32069
-3.32084
-3.32099
-3.32084
-3.32054
-3.32054
-3.32039
-3.32039
-3.32054
-3.32054
-3.32054
-3.32009
-3.32024
-3.32024
-3.32009
-3.32009
-3.32024
-3.32039
-3.32054
-3.32054
-3.32069
-3.32054
-3.32054
-3.32009
-3.32009
-3.32024
-3.32054
-3.32039
-3.32039
-3.32069
-3.32084
-3.32069
-3.32039
-3.32039
-3.31963
-3.31963
-3.31948
-3.31948
-3.31933
-3.31933
-3.31933
-3.31933
-3.31933
-3.31933
-3.31933
-3.31933
-3.31933
-3.31933
-3.31933
-3.31933
-3.31933
-3.31948
-3.31933
-3.31918
-3.31933
-3.31933
-3.31948
-3.31948
-3.31963
-3.31963
-3.31918
-3.31902
-3.31948
-3.31903
-3.31887
-3.31887
-3.31887
-3.31903
-3.31903
-3.31903
-3.31872
-3.31872
-3.31872
-3.31888
-3.31857
-3.31857
-3.31842
-3.31888
-3.31842
-3.31857
-3.31873
-3.31827
-3.31797
-3.31812
-3.31797
-3.31782
-3.31737
-3.31722
-3.31691
-3.31707
-3.31676
-3.31661
-3.31691
-3.31707
-3.31646
-3.31631
-3.31646
-3.31646
-3.31631
-3.31646
-3.31676
-3.31691
-3.31691
-3.31661
-3.31676
-3.31676
-3.31676
-3.31676
-3.31661
-3.31661
-3.31661
-3.31631
-3.31601
-3.31585
-3.31601
-3.31616
-3.31616
-3.31585
-3.31585
-3.31585
-3.316
-3.316
-3.31631
-3.31585
-3.31585
-3.31555
-3.31555
-3.3154
-3.3154
-3.3157
-3.31555
-3.31555
-3.3157
-3.31525
-3.31525
-3.31585
-3.316
-3.31615
-3.31661
-3.3163
-3.31646
-3.31646
-3.31646
-3.31646
-3.31676
-3.31676
-3.31661
-3.31661
-3.31661
-3.31661
-3.31646
-3.31646
-3.31616
-3.31631
-3.31631
-3.31616
-3.31631
-3.31631
-3.31676
-3.31691
-3.31661
-3.31721
-3.31737
-3.31721
-3.31706
-3.31752
-3.31722
-3.31722
-3.31737
-3.31737
-3.31767
-3.31752
-3.31752
-3.31797
-3.31782
-3.31782
-3.31828
-3.31843
-3.31873
-3.31918
-3.31933
-3.31903
-3.31888
-3.31888
-3.31918
-3.31949
-3.31949
-3.31933
-3.31964
-3.31964
-3.31964
-3.31964
-3.31949
-3.31934
-3.31918
-3.31934
-3.31903
-3.31888
-3.31873
-3.31903
-3.31903
-3.31949
-3.31918
-3.31919
-3.31918
-3.31919
-3.31888
-3.31918
-3.31888
-3.31903
-3.31918
-3.31934
-3.31903
-3.31903
-3.31918
-3.31918
-3.31918
-3.31949
-3.31933
-3.31949
-3.31949
-3.31964
-3.31964
-3.31964
-3.31994
-3.32024
-3.32024
-3.32009
-3.32024
-3.32024
-3.32024
-3.31994
-3.31979
-3.31979
-3.31963
-3.31963
-3.31948
-3.31948
-3.31963
-3.31963
-3.31963
-3.31948
-3.31933
-3.31918
-3.31933
-3.31918
-3.31918
-3.31888
-3.31903
-3.31903
-3.31903
-3.31903
-3.31888
-3.31888
-3.31857
-3.31857
-3.31842
-3.31812
-3.31797
-3.31827
-3.31797
-3.31812
-3.31812
-3.31812
-3.31782
-3.31752
-3.31752
-3.31767
-3.31782
-3.31751
-3.31767
-3.31797
-3.31797
-3.31812
-3.31797
-3.31812
-3.31812
-3.31812
-3.31812
-3.31812
-3.31812
-3.31797
-3.31767
-3.31797
-3.31827
-3.31872
-3.31888
-3.31872
-3.31857
-3.31872
-3.31857
-3.31857
-3.31812
-3.31812
-3.31812
-3.31797
-3.31782
-3.31767
-3.31767
-3.31782
-3.31752
-3.31737
-3.31737
-3.31691
-3.31722
-3.31721
-3.31721
-3.31722
-3.31706
-3.31691
-3.31706
-3.31706
-3.31661
-3.31631
-3.31646
-3.31661
-3.31661
-3.31646
-3.31646
-3.31676
-3.31676
-3.31676
-3.31646
-3.31646
-3.31661
-3.31661
-3.31661
-3.31646
-3.31646
-3.31631
-3.31631
-3.31616
-3.31631
-3.31646
-3.31616
-3.31646
-3.31646
-3.31661
-3.31676
-3.31692
-3.31676
-3.31661
-3.31661
-3.31661
-3.31707
-3.31676
-3.31692
-3.31661
-3.31661
-3.31631
-3.31631
-3.31646
-3.31601
-3.31601
-3.31631
-3.31646
-3.31661
-3.31661
-3.31692
-3.31692
-3.31692
-3.31722
-3.31692
-3.31692
-3.31692
-3.31676
-3.31676
-3.31661
-3.31677
-3.31676
-3.31692
-3.31707
-3.31722
-3.31722
-3.31707
-3.31707
-3.31692
-3.31692
-3.31661
-3.31661
-3.31676
-3.31661
-3.31646
-3.31661
-3.31661
-3.31661
-3.31692
-3.31707
-3.31722
-3.31707
-3.31707
-3.31692
-3.31676
-3.31616
-3.31631
-3.31601
-3.31616
-3.31616
-3.31616
-3.31631
-3.31646
-3.31646
-3.31646
-3.31631
-3.31631
-3.31646
-3.31601
-3.31601
-3.31601
-3.3154
-3.31555
-3.31555
-3.3154
-3.31555
-3.3157
-3.31555
-3.3157
-3.31555
-3.3154
-3.31555
-3.31555
-3.3157
-3.3157
-3.316
-3.316
-3.31585
-3.316
-3.31616
-3.31646
-3.31601
-3.31585
-3.31585
-3.3157
-3.3154
-3.31585
-3.31585
-3.3157
-3.3157
-3.31586
-3.31586
-3.31586
-3.31586
-3.31601
-3.31601
-3.31616
-3.31601
-3.31601
-3.31601
-3.31586
-3.31586
-3.31586
-3.31616
-3.31616
-3.31631
-3.31646
-3.31631
-3.31631
-3.31631
-3.31601
-3.31601
-3.31616
-3.31631
-3.31601
-3.31616
-3.31586
-3.31586
-3.31586
-3.31586
-3.31586
-3.3157
-3.31586
-3.31601
-3.31586
-3.31601
-3.31616
-3.31616
-3.31601
-3.31616
-3.31631
-3.31676
-3.31676
-3.31676
-3.31691
-3.31676
-3.31661
-3.31661
-3.31661
-3.31661
-3.31646
-3.31646
-3.31616
-3.31586
-3.31541
-3.31541
-3.31556
-3.31571
-3.31571
-3.31586
-3.31571
-3.31556
-3.31586
-3.31586
-3.31586
-3.31601
-3.31616
-3.31631
-3.31616
-3.31631
-3.31601
-3.31586
-3.31571
-3.31571
-3.31601
-3.31586
-3.31586
-3.31571
-3.31601
-3.31556
-3.31571
-3.31571
-3.31541
-3.31556
-3.31601
-3.31586
-3.31571
-3.31586
-3.31556
-3.31571
-3.31571
-3.31571
-3.31586
-3.31586
-3.31601
-3.31586
-3.31571
-3.31571
-3.31601
-3.31616
-3.31601
-3.31601
-3.31586
-3.31541
-3.31556
-3.31601
-3.31601
-3.31631
-3.31647
-3.31662
-3.31632
-3.31632
-3.31601
-3.31601
-3.31586
-3.31616
-3.31616
-3.31601
-3.31632
-3.31632
-3.31632
-3.31616
-3.31616
-3.31632
-3.31662
-3.31692
-3.31707
-3.31707
-3.31707
-3.31737
-3.31722
-3.31722
-3.31737
-3.31722
-3.31722
-3.31783
-3.31783
-3.31768
-3.31768
-3.31768
-3.31783
-3.31753
-3.31753
-3.31737
-3.31722
-3.31677
-3.31722
-3.31722
-3.31737
-3.31722
-3.31707
-3.31692
-3.31677
-3.31662
-3.31692
-3.31722
-3.31737
-3.31753
-3.31753
-3.31737
-3.31768
-3.31798
-3.31798
-3.31843
-3.31873
-3.31843
-3.31843
-3.31813
-3.31813
-3.31768
-3.31783
-3.31768
-3.31783
-3.31768
-3.31768
-3.31783
-3.31722
-3.31768
-3.31752
-3.31752
-3.31737
-3.31737
-3.31752
-3.31752
-3.31783
-3.31813
-3.31828
-3.31858
-3.31858
-3.31858
-3.31888
-3.31918
-3.31949
-3.31949
-3.31934
-3.31934
-3.31934
-3.31903
-3.31873
-3.31858
-3.31858
-3.31873
-3.31858
-3.31888
-3.31888
-3.31888
-3.31873
-3.31858
-3.31888
-3.31873
-3.31873
-3.31858
-3.31873
-3.31873
-3.31888
-3.31888
-3.31888
-3.31858
-3.31843
-3.31843
-3.31843
-3.31843
-3.31843
-3.31843
-3.31843
-3.31858
-3.31858
-3.31858
-3.31858
-3.31843
-3.31813
-3.31782
-3.31797
-3.31813
-3.31797
-3.31797
-3.31813
-3.31813
-3.31828
-3.31843
-3.31858
-3.31843
-3.31858
-3.31903
-3.31873
-3.31934
-3.31934
-3.31934
-3.31949
-3.31934
-3.31858
-3.31873
-3.31843
-3.31843
-3.31843
-3.31843
-3.31813
-3.31768
-3.31783
-3.31783
-3.31783
-3.31783
-3.31768
-3.31798
-3.31813
-3.31813
-3.31783
-3.31768
-3.31798
-3.31813
-3.31783
-3.31767
-3.31767
-3.31752
-3.31752
-3.31767
-3.31767
-3.31752
-3.31737
-3.31737
-3.31722
-3.31707
-3.31692
-3.31692
-3.31692
-3.31692
-3.31707
-3.31677
-3.31646
-3.31646
-3.31616
-3.31616
-3.31586
-3.31586
-3.31601
-3.31586
-3.31586
-3.31586
-3.3154
-3.31525
-3.31495
-3.31495
-3.31525
-3.3151
-3.31525
-3.3151
-3.31541
-3.31556
-3.31601
-3.31601
-3.31601
-3.31616
-3.31586
-3.31601
-3.31601
-3.31586
-3.31586
-3.31616
-3.31586
-3.31571
-3.31556
-3.31541
-3.31541
-3.31556
-3.31541
-3.31496
-3.31496
-3.31526
-3.31496
-3.31511
-3.31496
-3.31496
-3.31481
-3.31496
-3.31496
-3.31496
-3.31511
-3.31511
-3.31511
-3.31511
-3.31496
-3.31496
-3.31511
-3.31466
-3.31466
-3.31466
-3.31466
-3.31496
-3.31481
-3.31496
-3.31466
-3.31435
-3.3142
-3.31435
-3.31435
-3.31435
-3.3142
-3.31405
-3.31405
-3.3145
-3.31466
-3.31466
-3.31466
-3.31465
-3.3145
-3.3145
-3.3145
-3.3145
-3.31465
-3.31465
-3.31496
-3.31496
-3.31465
-3.31465
-3.31465
-3.31465
-3.31465
-3.3148
-3.31496
-3.31496
-3.31526
-3.31541
-3.31556
-3.31571
-3.31571
-3.31571
-3.31571
-3.31556
-3.31556
-3.31571
-3.31571
-3.31586
-3.31571
-3.31571
-3.31647
-3.31647
-3.31616
-3.31616
-3.31616
-3.31646
-3.31646
-3.31631
-3.31646
-3.31646
-3.31646
-3.31661
-3.31692
-3.31707
-3.31737
-3.31767
-3.31767
-3.31767
-3.31767
-3.31782
-3.31782
-3.31782
-3.31737
-3.31767
-3.31767
-3.31752
-3.31737
-3.31722
-3.31722
-3.31691
-3.31661
-3.31661
-3.31646
-3.31676
-3.31691
-3.31722
-3.31691
-3.31661
-3.31676
-3.31706
-3.31752
-3.31737
-3.31721
-3.31706
-3.31721
-3.31767
-3.31782
-3.31797
-3.31797
-3.31782
-3.31767
-3.31752
-3.31767
-3.31767
-3.31752
-3.31767
-3.31782
-3.31782
-3.31767
-3.31737
-3.31737
-3.31752
-3.31752
-3.31767
-3.31797
-3.31858
-3.31858
-3.31843
-3.31797
-3.31797
-3.31812
-3.31828
-3.31858
-3.31858
-3.31858
-3.31828
-3.31843
-3.31828
-3.31858
-3.31828
-3.31828
-3.31797
-3.31752
-3.31767
-3.31737
-3.31752
-3.31737
-3.31737
-3.31737
-3.31722
-3.31722
-3.31692
-3.31692
-3.31692
-3.31677
-3.31677
-3.31677
-3.31677
-3.31677
-3.31677
-3.31707
-3.31722
-3.31692
-3.31707
-3.31707
-3.31707
-3.31692
-3.31677
-3.31692
-3.31677
-3.31677
-3.31662
-3.31632
-3.31632
-3.31662
-3.31662
-3.31677
-3.31677
-3.31692
-3.31662
-3.31617
-3.31632
-3.31632
-3.31662
-3.31662
-3.31677
-3.31692
-3.31737
-3.31767
-3.31782
-3.31767
-3.31782
-3.31782
-3.31782
-3.31797
-3.31797
-3.31782
-3.31782
-3.31782
-3.31827
-3.31812
-3.31797
-3.31812
-3.31827
-3.31797
-3.31767
-3.31767
-3.31752
-3.31722
-3.31707
-3.31692
-3.31662
-3.31631
-3.31631
-3.31616
-3.31616
-3.31601
-3.31586
-3.31541
-3.31511
-3.31511
-3.31496
-3.31496
-3.31466
-3.31466
-3.31436
-3.31436
-3.31436
-3.31451
-3.31451
-3.31451
-3.31436
-3.31421
-3.31406
-3.31391
-3.31391
-3.31375
-3.31391
-3.31421
-3.31406
-3.31391
-3.31391
-3.31406
-3.31421
-3.31421
-3.31406
-3.31391
-3.31391
-3.31406
-3.31421
-3.31406
-3.31406
-3.3139
-3.3139
-3.31375
-3.31375
-3.31375
-3.31405
-3.31405
-3.3142
-3.31451
-3.31435
-3.3142
-3.3142
-3.3142
-3.31405
-3.3145
-3.31435
-3.31435
-3.3145
-3.3145
-3.3145
-3.3145
-3.31465
-3.3148
-3.31495
-3.3151
-3.3151
-3.3151
-3.31495
-3.3148
-3.31495
-3.31495
-3.3151
-3.3151
-3.3151
-3.3151
-3.3154
-3.3154
-3.31525
-3.3154
-3.3154
-3.31555
-3.31601
-3.31616
-3.31616
-3.31601
-3.31601
-3.31616
-3.31616
-3.31586
-3.3157
-3.31586
-3.31586
-3.31571
-3.31586
-3.31571
-3.31571
-3.31556
-3.31571
-3.31601
-3.31601
-3.31616
-3.31601
-3.31571
-3.31571
-3.31601
-3.31586
-3.31616
-3.31616
-3.31601
-3.31632
-3.31632
-3.31632
-3.31647
-3.31677
-3.31662
-3.31647
-3.31647
-3.31632
-3.31647
-3.31632
-3.31632
-3.31617
-3.31617
-3.31632
-3.31632
-3.31617
-3.31632
-3.31662
-3.31692
-3.31707
-3.31692
-3.31707
-3.31753
-3.31722
-3.31753
-3.31722
-3.31722
-3.31768
-3.31828
-3.31858
-3.31858
-3.31843
-3.31843
-3.31858
-3.31874
-3.31874
-3.31874
-3.31889
-3.31874
-3.31889
-3.31874
-3.31858
-3.31843
-3.31828
-3.31828
-3.31813
-3.31813
-3.31828
-3.31813
-3.31813
-3.31843
-3.31843
-3.31843
-3.31843
-3.31874
-3.31889
-3.31889
-3.31873
-3.31889
-3.31919
-3.31873
-3.31904
-3.31873
-3.31888
-3.31873
-3.31858
-3.31873
-3.31858
-3.31873
-3.31904
-3.31873
-3.31873
-3.31843
-3.31798
-3.31813
-3.31798
-3.31782
-3.31782
-3.31782
-3.31767
-3.31752
-3.31737
-3.31752
-3.31752
-3.31737
-3.31752
-3.31767
-3.31812
-3.31797
-3.31812
-3.31858
-3.31858
-3.31858
-3.31842
-3.31812
-3.31812
-3.31812
-3.31812
-3.31797
-3.31827
-3.31827
-3.31842
-3.31857
-3.31857
-3.31842
-3.31887
-3.31887
-3.31887
-3.31903
-3.31887
-3.31872
-3.31827
-3.31797
-3.31797
-3.31797
-3.31797
-3.31767
-3.31767
-3.31767
-3.31752
-3.31721
-3.31706
-3.31706
-3.31706
-3.31721
-3.31736
-3.31676
-3.31691
-3.31737
-3.31737
-3.31722
-3.31737
-3.31737
-3.31737
-3.31767
-3.31752
-3.31797
-3.31812
-3.31782
-3.31813
-3.31873
-3.31843
-3.31843
-3.31843
-3.31813
-3.31828
-3.31828
-3.31843
-3.31843
-3.31828
-3.31783
-3.31798
-3.31873
-3.31873
-3.31873
-3.31889
-3.31843
-3.31874
-3.31874
-3.31858
-3.31874
-3.31874
-3.31874
-3.31859
-3.31859
-3.31874
-3.31828
-3.31844
-3.31844
-3.31798
-3.31768
-3.31768
-3.31783
-3.31738
-3.31753
-3.31753
-3.31783
-3.31798
-3.31798
-3.31783
-3.31753
-3.31753
-3.31753
-3.31753
-3.31738
-3.31723
-3.31723
-3.31708
-3.31708
-3.31723
-3.31708
-3.31723
-3.31753
-3.31753
-3.31692
-3.31707
-3.31723
-3.31692
-3.31677
-3.31677
-3.31707
-3.31723
-3.31707
-3.31707
-3.31707
-3.31707
-3.31707
-3.31692
-3.31677
-3.31677
-3.31677
-3.31662
-3.31647
-3.31647
-3.31662
-3.31677
-3.31677
-3.31707
-3.31722
-3.31692
-3.31692
-3.31707
-3.31692
-3.31722
-3.31631
-3.31647
-3.31631
-3.31601
-3.31586
-3.31586
-3.31616
-3.31571
-3.3154
-3.31525
-3.31555
-3.31525
-3.31525
-3.31555
-3.3157
-3.31601
-3.31601
-3.31631
-3.31646
-3.31616
-3.31616
-3.31616
-3.31631
-3.31631
-3.31631
-3.31601
-3.31585
-3.31601
-3.31586
-3.31586
-3.31586
-3.31586
-3.31586
-3.31586
-3.31586
-3.31571
-3.31556
-3.31556
-3.31556
-3.31526
-3.31495
-3.3148
-3.3145
-3.3148
-3.31495
-3.31511
-3.31511
-3.31541
-3.31541
-3.31526
-3.31541
-3.31586
-3.31601
-3.31586
-3.31556
-3.31541
-3.31541
-3.31541
-3.31541
-3.31526
-3.31556
-3.31571
-3.31586
-3.31617
-3.31632
-3.31677
-3.31677
-3.31677
-3.31677
-3.31662
-3.31677
-3.31692
-3.31707
-3.31707
-3.31692
-3.31677
-3.31707
-3.31692
-3.31677
-3.31662
-3.31662
-3.31662
-3.31662
-3.31662
-3.31662
-3.31662
-3.31647
-3.31632
-3.31632
-3.31632
-3.31616
-3.31601
-3.31601
-3.31601
-3.31647
-3.31647
-3.31647
-3.31662
-3.31632
-3.31647
-3.31692
-3.31692
-3.31707
-3.31677
-3.31677
-3.31722
-3.31707
-3.31722
-3.31722
-3.31692
-3.31677
-3.31692
-3.31707
-3.31738
-3.31768
-3.31768
-3.31768
-3.31737
-3.31753
-3.31753
-3.31768
-3.31738
-3.31768
-3.31768
-3.31783
-3.31753
-3.31768
-3.31798
-3.31813
-3.31813
-3.31813
-3.31768
-3.31798
-3.31798
-3.31798
-3.31798
-3.31813
-3.31828
-3.31798
