1.10074
1.10226
1.10378
1.10531
1.10683
1.10835
1.10987
1.11139
1.1129
1.1144
1.11589
1.11738
1.11885
1.12031
1.12175
1.12318
1.12459
1.12598
1.12735
1.1287
1.13003
1.13133
1.13261
1.13387
1.1351
1.1363
1.13748
1.13863
1.13975
1.14084
1.1419
1.14293
1.14393
1.1449
1.14584
1.14674
1.14762
1.14846
1.14927
1.15005
1.1508
1.15152
1.1522
1.15285
1.15347
1.15406
1.15462
1.15514
1.15563
1.1561
1.15653
1.15693
1.15731
1.15765
1.15797
1.15826
1.15852
1.15875
1.15895
1.15913
1.15928
1.15941
1.15951
1.15958
1.15963
1.15965
1.15965
1.15963
1.15958
1.15951
1.15941
1.15929
1.15915
1.15898
1.15879
1.15858
1.15834
1.15808
1.1578
1.1575
1.15717
1.15682
1.15644
1.15604
1.15562
1.15518
1.15471
1.15421
1.1537
1.15315
1.15259
1.152
1.15138
1.15073
1.15006
1.14936
1.14863
1.14788
1.1471
1.14629
1.14545
1.14458
1.14368
1.14275
1.14178
1.14079
1.13977
1.13871
1.13763
1.13651
1.13536
1.13417
1.13296
1.13171
1.13043
1.12912
1.12777
1.12639
1.12498
1.12353
1.12206
1.12055
1.11901
1.11743
1.11583
1.1142
1.11253
1.11084
1.10912
1.10738
1.1056
1.1038
1.10198
1.10013
1.09826
1.09637
1.09446
1.09253
1.09058
1.08862
1.08664
1.08466
1.08266
1.08065
1.07863
1.07661
1.07459
1.07256
1.07054
1.06852
1.0665
1.06449
1.06249
1.06049
1.05851
1.05655
1.0546
1.05267
1.05077
1.04888
1.04702
1.04519
1.04339
1.04162
1.03988
1.03817
1.0365
1.03487
1.03327
1.03172
1.0302
1.02873
1.02731
1.02592
1.02459
1.0233
1.02206
1.02087
1.01973
1.01863
1.01759
1.0166
1.01566
1.01476
1.01392
1.01314
1.0124
1.01171
1.01107
1.01049
1.00995
1.00946
1.00903
1.00864
1.0083
1.00801
1.00776
1.00756
1.00741
1.0073
1.00724
1.00722
1.00724
1.00731
1.00741
1.00756
1.00775
1.00798
1.00825
1.00856
1.00891
1.00929
1.00972
1.01017
1.01067
1.0112
1.01176
1.01236
1.01299
1.01366
1.01436
1.01509
1.01585
1.01665
1.01747
1.01833
1.01921
1.02013
1.02107
1.02204
1.02304
1.02407
1.02512
1.0262
1.0273
1.02843
1.02957
1.03075
1.03194
1.03316
1.03439
1.03564
1.03692
1.03821
1.03952
1.04084
1.04218
1.04354
1.0449
1.04629
1.04768
1.04909
1.0505
1.05193
1.05337
1.05481
1.05627
1.05773
1.05919
1.06066
1.06214
1.06361
1.06509
1.06658
1.06806
1.06954
1.07102
1.0725
1.07397
1.07544
1.07691
1.07837
1.07982
1.08126
1.0827
1.08412
1.08553
1.08693
1.08832
1.08968
1.09104
1.09237
1.09369
1.09498
1.09625
1.0975
1.09873
1.09993
1.1011
1.10225
1.10336
1.10445
1.1055
1.10652
1.1075
1.10845
1.10936
1.11023
1.11106
1.11186
1.11261
1.11331
1.11397
1.11459
1.11516
1.11568
1.11615
1.11658
1.11696
1.11728
1.11755
1.11778
1.11795
1.11807
1.11813
1.11815
1.11811
1.11802
1.11787
1.11767
1.11742
1.11711
1.11675
1.11634
1.11588
1.11537
1.11481
1.1142
1.11354
1.11283
1.11208
1.11129
1.11045
1.10957
1.10865
1.10769
1.1067
1.10567
1.10462
1.10353
1.10242
1.10128
1.10012
1.09894
1.09774
1.09653
1.09531
1.09408
1.09285
1.09162
1.09038
1.08916
1.08794
1.08673
1.08554
1.08436
1.0832
1.08207
1.08096
1.07989
1.07884
1.07782
1.07685
1.07591
1.07501
1.07415
1.07333
1.07256
1.07184
1.07116
1.07053
1.06995
1.06942
1.06893
1.0685
1.06811
1.06777
1.06748
1.06724
1.06704
1.06688
1.06677
1.06669
1.06666
1.06666
1.0667
1.06678
1.06688
1.06702
1.06718
1.06738
1.06759
1.06783
1.06809
1.06837
1.06867
1.06898
1.06931
1.06965
1.07
1.07036
1.07073
1.07111
1.0715
1.07189
1.07228
1.07268
1.07308
1.07349
1.07389
1.0743
1.0747
1.07511
1.07551
1.07591
1.07631
1.07671
1.07711
1.0775
1.07788
1.07827
1.07864
1.07902
1.07938
1.07974
1.08009
1.08044
1.08077
1.0811
1.08142
1.08173
1.08202
1.08231
1.08259
1.08285
1.08311
1.08335
1.08358
1.08379
1.08399
1.08418
1.08435
1.0845
1.08464
1.08476
1.08487
1.08496
1.08503
1.08508
1.08512
1.08514
1.08514
1.08512
1.08509
1.08504
1.08496
1.08487
1.08476
1.08463
1.08448
1.08431
1.08413
1.08392
1.08369
1.08344
1.08318
1.08289
1.08258
1.08225
1.08191
1.08154
1.08115
1.08075
1.08032
1.07988
1.07941
1.07892
1.07842
1.07789
1.07735
1.07679
1.0762
1.0756
1.07498
1.07435
1.07369
1.07302
1.07233
1.07163
1.07091
1.07017
1.06942
1.06865
1.06787
1.06708
1.06627
1.06545
1.06463
1.06379
1.06295
1.0621
1.06124
1.06038
1.05952
1.05865
1.05779
1.05692
1.05606
1.0552
1.05434
1.05349
1.05265
1.05182
1.051
1.05019
1.0494
1.04862
1.04786
1.04712
1.0464
1.0457
1.04502
1.04437
1.04374
1.04314
1.04256
1.04201
1.0415
1.04101
1.04055
1.04013
1.03974
1.03938
1.03905
1.03876
1.0385
1.03827
1.03808
1.03792
1.0378
1.0377
1.03764
1.03762
1.03762
1.03766
1.03773
1.03782
1.03795
1.03811
1.03829
1.0385
1.03873
1.03899
1.03927
1.03957
1.03989
1.04024
1.0406
1.04098
1.04137
1.04178
1.04221
1.04265
1.04309
1.04355
1.04402
1.04449
1.04497
1.04546
1.04594
1.04644
1.04693
1.04742
1.04791
1.0484
1.04889
1.04937
1.04985
1.05032
1.05078
1.05124
1.05168
1.05212
1.05254
1.05295
1.05335
1.05374
1.0541
1.05446
1.05479
1.05511
1.05541
1.05569
1.05595
1.0562
1.05642
1.05661
1.05679
1.05694
1.05707
1.05717
1.05725
1.05731
1.05734
1.05734
1.05731
1.05726
1.05718
1.05707
1.05694
1.05677
1.05658
1.05636
1.05611
1.05584
1.05554
1.0552
1.05485
1.05446
1.05405
1.05361
1.05315
1.05266
1.05215
1.05161
1.05106
1.05048
1.04988
1.04927
1.04863
1.04798
1.04732
1.04664
1.04595
1.04524
1.04453
1.04381
1.04309
1.04236
1.04163
1.0409
1.04017
1.03944
1.03872
1.03801
1.0373
1.03661
1.03593
1.03526
1.03461
1.03398
1.03337
1.03278
1.03221
1.03166
1.03115
1.03066
1.03019
1.02976
1.02936
1.02899
1.02865
1.02834
1.02806
1.02782
1.02761
1.02743
1.02729
1.02717
1.02709
1.02704
1.02701
1.02702
1.02705
1.02711
1.02719
1.02729
1.02741
1.02756
1.02772
1.02789
1.02808
1.02827
1.02848
1.02869
1.02891
1.02913
1.02935
1.02957
1.02979
1.03
1.0302
1.0304
1.03058
1.03076
1.03092
1.03107
1.0312
1.03132
1.03143
1.03152
1.0316
1.03166
1.03171
1.03174
1.03176
1.03177
1.03177
1.03177
1.03175
1.03174
1.03172
1.0317
1.03169
1.03168
1.03167
1.03168
1.03171
1.03175
1.03181
1.03189
1.032
1.03213
1.0323
1.0325
1.03273
1.03301
1.03332
1.03368
1.03408
1.03453
1.03502
1.03557
1.03616
1.0368
1.03749
1.03823
1.03902
1.03986
1.04075
1.04168
1.04266
1.04368
1.04474
1.04584
1.04698
1.04816
1.04936
1.0506
1.05187
1.05316
1.05447
1.05579
1.05714
1.05849
1.05986
1.06123
1.0626
1.06397
1.06534
1.0667
1.06806
1.0694
1.07073
1.07205
1.07335
1.07463
1.07588
1.07712
1.07833
1.07951
1.08067
1.08179
1.08289
1.08396
1.08499
1.086
1.08697
1.08791
1.08882
1.08969
1.09054
1.09134
1.09212
1.09286
1.09357
1.09425
1.09489
1.09551
1.09609
1.09664
1.09717
1.09766
1.09812
1.09856
1.09896
1.09934
1.0997
1.10002
1.10032
1.1006
1.10084
1.10107
1.10127
1.10145
1.1016
1.10173
1.10184
1.10193
1.102
1.10205
1.10208
1.10209
1.10208
1.10206
1.10201
1.10195
1.10187
1.10178
1.10167
1.10154
1.1014
1.10125
1.10108
1.1009
1.10071
1.1005
1.10029
1.10006
1.09983
1.09958
1.09933
1.09907
1.0988
1.09852
1.09824
1.09794
1.09765
1.09735
1.09704
1.09673
1.09642
1.0961
1.09578
1.09546
1.09513
1.09481
1.09448
1.09415
1.09383
1.0935
1.09318
1.09285
1.09253
1.09221
1.09189
1.09158
1.09127
1.09097
1.09067
1.09038
1.09009
1.08982
1.08955
1.08929
1.08904
1.0888
1.08857
1.08836
1.08816
1.08798
1.08781
1.08767
1.08754
1.08744
1.08735
1.0873
1.08726
1.08726
1.08729
1.08734
1.08743
1.08755
1.08771
1.0879
1.08814
1.08841
1.08872
1.08907
1.08947
1.08991
1.0904
1.09093
1.09151
1.09213
1.0928
1.09351
1.09427
1.09507
1.09591
1.0968
1.09773
1.09869
1.0997
1.10074
1.10181
1.10291
1.10404
1.1052
1.10637
1.10757
1.10878
1.11
1.11124
1.11247
1.11371
1.11495
1.11619
1.11741
1.11863
1.11983
1.12101
1.12217
1.1233
1.12441
1.12549
1.12653
1.12754
1.12851
1.12944
1.13032
1.13117
1.13196
1.13271
1.13341
1.13406
1.13466
1.1352
1.13569
1.13613
1.13651
1.13684
1.13711
1.13733
1.13749
1.1376
1.13766
1.13766
1.13761
1.1375
1.13735
1.13714
1.13689
1.13658
1.13623
1.13582
1.13538
1.13488
1.13435
1.13377
1.13315
1.13248
1.13178
1.13105
1.13027
1.12946
1.12862
1.12774
1.12683
1.12589
1.12491
1.12391
1.12288
1.12183
1.12074
1.11964
1.11851
1.11736
1.11618
1.11499
1.11378
1.11254
1.1113
1.11003
1.10875
1.10746
1.10615
1.10483
1.10351
1.10217
1.10082
1.09947
1.09811
1.09675
1.09538
1.09401
1.09265
1.09128
1.08992
1.08856
1.0872
1.08585
1.08452
1.08319
1.08187
1.08056
1.07927
1.07799
1.07673
1.07549
1.07427
1.07307
1.0719
1.07074
1.06961
1.06851
1.06743
1.06638
1.06536
1.06436
1.06339
1.06246
1.06155
1.06067
1.05982
1.059
1.05821
1.05745
1.05672
1.05601
1.05533
1.05468
1.05406
1.05346
1.05288
1.05233
1.0518
1.05129
1.0508
1.05033
1.04987
1.04943
1.049
1.04859
1.04818
1.04779
1.0474
1.04702
1.04664
1.04627
1.0459
1.04553
1.04516
1.04479
1.04442
1.04405
1.04367
1.04329
1.0429
1.04251
1.04212
1.04171
1.0413
1.04089
1.04047
1.04004
1.03961
1.03918
1.03874
1.0383
1.03786
1.03742
1.03698
1.03654
1.03611
1.03569
1.03527
1.03487
1.03447
1.03409
1.03373
1.03338
1.03306
1.03275
1.03247
1.03222
1.032
1.03181
1.03164
1.03152
1.03142
1.03136
1.03134
1.03136
1.03142
1.03151
1.03165
1.03183
1.03204
1.0323
1.0326
1.03294
1.03332
1.03374
1.0342
1.0347
1.03523
1.0358
1.0364
1.03703
1.03769
1.03838
1.0391
1.03984
1.04061
1.0414
1.04221
1.04303
1.04387
1.04473
1.0456
1.04648
1.04737
1.04827
1.04917
1.05008
1.05099
1.0519
1.05281
1.05372
1.05463
1.05554
1.05644
1.05733
1.05822
1.0591
1.05998
1.06084
1.0617
1.06255
1.06339
1.06422
1.06505
1.06586
1.06666
1.06745
1.06824
1.06901
1.06977
1.07053
1.07127
1.07201
1.07273
1.07345
1.07416
1.07486
1.07556
1.07624
1.07692
1.0776
1.07827
1.07893
1.07959
1.08024
1.08088
1.08152
1.08216
1.08278
1.08341
1.08403
1.08464
1.08525
1.08585
1.08644
1.08703
1.08762
1.08819
1.08876
1.08932
1.08988
1.09042
1.09096
1.09148
1.092
1.09251
1.093
1.09349
1.09396
1.09442
1.09486
1.0953
1.09572
1.09612
1.09651
1.09688
1.09723
1.09757
1.09789
1.0982
1.09849
1.09875
1.099
1.09924
1.09945
1.09964
1.09982
1.09998
1.10012
1.10024
1.10035
1.10043
1.1005
1.10056
1.10059
1.10061
1.10061
1.1006
1.10057
1.10053
1.10047
1.1004
1.10032
1.10022
1.10011
1.09999
1.09986
1.09972
1.09957
1.09941
1.09923
1.09905
1.09886
1.09865
1.09844
1.09821
1.09798
1.09773
1.09747
1.0972
1.09692
1.09662
1.09631
1.09599
1.09564
1.09529
1.09491
1.09451
1.0941
1.09366
1.0932
1.09272
1.09221
1.09167
1.09111
1.09052
1.0899
1.08924
1.08855
1.08783
1.08707
1.08628
1.08545
1.08458
1.08367
1.08273
1.08174
1.08071
1.07964
1.07852
1.07736
1.07616
1.07492
1.07364
1.07231
1.07094
1.06953
1.06807
1.06658
1.06505
1.06347
1.06186
1.06022
1.05854
1.05682
1.05508
1.0533
1.05149
1.04966
1.04781
1.04593
1.04403
1.04211
1.04018
1.03823
1.03627
1.0343
1.03233
1.03035
1.02837
1.0264
1.02443
1.02246
1.0205
1.01856
1.01663
1.01472
1.01282
1.01096
1.00912
1.0073
1.00552
1.00378
1.00207
1.0004
0.99878
0.997202
0.995674
0.994197
0.992775
0.991411
0.990106
0.988863
0.987686
0.986576
0.985536
0.984568
0.983675
0.982858
0.982119
0.98146
0.980882
0.980387
0.979976
0.979649
0.979408
0.979252
0.979181
0.979196
0.979296
0.979481
0.97975
0.980101
0.980533
0.981044
0.981632
0.982295
0.983029
0.983833
0.984703
0.985635
0.986627
0.987675
0.988776
0.989924
0.991117
0.992351
0.993622
0.994925
0.996257
0.997615
0.998993
1.00039
1.00179
1.00321
1.00463
1.00605
1.00747
1.00889
1.0103
1.01169
1.01307
1.01444
1.01579
1.01712
1.01842
1.0197
1.02095
1.02218
1.02338
1.02455
1.0257
1.02681
1.02789
1.02894
1.02996
1.03096
1.03192
1.03286
1.03377
1.03465
1.03551
1.03634
1.03716
1.03795
1.03872
1.03948
1.04022
1.04095
1.04167
1.04239
1.04309
1.04379
1.04449
1.04519
1.04589
1.04659
1.0473
1.04801
1.04874
1.04947
1.05022
1.05098
1.05175
1.05254
1.05335
1.05417
1.055
1.05586
1.05673
1.05762
1.05853
1.05945
1.06039
1.06134
1.0623
1.06328
1.06426
1.06526
1.06626
1.06727
1.06828
1.06929
1.07029
1.0713
1.0723
1.07329
1.07427
1.07523
1.07618
1.07711
1.07802
1.0789
1.07976
1.08059
1.08138
1.08215
1.08287
1.08356
1.08421
1.08482
1.08539
1.08591
1.08638
1.08681
1.08719
1.08751
1.08779
1.08802
1.08819
1.08831
1.08838
1.0884
1.08836
1.08827
1.08812
1.08792
1.08767
1.08736
1.08701
1.0866
1.08614
1.08563
1.08507
1.08446
1.08381
1.08311
1.08236
1.08157
1.08073
1.07986
1.07895
1.07799
1.077
1.07598
1.07492
1.07383
1.07271
1.07156
1.07039
1.06919
1.06796
1.06672
1.06545
1.06417
1.06287
1.06155
1.06022
1.05888
1.05754
1.05618
1.05482
1.05346
1.05209
1.05073
1.04937
1.04801
1.04665
1.04531
1.04397
1.04265
1.04133
1.04003
1.03875
1.03749
1.03625
1.03503
1.03384
1.03267
1.03152
1.03041
1.02933
1.02828
1.02727
1.02629
1.02535
1.02446
1.0236
1.02279
1.02202
1.0213
1.02062
1.02
1.01942
1.0189
1.01843
1.01801
1.01765
1.01734
1.0171
1.0169
1.01677
1.0167
1.01668
1.01673
1.01683
1.01699
1.01722
1.0175
1.01784
1.01824
1.0187
1.01921
1.01978
1.02041
1.02108
1.02181
1.02259
1.02342
1.0243
1.02522
1.02619
1.0272
1.02825
1.02934
1.03046
1.03162
1.0328
1.03402
1.03526
1.03653
1.03782
1.03913
1.04046
1.04181
1.04317
1.04454
1.04592
1.04731
1.0487
1.05009
1.05149
1.05289
1.05429
1.05568
1.05706
1.05845
1.05982
1.06118
1.06253
1.06387
1.0652
1.06652
1.06782
1.0691
1.07037
1.07162
1.07286
1.07407
1.07527
1.07645
1.07762
1.07876
1.07988
1.08099
1.08207
1.08313
1.08418
1.0852
1.08621
1.0872
1.08816
1.08911
1.09004
1.09095
1.09184
1.09271
1.09356
1.0944
1.09522
1.09602
1.0968
1.09757
1.09832
1.09906
1.09978
1.10048
1.10117
1.10184
1.10249
1.10313
1.10376
1.10437
1.10497
1.10555
1.10612
1.10667
1.10722
1.10774
1.10826
1.10876
1.10925
1.10972
1.11018
1.11063
1.11106
1.11149
1.11189
1.11229
1.11266
1.11303
1.11338
1.11372
1.11404
1.11435
1.11465
1.11493
1.11519
1.11544
1.11567
1.11589
1.11609
1.11627
1.11644
1.11658
1.11672
1.11683
1.11692
1.11699
1.11705
1.11708
1.11709
1.11708
1.11705
1.11699
1.11691
1.1168
1.11667
1.11652
1.11633
1.11613
1.11589
1.11563
1.11533
1.11501
1.11466
1.11428
1.11387
1.11343
1.11296
1.11245
1.11192
1.11136
1.11076
1.11014
1.10949
1.1088
1.10809
1.10734
1.10657
1.10577
1.10494
1.10409
1.10321
1.10231
1.10138
1.10044
1.09947
1.09849
1.09749
1.09647
1.09544
1.0944
1.09335
1.09229
1.09123
1.09016
1.08909
1.08803
1.08696
1.08591
1.08485
1.08381
1.08278
1.08177
1.08077
1.07978
1.07882
1.07788
1.07696
1.07607
1.0752
1.07436
1.07355
1.07277
1.07203
1.07131
1.07062
1.06997
1.06935
1.06877
1.06822
1.0677
1.06722
1.06676
1.06634
1.06596
1.0656
1.06528
1.06498
1.06471
1.06447
1.06426
1.06407
1.0639
1.06376
1.06364
1.06354
1.06346
1.06339
1.06335
1.06331
1.06329
1.06329
1.06329
1.06331
1.06333
1.06336
1.0634
1.06345
1.06349
1.06355
1.0636
1.06366
1.06371
1.06377
1.06383
1.06389
1.06394
1.064
1.06405
1.0641
1.06415
1.0642
1.06424
1.06428
1.06431
1.06435
1.06438
1.0644
1.06442
1.06444
1.06446
1.06448
1.06449
1.0645
1.06451
1.06452
1.06452
1.06452
1.06453
1.06453
1.06453
1.06453
1.06453
1.06452
1.06452
1.06452
1.06452
1.06452
1.06451
1.06451
1.06451
1.06451
1.0645
1.0645
1.06449
1.06449
1.06448
1.06447
1.06446
1.06445
1.06443
1.06441
1.06438
1.06435
1.06432
1.06428
1.06423
1.06418
1.06412
1.06405
1.06398
1.06389
1.06379
1.06369
1.06357
1.06344
1.06329
1.06313
1.06296
1.06278
1.06258
1.06236
1.06213
1.06188
1.06161
1.06133
1.06103
1.06071
1.06038
1.06003
1.05966
1.05928
1.05888
1.05846
1.05803
1.05759
1.05713
1.05666
1.05617
1.05568
1.05517
1.05466
1.05413
1.0536
1.05307
1.05253
1.05199
1.05145
1.05091
1.05037
1.04983
1.04931
1.04879
1.04828
1.04778
1.0473
1.04683
1.04638
1.04594
1.04553
1.04514
1.04477
1.04443
1.04411
1.04383
1.04357
1.04335
1.04316
1.04301
1.04289
1.0428
1.04276
1.04275
1.04278
1.04285
1.04295
1.0431
1.04329
1.04351
1.04378
1.04408
1.04443
1.0448
1.04522
1.04567
1.04615
1.04667
1.04722
1.04779
1.0484
1.04903
1.04969
1.05037
1.05108
1.0518
1.05254
1.0533
1.05407
1.05485
1.05564
1.05645
1.05726
1.05807
1.05889
1.05971
1.06054
1.06136
1.06218
1.06299
1.0638
1.0646
1.0654
1.06619
1.06697
1.06774
1.06849
1.06924
1.06997
1.07069
1.07139
1.07208
1.07274
1.0734
1.07403
1.07465
1.07525
1.07583
1.07639
1.07693
1.07745
1.07795
1.07843
1.07889
1.07933
1.07974
1.08014
1.08051
1.08086
1.08119
1.08149
1.08178
1.08204
1.08229
1.08252
1.08272
1.08291
1.08308
1.08323
1.08337
1.08349
1.0836
1.08369
1.08378
1.08385
1.08392
1.08398
1.08404
1.08409
1.08414
1.08418
1.08423
1.08429
1.08435
1.08441
1.08449
1.08458
1.08468
1.0848
1.08494
1.08509
1.08527
1.08547
1.0857
1.08595
1.08624
1.08655
1.0869
1.08727
1.08769
1.08814
1.08862
1.08914
1.08971
1.09031
1.09095
1.09163
1.09235
1.09312
1.09392
1.09476
1.09564
1.09656
1.09752
1.09852
1.09955
1.10062
1.10172
1.10285
1.10402
1.10521
1.10643
1.10768
1.10895
1.11024
1.11155
1.11288
1.11422
1.11557
1.11693
1.1183
1.11967
1.12105
1.12242
1.12379
1.12516
1.12651
1.12786
1.1292
1.13052
1.13182
1.1331
1.13436
1.1356
1.13682
1.138
1.13916
1.14028
1.14138
1.14244
1.14346
1.14445
1.1454
1.14631
1.14718
1.14802
1.1488
1.14955
1.15026
1.15092
1.15153
1.15211
1.15264
1.15312
1.15356
1.15396
1.15432
1.15463
1.15489
1.15512
1.1553
1.15544
1.15554
1.1556
1.15562
1.1556
1.15555
1.15545
1.15532
1.15516
1.15496
1.15473
1.15446
1.15417
1.15385
1.15349
1.15311
1.15271
1.15227
1.15182
1.15134
1.15084
1.15032
1.14978
1.14922
1.14865
1.14806
1.14746
1.14684
1.14621
1.14557
1.14492
1.14426
1.14359
1.14291
1.14223
1.14154
1.14084
1.14014
1.13944
1.13874
1.13803
1.13732
1.13661
1.1359
1.13519
1.13448
1.13378
1.13307
1.13237
1.13167
1.13097
1.13028
1.12959
1.1289
1.12822
1.12754
1.12686
1.12619
1.12552
1.12486
1.1242
1.12354
1.12289
1.12224
1.12159
1.12095
1.12031
1.11968
1.11904
1.11841
1.11778
1.11715
1.11653
1.1159
1.11528
1.11466
1.11403
1.11341
1.11278
1.11216
1.11153
1.1109
1.11027
1.10964
1.109
1.10836
1.10771
1.10707
1.10641
1.10576
1.1051
1.10443
1.10376
1.10308
1.1024
1.10171
1.10102
1.10033
1.09962
1.09892
1.0982
1.09749
1.09676
1.09604
1.09531
1.09458
1.09384
1.0931
1.09236
1.09163
1.09089
1.09015
1.08941
1.08868
1.08795
1.08722
1.08651
1.0858
1.0851
1.0844
1.08373
1.08306
1.08241
1.08177
1.08115
1.08055
1.07997
1.07941
1.07887
1.07836
1.07787
1.07741
1.07698
1.07658
1.07621
1.07587
1.07557
1.07529
1.07506
1.07485
1.07469
1.07456
1.07447
1.07442
1.0744
1.07442
1.07448
1.07458
1.07472
1.0749
1.07511
1.07536
1.07565
1.07597
1.07633
1.07672
1.07714
1.0776
1.07809
1.07861
1.07915
1.07973
1.08033
1.08095
1.0816
1.08227
1.08296
1.08367
1.08439
1.08514
1.08589
1.08666
1.08744
1.08823
1.08903
1.08983
1.09064
1.09146
1.09228
1.0931
1.09392
1.09474
1.09556
1.09638
1.09719
1.098
1.09881
1.09961
1.1004
1.10118
1.10196
1.10272
1.10348
1.10422
1.10496
1.10568
1.10639
1.10709
1.10777
1.10844
1.1091
1.10974
1.11037
1.11098
1.11157
1.11215
1.11271
1.11325
1.11378
1.11428
1.11477
1.11524
1.11568
1.11611
1.11651
1.11689
1.11725
1.11758
1.11789
1.11818
1.11844
1.11867
1.11887
1.11905
1.1192
1.11931
1.1194
1.11946
1.11948
1.11947
1.11943
1.11936
1.11924
1.1191
1.11891
1.11869
1.11843
1.11813
1.11779
1.11741
1.117
1.11654
1.11604
1.11549
1.11491
1.11429
1.11362
1.11291
1.11216
1.11137
1.11054
1.10966
1.10875
1.10779
1.10679
1.10576
1.10468
1.10357
1.10242
1.10123
1.10001
1.09876
1.09747
1.09615
1.0948
1.09342
1.09201
1.09058
1.08913
1.08766
1.08616
1.08465
1.08313
1.08159
1.08004
1.07849
1.07694
1.07538
1.07383
1.07228
1.07074
1.06922
1.06771
1.06621
1.06475
1.0633
1.06189
1.06051
1.05917
1.05786
1.05661
1.0554
1.05424
1.05314
1.05209
1.05111
1.05019
1.04933
1.04854
1.04782
1.04718
1.0466
1.0461
1.04567
1.04531
1.04503
1.04483
1.04469
1.04463
1.04464
1.04471
1.04485
1.04505
1.04531
1.04563
1.046
1.04643
1.0469
1.04741
1.04795
1.04854
1.04915
1.04979
1.05044
1.05112
1.05181
1.0525
1.05321
1.05391
1.05461
1.0553
1.05598
1.05665
1.0573
1.05793
1.05854
1.05912
1.05968
1.06021
1.0607
1.06116
1.06159
1.06198
1.06233
1.06265
1.06292
1.06316
1.06336
1.06351
1.06363
1.0637
1.06374
1.06373
1.06368
1.06359
1.06347
1.0633
1.0631
1.06286
1.06258
1.06227
1.06192
1.06154
1.06113
1.06068
1.06021
1.0597
1.05917
1.05862
1.05804
1.05744
1.05682
1.05618
1.05552
1.05484
1.05415
1.05345
1.05274
1.05202
1.05129
1.05055
1.04981
1.04907
1.04833
1.04759
1.04685
1.04612
1.04539
1.04468
1.04397
1.04328
1.04261
1.04195
1.0413
1.04068
1.04008
1.0395
1.03895
1.03843
1.03793
1.03746
1.03702
1.03661
1.03624
1.0359
1.0356
1.03533
1.0351
1.03491
1.03476
1.03465
1.03458
1.03455
1.03456
1.03462
1.03472
1.03486
1.03505
1.03528
1.03556
1.03588
1.03625
1.03666
1.03712
1.03763
1.03818
1.03877
1.03941
1.0401
1.04084
1.04162
1.04245
1.04332
1.04424
1.0452
1.04621
1.04727
1.04836
1.04951
1.05069
1.05192
1.05319
1.05451
1.05586
1.05726
1.0587
1.06018
1.0617
1.06326
1.06485
1.06649
1.06816
1.06986
1.0716
1.07337
1.07517
1.07701
1.07887
1.08076
1.08267
1.08461
1.08658
1.08856
1.09056
1.09258
1.09462
1.09667
1.09873
1.10081
1.10289
1.10497
1.10706
1.10915
1.11124
1.11333
1.11541
1.11748
1.11955
1.1216
1.12364
1.12566
1.12766
1.12964
1.1316
1.13353
1.13544
1.13732
1.13916
1.14098
1.14275
1.14449
1.14619
1.14785
1.14946
1.15103
1.15255
1.15403
1.15545
1.15682
1.15815
1.15941
1.16063
1.16178
1.16288
1.16392
1.1649
1.16583
1.16669
1.16749
1.16822
1.1689
1.16951
1.17006
1.17055
1.17097
1.17133
1.17162
1.17185
1.17201
1.17211
1.17215
1.17211
1.17202
1.17186
1.17163
1.17134
1.17099
1.17057
1.17009
1.16955
1.16895
1.16828
1.16755
1.16677
1.16592
1.16502
1.16405
1.16304
1.16196
1.16083
1.15965
1.15841
1.15712
1.15578
1.15439
1.15295
1.15147
1.14994
1.14836
1.14675
1.14509
1.14339
1.14166
1.13989
1.13808
1.13624
1.13437
1.13247
1.13055
1.1286
1.12662
1.12463
1.12261
1.12058
1.11853
1.11647
1.11439
1.1123
1.11021
1.10811
1.10601
1.1039
1.10179
1.09968
1.09758
1.09547
1.09338
1.09129
1.08921
1.08714
1.08508
1.08303
1.081
1.07899
1.07699
1.07501
1.07306
1.07112
1.06921
1.06732
1.06545
1.06362
1.06181
1.06003
1.05828
1.05656
1.05487
1.05322
1.05161
1.05003
1.04849
1.04699
1.04553
1.04412
1.04274
1.04142
1.04014
1.03891
1.03773
1.0366
1.03552
1.0345
1.03354
1.03263
1.03178
1.031
1.03027
1.02962
1.02903
1.0285
1.02805
1.02766
1.02735
1.02711
1.02694
1.02685
1.02683
1.02689
1.02703
1.02725
1.02755
1.02792
1.02837
1.02891
1.02952
1.03021
1.03097
1.03181
1.03273
1.03373
1.0348
1.03594
1.03715
1.03843
1.03977
1.04118
1.04265
1.04418
1.04577
1.04741
1.04911
1.05085
1.05265
1.05448
1.05636
1.05827
1.06022
1.0622
1.0642
1.06623
1.06828
1.07035
1.07243
1.07452
1.07661
1.07872
1.08082
1.08292
1.08502
1.08711
1.08919
1.09125
1.09329
1.09532
1.09732
1.0993
1.10126
1.10318
1.10507
1.10692
1.10874
1.11052
1.11226
1.11396
1.11561
1.11721
1.11877
1.12028
1.12174
1.12314
1.12449
1.12579
1.12703
1.12822
1.12935
1.13041
1.13142
1.13237
1.13326
1.13409
1.13486
1.13556
1.13621
1.13679
1.1373
1.13776
1.13815
1.13847
1.13874
1.13894
1.13908
1.13915
1.13916
1.13911
1.139
1.13882
1.13859
1.13829
1.13793
1.13752
1.13704
1.1365
1.13591
1.13526
1.13456
1.1338
1.13298
1.13211
1.13119
1.13022
1.1292
1.12813
1.12701
1.12585
1.12464
1.12338
1.12209
1.12075
1.11938
1.11796
1.11652
1.11503
1.11352
1.11197
1.1104
1.10879
1.10717
1.10552
1.10385
1.10216
1.10045
1.09873
1.09699
1.09525
1.0935
1.09174
1.08998
1.08822
1.08646
1.0847
1.08295
1.08121
1.07948
1.07776
1.07606
1.07438
1.07272
1.07108
1.06947
1.06788
1.06633
1.0648
1.06332
1.06187
1.06046
1.05909
1.05777
1.05649
1.05526
1.05408
1.05295
1.05188
1.05087
1.04991
1.04901
1.04817
1.04739
1.04667
1.04602
1.04544
1.04492
1.04447
1.04408
1.04377
1.04352
1.04335
1.04324
1.0432
1.04324
1.04334
1.04351
1.04374
1.04405
1.04442
1.04485
1.04535
1.04592
1.04654
1.04722
1.04796
1.04875
1.04959
1.05048
1.05142
1.0524
1.05343
1.05449
1.05558
1.05671
1.05787
1.05905
1.06025
1.06148
1.06271
1.06396
1.06522
1.06649
1.06775
1.06902
1.07028
1.07153
1.07277
1.074
1.07521
1.0764
1.07757
1.07871
1.07983
1.08092
1.08197
1.08299
1.08397
1.08491
1.0858
1.08666
1.08747
1.08823
1.08895
1.08962
1.09024
1.0908
1.09132
1.09178
1.09219
1.09254
1.09284
1.09308
1.09327
1.0934
1.09348
1.0935
1.09347
1.09338
1.09324
1.09304
1.09279
1.09249
1.09213
1.09172
1.09127
1.09076
1.09021
1.08961
1.08897
1.08828
1.08756
1.08679
1.08598
1.08514
1.08427
1.08336
1.08243
1.08147
1.08048
1.07947
1.07845
1.0774
1.07635
1.07528
1.0742
1.07312
1.07204
1.07096
1.06988
1.06881
1.06775
1.0667
1.06566
1.06465
1.06366
1.06269
1.06175
1.06083
1.05995
1.05911
1.0583
1.05754
1.05681
1.05613
1.05549
1.0549
1.05435
1.05386
1.05341
1.05302
1.05267
1.05238
1.05213
1.05194
1.0518
1.05171
1.05167
1.05167
1.05173
1.05183
1.05197
1.05216
1.05239
1.05266
1.05297
1.05332
1.0537
1.05411
1.05455
1.05501
1.0555
1.05602
1.05655
1.0571
1.05767
1.05825
1.05884
1.05944
1.06004
1.06065
1.06125
1.06186
1.06246
1.06306
1.06364
1.06422
1.06479
1.06534
1.06588
1.0664
1.0669
1.06738
1.06783
1.06826
1.06866
1.06903
1.06937
1.06968
1.06996
1.0702
1.07041
1.07057
1.0707
1.07078
1.07082
1.07081
1.07076
1.07066
1.07051
1.0703
1.07005
1.06973
1.06936
1.06894
1.06845
1.0679
1.06728
1.06661
1.06586
1.06505
1.06416
1.06321
1.06218
1.06108
1.05991
1.05866
1.05733
1.05593
1.05445
1.05289
1.05125
1.04954
1.04775
1.04588
1.04394
1.04192
1.03983
1.03767
1.03545
1.03316
1.03081
1.02841
1.02595
1.02345
1.0209
1.01831
1.0157
1.01306
1.01041
1.00774
1.00508
1.00242
0.99977
0.997146
0.994554
0.992001
0.989496
0.987048
0.984663
0.982352
0.980121
0.977978
0.975928
0.973979
0.972136
0.970403
0.968784
0.967283
0.965903
0.964645
0.963509
0.962496
0.961605
0.960833
0.96018
0.95964
0.959211
0.958887
0.958664
0.958537
0.9585
0.958546
0.95867
0.958864
0.959124
0.959441
0.95981
0.960226
0.960681
0.961169
0.961687
0.962227
0.962787
0.96336
0.963944
0.964535
0.96513
0.965725
0.966318
0.966908
0.967492
0.96807
0.96864
0.969202
0.969756
0.970301
0.970838
0.971368
0.971889
0.972405
0.972914
0.973418
0.973919
0.974417
0.974914
0.975412
0.975912
0.976415
0.976923
0.977437
0.977958
0.978489
0.97903
0.979582
0.980145
0.98072
0.98131
0.981914
0.982533
0.983169
0.983822
0.984491
0.985177
0.98588
0.9866
0.987338
0.988092
0.988864
0.989652
0.990457
0.991277
0.992113
0.992964
0.993829
0.994707
0.995599
0.996502
0.997417
0.998342
0.999277
1.00022
1.00117
1.00213
1.0031
1.00407
1.00505
1.00603
1.00702
1.00801
1.009
1.01
1.011
1.012
1.013
1.014
1.01501
1.01602
1.01702
1.01803
1.01904
1.02005
1.02106
1.02207
1.02309
1.0241
1.02512
1.02614
1.02716
1.02819
1.02922
1.03025
1.03129
1.03234
1.03339
1.03445
1.03552
1.03659
1.03767
1.03876
1.03986
1.04097
1.04209
1.04322
1.04437
1.04552
1.04669
1.04787
1.04906
1.05026
1.05147
1.0527
1.05393
1.05518
1.05644
1.05772
1.059
1.06029
1.06159
1.0629
1.06422
1.06554
1.06687
1.0682
1.06954
1.07088
1.07222
1.07357
1.07491
1.07625
1.07759
1.07892
1.08025
1.08157
1.08288
1.08419
1.08548
1.08677
1.08804
1.0893
1.09055
1.09179
1.09301
1.09421
1.0954
1.09658
1.09774
1.09889
1.10002
1.10114
1.10224
1.10333
1.10441
1.10547
1.10653
1.10757
1.10861
1.10964
1.11066
1.11168
1.11269
1.1137
1.11471
1.11572
1.11673
1.11774
1.11876
1.11978
1.1208
1.12184
1.12288
1.12392
1.12498
1.12605
1.12712
1.1282
1.1293
1.1304
1.13151
1.13263
1.13376
1.13489
1.13603
1.13717
1.13832
1.13948
1.14063
1.14178
1.14293
1.14408
1.14522
1.14635
1.14748
1.1486
1.1497
1.1508
1.15188
1.15294
1.15399
1.15502
1.15602
1.15701
1.15798
1.15892
1.15984
1.16073
1.16159
1.16243
1.16325
1.16403
1.16478
1.16551
1.1662
1.16686
1.1675
1.1681
1.16867
1.16921
1.16971
1.17019
1.17063
1.17105
1.17143
1.17177
1.17209
1.17238
1.17263
1.17285
1.17304
1.1732
1.17333
1.17343
1.17349
1.17353
1.17353
1.17351
1.17345
1.17337
1.17325
1.17311
1.17294
1.17274
1.17251
1.17226
1.17197
1.17167
1.17133
1.17097
1.17059
1.17018
1.16975
1.1693
1.16883
1.16833
1.16782
1.16729
1.16674
1.16618
1.16561
1.16502
1.16442
1.16381
1.16319
1.16257
1.16194
1.16131
1.16068
1.16005
1.15943
1.1588
1.15819
1.15758
1.15698
1.15639
1.15582
1.15526
1.15472
1.1542
1.15369
1.15321
1.15275
1.15231
1.1519
1.15152
1.15116
1.15082
1.15052
1.15025
1.15
1.14979
1.1496
1.14945
1.14932
1.14922
1.14915
1.14911
1.14909
1.1491
1.14914
1.1492
1.14928
1.14938
1.14951
1.14965
1.14982
1.14999
1.15019
1.1504
1.15062
1.15085
1.15109
1.15134
1.15159
1.15185
1.15211
1.15238
1.15265
1.15291
1.15318
1.15344
1.1537
1.15395
1.1542
1.15444
1.15467
1.15489
1.1551
1.1553
1.15548
1.15565
1.15581
1.15596
1.15609
1.1562
1.1563
1.15637
1.15644
1.15648
1.1565
1.15651
1.15649
1.15645
1.1564
1.15632
1.15622
1.15609
1.15594
1.15577
1.15558
1.15536
1.15512
1.15485
1.15456
1.15424
1.1539
1.15353
1.15313
1.1527
1.15225
1.15177
1.15127
1.15073
1.15017
1.14958
1.14895
1.1483
1.14763
1.14692
1.14618
1.14541
1.14462
1.14379
1.14294
1.14206
1.14115
1.14021
1.13924
1.13824
1.13722
1.13617
1.13509
1.13399
1.13286
1.1317
1.13052
1.12932
1.12809
1.12684
1.12557
1.12428
1.12297
1.12164
1.12029
1.11893
1.11755
1.11615
1.11474
1.11331
1.11187
1.11043
1.10897
1.1075
1.10602
1.10453
1.10304
1.10155
1.10005
1.09854
1.09704
1.09553
1.09403
1.09253
1.09103
1.08953
1.08804
1.08655
1.08507
1.0836
1.08214
1.08069
1.07925
1.07782
1.07641
1.07501
1.07363
1.07227
1.07092
1.06959
1.06828
1.067
1.06573
1.06449
1.06327
1.06208
1.06091
1.05976
1.05864
1.05755
1.05649
1.05545
1.05444
1.05345
1.0525
1.05157
1.05067
1.04979
1.04894
1.04811
1.04731
1.04653
1.04578
1.04504
1.04433
1.04363
1.04296
1.04229
1.04164
1.041
1.04038
1.03976
1.03914
1.03853
1.03793
1.03732
1.03671
1.0361
1.03549
1.03486
1.03422
1.03357
1.0329
1.03222
1.03152
1.0308
1.03005
1.02928
1.02849
1.02766
1.02681
1.02592
1.025
1.02405
1.02305
1.02203
1.02096
1.01986
1.01871
1.01753
1.0163
1.01503
1.01372
1.01237
1.01097
1.00953
1.00805
1.00653
1.00496
1.00336
1.00171
1.00003
0.998303
0.996542
0.994746
0.992915
0.99105
0.989154
0.987228
0.985273
0.983293
0.981288
0.979262
0.977216
0.975154
0.973078
0.97099
0.968894
0.966791
0.964685
0.962579
0.960476
0.958379
0.95629
0.954213
0.952151
0.950107
0.948083
0.946083
0.94411
0.942167
0.940256
0.938381
0.936542
0.934744
0.932989
0.931278
0.929615
0.928001
0.926437
0.924927
0.92347
0.922069
0.920725
0.919438
0.918211
0.917042
0.915933
0.914884
0.913895
0.912966
0.912096
0.911286
0.910535
0.909841
0.909204
0.908625
0.908101
0.90763
0.907213
0.906847
0.906531
0.906262
0.906041
0.905865
0.905732
0.905641
0.90559
0.905578
0.905601
0.905659
0.905751
0.905873
0.906026
0.906207
0.906414
0.906646
0.9069
0.907177
0.907474
0.90779
0.908123
0.908474
0.908841
0.909223
0.909618
0.910027
0.910448
0.910881
0.911326
0.911783
0.912249
0.912727
0.913215
0.913713
0.914221
0.91474
0.915269
0.91581
0.916361
0.916925
0.917501
0.91809
0.918693
0.919312
0.919946
0.920596
0.921265
0.921952
0.92266
0.92339
0.924142
0.924918
0.925719
0.926547
0.927403
0.928288
0.929204
0.930153
0.931135
0.932152
0.933205
0.934296
0.935426
0.936597
0.93781
0.939065
0.940365
0.94171
0.943101
0.944538
0.946024
0.947558
0.949141
0.950774
0.952456
0.954189
0.955973
0.957808
0.959693
0.96163
0.963617
0.965655
0.967743
0.96988
0.972066
0.9743
0.976583
0.978913
0.981289
0.983711
0.986179
0.98869
0.991244
0.99384
0.996476
0.999152
1.00187
1.00462
1.00741
1.01023
1.01308
1.01597
1.01889
1.02184
1.02481
1.02781
1.03084
1.03389
1.03696
1.04005
1.04317
1.0463
1.04944
1.05261
1.05578
1.05897
1.06216
1.06537
1.06858
1.0718
1.07502
1.07825
1.08148
1.0847
1.08793
1.09115
1.09437
1.09758
1.10078
1.10398
1.10716
1.11033
1.11349
1.11663
1.11975
1.12285
1.12594
1.129
1.13204
1.13506
1.13805
1.14102
1.14395
1.14686
1.14973
1.15257
1.15538
1.15815
1.16088
1.16358
1.16623
1.16885
1.17142
1.17395
1.17644
1.17888
1.18127
1.18361
1.18591
1.18815
1.19034
1.19249
1.19457
1.19661
1.19858
1.20051
1.20237
1.20417
1.20592
1.2076
1.20923
1.21079
1.21229
1.21373
1.21511
1.21642
1.21766
1.21884
1.21996
1.22101
1.22199
1.22291
1.22375
1.22454
1.22525
1.22589
1.22647
1.22698
1.22742
1.22779
1.2281
1.22833
1.2285
1.2286
1.22863
1.22859
1.22848
1.22831
1.22807
1.22776
1.22738
1.22694
1.22643
1.22585
1.22521
1.2245
1.22373
1.22289
1.222
1.22103
1.22001
1.21892
1.21778
1.21657
1.2153
1.21398
1.2126
1.21116
1.20966
1.20811
1.20651
1.20485
1.20314
1.20138
1.19958
1.19772
1.19582
1.19387
1.19188
1.18984
1.18776
1.18565
1.18349
1.1813
1.17908
1.17682
1.17453
1.17221
1.16986
1.16749
1.16509
1.16267
1.16023
1.15777
1.1553
1.15281
1.15031
1.1478
1.14528
1.14276
1.14023
1.13771
1.13518
1.13265
1.13013
1.12762
1.12512
1.12262
1.12014
1.11768
1.11523
1.1128
1.11038
1.10799
1.10563
1.10329
1.10097
1.09868
1.09642
1.09419
1.09198
1.08981
1.08767
1.08555
1.08347
1.08143
1.07941
1.07743
1.07548
1.07356
1.07168
1.06982
1.068
1.06621
1.06444
1.06271
1.06101
1.05933
1.05768
1.05606
1.05446
1.05289
1.05134
1.04981
1.0483
1.04682
1.04535
1.0439
1.04247
1.04106
1.03966
1.03828
1.03691
1.03556
1.03422
1.0329
1.03158
1.03028
1.02899
1.02771
1.02644
1.02518
1.02394
1.02271
1.02148
1.02027
1.01908
1.01789
1.01672
1.01556
1.01442
1.01329
1.01218
1.01109
1.01001
1.00896
1.00792
1.0069
1.00591
1.00494
1.004
1.00308
1.00219
1.00132
1.00049
0.999684
0.998911
0.998172
0.997465
0.996793
0.996156
0.995556
0.994992
0.994466
0.993978
0.993529
0.993119
0.992748
0.992417
0.992125
0.991873
0.991659
0.991484
0.991348
0.991251
0.99119
0.991166
0.991177
0.991223
0.991302
0.991413
0.991555
0.991727
0.991927
0.992154
0.992405
0.99268
0.992976
0.993291
0.993624
0.993973
0.994336
0.994712
0.995098
0.995492
0.995894
0.9963
0.99671
0.997121
0.997532
0.997942
0.998349
0.998753
0.999151
0.999542
0.999925
1.0003
1.00066
1.00102
1.00136
1.00169
1.00201
1.00231
1.0026
1.00288
1.00314
1.00339
1.00363
1.00385
1.00406
1.00426
1.00444
1.00461
1.00477
1.00492
1.00506
1.00519
1.00531
1.00542
1.00552
1.00562
1.00571
1.00579
1.00587
1.00595
1.00603
1.0061
1.00617
1.00624
1.00631
1.00639
1.00646
1.00654
1.00663
1.00671
1.00681
1.00691
1.00701
1.00712
1.00724
1.00737
1.0075
1.00765
1.0078
1.00797
1.00814
1.00833
1.00853
1.00873
1.00895
1.00919
1.00943
1.00968
1.00995
1.01024
1.01053
1.01084
1.01116
1.01149
1.01184
1.01221
1.01258
1.01297
1.01337
1.01379
1.01422
1.01467
1.01513
1.0156
1.01608
1.01659
1.0171
1.01763
1.01817
1.01873
1.0193
1.01988
1.02048
1.02109
1.02172
1.02235
1.02301
1.02367
1.02435
1.02504
1.02574
1.02645
1.02717
1.02791
1.02866
1.02942
1.03019
1.03097
1.03176
1.03256
1.03336
1.03418
1.035
1.03584
1.03668
1.03752
1.03837
1.03923
1.04009
1.04096
1.04183
1.04271
1.04358
1.04446
1.04534
1.04622
1.04711
1.04799
1.04887
1.04974
1.05062
1.05149
1.05236
1.05322
1.05408
1.05493
1.05578
1.05662
1.05745
1.05828
1.05909
1.0599
1.0607
1.06149
1.06227
1.06304
1.0638
1.06456
1.0653
1.06603
1.06675
1.06747
1.06817
1.06887
1.06956
1.07024
1.07091
1.07158
1.07224
1.07289
1.07355
1.07419
1.07484
1.07548
1.07612
1.07677
1.07741
1.07806
1.07871
1.07937
1.08003
1.0807
1.08138
1.08206
1.08276
1.08346
1.08418
1.08491
1.08565
1.08641
1.08718
1.08796
1.08876
1.08958
1.09041
1.09126
1.09213
1.093
1.0939
1.09481
1.09573
1.09667
1.09762
1.09859
1.09957
1.10055
1.10155
1.10255
1.10357
1.10459
1.10562
1.10665
1.10768
1.10871
1.10975
1.11078
1.11182
1.11285
1.11387
1.11489
1.1159
1.1169
1.11789
1.11887
1.11983
1.12079
1.12173
1.12265
1.12356
1.12446
1.12533
1.12619
1.12702
1.12784
1.12863
1.1294
1.13015
1.13088
1.13159
1.13227
1.13293
1.13357
1.13418
1.13477
1.13534
1.13588
1.13639
1.13689
1.13736
1.1378
1.13822
1.13861
1.13898
1.13932
1.13964
1.13994
1.1402
1.14045
1.14067
1.14086
1.14103
1.14117
1.14129
1.14137
1.14144
1.14147
1.14148
1.14146
1.14141
1.14134
1.14123
1.14109
1.14092
1.14072
1.14049
1.14023
1.13994
1.13961
1.13925
1.13886
1.13843
1.13796
1.13746
1.13693
1.13636
1.13575
1.13511
1.13443
1.13372
1.13297
1.13219
1.13137
1.13052
1.12963
1.12871
1.12775
1.12676
1.12574
1.12469
1.1236
1.12248
1.12133
1.12015
1.11894
1.11771
1.11644
1.11515
1.11383
1.11248
1.11111
1.10972
1.1083
1.10686
1.1054
1.10391
1.1024
1.10087
1.09933
1.09776
1.09617
1.09457
1.09295
1.09131
1.08965
1.08798
1.0863
1.0846
1.08289
1.08117
1.07943
1.07769
1.07594
1.07418
1.07242
1.07065
1.06887
1.0671
1.06532
1.06354
1.06177
1.06
1.05824
1.05649
1.05474
1.05301
1.05129
1.04958
1.0479
1.04623
1.04459
1.04297
1.04138
1.03981
1.03828
1.03678
1.03531
1.03388
1.03249
1.03114
1.02984
1.02858
1.02737
1.02621
1.0251
1.02404
1.02304
1.02209
1.0212
1.02037
1.0196
1.01889
1.01824
1.01765
1.01713
1.01667
1.01628
1.01595
1.01569
1.01549
1.01536
1.01529
1.01528
1.01534
1.01547
1.01565
1.0159
1.01621
1.01658
1.01701
1.0175
1.01805
1.01865
1.0193
1.02001
1.02077
1.02158
1.02244
1.02334
1.02429
1.02528
1.02632
1.02739
1.0285
1.02964
1.03082
1.03203
1.03326
1.03453
1.03582
1.03713
1.03847
1.03983
1.0412
1.04259
1.04399
1.0454
1.04683
1.04826
1.0497
1.05114
1.05258
1.05402
1.05546
1.0569
1.05833
1.05976
1.06117
1.06258
1.06397
1.06535
1.06672
1.06807
1.0694
1.07071
1.072
1.07327
1.07452
1.07574
1.07693
1.0781
1.07924
1.08035
1.08144
1.08249
1.0835
1.08449
1.08544
1.08635
1.08723
1.08807
1.08888
1.08965
1.09038
1.09107
1.09173
1.09234
1.09292
1.09345
1.09394
1.0944
1.09481
1.09519
1.09552
1.09582
1.09608
1.0963
1.09648
1.09662
1.09673
1.0968
1.09684
1.09684
1.09681
1.09674
1.09665
1.09653
1.09638
1.0962
1.096
1.09577
1.09552
1.09525
1.09496
1.09465
1.09433
1.094
1.09365
1.09329
1.09293
1.09255
1.09218
1.0918
1.09142
1.09104
1.09066
1.09029
1.08993
1.08957
1.08923
1.08889
1.08857
1.08827
1.08798
1.0877
1.08745
1.08721
1.087
1.0868
1.08662
1.08647
1.08634
1.08622
1.08613
1.08607
1.08602
1.08599
1.08599
1.086
1.08603
1.08608
1.08615
1.08623
1.08633
1.08643
1.08655
1.08668
1.08681
1.08694
1.08708
1.08722
1.08735
1.08748
1.08761
1.08772
1.08782
1.0879
1.08797
1.08802
1.08804
1.08804
1.08801
1.08795
1.08786
1.08773
1.08757
1.08736
1.08712
1.08682
1.08649
1.0861
1.08566
1.08518
1.08464
1.08404
1.08339
1.08269
1.08192
1.0811
1.08022
1.07928
1.07828
1.07722
1.07611
1.07493
1.0737
1.07241
1.07106
1.06966
1.0682
1.06669
1.06513
1.06353
1.06187
1.06017
1.05843
1.05666
1.05484
1.053
1.05113
1.04923
1.04731
1.04537
1.04342
1.04145
1.03949
1.03751
1.03555
1.03359
1.03164
1.0297
1.02779
1.0259
1.02404
1.02221
1.02042
1.01867
1.01696
1.01531
1.0137
1.01216
1.01067
1.00924
1.00788
1.00658
1.00535
1.00419
1.00311
1.00209
1.00115
1.00029
0.9995
0.998786
0.998145
0.997578
0.997083
0.996659
0.996305
0.996017
0.995795
0.995636
0.995537
0.995496
0.995511
0.995578
0.995694
0.995857
0.996064
0.996311
0.996595
0.996914
0.997265
0.997645
0.998051
0.99848
0.998931
0.9994
0.999887
1.00039
1.0009
1.00143
1.00197
1.00251
1.00307
1.00363
1.0042
1.00478
1.00536
1.00595
1.00654
1.00714
1.00774
1.00835
1.00897
1.00959
1.01023
1.01087
1.01152
1.01218
1.01285
1.01353
1.01422
1.01493
1.01565
1.01638
1.01713
1.01789
1.01867
1.01947
1.02028
1.02112
1.02197
1.02283
1.02372
1.02463
1.02555
1.02649
1.02745
1.02843
1.02942
1.03043
1.03146
1.0325
1.03356
1.03463
1.03571
1.03681
1.03792
1.03903
1.04016
1.04129
1.04242
1.04356
1.0447
1.04583
1.04697
1.0481
1.04923
1.05035
1.05146
1.05256
1.05364
1.05471
1.05576
1.0568
1.05781
1.0588
1.05976
1.0607
1.06161
1.06249
1.06333
1.06415
1.06492
1.06566
1.06637
1.06703
1.06765
1.06823
1.06876
1.06925
1.0697
1.0701
1.07045
1.07075
1.07101
1.07123
1.07139
1.07151
1.07159
1.07162
1.0716
1.07154
1.07143
1.07128
1.07109
1.07086
1.07059
1.07028
1.06994
1.06956
1.06915
1.06871
1.06824
1.06774
1.06721
1.06666
1.06609
1.0655
1.06489
1.06427
1.06363
1.06299
1.06233
1.06167
1.061
1.06033
1.05966
1.059
1.05834
1.05768
1.05704
1.0564
1.05578
1.05518
1.05459
1.05402
1.05347
1.05295
1.05245
1.05197
1.05152
1.05111
1.05072
1.05037
1.05005
1.04976
1.04951
1.0493
1.04912
1.04898
1.04888
1.04882
1.0488
1.04882
1.04888
1.04898
1.04912
1.0493
1.04952
1.04978
1.05008
1.05042
1.05079
1.05121
1.05166
1.05215
1.05268
1.05324
1.05383
1.05445
1.05511
1.0558
1.05651
1.05725
1.05802
1.05881
1.05963
1.06046
1.06132
1.06219
1.06309
1.06399
1.06491
1.06584
1.06678
1.06773
1.06868
1.06964
1.0706
1.07156
1.07253
1.07348
1.07444
1.07538
1.07632
1.07725
1.07817
1.07907
1.07996
1.08084
1.08169
1.08253
1.08334
1.08414
1.0849
1.08565
1.08636
1.08705
1.08771
1.08833
1.08893
1.08949
1.09001
1.0905
1.09096
1.09138
1.09176
1.0921
1.0924
1.09266
1.09288
1.09306
1.0932
1.0933
1.09335
1.09336
1.09333
1.09326
1.09315
1.09299
1.09279
1.09255
1.09227
1.09194
1.09158
1.09117
1.09072
1.09024
1.08971
1.08914
1.08854
1.0879
1.08722
1.0865
1.08575
1.08496
1.08414
1.08328
1.08238
1.08146
1.0805
1.07951
1.07849
1.07744
1.07636
1.07526
1.07412
1.07296
1.07177
1.07055
1.06931
1.06805
1.06677
1.06547
1.06414
1.0628
1.06144
1.06007
1.05868
1.05727
1.05586
1.05443
1.053
1.05156
1.05011
1.04866
1.0472
1.04574
1.04429
1.04284
1.04139
1.03996
1.03852
1.0371
1.0357
1.03431
1.03293
1.03158
1.03024
1.02893
1.02764
1.02638
1.02515
1.02395
1.02279
1.02166
1.02057
1.01951
1.0185
1.01752
1.0166
1.01572
1.01488
1.0141
1.01336
1.01268
1.01205
1.01148
1.01096
1.0105
1.01009
1.00975
1.00947
1.00925
1.00909
1.00899
1.00897
1.009
1.00911
1.00927
1.00951
1.00981
1.01019
1.01063
1.01113
1.01171
1.01235
1.01307
1.01385
1.0147
1.01561
1.0166
1.01764
1.01876
1.01993
1.02117
1.02248
1.02384
1.02526
1.02674
1.02828
1.02987
1.03152
1.03321
1.03495
1.03674
1.03857
1.04044
1.04235
1.04429
1.04627
1.04828
1.05031
1.05236
1.05443
1.05653
1.05863
1.06074
1.06286
1.06499
1.06711
1.06923
1.07135
1.07345
1.07554
1.07761
1.07967
1.0817
1.0837
1.08567
1.08761
1.08951
1.09138
1.0932
1.09498
1.09671
1.0984
1.10003
1.1016
1.10312
1.10458
1.10598
1.10732
1.10859
1.1098
1.11094
1.112
1.113
1.11393
1.11478
1.11556
1.11627
1.1169
1.11745
1.11793
1.11833
1.11866
1.1189
1.11907
1.11917
1.11919
1.11913
1.11899
1.11879
1.1185
1.11815
1.11772
1.11722
1.11665
1.11601
1.1153
1.11453
1.11369
1.11279
1.11183
1.11081
1.10973
1.1086
1.10741
1.10617
1.10489
1.10355
1.10217
1.10075
1.09929
1.09779
1.09626
1.09469
1.09309
1.09147
1.08982
1.08815
1.08646
1.08475
1.08302
1.08129
1.07954
1.07779
1.07604
1.07428
1.07252
1.07077
1.06902
1.06729
1.06556
1.06385
1.06215
1.06047
1.05881
1.05717
1.05556
1.05398
1.05243
1.0509
1.04941
1.04796
1.04654
1.04516
1.04382
1.04253
1.04128
1.04007
1.03891
1.0378
1.03673
1.03572
1.03476
1.03385
1.03299
1.03219
1.03144
1.03074
1.0301
1.02952
1.02899
1.02851
1.02809
1.02773
1.02742
1.02716
1.02695
1.0268
1.02669
1.02664
1.02664
1.02668
1.02677
1.0269
1.02707
1.02729
1.02754
1.02784
1.02816
1.02852
1.02891
1.02933
1.02978
1.03025
1.03074
1.03126
1.03179
1.03233
1.03289
1.03346
1.03404
1.03462
1.03521
1.03581
1.0364
1.03699
1.03758
1.03816
1.03874
1.03931
1.03987
1.04042
1.04095
1.04147
1.04198
1.04248
1.04296
1.04342
1.04386
1.04428
1.04469
1.04508
1.04544
1.04579
1.04611
1.04642
1.0467
1.04696
1.0472
1.04742
1.04762
1.0478
1.04796
1.04809
1.0482
1.04829
1.04836
1.04841
1.04844
1.04845
1.04843
1.0484
1.04834
1.04826
1.04816
1.04804
1.0479
1.04773
1.04754
1.04733
1.0471
1.04685
1.04657
1.04626
1.04594
1.04558
1.04521
1.0448
1.04437
1.04392
1.04344
1.04293
1.04239
1.04182
1.04123
1.0406
1.03995
1.03927
1.03856
1.03782
1.03705
1.03625
1.03542
1.03456
1.03366
1.03274
1.0318
1.03082
1.02981
1.02878
1.02771
1.02662
1.02551
1.02437
1.02321
1.02203
1.02082
1.01959
1.01834
1.01708
1.0158
1.0145
1.01319
1.01186
1.01053
1.00918
1.00783
1.00647
1.00511
1.00374
1.00237
1.001
0.999635
0.998272
0.996916
0.995565
0.994223
0.992891
0.99157
0.990262
0.988967
0.987688
0.986425
0.98518
0.983954
0.982748
0.981564
0.980401
0.979262
0.978147
0.977058
0.975995
0.97496
0.973953
0.972975
0.972026
0.971107
0.97022
0.969363
0.968539
0.967748
0.966989
0.966264
0.965573
0.964916
0.964293
0.963706
0.963154
0.962636
0.962154
0.961706
0.961293
0.960914
0.960568
0.960256
0.959975
0.959726
0.959507
0.959317
0.959155
0.95902
0.95891
0.958825
0.958762
0.95872
0.958698
0.958693
0.958705
0.95873
0.958767
0.958815
0.958872
0.958935
0.959004
0.959078
0.959153
0.959231
0.959308
0.959384
0.959458
0.959528
0.959594
0.959654
0.959709
0.959759
0.959802
0.959838
0.959868
0.959892
0.95991
0.959923
0.959931
0.959935
0.959935
0.959934
0.959932
0.959932
0.959933
0.959939
0.959949
0.959965
0.959989
0.960022
0.960066
0.960122
0.960193
0.960279
0.960382
0.960505
0.96065
0.960816
0.961007
0.961224
0.961469
0.961742
0.962045
0.962379
0.962746
0.963146
0.963581
0.964052
0.964559
0.965104
0.965687
0.966309
0.966971
0.967673
0.968416
0.969201
0.970028
0.970896
0.971807
0.972761
0.973758
0.974798
0.97588
0.977006
0.978174
0.979384
0.980636
0.98193
0.983263
0.984637
0.98605
0.987501
0.988991
0.990516
0.992077
0.993673
0.995302
0.996963
0.998654
1.00037
1.00212
1.0039
1.0057
1.00752
1.00936
1.01122
1.01311
1.015
1.01692
1.01885
1.02078
1.02273
1.02469
1.02665
1.02862
1.03059
1.03256
1.03454
1.03651
1.03848
1.04045
1.04241
1.04436
1.0463
1.04824
1.05016
1.05208
1.05398
1.05586
1.05774
1.05959
1.06143
1.06326
1.06506
1.06685
1.06862
1.07036
1.07209
1.0738
1.07549
1.07715
1.07879
1.08041
1.082
1.08357
1.08511
1.08663
1.08812
1.08958
1.09101
1.09242
1.09379
1.09513
1.09644
1.09772
1.09896
1.10016
1.10133
1.10245
1.10354
1.10458
1.10559
1.10654
1.10746
1.10832
1.10914
1.10991
1.11062
1.11129
1.1119
1.11245
1.11295
1.11339
1.11378
1.1141
1.11437
1.11458
1.11472
1.11481
1.11483
1.1148
1.1147
1.11454
1.11432
1.11403
1.11369
1.11329
1.11283
1.11232
1.11174
1.11112
1.11044
1.10971
1.10893
1.1081
1.10722
1.1063
1.10534
1.10434
1.1033
1.10222
1.10111
1.09997
1.0988
1.0976
1.09637
1.09513
1.09386
1.09257
1.09127
1.08995
1.08861
1.08727
1.08592
1.08456
1.08319
1.08182
1.08045
1.07908
1.0777
1.07633
1.07496
1.07359
1.07222
1.07087
1.06952
1.06817
1.06684
1.06552
1.06421
1.0629
1.06162
1.06034
1.05908
1.05783
1.05659
1.05537
1.05417
1.05299
1.05182
1.05067
1.04954
1.04844
1.04735
1.04629
1.04525
1.04423
1.04324
1.04228
1.04135
1.04044
1.03957
1.03872
1.03791
1.03714
1.0364
1.03569
1.03503
1.0344
1.03381
1.03327
1.03276
1.0323
1.03189
1.03152
1.03119
1.03092
1.03069
1.0305
1.03037
1.03028
1.03024
1.03025
1.03031
1.03041
1.03055
1.03074
1.03097
1.03125
1.03156
1.03191
1.0323
1.03273
1.03318
1.03367
1.03418
1.03472
1.03529
1.03587
1.03647
1.03708
1.0377
1.03834
1.03898
1.03962
1.04026
1.0409
1.04153
1.04215
1.04276
1.04336
1.04394
1.0445
1.04504
1.04556
1.04604
1.0465
1.04693
1.04732
1.04768
1.048
1.04828
1.04853
1.04873
1.04889
1.049
1.04907
1.0491
1.04908
1.04901
1.04889
1.04873
1.04851
1.04825
1.04795
1.04759
1.04719
1.04674
1.04624
1.0457
1.04511
1.04448
1.04381
1.0431
1.04234
1.04155
1.04072
1.03986
1.03896
1.03803
1.03707
1.03608
1.03506
1.03402
1.03296
1.03187
1.03077
1.02965
1.02852
1.02737
1.02622
1.02505
1.02388
1.02271
1.02153
1.02035
1.01918
1.01801
1.01684
1.01569
1.01454
1.0134
1.01227
1.01116
1.01006
1.00897
1.00791
1.00686
1.00583
1.00482
1.00383
1.00286
1.00192
1.001
1.00009
0.999216
0.998361
0.997529
0.996719
0.995933
0.995168
0.994425
0.993705
0.993005
0.992326
0.991668
0.99103
0.990411
0.989811
0.989229
0.988664
0.988115
0.987583
0.987067
0.986565
0.986077
0.985603
0.985142
0.984694
0.984258
0.983832
0.983417
0.983012
0.982617
0.982231
0.981854
0.981486
0.981127
0.980777
0.980435
0.980102
0.979777
0.979462
0.979157
0.978862
0.978577
0.978305
0.978046
0.9778
0.977568
0.977353
0.977154
0.976975
0.976815
0.976677
0.976564
0.976476
0.976415
0.976385
0.976387
0.976423
0.976497
0.976609
0.976763
0.976961
0.977205
0.977498
0.977841
0.978238
0.978689
0.979196
0.979762
0.980387
0.981073
0.981821
0.982631
0.983505
0.984441
0.985441
0.986503
0.987626
0.988811
0.990055
0.991358
0.992716
0.994127
0.99559
0.9971
0.998655
1.00025
1.00189
1.00356
1.00526
1.00698
1.00873
1.0105
1.01228
1.01407
1.01586
1.01765
1.01944
1.02123
1.023
1.02475
1.02649
1.0282
1.02989
1.03155
1.03318
1.03477
1.03632
1.03783
1.0393
1.04073
1.04211
1.04344
1.04473
1.04596
1.04714
1.04828
1.04936
1.05039
1.05136
1.05229
1.05316
1.05398
1.05475
1.05547
1.05614
1.05676
1.05734
1.05786
1.05835
1.05878
1.05918
1.05953
1.05984
1.06012
1.06035
1.06055
1.06072
1.06086
1.06096
1.06103
1.06108
1.0611
1.06109
1.06106
1.06101
1.06094
1.06085
1.06074
1.06062
1.06049
1.06034
1.06017
1.06
1.05982
1.05963
1.05943
1.05922
1.05901
1.05879
1.05857
1.05834
1.0581
1.05787
1.05763
1.05738
1.05714
1.05689
1.05664
1.05638
1.05612
1.05586
1.0556
1.05533
1.05506
1.05479
1.05451
1.05422
1.05394
1.05364
1.05334
1.05303
1.05272
1.0524
1.05207
1.05174
1.0514
1.05105
1.05069
1.05033
1.04995
1.04957
1.04919
1.04879
1.04839
1.04799
1.04758
1.04716
1.04674
1.04632
1.0459
1.04547
1.04505
1.04463
1.04421
1.04379
1.04338
1.04298
1.04258
1.0422
1.04183
1.04147
1.04112
1.04079
1.04048
1.04019
1.03991
1.03966
1.03943
1.03922
1.03904
1.03888
1.03874
1.03863
1.03854
1.03848
1.03844
1.03843
1.03844
1.03847
1.03853
1.03861
1.03871
1.03883
1.03897
1.03913
1.0393
1.03949
1.0397
1.03992
1.04015
1.04039
1.04064
1.04091
1.04118
1.04145
1.04174
1.04203
1.04233
1.04263
1.04294
1.04326
1.04358
1.04391
1.04424
1.04458
1.04492
1.04527
1.04563
1.046
1.04638
1.04676
1.04716
1.04757
1.04798
1.04841
1.04886
1.04932
1.04979
1.05028
1.05078
1.05131
1.05185
1.0524
1.05298
1.05357
1.05418
1.05481
1.05546
1.05613
1.05681
1.05751
1.05823
1.05897
1.05972
1.06048
1.06126
1.06205
1.06285
1.06366
1.06448
1.0653
1.06613
1.06696
1.0678
1.06863
1.06946
1.07028
1.0711
1.07191
1.07271
1.0735
1.07427
1.07502
1.07576
1.07648
1.07717
1.07784
1.07848
1.07909
1.07968
1.08023
1.08075
1.08124
1.08169
1.0821
1.08248
1.08282
1.08313
1.08339
1.08362
1.08381
1.08396
1.08407
1.08414
1.08418
1.08418
1.08414
1.08408
1.08397
1.08384
1.08368
1.0835
1.08328
1.08305
1.08279
1.08251
1.08222
1.08191
1.0816
1.08127
1.08094
1.08061
1.08027
1.07994
1.07961
1.07929
1.07898
1.07868
1.07839
1.07812
1.07787
1.07764
1.07742
1.07723
1.07705
1.0769
1.07678
1.07667
1.07659
1.07653
1.0765
1.07649
1.0765
1.07653
1.07658
1.07665
1.07674
1.07684
1.07696
1.07709
1.07723
1.07738
1.07754
1.0777
1.07787
1.07804
1.07822
1.07839
1.07856
1.07873
1.07889
1.07904
1.07919
1.07932
1.07945
1.07956
1.07967
1.07976
1.07983
1.07989
1.07994
1.07997
1.07999
1.07999
1.07998
1.07995
1.0799
1.07984
1.07976
1.07967
1.07957
1.07945
1.07931
1.07917
1.07901
1.07884
1.07867
1.07848
1.07829
1.07809
1.07788
1.07767
1.07746
1.07724
1.07702
1.0768
1.07659
1.07637
1.07616
1.07595
1.07574
1.07554
1.07534
1.07516
1.07498
1.0748
1.07464
1.07448
1.07433
1.07419
1.07406
1.07394
1.07382
1.07372
1.07362
1.07353
1.07345
1.07337
1.0733
1.07324
1.07318
1.07312
1.07307
1.07302
1.07297
1.07291
1.07286
1.07281
1.07275
1.07269
1.07262
1.07254
1.07246
1.07237
1.07227
1.07216
1.07205
1.07192
1.07177
1.07162
1.07145
1.07127
1.07108
1.07088
1.07066
1.07042
1.07018
1.06992
1.06965
1.06937
1.06907
1.06876
1.06845
1.06812
1.06778
1.06744
1.06709
1.06673
1.06636
1.06599
1.06562
1.06524
1.06486
1.06449
1.06411
1.06374
1.06336
1.063
1.06263
1.06228
1.06193
1.06159
1.06126
1.06093
1.06062
1.06033
1.06004
1.05976
1.0595
1.05926
1.05903
1.05881
1.05861
1.05843
1.05826
1.05811
1.05797
1.05785
1.05775
1.05766
1.05759
1.05754
1.0575
1.05748
1.05748
1.05749
1.05752
1.05756
1.05762
1.05769
1.05778
1.05788
1.058
1.05813
1.05827
1.05843
1.0586
1.05878
1.05897
1.05918
1.0594
1.05963
1.05987
1.06012
1.06038
1.06065
1.06093
1.06122
1.06152
1.06184
1.06216
1.06249
1.06282
1.06317
1.06353
1.06389
1.06426
1.06463
1.06502
1.06541
1.0658
1.0662
1.06661
1.06703
1.06744
1.06787
1.0683
1.06873
1.06916
1.0696
1.07004
1.07048
1.07092
1.07136
1.07181
1.07225
1.07269
1.07312
1.07356
1.07399
1.07442
1.07484
1.07526
1.07567
1.07608
1.07648
1.07687
1.07725
1.07761
1.07797
1.07832
1.07865
1.07897
1.07928
1.07956
1.07983
1.08009
1.08032
1.08054
1.08073
1.0809
1.08105
1.08117
1.08127
1.08134
1.08139
1.08141
1.08139
1.08135
1.08128
1.08117
1.08103
1.08086
1.08065
1.08041
1.08013
1.07981
1.07945
1.07906
1.07862
1.07815
1.07763
1.07708
1.07648
1.07584
1.07516
1.07443
1.07366
1.07285
1.072
1.07111
1.07017
1.06919
1.06817
1.0671
1.066
1.06485
1.06367
1.06244
1.06117
1.05987
1.05853
1.05715
1.05574
1.05429
1.05281
1.0513
1.04976
1.04819
1.04659
1.04496
1.04331
1.04164
1.03995
1.03823
1.0365
1.03475
1.03299
1.03121
1.02943
1.02763
1.02583
1.02402
1.02221
1.0204
1.0186
1.01679
1.015
1.0132
1.01142
1.00966
1.0079
1.00616
1.00444
1.00274
1.00106
0.99941
0.997782
0.996181
0.99461
0.993072
0.991566
0.990095
0.988661
0.987264
0.985907
0.984591
0.983318
0.982088
0.980904
0.979766
0.978675
0.977634
0.976642
0.975701
0.974811
0.973974
0.973191
0.972461
0.971785
0.971165
0.970601
0.970094
0.969643
0.969251
0.968916
0.968639
0.968421
0.968262
0.968161
0.96812
0.968138
0.968215
0.968351
0.968547
0.968803
0.969118
0.969492
0.969924
0.970415
0.970965
0.971574
0.97224
0.972964
0.973744
0.97458
0.975473
0.976421
0.977423
0.978479
0.979588
0.980749
0.981962
0.983225
0.984537
0.985899
0.987308
0.988765
0.990267
0.991815
0.993406
0.995039
0.996715
0.998431
1.00019
1.00198
1.00381
1.00568
1.00758
1.00952
1.01149
1.01349
1.01553
1.01759
1.01968
1.0218
1.02394
1.02612
1.02831
1.03053
1.03278
1.03504
1.03733
1.03964
1.04196
1.04431
1.04667
1.04905
1.05144
1.05385
1.05628
1.05871
1.06116
1.06362
1.06609
1.06857
1.07105
1.07354
1.07604
1.07854
1.08105
1.08355
1.08606
1.08856
1.09107
1.09357
1.09607
1.09856
1.10104
1.10351
1.10597
1.10842
1.11086
1.11328
1.11569
1.11808
1.12044
1.12279
1.12511
1.12741
1.12968
1.13192
1.13413
1.13631
1.13846
1.14058
1.14265
1.14469
1.14669
1.14865
1.15057
1.15244
1.15426
1.15603
1.15776
1.15943
1.16105
1.16261
1.16412
1.16557
1.16696
1.16828
1.16954
1.17074
1.17187
1.17294
1.17393
1.17486
1.17571
1.17649
1.1772
1.17783
1.17839
1.17887
1.17927
1.1796
1.17984
1.18001
1.18009
1.1801
1.18002
1.17986
1.17962
1.1793
1.1789
1.17842
1.17785
1.17721
1.17649
1.17569
1.17481
1.17386
1.17283
1.17172
1.17055
1.16931
1.16799
1.16662
1.16517
1.16367
1.16211
1.16049
1.15882
1.1571
1.15533
1.15352
1.15167
1.14978
1.14786
1.14592
1.14395
1.14196
1.13996
1.13794
1.13592
1.13389
1.13187
1.12986
1.12786
1.12588
1.12392
1.12199
1.12008
1.11821
1.11639
1.1146
1.11286
1.11118
1.10955
1.10798
1.10648
1.10504
1.10367
1.10238
1.10115
1.10001
1.09895
1.09796
1.09706
1.09625
1.09551
1.09487
1.0943
1.09383
1.09344
1.09313
1.0929
1.09276
1.0927
1.09272
1.09281
1.09298
1.09323
1.09354
1.09392
1.09436
1.09486
1.09542
1.09603
1.09669
1.09739
1.09814
1.09892
1.09974
1.10059
1.10146
1.10235
1.10326
1.10418
1.1051
1.10603
1.10696
1.10789
1.1088
1.10971
1.1106
1.11147
1.11231
1.11313
1.11391
1.11467
1.11538
1.11606
1.11669
1.11728
1.11782
1.1183
1.11874
1.11913
1.11946
1.11973
1.11994
1.1201
1.12019
1.12023
1.1202
1.12012
1.11997
1.11976
1.11949
1.11916
1.11877
1.11833
1.11782
1.11727
1.11665
1.11599
1.11527
1.11451
1.1137
1.11285
1.11196
1.11102
1.11005
1.10905
1.10801
1.10695
1.10587
1.10476
1.10363
1.10249
1.10133
1.10017
1.099
1.09783
1.09666
1.0955
1.09434
1.09319
1.09206
1.09095
1.08985
1.08878
1.08774
1.08672
1.08574
1.08479
1.08388
1.08301
1.08218
1.08139
1.08065
1.07997
1.07933
1.07874
1.07821
1.07774
1.07732
1.07696
1.07666
1.07642
1.07624
1.07612
1.07607
1.07607
1.07614
1.07627
1.07646
1.07671
1.07703
1.0774
1.07783
1.07832
1.07887
1.07948
1.08013
1.08085
1.08161
1.08242
1.08328
1.08419
1.08514
1.08613
1.08716
1.08822
1.08932
1.09046
1.09162
1.09281
1.09402
1.09526
1.09651
1.09778
1.09907
1.10036
1.10166
1.10297
1.10428
1.10559
1.1069
1.10821
1.1095
1.11079
1.11206
1.11332
1.11456
1.11578
1.11698
1.11816
1.1193
1.12042
1.12151
1.12257
1.12359
1.12458
1.12552
1.12643
1.12729
1.12812
1.12889
1.12962
1.1303
1.13094
1.13152
1.13205
1.13252
1.13294
1.1333
1.13361
1.13386
1.13404
1.13417
1.13423
1.13424
1.13418
1.13405
1.13387
1.13361
1.13329
1.13291
1.13246
1.13194
1.13135
1.1307
1.12998
1.12919
1.12834
1.12742
1.12643
1.12537
1.12425
1.12307
1.12183
1.12052
1.11915
1.11772
1.11624
1.1147
1.11311
1.11148
1.10979
1.10806
1.10629
1.10449
1.10265
1.10079
1.0989
1.09699
1.09506
1.09313
1.09119
1.08926
1.08733
1.08541
1.08351
1.08164
1.0798
1.078
1.07625
1.07455
1.0729
1.07132
1.06981
1.06838
1.06703
1.06578
1.06461
1.06355
1.06259
1.06174
1.061
1.06038
1.05988
1.05951
1.05925
1.05913
1.05912
1.05925
1.0595
1.05987
1.06037
1.06099
1.06173
1.06259
1.06356
1.06463
1.06581
1.06709
1.06846
1.06992
1.07146
1.07307
1.07476
1.07651
1.07831
1.08017
1.08206
1.084
1.08596
1.08794
1.08994
1.09194
1.09395
1.09596
1.09795
1.09993
1.10188
1.10381
1.1057
1.10755
1.10936
1.11112
1.11282
1.11446
1.11604
1.11755
1.119
1.12037
1.12166
1.12287
1.124
1.12505
1.12601
1.12688
1.12767
1.12837
1.12897
1.12949
1.12992
1.13026
1.1305
1.13066
1.13073
1.13072
1.13061
1.13043
1.13016
1.12982
1.1294
1.1289
1.12833
1.12769
1.12698
1.12621
1.12538
1.12449
1.12355
1.12256
1.12152
1.12043
1.11931
1.11815
1.11695
1.11573
1.11448
1.11321
1.11192
1.11061
1.10929
1.10796
1.10663
1.10529
1.10395
1.10261
1.10128
1.09996
1.09864
1.09734
1.09606
1.09479
1.09354
1.09231
1.0911
1.08992
1.08876
1.08763
1.08653
1.08545
1.0844
1.08339
1.0824
1.08144
1.08051
1.07961
1.07875
1.07792
1.07712
1.07635
1.07561
1.0749
1.07423
1.07359
1.07298
1.0724
1.07186
1.07134
1.07085
1.0704
1.06998
1.06958
1.06922
1.06888
1.06858
1.0683
1.06805
1.06783
1.06764
1.06747
1.06733
1.06721
1.06711
1.06704
1.067
1.06697
1.06697
1.06699
1.06703
1.06708
1.06716
1.06725
1.06735
1.06747
1.0676
1.06774
1.0679
1.06806
1.06823
1.06841
1.06859
1.06878
1.06896
1.06915
1.06933
1.06951
1.06969
1.06986
1.07002
1.07017
1.07031
1.07044
1.07055
1.07064
1.07071
1.07077
1.0708
1.0708
1.07078
1.07073
1.07066
1.07055
1.07041
1.07023
1.07002
1.06978
1.0695
1.06917
1.06881
1.06841
1.06796
1.06747
1.06694
1.06637
1.06575
1.06508
1.06437
1.06362
1.06283
1.06199
1.06111
1.06018
1.05922
1.05822
1.05718
1.0561
1.05499
1.05385
1.05268
1.05148
1.05026
1.04901
1.04775
1.04647
1.04518
1.04388
1.04258
1.04128
1.03997
1.03868
1.03739
1.03612
1.03487
1.03364
1.03243
1.03125
1.03011
1.029
1.02792
1.0269
1.02591
1.02498
1.02409
1.02326
1.02248
1.02175
1.02109
1.02048
1.01993
1.01944
1.01901
1.01864
1.01833
1.01808
1.01789
1.01776
1.01768
1.01766
1.0177
1.01779
1.01794
1.01813
1.01838
1.01867
1.01901
1.01939
1.01982
1.02028
1.02079
1.02133
1.02191
1.02253
1.02317
1.02385
1.02455
1.02529
1.02605
1.02683
1.02764
1.02847
1.02932
1.03019
1.03107
1.03198
1.0329
1.03383
1.03478
1.03574
1.0367
1.03768
1.03866
1.03964
1.04063
1.04163
1.04262
1.04362
1.04461
1.0456
1.04658
1.04756
1.04853
1.04949
1.05044
1.05138
1.05231
1.05323
1.05413
1.05502
1.05589
1.05674
1.05758
1.05839
1.05919
1.05998
1.06074
1.06148
1.06221
1.06291
1.0636
1.06427
1.06492
1.06556
1.06617
1.06677
1.06736
1.06793
1.06848
1.06902
1.06954
1.07005
1.07055
1.07103
1.07151
1.07197
1.07242
1.07286
1.0733
1.07372
1.07413
1.07454
1.07494
1.07533
1.07571
1.07609
1.07646
1.07682
1.07718
1.07753
1.07788
1.07822
1.07856
1.07889
1.07921
1.07953
1.07985
1.08016
1.08046
1.08077
1.08106
1.08136
1.08165
1.08193
1.08222
1.0825
1.08277
1.08305
1.08332
1.08359
1.08385
1.08412
1.08438
1.08464
1.0849
1.08516
1.08542
1.08567
1.08593
1.08619
1.08644
1.0867
1.08695
1.08721
1.08747
1.08772
1.08798
1.08823
1.08848
1.08874
1.08899
1.08924
1.08949
1.08973
1.08997
1.09021
1.09045
1.09068
1.0909
1.09112
1.09134
1.09155
1.09176
1.09196
1.09215
1.09234
1.09252
1.09269
1.09286
1.09303
1.09318
1.09333
1.09348
1.09362
1.09376
1.0939
1.09404
1.09417
1.09431
1.09445
1.0946
1.09475
1.09491
1.09508
1.09526
1.09546
1.09568
1.09591
1.09617
1.09645
1.09675
1.09708
1.09744
1.09783
1.09825
1.09871
1.0992
1.09973
1.10029
1.1009
1.10154
1.10221
1.10293
1.10368
1.10446
1.10528
1.10613
1.10701
1.10792
1.10885
1.1098
1.11077
1.11175
1.11275
1.11375
1.11476
1.11576
1.11675
1.11774
1.11871
1.11967
1.1206
1.12151
1.12238
1.12322
1.12403
1.12479
1.12551
1.12618
1.12681
1.12738
1.12789
1.12835
1.12875
1.1291
1.12938
1.1296
1.12976
1.12985
1.12988
1.12985
1.12976
1.12961
1.12939
1.12912
1.12879
1.1284
1.12796
1.12746
1.12691
1.12631
1.12566
1.12497
1.12423
1.12346
1.12264
1.12179
1.12091
1.11999
1.11905
1.11808
1.11708
1.11607
1.11504
1.11399
1.11292
1.11185
1.11077
1.10968
1.10859
1.1075
1.1064
1.10531
1.10423
1.10314
1.10207
1.10101
1.09996
1.09892
1.0979
1.0969
1.09591
1.09495
1.094
1.09308
1.09218
1.0913
1.09045
1.08963
1.08883
1.08806
1.08732
1.08661
1.08592
1.08527
1.08464
1.08405
1.08349
1.08296
1.08245
1.08198
1.08154
1.08112
1.08073
1.08037
1.08004
1.07973
1.07945
1.07919
1.07896
1.07874
1.07855
1.07837
1.07821
1.07806
1.07793
1.0778
1.07769
1.07758
1.07748
1.07739
1.07729
1.0772
1.0771
1.077
1.07689
1.07678
1.07666
1.07653
1.07638
1.07623
1.07606
1.07587
1.07567
1.07545
1.07522
1.07497
1.07471
1.07443
1.07413
1.07382
1.0735
1.07316
1.07281
1.07245
1.07208
1.07171
1.07133
1.07095
1.07058
1.0702
1.06984
1.06948
1.06914
1.06881
1.0685
1.06822
1.06795
1.06772
1.06752
1.06735
1.06721
1.06712
1.06706
1.06705
1.06708
1.06715
1.06727
1.06744
1.06766
1.06792
1.06823
1.06859
1.06899
1.06944
1.06993
1.07046
1.07104
1.07165
1.0723
1.07298
1.07369
1.07443
1.0752
1.076
1.07682
1.07766
1.07851
1.07939
1.08027
1.08117
1.08208
1.083
1.08393
1.08486
1.08579
1.08673
1.08768
1.08862
1.08957
1.09052
1.09148
1.09243
1.09339
1.09436
1.09532
1.09629
1.09726
1.09824
1.09923
1.10022
1.10122
1.10222
1.10324
1.10426
1.10529
1.10634
1.10739
1.10845
1.10952
1.11061
1.1117
1.1128
1.11392
1.11504
1.11617
1.11731
1.11846
1.11961
1.12077
1.12194
1.1231
1.12427
1.12544
1.12661
1.12777
1.12893
1.13008
1.13122
1.13235
1.13347
1.13457
1.13566
1.13672
1.13777
1.13879
1.13978
1.14075
1.14168
1.14259
1.14345
1.14428
1.14508
1.14583
1.14654
1.14721
1.14783
1.14841
1.14893
1.14941
1.14984
1.15022
1.15054
1.15081
1.15103
1.1512
1.15132
1.15138
1.15139
1.15135
1.15126
1.15112
1.15092
1.15068
1.15039
1.15006
1.14967
1.14925
1.14879
1.14828
1.14774
1.14716
1.14655
1.14591
1.14524
1.14455
1.14383
1.14309
1.14233
1.14156
1.14078
1.13998
1.13918
1.13838
1.13757
1.13676
1.13596
1.13516
1.13437
1.1336
1.13283
1.13208
1.13135
1.13064
1.12994
1.12928
1.12863
1.12802
1.12743
1.12687
1.12634
1.12585
1.12538
1.12496
1.12456
1.12421
1.12389
1.1236
1.12335
1.12315
1.12297
1.12284
1.12274
1.12268
1.12266
1.12267
1.12272
1.1228
1.12292
1.12307
1.12325
1.12346
1.1237
1.12397
1.12426
1.12458
1.12492
1.12529
1.12567
1.12608
1.12649
1.12693
1.12737
1.12783
1.1283
1.12877
1.12925
1.12974
1.13022
1.13071
1.13119
1.13167
1.13215
1.13262
1.13309
1.13354
1.13399
1.13443
1.13486
1.13528
1.13568
1.13608
1.13646
1.13683
1.13719
1.13754
1.13788
1.1382
1.13851
1.13882
1.13911
1.1394
1.13967
1.13994
1.14021
1.14047
1.14072
1.14098
1.14123
1.14148
1.14173
1.14198
1.14223
1.14249
1.14275
1.14301
1.14329
1.14357
1.14385
1.14415
1.14446
1.14477
1.14509
1.14543
1.14578
1.14613
1.1465
1.14688
1.14728
1.14768
1.14809
1.14852
1.14896
1.1494
1.14986
1.15033
1.1508
1.15128
1.15177
1.15227
1.15277
1.15328
1.15379
1.15431
1.15483
1.15534
1.15586
1.15638
1.15689
1.1574
1.15791
1.15841
1.1589
1.15938
1.15985
1.16031
1.16076
1.1612
1.16161
1.16202
1.1624
1.16276
1.1631
1.16342
1.16371
1.16398
1.16422
1.16443
1.16461
1.16476
1.16488
1.16496
1.16501
1.16502
1.165
1.16493
1.16483
1.16468
1.1645
1.16427
1.16399
1.16367
1.16331
1.1629
1.16244
1.16193
1.16137
1.16077
1.16011
1.15941
1.15866
1.15785
1.157
1.15609
1.15513
1.15413
1.15307
1.15197
1.15082
1.14961
1.14836
1.14707
1.14572
1.14433
1.1429
1.14142
1.1399
1.13833
1.13673
1.13508
1.1334
1.13168
1.12992
1.12813
1.1263
1.12445
1.12256
1.12065
1.11871
1.11674
1.11475
1.11274
1.11071
1.10866
1.1066
1.10451
1.10242
1.10031
1.09819
1.09605
1.09392
1.09177
1.08962
1.08746
1.0853
1.08314
1.08098
1.07882
1.07665
1.07449
1.07233
1.07018
1.06802
1.06587
1.06373
1.06158
1.05945
1.05732
1.05519
1.05307
1.05096
1.04886
1.04676
1.04467
1.04258
1.04051
1.03844
1.03639
1.03434
1.0323
1.03028
1.02826
1.02626
1.02427
1.02229
1.02033
1.01839
1.01646
1.01455
1.01265
1.01078
1.00893
1.0071
1.0053
1.00352
1.00177
1.00004
0.998353
0.996695
0.995072
0.993486
0.991938
0.990432
0.98897
0.987553
0.986184
0.984864
0.983596
0.982383
0.981227
0.980131
0.979096
0.978124
0.977218
0.97638
0.975612
0.974915
0.974292
0.973745
0.973274
0.972883
0.972571
0.972342
0.972195
0.972132
0.972154
0.972263
0.972457
0.972738
0.973107
0.973562
0.974105
0.974735
0.975451
0.976253
0.97714
0.978112
0.979168
0.980307
0.981527
0.982827
0.984206
0.985663
0.987194
0.9888
0.990478
0.992227
0.994043
0.995924
0.997869
0.999876
1.00194
1.00406
1.00624
1.00847
1.01075
1.01308
1.01545
1.01787
1.02033
1.02282
1.02535
1.02792
1.03051
1.03314
1.03579
1.03847
1.04116
1.04388
1.04661
1.04936
1.05211
1.05487
1.05764
1.06042
1.06319
1.06596
1.06872
1.07148
1.07423
1.07697
1.07969
1.08239
1.08508
1.08774
1.09038
1.09299
1.09557
1.09812
1.10063
1.10311
1.10555
1.10795
1.1103
1.11261
1.11488
1.1171
1.11926
1.12138
1.12345
1.12545
1.12741
1.12931
1.13115
1.13293
1.13465
1.13631
1.13791
1.13944
1.14092
1.14233
1.14368
1.14496
1.14618
1.14733
1.14842
1.14944
1.1504
1.15129
1.15212
1.15288
1.15358
1.15422
1.15479
1.1553
1.15574
1.15612
1.15644
1.1567
1.1569
1.15704
1.15712
1.15714
1.1571
1.157
1.15685
1.15664
1.15638
1.15606
1.15569
1.15526
1.15478
1.15426
1.15368
1.15305
1.15237
1.15164
1.15087
1.15006
1.14919
1.14829
1.14734
1.14635
1.14532
1.14425
1.14314
1.14199
1.14081
1.13959
1.13834
1.13706
1.13575
1.13441
1.13304
1.13164
1.13021
1.12876
1.12729
1.1258
1.12429
1.12276
1.12122
1.11966
1.11809
1.11651
1.11492
1.11332
1.11172
1.11012
1.10852
1.10691
1.10532
1.10372
1.10213
1.10056
1.09899
1.09744
1.0959
1.09439
1.09289
1.09141
1.08996
1.08853
1.08713
1.08576
1.08442
1.08311
1.08183
1.08059
1.07939
1.07822
1.0771
1.07601
1.07496
1.07395
1.07299
1.07206
1.07118
1.07034
1.06954
1.06878
1.06807
1.0674
1.06676
1.06617
1.06562
1.06511
1.06463
1.06419
1.06379
1.06341
1.06308
1.06277
1.0625
1.06226
1.06204
1.06185
1.06169
1.06155
1.06143
1.06134
1.06126
1.06121
1.06117
1.06115
1.06115
1.06116
1.06119
1.06123
1.06128
1.06134
1.06142
1.0615
1.0616
1.06171
1.06183
1.06196
1.0621
1.06225
1.06241
1.06258
1.06276
1.06295
1.06315
1.06337
1.0636
1.06384
1.06409
1.06435
1.06464
1.06493
1.06524
1.06557
1.06591
1.06627
1.06665
1.06705
1.06746
1.0679
1.06835
1.06883
1.06932
1.06984
1.07037
1.07093
1.07151
1.07211
1.07273
1.07337
1.07403
1.07472
1.07542
1.07615
1.0769
1.07766
1.07845
1.07925
1.08008
1.08092
1.08177
1.08265
1.08353
1.08444
1.08535
1.08628
1.08723
1.08818
1.08914
1.09011
1.09109
1.09208
1.09307
1.09406
1.09507
1.09607
1.09708
1.09808
1.09909
1.10009
1.1011
1.1021
1.1031
1.10409
1.10507
1.10605
1.10703
1.10799
1.10895
1.1099
1.11084
1.11177
1.11269
1.1136
1.11449
1.11538
1.11625
1.11712
1.11797
1.11881
1.11965
1.12047
1.12128
1.12208
1.12288
1.12366
1.12444
1.12521
1.12597
1.12673
1.12748
1.12823
1.12898
1.12973
1.13048
1.13122
1.13197
1.13272
1.13348
1.13424
1.135
1.13577
1.13655
1.13733
1.13812
1.13892
1.13973
1.14055
1.14137
1.14221
1.14305
1.14391
1.14477
1.14563
1.14651
1.14739
1.14828
1.14917
1.15007
1.15097
1.15187
1.15277
1.15367
1.15457
1.15546
1.15635
1.15723
1.1581
1.15896
1.15981
1.16065
1.16147
1.16227
1.16306
1.16382
1.16457
1.16528
1.16598
1.16664
1.16728
1.16788
1.16845
1.16899
1.1695
1.16997
1.1704
1.17079
1.17114
1.17145
1.17172
1.17195
1.17213
1.17226
1.17236
1.1724
1.1724
1.17235
1.17225
1.17211
1.17192
1.17167
1.17138
1.17104
1.17065
1.17021
1.16972
1.16919
1.1686
1.16797
1.16728
1.16655
1.16577
1.16495
1.16407
1.16316
1.16219
1.16118
1.16013
1.15903
1.15789
1.15671
1.15549
1.15423
1.15293
1.15159
1.15021
1.1488
1.14735
1.14586
1.14435
1.1428
1.14121
1.1396
1.13796
1.13628
1.13458
1.13286
1.1311
1.12933
1.12752
1.1257
1.12385
1.12198
1.12009
1.11817
1.11624
1.11429
1.11232
1.11033
1.10832
1.1063
1.10426
1.10221
1.10014
1.09806
1.09596
1.09385
1.09172
1.08959
1.08743
1.08527
1.08309
1.0809
1.0787
1.07649
1.07427
1.07203
1.06979
1.06753
1.06527
1.06299
1.0607
1.0584
1.0561
1.05378
1.05146
1.04913
1.04679
1.04444
1.04208
1.03972
1.03735
1.03497
1.03259
1.03021
1.02781
1.02542
1.02302
1.02062
1.01822
1.01582
1.01342
1.01102
1.00863
1.00624
1.00385
1.00147
0.999096
0.99673
0.994374
0.99203
0.989699
0.987382
0.985081
0.982798
0.980534
0.978292
0.976073
0.973879
0.971713
0.969576
0.967469
0.965396
0.963357
0.961355
0.959393
0.957471
0.955593
0.953761
0.951976
0.95024
0.948557
0.946926
0.945349
0.943829
0.942367
0.940965
0.939624
0.938347
0.937133
0.935983
0.9349
0.933884
0.932935
0.932055
0.931244
0.930502
0.929831
0.929228
0.928696
0.928234
0.927841
0.927517
0.927262
0.927075
0.926955
0.926902
0.926914
0.926992
0.927132
0.927335
0.927599
0.927922
0.928304
0.928743
0.929237
0.929785
0.930385
0.931036
0.931735
0.932483
0.933277
0.934114
0.934995
0.935916
0.936877
0.937875
0.93891
0.939979
0.94108
0.942214
0.943377
0.944569
0.945788
0.947032
0.948301
0.949593
0.950907
0.952242
0.953596
0.954968
0.956358
0.957765
0.959187
0.960625
0.962076
0.963542
0.96502
0.966511
0.968014
0.969529
0.971055
0.972593
0.974141
0.9757
0.97727
0.978851
0.980442
0.982044
0.983657
0.98528
0.986915
0.98856
0.990216
0.991882
0.993559
0.995247
0.996946
0.998657
1.00038
1.00211
1.00385
1.00561
1.00737
1.00914
1.01093
1.01272
1.01452
1.01633
1.01814
1.01996
1.02179
1.02362
1.02545
1.02728
1.02912
1.03095
1.03278
1.03461
1.03643
1.03824
1.04005
1.04184
1.04362
1.04539
1.04715
1.04888
1.0506
1.0523
1.05398
1.05563
1.05727
1.05887
1.06045
1.062
1.06352
1.065
1.06646
1.06788
1.06927
1.07063
1.07195
1.07323
1.07448
1.07569
1.07687
1.07801
1.07911
1.08018
1.08121
1.0822
1.08316
1.08409
1.08498
1.08583
1.08666
1.08745
1.08821
1.08894
1.08965
1.09032
1.09097
1.09159
1.09219
1.09276
1.09331
1.09385
1.09436
1.09485
1.09533
1.09579
1.09624
1.09667
1.09709
1.0975
1.0979
1.09829
1.09866
1.09903
1.09939
1.09975
1.1001
1.10044
1.10077
1.1011
1.10143
1.10175
1.10206
1.10237
1.10267
1.10297
1.10326
1.10354
1.10382
1.10409
1.10435
1.1046
1.10484
1.10507
1.10529
1.10549
1.10569
1.10587
1.10603
1.10618
1.10631
1.10642
1.10652
1.10659
1.10665
1.10668
1.10669
1.10668
1.10664
1.10658
1.1065
1.10638
1.10624
1.10608
1.10588
1.10566
1.10541
1.10512
1.10481
1.10447
1.1041
1.1037
1.10327
1.10282
1.10233
1.10181
1.10126
1.10069
1.10009
1.09946
1.0988
1.09812
1.09742
1.09669
1.09594
1.09517
1.09438
1.09357
1.09274
1.0919
1.09104
1.09017
1.08929
1.08839
1.08749
1.08658
1.08566
1.08474
1.08381
1.08289
1.08196
1.08104
1.08012
1.07921
1.0783
1.0774
1.07652
1.07564
1.07478
1.07393
1.0731
1.07228
1.07148
1.07071
1.06995
1.06921
1.0685
1.0678
1.06713
1.06649
1.06587
1.06527
1.06469
1.06415
1.06362
1.06312
1.06265
1.0622
1.06177
1.06137
1.06099
1.06064
1.0603
1.05999
1.0597
1.05943
1.05918
1.05895
1.05874
1.05855
1.05837
1.05821
1.05806
1.05793
1.0578
1.05769
1.05759
1.05751
1.05743
1.05736
1.05729
1.05724
1.05719
1.05714
1.0571
1.05706
1.05703
1.05699
1.05696
1.05693
1.0569
1.05687
1.05684
1.0568
1.05677
1.05673
1.05669
1.05664
1.05659
1.05654
1.05648
1.05641
1.05634
1.05626
1.05618
1.05609
1.05599
1.05588
1.05576
1.05564
1.0555
1.05536
1.05521
1.05504
1.05487
1.05468
1.05448
1.05428
1.05406
1.05382
1.05358
1.05332
1.05304
1.05276
1.05246
1.05214
1.05181
1.05146
1.0511
1.05072
1.05032
1.04991
1.04948
1.04903
1.04856
1.04807
1.04757
1.04704
1.04649
1.04593
1.04534
1.04473
1.0441
1.04345
1.04278
1.04208
1.04136
1.04062
1.03986
1.03907
1.03827
1.03744
1.03658
1.03571
1.03481
1.03389
1.03295
1.03198
1.031
1.02999
1.02897
1.02792
1.02685
1.02577
1.02467
1.02355
1.02241
1.02126
1.02009
1.01891
1.01772
1.01652
1.01531
1.01409
1.01286
1.01163
1.01039
1.00915
1.00791
1.00667
1.00543
1.0042
1.00298
1.00177
1.00056
0.999369
0.998191
0.997031
0.995889
0.994768
0.99367
0.992597
0.991551
0.990535
0.989551
0.988599
0.987683
0.986804
0.985965
0.985167
0.984412
0.983702
0.983038
0.982421
0.981853
0.981336
0.980869
0.980454
0.980092
0.979784
0.97953
0.97933
0.979184
0.979093
0.979056
0.979073
0.979142
0.979263
0.979435
0.979657
0.979927
0.980244
0.980605
0.981009
0.981454
0.981937
0.982455
0.983006
0.983587
0.984196
0.984829
0.985483
0.986156
0.986843
0.987543
0.988252
0.988966
0.989684
0.990401
0.991115
0.991822
0.992521
0.993207
0.993878
0.994533
0.995168
0.995781
0.996371
0.996934
0.99747
0.997978
0.998454
0.998899
0.999311
0.999689
1.00003
1.00034
1.00062
1.00085
1.00106
1.00123
1.00137
1.00147
1.00154
1.00158
1.00158
1.00156
1.00151
1.00143
1.00133
1.00121
1.00106
1.00089
1.0007
1.0005
1.00028
1.00005
0.999808
0.999555
0.999295
0.999029
0.998758
0.998484
0.99821
0.997935
0.997662
0.997393
0.997128
0.99687
0.996618
0.996374
0.996139
0.995914
0.995698
0.995494
0.995301
0.99512
0.994952
0.994797
0.994655
0.994526
0.994412
0.994311
0.994223
0.994149
0.994089
0.994043
0.994011
0.993991
0.993985
0.993992
0.994011
0.994044
0.994089
0.994146
0.994216
0.994297
0.99439
0.994495
0.99461
0.994737
0.994874
0.995022
0.99518
0.995347
0.995524
0.99571
0.995906
0.996111
0.996325
0.996548
0.996779
0.997019
0.997267
0.997523
0.997787
0.998058
0.998337
0.998623
0.998916
0.999217
0.999524
0.999837
1.00016
1.00048
1.00081
1.00115
1.00148
1.00183
1.00217
1.00252
1.00288
1.00323
1.00359
1.00395
1.0043
1.00466
1.00502
1.00537
1.00573
1.00608
1.00642
1.00677
1.0071
1.00744
1.00776
1.00808
1.00839
1.0087
1.00899
1.00928
1.00955
1.00982
1.01007
1.01031
1.01054
1.01076
1.01097
1.01116
1.01134
1.01151
1.01166
1.0118
1.01192
1.01203
1.01213
1.01221
1.01228
1.01233
1.01237
1.0124
1.01242
1.01242
1.01241
1.01239
1.01236
1.01232
1.01227
1.01221
1.01214
1.01206
1.01197
1.01188
1.01178
1.01167
1.01156
1.01145
1.01133
1.01121
1.01109
1.01096
1.01084
1.01071
1.01059
1.01046
1.01034
1.01022
1.0101
1.00998
1.00987
1.00976
1.00965
1.00955
1.00945
1.00935
1.00926
1.00917
1.00909
1.00901
1.00893
1.00886
1.0088
1.00874
1.00868
1.00863
1.00858
1.00854
1.0085
1.00847
1.00844
1.00842
1.0084
1.00839
1.00838
1.00838
1.00839
1.0084
1.00842
1.00845
1.00849
1.00854
1.0086
1.00867
1.00875
1.00885
1.00896
1.00909
1.00924
1.0094
1.00959
1.00979
1.01002
1.01028
1.01056
1.01087
1.01121
1.01157
1.01197
1.0124
1.01287
1.01337
1.0139
1.01447
1.01508
1.01572
1.01641
1.01713
1.01788
1.01868
1.01951
1.02038
1.02129
1.02223
1.0232
1.02421
1.02525
1.02631
1.02741
1.02853
1.02967
1.03083
1.03202
1.03322
1.03443
1.03565
1.03689
1.03813
1.03938
1.04063
1.04188
1.04313
1.04438
1.04562
1.04686
1.04808
1.0493
1.05051
1.05171
1.05289
1.05407
1.05523
1.05638
1.05752
1.05865
1.05977
1.06088
1.06199
1.06308
1.06417
1.06526
1.06635
1.06744
1.06853
1.06962
1.07072
1.07183
1.07295
1.07408
1.07522
1.07637
1.07755
1.07874
1.07995
1.08119
1.08244
1.08371
1.08501
1.08633
1.08767
1.08903
1.09041
1.09181
1.09323
1.09467
1.09612
1.09759
1.09907
1.10055
1.10204
1.10354
1.10504
1.10653
1.10802
1.1095
1.11097
1.11242
1.11385
1.11527
1.11665
1.11801
1.11933
1.12062
1.12187
1.12308
1.12424
1.12535
1.12642
1.12742
1.12837
1.12926
1.13009
1.13085
1.13155
1.13218
1.13273
1.13322
1.13363
1.13396
1.13422
1.1344
1.1345
1.13453
1.13447
1.13433
1.13411
1.13381
1.13344
1.13298
1.13244
1.13182
1.13112
1.13035
1.1295
1.12858
1.12759
1.12653
1.1254
1.12421
1.12295
1.12163
1.12026
1.11884
1.11737
1.11586
1.1143
1.11272
1.1111
1.10946
1.1078
1.10612
1.10444
1.10276
1.10108
1.09941
1.09776
1.09613
1.09454
1.09297
1.09145
1.08998
1.08856
1.0872
1.08591
1.08468
1.08353
1.08246
1.08148
1.08058
1.07977
1.07906
1.07844
1.07791
1.07749
1.07716
1.07694
1.07681
1.07678
1.07684
1.077
1.07725
1.07759
1.07801
1.07852
1.0791
1.07976
1.08048
1.08127
1.08211
1.083
1.08395
1.08493
1.08596
1.08701
1.08809
1.0892
1.09032
1.09145
1.09258
1.09372
1.09485
1.09598
1.0971
1.0982
1.09928
1.10034
1.10138
1.10239
1.10336
1.10431
1.10522
1.1061
1.10693
1.10773
1.10849
1.1092
1.10988
1.11051
1.1111
1.11165
1.11216
1.11263
1.11306
1.11345
1.11381
1.11413
1.11441
1.11467
1.11489
1.11509
1.11526
1.11541
1.11554
1.11565
1.11575
1.11583
1.1159
1.11597
1.11604
1.1161
1.11616
1.11623
1.1163
1.11639
1.11648
1.11659
1.11671
1.11684
1.117
1.11717
1.11736
1.11758
1.11781
1.11807
1.11835
1.11865
1.11897
1.11932
1.11968
1.12006
1.12046
1.12088
1.12132
1.12176
1.12222
1.12269
1.12317
1.12366
1.12416
1.12465
1.12515
1.12565
1.12615
1.12664
1.12713
1.12761
1.12808
1.12855
1.129
1.12944
1.12987
1.13028
1.13068
1.13107
1.13143
1.13179
1.13212
1.13244
1.13274
1.13303
1.1333
1.13356
1.13379
1.13402
1.13423
1.13443
1.13461
1.13478
1.13494
1.13508
1.13522
1.13535
1.13547
1.13558
1.13568
1.13577
1.13586
1.13595
1.13603
1.1361
1.13618
1.13625
1.13631
1.13637
1.13644
1.1365
1.13655
1.13661
1.13667
1.13672
1.13678
1.13683
1.13688
1.13694
1.13699
1.13703
1.13708
1.13713
1.13717
1.13721
1.13725
1.13729
1.13732
1.13735
1.13737
1.13739
1.1374
1.13741
1.13741
1.1374
1.13739
1.13737
1.13734
1.1373
1.13726
1.13721
1.13714
1.13707
1.13699
1.1369
1.1368
1.13669
1.13657
1.13644
1.13629
1.13614
1.13598
1.13581
1.13562
1.13543
1.13523
1.13501
1.13479
1.13456
1.13431
1.13406
1.1338
1.13354
1.13326
1.13298
1.13269
1.13239
1.13209
1.13178
1.13147
1.13115
1.13082
1.13049
1.13016
1.12983
1.12949
1.12915
1.12882
1.12848
1.12814
1.1278
1.12746
1.12712
1.12678
1.12645
1.12611
1.12578
1.12545
1.12513
1.12481
1.12449
1.12417
1.12386
1.12356
1.12326
1.12297
1.12268
1.1224
1.12212
1.12185
1.12159
1.12133
1.12109
1.12085
1.12062
1.1204
1.12018
1.11997
1.11978
1.11959
1.11941
1.11924
1.11908
1.11893
1.11879
1.11866
1.11854
1.11843
1.11833
1.11824
1.11816
1.11809
1.11803
1.11797
1.11793
1.1179
1.11787
1.11785
1.11784
1.11784
1.11785
1.11786
1.11788
1.1179
1.11792
1.11795
1.11798
1.11801
1.11805
1.11808
1.11811
1.11813
1.11815
1.11817
1.11818
1.11818
1.11817
1.11815
1.11812
1.11808
1.11802
1.11794
1.11785
1.11774
1.1176
1.11745
1.11728
1.11708
1.11686
1.11661
1.11634
1.11604
1.11571
1.11535
1.11497
1.11455
1.11411
1.11364
1.11313
1.1126
1.11204
1.11145
1.11082
1.11017
1.10949
1.10878
1.10803
1.10726
1.10647
1.10564
1.10478
1.1039
1.10299
1.10206
1.10109
1.10011
1.09909
1.09805
1.09699
1.0959
1.09479
1.09366
1.0925
1.09132
1.09011
1.08889
1.08764
1.08636
1.08507
1.08375
1.08241
1.08105
1.07967
1.07827
1.07684
1.0754
1.07394
1.07245
1.07095
1.06943
1.0679
1.06634
1.06478
1.0632
1.06161
1.06
1.05839
1.05678
1.05515
1.05353
1.0519
1.05028
1.04866
1.04705
1.04545
1.04386
1.04229
1.04073
1.0392
1.03769
1.03621
1.03475
1.03334
1.03196
1.03062
1.02932
1.02807
1.02687
1.02572
1.02463
1.0236
1.02262
1.02171
1.02086
1.02008
1.01937
1.01873
1.01817
1.01767
1.01725
1.01691
1.01664
1.01644
1.01633
1.01629
1.01632
1.01643
1.01662
1.01688
1.01721
1.01761
1.01809
1.01863
1.01923
1.01991
1.02064
1.02143
1.02228
1.02319
1.02414
1.02515
1.0262
1.0273
1.02843
1.0296
1.03081
1.03204
1.03331
1.0346
1.03591
1.03724
1.03859
1.03994
1.04131
1.04269
1.04407
1.04545
1.04683
1.04821
1.04958
1.05095
1.0523
1.05364
1.05496
1.05627
1.05756
1.05883
1.06007
1.06129
1.06249
1.06366
1.0648
1.06591
1.067
1.06805
1.06907
1.07007
1.07102
1.07195
1.07284
1.0737
1.07453
1.07533
1.07609
1.07682
1.07751
1.07818
1.07881
1.07942
1.07999
1.08054
1.08106
1.08155
1.08201
1.08245
1.08287
1.08327
1.08364
1.08399
1.08433
1.08465
1.08495
1.08523
1.08551
1.08577
1.08602
1.08626
1.08649
1.08672
1.08694
1.08716
1.08737
1.08758
1.08779
1.08799
1.0882
1.08841
1.08863
1.08885
1.08907
1.08929
1.08952
1.08976
1.09
1.09024
1.09049
1.09075
1.09101
1.09128
1.09155
1.09183
1.09211
1.09239
1.09268
1.09297
1.09326
1.09354
1.09383
1.09412
1.0944
1.09468
1.09496
1.09523
1.09549
1.09575
1.09599
1.09623
1.09646
1.09667
1.09688
1.09706
1.09724
1.0974
1.09755
1.09767
1.09779
1.09788
1.09796
1.09803
1.09807
1.0981
1.09812
1.09811
1.0981
1.09806
1.09801
1.09795
1.09788
1.09779
1.09769
1.09758
1.09746
1.09733
1.09719
1.09704
1.09689
1.09674
1.09657
1.09641
1.09624
1.09607
1.09589
1.09572
1.09554
1.09536
1.09518
1.095
1.09482
1.09464
1.09445
1.09426
1.09407
1.09387
1.09366
1.09345
1.09323
1.093
1.09276
1.09251
1.09224
1.09196
1.09167
1.09135
1.09101
1.09066
1.09028
1.08987
1.08945
1.08899
1.08851
1.088
1.08747
1.0869
1.08631
1.08569
1.08503
1.08435
1.08364
1.08291
1.08215
1.08136
1.08055
1.07972
1.07887
1.07801
1.07713
1.07624
1.07533
1.07442
1.07351
1.0726
1.07169
1.07079
1.06989
1.06901
1.06814
1.06729
1.06646
1.06566
1.06489
1.06415
1.06344
1.06277
1.06213
1.06154
1.06099
1.06049
1.06003
1.05962
1.05926
1.05894
1.05868
1.05847
1.0583
1.05819
1.05812
1.0581
1.05812
1.05819
1.0583
1.05845
1.05864
1.05887
1.05914
1.05944
1.05976
1.06012
1.0605
1.06089
1.06131
1.06175
1.06219
1.06264
1.0631
1.06357
1.06403
1.06449
1.06494
1.06539
1.06583
1.06625
1.06666
1.06704
1.06741
1.06776
1.06808
1.06837
1.06863
1.06887
1.06907
1.06924
1.06938
1.06948
1.06955
1.06958
1.06957
1.06953
1.06945
1.06933
1.06917
1.06898
1.06874
1.06847
1.06817
1.06782
1.06745
1.06703
1.06659
1.06611
1.0656
1.06506
1.06449
1.06389
1.06327
1.06262
1.06195
1.06126
1.06055
1.05981
1.05906
1.0583
1.05752
1.05672
1.05592
1.05511
1.05428
1.05346
1.05262
1.05179
1.05095
1.05011
1.04928
1.04844
1.04762
1.04679
1.04598
1.04517
1.04437
1.04358
1.0428
1.04204
1.04128
1.04055
1.03982
1.03912
1.03843
1.03775
1.0371
1.03646
1.03584
1.03523
1.03465
1.03409
1.03354
1.03301
1.0325
1.03201
1.03154
1.03109
1.03066
1.03024
1.02984
1.02946
1.0291
1.02875
1.02842
1.0281
1.0278
1.02752
1.02724
1.02699
1.02674
1.02651
1.0263
1.02609
1.0259
1.02571
1.02554
1.02538
1.02523
1.02508
1.02494
1.02481
1.02469
1.02457
1.02446
1.02435
1.02425
1.02416
1.02406
1.02397
1.02389
1.0238
1.02372
1.02364
1.02356
1.02348
1.02341
1.02333
1.02325
1.02318
1.0231
1.02302
1.02293
1.02285
1.02277
1.02268
1.02259
1.0225
1.0224
1.02231
1.02221
1.02211
1.02201
1.02191
1.0218
1.0217
1.02159
1.02148
1.02138
1.02127
1.02117
1.02107
1.02098
1.02089
1.0208
1.02072
1.02065
1.02058
1.02053
1.02048
1.02045
1.02043
1.02043
1.02044
1.02047
1.02052
1.02059
1.02068
1.02079
1.02093
1.02109
1.02129
1.02151
1.02176
1.02204
1.02236
1.02271
1.02309
1.02351
1.02397
1.02446
1.025
1.02557
1.02619
1.02684
