-5.07028
-5.06947
-5.06927
-5.06892
-5.06873
-5.06811
-5.06765
-5.06735
-5.06678
-5.06639
-5.06587
-5.06569
-5.06524
-5.06483
-5.06462
-5.06445
-5.06448
-5.06411
-5.06424
-5.06429
-5.06439
-5.0644
-5.06463
-5.06493
-5.06559
-5.06633
-5.06668
-5.0674
-5.06835
-5.06922
-5.07
-5.0704
-5.07103
-5.07217
-5.07338
-5.07436
-5.07569
-5.07694
-5.07855
-5.08005
-5.08146
-5.08276
-5.08426
-5.08579
-5.08736
-5.08911
-5.09074
-5.09254
-5.0942
-5.09588
-5.09802
-5.09941
-5.10125
-5.10308
-5.10491
-5.10657
-5.10806
-5.10953
-5.11127
-5.11269
-5.11452
-5.11617
-5.11732
-5.11889
-5.12011
-5.12143
-5.1227
-5.12377
-5.12478
-5.12589
-5.12694
-5.12748
-5.12811
-5.12914
-5.13025
-5.13115
-5.13154
-5.13231
-5.13288
-5.13338
-5.13366
-5.13404
-5.13419
-5.13414
-5.13432
-5.13459
-5.13449
-5.13404
-5.13412
-5.13399
-5.13365
-5.13355
-5.13324
-5.13257
-5.13198
-5.1315
-5.13095
-5.13049
-5.12983
-5.12896
-5.12818
-5.12749
-5.12675
-5.12596
-5.12495
-5.12405
-5.12293
-5.12191
-5.12054
-5.1191
-5.11762
-5.11623
-5.11493
-5.11359
-5.11203
-5.11028
-5.10892
-5.10676
-5.10499
-5.10348
-5.10177
-5.09985
-5.09788
-5.09602
-5.09381
-5.09124
-5.08879
-5.08643
-5.08374
-5.0816
-5.07912
-5.0766
-5.07435
-5.07191
-5.06973
-5.06707
-5.06438
-5.06212
-5.05967
-5.05706
-5.05427
-5.05147
-5.04895
-5.04642
-5.04389
-5.04135
-5.0385
-5.03581
-5.03282
-5.03044
-5.02717
-5.02438
-5.02175
-5.01929
-5.01657
-5.01387
-5.01166
-5.00934
-5.00676
-5.00453
-5.0022
-5.00008
-4.99771
-4.99541
-4.99332
-4.9913
-4.98965
-4.98763
-4.98569
-4.98383
-4.98235
-4.98097
-4.97892
-4.97757
-4.97646
-4.97485
-4.97334
-4.97238
-4.97153
-4.97093
-4.97044
-4.97006
-4.96993
-4.96991
-4.96955
-4.96959
-4.9696
-4.96986
-4.97008
-4.9704
-4.97083
-4.97151
-4.9723
-4.97288
-4.97341
-4.97434
-4.97551
-4.97663
-4.97768
-4.97927
-4.98079
-4.98254
-4.98421
-4.98535
-4.98717
-4.98875
-4.99053
-4.99238
-4.99458
-4.99637
-4.99866
-5.00084
-5.00275
-5.00469
-5.00696
-5.00865
-5.01097
-5.01329
-5.01593
-5.01812
-5.02076
-5.02295
-5.02498
-5.02775
-5.02991
-5.03205
-5.03402
-5.03596
-5.03757
-5.03975
-5.04175
-5.04386
-5.04518
-5.04721
-5.04874
-5.05082
-5.05271
-5.05439
-5.05631
-5.05789
-5.0591
-5.06025
-5.06194
-5.06298
-5.0641
-5.06546
-5.06675
-5.06738
-5.06839
-5.0698
-5.07053
-5.07165
-5.07255
-5.07324
-5.07386
-5.07442
-5.07507
-5.0755
-5.07586
-5.07617
-5.07627
-5.0763
-5.07629
-5.07621
-5.07608
-5.0762
-5.07612
-5.07599
-5.07551
-5.07544
-5.07503
-5.07473
-5.07439
-5.07402
-5.07332
-5.07303
-5.07272
-5.07284
-5.07234
-5.07181
-5.07142
-5.07178
-5.07121
-5.07034
-5.06976
-5.06933
-5.0686
-5.06817
-5.06775
-5.06703
-5.06648
-5.06578
-5.0651
-5.06443
-5.06378
-5.0636
-5.06299
-5.06225
-5.06168
-5.06144
-5.06107
-5.06073
-5.06026
-5.05967
-5.0591
-5.05841
-5.05805
-5.05786
-5.05755
-5.05726
-5.05699
-5.0569
-5.05683
-5.05678
-5.05675
-5.05659
-5.05674
-5.05676
-5.05724
-5.05728
-5.05718
-5.05738
-5.05729
-5.05766
-5.05772
-5.05793
-5.05814
-5.05834
-5.05808
-5.05826
-5.05828
-5.05813
-5.05812
-5.05779
-5.05774
-5.05736
-5.05742
-5.05744
-5.05714
-5.05681
-5.0566
-5.0562
-5.05622
-5.05561
-5.05526
-5.05518
-5.05461
-5.05399
-5.05334
-5.05281
-5.05238
-5.05176
-5.05126
-5.05056
-5.04967
-5.0489
-5.04823
-5.04738
-5.04649
-5.04571
-5.04475
-5.04375
-5.04256
-5.04165
-5.04055
-5.03942
-5.03826
-5.03707
-5.03585
-5.03462
-5.0332
-5.03207
-5.03107
-5.02961
-5.02873
-5.02709
-5.02589
-5.02437
-5.02331
-5.02194
-5.02072
-5.01919
-5.01813
-5.01677
-5.01541
-5.01452
-5.01304
-5.01172
-5.01073
-5.00945
-5.00819
-5.00681
-5.00575
-5.00488
-5.00358
-5.00231
-5.00138
-5.00064
-4.99978
-4.99836
-4.99758
-4.99685
-4.99601
-4.99521
-4.99431
-4.99331
-4.99221
-4.99145
-4.99105
-4.9904
-4.9895
-4.9891
-4.98876
-4.98832
-4.98808
-4.98759
-4.9873
-4.98737
-4.98734
-4.9872
-4.98757
-4.98768
-4.98783
-4.98804
-4.98813
-4.98841
-4.98874
-4.9894
-4.9898
-4.98994
-4.99101
-4.99151
-4.99188
-4.99258
-4.99361
-4.9939
-4.99437
-4.99485
-4.99534
-4.99615
-4.99652
-4.99734
-4.99772
-4.9984
-4.99908
-4.99976
-5.00029
-5.00126
-5.00238
-5.00334
-5.00399
-5.00492
-5.00554
-5.00629
-5.00687
-5.00744
-5.00783
-5.0085
-5.00915
-5.00978
-5.00993
-5.0102
-5.0106
-5.01082
-5.01132
-5.01133
-5.01162
-5.01233
-5.01241
-5.01246
-5.01263
-5.01292
-5.01302
-5.01294
-5.01283
-5.01239
-5.01222
-5.01247
-5.01268
-5.01272
-5.01272
-5.01238
-5.01202
-5.01192
-5.0121
-5.01179
-5.01145
-5.01124
-5.01084
-5.01027
-5.01027
-5.0095
-5.009
-5.00864
-5.00795
-5.0074
-5.00668
-5.00579
-5.0052
-5.00475
-5.00399
-5.00353
-5.00293
-5.00187
-5.00127
-5.00084
-4.99997
-4.99926
-4.99813
-4.99702
-4.99655
-4.99596
-4.99525
-4.99473
-4.99411
-4.99384
-4.99376
-4.99374
-4.99408
-4.99403
-4.99403
-4.99425
-4.99423
-4.99398
-4.99395
-4.99444
-4.9944
-4.99458
-4.99499
-4.99531
-4.99602
-4.99679
-4.99733
-4.99809
-4.99893
-5.00028
-5.0017
-5.00319
-5.00474
-5.00635
-5.00756
-5.00898
-5.01045
-5.01213
-5.0137
-5.01561
-5.01697
-5.01881
-5.02039
-5.022
-5.02364
-5.02531
-5.02714
-5.0293
-5.03118
-5.03291
-5.03495
-5.0367
-5.03814
-5.04004
-5.04178
-5.04367
-5.04524
-5.04695
-5.04849
-5.05016
-5.05195
-5.05372
-5.05546
-5.05732
-5.05869
-5.06048
-5.06176
-5.06316
-5.06466
-5.06581
-5.06722
-5.06872
-5.07001
-5.07109
-5.07211
-5.07292
-5.07397
-5.0745
-5.07526
-5.07625
-5.07688
-5.07758
-5.07805
-5.07845
-5.07908
-5.07978
-5.0804
-5.08064
-5.08095
-5.08118
-5.08102
-5.08093
-5.08076
-5.08066
-5.08033
-5.07976
-5.0791
-5.07867
-5.07815
-5.0774
-5.07672
-5.07595
-5.07495
-5.07387
-5.07271
-5.07148
-5.07016
-5.06876
-5.06744
-5.0662
-5.06427
-5.06319
-5.06173
-5.06004
-5.05829
-5.05678
-5.05475
-5.05265
-5.0508
-5.04858
-5.04586
-5.04338
-5.04084
-5.03841
-5.03622
-5.03384
-5.03112
-5.02865
-5.02614
-5.02283
-5.01979
-5.01718
-5.01453
-5.0117
-5.00884
-5.00596
-5.0029
-4.99982
-4.99703
-4.99408
-4.99126
-4.98843
-4.98545
-4.98277
-4.98008
-4.97755
-4.97472
-4.97205
-4.96878
-4.96614
-4.9629
-4.96029
-4.95725
-4.95439
-4.95156
-4.94892
-4.94601
-4.94314
-4.94031
-4.93799
-4.93527
-4.93276
-4.93045
-4.92821
-4.9265
-4.9244
-4.92178
-4.91984
-4.91829
-4.91638
-4.91471
-4.91329
-4.91137
-4.91016
-4.90876
-4.90762
-4.90645
-4.90555
-4.90432
-4.90382
-4.90331
-4.90277
-4.90222
-4.9018
-4.90107
-4.90078
-4.90093
-4.90123
-4.90152
-4.9021
-4.90297
-4.90383
-4.90453
-4.90552
-4.90665
-4.90821
-4.90946
-4.91128
-4.91323
-4.91546
-4.91765
-4.9198
-4.92176
-4.92428
-4.92675
-4.92901
-4.93151
-4.93424
-4.9369
-4.93962
-4.94256
-4.94556
-4.94876
-4.952
-4.95513
-4.95829
-4.96132
-4.96452
-4.96758
-4.97064
-4.97385
-4.97704
-4.98007
-4.98308
-4.98636
-4.98945
-4.99221
-4.99506
-4.99817
-5.00107
-5.00375
-5.00668
-5.00968
-5.01261
-5.01515
-5.01792
-5.02014
-5.02243
-5.02432
-5.02656
-5.02856
-5.03046
-5.0321
-5.0338
-5.03553
-5.03701
-5.03839
-5.03965
-5.04051
-5.04156
-5.04265
-5.04334
-5.04422
-5.04485
-5.04522
-5.04579
-5.0464
-5.04677
-5.04673
-5.04675
-5.04652
-5.04681
-5.04655
-5.0459
-5.04548
-5.04542
-5.04453
-5.04417
-5.04359
-5.04295
-5.04208
-5.0413
-5.04017
-5.03928
-5.03818
-5.03705
-5.03586
-5.03449
-5.03323
-5.03194
-5.03062
-5.02912
-5.02776
-5.02638
-5.02543
-5.02418
-5.02247
-5.02106
-5.0198
-5.0184
-5.017
-5.01561
-5.01455
-5.01304
-5.01156
-5.00995
-5.00897
-5.00772
-5.00635
-5.00516
-5.00371
-5.0026
-5.00152
-5.00049
-4.99996
-4.99901
-4.99812
-4.99742
-4.99692
-4.99632
-4.99547
-4.99481
-4.99421
-4.99381
-4.99391
-4.99346
-4.99321
-4.99271
-4.9924
-4.99199
-4.99148
-4.99147
-4.9912
-4.99113
-4.9914
-4.9914
-4.99145
-4.99184
-4.99181
-4.99167
-4.99171
-4.99179
-4.99189
-4.99233
-4.9925
-4.99284
-4.99321
-4.993
-4.99356
-4.994
-4.99461
-4.99493
-4.99528
-4.99579
-4.99602
-4.99642
-4.99684
-4.99742
-4.99801
-4.99848
-4.99896
-4.99961
-5.00012
-5.00035
-5.00106
-5.00163
-5.00252
-5.00329
-5.00438
-5.00505
-5.00604
-5.00705
-5.0081
-5.00902
-5.01012
-5.01141
-5.01242
-5.01362
-5.01424
-5.01551
-5.01636
-5.01724
-5.01846
-5.01972
-5.02071
-5.02204
-5.02371
-5.02481
-5.02595
-5.02743
-5.02879
-5.03049
-5.03207
-5.03369
-5.03534
-5.03673
-5.0383
-5.0399
-5.04139
-5.04306
-5.04476
-5.04634
-5.04856
-5.05081
-5.05263
-5.05464
-5.05698
-5.05875
-5.06054
-5.06282
-5.06512
-5.06745
-5.0695
-5.07173
-5.07383
-5.07625
-5.07855
-5.08102
-5.08321
-5.08571
-5.08854
-5.09048
-5.09304
-5.09561
-5.09819
-5.10033
-5.10292
-5.10553
-5.10783
-5.11028
-5.11258
-5.11518
-5.11732
-5.1196
-5.12202
-5.12427
-5.12666
-5.12887
-5.13121
-5.13383
-5.13597
-5.13823
-5.14076
-5.1428
-5.14465
-5.14661
-5.14852
-5.1507
-5.15267
-5.1546
-5.15662
-5.15844
-5.16021
-5.16176
-5.16356
-5.16515
-5.16667
-5.16783
-5.16938
-5.17071
-5.17213
-5.17348
-5.17461
-5.17552
-5.17667
-5.17744
-5.17829
-5.17908
-5.18009
-5.18073
-5.18131
-5.18166
-5.18209
-5.18231
-5.18245
-5.18283
-5.18299
-5.18323
-5.1831
-5.18321
-5.18295
-5.18293
-5.1827
-5.18225
-5.18205
-5.18133
-5.18086
-5.18049
-5.17931
-5.17883
-5.17815
-5.17712
-5.17649
-5.17522
-5.17481
-5.17405
-5.17326
-5.17258
-5.17141
-5.17052
-5.16944
-5.16803
-5.16719
-5.16588
-5.1644
-5.1632
-5.16228
-5.16089
-5.15979
-5.15883
-5.15771
-5.15642
-5.15559
-5.15414
-5.1527
-5.15155
-5.14995
-5.14851
-5.14737
-5.14624
-5.14512
-5.14385
-5.14245
-5.14106
-5.13953
-5.13831
-5.13696
-5.13563
-5.13462
-5.13347
-5.1325
-5.1311
-5.13016
-5.12911
-5.12822
-5.12706
-5.12607
-5.1251
-5.12447
-5.12371
-5.12297
-5.12226
-5.12128
-5.12078
-5.11985
-5.1194
-5.11883
-5.11813
-5.11777
-5.11728
-5.11652
-5.11594
-5.11538
-5.11486
-5.11451
-5.11388
-5.11344
-5.11272
-5.11249
-5.11228
-5.11195
-5.1121
-5.11153
-5.11143
-5.11122
-5.11134
-5.11133
-5.1115
-5.11126
-5.11104
-5.111
-5.11084
-5.11086
-5.11092
-5.11115
-5.11127
-5.11157
-5.1119
-5.1121
-5.11204
-5.11216
-5.11216
-5.11265
-5.11286
-5.11325
-5.11398
-5.11459
-5.11477
-5.11544
-5.11568
-5.1164
-5.11685
-5.11762
-5.11843
-5.11926
-5.12011
-5.12099
-5.12174
-5.12281
-5.12376
-5.12457
-5.1254
-5.1261
-5.12712
-5.128
-5.12874
-5.12965
-5.13057
-5.13165
-5.13274
-5.13368
-5.13448
-5.13558
-5.13669
-5.1375
-5.13846
-5.13927
-5.14053
-5.14149
-5.14244
-5.14324
-5.14448
-5.14541
-5.14664
-5.14755
-5.14861
-5.14966
-5.15009
-5.15096
-5.15182
-5.15251
-5.15334
-5.15415
-5.1548
-5.15557
-5.15634
-5.15693
-5.1572
-5.15791
-5.15845
-5.15912
-5.16007
-5.16085
-5.16146
-5.1622
-5.16276
-5.16346
-5.16428
-5.16478
-5.16494
-5.16479
-5.16491
-5.1653
-5.16567
-5.16587
-5.16618
-5.16662
-5.16703
-5.16726
-5.16731
-5.16732
-5.16716
-5.16757
-5.16734
-5.16754
-5.1677
-5.16752
-5.16791
-5.16767
-5.16769
-5.16752
-5.16702
-5.16677
-5.16634
-5.16603
-5.16567
-5.16558
-5.16515
-5.16468
-5.16447
-5.16406
-5.16362
-5.16284
-5.16217
-5.16131
-5.1604
-5.15976
-5.15893
-5.15821
-5.1573
-5.15634
-5.1555
-5.15447
-5.15356
-5.15245
-5.15145
-5.15027
-5.1489
-5.14734
-5.14604
-5.14471
-5.14334
-5.14193
-5.14034
-5.13841
-5.13675
-5.13506
-5.13363
-5.13202
-5.13052
-5.12884
-5.12697
-5.12507
-5.12253
-5.12072
-5.11887
-5.11699
-5.11538
-5.11388
-5.1119
-5.10989
-5.10783
-5.1056
-5.10393
-5.10162
-5.09988
-5.09765
-5.09538
-5.09322
-5.09088
-5.08819
-5.08561
-5.08314
-5.08094
-5.07823
-5.07504
-5.0718
-5.06927
-5.06639
-5.06362
-5.0608
-5.05809
-5.05503
-5.05223
-5.04953
-5.04603
-5.04278
-5.03979
-5.03646
-5.03338
-5.0301
-5.02678
-5.02326
-5.02016
-5.01671
-5.01307
-5.00954
-5.00583
-5.00208
-4.9986
-4.99494
-4.99095
-4.98693
-4.98319
-4.97943
-4.97596
-4.97187
-4.96807
-4.96441
-4.9606
-4.95723
-4.95357
-4.94992
-4.94628
-4.94265
-4.93874
-4.935
-4.93068
-4.92699
-4.92304
-4.91927
-4.91585
-4.91247
-4.90884
-4.90541
-4.90218
-4.89887
-4.89546
-4.89243
-4.88961
-4.88671
-4.88359
-4.88054
-4.87772
-4.87528
-4.87278
-4.87021
-4.86787
-4.86563
-4.86332
-4.8611
-4.85927
-4.85769
-4.85575
-4.85374
-4.85183
-4.85017
-4.84859
-4.84696
-4.84572
-4.84456
-4.84335
-4.84223
-4.84119
-4.84023
-4.83921
-4.83858
-4.83787
-4.83725
-4.83685
-4.83638
-4.83598
-4.83566
-4.83556
-4.83522
-4.83511
-4.83506
-4.83493
-4.83501
-4.83516
-4.83551
-4.83608
-4.83641
-4.83709
-4.83783
-4.83848
-4.83889
-4.8395
-4.84001
-4.84073
-4.8415
-4.84279
-4.84352
-4.84447
-4.84562
-4.84652
-4.84779
-4.84911
-4.8508
-4.85195
-4.8533
-4.85457
-4.85606
-4.85761
-4.85908
-4.86077
-4.86268
-4.86496
-4.86671
-4.86898
-4.87133
-4.8733
-4.87549
-4.8773
-4.87965
-4.88191
-4.88425
-4.88696
-4.88945
-4.892
-4.89462
-4.89747
-4.90098
-4.90365
-4.90684
-4.90993
-4.91323
-4.91644
-4.91984
-4.92299
-4.92664
-4.93002
-4.93344
-4.93704
-4.94037
-4.94372
-4.94709
-4.95047
-4.95417
-4.95757
-4.96128
-4.96483
-4.96823
-4.97147
-4.97499
-4.9785
-4.98184
-4.98516
-4.98844
-4.9917
-4.99522
-4.99871
-5.00201
-5.00526
-5.00832
-5.01133
-5.01506
-5.01797
-5.02069
-5.02365
-5.02641
-5.02896
-5.03161
-5.0342
-5.03718
-5.03981
-5.04238
-5.04504
-5.04734
-5.04944
-5.05178
-5.05391
-5.05629
-5.05846
-5.06089
-5.0628
-5.06527
-5.06739
-5.06946
-5.07133
-5.07315
-5.07523
-5.07697
-5.07806
-5.07956
-5.08149
-5.08307
-5.08447
-5.0863
-5.08763
-5.08925
-5.09083
-5.09194
-5.09348
-5.0953
-5.0965
-5.09768
-5.09899
-5.10014
-5.10143
-5.1027
-5.10397
-5.10507
-5.10663
-5.10787
-5.10896
-5.11034
-5.11188
-5.11311
-5.11419
-5.11527
-5.11635
-5.11803
-5.11942
-5.12065
-5.12204
-5.12312
-5.12421
-5.12545
-5.12654
-5.12748
-5.12888
-5.13028
-5.13168
-5.13277
-5.13447
-5.13556
-5.13665
-5.13803
-5.13942
-5.14079
-5.14201
-5.14322
-5.14428
-5.14547
-5.14664
-5.14796
-5.14926
-5.151
-5.15227
-5.15352
-5.1546
-5.15581
-5.15684
-5.15815
-5.15898
-5.15993
-5.1607
-5.1616
-5.1623
-5.16298
-5.16377
-5.16452
-5.16538
-5.1659
-5.16653
-5.16682
-5.16736
-5.1677
-5.1683
-5.16824
-5.16843
-5.16857
-5.16835
-5.16853
-5.16836
-5.16842
-5.16843
-5.16823
-5.16796
-5.16748
-5.16739
-5.16709
-5.16642
-5.16598
-5.16533
-5.16491
-5.16457
-5.16386
-5.16293
-5.16239
-5.16147
-5.16048
-5.15958
-5.15845
-5.1574
-5.15598
-5.15449
-5.15278
-5.1513
-5.14991
-5.1486
-5.14692
-5.14517
-5.14336
-5.14134
-5.1394
-5.1374
-5.13505
-5.13323
-5.13197
-5.1299
-5.12762
-5.12529
-5.12262
-5.12035
-5.11818
-5.11583
-5.11344
-5.11071
-5.10825
-5.10546
-5.1028
-5.10011
-5.09771
-5.09514
-5.0924
-5.08966
-5.08706
-5.08446
-5.0817
-5.07926
-5.07637
-5.07335
-5.07079
-5.06766
-5.065
-5.06221
-5.05947
-5.05675
-5.05393
-5.05146
-5.04903
-5.0468
-5.04448
-5.04237
-5.04016
-5.03803
-5.03551
-5.03321
-5.03144
-5.02929
-5.02707
-5.02555
-5.02425
-5.02259
-5.02148
-5.02045
-5.01922
-5.01808
-5.01674
-5.01579
-5.01479
-5.01419
-5.01354
-5.01299
-5.01269
-5.01264
-5.01238
-5.01223
-5.01232
-5.01206
-5.01219
-5.01226
-5.01258
-5.01284
-5.01349
-5.01407
-5.01519
-5.01579
-5.01662
-5.01752
-5.0182
-5.0194
-5.02051
-5.02169
-5.02278
-5.02423
-5.02558
-5.02728
-5.02873
-5.03022
-5.03129
-5.03301
-5.0346
-5.03637
-5.03832
-5.03999
-5.04151
-5.04336
-5.04461
-5.04661
-5.04832
-5.05002
-5.05172
-5.05325
-5.05462
-5.05628
-5.05806
-5.05937
-5.0611
-5.0625
-5.06387
-5.06566
-5.0674
-5.06895
-5.07061
-5.07193
-5.07334
-5.07485
-5.07586
-5.07711
-5.07815
-5.07928
-5.0799
-5.08091
-5.0814
-5.08227
-5.08263
-5.08337
-5.08374
-5.08403
-5.08425
-5.08455
-5.08478
-5.08463
-5.08486
-5.08516
-5.08493
-5.08463
-5.08456
-5.08426
-5.08403
-5.08373
-5.08305
-5.08261
-5.08178
-5.08119
-5.08082
-5.07978
-5.07883
-5.0772
-5.07626
-5.07466
-5.07329
-5.07187
-5.07053
-5.06944
-5.06815
-5.0665
-5.06464
-5.06304
-5.0617
-5.06016
-5.05859
-5.05652
-5.05441
-5.05258
-5.05056
-5.04867
-5.04675
-5.04481
-5.0427
-5.04073
-5.03844
-5.03659
-5.03489
-5.03288
-5.03118
-5.02962
-5.02747
-5.02547
-5.02333
-5.02165
-5.01939
-5.01759
-5.01597
-5.01406
-5.01218
-5.01032
-5.00849
-5.00684
-5.00491
-5.00302
-5.00147
-4.9998
-4.99832
-4.99687
-4.99547
-4.9935
-4.99202
-4.99074
-4.98919
-4.98815
-4.98684
-4.98558
-4.9842
-4.98318
-4.98159
-4.98051
-4.97931
-4.97831
-4.9769
-4.97598
-4.97526
-4.97443
-4.97364
-4.97289
-4.97233
-4.97212
-4.97119
-4.97075
-4.96989
-4.96938
-4.96905
-4.96861
-4.96821
-4.96784
-4.96765
-4.9672
-4.96692
-4.96729
-4.96724
-4.96751
-4.96737
-4.96726
-4.96702
-4.96712
-4.96679
-4.96664
-4.96636
-4.96657
-4.96665
-4.96676
-4.96704
-4.9672
-4.96738
-4.96774
-4.96781
-4.96792
-4.96835
-4.96865
-4.96897
-4.96871
-4.96908
-4.96977
-4.97017
-4.9703
-4.97089
-4.97151
-4.97199
-4.97263
-4.97299
-4.97352
-4.97406
-4.97446
-4.97502
-4.97529
-4.97572
-4.97616
-4.97675
-4.9775
-4.9781
-4.9787
-4.97931
-4.98006
-4.9805
-4.98125
-4.98183
-4.98226
-4.98253
-4.98308
-4.98363
-4.9837
-4.98406
-4.98441
-4.98473
-4.98533
-4.98545
-4.986
-4.98653
-4.98657
-4.98674
-4.98702
-4.98712
-4.98733
-4.98751
-4.98781
-4.98837
-4.98843
-4.98876
-4.98905
-4.989
-4.98921
-4.98907
-4.98904
-4.98897
-4.98855
-4.98808
-4.98743
-4.98718
-4.98658
-4.98595
-4.98542
-4.98455
-4.98394
-4.98344
-4.98275
-4.98188
-4.98112
-4.98002
-4.97903
-4.97832
-4.97728
-4.97651
-4.97526
-4.97398
-4.97299
-4.97197
-4.97094
-4.97004
-4.96928
-4.96836
-4.96758
-4.96635
-4.96541
-4.96433
-4.96325
-4.96217
-4.9608
-4.9599
-4.95886
-4.958
-4.957
-4.95588
-4.95479
-4.95387
-4.95315
-4.95246
-4.95136
-4.95061
-4.9502
-4.94939
-4.94878
-4.94808
-4.94759
-4.947
-4.94678
-4.94647
-4.94608
-4.94606
-4.94596
-4.94578
-4.94613
-4.94626
-4.94646
-4.94689
-4.94726
-4.94755
-4.94763
-4.94809
-4.94879
-4.94927
-4.94999
-4.9517
-4.95259
-4.95357
-4.95448
-4.95578
-4.95686
-4.95848
-4.96004
-4.96137
-4.96294
-4.96489
-4.96692
-4.96887
-4.97106
-4.97302
-4.97565
-4.97806
-4.98054
-4.98309
-4.9854
-4.98778
-4.99037
-4.99302
-4.99573
-4.99849
-5.00116
-5.00373
-5.00666
-5.00993
-5.01295
-5.01601
-5.01896
-5.0218
-5.02513
-5.02834
-5.03144
-5.03456
-5.03757
-5.0406
-5.04396
-5.04749
-5.05105
-5.05462
-5.05837
-5.06167
-5.06515
-5.06848
-5.07183
-5.07548
-5.07884
-5.08252
-5.08619
-5.08972
-5.09325
-5.09663
-5.09986
-5.1034
-5.10692
-5.1103
-5.11381
-5.11748
-5.12128
-5.12508
-5.12841
-5.13173
-5.13534
-5.13893
-5.14266
-5.14592
-5.14945
-5.15312
-5.15631
-5.15948
-5.16262
-5.16588
-5.16911
-5.17201
-5.17532
-5.17814
-5.18093
-5.18412
-5.18712
-5.18992
-5.19282
-5.19552
-5.19831
-5.20105
-5.20372
-5.20648
-5.20902
-5.21149
-5.21388
-5.2159
-5.21799
-5.22015
-5.22237
-5.22419
-5.22638
-5.22817
-5.22986
-5.2313
-5.23263
-5.234
-5.23526
-5.23656
-5.23728
-5.23834
-5.23882
-5.23978
-5.2403
-5.24054
-5.2408
-5.24107
-5.24105
-5.24073
-5.24042
-5.23981
-5.23935
-5.23859
-5.23767
-5.2363
-5.23522
-5.23338
-5.23184
-5.23028
-5.22856
-5.22638
-5.22403
-5.22181
-5.21928
-5.21644
-5.21357
-5.21054
-5.2072
-5.20399
-5.20016
-5.19646
-5.19276
-5.18874
-5.18427
-5.17993
-5.17545
-5.1708
-5.16602
-5.16184
-5.15677
-5.15156
-5.14638
-5.14108
-5.13552
-5.1297
-5.12408
-5.11823
-5.11215
-5.10585
-5.09951
-5.09358
-5.08732
-5.0812
-5.07539
-5.06915
-5.06355
-5.0577
-5.05193
-5.04639
-5.04082
-5.03506
-5.02976
-5.02461
-5.01964
-5.01457
-5.00986
-5.00522
-5.00067
-4.99682
-4.99308
-4.98916
-4.98612
-4.98322
-4.98015
-4.97798
-4.97579
-4.97406
-4.9726
-4.97144
-4.9704
-4.96994
-4.96959
-4.96965
-4.96965
-4.97034
-4.97096
-4.97163
-4.97235
-4.97356
-4.97525
-4.97695
-4.97865
-4.98064
-4.98231
-4.98439
-4.98674
-4.98902
-4.992
-4.99414
-4.99636
-4.99894
-5.00172
-5.00439
-5.00695
-5.0097
-5.01217
-5.01512
-5.01793
-5.02075
-5.02358
-5.02672
-5.02956
-5.03224
-5.03507
-5.03804
-5.04099
-5.04363
-5.0464
-5.04915
-5.05187
-5.05472
-5.05769
-5.06002
-5.06277
-5.06504
-5.06772
-5.07021
-5.0725
-5.07505
-5.07726
-5.07942
-5.08168
-5.08359
-5.08606
-5.08832
-5.09037
-5.09267
-5.09447
-5.09651
-5.09864
-5.10041
-5.10242
-5.10377
-5.10521
-5.10675
-5.10822
-5.10993
-5.11098
-5.11242
-5.11365
-5.11497
-5.11592
-5.11712
-5.11825
-5.11887
-5.11973
-5.12038
-5.12156
-5.12254
-5.123
-5.12355
-5.12403
-5.12445
-5.12466
-5.12495
-5.12502
-5.12518
-5.12528
-5.12531
-5.12512
-5.12516
-5.12514
-5.1249
-5.12474
-5.12406
-5.12331
-5.12279
-5.12221
-5.12156
-5.12099
-5.1202
-5.1195
-5.11873
-5.11759
-5.11653
-5.11527
-5.11394
-5.11285
-5.11156
-5.11005
-5.10849
-5.10688
-5.10552
-5.1038
-5.10235
-5.10086
-5.09917
-5.0973
-5.09555
-5.09408
-5.09212
-5.09045
-5.08892
-5.08691
-5.08505
-5.08304
-5.08102
-5.07901
-5.07701
-5.07548
-5.07365
-5.07185
-5.07023
-5.06848
-5.06661
-5.06493
-5.06314
-5.06154
-5.05998
-5.05863
-5.05762
-5.05622
-5.05488
-5.05329
-5.05161
-5.05045
-5.04935
-5.04846
-5.0475
-5.04675
-5.04547
-5.04471
-5.04372
-5.0428
-5.04225
-5.04208
-5.04183
-5.0415
-5.04064
-5.04031
-5.04035
-5.04122
-5.04155
-5.0415
-5.04107
-5.04116
-5.04177
-5.04199
-5.04228
-5.04248
-5.04304
-5.04367
-5.04405
-5.04464
-5.04529
-5.04614
-5.04688
-5.04753
-5.04868
-5.04971
-5.05094
-5.05236
-5.05366
-5.05484
-5.05591
-5.0573
-5.05871
-5.05999
-5.06129
-5.06275
-5.06423
-5.06571
-5.06705
-5.06809
-5.06928
-5.07092
-5.07241
-5.07389
-5.07506
-5.07637
-5.07782
-5.0791
-5.08052
-5.08177
-5.08331
-5.08468
-5.08603
-5.08675
-5.08806
-5.08951
-5.09063
-5.09173
-5.09267
-5.09358
-5.09448
-5.09537
-5.09654
-5.0977
-5.0987
-5.09998
-5.10126
-5.10208
-5.10335
-5.1043
-5.10526
-5.10606
-5.10702
-5.10797
-5.10878
-5.10989
-5.11101
-5.11198
-5.11327
-5.11441
-5.1151
-5.11551
-5.11668
-5.11771
-5.11875
-5.1198
-5.12056
-5.12148
-5.12272
-5.12381
-5.12462
-5.12573
-5.12671
-5.12799
-5.12944
-5.13043
-5.13159
-5.13274
-5.1339
-5.13522
-5.13653
-5.13784
-5.13916
-5.14047
-5.14147
-5.14262
-5.14362
-5.14476
-5.14528
-5.14641
-5.14752
-5.14877
-5.15001
-5.15109
-5.15231
-5.15306
-5.15424
-5.15541
-5.15641
-5.1574
-5.15852
-5.15947
-5.16055
-5.16131
-5.1622
-5.16291
-5.16391
-5.16489
-5.16585
-5.16663
-5.16754
-5.16843
-5.16914
-5.16967
-5.17003
-5.17006
-5.17098
-5.17201
-5.17272
-5.17309
-5.17358
-5.17405
-5.17478
-5.17533
-5.17569
-5.17618
-5.17617
-5.17628
-5.17635
-5.17653
-5.17652
-5.17648
-5.17654
-5.17656
-5.17639
-5.17647
-5.17621
-5.17621
-5.176
-5.1759
-5.17606
-5.17571
-5.17531
-5.17532
-5.17497
-5.17442
-5.17397
-5.17316
-5.17275
-5.17244
-5.17192
-5.1712
-5.16951
-5.16823
-5.16734
-5.16609
-5.16493
-5.16418
-5.16321
-5.16218
-5.1611
-5.1598
-5.158
-5.15628
-5.15496
-5.15298
-5.15124
-5.14974
-5.14773
-5.1455
-5.14352
-5.14148
-5.13922
-5.13676
-5.13438
-5.13209
-5.12974
-5.12732
-5.12484
-5.12245
-5.11984
-5.11657
-5.11353
-5.11073
-5.10786
-5.10508
-5.10223
-5.09901
-5.09587
-5.09222
-5.08895
-5.08517
-5.08162
-5.0783
-5.07462
-5.07102
-5.0675
-5.06362
-5.05998
-5.05612
-5.05205
-5.04792
-5.04373
-5.03963
-5.03533
-5.03113
-5.02733
-5.02318
-5.01898
-5.01459
-5.01002
-5.00525
-5.00076
-4.99654
-4.9923
-4.98759
-4.98271
-4.97812
-4.97338
-4.96895
-4.96422
-4.95965
-4.95525
-4.95102
-4.94653
-4.94206
-4.93794
-4.93357
-4.92955
-4.92528
-4.92108
-4.91726
-4.91351
-4.90955
-4.90598
-4.9022
-4.89897
-4.89539
-4.89148
-4.88753
-4.88416
-4.88091
-4.87794
-4.87526
-4.87272
-4.87032
-4.86791
-4.86581
-4.86386
-4.86192
-4.86043
-4.8585
-4.85719
-4.85604
-4.85475
-4.85363
-4.85298
-4.85234
-4.85172
-4.85127
-4.85143
-4.85146
-4.85165
-4.85201
-4.85252
-4.85349
-4.85447
-4.8553
-4.85627
-4.85785
-4.85896
-4.8605
-4.86234
-4.86429
-4.86652
-4.86842
-4.87073
-4.87314
-4.87565
-4.87826
-4.8808
-4.88358
-4.88598
-4.88935
-4.89203
-4.89506
-4.89785
-4.90097
-4.90399
-4.90688
-4.91025
-4.91348
-4.91688
-4.91968
-4.92293
-4.92602
-4.92911
-4.93217
-4.93537
-4.93809
-4.94108
-4.94403
-4.94695
-4.94997
-4.95295
-4.95588
-4.9589
-4.96173
-4.96434
-4.96659
-4.96938
-4.97241
-4.97477
-4.97676
-4.97913
-4.98098
-4.98261
-4.98448
-4.98612
-4.98799
-4.98964
-4.99137
-4.99334
-4.99493
-4.9966
-4.9979
-4.99913
-5.0003
-5.00156
-5.00259
-5.00372
-5.00448
-5.00534
-5.00643
-5.00702
-5.0074
-5.00848
-5.00921
-5.01034
-5.01097
-5.0117
-5.01239
-5.01303
-5.01362
-5.01403
-5.01425
-5.01457
-5.01517
-5.01558
-5.0161
-5.01614
-5.01645
-5.01658
-5.01653
-5.01661
-5.01636
-5.01653
-5.01684
-5.01712
-5.01708
-5.01702
-5.01679
-5.01684
-5.01702
-5.01688
-5.01673
-5.01656
-5.01638
-5.01587
-5.0155
-5.01527
-5.01518
-5.01492
-5.01449
-5.01421
-5.01376
-5.01329
-5.01312
-5.01293
-5.01289
-5.01238
-5.01216
-5.01177
-5.01123
-5.01067
-5.01011
-5.00983
-5.0094
-5.00956
-5.00895
-5.00849
-5.00817
-5.00784
-5.0075
-5.00686
-5.00711
-5.00674
-5.00638
-5.00555
-5.00486
-5.00417
-5.00348
-5.00293
-5.00238
-5.00197
-5.00141
-5.00055
-4.99998
-4.99927
-4.9987
-4.99828
-4.99772
-4.9973
-4.99674
-4.99618
-4.99577
-4.99537
-4.99482
-4.99443
-4.99344
-4.99292
-4.99255
-4.99204
-4.99139
-4.9912
-4.99057
-4.98995
-4.98965
-4.98966
-4.98909
-4.98853
-4.98798
-4.98761
-4.98755
-4.98766
-4.98704
-4.98658
-4.98645
-4.98648
-4.98623
-4.98586
-4.9855
-4.98516
-4.98469
-4.9847
-4.98457
-4.98447
-4.98393
-4.98402
-4.98428
-4.98396
-4.98411
-4.98428
-4.98402
-4.98424
-4.98432
-4.98442
-4.98455
-4.98469
-4.98486
-4.98519
-4.98524
-4.98531
-4.98556
-4.98597
-4.98625
-4.98639
-4.98671
-4.9869
-4.98725
-4.98778
-4.98803
-4.98829
-4.98888
-4.98918
-4.98981
-4.99016
-4.99038
-4.99092
-4.99149
-4.99208
-4.99239
-4.99257
-4.99293
-4.99362
-4.99494
-4.99584
-4.99646
-4.99681
-4.99764
-4.99881
-4.99955
-5.00048
-5.00128
-5.00228
-5.0033
-5.00391
-5.00515
-5.00659
-5.00745
-5.00835
-5.00974
-5.01087
-5.01203
-5.01338
-5.01461
-5.01603
-5.01718
-5.01852
-5.02035
-5.02176
-5.02304
-5.02482
-5.02662
-5.02846
-5.03002
-5.03176
-5.03337
-5.03516
-5.03696
-5.03894
-5.04079
-5.04234
-5.04391
-5.0458
-5.04739
-5.04899
-5.05089
-5.0531
-5.05485
-5.05674
-5.05894
-5.06082
-5.06254
-5.06454
-5.06623
-5.06774
-5.06954
-5.0713
-5.07304
-5.0749
-5.07658
-5.07822
-5.07952
-5.08123
-5.08305
-5.08452
-5.08625
-5.08823
-5.08956
-5.09083
-5.0919
-5.09322
-5.09448
-5.09553
-5.09638
-5.09731
-5.09758
-5.09825
-5.099
-5.09955
-5.10048
-5.10106
-5.10142
-5.10187
-5.10241
-5.10259
-5.10287
-5.10323
-5.10355
-5.10335
-5.1034
-5.1037
-5.10334
-5.10294
-5.10293
-5.10258
-5.10248
-5.10234
-5.10201
-5.10208
-5.10152
-5.10091
-5.10057
-5.1002
-5.09994
-5.09935
-5.09887
-5.09837
-5.09785
-5.09684
-5.09626
-5.09551
-5.09459
-5.09379
-5.09343
-5.0923
-5.09145
-5.09028
-5.08971
-5.08882
-5.08776
-5.08684
-5.08592
-5.08499
-5.08404
-5.0831
-5.08199
-5.08103
-5.08007
-5.0791
-5.07844
-5.07763
-5.07697
-5.07586
-5.0749
-5.0738
-5.07331
-5.07207
-5.07084
-5.07008
-5.06887
-5.06798
-5.06711
-5.06625
-5.06556
-5.06473
-5.06407
-5.06344
-5.06268
-5.06193
-5.06122
-5.06053
-5.05956
-5.05862
-5.05816
-5.05758
-5.05719
-5.05667
-5.05603
-5.05558
-5.05532
-5.05478
-5.05429
-5.05428
-5.054
-5.05377
-5.05357
-5.05356
-5.05313
-5.05289
-5.05315
-5.05344
-5.05332
-5.05338
-5.05363
-5.05362
-5.05394
-5.054
-5.05424
-5.05452
-5.05483
-5.05501
-5.05538
-5.05547
-5.05605
-5.05664
-5.05711
-5.05745
-5.05781
-5.05849
-5.05888
-5.05944
-5.06031
-5.06119
-5.06193
-5.06267
-5.06327
-5.06371
-5.06446
-5.0652
-5.06564
-5.06667
-5.06739
-5.06809
-5.06833
-5.06871
-5.06967
-5.07045
-5.07137
-5.07212
-5.07283
-5.07337
-5.07374
-5.07407
-5.07391
-5.07388
-5.07412
-5.07432
-5.07433
-5.07431
-5.07471
-5.07492
-5.0748
-5.07494
-5.07489
-5.07465
-5.07468
-5.07392
-5.07358
-5.07335
-5.07309
-5.07279
-5.07232
-5.07211
-5.07173
-5.07101
-5.07057
-5.06995
-5.06962
-5.06911
-5.06888
-5.06818
-5.06776
-5.06703
-5.06643
-5.06568
-5.06506
-5.06444
-5.06396
-5.06333
-5.06285
-5.06237
-5.06189
-5.06126
-5.06065
-5.05988
-5.05913
-5.05884
-5.05841
-5.058
-5.0576
-5.05721
-5.057
-5.05635
-5.05572
-5.05511
-5.05452
-5.05426
-5.05387
-5.0535
-5.05331
-5.05268
-5.05254
-5.05166
-5.05141
-5.05103
-5.05098
-5.05095
-5.05079
-5.05066
-5.05039
-5.05015
-5.05007
-5.05032
-5.05059
-5.05058
-5.05073
-5.05075
-5.05093
-5.05113
-5.05135
-5.05127
-5.05121
-5.05116
-5.05097
-5.0511
-5.05169
-5.05138
-5.05168
-5.05139
-5.05202
-5.05219
-5.05238
-5.05288
-5.05323
-5.05344
-5.05335
-5.05342
-5.0538
-5.05404
-5.05414
-5.05424
-5.05435
-5.05477
-5.05521
-5.05565
-5.0558
-5.05612
-5.05614
-5.05663
-5.05728
-5.05765
-5.05803
-5.05843
-5.05899
-5.05942
-5.05986
-5.06017
-5.06035
-5.061
-5.06166
-5.06204
-5.06244
-5.06301
-5.06345
-5.06405
-5.06513
-5.06546
-5.06627
-5.0674
-5.06794
-5.06865
-5.06937
-5.07011
-5.07117
-5.07178
-5.07256
-5.07259
-5.07339
-5.0742
-5.07562
-5.07659
-5.07711
-5.07794
-5.07862
-5.0796
-5.08043
-5.08125
-5.08192
-5.08288
-5.08323
-5.08388
-5.08436
-5.08498
-5.08544
-5.08633
-5.08706
-5.08792
-5.08891
-5.08928
-5.09007
-5.09009
-5.09099
-5.09202
-5.09257
-5.09325
-5.09344
-5.09406
-5.09465
-5.09491
-5.09544
-5.0958
-5.09612
-5.09612
-5.09653
-5.09677
-5.09668
-5.09671
-5.09702
-5.09715
-5.09726
-5.09704
-5.0971
-5.09713
-5.097
-5.09715
-5.09744
-5.09726
-5.09721
-5.09716
-5.09724
-5.09732
-5.09739
-5.09731
-5.09738
-5.0973
-5.09737
-5.09715
-5.09708
-5.09718
-5.09728
-5.0974
-5.09723
-5.09692
-5.09694
-5.09668
-5.09674
-5.09697
-5.09723
-5.09721
-5.09752
-5.09756
-5.09778
-5.09848
-5.09906
-5.09907
-5.09971
-5.09993
-5.10064
-5.10123
-5.10154
-5.10189
-5.10257
-5.10328
-5.10402
-5.10463
-5.10558
-5.1061
-5.1065
-5.10722
-5.10797
-5.10904
-5.10998
-5.11094
-5.11208
-5.11292
-5.11379
-5.11436
-5.11495
-5.1157
-5.11661
-5.11738
-5.11846
-5.11895
-5.11959
-5.12038
-5.12162
-5.12272
-5.12352
-5.12461
-5.1254
-5.12618
-5.12726
-5.12818
-5.12879
-5.12984
-5.13088
-5.13206
-5.13292
-5.13392
-5.1349
-5.13602
-5.13682
-5.1379
-5.13881
-5.1397
-5.14042
-5.14112
-5.14133
-5.14228
-5.1429
-5.14335
-5.14391
-5.1446
-5.14526
-5.14635
-5.1468
-5.14707
-5.14715
-5.14736
-5.14798
-5.14842
-5.14852
-5.14888
-5.14921
-5.14935
-5.14945
-5.14982
-5.14999
-5.14998
-5.14992
-5.14967
-5.14953
-5.1492
-5.14942
-5.14931
-5.14915
-5.14879
-5.14854
-5.14794
-5.1473
-5.14692
-5.14634
-5.14557
-5.1449
-5.14418
-5.14342
-5.14262
-5.14146
-5.14072
-5.13947
-5.13864
-5.13761
-5.13653
-5.13571
-5.1344
-5.13319
-5.13179
-5.13035
-5.12903
-5.12751
-5.12655
-5.12526
-5.12392
-5.12226
-5.12055
-5.11866
-5.11719
-5.11569
-5.11385
-5.11244
-5.1107
-5.10848
-5.107
-5.10504
-5.10351
-5.10151
-5.0995
-5.09777
-5.09603
-5.09444
-5.09253
-5.09046
-5.08839
-5.08617
-5.08395
-5.08204
-5.08027
-5.07867
-5.07662
-5.07473
-5.07316
-5.07129
-5.06944
-5.06761
-5.06579
-5.06429
-5.06205
-5.06014
-5.0584
-5.05637
-5.05482
-5.05314
-5.05162
-5.04998
-5.04836
-5.04675
-5.04502
-5.04345
-5.0419
-5.04051
-5.03929
-5.03763
-5.03583
-5.0345
-5.03318
-5.03171
-5.02995
-5.0285
-5.02674
-5.0253
-5.02401
-5.02241
-5.02127
-5.01968
-5.01823
-5.01694
-5.01564
-5.01418
-5.01288
-5.01142
-5.0098
-5.00818
-5.00671
-5.00539
-5.00346
-5.00214
-5.00081
-4.99934
-4.99786
-4.99624
-4.99477
-4.99331
-4.99156
-4.99012
-4.98884
-4.98727
-4.98617
-4.98464
-4.98329
-4.9818
-4.98035
-4.97892
-4.97752
-4.97601
-4.97484
-4.97371
-4.97262
-4.97203
-4.97088
-4.97009
-4.9692
-4.96822
-4.96775
-4.96703
-4.96639
-4.96581
-4.96514
-4.9647
-4.96433
-4.96434
-4.96427
-4.96384
-4.96363
-4.9638
-4.96391
-4.9641
-4.96423
-4.96474
-4.96504
-4.96557
-4.96604
-4.9666
-4.96724
-4.96812
-4.96908
-4.97013
-4.97112
-4.97218
-4.97333
-4.97502
-4.97632
-4.97756
-4.97947
-4.98115
-4.98336
-4.98533
-4.98721
-4.98885
-4.99086
-4.99277
-4.99488
-4.99719
-4.99925
-5.0012
-5.00334
-5.00536
-5.00726
-5.0095
-5.01175
-5.01433
-5.01708
-5.01939
-5.02185
-5.02417
-5.02634
-5.02866
-5.03112
-5.03343
-5.03587
-5.03845
-5.041
-5.04369
-5.04604
-5.04867
-5.05082
-5.05293
-5.055
-5.05733
-5.05962
-5.06187
-5.06407
-5.06607
-5.06832
-5.07022
-5.07176
-5.0734
-5.07558
-5.07665
-5.07841
-5.08011
-5.08145
-5.08273
-5.08409
-5.08494
-5.08618
-5.08735
-5.088
-5.08889
-5.09017
-5.09124
-5.09209
-5.09273
-5.09345
-5.09411
-5.0947
-5.09524
-5.09556
-5.09567
-5.09603
-5.09617
-5.09656
-5.09674
-5.09701
-5.09753
-5.0974
-5.09752
-5.09804
-5.0976
-5.09772
-5.09764
-5.09736
-5.09659
-5.09623
-5.09552
-5.09493
-5.09459
-5.09422
-5.09321
-5.09277
-5.09229
-5.09148
-5.09079
-5.09006
-5.08931
-5.08868
-5.08757
-5.08688
-5.08587
-5.08498
-5.08407
-5.08283
-5.08203
-5.0812
-5.0802
-5.07903
-5.07814
-5.07724
-5.07631
-5.07507
-5.07411
-5.07298
-5.07184
-5.07053
-5.06935
-5.06831
-5.06696
-5.06574
-5.06466
-5.06311
-5.06215
-5.06088
-5.05974
-5.0586
-5.05744
-5.05567
-5.05435
-5.05301
-5.05151
-5.05031
-5.0488
-5.04743
-5.04606
-5.04483
-5.04345
-5.04176
-5.03992
-5.03854
-5.0367
-5.03532
-5.0344
-5.03303
-5.03197
-5.03061
-5.02942
-5.02808
-5.02706
-5.02561
-5.02416
-5.02289
-5.02164
-5.02026
-5.01905
-5.01771
-5.01655
-5.01512
-5.01402
-5.0131
-5.01206
-5.0112
-5.01023
-5.00929
-5.00809
-5.00723
-5.0064
-5.00546
-5.00471
-5.004
-5.00333
-5.0027
-5.00225
-5.00169
-5.00087
-5.00039
-5.00039
-4.99967
-4.99899
-4.99879
-4.99801
-4.99757
-4.99715
-4.99675
-4.99607
-4.99601
-4.99597
-4.99579
-4.99577
-4.99576
-4.9956
-4.99559
-4.99543
-4.99527
-4.99509
-4.9949
-4.9944
-4.99403
-4.99364
-4.99323
-4.99249
-4.99187
-4.99123
-4.991
-4.99074
-4.99013
-4.98979
-4.98926
-4.98823
-4.98747
-4.98696
-4.9861
-4.98535
-4.98455
-4.98386
-4.98312
-4.98204
-4.98121
-4.98034
-4.97912
-4.97801
-4.97716
-4.97597
-4.97489
-4.97348
-4.97248
-4.9713
-4.96994
-4.96855
-4.96714
-4.96601
-4.96441
-4.96294
-4.96176
-4.96012
-4.95878
-4.95728
-4.95579
-4.95414
-4.95281
-4.95133
-4.95018
-4.94873
-4.94762
-4.94637
-4.94486
-4.94353
-4.94224
-4.94068
-4.93948
-4.93787
-4.93676
-4.93541
-4.93428
-4.9332
-4.93219
-4.9311
-4.93069
-4.93005
-4.9295
-4.92902
-4.92848
-4.92833
-4.92797
-4.928
-4.92783
-4.9282
-4.92852
-4.92878
-4.929
-4.92946
-4.92972
-4.93054
-4.93145
-4.93186
-4.93281
-4.93371
-4.93471
-4.93579
-4.93681
-4.93836
-4.9403
-4.94217
-4.94366
-4.94522
-4.947
-4.9487
-4.95044
-4.95255
-4.95455
-4.95644
-4.95838
-4.96034
-4.96233
-4.9645
-4.96669
-4.96889
-4.9711
-4.97286
-4.97507
-4.97713
-4.97948
-4.98136
-4.98338
-4.98568
-4.98795
-4.99005
-4.99256
-4.99459
-4.99658
-4.99884
-5.00045
-5.00232
-5.00399
-5.00576
-5.00764
-5.00962
-5.0111
-5.01298
-5.01451
-5.01568
-5.01711
-5.01864
-5.01982
-5.02094
-5.02202
-5.0232
-5.02449
-5.02558
-5.02662
-5.02762
-5.02843
-5.02951
-5.03054
-5.03109
-5.0316
-5.03254
-5.03314
-5.03387
-5.03427
-5.03525
-5.03606
-5.03654
-5.03701
-5.03746
-5.0382
-5.03877
-5.03934
-5.03974
-5.04119
-5.04143
-5.04197
-5.0425
-5.04303
-5.04296
-5.04334
-5.04386
-5.04394
-5.04447
-5.04455
-5.04508
-5.04562
-5.046
-5.04639
-5.04709
-5.04794
-5.04878
-5.04948
-5.05003
-5.05074
-5.05113
-5.05138
-5.05208
-5.05277
-5.05331
-5.05369
-5.05407
-5.05474
-5.05525
-5.05591
-5.05655
-5.05703
-5.0575
-5.05781
-5.05795
-5.05808
-5.05865
-5.0592
-5.05958
-5.06024
-5.06059
-5.06136
-5.06182
-5.06179
-5.0619
-5.06214
-5.06235
-5.06209
-5.06255
-5.06284
-5.0628
-5.06289
-5.0631
-5.06314
-5.06344
-5.06357
-5.06368
-5.06375
-5.06365
-5.06367
-5.06336
-5.06302
-5.0631
-5.06301
-5.06274
-5.06275
-5.06257
-5.06192
-5.06169
-5.06144
-5.06071
-5.06026
-5.05963
-5.05882
-5.05799
-5.0579
-5.05763
-5.05719
-5.05672
-5.05608
-5.05543
-5.05505
-5.05466
-5.05379
-5.05306
-5.05232
-5.05186
-5.05108
-5.05014
-5.04933
-5.04852
-5.04785
-5.04716
-5.04632
-5.04532
-5.04447
-5.04361
-5.04275
-5.04159
-5.04057
-5.03971
-5.03885
-5.03769
-5.03668
-5.03599
-5.0353
-5.03462
-5.03349
-5.03253
-5.03173
-5.0311
-5.03033
-5.02973
-5.02854
-5.02782
-5.02697
-5.02615
-5.02549
-5.02501
-5.02425
-5.02397
-5.02357
-5.02304
-5.02254
-5.02222
-5.02177
-5.02136
-5.02113
-5.02048
-5.02
-5.01957
-5.01931
-5.01924
-5.0189
-5.01874
-5.01862
-5.01823
-5.01848
-5.01847
-5.01833
-5.01823
-5.01817
-5.01829
-5.01845
-5.01849
-5.01886
-5.01897
-5.01942
-5.01975
-5.01966
-5.02036
-5.0208
-5.02157
-5.02222
-5.02275
-5.02332
-5.02392
-5.02455
-5.02536
-5.02636
-5.02724
-5.02784
-5.02863
-5.0296
-5.03075
-5.03132
-5.03207
-5.03301
-5.03427
-5.03481
-5.03583
-5.03703
-5.03795
-5.0389
-5.03987
-5.04102
-5.0422
-5.0434
-5.04447
-5.04586
-5.04713
-5.04827
-5.04958
-5.05046
-5.05181
-5.05318
-5.05457
-5.05582
-5.05694
-5.05823
-5.05998
-5.06129
-5.06277
-5.0644
-5.06605
-5.06755
-5.06937
-5.07119
-5.07271
-5.07408
-5.0753
-5.07698
-5.07865
-5.08002
-5.08169
-5.08275
-5.08425
-5.08544
-5.08677
-5.08823
-5.08953
-5.09097
-5.09253
-5.09378
-5.0953
-5.09695
-5.09812
-5.09942
-5.10099
-5.10238
-5.10358
-5.10491
-5.10604
-5.10745
-5.10851
-5.10923
-5.11007
-5.11132
-5.11252
-5.11353
-5.11435
-5.11527
-5.116
-5.11607
-5.11655
-5.11684
-5.11783
-5.11862
-5.11936
-5.11975
-5.11979
-5.12008
-5.12047
-5.12066
-5.12096
-5.12075
-5.12094
-5.12124
-5.12134
-5.12124
-5.12124
-5.12134
-5.1211
-5.12096
-5.12063
-5.12025
-5.11997
-5.11965
-5.11929
-5.11858
-5.11813
-5.11749
-5.11711
-5.1167
-5.11579
-5.11499
-5.11416
-5.11344
-5.11268
-5.11189
-5.11092
-5.11021
-5.10932
-5.10825
-5.10729
-5.10631
-5.10575
-5.10441
-5.1032
-5.1021
-5.10068
-5.09939
-5.09807
-5.09657
-5.09551
-5.09413
-5.09272
-5.0913
-5.08956
-5.08825
-5.08633
-5.08485
-5.08335
-5.08185
-5.08048
-5.07835
-5.07698
-5.07544
-5.07421
-5.07297
-5.07173
-5.0702
-5.06852
-5.06699
-5.06517
-5.06352
-5.06157
-5.06009
-5.05909
-5.05764
-5.05607
-5.05452
-5.05284
-5.05164
-5.05002
-5.04888
-5.04793
-5.04671
-5.04507
-5.04362
-5.04222
-5.04101
-5.0397
-5.03873
-5.03797
-5.03725
-5.03659
-5.03583
-5.03513
-5.03433
-5.03389
-5.03336
-5.03259
-5.03233
-5.03138
-5.03094
-5.03072
-5.03055
-5.0306
-5.03072
-5.03074
-5.03052
-5.03036
-5.03057
-5.03098
-5.03115
-5.03138
-5.03167
-5.03216
-5.03255
-5.03344
-5.03408
-5.03492
-5.03581
-5.03658
-5.0377
-5.03856
-5.03945
-5.04052
-5.04178
-5.04276
-5.04376
-5.04494
-5.04598
-5.04659
-5.04766
-5.04889
-5.05013
-5.05153
-5.05277
-5.05371
-5.05525
-5.05633
-5.0571
-5.0583
-5.05949
-5.06037
-5.06137
-5.06234
-5.06284
-5.06391
-5.0645
-5.06505
-5.06572
-5.06636
-5.0671
-5.06796
-5.06877
-5.06923
-5.06965
-5.07016
-5.07078
-5.07135
-5.07186
-5.07202
-5.07227
-5.07247
-5.07262
-5.07286
-5.07258
-5.0724
-5.07216
-5.07217
-5.07181
-5.0717
-5.07107
-5.07024
-5.0695
-5.06916
-5.0686
-5.068
-5.06749
-5.06677
-5.06615
-5.06564
-5.06477
-5.06401
-5.06304
-5.06189
-5.06099
-5.05991
-5.05849
-5.05733
-5.05584
-5.05447
-5.05353
-5.05211
-5.05113
-5.04997
-5.0485
-5.04717
-5.04582
-5.04433
-5.04252
-5.04117
-5.03998
-5.03879
-5.03731
-5.0363
-5.03485
-5.03373
-5.03232
-5.03124
-5.02974
-5.02873
-5.02759
-5.02649
-5.02589
-5.02472
-5.02345
-5.02252
-5.02148
-5.0205
-5.01987
-5.01898
-5.01845
-5.01783
-5.0171
-5.01673
-5.01611
-5.01569
-5.01547
-5.01515
-5.01458
-5.01436
-5.01404
-5.01421
-5.01397
-5.01393
-5.01377
-5.0141
-5.01401
-5.01425
-5.01452
-5.01466
-5.01497
-5.01529
-5.01548
-5.01567
-5.01572
-5.01607
-5.01612
-5.01631
-5.01649
-5.0162
-5.01649
-5.01647
-5.01657
-5.01664
-5.01729
-5.01745
-5.01757
-5.0178
-5.01768
-5.01737
-5.01717
-5.01691
-5.0166
-5.01639
-5.01567
-5.01536
-5.01468
-5.0141
-5.01362
-5.01293
-5.01173
-5.01048
-5.00948
-5.00857
-5.00747
-5.00692
-5.00603
-5.00494
-5.00381
-5.00279
-5.00174
-5.00051
-4.9991
-4.99781
-4.99651
-4.99534
-4.99371
-4.99223
-4.99104
-4.99001
-4.98839
-4.98708
-4.98595
-4.98468
-4.98345
-4.98195
-4.9808
-4.97984
-4.97863
-4.97778
-4.97684
-4.97597
-4.97502
-4.97415
-4.97351
-4.97296
-4.97219
-4.97168
-4.97141
-4.97124
-4.97134
-4.97139
-4.97125
-4.97169
-4.97209
-4.9726
-4.97324
-4.97415
-4.97519
-4.97604
-4.97717
-4.97843
-4.9798
-4.981
-4.98278
-4.98406
-4.98592
-4.98866
-4.9906
-4.99296
-4.99512
-4.99769
-5.00006
-5.00268
-5.00555
-5.00835
-5.01124
-5.01437
-5.01757
-5.0207
-5.02404
-5.0273
-5.03046
-5.03383
-5.03725
-5.04101
-5.04421
-5.04788
-5.05159
-5.05516
-5.0589
-5.06265
-5.06641
-5.06985
-5.07345
-5.07703
-5.08074
-5.08413
-5.08764
-5.09081
-5.0944
-5.09795
-5.10129
-5.10459
-5.10768
-5.11101
-5.11457
-5.11761
-5.12058
-5.12348
-5.12644
-5.12901
-5.13165
-5.1342
-5.1368
-5.13931
-5.14157
-5.14372
-5.14562
-5.14756
-5.1497
-5.15128
-5.1529
-5.15441
-5.15596
-5.15724
-5.1581
-5.15885
-5.16009
-5.16076
-5.16147
-5.16237
-5.16315
-5.16352
-5.16362
-5.16392
-5.16395
-5.16357
-5.16338
-5.16294
-5.163
-5.16235
-5.16221
-5.16166
-5.16087
-5.15969
-5.15872
-5.1575
-5.15636
-5.15513
-5.15382
-5.15258
-5.15143
-5.14975
-5.14786
-5.14621
-5.14465
-5.14273
-5.14106
-5.1395
-5.13745
-5.1355
-5.13368
-5.13182
-5.12979
-5.12804
-5.12612
-5.12418
-5.12224
-5.12014
-5.11804
-5.11595
-5.11401
-5.11209
-5.10988
-5.10814
-5.10658
-5.10475
-5.10235
-5.10073
-5.09871
-5.09687
-5.09539
-5.09335
-5.09182
-5.09004
-5.08847
-5.08696
-5.08582
-5.08459
-5.08313
-5.08189
-5.08087
-5.07977
-5.07799
-5.07704
-5.07617
-5.07507
-5.0745
-5.07401
-5.07345
-5.07265
-5.07224
-5.07205
-5.07149
-5.07114
-5.07072
-5.07052
-5.07039
-5.07033
-5.07048
-5.07084
-5.07127
-5.07145
-5.07199
-5.07274
-5.07339
-5.07423
-5.07497
-5.07529
-5.07551
-5.07606
-5.07695
-5.07802
-5.07851
-5.07963
-5.08047
-5.08132
-5.08204
-5.08306
-5.0838
-5.08423
-5.08512
-5.0857
-5.08658
-5.08729
-5.08815
-5.08884
-5.09027
-5.09167
-5.09245
-5.0932
-5.09391
-5.09475
-5.0954
-5.09601
-5.09642
-5.09679
-5.09712
-5.09755
-5.09793
-5.0981
-5.09837
-5.09858
-5.09873
-5.09882
-5.09854
-5.09881
-5.09886
-5.09869
-5.09814
-5.09783
-5.09715
-5.09654
-5.09602
-5.09511
-5.09444
-5.09354
-5.09256
-5.09166
-5.09084
-5.08994
-5.08866
-5.08731
-5.08603
-5.08483
-5.08311
-5.08131
-5.07959
-5.0778
-5.0761
-5.07447
-5.07278
-5.07087
-5.0689
-5.06702
-5.06507
-5.06307
-5.06101
-5.05875
-5.05643
-5.05392
-5.05165
-5.04919
-5.04639
-5.0437
-5.04082
-5.03836
-5.03572
-5.0329
-5.03036
-5.02779
-5.02521
-5.02186
-5.01925
-5.01619
-5.01326
-5.01019
-5.00757
-5.0048
-5.0022
-4.99961
-4.99688
-4.99448
-4.99179
-4.98899
-4.98651
-4.98377
-4.98121
-4.979
-4.97652
-4.9741
-4.97187
-4.9697
-4.96728
-4.96582
-4.96352
-4.96127
-4.95955
-4.95744
-4.9557
-4.95388
-4.95228
-4.95061
-4.94931
-4.94793
-4.94678
-4.94571
-4.94427
-4.94305
-4.94192
-4.94071
-4.93942
-4.93852
-4.93755
-4.93695
-4.93628
-4.93538
-4.93501
-4.93427
-4.9339
-4.9336
-4.93337
-4.93322
-4.93313
-4.93297
-4.93302
-4.93328
-4.93331
-4.93371
-4.93401
-4.93423
-4.93465
-4.93498
-4.93536
-4.9355
-4.93614
-4.93668
-4.93773
-4.93837
-4.9392
-4.94009
-4.94116
-4.94212
-4.94282
-4.94356
-4.94463
-4.94573
-4.94672
-4.94788
-4.94907
-4.95014
-4.95137
-4.95248
-4.95391
-4.95535
-4.9568
-4.95842
-4.95974
-4.96108
-4.96256
-4.96375
-4.96509
-4.96658
-4.96821
-4.96939
-4.97086
-4.97262
-4.97407
-4.97551
-4.97708
-4.97834
-4.97958
-4.9808
-4.98184
-4.98287
-4.98373
-4.98471
-4.98643
-4.98721
-4.98827
-4.98961
-4.99063
-4.99147
-4.99258
-4.99337
-4.99413
-4.99532
-4.99604
-4.99674
-4.99756
-4.99822
-4.99855
-4.99947
-5.00022
-5.00081
-5.00123
-5.0021
-5.00295
-5.00364
-5.00448
-5.00517
-5.006
-5.00637
-5.0072
-5.00803
-5.00857
-5.00925
-5.00965
-5.01035
-5.01121
-5.01193
-5.01267
-5.01372
-5.01463
-5.01525
-5.01604
-5.0167
-5.01752
-5.01852
-5.01938
-5.02041
-5.02131
-5.02237
-5.02346
-5.02441
-5.02508
-5.02576
-5.02677
-5.02764
-5.02898
-5.02988
-5.03125
-5.03248
-5.03356
-5.03451
-5.03577
-5.03688
-5.038
-5.03898
-5.0401
-5.04108
-5.04206
-5.04333
-5.04461
-5.04573
-5.04669
-5.04764
-5.04889
-5.04997
-5.05104
-5.05225
-5.0536
-5.05477
-5.05592
-5.0566
-5.05772
-5.0585
-5.05926
-5.05999
-5.06055
-5.06077
-5.06186
-5.06278
-5.06351
-5.0645
-5.06486
-5.06563
-5.06606
-5.0663
-5.0668
-5.06756
-5.06798
-5.06835
-5.06867
-5.06895
-5.06918
-5.06952
-5.06981
-5.07021
-5.07025
-5.07039
-5.07049
-5.07054
-5.07039
-5.07018
-5.07008
-5.06978
-5.06973
-5.06933
-5.06888
-5.06839
-5.06799
-5.06725
-5.06661
-5.06608
-5.06535
-5.06443
-5.06376
-5.0629
-5.062
-5.06151
-5.06023
-5.05967
-5.05846
-5.05737
-5.05639
-5.05507
-5.05388
-5.05265
-5.05108
-5.04994
-5.04832
-5.04743
-5.04606
-5.04451
-5.04309
-5.04104
-5.03928
-5.03735
-5.03555
-5.03388
-5.03221
-5.03097
-5.02927
-5.02756
-5.02599
-5.02442
-5.023
-5.02158
-5.02
-5.01828
-5.01671
-5.01515
-5.0136
-5.01191
-5.01023
-5.00887
-5.00722
-5.00559
-5.00398
-5.0027
-5.00145
-5.00022
-4.99902
-4.9977
-4.99657
-4.99532
-4.99426
-4.99308
-4.99179
-4.99069
-4.98994
-4.98893
-4.98827
-4.9875
-4.98693
-4.98611
-4.98534
-4.98431
-4.98363
-4.983
-4.98242
-4.9819
-4.98187
-4.98159
-4.98152
-4.98119
-4.98106
-4.98083
-4.98094
-4.9811
-4.98161
-4.98155
-4.98184
-4.98172
-4.98148
-4.98158
-4.98171
-4.98188
-4.98177
-4.98199
-4.98209
-4.98282
-4.98312
-4.98328
-4.98377
-4.98411
-4.98432
-4.98409
-4.98447
-4.9847
-4.98479
-4.98518
-4.98542
-4.98565
-4.98603
-4.9861
-4.98616
-4.98636
-4.9867
-4.98702
-4.98748
-4.98776
-4.98818
-4.98857
-4.98924
-4.98959
-4.99005
-4.99004
-4.99015
-4.99024
-4.99014
-4.99031
-4.99045
-4.99025
-4.99018
-4.99023
-4.98964
-4.98948
-4.98943
-4.98966
-4.98955
-4.98942
-4.98941
-4.98893
-4.98857
-4.98788
-4.98748
-4.9872
-4.9866
-4.98629
-4.98597
-4.98563
-4.98499
-4.98433
-4.98352
-4.98301
-4.98235
-4.98199
-4.98119
-4.98084
-4.98066
-4.98004
-4.97974
-4.97901
-4.97859
-4.97836
-4.97785
-4.97737
-4.97677
-4.97651
-4.97614
-4.97611
-4.97597
-4.97603
-4.97568
-4.97522
-4.97526
-4.97566
-4.97595
-4.9763
-4.97654
-4.97684
-4.97703
-4.97758
-4.97818
-4.97837
-4.97876
-4.97935
-4.98014
-4.98066
-4.98153
-4.98258
-4.98352
-4.98434
-4.98535
-4.98607
-4.98667
-4.9879
-4.98914
-4.99009
-4.9912
-4.99187
-4.99268
-4.99334
-4.99415
-4.99525
-4.99588
-4.99695
-4.99769
-4.99856
-4.99925
-5.00006
-5.00084
-5.00142
-5.00196
-5.00215
-5.00275
-5.00376
-5.0038
-5.00409
-5.00463
-5.0048
-5.00507
-5.00542
-5.00556
-5.00564
-5.00565
-5.00545
-5.00503
-5.00455
-5.0043
-5.00384
-5.00316
-5.00303
-5.00222
-5.00197
-5.00089
-4.99977
-4.99904
-4.99825
-4.99742
-4.99669
-4.99591
-4.99494
-4.99363
-4.99273
-4.99135
-4.99009
-4.98895
-4.98749
-4.986
-4.98466
-4.98315
-4.98193
-4.98071
-4.97963
-4.97841
-4.97704
-4.97583
-4.97494
-4.97376
-4.9726
-4.97146
-4.9705
-4.96971
-4.96911
-4.9681
-4.96696
-4.96617
-4.96573
-4.96487
-4.96376
-4.96315
-4.96244
-4.96208
-4.96162
-4.96106
-4.96056
-4.96026
-4.95987
-4.95938
-4.9591
-4.95887
-4.95825
-4.95829
-4.95793
-4.95808
-4.95858
-4.95869
-4.9587
-4.95907
-4.95918
-4.95935
-4.95956
-4.96043
-4.96074
-4.96124
-4.96164
-4.96239
-4.96363
-4.96461
-4.96533
-4.96624
-4.96688
-4.96771
-4.96828
-4.96933
-4.97026
-4.97077
-4.97206
-4.97294
-4.97368
-4.97506
-4.97602
-4.9776
-4.97876
-4.98009
-4.9813
-4.98252
-4.98377
-4.98474
-4.98618
-4.9875
-4.98883
-4.99033
-4.99155
-4.99264
-4.99405
-4.99563
-4.99708
-4.99839
-5.00002
-5.00168
-5.00334
-5.00487
-5.00703
-5.00844
-5.01002
-5.01162
-5.01308
-5.01425
-5.01589
-5.01769
-5.01921
-5.02089
-5.02258
-5.02413
-5.02615
-5.02818
-5.03007
-5.03167
-5.03358
-5.03505
-5.03668
-5.03877
-5.04012
-5.04193
-5.04404
-5.04586
-5.04769
-5.04967
-5.0515
-5.05364
-5.05563
-5.05732
-5.05917
-5.06101
-5.06285
-5.0647
-5.06653
-5.06822
-5.07005
-5.07187
-5.07398
-5.07579
-5.07774
-5.07982
-5.08144
-5.08259
-5.08448
-5.08605
-5.08759
-5.08941
-5.09121
-5.09253
-5.09396
-5.09567
-5.09704
-5.09912
-5.10041
-5.10181
-5.10332
-5.10462
-5.10572
-5.10707
-5.10837
-5.1093
-5.11032
-5.11143
-5.11232
-5.11314
-5.11404
-5.11457
-5.11487
-5.11494
-5.11539
-5.11575
-5.11604
-5.11639
-5.11636
-5.1161
-5.11605
-5.11578
-5.11557
-5.11543
-5.11506
-5.1146
-5.11453
-5.11393
-5.1131
-5.1125
-5.11154
-5.11051
-5.10957
-5.10842
-5.10722
-5.10612
-5.10513
-5.10379
-5.10287
-5.10162
-5.10079
-5.0998
-5.09848
-5.0973
-5.09596
-5.09493
-5.09344
-5.09241
-5.09139
-5.09023
-5.08909
-5.08783
-5.08688
-5.08536
-5.08403
-5.08257
-5.08159
-5.0805
-5.0793
-5.07843
-5.0776
-5.0762
-5.07575
-5.07472
-5.07403
-5.07323
-5.07245
-5.0717
-5.07113
-5.07014
-5.06961
-5.06911
-5.06832
-5.0677
-5.06693
-5.06633
-5.06588
-5.06543
-5.06467
-5.06392
-5.063
-5.06253
-5.06189
-5.06108
-5.06011
-5.05896
-5.0581
-5.05736
-5.0566
-5.05581
-5.05499
-5.05414
-5.05342
-5.05236
-5.05172
-5.05061
-5.04931
-5.04798
-5.04753
-5.04645
-5.04519
-5.04406
-5.04261
-5.04128
-5.04008
-5.03902
-5.03779
-5.0367
-5.03575
-5.03419
-5.03263
-5.03106
-5.0298
-5.02853
-5.02728
-5.02604
-5.02465
-5.02344
-5.02224
-5.02106
-5.0199
-5.01908
-5.01798
-5.01676
-5.01572
-5.01517
-5.01421
-5.01329
-5.0124
-5.01156
-5.01062
-5.01002
-5.00931
-5.00865
-5.00789
-5.00733
-5.00696
-5.0065
-5.00547
-5.00526
-5.00554
-5.00512
-5.00459
-5.00442
-5.00443
-5.0048
-5.00475
-5.00475
-5.00463
-5.00486
-5.00482
-5.00481
-5.00483
-5.00519
-5.00558
-5.00599
-5.00598
-5.0063
-5.00648
-5.00683
-5.00766
-5.00805
-5.00815
-5.00872
-5.00899
-5.00973
-5.01047
-5.01107
-5.01137
-5.01197
-5.01243
-5.01288
-5.01317
-5.01347
-5.01406
-5.01434
-5.01476
-5.01518
-5.01559
-5.01613
-5.01652
-5.01659
-5.0171
-5.01699
-5.01732
-5.01748
-5.01793
-5.01806
-5.01818
-5.01827
-5.01865
-5.01886
-5.01905
-5.01907
-5.01922
-5.01904
-5.0193
-5.01924
-5.01931
-5.01905
-5.01892
-5.01892
-5.0189
-5.01886
-5.01895
-5.01917
-5.01877
-5.01879
-5.0185
-5.01849
-5.01846
-5.01826
-5.01789
-5.01781
-5.01756
-5.01744
-5.01731
-5.01687
-5.01687
-5.01655
-5.01623
-5.01574
-5.01541
-5.01552
-5.01517
-5.01452
-5.01417
-5.01398
-5.01363
-5.0133
-5.01312
-5.01295
-5.01264
-5.01265
-5.01312
-5.01286
-5.01307
-5.01284
-5.01249
-5.01231
-5.01231
-5.01218
-5.01224
-5.01171
-5.01167
-5.01151
-5.01168
-5.01174
-5.01167
-5.01179
-5.01194
-5.01197
-5.01219
-5.01243
-5.01256
-5.01317
-5.01351
-5.01357
-5.01382
-5.01469
-5.01529
-5.01576
-5.01626
-5.01692
-5.0173
-5.01755
-5.01811
-5.01839
-5.01913
-5.01943
-5.02033
-5.02079
-5.02156
-5.02217
-5.02263
-5.02355
-5.02415
-5.0246
-5.02534
-5.02561
-5.02633
-5.02658
-5.02697
-5.0275
-5.0277
-5.02864
-5.02911
-5.02956
-5.03013
-5.03054
-5.03137
-5.03157
-5.03175
-5.03221
-5.03264
-5.0329
-5.03298
-5.03304
-5.03322
-5.03338
-5.03381
-5.03392
-5.0337
-5.03391
-5.0338
-5.03382
-5.03412
-5.03395
-5.03391
-5.03385
-5.03363
-5.03369
-5.03328
-5.03301
-5.03257
-5.03243
-5.03228
-5.03196
-5.03134
-5.03116
-5.03098
-5.0308
-5.03076
-5.03027
-5.02994
-5.02975
-5.02957
-5.0297
-5.02983
-5.02966
-5.0292
-5.0289
-5.02861
-5.02818
-5.02762
-5.02752
-5.02758
-5.02781
-5.02775
-5.02756
-5.02753
-5.02752
-5.02768
-5.0274
-5.02745
-5.02751
-5.02789
-5.02829
-5.02841
-5.02839
-5.02855
-5.02902
-5.02905
-5.02925
-5.02902
-5.0291
-5.02935
-5.02961
-5.03003
-5.03032
-5.03061
-5.03107
-5.03153
-5.03184
-5.03186
-5.03204
-5.03251
-5.03269
-5.03286
-5.03318
-5.0335
-5.03381
-5.03426
-5.03439
-5.03482
-5.03538
-5.03577
-5.03584
-5.03589
-5.03622
-5.03637
-5.03634
-5.03643
-5.03634
-5.03636
-5.0362
-5.03614
-5.0362
-5.03591
-5.03618
-5.03565
-5.03537
-5.03534
-5.03496
-5.03422
-5.03373
-5.03318
-5.03227
-5.0316
-5.03088
-5.02979
-5.02894
-5.02804
-5.02721
-5.02603
-5.02493
-5.02362
-5.02224
-5.02081
-5.01976
-5.01836
-5.01704
-5.01521
-5.01348
-5.01199
-5.01045
-5.00885
-5.00705
-5.00505
-5.00345
-5.00181
-4.99997
-4.99794
-4.99587
-4.99391
-4.99177
-4.98914
-4.98678
-4.98469
-4.98273
-4.9806
-4.97784
-4.97522
-4.97318
-4.97053
-4.96833
-4.96581
-4.96344
-4.96152
-4.95914
-4.95692
-4.95471
-4.9519
-4.94955
-4.94737
-4.9455
-4.9432
-4.94107
-4.93866
-4.93658
-4.93438
-4.93191
-4.93008
-4.92768
-4.92592
-4.92376
-4.92179
-4.92001
-4.91784
-4.91603
-4.91426
-4.91241
-4.91077
-4.90889
-4.90739
-4.9061
-4.90488
-4.90404
-4.90282
-4.90183
-4.90077
-4.90009
-4.89935
-4.89854
-4.89751
-4.89687
-4.89632
-4.89556
-4.89519
-4.8949
-4.89425
-4.89368
-4.89366
-4.89387
-4.89417
-4.89425
-4.89471
-4.89511
-4.89572
-4.89627
-4.89689
-4.89757
-4.89848
-4.899
-4.89988
-4.90067
-4.90181
-4.90271
-4.90411
-4.90525
-4.90629
-4.90751
-4.90878
-4.91022
-4.9117
-4.91305
-4.91458
-4.91568
-4.9171
-4.91853
-4.91998
-4.92174
-4.92291
-4.92439
-4.92602
-4.9275
-4.92914
-4.93047
-4.93165
-4.93298
-4.93445
-4.93623
-4.93769
-4.93884
-4.94029
-4.94188
-4.9436
-4.94532
-4.94688
-4.94827
-4.94965
-4.95102
-4.95267
-4.95371
-4.95504
-4.9568
-4.9581
-4.95939
-4.96096
-4.96251
-4.9636
-4.96497
-4.96602
-4.96721
-4.96838
-4.96954
-4.97067
-4.97179
-4.97319
-4.97412
-4.97519
-4.97638
-4.97771
-4.97886
-4.9797
-4.98096
-4.98191
-4.98268
-4.98373
-4.98461
-4.98532
-4.98631
-4.98712
-4.98791
-4.98899
-4.98974
-4.99032
-4.99118
-4.99202
-4.99238
-4.99303
-4.99351
-4.99382
-4.99487
-4.99529
-4.99601
-4.9967
-4.99724
-4.99775
-4.99856
-4.9989
-4.99954
-5.00001
-5.00048
-5.00139
-5.00215
-5.00275
-5.00335
-5.00379
-5.00439
-5.00483
-5.00513
-5.00603
-5.00633
-5.00664
-5.00694
-5.00756
-5.00834
-5.00882
-5.00915
-5.00995
-5.01046
-5.01082
-5.01134
-5.01187
-5.0121
-5.01281
-5.01336
-5.01408
-5.01496
-5.01554
-5.01583
-5.01689
-5.01749
-5.0178
-5.01857
-5.01935
-5.01998
-5.02062
-5.0208
-5.02144
-5.02193
-5.02242
-5.02306
-5.02385
-5.02464
-5.02528
-5.02561
-5.02609
-5.02686
-5.02762
-5.02792
-5.02807
-5.0288
-5.02938
-5.03009
-5.03064
-5.03132
-5.03153
-5.03218
-5.0325
-5.03281
-5.03324
-5.03335
-5.03314
-5.0335
-5.03353
-5.03368
-5.03381
-5.03375
-5.0338
-5.03383
-5.03366
-5.03406
-5.03412
-5.03414
-5.03412
-5.03405
-5.03409
-5.03393
-5.03372
-5.03347
-5.03302
-5.03251
-5.03226
-5.03166
-5.031
-5.03014
-5.02939
-5.02857
-5.02756
-5.02665
-5.02583
-5.02496
-5.02404
-5.02292
-5.02175
-5.02053
-5.0191
-5.01808
-5.01702
-5.0159
-5.01444
-5.01277
-5.01137
-5.00962
-5.00797
-5.00614
-5.00426
-5.0025
-5.00069
-4.99901
-4.99728
-4.99537
-4.99357
-4.99129
-4.98959
-4.9874
-4.98533
-4.98338
-4.98156
-4.97927
-4.9771
-4.97506
-4.97285
-4.97122
-4.96942
-4.96701
-4.96503
-4.96304
-4.96074
-4.95858
-4.95641
-4.95439
-4.95205
-4.94972
-4.94784
-4.94581
-4.94333
-4.94131
-4.93914
-4.93683
-4.93483
-4.93269
-4.93057
-4.92846
-4.92638
-4.92416
-4.92226
-4.92024
-4.9184
-4.91629
-4.9142
-4.9126
-4.91058
-4.90845
-4.90681
-4.90521
-4.9035
-4.90183
-4.90022
-4.8988
-4.89698
-4.89552
-4.89411
-4.89276
-4.89147
-4.8904
-4.88924
-4.88845
-4.88759
-4.88604
-4.88517
-4.88437
-4.88336
-4.88288
-4.88234
-4.88174
-4.88137
-4.8811
-4.88107
-4.88129
-4.8813
-4.88141
-4.88117
-4.88133
-4.8816
-4.88212
-4.88259
-4.88317
-4.884
-4.88479
-4.88583
-4.88712
-4.88837
-4.88971
-4.891
-4.89285
-4.89433
-4.89606
-4.89803
-4.89978
-4.90177
-4.90399
-4.90599
-4.90806
-4.91066
-4.91301
-4.91558
-4.91821
-4.92074
-4.92347
-4.9261
-4.92876
-4.93131
-4.93434
-4.93725
-4.94003
-4.94298
-4.9458
-4.94878
-4.95161
-4.95475
-4.95743
-4.96057
-4.96415
-4.96696
-4.96991
-4.9727
-4.97531
-4.97806
-4.98078
-4.98348
-4.9863
-4.98909
-4.99169
-4.99427
-4.99682
-4.99933
-5.0021
-5.00454
-5.00695
-5.00947
-5.01181
-5.01395
-5.01622
-5.01829
-5.02034
-5.0228
-5.02507
-5.02731
-5.02937
-5.03154
-5.03399
-5.03594
-5.03787
-5.03961
-5.04148
-5.04316
-5.04512
-5.0469
-5.04864
-5.05021
-5.0516
-5.05326
-5.05474
-5.05635
-5.05823
-5.05978
-5.06145
-5.0631
-5.06457
-5.06601
-5.06711
-5.06865
-5.07
-5.07132
-5.07246
-5.07373
-5.07451
-5.07556
-5.07673
-5.07802
-5.07928
-5.08035
-5.08154
-5.0827
-5.08382
-5.08491
-5.08566
-5.08622
-5.08706
-5.08815
-5.08906
-5.08964
-5.09063
-5.09128
-5.09189
-5.09232
-5.09286
-5.09337
-5.09369
-5.09413
-5.09438
-5.09474
-5.09492
-5.09537
-5.09579
-5.09587
-5.09606
-5.09638
-5.09651
-5.09691
-5.09713
-5.09701
-5.09686
-5.09653
-5.09662
-5.09608
-5.09611
-5.0961
-5.09576
-5.09554
-5.09544
-5.0953
-5.09513
-5.09492
-5.09422
-5.09379
-5.09332
-5.09295
-5.09225
-5.09164
-5.09069
-5.09015
-5.0894
-5.08905
-5.08834
-5.08727
-5.08629
-5.08525
-5.08429
-5.08326
-5.082
-5.08082
-5.0794
-5.07821
-5.07648
-5.07512
-5.07351
-5.07181
-5.07001
-5.06781
-5.06581
-5.06371
-5.0615
-5.05934
-5.05662
-5.05364
-5.05084
-5.04779
-5.04462
-5.04165
-5.03856
-5.03522
-5.03206
-5.0285
-5.02467
-5.02105
-5.01717
-5.01319
-5.00896
-5.00509
-5.00083
-4.99648
-4.9922
-4.98784
-4.98356
-4.97846
-4.97344
-4.96928
-4.96446
-4.95975
-4.955
-4.95021
-4.9451
-4.93997
-4.93513
-4.93014
-4.9253
-4.92032
-4.91551
-4.91042
-4.90537
-4.90065
-4.89569
-4.89123
-4.88668
-4.8822
-4.87765
-4.87348
-4.86925
-4.86482
-4.86064
-4.85657
-4.85247
-4.84879
-4.84493
-4.84136
-4.83778
-4.83449
-4.8312
-4.82821
-4.82523
-4.82242
-4.82022
-4.81789
-4.81588
-4.81405
-4.81254
-4.81077
-4.80948
-4.80822
-4.80746
-4.80643
-4.80559
-4.80524
-4.80539
-4.80543
-4.8052
-4.80562
-4.80607
-4.80672
-4.80755
-4.80887
-4.81037
-4.8116
-4.81286
-4.8143
-4.81621
-4.81874
-4.82099
-4.82339
-4.82581
-4.82868
-4.83154
-4.83425
-4.8371
-4.84068
-4.84408
-4.84746
-4.8511
-4.85485
-4.85854
-4.86264
-4.86652
-4.87079
-4.87498
-4.87924
-4.88326
-4.88764
-4.89206
-4.89668
-4.90119
-4.90572
-4.91043
-4.91485
-4.91928
-4.92371
-4.92845
-4.93363
-4.93805
-4.9423
-4.94698
-4.95118
-4.9555
-4.95964
-4.96404
-4.96825
-4.97242
-4.97714
-4.98121
-4.98583
-4.99009
-4.9943
-4.9983
-5.00224
-5.00597
-5.00949
-5.01264
-5.01634
-5.01982
-5.02353
-5.02703
-5.03031
-5.03368
-5.03714
-5.04037
-5.04354
-5.04664
-5.04938
-5.05235
-5.05525
-5.05808
-5.06069
-5.06369
-5.06616
-5.06871
-5.07074
-5.07329
-5.07563
-5.07788
-5.08006
-5.08201
-5.08418
-5.08641
-5.08811
-5.08972
-5.09109
-5.09282
-5.0946
-5.09614
-5.09742
-5.09861
-5.09999
-5.10126
-5.10196
-5.10286
-5.10364
-5.10415
-5.10454
-5.1048
-5.10479
-5.1051
-5.10499
-5.10474
-5.10436
-5.10385
-5.1032
-5.10226
-5.10164
-5.10028
-5.09894
-5.09746
-5.09615
-5.095
-5.09312
-5.09095
-5.08911
-5.08684
-5.08475
-5.08239
-5.0796
-5.07731
-5.07445
-5.07148
-5.06826
-5.06494
-5.06184
-5.05865
-5.05537
-5.05233
-5.04891
-5.04559
-5.04221
-5.03849
-5.03503
-5.03139
-5.02757
-5.02374
-5.0199
-5.01636
-5.01239
-5.00903
-5.0054
-5.00196
-4.99826
-4.99461
-4.99087
-4.98736
-4.98406
-4.98086
-4.97759
-4.97473
-4.97182
-4.96903
-4.9662
-4.96366
-4.96109
-4.95881
-4.95668
-4.95469
-4.95271
-4.95087
-4.9495
-4.94815
-4.94695
-4.94592
-4.94521
-4.94482
-4.944
-4.9438
-4.94362
-4.94361
-4.94391
-4.94469
-4.94502
-4.94582
-4.94693
-4.94775
-4.94917
-4.95029
-4.95155
-4.95296
-4.95465
-4.95663
-4.95873
-4.96081
-4.963
-4.96486
-4.96697
-4.96933
-4.97194
-4.97464
-4.97757
-4.98058
-4.98366
-4.98665
-4.98985
-4.99311
-4.99642
-4.99931
-5.00314
-5.00625
-5.00893
-5.01208
-5.01494
-5.01795
-5.02112
-5.02458
-5.02758
-5.03087
-5.03384
-5.03723
-5.04044
-5.04347
-5.04676
-5.04985
-5.05335
-5.05635
-5.05929
-5.06201
-5.06483
-5.06728
-5.06996
-5.07242
-5.07496
-5.07741
-5.07994
-5.08253
-5.08504
-5.08731
-5.08918
-5.09127
-5.09296
-5.09455
-5.09651
-5.0979
-5.09935
-5.10055
-5.1018
-5.10279
-5.10352
-5.1049
-5.10573
-5.1063
-5.1069
-5.1074
-5.10794
-5.10838
-5.10854
-5.1086
-5.10824
-5.10777
-5.10718
-5.10664
-5.10613
-5.1055
-5.10491
-5.10391
-5.10294
-5.10186
-5.10066
-5.09935
-5.09807
-5.09638
-5.09488
-5.09297
-5.09094
-5.0888
-5.08685
-5.0845
-5.08218
-5.08006
-5.07753
-5.07505
-5.07277
-5.06979
-5.06686
-5.06383
-5.06071
-5.05735
-5.05435
-5.05112
-5.04765
-5.04395
-5.04018
-5.03664
-5.03288
-5.02905
-5.02532
-5.02138
-5.01754
-5.01336
-5.00928
-5.00533
-5.00134
-4.99703
-4.99285
-4.98897
-4.98447
-4.98028
-4.9761
-4.97194
-4.96765
-4.96368
-4.95915
-4.95512
-4.95113
-4.94736
-4.94365
-4.9397
-4.93614
-4.93236
-4.92852
-4.92508
-4.92174
-4.91851
-4.91555
-4.91255
-4.90968
-4.90679
-4.90418
-4.90171
-4.89999
-4.8978
-4.89592
-4.89357
-4.89184
-4.89025
-4.88912
-4.88784
-4.88671
-4.88588
-4.88491
-4.88408
-4.88341
-4.88349
-4.88295
-4.88271
-4.8823
-4.88249
-4.8828
-4.88309
-4.88381
-4.88465
-4.88545
-4.88652
-4.88754
-4.88866
-4.88988
-4.89119
-4.89274
-4.89423
-4.89564
-4.89727
-4.89867
-4.90059
-4.90226
-4.90398
-4.90606
-4.90788
-4.91004
-4.91193
-4.914
-4.9161
-4.91806
-4.9202
-4.92265
-4.92526
-4.92711
-4.92942
-4.93188
-4.93402
-4.93646
-4.93872
-4.94112
-4.94349
-4.94568
-4.94755
-4.94967
-4.95146
-4.95336
-4.95537
-4.95717
-4.95878
-4.96033
-4.96213
-4.96418
-4.96571
-4.96688
-4.96844
-4.97008
-4.97136
-4.97272
-4.9737
-4.97477
-4.97592
-4.97685
-4.97755
-4.97834
-4.9792
-4.9797
-4.98027
-4.98078
-4.98122
-4.9819
-4.98205
-4.9823
-4.98219
-4.98233
-4.98256
-4.98259
-4.98212
-4.98221
-4.98211
-4.98213
-4.98211
-4.98207
-4.98171
-4.98148
-4.98154
-4.98114
-4.98074
-4.98004
-4.97995
-4.97973
-4.97967
-4.97979
-4.97948
-4.97921
-4.97867
-4.97864
-4.97835
-4.97856
-4.97868
-4.97901
-4.97926
-4.97912
-4.97935
-4.97966
-4.98035
-4.98051
-4.98121
-4.9823
-4.98331
-4.98442
-4.98545
-4.98643
-4.98764
-4.98909
-4.99062
-4.99208
-4.99348
-4.99526
-4.99728
-4.99906
-5.00108
-5.00316
-5.00517
-5.00739
-5.00952
-5.01186
-5.0141
-5.0164
-5.01889
-5.02113
-5.02355
-5.02617
-5.02896
-5.03147
-5.03401
-5.03672
-5.03914
-5.04171
-5.04429
-5.04687
-5.0496
-5.05201
-5.05442
-5.05696
-5.05918
-5.06182
-5.06414
-5.06642
-5.06822
-5.07044
-5.07276
-5.07474
-5.07713
-5.07931
-5.08145
-5.08353
-5.08555
-5.08736
-5.08912
-5.09111
-5.09274
-5.09446
-5.09626
-5.09814
-5.09966
-5.10095
-5.10248
-5.10409
-5.10517
-5.10679
-5.10789
-5.10907
-5.11003
-5.11092
-5.11144
-5.11189
-5.11257
-5.11334
-5.1139
-5.11394
-5.11452
-5.11489
-5.11565
-5.11606
-5.11595
-5.11579
-5.11603
-5.11577
-5.11576
-5.11601
-5.11651
-5.11622
-5.11604
-5.11581
-5.11571
-5.11557
-5.11554
-5.11504
-5.11421
-5.11395
-5.11368
-5.11292
-5.11231
-5.11182
-5.11148
-5.11082
-5.11029
-5.11006
-5.10953
-5.10883
-5.10828
-5.10728
-5.10658
-5.10619
-5.10565
-5.10511
-5.10458
-5.10375
-5.10293
-5.10243
-5.10194
-5.10131
-5.10084
-5.10039
-5.09996
-5.09954
-5.09914
-5.09875
-5.09808
-5.09758
-5.0971
-5.09679
-5.09665
-5.09669
-5.09628
-5.09605
-5.09584
-5.0955
-5.09517
-5.09517
-5.09519
-5.09508
-5.09498
-5.09521
-5.09484
-5.0948
-5.09477
-5.09507
-5.09522
-5.09524
-5.09512
-5.09502
-5.09507
-5.09529
-5.09567
-5.09591
-5.09631
-5.09701
-5.09712
-5.09723
-5.09735
-5.09731
-5.09713
-5.0974
-5.09752
-5.09763
-5.09789
-5.09784
-5.09778
-5.09787
-5.09779
-5.09786
-5.09791
-5.09779
-5.09781
-5.09797
-5.09795
-5.09761
-5.09756
-5.09748
-5.09722
-5.09709
-5.09724
-5.0972
-5.09699
-5.09644
-5.09616
-5.09569
-5.09504
-5.0945
-5.09408
-5.09362
-5.09296
-5.09242
-5.09198
-5.09135
-5.09068
-5.08996
-5.08935
-5.08839
-5.08723
-5.08617
-5.08552
-5.08453
-5.08348
-5.08254
-5.08109
-5.08021
-5.07882
-5.07753
-5.0762
-5.07482
-5.07355
-5.07223
-5.07072
-5.06931
-5.06741
-5.06593
-5.0644
-5.06313
-5.06138
-5.05944
-5.05731
-5.05576
-5.05403
-5.05211
-5.05002
-5.04821
-5.04607
-5.04422
-5.0425
-5.04016
-5.0378
-5.03559
-5.03352
-5.03114
-5.02906
-5.02729
-5.02521
-5.02344
-5.02153
-5.01932
-5.01728
-5.0154
-5.0134
-5.01111
-5.00944
-5.00705
-5.00545
-5.00372
-5.00218
-5.00037
-4.99845
-4.99672
-4.99488
-4.99324
-4.99134
-4.9898
-4.9883
-4.98701
-4.98532
-4.98399
-4.98302
-4.98196
-4.98066
-4.97926
-4.97808
-4.97681
-4.97621
-4.97522
-4.9746
-4.97359
-4.97325
-4.97267
-4.97231
-4.97201
-4.97178
-4.97146
-4.9709
-4.97056
-4.97073
-4.97066
-4.97064
-4.97038
-4.97049
-4.97064
-4.9707
-4.97081
-4.97112
-4.97132
-4.97157
-4.97216
-4.97264
-4.97286
-4.97357
-4.9743
-4.97537
-4.97617
-4.97639
-4.97723
-4.97794
-4.97882
-4.97971
-4.98031
-4.98107
-4.98199
-4.98306
-4.98368
-4.98444
-4.9855
-4.98641
-4.98685
-4.98772
-4.98844
-4.98928
-4.98995
-4.99045
-4.99092
-4.99122
-4.99164
-4.99233
-4.99283
-4.99301
-4.9933
-4.99401
-4.99408
-4.99441
-4.99425
-4.99466
-4.99488
-4.99537
-4.99567
-4.99608
-4.9963
-4.99633
-4.99633
-4.99629
-4.99607
-4.99627
-4.99614
-4.99583
-4.99564
-4.99528
-4.9952
-4.99479
-4.99452
-4.99423
-4.99377
-4.99346
-4.99313
-4.99266
-4.99278
-4.9923
-4.99212
-4.99195
-4.99179
-4.99179
-4.9918
-4.99138
-4.99112
-4.99103
-4.99082
-4.99108
-4.99061
-4.99017
-4.99006
-4.99014
-4.99039
-4.99007
-4.99009
-4.99014
-4.99008
-4.9905
-4.99065
-4.99069
-4.99076
-4.99117
-4.99131
-4.99178
-4.99213
-4.99267
-4.99293
-4.99278
-4.99355
-4.9939
-4.99443
-4.99514
-4.99586
-4.99662
-4.99724
-4.99803
-4.9987
-4.99953
-5.00023
-5.0011
-5.00153
-5.00242
-5.00288
-5.00365
-5.00473
-5.00567
-5.00662
-5.00713
-5.00764
-5.00831
-5.00928
-5.01011
-5.0111
-5.01193
-5.01323
-5.01361
-5.0143
-5.01499
-5.01582
-5.01651
-5.01734
-5.01816
-5.01884
-5.01935
-5.02016
-5.02097
-5.02161
-5.02225
-5.02319
-5.02381
-5.02442
-5.02502
-5.02592
-5.02665
-5.02692
-5.02779
-5.02864
-5.02964
-5.03017
-5.03084
-5.03165
-5.03214
-5.03293
-5.03356
-5.03402
-5.03493
-5.03552
-5.03625
-5.03698
-5.03754
-5.0384
-5.03849
-5.03888
-5.03941
-5.04008
-5.0409
-5.04141
-5.04206
-5.0427
-5.04334
-5.04412
-5.04444
-5.0449
-5.04565
-5.04625
-5.04714
-5.04773
-5.0483
-5.04902
-5.04942
-5.04951
-5.05004
-5.05087
-5.05138
-5.05172
-5.0519
-5.05222
-5.05237
-5.0528
-5.05306
-5.0533
-5.05322
-5.05326
-5.05343
-5.05342
-5.05369
-5.05392
-5.05383
-5.05385
-5.05368
-5.05393
-5.05384
-5.05386
-5.05353
-5.05332
-5.05335
-5.05349
-5.05313
-5.05271
-5.05209
-5.05157
-5.05098
-5.05064
-5.04993
-5.04871
-5.04788
-5.04653
-5.04571
-5.04483
-5.04357
-5.04255
-5.04145
-5.04043
-5.03903
-5.03757
-5.03602
-5.03425
-5.03271
-5.03078
-5.02894
-5.02686
-5.02517
-5.02295
-5.0208
-5.01889
-5.01661
-5.0141
-5.01168
-5.0095
-5.0071
-5.0042
-5.00138
-4.99852
-4.99575
-4.99294
-4.98978
-4.98704
-4.98381
-4.98086
-4.97772
-4.97472
-4.97171
-4.96883
-4.96595
-4.96278
-4.95961
-4.95676
-4.95362
-4.95067
-4.94759
-4.94455
-4.94171
-4.93892
-4.93603
-4.93336
-4.93106
-4.92867
-4.92622
-4.92415
-4.92156
-4.91891
-4.91681
-4.9148
-4.91289
-4.91109
-4.90938
-4.90839
-4.90689
-4.90535
-4.90406
-4.90287
-4.90178
-4.9008
-4.89975
-4.89896
-4.8984
-4.89733
-4.89665
-4.89634
-4.89596
-4.89535
-4.89541
-4.89568
-4.89541
-4.89579
-4.89591
-4.89607
-4.89643
-4.89636
-4.89647
-4.89675
-4.8969
-4.89691
-4.89738
-4.89741
-4.89759
-4.89778
-4.89811
-4.89843
-4.8986
-4.89875
-4.89905
-4.89933
-4.89959
-4.89969
-4.89962
-4.89983
-4.90002
-4.90005
-4.8999
-4.89958
-4.89955
-4.8995
-4.89898
-4.89889
-4.89879
-4.89837
-4.89824
-4.8981
-4.89795
-4.89794
-4.89762
-4.89744
-4.89757
-4.89739
-4.89736
-4.89687
-4.89654
-4.89637
-4.89605
-4.89589
-4.8959
-4.89561
-4.89519
-4.89493
-4.89484
-4.89478
-4.89473
-4.89455
-4.8944
-4.89427
-4.89477
-4.8953
-4.89526
-4.89554
-4.89571
-4.8956
-4.89582
-4.89593
-4.89652
-4.89684
-4.89705
-4.89728
-4.89785
-4.8983
-4.89878
-4.8993
-4.89984
-4.90041
-4.90132
-4.90165
-4.90246
-4.90314
-4.904
-4.90489
-4.90579
-4.90672
-4.90767
-4.90864
-4.90947
-4.91017
-4.91134
-4.91191
-4.91296
-4.91386
-4.91507
-4.91614
-4.91677
-4.9177
-4.91864
-4.91943
-4.92022
-4.92072
-4.92151
-4.92231
-4.92325
-4.92405
-4.92484
-4.92579
-4.92673
-4.92767
-4.9286
-4.92923
-4.93001
-4.93064
-4.93141
-4.93248
-4.9334
-4.93477
-4.93554
-4.93645
-4.93751
-4.93797
-4.93903
-4.94069
-4.9416
-4.94236
-4.94327
-4.94463
-4.94585
-4.94691
-4.94767
-4.94858
-4.94965
-4.95071
-4.95193
-4.95315
-4.95421
-4.95467
-4.95558
-4.95649
-4.9574
-4.95816
-4.95906
-4.95996
-4.96116
-4.9619
-4.96279
-4.96351
-4.96423
-4.96494
-4.96579
-4.96648
-4.96716
-4.96767
-4.96832
-4.96926
-4.97019
-4.9711
-4.97169
-4.97241
-4.97311
-4.97364
-4.97431
-4.97495
-4.97557
-4.97602
-4.97644
-4.97699
-4.97752
-4.97787
-4.97851
-4.97896
-4.97909
-4.9795
-4.98004
-4.98009
-4.98028
-4.98044
-4.98058
-4.98054
-4.98094
-4.98116
-4.98137
-4.98156
-4.98188
-4.98203
-4.98218
-4.98231
-4.98273
-4.98254
-4.98265
-4.98261
-4.98272
-4.98282
-4.98293
-4.9832
-4.98348
-4.98363
-4.98378
-4.98336
-4.98356
-4.98348
-4.98343
-4.98387
-4.98434
-4.98485
-4.98524
-4.98553
-4.98601
-4.98654
-4.98712
-4.98745
-4.98783
-4.98797
-4.98876
-4.98991
-4.99067
-4.99179
-4.99282
-4.9942
-4.99549
-4.99639
-4.99764
-4.99895
-5.00031
-5.00173
-5.00334
-5.00469
-5.00609
-5.00753
-5.009
-5.01051
-5.0119
-5.01377
-5.01565
-5.01726
-5.01918
-5.02096
-5.0229
-5.02469
-5.02694
-5.02887
-5.0305
-5.03211
-5.03416
-5.0362
-5.03805
-5.03973
-5.04154
-5.043
-5.04414
-5.04538
-5.04689
-5.04835
-5.04977
-5.0513
-5.05293
-5.0542
-5.05543
-5.0566
-5.05787
-5.05863
-5.05994
-5.0609
-5.06149
-5.06248
-5.06341
-5.06413
-5.0648
-5.06525
-5.06579
-5.06627
-5.0667
-5.06691
-5.06736
-5.0676
-5.06808
-5.06835
-5.0684
-5.06825
-5.06864
-5.06867
-5.06878
-5.06869
-5.06853
-5.06802
-5.06744
-5.06695
-5.06655
-5.06579
-5.06528
-5.0647
-5.06346
-5.06232
-5.06157
-5.0603
-5.05944
-5.05822
-5.05724
-5.05606
-5.05467
-5.05353
-5.05219
-5.0511
-5.04966
-5.04802
-5.04649
-5.04476
-5.04313
-5.04162
-5.03976
-5.03801
-5.03623
-5.03396
-5.03195
-5.03022
-5.02846
-5.02637
-5.02425
-5.02211
-5.02025
-5.01807
-5.01647
-5.01441
-5.01234
-5.0101
-5.00831
-5.00591
-5.00382
-5.00172
-5.00008
-4.99784
-4.99575
-4.99383
-4.99177
-4.98972
-4.98724
-4.98522
-4.98354
-4.98142
-4.97918
-4.97728
-4.97525
-4.97296
-4.97116
-4.9694
-4.96798
-4.96601
-4.96439
-4.96297
-4.96145
-4.96029
-4.95889
-4.9571
-4.95582
-4.95461
-4.95317
-4.9524
-4.95156
-4.95063
-4.94994
-4.94886
-4.94817
-4.94771
-4.94779
-4.94749
-4.94728
-4.94685
-4.9462
-4.94654
-4.94667
-4.94657
-4.94671
-4.94677
-4.94722
-4.9476
-4.94805
-4.94858
-4.94949
-4.95001
-4.95075
-4.95201
-4.95273
-4.95381
-4.9548
-4.95568
-4.95708
-4.95836
-4.95939
-4.96045
-4.96186
-4.96329
-4.96445
-4.96564
-4.967
-4.96867
-4.97021
-4.97161
-4.97316
-4.97456
-4.97597
-4.97767
-4.97936
-4.9809
-4.98212
-4.98363
-4.98496
-4.98613
-4.98743
-4.989
-4.99025
-4.99116
-4.99205
-4.99305
-4.99418
-4.99512
-4.99602
-4.99689
-4.99773
-4.99822
-4.99883
-4.99971
-5.00069
-5.00134
-5.0021
-5.00283
-5.00366
-5.00431
-5.00492
-5.0055
-5.00619
-5.0067
-5.00717
-5.0076
-5.00801
-5.00808
-5.00842
-5.00873
-5.00931
-5.00957
-5.00994
-5.01044
-5.01061
-5.0103
-5.01028
-5.01037
-5.0103
-5.0102
-5.01038
-5.01009
-5.01024
-5.01066
-5.01062
-5.01055
-5.01047
-5.01068
-5.01071
-5.01074
-5.01044
-5.01028
-5.01025
-5.00991
-5.00955
-5.00902
-5.00848
-5.00808
-5.00767
-5.00754
-5.00724
-5.00708
-5.00675
-5.00641
-5.00575
-5.00538
-5.00483
-5.00428
-5.004
-5.00341
-5.00265
-5.00248
-5.00214
-5.00163
-5.00111
-5.00057
-5.00047
-5.0002
-4.9993
-4.9987
-4.99793
-4.99714
-4.99649
-4.99597
-4.99529
-4.99445
-4.99359
-4.99288
-4.99231
-4.99173
-4.99084
-4.98979
-4.98889
-4.98829
-4.98769
-4.98724
-4.98634
-4.98514
-4.98426
-4.98368
-4.98297
-4.98257
-4.98233
-4.98152
-4.98087
-4.98009
-4.97935
-4.97893
-4.97839
-4.97773
-4.97756
-4.97728
-4.97704
-4.97639
-4.97564
-4.97569
-4.97579
-4.97519
-4.97525
-4.97537
-4.97509
-4.97518
-4.97578
-4.976
-4.97628
-4.97663
-4.97705
-4.97739
-4.97795
-4.97858
-4.97958
-4.98006
-4.98061
-4.98153
-4.98237
-4.98344
-4.98443
-4.98594
-4.98752
-4.98887
-4.99014
-4.99132
-4.99272
-4.99403
-4.99571
-4.99729
-4.99878
-5.00078
-5.00282
-5.00462
-5.00646
-5.00849
-5.01041
-5.01237
-5.01451
-5.01607
-5.01812
-5.02049
-5.02258
-5.02439
-5.02666
-5.02924
-5.03167
-5.03396
-5.0364
-5.03868
-5.0411
-5.04336
-5.04545
-5.04768
-5.05004
-5.05237
-5.05422
-5.05635
-5.05814
-5.06005
-5.06192
-5.06359
-5.06568
-5.06758
-5.06928
-5.07077
-5.07237
-5.07377
-5.07527
-5.07686
-5.0784
-5.08003
-5.08176
-5.08298
-5.08444
-5.08569
-5.08673
-5.08787
-5.08894
-5.09041
-5.09167
-5.09257
-5.09325
-5.09404
-5.09476
-5.09558
-5.09604
-5.09645
-5.09695
-5.0974
-5.09779
-5.09814
-5.09828
-5.09838
-5.09873
-5.09918
-5.09929
-5.09905
-5.09892
-5.0989
-5.09869
-5.09845
-5.09847
-5.09815
-5.0978
-5.09802
-5.09807
-5.09778
-5.09746
-5.09758
-5.09707
-5.09668
-5.09613
-5.09586
-5.09572
-5.09542
-5.09541
-5.09478
-5.09444
-5.0935
-5.093
-5.0925
-5.09184
-5.09103
-5.09053
-5.09002
-5.08983
-5.08949
-5.08855
-5.08807
-5.08776
-5.08746
-5.08687
-5.0866
-5.08634
-5.08641
-5.08604
-5.08554
-5.08521
-5.08446
-5.08403
-5.08377
-5.08369
-5.08319
-5.08316
-5.08301
-5.08258
-5.08218
-5.08212
-5.08177
-5.08161
-5.08162
-5.08182
-5.08189
-5.08183
-5.08225
-5.08225
-5.08242
-5.08247
-5.08269
-5.08293
-5.0832
-5.08333
-5.08348
-5.0835
-5.08369
-5.08404
-5.08455
-5.08493
-5.08517
-5.08542
-5.08612
-5.08623
-5.08665
-5.08721
-5.08748
-5.08774
-5.08801
-5.08842
-5.08882
-5.08907
-5.08946
-5.09014
-5.0902
-5.09055
-5.09088
-5.0912
-5.09135
-5.09179
-5.0919
-5.09229
-5.09265
-5.09255
-5.09286
-5.09316
-5.09312
-5.09367
-5.09373
-5.09361
-5.09331
-5.09313
-5.09322
-5.09297
-5.09285
-5.0927
-5.09281
-5.09259
-5.09249
-5.0922
-5.09234
-5.09228
-5.0922
-5.09178
-5.09132
-5.09098
-5.09045
-5.09003
-5.08928
-5.0888
-5.08797
-5.08726
-5.08621
-5.08557
-5.08444
-5.08388
-5.08298
-5.08218
-5.08105
-5.07987
-5.07851
-5.07755
-5.07625
-5.0749
-5.07367
-5.07239
-5.07121
-5.06969
-5.06828
-5.06682
-5.06546
-5.06361
-5.06247
-5.06068
-5.059
-5.05696
-5.05519
-5.05338
-5.05167
-5.04962
-5.04753
-5.04541
-5.04354
-5.04165
-5.03987
-5.03761
-5.03562
-5.0336
-5.03096
-5.02875
-5.02697
-5.02488
-5.02217
-5.02005
-5.01763
-5.01506
-5.01279
-5.01052
-5.00827
-5.00603
-5.00426
-5.00207
-4.99945
-4.99716
-4.99507
-4.99317
-4.99116
-4.98905
-4.9876
-4.98591
-4.98413
-4.98212
-4.98048
-4.97892
-4.97744
-4.97589
-4.97458
-4.97306
-4.97164
-4.97092
-4.97
-4.96918
-4.96877
-4.96786
-4.96735
-4.96711
-4.96683
-4.9662
-4.96644
-4.96634
-4.9665
-4.96706
-4.96744
-4.96776
-4.96834
-4.96903
-4.96996
-4.97099
-4.97181
-4.97303
-4.97433
-4.97541
-4.97718
-4.97826
-4.97957
-4.98125
-4.98284
-4.98449
-4.98619
-4.98794
-4.98959
-4.99158
-4.99346
-4.99508
-4.99718
-4.99915
-5.0013
-5.00347
-5.00566
-5.00755
-5.00961
-5.01153
-5.0136
-5.01613
-5.01775
-5.01997
-5.02219
-5.02425
-5.026
-5.0285
-5.03099
-5.03301
-5.03486
-5.0367
-5.03868
-5.04049
-5.04244
-5.04482
-5.04658
-5.04802
-5.0496
-5.05145
-5.05329
-5.05541
-5.05706
-5.05899
-5.0609
-5.06219
-5.06391
-5.06561
-5.06745
-5.0688
-5.07044
-5.07191
-5.07351
-5.07494
-5.07664
-5.07787
-5.07923
-5.08041
-5.08188
-5.08362
-5.08533
-5.08718
-5.08794
-5.08944
-5.09075
-5.0919
-5.09316
-5.09486
-5.09593
-5.09697
-5.09829
-5.09928
-5.10056
-5.10181
-5.10304
-5.10456
-5.1056
-5.10663
-5.10748
-5.10878
-5.10992
-5.11119
-5.11231
-5.11327
-5.11438
-5.11534
-5.11629
-5.1174
-5.11836
-5.11933
-5.12031
-5.12115
-5.122
-5.12301
-5.12435
-5.12525
-5.12633
-5.12742
-5.12884
-5.12997
-5.13083
-5.13217
-5.13368
-5.13475
-5.13586
-5.13683
-5.13813
-5.13975
-5.14094
-5.14229
-5.14396
-5.1455
-5.1469
-5.14831
-5.14987
-5.15099
-5.15256
-5.15398
-5.1554
-5.1571
-5.15865
-5.16033
-5.16169
-5.16318
-5.1645
-5.16623
-5.16779
-5.16885
-5.16988
-5.17132
-5.17225
-5.17329
-5.17443
-5.17536
-5.17638
-5.17719
-5.17794
-5.17922
-5.17984
-5.18008
-5.1801
-5.1805
-5.18082
-5.18107
-5.18155
-5.1821
-5.18183
-5.18193
-5.18211
-5.18192
-5.18196
-5.18178
-5.18124
-5.18109
-5.18058
-5.18016
-5.17955
-5.17874
-5.17805
-5.17762
-5.17672
-5.17579
-5.175
-5.17406
-5.17371
-5.17292
-5.17215
-5.17154
-5.17082
-5.16998
-5.16933
-5.16889
-5.16835
-5.16803
-5.16747
-5.1673
-5.1672
-5.1672
-5.16713
-5.167
-5.16713
-5.1672
-5.16753
-5.1678
-5.16833
-5.16911
-5.16969
-5.17051
-5.17128
-5.1723
-5.17294
-5.17412
-5.17523
-5.17656
-5.17795
-5.17925
-5.18045
-5.1823
-5.18404
-5.18595
-5.18759
-5.18924
-5.19059
-5.19209
-5.19358
-5.19521
-5.19666
-5.19854
-5.19992
-5.20141
-5.20254
-5.20377
-5.20494
-5.20634
-5.20781
-5.20905
-5.21037
-5.21159
-5.21211
-5.21269
-5.21348
-5.21415
-5.21473
-5.21534
-5.21554
-5.21547
-5.21545
-5.215
-5.21473
-5.2142
-5.21399
-5.21291
-5.21217
-5.21145
-5.21045
-5.20934
-5.20825
-5.20689
-5.20541
-5.20381
-5.20179
-5.19995
-5.19799
-5.19592
-5.19419
-5.19219
-5.18993
-5.18741
-5.18509
-5.18266
-5.17998
-5.17704
-5.17386
-5.17043
-5.1669
-5.16359
-5.16004
-5.15671
-5.15314
-5.1498
-5.14593
-5.14228
-5.13826
-5.13433
-5.12989
-5.12583
-5.12157
-5.11741
-5.1135
-5.10893
-5.10448
-5.10014
-5.09576
-5.09106
-5.08647
-5.08216
-5.07814
-5.07365
-5.06945
-5.06494
-5.06058
-5.05576
-5.05141
-5.04707
-5.04244
-5.03828
-5.0343
-5.02975
-5.02537
-5.02119
-5.0169
-5.0125
-5.00831
-5.00432
-5.00025
-4.9967
-4.99262
-4.98876
-4.98483
-4.98085
-4.97695
-4.97345
-4.97021
-4.96693
-4.9639
-4.96085
-4.95791
-4.95526
-4.95258
-4.95003
-4.94793
-4.94552
-4.9434
-4.94114
-4.93978
-4.93812
-4.93662
-4.93498
-4.9341
-4.93308
-4.93192
-4.93123
-4.93069
-4.93031
-4.93025
-4.93019
-4.93012
-4.93021
-4.93045
-4.93112
-4.93179
-4.93243
-4.9335
-4.93453
-4.93568
-4.93677
-4.93767
-4.93925
-4.94061
-4.9422
-4.944
-4.94585
-4.94775
-4.94969
-4.9515
-4.95349
-4.95518
-4.95687
-4.95871
-4.96039
-4.96205
-4.96382
-4.96556
-4.96741
-4.96876
-4.97035
-4.97172
-4.97334
-4.97442
-4.97604
-4.97712
-4.97826
-4.97932
-4.98044
-4.98131
-4.98239
-4.98291
-4.9835
-4.98383
-4.98436
-4.98479
-4.98497
-4.98505
-4.98518
-4.98522
-4.98486
-4.98455
-4.98416
-4.98382
-4.98325
-4.98259
-4.9817
-4.98088
-4.98013
-4.97947
-4.97828
-4.97702
-4.97585
-4.97431
-4.97333
-4.97198
-4.97074
-4.96945
-4.96781
-4.96643
-4.96472
-4.96282
-4.96118
-4.95937
-4.95784
-4.95583
-4.95395
-4.95206
-4.95045
-4.94869
-4.94706
-4.94513
-4.94335
-4.94142
-4.93904
-4.93697
-4.93506
-4.93316
-4.93158
-4.92986
-4.92847
-4.92665
-4.925
-4.92368
-4.92179
-4.92039
-4.91872
-4.91725
-4.91566
-4.91427
-4.91322
-4.91178
-4.91008
-4.90904
-4.90791
-4.90654
-4.90553
-4.90504
-4.90401
-4.90305
-4.90246
-4.90194
-4.9018
-4.90159
-4.901
-4.90049
-4.90037
-4.90018
-4.90007
-4.90006
-4.89982
-4.89983
-4.89993
-4.90043
-4.90101
-4.90139
-4.90186
-4.90243
-4.9034
-4.90446
-4.90532
-4.90612
-4.90747
-4.90876
-4.91015
-4.91193
-4.91351
-4.91502
-4.91663
-4.91848
-4.92056
-4.92273
-4.92483
-4.92716
-4.92912
-4.93146
-4.93371
-4.93589
-4.93858
-4.94134
-4.944
-4.94673
-4.94935
-4.95262
-4.95579
-4.95854
-4.96149
-4.96476
-4.96746
-4.97048
-4.97307
-4.97612
-4.97889
-4.98166
-4.98534
-4.98841
-4.99162
-4.99437
-4.99756
-5.00058
-5.00327
-5.00594
-5.00888
-5.01178
-5.01465
-5.01778
-5.02072
-5.02391
-5.02675
-5.02894
-5.03153
-5.03391
-5.03623
-5.03849
-5.0407
-5.04269
-5.04491
-5.04723
-5.04933
-5.05136
-5.05347
-5.05537
-5.0572
-5.05882
-5.06052
-5.0623
-5.06417
-5.06597
-5.06756
-5.06879
-5.07011
-5.07136
-5.07256
-5.0737
-5.07478
-5.07596
-5.07664
-5.07757
-5.0786
-5.07973
-5.08067
-5.08141
-5.08212
-5.08278
-5.08356
-5.08401
-5.08442
-5.0848
-5.0853
-5.08593
-5.08638
-5.0868
-5.08706
-5.08745
-5.08797
-5.08847
-5.08881
-5.08898
-5.08959
-5.08988
-5.09002
-5.09029
-5.09025
-5.0905
-5.09059
-5.09113
-5.09151
-5.09217
-5.09253
-5.09228
-5.09262
-5.09294
-5.09326
-5.09342
-5.09371
-5.09429
-5.09471
-5.09481
-5.09489
-5.09481
-5.09456
-5.09459
-5.09461
-5.09445
-5.09442
-5.09392
-5.09355
-5.09346
-5.09319
-5.09351
-5.0935
-5.09331
-5.09295
-5.09256
-5.0923
-5.09216
-5.09184
-5.0915
-5.09129
-5.09074
-5.09018
-5.08974
-5.08988
-5.0894
-5.08905
-5.08838
-5.08783
-5.08758
-5.087
-5.08656
-5.08596
-5.08519
-5.08456
-5.08378
-5.08313
-5.08294
-5.08274
-5.08224
-5.08173
-5.08108
-5.08028
-5.07948
-5.07868
-5.07805
-5.07727
-5.07666
-5.07605
-5.07546
-5.07457
-5.07371
-5.07301
-5.07232
-5.07196
-5.07131
-5.07083
-5.07037
-5.07007
-5.0695
-5.06909
-5.0687
-5.06879
-5.06858
-5.06809
-5.06747
-5.06701
-5.06671
-5.06658
-5.0663
-5.06604
-5.06547
-5.06537
-5.06526
-5.06546
-5.06535
-5.06539
-5.06543
-5.0647
-5.06456
-5.06426
-5.06394
-5.0639
-5.06369
-5.06361
-5.06365
-5.06336
-5.06288
-5.06237
-5.06168
-5.06094
-5.05971
-5.05919
-5.05862
-5.05786
-5.05705
-5.05618
-5.05527
-5.054
-5.05283
-5.05145
-5.05047
-5.04943
-5.04833
-5.04673
-5.04537
-5.04457
-5.04325
-5.04203
-5.04046
-5.03868
-5.03671
-5.03498
-5.03321
-5.03124
-5.02892
-5.02702
-5.02554
-5.02341
-5.02125
-5.01922
-5.01731
-5.01523
-5.01328
-5.01147
-5.00949
-5.00736
-5.00537
-5.00339
-5.0014
-4.99973
-4.99747
-4.99537
-4.99345
-4.99125
-4.98863
-4.98664
-4.98485
-4.98309
-4.98123
-4.97957
-4.9778
-4.9761
-4.9746
-4.97302
-4.97135
-4.96975
-4.96868
-4.96738
-4.96616
-4.96486
-4.9638
-4.96297
-4.96269
-4.96173
-4.96101
-4.96039
-4.96001
-4.95956
-4.95906
-4.95895
-4.95908
-4.95916
-4.95918
-4.95883
-4.95903
-4.95932
-4.95955
-4.96002
-4.96058
-4.96152
-4.9624
-4.96351
-4.96425
-4.96506
-4.96686
-4.96783
-4.96903
-4.97029
-4.97192
-4.97362
-4.97493
-4.97661
-4.97819
-4.97998
-4.98151
-4.98311
-4.98475
-4.98643
-4.98832
-4.99039
-4.99266
-4.99481
-4.99685
-4.99877
-5.00087
-5.00284
-5.00515
-5.00748
-5.00967
-5.01159
-5.01368
-5.01608
-5.01865
-5.02093
-5.02307
-5.02536
-5.02797
-5.03013
-5.03244
-5.0346
-5.03661
-5.03862
-5.04093
-5.04308
-5.04537
-5.04736
-5.04948
-5.05158
-5.05383
-5.0562
-5.05811
-5.06014
-5.06215
-5.06474
-5.06685
-5.06893
-5.07113
-5.07331
-5.07529
-5.07739
-5.07916
-5.08073
-5.08271
-5.0845
-5.08655
-5.0884
-5.09036
-5.09196
-5.09337
-5.09487
-5.09648
-5.09773
-5.09893
-5.10008
-5.10118
-5.10192
-5.10292
-5.10432
-5.10566
-5.10651
-5.10746
-5.10791
-5.10861
-5.10928
-5.1102
-5.11094
-5.11179
-5.11276
-5.1131
-5.11387
-5.11446
-5.11488
-5.11513
-5.11598
-5.11606
-5.1169
-5.11773
-5.11842
-5.11896
-5.11936
-5.11978
-5.12037
-5.12068
-5.12101
-5.12167
-5.12222
-5.1228
-5.12356
-5.12436
-5.12551
-5.12685
-5.12778
-5.1286
-5.12976
-5.13082
-5.13177
-5.13292
-5.1341
-5.13548
-5.13706
-5.13866
-5.13986
-5.14138
-5.14294
-5.14407
-5.14553
-5.14717
-5.14867
-5.14974
-5.15142
-5.15266
-5.15436
-5.15621
-5.15776
-5.1587
-5.16008
-5.16146
-5.16267
-5.16446
-5.16578
-5.16738
-5.16865
-5.17004
-5.17155
-5.17287
-5.1743
-5.1757
-5.1772
-5.1782
-5.17931
-5.18022
-5.18123
-5.18219
-5.18309
-5.18409
-5.18488
-5.18547
-5.186
-5.18676
-5.18732
-5.18797
-5.18856
-5.18909
-5.18941
-5.18966
-5.18985
-5.18998
-5.19005
-5.19036
-5.1903
-5.19019
-5.19016
-5.18993
-5.18948
-5.18913
-5.18871
-5.18824
-5.18757
-5.18684
-5.18605
-5.18536
-5.18477
-5.18383
-5.18313
-5.18224
-5.18145
-5.18091
-5.17958
-5.1785
-5.17723
-5.17591
-5.17456
-5.17331
-5.17187
-5.17055
-5.16919
-5.16779
-5.16635
-5.16504
-5.16353
-5.16215
-5.16058
-5.15868
-5.15705
-5.15553
-5.15369
-5.15211
-5.15021
-5.14872
-5.1469
-5.1449
-5.14272
-5.14081
-5.13901
-5.13718
-5.13531
-5.13311
-5.13102
-5.12829
-5.12583
-5.12363
-5.12138
-5.1194
-5.11707
-5.11469
-5.11242
-5.10996
-5.10729
-5.10473
-5.10197
-5.09931
-5.0963
-5.09339
-5.09073
-5.08771
-5.08464
-5.08152
-5.0785
-5.07543
-5.07216
-5.06899
-5.06593
-5.06236
-5.05891
-5.05587
-5.05234
-5.04877
-5.04563
-5.04231
-5.03852
-5.03486
-5.03104
-5.02737
-5.02384
-5.02062
-5.01711
-5.01363
-5.01047
-5.00689
-5.0035
-5.00016
-4.99643
-4.99321
-4.98992
-4.98685
-4.98418
-4.98144
-4.97881
-4.97613
-4.97327
-4.97067
-4.9682
-4.96571
-4.9635
-4.96127
-4.95979
-4.9583
-4.9568
-4.95559
-4.95453
-4.95361
-4.95253
-4.95174
-4.95094
-4.95042
-4.95004
-4.94978
-4.94965
-4.94994
-4.94989
-4.95026
-4.95057
-4.95099
-4.9515
-4.9527
-4.95323
-4.95384
-4.95468
-4.95558
-4.95684
-4.95756
-4.95878
-4.96005
-4.96121
-4.96241
-4.9638
-4.96507
-4.96622
-4.9674
-4.96829
-4.96951
-4.97121
-4.97277
-4.97434
-4.97593
-4.97738
-4.97869
-4.98017
-4.98195
-4.98345
-4.9848
-4.98632
-4.988
-4.98968
-4.99153
-4.99338
-4.9945
-4.99622
-4.99766
-4.99941
-5.00102
-5.00264
-5.00443
-5.00608
-5.00774
-5.00942
-5.01112
-5.01298
-5.0144
-5.0163
-5.01791
-5.01984
-5.02179
-5.0233
-5.02528
-5.02697
-5.02869
-5.03056
-5.03231
-5.03422
-5.03644
-5.03823
-5.04003
-5.0423
-5.04428
-5.04626
-5.04841
-5.05056
-5.05212
-5.05398
-5.05585
-5.05771
-5.05943
-5.0613
-5.06316
-5.06533
-5.06718
-5.06903
-5.07102
-5.07315
-5.07557
-5.07782
-5.07975
-5.08152
-5.08357
-5.08559
-5.08714
-5.08882
-5.09047
-5.0924
-5.09429
-5.09586
-5.09724
-5.09844
-5.09991
-5.10165
-5.10366
-5.10533
-5.10651
-5.10826
-5.10936
-5.11028
-5.11131
-5.11246
-5.11326
-5.11448
-5.11566
-5.11681
-5.11791
-5.11913
-5.1203
-5.1216
-5.1227
-5.12347
-5.12466
-5.12565
-5.12662
-5.1274
-5.12799
-5.12871
-5.12939
-5.13019
-5.13066
-5.1311
-5.13165
-5.13203
-5.13253
-5.13316
-5.13345
-5.13387
-5.13441
-5.13478
-5.13542
-5.13574
-5.13618
-5.13644
-5.13683
-5.1375
-5.13769
-5.13786
-5.13785
-5.13781
-5.13821
-5.13827
-5.13802
-5.13803
-5.13802
-5.13769
-5.13732
-5.13693
-5.13667
-5.13622
-5.13605
-5.13615
-5.13577
-5.13567
-5.13553
-5.13491
-5.13441
-5.13419
-5.13363
-5.13349
-5.13348
-5.13282
-5.13184
-5.13128
-5.13038
-5.1296
-5.12879
-5.1278
-5.12708
-5.12632
-5.12554
-5.12457
-5.12358
-5.12255
-5.1215
-5.12042
-5.11931
-5.11817
-5.11701
-5.11597
-5.11476
-5.11367
-5.11302
-5.11219
-5.11105
-5.11019
-5.1087
-5.1072
-5.10584
-5.10431
-5.10308
-5.10213
-5.10103
-5.09992
-5.09895
-5.09798
-5.09656
-5.09543
-5.09431
-5.09303
-5.09176
-5.09079
-5.08937
-5.08811
-5.08686
-5.08561
-5.08423
-5.083
-5.08179
-5.08043
-5.07909
-5.07791
-5.0769
-5.07605
-5.07476
-5.07364
-5.07223
-5.07114
-5.07021
-5.069
-5.06811
-5.06677
-5.0656
-5.06459
-5.06345
-5.06217
-5.06105
-5.06009
-5.05929
-5.05835
-5.05741
-5.05649
-5.05557
-5.05435
-5.05345
-5.05299
-5.05209
-5.05089
-5.04984
-5.04864
-5.04804
-5.04729
-5.04609
-5.04503
-5.04427
-5.04335
-5.04243
-5.04166
-5.04118
-5.0407
-5.03975
-5.03896
-5.038
-5.03704
-5.03592
-5.03494
-5.03381
-5.03298
-5.03229
-5.03129
-5.0306
-5.0296
-5.0283
-5.02745
-5.02675
-5.0256
-5.02415
-5.02315
-5.02186
-5.02073
-5.01991
-5.01909
-5.01768
-5.01704
-5.01612
-5.0152
-5.01415
-5.01372
-5.0124
-5.01141
-5.01058
-5.00978
-5.009
-5.00795
-5.00707
-5.00621
-5.00569
-5.00504
-5.00443
-5.00399
-5.00374
-5.00307
-5.00258
-5.00228
-5.00186
-5.00148
-5.00114
-5.00113
-5.00102
-5.00094
-5.0009
-5.00075
-5.00079
-5.00087
-5.00085
-5.00072
-5.00062
-5.00088
-5.00118
-5.00152
-5.00161
-5.00189
-5.00192
-5.00229
-5.00271
-5.00302
-5.00367
-5.00392
-5.00451
-5.00484
-5.00537
-5.00593
-5.00668
-5.00762
-5.00845
-5.00977
-5.01082
-5.0119
-5.01301
-5.01414
-5.01515
-5.01574
-5.01695
-5.01802
-5.01927
-5.02023
-5.02135
-5.02263
-5.02362
-5.02461
-5.02576
-5.02676
-5.02821
-5.02935
-5.03004
-5.03041
-5.03168
-5.03294
-5.03404
-5.03512
-5.03618
-5.03722
-5.03838
-5.03923
-5.04065
-5.0416
-5.04251
-5.0434
-5.04395
-5.04508
-5.04602
-5.04692
-5.04749
-5.04787
-5.04881
-5.04941
-5.05012
-5.05094
-5.05156
-5.05198
-5.05282
-5.053
-5.05358
-5.05381
-5.05415
-5.05428
-5.05405
-5.05423
-5.0542
-5.05411
-5.05381
-5.05361
-5.0532
-5.05288
-5.05249
-5.0522
-5.0517
-5.05114
-5.05067
-5.04968
-5.04938
-5.04857
-5.04785
-5.04692
-5.04577
-5.04457
-5.04361
-5.04258
-5.04105
-5.03976
-5.03871
-5.03716
-5.0357
-5.03419
-5.03278
-5.03117
-5.0295
-5.02719
-5.02544
-5.02365
-5.02182
-5.02009
-5.01818
-5.01609
-5.01426
-5.0124
-5.01052
-5.0083
-5.00622
-5.00411
-5.00213
-5.00015
-4.99814
-4.99613
-4.99381
-4.99148
-4.9893
-4.98697
-4.98479
-4.98247
-4.98045
-4.97799
-4.97585
-4.97372
-4.97131
-4.96936
-4.96728
-4.96508
-4.96319
-4.96088
-4.9589
-4.9571
-4.95517
-4.95312
-4.95125
-4.94927
-4.94746
-4.94584
-4.9441
-4.94239
-4.94072
-4.93907
-4.93746
-4.93588
-4.93419
-4.93267
-4.93119
-4.92973
-4.92846
-4.92691
-4.92555
-4.92421
-4.9229
-4.92161
-4.9205
-4.91911
-4.9179
-4.91672
-4.91601
-4.91502
-4.91375
-4.91296
-4.9119
-4.911
-4.90983
-4.90868
-4.9074
-4.9066
-4.90522
-4.90432
-4.9033
-4.90262
-4.90181
-4.90088
-4.89999
-4.89973
-4.89921
-4.89859
-4.898
-4.89776
-4.89681
-4.89682
-4.89658
-4.89654
-4.89611
-4.89604
-4.89588
-4.89578
-4.8956
-4.89518
-4.89529
-4.89532
-4.89558
-4.89621
-4.89632
-4.89681
-4.89738
-4.89788
-4.89862
-4.89959
-4.90049
-4.90147
-4.90254
-4.90355
-4.90478
-4.9061
-4.90735
-4.90899
-4.91025
-4.91189
-4.9133
-4.91509
-4.9171
-4.91874
-4.92089
-4.92296
-4.92494
-4.92744
-4.92985
-4.93186
-4.93392
-4.93618
-4.93879
-4.9413
-4.94369
-4.94642
-4.94904
-4.95139
-4.95452
-4.95738
-4.95995
-4.96255
-4.96515
-4.96762
-4.97025
-4.97334
-4.97583
-4.97877
-4.9814
-4.98402
-4.98709
-4.98969
-4.99242
-4.99513
-4.99812
-5.00078
-5.00326
-5.0063
-5.00871
-5.01122
-5.01354
-5.01582
-5.01834
-5.02035
-5.02261
-5.02451
-5.02664
-5.02871
-5.03071
-5.03263
-5.03418
-5.03596
-5.0372
-5.03881
-5.04063
-5.04207
-5.04342
-5.04453
-5.0457
-5.04662
-5.0476
-5.04848
-5.04927
-5.05011
-5.05056
-5.05105
-5.0516
-5.0519
-5.05196
-5.05237
-5.05254
-5.05231
-5.05245
-5.0522
-5.05185
-5.05128
-5.05122
-5.05079
-5.05029
-5.04956
-5.04876
-5.0479
-5.04714
-5.04601
-5.04499
-5.04377
-5.04266
-5.04122
-5.03959
-5.0387
-5.03779
-5.03656
-5.03517
-5.03378
-5.03269
-5.03101
-5.02964
-5.02859
-5.02741
-5.02596
-5.02484
-5.02375
-5.02271
-5.02185
-5.02075
-5.01999
-5.01929
-5.01849
-5.01791
-5.01722
-5.01675
-5.01604
-5.01569
-5.01541
-5.01519
-5.01473
-5.01478
-5.01459
-5.01461
-5.0147
-5.01484
-5.01503
-5.01483
-5.01498
-5.01502
-5.01526
-5.01585
-5.01587
-5.01608
-5.01677
-5.01719
-5.01779
-5.01826
-5.0186
-5.01911
-5.01933
-5.02016
-5.02054
-5.02107
-5.0216
-5.02227
-5.02263
-5.02298
-5.02347
-5.02408
-5.02421
-5.02462
-5.025
-5.02535
-5.02566
-5.02607
-5.0266
-5.02647
-5.02645
-5.02653
-5.0264
-5.02651
-5.02656
-5.0264
-5.02648
-5.02634
-5.02597
-5.02569
-5.02518
-5.02475
-5.02425
-5.02351
-5.02255
-5.02151
-5.02053
-5.01948
-5.01835
-5.01729
-5.01599
-5.01446
-5.01301
-5.01147
-5.01045
-5.00876
-5.00684
-5.00514
-5.00352
-5.00197
-4.99976
-4.99777
-4.99572
-4.99345
-4.99082
-4.98874
-4.98615
-4.98396
-4.98172
-4.97884
-4.97652
-4.97386
-4.97116
-4.96845
-4.9657
-4.96295
-4.96018
-4.9574
-4.95462
-4.95155
-4.94879
-4.9459
-4.94303
-4.94019
-4.93754
-4.93494
-4.93223
-4.93018
-4.92714
-4.92492
-4.92293
-4.92073
-4.91861
-4.91674
-4.91483
-4.91317
-4.91148
-4.9099
-4.90861
-4.90744
-4.90642
-4.90523
-4.90388
-4.90314
-4.90241
-4.90183
-4.90172
-4.90162
-4.90169
-4.90177
-4.90218
-4.90276
-4.90351
-4.90459
-4.90598
-4.90695
-4.90824
-4.91
-4.91208
-4.91387
-4.91613
-4.91839
-4.92051
-4.92293
-4.92595
-4.92882
-4.93151
-4.93465
-4.93776
-4.94129
-4.94449
-4.94839
-4.9521
-4.95576
-4.95965
-4.96363
-4.96737
-4.97149
-4.97567
-4.9799
-4.98432
-4.98864
-4.99283
-4.99704
-5.00188
-5.00627
-5.01066
-5.0152
-5.01956
-5.02406
-5.02899
-5.03342
-5.03767
-5.04201
-5.04645
-5.05023
-5.05424
-5.05863
-5.06234
-5.06611
-5.06994
-5.07353
-5.07732
-5.0807
-5.08398
-5.08714
-5.09018
-5.09326
-5.09636
-5.09934
-5.10158
-5.10384
-5.10611
-5.10855
-5.1104
-5.11257
-5.11429
-5.11587
-5.11731
-5.11815
-5.119
-5.12001
-5.12103
-5.12205
-5.12248
-5.12308
-5.12353
-5.12385
-5.12419
-5.12394
-5.12356
-5.12336
-5.12303
-5.12242
-5.12216
-5.12102
-5.11992
-5.11901
-5.1177
-5.11643
-5.11523
-5.11393
-5.11208
-5.11031
-5.10861
-5.10653
-5.10439
-5.10248
-5.10051
-5.09864
-5.09656
-5.09474
-5.09243
-5.09024
-5.08816
-5.08561
-5.08348
-5.08105
-5.07875
-5.07659
-5.07443
-5.07182
-5.06952
-5.06722
-5.06509
-5.06283
-5.06014
-5.05807
-5.05558
-5.05328
-5.05101
-5.04908
-5.04734
-5.0455
-5.0434
-5.04165
-5.0398
-5.03831
-5.03673
-5.0352
-5.03358
-5.03248
-5.03114
-5.02925
-5.02774
-5.02644
-5.02537
-5.02376
-5.02237
-5.02135
-5.0204
-5.01938
-5.01858
-5.01785
-5.01735
-5.01662
-5.01566
-5.01523
-5.01443
-5.0143
-5.01365
-5.01352
-5.01347
-5.01335
-5.01375
-5.01347
-5.01388
-5.01405
-5.01446
-5.01493
-5.01563
-5.01626
-5.01711
-5.01803
-5.01888
-5.01995
-5.02124
-5.0223
-5.02343
-5.02447
-5.02559
-5.02692
-5.02862
-5.03023
-5.03176
-5.03349
-5.03559
-5.03715
-5.0386
-5.04042
-5.04243
-5.04435
-5.04646
-5.04832
-5.05022
-5.05216
-5.05414
-5.05586
-5.05821
-5.06045
-5.06256
-5.06485
-5.06716
-5.06934
-5.07199
-5.07405
