-4.98651
-4.98861
-4.99053
-4.99274
-4.99491
-4.9972
-4.99961
-5.00197
-5.00413
-5.00595
-5.00771
-5.00942
-5.01137
-5.01326
-5.01509
-5.01669
-5.01807
-5.01953
-5.02091
-5.02205
-5.02327
-5.02456
-5.0256
-5.02671
-5.02759
-5.02837
-5.02921
-5.02996
-5.03062
-5.03103
-5.03151
-5.0316
-5.03204
-5.0321
-5.03162
-5.0315
-5.0313
-5.03147
-5.0311
-5.03066
-5.03014
-5.0294
-5.02889
-5.02816
-5.02752
-5.02652
-5.02606
-5.02465
-5.02364
-5.02243
-5.02134
-5.02051
-5.01919
-5.01814
-5.01677
-5.01598
-5.01472
-5.0136
-5.01246
-5.01117
-5.00987
-5.00872
-5.00758
-5.00644
-5.00546
-5.00449
-5.00308
-5.00198
-5.00121
-5.00016
-4.99898
-4.99827
-4.99698
-4.99572
-4.99434
-4.99329
-4.99241
-4.99112
-4.99016
-4.98893
-4.98818
-4.98716
-4.98633
-4.98568
-4.98476
-4.98403
-4.98318
-4.98221
-4.98173
-4.98099
-4.98058
-4.9802
-4.97986
-4.9791
-4.97898
-4.97874
-4.97839
-4.97808
-4.9778
-4.97786
-4.97751
-4.97734
-4.97737
-4.97713
-4.97694
-4.97678
-4.97636
-4.97629
-4.97642
-4.97689
-4.9771
-4.97737
-4.97782
-4.97803
-4.97874
-4.97919
-4.97955
-4.98011
-4.98057
-4.98108
-4.98194
-4.98256
-4.98354
-4.98442
-4.98535
-4.98633
-4.98767
-4.98891
-4.99021
-4.99141
-4.9925
-4.99395
-4.9953
-4.99669
-4.99783
-4.99931
-5.00083
-5.00254
-5.00443
-5.00606
-5.00787
-5.00955
-5.0114
-5.01312
-5.01486
-5.0166
-5.01851
-5.02041
-5.02246
-5.02404
-5.02592
-5.02778
-5.02961
-5.03111
-5.03243
-5.03401
-5.0354
-5.03688
-5.03801
-5.03953
-5.04099
-5.04207
-5.04353
-5.04475
-5.04575
-5.04695
-5.04776
-5.04847
-5.04878
-5.04898
-5.04908
-5.04921
-5.04938
-5.04927
-5.04905
-5.04856
-5.04809
-5.04765
-5.04693
-5.04623
-5.04481
-5.04401
-5.04294
-5.04189
-5.04041
-5.03881
-5.03739
-5.0357
-5.03405
-5.03152
-5.02949
-5.02751
-5.02527
-5.02308
-5.02065
-5.01797
-5.01506
-5.01238
-5.00962
-5.00694
-5.0039
-5.00081
-4.99782
-4.99478
-4.99171
-4.98877
-4.98595
-4.98252
-4.97969
-4.97655
-4.97357
-4.97016
-4.96752
-4.9643
-4.96112
-4.95798
-4.95489
-4.95186
-4.94873
-4.94611
-4.94327
-4.94065
-4.93842
-4.93596
-4.93359
-4.93102
-4.92944
-4.92766
-4.92567
-4.92364
-4.92201
-4.92034
-4.91876
-4.91745
-4.91578
-4.91468
-4.91367
-4.91262
-4.91167
-4.91082
-4.90976
-4.9091
-4.90824
-4.90791
-4.90723
-4.90662
-4.90625
-4.90611
-4.90634
-4.90589
-4.90567
-4.9058
-4.90555
-4.90581
-4.90598
-4.9068
-4.90722
-4.90768
-4.90803
-4.90873
-4.90916
-4.90978
-4.91058
-4.91126
-4.91151
-4.91178
-4.91238
-4.91315
-4.91424
-4.9152
-4.91586
-4.91669
-4.91707
-4.91791
-4.91876
-4.91976
-4.92077
-4.92177
-4.92262
-4.92362
-4.92461
-4.92529
-4.92596
-4.92738
-4.92818
-4.92912
-4.93019
-4.9311
-4.93153
-4.93239
-4.93308
-4.9336
-4.93409
-4.93471
-4.93499
-4.9357
-4.93638
-4.93687
-4.93718
-4.93761
-4.93785
-4.9379
-4.93821
-4.93864
-4.93902
-4.93906
-4.93891
-4.93902
-4.93878
-4.93895
-4.93922
-4.93915
-4.93903
-4.93916
-4.93925
-4.93883
-4.93852
-4.93801
-4.93745
-4.93714
-4.93664
-4.93579
-4.93519
-4.93454
-4.9334
-4.93281
-4.93233
-4.93165
-4.93108
-4.92987
-4.92936
-4.92867
-4.92763
-4.9264
-4.92528
-4.92413
-4.92279
-4.92171
-4.92046
-4.91932
-4.91799
-4.9171
-4.91557
-4.91416
-4.91274
-4.91159
-4.91042
-4.90908
-4.90818
-4.90682
-4.90559
-4.9039
-4.90235
-4.90095
-4.89939
-4.89768
-4.89612
-4.89457
-4.89303
-4.89164
-4.89041
-4.88921
-4.88771
-4.88624
-4.88509
-4.88366
-4.88226
-4.88089
-4.8794
-4.87824
-4.87698
-4.87545
-4.87441
-4.87312
-4.87188
-4.87068
-4.86999
-4.86905
-4.86817
-4.86735
-4.86674
-4.86603
-4.8651
-4.86468
-4.86433
-4.8639
-4.86369
-4.86355
-4.86335
-4.86321
-4.86286
-4.8632
-4.86347
-4.86367
-4.8638
-4.86403
-4.86449
-4.86519
-4.86568
-4.86641
-4.86724
-4.86815
-4.86945
-4.87054
-4.87172
-4.87314
-4.87464
-4.87623
-4.87774
-4.87903
-4.88085
-4.88304
-4.88484
-4.88656
-4.88833
-4.89076
-4.89232
-4.89439
-4.89648
-4.89846
-4.90061
-4.90293
-4.90495
-4.90698
-4.90916
-4.91133
-4.91332
-4.91545
-4.9174
-4.91917
-4.9212
-4.92348
-4.92511
-4.92699
-4.92897
-4.93057
-4.93227
-4.93374
-4.93514
-4.93662
-4.93787
-4.93934
-4.94044
-4.94145
-4.94254
-4.94339
-4.94402
-4.94487
-4.94594
-4.94664
-4.94741
-4.94841
-4.94889
-4.94946
-4.94996
-4.9504
-4.95048
-4.95051
-4.95079
-4.95088
-4.95077
-4.95062
-4.95075
-4.95115
-4.95092
-4.95113
-4.95103
-4.95152
-4.95171
-4.95144
-4.95149
-4.95125
-4.95102
-4.95082
-4.95064
-4.95065
-4.95054
-4.95063
-4.95046
-4.95065
-4.95104
-4.95119
-4.9517
-4.95198
-4.95263
-4.95336
-4.95386
-4.95459
-4.95556
-4.95646
-4.95745
-4.95868
-4.95985
-4.96112
-4.96262
-4.96392
-4.96547
-4.96727
-4.969
-4.97084
-4.97292
-4.97495
-4.97706
-4.97928
-4.98173
-4.98428
-4.98707
-4.98949
-4.99199
-4.99488
-4.998
-5.0009
-5.00357
-5.00661
-5.00912
-5.01246
-5.01555
-5.01901
-5.02222
-5.02578
-5.0294
-5.03277
-5.03617
-5.03962
-5.04311
-5.04664
-5.05049
-5.05422
-5.05783
-5.0613
-5.0651
-5.06921
-5.07318
-5.07686
-5.08069
-5.08453
-5.08836
-5.09204
-5.09616
-5.09982
-5.10362
-5.10725
-5.11086
-5.1143
-5.11786
-5.12155
-5.12536
-5.12913
-5.13272
-5.13627
-5.13993
-5.14354
-5.14681
-5.15002
-5.15378
-5.15689
-5.15964
-5.16278
-5.16585
-5.16886
-5.17135
-5.17391
-5.1767
-5.17897
-5.18145
-5.1843
-5.18677
-5.18899
-5.19128
-5.19331
-5.1957
-5.198
-5.20003
-5.20181
-5.20363
-5.20489
-5.20618
-5.20751
-5.20871
-5.20995
-5.21075
-5.21143
-5.21198
-5.21254
-5.21297
-5.21327
-5.21357
-5.21344
-5.21331
-5.21288
-5.21247
-5.21145
-5.21058
-5.20972
-5.20871
-5.20739
-5.20638
-5.20477
-5.203
-5.20109
-5.19963
-5.19756
-5.19535
-5.19329
-5.19064
-5.18799
-5.18565
-5.18287
-5.17981
-5.17676
-5.17358
-5.16997
-5.16653
-5.16282
-5.159
-5.15536
-5.15131
-5.14715
-5.14274
-5.13839
-5.13409
-5.12956
-5.12525
-5.12056
-5.1158
-5.11083
-5.10564
-5.10055
-5.09542
-5.09054
-5.08533
-5.08053
-5.07587
-5.07058
-5.06512
-5.06011
-5.0548
-5.0495
-5.0442
-5.03907
-5.03427
-5.0295
-5.0246
-5.01975
-5.0154
-5.01034
-5.00564
-5.00085
-4.99598
-4.99133
-4.98691
-4.98227
-4.97787
-4.97356
-4.9692
-4.9651
-4.9611
-4.95737
-4.95361
-4.95012
-4.94661
-4.94308
-4.93968
-4.93672
-4.93406
-4.93124
-4.92827
-4.92575
-4.92309
-4.92073
-4.91868
-4.9168
-4.91522
-4.91351
-4.91241
-4.91117
-4.9101
-4.90889
-4.90829
-4.90786
-4.90728
-4.90701
-4.90689
-4.90708
-4.90712
-4.9076
-4.90792
-4.90838
-4.90882
-4.90955
-4.9107
-4.91182
-4.91275
-4.9141
-4.91555
-4.91695
-4.91844
-4.92048
-4.9223
-4.92434
-4.92585
-4.92804
-4.93028
-4.93258
-4.93493
-4.93717
-4.93931
-4.94147
-4.94352
-4.94559
-4.94798
-4.95039
-4.95297
-4.9554
-4.95814
-4.96057
-4.96301
-4.96589
-4.96831
-4.97041
-4.9725
-4.97487
-4.97693
-4.97956
-4.98202
-4.9843
-4.98656
-4.98879
-4.99083
-4.99269
-4.99468
-4.99648
-4.999
-5.00103
-5.00318
-5.0053
-5.00723
-5.00897
-5.01083
-5.01266
-5.01476
-5.01622
-5.01749
-5.01889
-5.02056
-5.0222
-5.02396
-5.02524
-5.0268
-5.02818
-5.02939
-5.03118
-5.03279
-5.03499
-5.03642
-5.03783
-5.03922
-5.04045
-5.04196
-5.04301
-5.0445
-5.04614
-5.04761
-5.04892
-5.05098
-5.05228
-5.05373
-5.05502
-5.05661
-5.0579
-5.05918
-5.06047
-5.06144
-5.06287
-5.06431
-5.06559
-5.06687
-5.06785
-5.06914
-5.07058
-5.07172
-5.07301
-5.0743
-5.07575
-5.0772
-5.07881
-5.07981
-5.08082
-5.08213
-5.0833
-5.08446
-5.08578
-5.08741
-5.08873
-5.09021
-5.09154
-5.09287
-5.0948
-5.09614
-5.09702
-5.09836
-5.09969
-5.10103
-5.10252
-5.1037
-5.10504
-5.10623
-5.10741
-5.10875
-5.11038
-5.11187
-5.11305
-5.11393
-5.11511
-5.11659
-5.11776
-5.11908
-5.12085
-5.12186
-5.12286
-5.12416
-5.12546
-5.12674
-5.12787
-5.12929
-5.13071
-5.13211
-5.13396
-5.13489
-5.1355
-5.13701
-5.13775
-5.13878
-5.13994
-5.14109
-5.14206
-5.14317
-5.1441
-5.14516
-5.14619
-5.14705
-5.14833
-5.14914
-5.15021
-5.1511
-5.15195
-5.15262
-5.15325
-5.15369
-5.15423
-5.15489
-5.15535
-5.1556
-5.15627
-5.15642
-5.15668
-5.15702
-5.15761
-5.15784
-5.15816
-5.15871
-5.15859
-5.15871
-5.15875
-5.15873
-5.15863
-5.15845
-5.15805
-5.15786
-5.1573
-5.15651
-5.15578
-5.15497
-5.15422
-5.15339
-5.15247
-5.15117
-5.14962
-5.1486
-5.14703
-5.14568
-5.14409
-5.14226
-5.14065
-5.13835
-5.13611
-5.1344
-5.13246
-5.13028
-5.12788
-5.1257
-5.12299
-5.12066
-5.11826
-5.11533
-5.11265
-5.1099
-5.10679
-5.10422
-5.1013
-5.09833
-5.09561
-5.09269
-5.09003
-5.08704
-5.084
-5.08064
-5.07724
-5.07352
-5.07054
-5.06708
-5.06361
-5.06012
-5.05678
-5.05314
-5.04964
-5.0463
-5.04296
-5.03963
-5.03616
-5.033
-5.02971
-5.0269
-5.0235
-5.02027
-5.01723
-5.01421
-5.01137
-5.00797
-5.0052
-5.00202
-4.99887
-4.99607
-4.99346
-4.99059
-4.98761
-4.98498
-4.98225
-4.97956
-4.97692
-4.97464
-4.97226
-4.96993
-4.96765
-4.96497
-4.9625
-4.96008
-4.95803
-4.95587
-4.95393
-4.95205
-4.95022
-4.94846
-4.9472
-4.94556
-4.94368
-4.942
-4.94039
-4.93885
-4.93751
-4.93594
-4.93412
-4.93252
-4.93114
-4.92997
-4.92902
-4.92813
-4.927
-4.92578
-4.92478
-4.92384
-4.92312
-4.92276
-4.92231
-4.92178
-4.92146
-4.92105
-4.92085
-4.92086
-4.92048
-4.92016
-4.9199
-4.91969
-4.91954
-4.9196
-4.91942
-4.91944
-4.91951
-4.91964
-4.92012
-4.9205
-4.92093
-4.92141
-4.92209
-4.92266
-4.92298
-4.92319
-4.92374
-4.92434
-4.92527
-4.92594
-4.92741
-4.9283
-4.92939
-4.9302
-4.93134
-4.93221
-4.93326
-4.93463
-4.93572
-4.93684
-4.93797
-4.93927
-4.94059
-4.94162
-4.94326
-4.94446
-4.94522
-4.94658
-4.9478
-4.94886
-4.95022
-4.95113
-4.95203
-4.95307
-4.95425
-4.95542
-4.95643
-4.95726
-4.95853
-4.95933
-4.95996
-4.96102
-4.96205
-4.96306
-4.96389
-4.965
-4.96592
-4.96682
-4.96784
-4.96883
-4.96964
-4.97026
-4.97101
-4.97204
-4.97273
-4.97325
-4.97389
-4.97465
-4.97524
-4.97612
-4.97636
-4.9769
-4.97756
-4.97761
-4.97826
-4.97889
-4.97952
-4.97985
-4.98017
-4.98035
-4.98053
-4.98103
-4.98153
-4.98206
-4.9829
-4.98346
-4.98405
-4.98452
-4.98547
-4.98615
-4.98687
-4.98747
-4.98797
-4.98866
-4.9894
-4.99018
-4.99102
-4.99205
-4.99344
-4.99443
-4.99578
-4.99688
-4.99804
-4.9994
-5.00112
-5.0029
-5.00428
-5.00601
-5.0078
-5.0095
-5.01109
-5.01319
-5.01488
-5.01707
-5.01901
-5.02115
-5.02302
-5.02509
-5.02749
-5.02963
-5.03195
-5.034
-5.03639
-5.03804
-5.04032
-5.04292
-5.04524
-5.04772
-5.05007
-5.05242
-5.05449
-5.05716
-5.05939
-5.06161
-5.06414
-5.06667
-5.06889
-5.0711
-5.07346
-5.07596
-5.07829
-5.08107
-5.08337
-5.08551
-5.08764
-5.09005
-5.09243
-5.0945
-5.09655
-5.09872
-5.10117
-5.10285
-5.10466
-5.10674
-5.1088
-5.11114
-5.11315
-5.11514
-5.11725
-5.11919
-5.12141
-5.12345
-5.12547
-5.12732
-5.12914
-5.13109
-5.13288
-5.13479
-5.13622
-5.13794
-5.13965
-5.14148
-5.14314
-5.14479
-5.14642
-5.14802
-5.14991
-5.15164
-5.15304
-5.15413
-5.15595
-5.15745
-5.15863
-5.16039
-5.16198
-5.16324
-5.16448
-5.1657
-5.16704
-5.16835
-5.16963
-5.17073
-5.17209
-5.17327
-5.17411
-5.17491
-5.17596
-5.17682
-5.17763
-5.17839
-5.1794
-5.18005
-5.18064
-5.18101
-5.18193
-5.18263
-5.18325
-5.18335
-5.18383
-5.18408
-5.1841
-5.18434
-5.18404
-5.18381
-5.18348
-5.18307
-5.18303
-5.18243
-5.18205
-5.18112
-5.1804
-5.17943
-5.17836
-5.17751
-5.17625
-5.17505
-5.17376
-5.17237
-5.17089
-5.16931
-5.1678
-5.16605
-5.16406
-5.16214
-5.16013
-5.15789
-5.15587
-5.15378
-5.15161
-5.14938
-5.14662
-5.14409
-5.14151
-5.13901
-5.13616
-5.13325
-5.13044
-5.12774
-5.12485
-5.12191
-5.11939
-5.11639
-5.11335
-5.11029
-5.10736
-5.10456
-5.10113
-5.0977
-5.09441
-5.09111
-5.08797
-5.08497
-5.08122
-5.07824
-5.07511
-5.07215
-5.06876
-5.06538
-5.06248
-5.0596
-5.05645
-5.05303
-5.0501
-5.0472
-5.04419
-5.04152
-5.0389
-5.03632
-5.03364
-5.03131
-5.02842
-5.0262
-5.02387
-5.02146
-5.01865
-5.01635
-5.01411
-5.01208
-5.01042
-5.00837
-5.00638
-5.00446
-5.00275
-5.00096
-4.99938
-4.99772
-4.99658
-4.99521
-4.99405
-4.99296
-4.99163
-4.99038
-4.98918
-4.98776
-4.98669
-4.98555
-4.98431
-4.98329
-4.98233
-4.98143
-4.98105
-4.98027
-4.97941
-4.97875
-4.9786
-4.97821
-4.97803
-4.9779
-4.97783
-4.97765
-4.97799
-4.97777
-4.9779
-4.97748
-4.97727
-4.9774
-4.97758
-4.97781
-4.97793
-4.97825
-4.97861
-4.97902
-4.97917
-4.97966
-4.98034
-4.98122
-4.98198
-4.98263
-4.98347
-4.98404
-4.98494
-4.98573
-4.98655
-4.9874
-4.98813
-4.98934
-4.99058
-4.99154
-4.99252
-4.99337
-4.99424
-4.99468
-4.99589
-4.99711
-4.99835
-4.99945
-5.0004
-5.00151
-5.00308
-5.0042
-5.00533
-5.0063
-5.00742
-5.00868
-5.00979
-5.01119
-5.01212
-5.0135
-5.01471
-5.0159
-5.01678
-5.01794
-5.01907
-5.02019
-5.02098
-5.02189
-5.02278
-5.02304
-5.02387
-5.02467
-5.02529
-5.02587
-5.02658
-5.0274
-5.02834
-5.02894
-5.02936
-5.02974
-5.03024
-5.03056
-5.03114
-5.03153
-5.03189
-5.03191
-5.0322
-5.03261
-5.03283
-5.03317
-5.03332
-5.03345
-5.03338
-5.03344
-5.03332
-5.03286
-5.03283
-5.03262
-5.03253
-5.03227
-5.03243
-5.03226
-5.03222
-5.03155
-5.03131
-5.0309
-5.03076
-5.03045
-5.02982
-5.02947
-5.02924
-5.0287
-5.02828
-5.0277
-5.02709
-5.02646
-5.02582
-5.02501
-5.02464
-5.02409
-5.02353
-5.02295
-5.02236
-5.02205
-5.02142
-5.02047
-5.01996
-5.01914
-5.0186
-5.01789
-5.01717
-5.01659
-5.01584
-5.01508
-5.01446
-5.01367
-5.01302
-5.01221
-5.01124
-5.01041
-5.00942
-5.00872
-5.00817
-5.00731
-5.00628
-5.00526
-5.00453
-5.0038
-5.00276
-5.00187
-5.00098
-5.00024
-4.9995
-4.99877
-4.99774
-4.99685
-4.99568
-4.99496
-4.99409
-4.99293
-4.99208
-4.99109
-4.99041
-4.98974
-4.98893
-4.98783
-4.9872
-4.98628
-4.98567
-4.98462
-4.9842
-4.98394
-4.98325
-4.98257
-4.98206
-4.98141
-4.98078
-4.98017
-4.97973
-4.97945
-4.97904
-4.97849
-4.97797
-4.97715
-4.97666
-4.97633
-4.97587
-4.97557
-4.97545
-4.97503
-4.97448
-4.97409
-4.97372
-4.97367
-4.97348
-4.97315
-4.97269
-4.97224
-4.9718
-4.97198
-4.97171
-4.97146
-4.97107
-4.97069
-4.97047
-4.97011
-4.97006
-4.96971
-4.96953
-4.96921
-4.96919
-4.96933
-4.96903
-4.96889
-4.96891
-4.96848
-4.96851
-4.96855
-4.96814
-4.96804
-4.9681
-4.96771
-4.96763
-4.96741
-4.96734
-4.96728
-4.96737
-4.96732
-4.96713
-4.96694
-4.9669
-4.96688
-4.96686
-4.96715
-4.96684
-4.96668
-4.96669
-4.96685
-4.96657
-4.96644
-4.96662
-4.96666
-4.96655
-4.96645
-4.96666
-4.96688
-4.9671
-4.96718
-4.96742
-4.96752
-4.96762
-4.96758
-4.9677
-4.96768
-4.96767
-4.96812
-4.96828
-4.9686
-4.96893
-4.96927
-4.96963
-4.96985
-4.96993
-4.97002
-4.97028
-4.97071
-4.971
-4.97191
-4.97254
-4.97304
-4.97325
-4.97334
-4.97374
-4.97418
-4.97418
-4.97466
-4.97486
-4.97569
-4.9761
-4.97653
-4.97745
-4.97809
-4.97847
-4.97917
-4.97961
-4.98053
-4.98133
-4.98217
-4.98319
-4.98409
-4.98502
-4.98629
-4.98729
-4.98832
-4.98983
-4.99092
-4.99204
-4.99349
-4.99452
-4.99557
-4.99695
-4.9982
-4.99978
-5.00138
-5.00284
-5.00432
-5.00552
-5.00688
-5.00824
-5.00992
-5.0113
-5.01224
-5.01377
-5.01531
-5.01669
-5.01806
-5.01942
-5.02047
-5.02181
-5.02282
-5.02427
-5.02585
-5.0271
-5.02847
-5.02951
-5.03067
-5.03179
-5.03303
-5.03422
-5.03523
-5.03634
-5.03741
-5.03797
-5.03895
-5.03972
-5.04013
-5.0405
-5.04111
-5.04167
-5.04172
-5.04247
-5.04256
-5.04274
-5.04271
-5.04293
-5.04323
-5.04318
-5.04307
-5.04321
-5.04283
-5.043
-5.04252
-5.04243
-5.04229
-5.04194
-5.04139
-5.04095
-5.04061
-5.03992
-5.03949
-5.03886
-5.03775
-5.03704
-5.03631
-5.03554
-5.03489
-5.03436
-5.03351
-5.03264
-5.03175
-5.03054
-5.03022
-5.02944
-5.0285
-5.02741
-5.02646
-5.02522
-5.02428
-5.02335
-5.02273
-5.02198
-5.02108
-5.02051
-5.0195
-5.01867
-5.01816
-5.01678
-5.01572
-5.0153
-5.01446
-5.0138
-5.01303
-5.01275
-5.01235
-5.01215
-5.01168
-5.01126
-5.01102
-5.01038
-5.01023
-5.00982
-5.0099
-5.01003
-5.00975
-5.00982
-5.00978
-5.00963
-5.00997
-5.0096
-5.00973
-5.00991
-5.00967
-5.00992
-5.01037
-5.01056
-5.01079
-5.01106
-5.01152
-5.01171
-5.01209
-5.01267
-5.01328
-5.01407
-5.01491
-5.01563
-5.01653
-5.01716
-5.01798
-5.01913
-5.02001
-5.02092
-5.02201
-5.02313
-5.02443
-5.02561
-5.02665
-5.02787
-5.02897
-5.03039
-5.03137
-5.03207
-5.03309
-5.03444
-5.03564
-5.03671
-5.03809
-5.03948
-5.04058
-5.04183
-5.04279
-5.04406
-5.04548
-5.0469
-5.04847
-5.04959
-5.05071
-5.05166
-5.05307
-5.05416
-5.0554
-5.05693
-5.05814
-5.05934
-5.06038
-5.06155
-5.06239
-5.06322
-5.06403
-5.06497
-5.06634
-5.06798
-5.069
-5.06984
-5.07111
-5.07174
-5.0728
-5.07397
-5.07481
-5.07517
-5.07578
-5.07621
-5.07691
-5.07772
-5.07818
-5.0789
-5.07943
-5.08021
-5.0808
-5.08164
-5.08199
-5.08258
-5.08282
-5.08331
-5.08329
-5.08338
-5.08355
-5.08352
-5.08403
-5.08388
-5.08413
-5.08371
-5.08353
-5.08284
-5.08238
-5.08202
-5.08129
-5.0805
-5.07964
-5.07872
-5.07773
-5.07668
-5.07573
-5.0747
-5.07347
-5.07247
-5.07127
-5.0697
-5.06808
-5.0667
-5.06511
-5.06347
-5.06224
-5.0605
-5.05886
-5.05718
-5.05545
-5.05368
-5.05188
-5.05018
-5.0483
-5.04639
-5.04445
-5.04218
-5.04034
-5.03803
-5.03555
-5.0332
-5.03069
-5.02862
-5.02639
-5.02447
-5.02238
-5.02015
-5.01792
-5.01584
-5.01392
-5.01187
-5.01042
-5.00854
-5.00652
-5.00451
-5.00208
-5.00011
-4.99802
-4.9958
-4.99345
-4.99173
-4.99019
-4.98837
-4.98643
-4.98498
-4.9834
-4.98124
-4.97912
-4.97748
-4.97542
-4.9743
-4.97322
-4.97186
-4.97008
-4.96864
-4.96693
-4.96555
-4.96391
-4.9629
-4.96163
-4.96039
-4.95889
-4.95757
-4.95659
-4.95595
-4.95489
-4.95342
-4.95258
-4.95164
-4.95073
-4.94986
-4.94949
-4.94871
-4.94751
-4.94681
-4.9463
-4.94599
-4.94527
-4.94475
-4.94473
-4.9443
-4.94362
-4.94329
-4.94316
-4.94353
-4.9432
-4.94262
-4.94239
-4.94237
-4.9427
-4.94279
-4.94323
-4.94358
-4.94384
-4.9443
-4.94512
-4.94539
-4.94542
-4.94581
-4.94626
-4.94676
-4.94717
-4.94795
-4.94877
-4.94966
-4.95075
-4.9516
-4.9525
-4.95361
-4.95478
-4.9563
-4.95757
-4.9592
-4.96088
-4.9623
-4.96378
-4.96561
-4.96704
-4.96851
-4.97018
-4.97174
-4.97349
-4.97513
-4.97727
-4.97913
-4.98134
-4.98313
-4.98494
-4.98618
-4.98835
-4.9904
-4.99231
-4.99455
-4.99634
-4.9983
-5.00043
-5.0027
-5.00468
-5.00666
-5.00864
-5.01106
-5.01347
-5.01588
-5.01796
-5.02017
-5.02221
-5.02422
-5.0259
-5.02785
-5.03006
-5.03193
-5.0336
-5.03598
-5.03771
-5.03953
-5.0413
-5.0427
-5.04404
-5.04547
-5.04683
-5.04797
-5.04904
-5.05018
-5.0514
-5.0527
-5.05361
-5.0546
-5.05535
-5.05603
-5.05602
-5.05653
-5.05666
-5.05686
-5.05774
-5.05823
-5.05819
-5.05777
-5.05773
-5.05731
-5.05712
-5.05701
-5.05667
-5.05612
-5.05549
-5.0548
-5.0542
-5.05385
-5.05282
-5.0519
-5.05092
-5.05003
-5.04895
-5.04797
-5.04695
-5.04588
-5.04477
-5.04332
-5.04229
-5.04107
-5.03967
-5.03854
-5.03723
-5.0359
-5.03453
-5.033
-5.03159
-5.03001
-5.02811
-5.02649
-5.02501
-5.02351
-5.02199
-5.02031
-5.01861
-5.0169
-5.01518
-5.0139
-5.01231
-5.01041
-5.0088
-5.00748
-5.0057
-5.00392
-5.00227
-5.00062
-4.99896
-4.99669
-4.99472
-4.99319
-4.99166
-4.99013
-4.98889
-4.9875
-4.9861
-4.98425
-4.98256
-4.98086
-4.97901
-4.97776
-4.97607
-4.97453
-4.97284
-4.97131
-4.96948
-4.96781
-4.9663
-4.9645
-4.96286
-4.96139
-4.95978
-4.95834
-4.95677
-4.95521
-4.95368
-4.95202
-4.95099
-4.94953
-4.94796
-4.94641
-4.94505
-4.94358
-4.9426
-4.94151
-4.93986
-4.9384
-4.93729
-4.93623
-4.93522
-4.93472
-4.93352
-4.93252
-4.93204
-4.93131
-4.93035
-4.9296
-4.92906
-4.92784
-4.92759
-4.92741
-4.92699
-4.92695
-4.92683
-4.92648
-4.92651
-4.92601
-4.92649
-4.92659
-4.92676
-4.92732
-4.92749
-4.92835
-4.92898
-4.92984
-4.93077
-4.93193
-4.93286
-4.93402
-4.9354
-4.9364
-4.93778
-4.93923
-4.94075
-4.94218
-4.94369
-4.94511
-4.9466
-4.94846
-4.95008
-4.95177
-4.95397
-4.95594
-4.95796
-4.9599
-4.96174
-4.96409
-4.96634
-4.96865
-4.97086
-4.97326
-4.97603
-4.97853
-4.98108
-4.98383
-4.98646
-4.98898
-4.99138
-4.99427
-4.99704
-4.99954
-5.00236
-5.00521
-5.00837
-5.01125
-5.01429
-5.0175
-5.02025
-5.02301
-5.02576
-5.02866
-5.0317
-5.03473
-5.03789
-5.04104
-5.0437
-5.0468
-5.0494
-5.05212
-5.05481
-5.0576
-5.06019
-5.06258
-5.06507
-5.0678
-5.07048
-5.07279
-5.07473
-5.07706
-5.07931
-5.08149
-5.08344
-5.08532
-5.08711
-5.08882
-5.0903
-5.09169
-5.09329
-5.09465
-5.09593
-5.09727
-5.09836
-5.09921
-5.10012
-5.10109
-5.10182
-5.10231
-5.10301
-5.10376
-5.10398
-5.10457
-5.10461
-5.10472
-5.10475
-5.10485
-5.10487
-5.10497
-5.10468
-5.10418
-5.10375
-5.10311
-5.1027
-5.10193
-5.1014
-5.10066
-5.10032
-5.10008
-5.09919
-5.0981
-5.09696
-5.09579
-5.09488
-5.09409
-5.09311
-5.09211
-5.09123
-5.09002
-5.08864
-5.08739
-5.08597
-5.08469
-5.08355
-5.08209
-5.08093
-5.07961
-5.07828
-5.07681
-5.07548
-5.07416
-5.07299
-5.07168
-5.07052
-5.06923
-5.06794
-5.06667
-5.06527
-5.06388
-5.06266
-5.06147
-5.06015
-5.0587
-5.05743
-5.05589
-5.05499
-5.05397
-5.05284
-5.0522
-5.05115
-5.05014
-5.04948
-5.04842
-5.04772
-5.04721
-5.04677
-5.04593
-5.0456
-5.04534
-5.04484
-5.04456
-5.04389
-5.04375
-5.04367
-5.04367
-5.04374
-5.04373
-5.04394
-5.04408
-5.04459
-5.04518
-5.04554
-5.04612
-5.04647
-5.04689
-5.04739
-5.0484
-5.04917
-5.05032
-5.05152
-5.05218
-5.05365
-5.05473
-5.0557
-5.05733
-5.0587
-5.06027
-5.06187
-5.06352
-5.0649
-5.06676
-5.0685
-5.07026
-5.07204
-5.07385
-5.07567
-5.07765
-5.07919
-5.08133
-5.08273
-5.08428
-5.08628
-5.08797
-5.0895
-5.09088
-5.09284
-5.09448
-5.09641
-5.09787
-5.09945
-5.10131
-5.10269
-5.10389
-5.10552
-5.10696
-5.10852
-5.11004
-5.11137
-5.11281
-5.11406
-5.11557
-5.11658
-5.11754
-5.11846
-5.11948
-5.12014
-5.12137
-5.12223
-5.12305
-5.12351
-5.12437
-5.12487
-5.12547
-5.12601
-5.12649
-5.12707
-5.12729
-5.12761
-5.12816
-5.12806
-5.1285
-5.12858
-5.12815
-5.12796
-5.12802
-5.12786
-5.1275
-5.12723
-5.12705
-5.12682
-5.12608
-5.12558
-5.12578
-5.12517
-5.12465
-5.12394
-5.12331
-5.12263
-5.12175
-5.12067
-5.12014
-5.1194
-5.11832
-5.11703
-5.11538
-5.11415
-5.11316
-5.11213
-5.11074
-5.10931
-5.10782
-5.1066
-5.10487
-5.10341
-5.10159
-5.09973
-5.09782
-5.09603
-5.09404
-5.0923
-5.09023
-5.08841
-5.08626
-5.08436
-5.08212
-5.08015
-5.07799
-5.07594
-5.07341
-5.07114
-5.06884
-5.06665
-5.06443
-5.06233
-5.0596
-5.05698
-5.05449
-5.05182
-5.04928
-5.04686
-5.04411
-5.04149
-5.03885
-5.03618
-5.03365
-5.03125
-5.02838
-5.02504
-5.0226
-5.01999
-5.01707
-5.01429
-5.01135
-5.0084
-5.00545
-5.0028
-5.00014
-4.99734
-4.99439
-4.99158
-4.98848
-4.986
-4.98276
-4.97984
-4.97738
-4.97463
-4.97174
-4.96887
-4.96601
-4.96348
-4.96066
-4.95832
-4.9554
-4.95281
-4.95039
-4.94785
-4.94534
-4.9427
-4.94026
-4.93784
-4.93547
-4.93328
-4.93083
-4.92887
-4.9265
-4.92433
-4.92205
-4.92012
-4.91794
-4.91611
-4.91419
-4.91277
-4.91096
-4.90906
-4.90752
-4.90589
-4.90463
-4.90328
-4.90171
-4.90081
-4.89938
-4.89818
-4.8969
-4.89586
-4.8949
-4.89387
-4.89263
-4.89223
-4.89147
-4.89111
-4.89054
-4.89021
-4.89028
-4.8903
-4.89012
-4.89034
-4.89096
-4.89138
-4.89206
-4.89254
-4.89311
-4.89379
-4.89472
-4.8953
-4.89613
-4.89721
-4.89838
-4.8998
-4.90132
-4.90292
-4.90447
-4.9061
-4.90781
-4.90931
-4.91119
-4.91314
-4.91517
-4.91696
-4.91912
-4.92089
-4.92302
-4.92551
-4.92759
-4.93003
-4.93235
-4.93547
-4.93817
-4.9406
-4.94305
-4.94597
-4.94876
-4.95142
-4.95408
-4.95689
-4.9594
-4.96206
-4.96441
-4.96721
-4.96998
-4.97258
-4.97547
-4.97802
-4.98054
-4.98318
-4.98549
-4.9879
-4.99013
-4.99261
-4.99459
-4.99668
-4.99857
-5.00085
-5.00294
-5.00481
-5.00664
-5.00825
-5.01011
-5.01206
-5.01334
-5.01457
-5.01604
-5.01776
-5.01911
-5.02056
-5.02194
-5.02312
-5.02439
-5.02561
-5.02677
-5.02803
-5.02908
-5.03023
-5.03103
-5.03224
-5.03309
-5.0339
-5.03467
-5.03554
-5.03652
-5.03716
-5.03761
-5.03818
-5.03856
-5.03905
-5.03952
-5.03995
-5.04036
-5.04103
-5.04108
-5.04156
-5.0417
-5.04183
-5.04208
-5.04231
-5.04267
-5.04301
-5.04348
-5.04378
-5.04391
-5.04403
-5.04412
-5.04404
-5.04379
-5.04382
-5.04383
-5.04427
-5.04394
-5.04388
-5.0435
-5.04339
-5.04296
-5.04296
-5.04292
-5.04271
-5.04247
-5.04235
-5.0422
-5.04186
-5.04134
-5.04094
-5.0402
-5.03973
-5.03937
-5.03898
-5.03809
-5.03762
-5.03712
-5.03642
-5.03554
-5.03522
-5.03426
-5.03342
-5.03238
-5.03147
-5.03097
-5.02998
-5.02895
-5.02805
-5.02697
-5.02585
-5.02471
-5.02339
-5.0225
-5.02173
-5.02064
-5.01939
-5.01871
-5.01742
-5.01596
-5.01464
-5.01315
-5.01166
-5.01046
-5.00925
-5.00789
-5.00652
-5.00546
-5.00409
-5.00287
-5.00136
-4.99999
-4.99848
-4.99697
-4.99577
-4.99442
-4.99308
-4.99174
-4.99071
-4.98969
-4.98822
-4.9869
-4.9856
-4.98445
-4.98315
-4.98216
-4.98118
-4.97989
-4.97846
-4.97734
-4.97592
-4.97496
-4.97369
-4.97243
-4.97087
-4.96947
-4.96837
-4.96742
-4.96617
-4.96493
-4.9637
-4.96216
-4.96079
-4.95987
-4.95851
-4.95731
-4.95582
-4.9545
-4.95334
-4.95234
-4.95122
-4.95011
-4.94917
-4.94796
-4.94662
-4.94561
-4.94477
-4.94382
-4.94275
-4.94186
-4.94086
-4.94005
-4.93913
-4.93839
-4.9377
-4.93735
-4.93659
-4.93618
-4.93551
-4.93504
-4.93461
-4.93377
-4.93343
-4.93313
-4.93288
-4.93266
-4.93219
-4.9319
-4.9318
-4.93174
-4.93141
-4.93126
-4.93115
-4.93136
-4.9316
-4.93172
-4.93155
-4.93156
-4.93188
-4.93192
-4.93228
-4.9325
-4.93242
-4.93266
-4.9326
-4.93284
-4.93324
-4.93365
-4.9339
-4.93415
-4.93439
-4.93449
-4.93473
-4.93496
-4.93519
-4.93511
-4.93533
-4.93569
-4.93635
-4.93671
-4.93705
-4.93724
-4.93697
-4.9373
-4.93777
-4.9381
-4.93796
-4.93782
-4.93798
-4.93814
-4.93815
-4.93801
-4.93817
-4.93834
-4.9382
-4.93838
-4.9384
-4.93844
-4.93878
-4.93898
-4.93903
-4.93925
-4.93963
-4.94002
-4.94012
-4.94054
-4.94067
-4.94052
-4.94053
-4.94101
-4.94152
-4.94159
-4.94198
-4.9424
-4.94299
-4.94375
-4.94454
-4.94506
-4.9453
-4.94572
-4.94647
-4.94709
-4.94776
-4.9483
-4.94872
-4.94948
-4.95028
-4.95081
-4.95183
-4.95274
-4.95369
-4.95467
-4.95555
-4.95678
-4.95804
-4.95936
-4.96041
-4.96197
-4.96312
-4.96462
-4.96648
-4.96793
-4.96958
-4.97113
-4.97274
-4.97439
-4.97595
-4.97741
-4.97938
-4.9814
-4.98333
-4.98531
-4.98705
-4.98944
-4.99143
-4.99363
-4.99618
-4.99834
-5.00114
-5.00355
-5.00615
-5.00881
-5.01105
-5.0135
-5.01583
-5.01881
-5.02138
-5.02458
-5.02722
-5.02989
-5.03258
-5.03591
-5.0388
-5.04186
-5.04494
-5.04788
-5.05098
-5.05408
-5.05673
-5.05998
-5.06277
-5.06585
-5.06876
-5.07195
-5.07481
-5.07764
-5.08044
-5.08334
-5.08606
-5.08903
-5.09149
-5.0942
-5.09654
-5.09867
-5.10164
-5.10392
-5.10644
-5.10888
-5.11093
-5.11274
-5.11446
-5.11624
-5.11807
-5.11965
-5.12129
-5.12282
-5.12364
-5.1248
-5.12586
-5.12695
-5.12779
-5.12836
-5.12897
-5.12947
-5.12955
-5.12997
-5.13012
-5.13032
-5.13025
-5.13037
-5.12993
-5.12938
-5.12872
-5.12795
-5.12739
-5.12657
-5.12534
-5.12447
-5.12335
-5.12229
-5.12129
-5.1196
-5.11797
-5.1164
-5.11461
-5.11289
-5.11125
-5.10968
-5.10789
-5.10574
-5.10382
-5.10185
-5.09966
-5.09757
-5.09528
-5.09248
-5.0901
-5.08782
-5.08549
-5.08313
-5.07998
-5.0774
-5.07478
-5.07229
-5.07008
-5.06738
-5.06512
-5.06223
-5.05962
-5.05654
-5.05376
-5.05111
-5.04845
-5.04563
-5.0425
-5.03937
-5.03639
-5.03356
-5.03087
-5.02805
-5.02492
-5.02196
-5.01886
-5.01592
-5.01269
-5.01008
-5.00705
-5.00463
-5.00194
-4.99943
-4.99649
-4.99374
-4.99117
-4.98878
-4.98613
-4.98368
-4.98111
-4.9786
-4.97612
-4.9737
-4.97164
-4.96993
-4.96767
-4.96562
-4.96394
-4.96202
-4.96061
-4.95837
-4.9568
-4.955
-4.95357
-4.95207
-4.95049
-4.94913
-4.94771
-4.94651
-4.94539
-4.94421
-4.94341
-4.94269
-4.94235
-4.9418
-4.94133
-4.94064
-4.94004
-4.93982
-4.93953
-4.93933
-4.93906
-4.93902
-4.93921
-4.93934
-4.93939
-4.93998
-4.94019
-4.94048
-4.94099
-4.94158
-4.94209
-4.94267
-4.94347
-4.94449
-4.94573
-4.94658
-4.94764
-4.94906
-4.95054
-4.95252
-4.95396
-4.95529
-4.95683
-4.95825
-4.95972
-4.96123
-4.96263
-4.96437
-4.96583
-4.96748
-4.96885
-4.9707
-4.97258
-4.97448
-4.97609
-4.97757
-4.97936
-4.98117
-4.98268
-4.98451
-4.98589
-4.98757
-4.98956
-4.9917
-4.99354
-4.99538
-4.99705
-4.99903
-5.0007
-5.00251
-5.00446
-5.0064
-5.00833
-5.01025
-5.0117
-5.01284
-5.01471
-5.01612
-5.01737
-5.01905
-5.02056
-5.02222
-5.024
-5.02563
-5.02708
-5.02852
-5.02995
-5.03152
-5.03292
-5.03461
-5.03614
-5.03735
-5.03871
-5.04035
-5.04169
-5.04302
-5.04419
-5.04566
-5.04713
-5.04859
-5.04989
-5.05119
-5.05265
-5.0538
-5.0551
-5.0567
-5.05831
-5.05976
-5.06122
-5.06268
-5.06444
-5.06621
-5.06768
-5.06885
-5.07018
-5.07136
-5.07299
-5.07463
-5.07612
-5.07762
-5.07911
-5.08061
-5.08196
-5.08361
-5.08525
-5.0869
-5.08839
-5.08988
-5.09151
-5.09283
-5.09415
-5.09561
-5.0969
-5.09818
-5.0996
-5.10085
-5.10223
-5.10375
-5.10539
-5.10671
-5.10815
-5.10972
-5.11096
-5.11231
-5.11333
-5.11447
-5.11556
-5.11677
-5.11809
-5.11906
-5.11984
-5.12088
-5.12171
-5.12235
-5.12323
-5.12376
-5.12438
-5.1248
-5.12546
-5.12591
-5.12629
-5.12662
-5.12673
-5.12708
-5.12722
-5.12714
-5.12714
-5.12754
-5.12727
-5.12693
-5.12653
-5.12636
-5.12583
-5.12539
-5.12488
-5.12431
-5.12353
-5.123
-5.12225
-5.1213
-5.12059
-5.11983
-5.11887
-5.11787
-5.11681
-5.11556
-5.11443
-5.11295
-5.11113
-5.10988
-5.10846
-5.10715
-5.10552
-5.10371
-5.10204
-5.1008
-5.0997
-5.09814
-5.09641
-5.09514
-5.0937
-5.09212
-5.09069
-5.08926
-5.08753
-5.08597
-5.08456
-5.08302
-5.08149
-5.08027
-5.07877
-5.07729
-5.07597
-5.07453
-5.0734
-5.0723
-5.07107
-5.0697
-5.06867
-5.06765
-5.06635
-5.06553
-5.06442
-5.06334
-5.06272
-5.06213
-5.06094
-5.06023
-5.05923
-5.05854
-5.05756
-5.05674
-5.05577
-5.05481
-5.05385
-5.0532
-5.05209
-5.05098
-5.05017
-5.0492
-5.04823
-5.04709
-5.04625
-5.04524
-5.04408
-5.0432
-5.04185
-5.0405
-5.03958
-5.03819
-5.03725
-5.03569
-5.03472
-5.0336
-5.03246
-5.03117
-5.03003
-5.02889
-5.02745
-5.02601
-5.02444
-5.02333
-5.02238
-5.02161
-5.02071
-5.01999
-5.01915
-5.01819
-5.01727
-5.01654
-5.016
-5.01537
-5.01478
-5.01425
-5.01377
-5.01319
-5.01283
-5.01237
-5.01242
-5.01209
-5.01166
-5.01159
-5.01143
-5.01133
-5.01129
-5.0116
-5.01136
-5.01178
-5.01241
-5.01247
-5.01288
-5.01303
-5.01337
-5.0136
-5.01401
-5.01431
-5.01478
-5.01528
-5.01595
-5.01634
-5.01705
-5.01778
-5.01808
-5.01868
-5.01915
-5.01963
-5.02056
-5.02136
-5.02231
-5.02357
-5.02408
-5.02459
-5.02541
-5.02578
-5.02675
-5.02712
-5.02795
-5.02879
-5.02947
-5.03046
-5.031
-5.0317
-5.0321
-5.0331
-5.03412
-5.03499
-5.03587
-5.03675
-5.03765
-5.03855
-5.03961
-5.04053
-5.04192
-5.04256
-5.04337
-5.04404
-5.04532
-5.04586
-5.0461
-5.04712
-5.048
-5.04889
-5.0501
-5.05087
-5.05149
-5.05244
-5.05339
-5.05405
-5.05503
-5.05632
-5.05731
-5.05831
-5.05933
-5.06034
-5.06137
-5.06255
-5.06358
-5.06477
-5.06521
-5.0667
-5.0679
-5.06909
-5.06983
-5.07102
-5.07205
-5.07308
-5.0741
-5.07496
-5.07581
-5.07695
-5.07778
-5.0789
-5.0797
-5.08063
-5.08154
-5.08259
-5.08331
-5.0837
-5.08467
-5.08547
-5.08653
-5.08727
-5.08797
-5.08879
-5.08958
-5.09002
-5.09058
-5.0911
-5.09158
-5.09186
-5.09271
-5.09306
-5.09306
-5.09376
-5.09412
-5.09442
-5.09483
-5.09488
-5.09473
-5.09468
-5.09411
-5.09425
-5.09373
-5.09346
-5.09298
-5.09274
-5.0923
-5.09181
-5.09126
-5.09095
-5.09029
-5.08958
-5.08867
-5.08755
-5.08684
-5.08593
-5.08498
-5.08414
-5.08295
-5.08172
-5.08061
-5.07992
-5.07845
-5.0771
-5.07633
-5.07523
-5.07397
-5.07255
-5.07111
-5.06982
-5.06822
-5.06693
-5.06579
-5.06451
-5.06339
-5.06169
-5.06076
-5.05924
-5.05821
-5.05735
-5.05607
-5.05513
-5.05407
-5.0532
-5.05222
-5.05143
-5.05068
-5.04998
-5.04917
-5.04796
-5.04694
-5.04612
-5.04534
-5.04507
-5.04439
-5.0442
-5.04361
-5.04336
-5.04331
-5.04285
-5.04242
-5.04219
-5.04199
-5.04184
-5.04171
-5.04177
-5.04157
-5.04169
-5.04169
-5.04172
-5.04209
-5.04202
-5.04198
-5.04197
-5.04213
-5.04246
-5.04221
-5.04243
-5.04253
-5.04279
-5.04262
-5.04263
-5.04295
-5.0433
-5.04381
-5.04405
-5.04445
-5.04503
-5.04548
-5.04595
-5.04689
-5.04741
-5.04795
-5.04852
-5.04926
-5.05003
-5.05052
-5.0512
-5.0516
-5.05234
-5.05296
-5.05361
-5.05444
-5.05531
-5.05606
-5.05715
-5.05798
-5.05915
-5.06005
-5.06144
-5.06257
-5.06374
-5.06495
-5.06635
-5.06734
-5.06837
-5.0702
-5.07176
-5.07306
-5.07455
-5.07593
-5.07765
-5.0794
-5.08119
-5.08272
-5.08458
-5.08602
-5.08779
-5.08945
-5.09143
-5.09329
-5.09517
-5.09723
-5.099
-5.10049
-5.10215
-5.10412
-5.10596
-5.10765
-5.1092
-5.1115
-5.11351
-5.11566
-5.11766
-5.11965
-5.12192
-5.12389
-5.12568
-5.1276
-5.12981
-5.13198
-5.13367
-5.13533
-5.13695
-5.13884
-5.14068
-5.14217
-5.14376
-5.14515
-5.14709
-5.14882
-5.15019
-5.15149
-5.15272
-5.15418
-5.15512
-5.15613
-5.15691
-5.15775
-5.15867
-5.1595
-5.16009
-5.16058
-5.16129
-5.16159
-5.16196
-5.16207
-5.16208
-5.16214
-5.16179
-5.16134
-5.16094
-5.16042
-5.15981
-5.15923
-5.15825
-5.15716
-5.15597
-5.15481
-5.15341
-5.15204
-5.15057
-5.1487
-5.14702
-5.14525
-5.14367
-5.14155
-5.13933
-5.13717
-5.13477
-5.13288
-5.13061
-5.12795
-5.12551
-5.12285
-5.11997
-5.11717
-5.11399
-5.11061
-5.10762
-5.10472
-5.10163
-5.09834
-5.095
-5.09162
-5.08836
-5.08492
-5.08114
-5.07765
-5.07398
-5.0706
-5.06751
-5.06426
-5.06086
-5.05745
-5.05344
-5.0499
-5.04681
-5.04345
-5.0401
-5.03662
-5.03316
-5.03019
-5.0271
-5.02375
-5.02073
-5.01746
-5.01439
-5.01137
-5.00856
-5.00595
-5.00311
-5.00033
-4.99762
-4.99499
-4.99243
-4.98995
-4.98741
-4.98556
-4.9832
-4.98093
-4.97906
-4.97715
-4.97534
-4.97333
-4.97189
-4.97057
-4.96921
-4.96797
-4.9667
-4.96571
-4.965
-4.96411
-4.9635
-4.96287
-4.96252
-4.9623
-4.96222
-4.96258
-4.96231
-4.96262
-4.96307
-4.96365
-4.96436
-4.96519
-4.96615
-4.96723
-4.96813
-4.96945
-4.97088
-4.97272
-4.97391
-4.97536
-4.97721
-4.97915
-4.98118
-4.9836
-4.98595
-4.98837
-4.99071
-4.99326
-4.99572
-4.99824
-5.00065
-5.00311
-5.00575
-5.00858
-5.01113
-5.01401
-5.0169
-5.01965
-5.02256
-5.02547
-5.02852
-5.03142
-5.03385
-5.03671
-5.03956
-5.04162
-5.04441
-5.04686
-5.04973
-5.0524
-5.05518
-5.05746
-5.06
-5.06263
-5.0649
-5.06696
-5.06926
-5.07151
-5.07353
-5.07564
-5.07739
-5.07906
-5.08082
-5.08235
-5.08397
-5.08552
-5.0873
-5.089
-5.09094
-5.09236
-5.0934
-5.09453
-5.09573
-5.09657
-5.09749
-5.09819
-5.09897
-5.09939
-5.09989
-5.10063
-5.10147
-5.10239
-5.10265
-5.103
-5.10329
-5.10338
-5.10326
-5.1034
-5.10348
-5.10336
-5.10334
-5.10281
-5.1027
-5.10223
-5.10188
-5.10177
-5.10193
-5.10174
-5.10121
-5.10064
-5.10002
-5.09967
-5.09897
-5.09839
-5.09806
-5.0974
-5.09669
-5.09595
-5.09516
-5.09404
-5.09348
-5.09243
-5.0915
-5.09052
-5.08951
-5.08862
-5.08738
-5.08656
-5.08555
-5.08421
-5.08313
-5.08156
-5.08027
-5.07894
-5.07772
-5.07633
-5.0749
-5.07344
-5.07211
-5.0703
-5.06907
-5.06751
-5.06578
-5.06433
-5.06255
-5.06092
-5.05926
-5.05744
-5.05591
-5.05393
-5.05223
-5.05038
-5.04854
-5.04699
-5.0453
-5.04376
-5.04208
-5.04012
-5.03801
-5.03653
-5.03522
-5.03363
-5.03236
-5.03068
-5.02902
-5.02709
-5.02566
-5.02426
-5.02291
-5.02175
-5.02079
-5.01958
-5.01827
-5.01701
-5.01581
-5.01466
-5.01388
-5.01286
-5.0119
-5.0113
-5.01047
-5.01016
-5.00977
-5.00944
-5.00919
-5.00855
-5.00829
-5.0078
-5.00783
-5.00763
-5.00736
-5.00761
-5.00763
-5.00772
-5.00789
-5.00812
-5.00888
-5.00926
-5.00985
-5.01066
-5.01094
-5.01174
-5.01275
-5.01352
-5.0142
-5.01509
-5.01604
-5.0175
-5.01826
-5.01983
-5.02129
-5.02251
-5.02423
-5.02553
-5.02734
-5.02874
-5.03048
-5.0321
-5.03346
-5.03516
-5.03704
-5.0388
-5.04074
-5.0427
-5.04454
-5.04686
-5.04844
-5.0505
-5.05242
-5.05421
-5.05586
-5.05768
-5.05965
-5.06179
-5.06393
-5.06608
-5.06838
-5.07023
-5.07269
-5.075
-5.07715
-5.07929
-5.08128
-5.08356
-5.08568
-5.08764
-5.08927
-5.0909
-5.09281
-5.09439
-5.09626
-5.09781
-5.09963
-5.10173
-5.1032
-5.10479
-5.1065
-5.10772
-5.10951
-5.11112
-5.11269
-5.11422
-5.11571
-5.117
-5.11825
-5.11945
-5.12061
-5.12156
-5.12322
-5.12438
-5.12563
-5.12667
-5.12751
-5.12859
-5.12961
-5.13027
-5.13056
-5.13155
-5.13187
-5.13288
-5.13322
-5.13395
-5.13431
-5.13475
-5.13512
-5.13557
-5.13596
-5.13612
-5.13621
-5.13593
-5.13573
-5.13546
-5.13497
-5.13472
-5.13424
-5.13354
-5.13262
-5.13179
-5.13119
-5.13113
-5.13026
-5.12931
-5.12816
-5.12694
-5.12612
-5.12539
-5.1243
-5.12301
-5.12166
-5.11981
-5.11837
-5.11672
-5.11518
-5.1136
-5.11198
-5.11016
-5.10831
-5.10658
-5.10451
-5.10271
-5.10089
-5.09919
-5.09762
-5.09588
-5.09412
-5.09204
-5.09025
-5.08815
-5.0859
-5.08393
-5.08197
-5.08016
-5.07819
-5.07654
-5.07474
-5.0728
-5.07102
-5.06941
-5.06766
-5.06579
-5.06378
-5.06195
-5.06
-5.05838
-5.05633
-5.05462
-5.0531
-5.05147
-5.04972
-5.04848
-5.04697
-5.04536
-5.0438
-5.04275
-5.0416
-5.04035
-5.03946
-5.03833
-5.03741
-5.03655
-5.03561
-5.03473
-5.03408
-5.03319
-5.03252
-5.03178
-5.03141
-5.03112
-5.0303
-5.02986
-5.0295
-5.02937
-5.02947
-5.0295
-5.02962
-5.02981
-5.03009
-5.0306
-5.03104
-5.03126
-5.03156
-5.03195
-5.03272
-5.03371
-5.03449
-5.03534
-5.03627
-5.03727
-5.0385
-5.03994
-5.04161
-5.0432
-5.04469
-5.04595
-5.04726
-5.04849
-5.05006
-5.05199
-5.05382
-5.05569
-5.05775
-5.05954
-5.06167
-5.06368
-5.06541
-5.06747
-5.06955
-5.07164
-5.07389
-5.0763
-5.07856
-5.08082
-5.08308
-5.08502
-5.08726
-5.08947
-5.09152
-5.09354
-5.09509
-5.0972
-5.09868
-5.10057
-5.10273
-5.10468
-5.10659
-5.10815
-5.10981
-5.1114
-5.11294
-5.11442
-5.11553
-5.11643
-5.11771
-5.11907
-5.12006
-5.12112
-5.12181
-5.12303
-5.12402
-5.12463
-5.12547
-5.12547
-5.12569
-5.12613
-5.12665
-5.12693
-5.12713
-5.1274
-5.12744
-5.12755
-5.12774
-5.12739
-5.12726
-5.12691
-5.12664
-5.12614
-5.12602
-5.12537
-5.12466
-5.12403
-5.12289
-5.12198
-5.12086
-5.11968
-5.11859
-5.11746
-5.11612
-5.11503
-5.11359
-5.11227
-5.11105
-5.10935
-5.10837
-5.10675
-5.10526
-5.1036
-5.10221
-5.10066
-5.0994
-5.09783
-5.09626
-5.09499
-5.09296
-5.09109
-5.08939
-5.08785
-5.08617
-5.08482
-5.08335
-5.08205
-5.08078
-5.07986
-5.07851
-5.07737
-5.07611
-5.07475
-5.07374
-5.07263
-5.07143
-5.07013
-5.06949
-5.06861
-5.06794
-5.06702
-5.06663
-5.06599
-5.06542
-5.06491
-5.06431
-5.06407
-5.0639
-5.06348
-5.06343
-5.06344
-5.06335
-5.06363
-5.06381
-5.06404
-5.06432
-5.06435
-5.06459
-5.06486
-5.06534
-5.06571
-5.06611
-5.06641
-5.0669
-5.06742
-5.06813
-5.06841
-5.06934
-5.06969
-5.07083
-5.07199
-5.07274
-5.07366
-5.07445
-5.07557
-5.07626
-5.07698
-5.07788
-5.0791
-5.08004
-5.08085
-5.08154
-5.0827
-5.08359
-5.0842
-5.08513
-5.08579
-5.08677
-5.08763
-5.08882
-5.09033
-5.09157
-5.09282
-5.09381
-5.09527
-5.0969
-5.09826
-5.09933
-5.10043
-5.10171
-5.10315
-5.10446
-5.1061
-5.10715
-5.10881
-5.11004
-5.11144
-5.11345
-5.11501
-5.11674
-5.11846
-5.12004
-5.12177
-5.1235
-5.12523
-5.12694
-5.1288
-5.13049
-5.13187
-5.13308
-5.13442
-5.13558
-5.13732
-5.13888
-5.14041
-5.1416
-5.1429
-5.14386
-5.14522
-5.14655
-5.14767
-5.14873
-5.14974
-5.1507
-5.15159
-5.15258
-5.1535
-5.15405
-5.15454
-5.1551
-5.1556
-5.15602
-5.15637
-5.15709
-5.15759
-5.15771
-5.1579
-5.15786
-5.1576
-5.15725
-5.15713
-5.15677
-5.15604
-5.15583
-5.15508
-5.15457
-5.15397
-5.153
-5.15195
-5.15083
-5.14948
-5.14821
-5.14703
-5.14577
-5.1443
-5.14306
-5.14161
-5.13995
-5.13823
-5.13584
-5.13416
-5.13242
-5.13048
-5.12835
-5.12662
-5.12484
-5.12288
-5.12087
-5.11882
-5.11675
-5.11448
-5.11234
-5.11017
-5.10783
-5.10576
-5.10367
-5.10111
-5.09914
-5.0967
-5.09471
-5.09195
-5.08948
-5.08746
-5.08543
-5.0831
-5.08062
-5.07829
-5.07596
-5.07379
-5.07178
-5.06977
-5.06746
-5.06501
-5.06273
-5.0603
-5.05789
-5.05594
-5.0537
-5.05118
-5.04882
-5.04678
-5.04475
-5.04243
-5.04029
-5.03846
-5.03634
-5.03439
-5.03216
-5.03009
-5.0282
-5.02586
-5.02369
-5.02169
-5.01955
-5.01757
-5.01577
-5.01413
-5.01235
-5.01058
-5.00883
-5.00663
-5.0046
-5.00257
-5.00086
-4.99901
-4.99686
-4.99458
-4.99275
-4.99093
-4.98881
-4.98685
-4.98535
-4.98324
-4.98144
-4.97965
-4.97801
-4.97621
-4.97412
-4.97233
-4.97054
-4.9689
-4.96711
-4.96531
-4.96321
-4.96111
-4.95901
-4.95735
-4.95555
-4.95374
-4.95147
-4.9495
-4.94798
-4.94616
-4.94464
-4.94266
-4.94083
-4.939
-4.93747
-4.9361
-4.93442
-4.9329
-4.93153
-4.92987
-4.92836
-4.92671
-4.92477
-4.92315
-4.92153
-4.91979
-4.9179
-4.91635
-4.91436
-4.91285
-4.91121
-4.90976
-4.90819
-4.9068
-4.90501
-4.9034
-4.90199
-4.90063
-4.89916
-4.8973
-4.89655
-4.89555
-4.89477
-4.8939
-4.89295
-4.89176
-4.89095
-4.89005
-4.88969
-4.8891
-4.88858
-4.888
-4.88795
-4.88783
-4.8884
-4.888
-4.88784
-4.88806
-4.88822
-4.88831
-4.88864
-4.88906
-4.88987
-4.89031
-4.89098
-4.89129
-4.89229
-4.89277
-4.89363
-4.89487
-4.8959
-4.897
-4.89833
-4.89974
-4.90091
-4.90262
-4.90424
-4.90562
-4.90723
-4.90889
-4.91061
-4.91254
-4.91453
-4.91656
-4.91864
-4.92091
-4.92352
-4.92572
-4.92809
-4.93003
-4.93246
-4.93489
-4.93734
-4.93949
-4.94164
-4.94379
-4.94608
-4.94836
-4.95062
-4.95315
-4.95521
-4.95708
-4.95921
-4.96085
-4.96259
-4.96458
-4.96667
-4.96854
-4.9702
-4.97179
-4.97331
-4.97475
-4.97642
-4.97831
-4.97997
-4.98125
-4.98244
-4.9834
-4.98441
-4.98564
-4.98663
-4.98753
-4.98834
-4.98876
-4.98924
-4.98978
-4.98993
-4.99061
-4.99089
-4.99064
-4.99031
-4.99005
-4.98987
-4.9896
-4.98927
-4.98916
-4.98853
-4.98814
-4.98738
-4.98687
-4.98629
-4.98506
-4.98393
-4.9829
-4.98197
-4.98085
-4.98
-4.97896
-4.97803
-4.97678
-4.97579
-4.97433
-4.97285
-4.97151
-4.96969
-4.96847
-4.96739
-4.96615
-4.96506
-4.96367
-4.96243
-4.96164
-4.96087
-4.95949
-4.95843
-4.95693
-4.9556
-4.95443
-4.95358
-4.95276
-4.95135
-4.95087
-4.9498
-4.94862
-4.94776
-4.94677
-4.94582
-4.94459
-4.94354
-4.94252
-4.94138
-4.94042
-4.93873
-4.93799
-4.93727
-4.93659
-4.93578
-4.93516
-4.93442
-4.93416
-4.93333
-4.93283
-4.93222
-4.93163
-4.93123
-4.93086
-4.93037
-4.92991
-4.92949
-4.92955
-4.92919
-4.92916
-4.92872
-4.92861
-4.92868
-4.92864
-4.92864
-4.92852
-4.92843
-4.92838
-4.92852
-4.92916
-4.92937
-4.92978
-4.92993
-4.93026
-4.93079
-4.93091
-4.93138
-4.93173
-4.93198
-4.93243
-4.93308
-4.93377
-4.93436
-4.9353
-4.93554
-4.93658
-4.93753
-4.93867
-4.93973
-4.94068
-4.94185
-4.94307
-4.94435
-4.94599
-4.94739
-4.94869
-4.95022
-4.95165
-4.95375
-4.95577
-4.95739
-4.95894
-4.9607
-4.96268
-4.96502
-4.96759
-4.96931
-4.97126
-4.97342
-4.97579
-4.97839
-4.98105
-4.98377
-4.9867
-4.98954
-4.99244
-4.99494
-4.9981
-5.00101
-5.00366
-5.00666
-5.00939
-5.01277
-5.01574
-5.01903
-5.0222
-5.02524
-5.0283
-5.03167
-5.0349
-5.03799
-5.04167
-5.04475
-5.04812
-5.05118
-5.05451
-5.05782
-5.0614
-5.0645
-5.06756
-5.07042
-5.07293
-5.076
-5.07885
-5.08195
-5.08438
-5.08705
-5.08965
-5.09202
-5.09432
-5.09654
-5.09897
-5.10118
-5.10344
-5.10532
-5.10757
-5.10957
-5.11102
-5.11268
-5.11425
-5.11528
-5.11636
-5.11764
-5.11883
-5.11978
-5.12093
-5.12184
-5.12355
-5.12443
-5.12505
-5.12559
-5.12618
-5.12638
-5.12665
-5.12637
-5.12646
-5.12647
-5.1264
-5.12624
-5.126
-5.12539
-5.1253
-5.12484
-5.12431
-5.12311
-5.12244
-5.12156
-5.12091
-5.12006
-5.1193
-5.11863
-5.11761
-5.11624
-5.11497
-5.11366
-5.1123
-5.11075
-5.10977
-5.10845
-5.10694
-5.10571
-5.10429
-5.10316
-5.10169
-5.10036
-5.09856
-5.09719
-5.09565
-5.0938
-5.09255
-5.09113
-5.08971
-5.08798
-5.08641
-5.08513
-5.0837
-5.08212
-5.0807
-5.07913
-5.07742
-5.07617
-5.07492
-5.07308
-5.07201
-5.07049
-5.06928
-5.06779
-5.0663
-5.06468
-5.06307
-5.06146
-5.05972
-5.05799
-5.05672
-5.05561
-5.05421
-5.05267
-5.05113
-5.04975
-5.04852
-5.0473
-5.04638
-5.04516
-5.04363
-5.04226
-5.04118
-5.03964
-5.0387
-5.03715
-5.03559
-5.03372
-5.03259
-5.03145
-5.03014
-5.02852
-5.02733
-5.02598
-5.02416
-5.02277
-5.02121
-5.01979
-5.01834
-5.01688
-5.01509
-5.01344
-5.01253
-5.01115
-5.00914
-5.00758
-5.0057
-5.00381
-5.0022
-5.00029
-4.99867
-4.9972
-4.99527
-4.99349
-4.99156
-4.98993
-4.98847
-4.98656
-4.98451
-4.98278
-4.98076
-4.97922
-4.97756
-4.97592
-4.97461
-4.97273
-4.97105
-4.96955
-4.96795
-4.96685
-4.96504
-4.96405
-4.96326
-4.96193
-4.96066
-4.96006
-4.95908
-4.95787
-4.95719
-4.95658
-4.95621
-4.95591
-4.95555
-4.95513
-4.95448
-4.95393
-4.95362
-4.95341
-4.95358
-4.9537
-4.95391
-4.95421
-4.95446
-4.9548
-4.95539
-4.95621
-4.95668
-4.95739
-4.95833
-4.95921
-4.96063
-4.96212
-4.9631
-4.9646
-4.96602
-4.96766
-4.96922
-4.97069
-4.97237
-4.9738
-4.97588
-4.97771
-4.97927
-4.98102
-4.9831
-4.98505
-4.98702
-4.98916
-4.99115
-4.99299
-4.99513
-4.99726
-4.99923
-5.00147
-5.00354
-5.00558
-5.00713
-5.00893
-5.01084
-5.01239
-5.01388
-5.01545
-5.01696
-5.01809
-5.01944
-5.02056
-5.02205
-5.02283
-5.02413
-5.02517
-5.02581
-5.02619
-5.02677
-5.02739
-5.02774
-5.02797
-5.02824
-5.02809
-5.02767
-5.02758
-5.02707
-5.02629
-5.02599
-5.02497
-5.02413
-5.02287
-5.0218
-5.02046
-5.01977
-5.01822
-5.01671
-5.01495
-5.0131
-5.01115
-5.00912
-5.007
-5.0051
-5.00328
-5.00109
-4.99853
-4.99622
-4.99401
-4.99145
-4.9884
-4.98592
-4.98372
-4.98134
-4.9788
-4.97625
-4.97354
-4.97128
-4.96904
-4.9665
-4.96383
-4.96132
-4.95869
-4.95624
-4.95412
-4.95174
-4.94908
-4.94692
-4.9451
-4.94272
-4.94037
-4.93853
-4.93657
-4.93451
-4.93265
-4.93083
-4.92935
-4.92716
-4.92532
-4.92351
-4.9216
-4.91972
-4.91819
-4.91639
-4.91462
-4.91305
-4.91151
-4.90986
-4.9087
-4.90727
-4.90558
-4.90407
-4.90261
-4.90119
-4.89996
-4.89892
-4.89793
-4.89653
-4.89548
-4.89418
-4.89323
-4.89264
-4.89211
-4.89134
-4.89063
-4.89013
-4.88956
-4.88936
-4.88878
-4.88827
-4.888
-4.88782
-4.88696
-4.8868
-4.88673
-4.8866
-4.88673
-4.8871
-4.88742
-4.88769
-4.88822
-4.889
-4.89005
-4.89104
-4.89215
-4.89337
-4.89469
-4.89628
-4.89782
-4.89948
-4.90124
-4.90325
-4.90507
-4.90714
-4.90917
-4.91174
-4.91411
-4.91672
-4.91913
-4.92207
-4.92479
-4.9279
-4.93078
-4.93373
-4.93614
-4.93922
-4.94236
-4.94555
-4.94864
-4.95193
-4.9551
-4.95875
-4.96214
-4.96584
-4.96941
-4.97268
-4.97642
-4.9797
-4.98343
-4.98714
-4.99039
-4.99407
-4.99727
-5.00089
-5.00417
-5.00742
-5.01046
-5.01345
-5.01669
-5.01957
-5.02269
-5.02558
-5.02871
-5.03161
-5.03429
-5.03657
-5.03923
-5.04165
-5.04413
-5.04651
-5.0485
-5.05024
-5.05233
-5.05432
-5.0559
-5.05753
-5.05906
-5.06047
-5.06223
-5.06343
-5.06436
-5.06548
-5.06619
-5.06694
-5.06757
-5.06809
-5.06804
-5.06772
-5.0679
-5.06811
-5.06791
-5.06819
-5.06791
-5.06766
-5.067
-5.06653
-5.0655
-5.06465
-5.0637
-5.06264
-5.06147
-5.06049
-5.05941
-5.05808
-5.05649
-5.0545
-5.05286
-5.05098
-5.04915
-5.04708
-5.04491
-5.04266
-5.04077
-5.03789
-5.03523
-5.0328
-5.02999
-5.0268
-5.02369
-5.02098
-5.0182
-5.01536
-5.01231
-5.00937
-5.00623
-5.00304
-4.99982
-4.99581
-4.99237
-4.98906
-4.98544
-4.98225
-4.97905
-4.9757
-4.97251
-4.96887
-4.9654
-4.9624
-4.95928
-4.95589
-4.95269
-4.94938
-4.94642
-4.94277
-4.93994
-4.93702
-4.93403
-4.93127
-4.92875
-4.92616
-4.92368
-4.9219
-4.91948
-4.91716
-4.91482
-4.91335
-4.91186
-4.91004
-4.90866
-4.90712
-4.90617
-4.90491
-4.90395
-4.90345
-4.90279
-4.90229
-4.90194
-4.90159
-4.90201
-4.90214
-4.90212
-4.90271
-4.90331
-4.90406
-4.90468
-4.90499
-4.90576
-4.90744
-4.90911
-4.91078
-4.91245
-4.91471
-4.91635
-4.91873
-4.92109
-4.92374
-4.9262
-4.92893
-4.93223
-4.93504
-4.93841
-4.94142
-4.94453
-4.94772
-4.95115
-4.95512
-4.9587
-4.96235
-4.96622
-4.97014
-4.97395
-4.97766
-4.98156
-4.98519
-4.989
-4.99282
-4.99696
-5.00111
-5.0051
-5.00925
-5.01338
-5.01719
-5.02129
-5.0252
-5.02954
-5.03339
-5.03719
-5.04109
-5.04463
-5.04827
-5.05199
-5.05534
-5.05892
-5.06227
-5.06569
-5.06887
-5.07196
-5.07481
-5.07801
-5.08112
-5.08351
-5.08565
-5.08813
-5.0905
-5.09306
-5.09506
-5.09723
-5.09929
-5.10107
-5.10289
-5.10458
-5.10599
-5.10698
-5.1083
-5.10949
-5.11056
-5.11105
-5.11202
-5.11287
-5.11329
-5.1136
-5.11363
-5.11324
-5.11304
-5.11302
-5.1129
-5.11236
-5.11186
-5.1108
-5.1101
-5.10929
-5.10824
-5.1074
-5.10648
-5.10561
-5.10437
-5.1032
-5.10211
-5.1005
-5.09882
-5.09724
-5.09546
-5.09347
-5.09174
-5.08968
-5.08803
-5.0862
-5.08435
-5.08248
-5.08044
-5.07825
-5.0762
-5.0743
-5.07256
-5.07052
-5.06835
-5.0665
-5.06451
-5.0627
-5.06106
-5.05945
-5.05757
-5.05572
-5.0539
-5.05227
-5.05068
-5.04882
-5.04745
-5.04597
-5.04436
-5.04265
-5.04112
-5.03962
-5.03815
-5.03701
-5.0356
-5.03421
-5.03284
-5.0318
-5.03077
-5.02946
-5.02846
-5.02747
-5.02649
-5.02536
-5.02424
-5.02357
-5.02244
-5.02131
-5.01988
-5.01904
-5.01804
-5.01688
-5.01602
-5.01468
-5.01349
-5.01197
-5.01075
-5.00936
-5.00765
-5.00638
-5.0054
-5.00425
-5.00279
-5.00146
-4.99982
-4.99847
-4.9971
-4.99588
-4.99434
-4.99324
-4.99198
-4.99072
-4.98929
-4.98785
-4.98625
-4.98495
-4.98318
-4.9817
-4.98082
-4.97964
-4.97813
-4.97647
-4.97479
-4.97341
-4.97186
-4.97029
-4.96886
-4.96711
-4.96564
-4.96399
-4.96218
-4.96064
-4.95893
-4.95688
-4.95511
-4.95316
-4.95148
-4.94946
-4.94771
-4.94562
-4.94334
-4.94163
-4.93974
-4.93751
-4.93554
-4.93339
-4.9309
-4.92854
-4.92615
-4.92403
-4.9216
-4.9193
-4.91668
-4.91437
-4.91191
-4.90946
-4.90688
-4.90477
-4.90255
-4.90038
-4.89826
-4.89651
-4.89438
-4.89249
-4.89084
-4.88931
-4.88789
-4.88631
-4.88501
-4.88372
-4.88244
-4.88148
-4.88084
-4.88024
-4.87999
-4.87992
-4.88006
-4.8807
-4.88124
-4.88199
-4.88309
-4.88423
-4.88557
-4.88726
-4.88912
-4.89102
-4.89323
-4.8953
-4.89767
-4.90064
-4.90313
-4.90619
-4.90891
-4.91172
-4.91446
-4.91773
-4.92075
-4.92412
-4.92753
-4.93052
-4.93427
-4.93773
-4.94134
-4.94463
-4.94775
-4.95115
-4.95421
-4.95752
-4.96064
-4.96326
-4.96642
-4.96937
-4.9724
-4.97567
-4.97827
-4.98094
-4.98309
-4.98546
-4.98806
-4.99028
-4.99273
-4.9951
-4.99739
-4.99961
-5.0016
-5.00336
-5.00521
-5.00698
-5.00853
-5.01002
-5.01174
-5.01325
-5.01439
-5.01577
-5.01695
-5.01807
-5.01913
-5.02045
-5.02173
-5.02295
-5.02398
-5.02467
-5.02577
-5.02639
-5.02712
-5.02782
-5.02849
-5.02898
-5.02945
-5.03035
-5.03108
-5.03148
-5.03232
-5.033
-5.03381
-5.03447
-5.03511
-5.03589
-5.03652
-5.03729
-5.03775
-5.03836
-5.03927
-5.03988
-5.04049
-5.04155
-5.04216
-5.04261
-5.04367
-5.04413
-5.0446
-5.04536
-5.04598
-5.04675
-5.04737
-5.0483
-5.04892
-5.04924
-5.05002
-5.0508
-5.05158
-5.05251
-5.05283
-5.05315
-5.05407
-5.05484
-5.05545
-5.0559
-5.0565
-5.05694
-5.05768
-5.0584
-5.05896
-5.05981
-5.0605
-5.06133
-5.06184
-5.06233
-5.06281
-5.06327
-5.06341
-5.06398
-5.06408
-5.06461
-5.06512
-5.06561
-5.06607
-5.06621
-5.06632
-5.06701
-5.06752
-5.0674
-5.0674
-5.06753
-5.06807
-5.06829
-5.06802
-5.06801
-5.06783
-5.06806
-5.06751
-5.06722
-5.0669
-5.06685
-5.06661
-5.06634
-5.06618
-5.06583
-5.0656
-5.06519
-5.06458
-5.06409
-5.06372
-5.06301
-5.06256
-5.06193
-5.06081
-5.06041
-5.05937
-5.0586
-5.05795
-5.05681
-5.0561
-5.05519
-5.05381
-5.05255
-5.05156
-5.05054
-5.04934
-5.04827
-5.04702
-5.0459
-5.04476
-5.04375
-5.04257
-5.04152
-5.0406
-5.03907
-5.03782
-5.03642
-5.03546
-5.03419
-5.03262
-5.03134
-5.03037
-5.02895
-5.02783
-5.02656
-5.02545
-5.02481
-5.02372
-5.02234
-5.02143
-5.02024
-5.01921
-5.01835
-5.01706
-5.01609
-5.01499
-5.01331
-5.0121
-5.01106
-5.01005
-5.00937
-5.00825
-5.0073
-5.00608
-5.00517
-5.00489
-5.00403
-5.00287
-5.00189
-5.00106
-5.0004
-4.9996
-4.9988
-4.9977
-4.99646
-4.99582
-4.99532
-4.99452
-4.99356
-4.9926
-4.99176
-4.99092
-4.99005
-4.98917
-4.98812
-4.98704
-4.98578
-4.9848
-4.98395
-4.98306
-4.98185
-4.98075
-4.97932
-4.97847
-4.97728
-4.97607
-4.97482
-4.97355
-4.97209
-4.97077
-4.96911
-4.96743
-4.96619
-4.96463
-4.9635
-4.96191
-4.96
-4.95855
-4.95723
-4.95561
-4.95385
-4.95208
-4.95077
-4.94948
-4.9485
-4.94708
-4.94569
-4.94431
-4.94281
-4.94148
-4.94034
-4.93893
-4.93741
-4.93622
-4.93493
-4.93398
-4.93308
-4.93177
-4.93082
-4.92946
-4.92861
-4.92812
-4.92768
-4.92684
-4.92606
-4.92565
-4.92469
-4.92454
-4.92385
-4.92367
-4.92356
-4.9235
-4.92321
-4.92342
-4.9234
-4.92343
-4.92353
-4.92368
-4.92389
-4.92415
-4.92402
-4.92439
-4.92481
-4.92559
-4.92657
-4.92715
-4.92762
-4.92813
-4.92869
-4.9296
-4.93039
-4.93107
-4.93179
-4.93223
-4.93287
-4.93398
-4.93513
-4.93615
-4.9369
-4.93781
-4.93906
-4.94047
-4.94114
-4.94274
-4.94435
-4.94552
-4.94685
-4.94804
-4.94923
-4.95013
-4.95132
-4.95282
-4.95447
-4.95551
-4.95655
-4.95787
-4.95904
-4.9602
-4.96135
-4.96309
-4.96421
-4.96516
-4.9661
-4.96686
-4.96836
-4.96878
-4.96993
-4.97075
-4.9717
-4.97247
-4.97337
-4.97393
-4.97492
-4.97602
-4.97679
-4.97723
-4.97779
-4.97862
-4.97956
-4.98017
-4.98075
-4.98159
-4.9821
-4.98257
-4.98301
-4.98311
-4.98333
-4.98367
-4.98412
-4.9844
-4.98494
-4.985
-4.98488
-4.98533
-4.98561
-4.98571
-4.98578
-4.98583
-4.98571
-4.98572
-4.98571
-4.98614
-4.9861
-4.98605
-4.98598
-4.98606
-4.98628
-4.9865
-4.98626
-4.98618
-4.98579
-4.98541
-4.98549
-4.98527
-4.98522
-4.98503
-4.98501
-4.98516
-4.98503
-4.98522
-4.98543
-4.98538
-4.9852
-4.98535
-4.98539
-4.98546
-4.98572
-4.98601
-4.98635
-4.98642
-4.98714
-4.98806
-4.98917
-4.98972
-4.99031
-4.99095
-4.99179
-4.99253
-4.99315
-4.99398
-4.995
-4.99591
-4.99717
-4.99802
-4.99922
-5.00045
-5.00203
-5.00304
-5.00423
-5.00531
-5.00642
-5.00786
-5.00887
-5.01005
-5.01156
-5.01293
-5.01387
-5.01527
-5.01683
-5.01825
-5.01951
-5.02047
-5.02188
-5.02297
-5.02391
-5.02528
-5.02663
-5.02796
-5.02912
-5.03069
-5.03178
-5.03299
-5.03415
-5.03513
-5.0359
-5.03693
-5.03775
-5.03868
-5.03939
-5.0402
-5.0408
-5.04163
-5.0421
-5.04264
-5.04282
-5.04323
-5.04357
-5.04414
-5.04403
-5.04415
-5.04405
-5.04417
-5.04407
-5.04389
-5.04363
-5.04361
-5.04321
-5.04273
-5.04204
-5.04143
-5.04074
-5.03999
-5.03933
-5.0383
-5.03706
-5.03531
-5.03425
-5.0333
-5.03229
-5.03093
-5.02952
-5.02852
-5.02748
-5.02625
-5.02468
-5.02323
-5.02175
-5.0204
-5.01948
-5.01823
-5.01652
-5.01494
-5.0138
-5.01205
-5.0106
-5.009
-5.00769
-5.00579
-5.00479
-5.00351
-5.00208
-5.00037
-4.99867
-4.9973
-4.99549
-4.99461
-4.99315
-4.99172
-4.99047
-4.9891
-4.98746
-4.9863
-4.98473
-4.9835
-4.98231
-4.98116
-4.98005
-4.97913
-4.97796
-4.97683
-4.97574
-4.97501
-4.97417
-4.97307
-4.97247
-4.97192
-4.97112
-4.97006
-4.96951
-4.96915
-4.96838
-4.96781
-4.96744
-4.96727
-4.96668
-4.96599
-4.9658
-4.96579
-4.96538
-4.9647
-4.96467
-4.96437
-4.96426
-4.96434
-4.96445
-4.96474
-4.96522
-4.96542
-4.9658
-4.9659
-4.96618
-4.96694
-4.96756
-4.96805
-4.96841
-4.96924
-4.96963
-4.96989
-4.9703
-4.97073
-4.97117
-4.97161
-4.97206
-4.97251
-4.97311
-4.97357
-4.97373
-4.97433
-4.97479
-4.97524
-4.97568
-4.97612
-4.97641
-4.97668
-4.9771
-4.9775
-4.9782
-4.97903
-4.9791
-4.97946
-4.9798
-4.98013
-4.9806
-4.98059
-4.98072
-4.98098
-4.98153
-4.98145
-4.98181
-4.982
-4.98217
-4.98216
-4.98229
-4.98254
-4.98278
-4.98299
-4.98318
-4.9832
-4.98335
-4.98317
-4.98312
-4.98274
-4.9828
-4.98268
-4.98255
-4.98239
-4.98221
-4.98216
-4.98179
-4.98155
-4.98129
-4.98117
-4.98072
-4.9801
-4.97992
-4.97972
-4.97921
-4.97868
-4.97828
-4.97788
-4.97761
-4.97688
-4.97629
-4.97614
-4.97569
-4.97507
-4.97491
-4.97428
-4.97395
-4.97332
-4.97283
-4.97235
-4.97171
-4.97153
-4.9709
-4.97042
-4.9701
-4.96978
-4.96903
-4.96903
-4.96859
-4.96817
-4.96775
-4.96735
-4.96681
-4.96658
-4.96652
-4.96618
-4.96601
-4.9657
-4.96557
-4.9653
-4.96505
-4.96513
-4.96478
-4.96445
-4.96475
-4.96462
-4.96451
-4.96413
-4.96423
-4.9642
-4.96435
-4.96422
-4.96412
-4.9642
-4.96447
-4.96521
-4.96523
-4.96527
-4.96535
-4.96546
-4.9659
-4.96592
-4.96642
-4.96696
-4.96768
-4.96813
-4.96847
-4.96913
-4.96984
-4.97043
-4.97135
-4.97232
-4.97331
-4.97405
-4.97467
-4.97548
-4.97647
-4.97781
-4.97844
-4.97955
-4.98071
-4.98176
-4.98299
-4.98427
-4.9856
-4.98666
-4.98776
-4.9889
-4.99054
-4.99207
-4.99349
-4.99479
-4.99629
-4.99783
-4.99911
-5.00072
-5.00223
-5.00391
-5.00579
-5.0074
-5.00949
-5.01116
-5.01286
-5.01489
-5.01649
-5.01857
-5.02082
-5.02309
-5.02447
-5.02632
-5.02848
-5.0308
-5.03253
-5.03456
-5.03629
-5.03816
-5.04004
-5.0419
-5.04391
-5.04605
-5.04817
-5.05012
-5.0522
-5.0544
-5.05597
-5.05796
-5.05961
-5.06122
-5.06324
-5.06491
-5.06669
-5.06827
-5.06994
-5.0714
-5.07281
-5.0743
-5.07573
-5.07709
-5.07839
-5.07932
-5.08047
-5.08155
-5.08256
-5.08334
-5.08419
-5.08496
-5.0855
-5.08581
-5.08604
-5.08619
-5.08641
-5.08639
-5.08675
-5.08673
-5.08678
-5.0866
-5.08603
-5.08569
-5.08528
-5.08463
-5.08391
-5.08358
-5.08286
-5.08208
-5.08154
-5.08077
-5.0798
-5.07891
-5.07766
-5.07666
-5.07546
-5.07436
-5.07306
-5.07171
-5.07033
-5.06876
-5.06745
-5.06596
-5.0646
-5.0629
-5.06119
-5.05931
-5.05756
-5.0555
-5.05403
-5.05256
-5.05124
-5.04962
-5.04769
-5.04623
-5.04463
-5.04333
-5.04176
-5.04004
-5.03865
-5.03712
-5.03562
-5.03399
-5.03285
-5.03097
-5.02958
-5.02808
-5.02645
-5.02486
-5.0233
-5.02209
-5.02091
-5.01961
-5.0185
-5.01713
-5.0161
-5.0154
-5.01414
-5.01321
-5.01247
-5.01146
-5.01048
-5.00968
-5.00876
-5.00847
-5.00745
-5.00675
-5.00593
-5.00542
-5.00478
-5.00401
-5.00354
-5.00324
-5.00265
-5.00221
-5.00162
-5.00088
-5.00029
-4.99939
-4.99894
-4.99848
-4.99802
-4.99724
-4.99674
-4.99579
-4.99512
-4.99458
-4.99433
-4.99346
-4.99302
-4.99242
-4.99149
-4.99086
-4.98975
-4.98908
-4.98794
-4.98679
-4.98594
-4.98492
-4.9842
-4.98348
-4.9826
-4.98187
-4.9813
-4.98089
-4.98003
-4.97904
-4.97807
-4.97711
-4.97648
-4.97572
-4.9753
-4.97476
-4.97411
-4.97319
-4.97248
-4.97196
-4.97133
-4.97062
-4.97026
-4.96981
-4.96942
-4.96895
-4.96839
-4.96836
-4.96824
-4.96835
-4.96853
-4.96893
-4.96942
-4.97012
-4.97046
-4.97102
-4.9715
-4.97206
-4.97285
-4.97356
-4.97449
-4.97534
-4.97641
-4.9774
-4.97861
-4.97988
-4.98121
-4.98275
-4.98374
-4.98555
-4.98725
-4.989
-4.99065
-4.99249
-4.99407
-4.99599
-4.99825
-4.99978
-5.0018
-5.00369
-5.0056
-5.00768
-5.00978
-5.01129
-5.01327
-5.01525
-5.01725
-5.0191
-5.02125
-5.02325
-5.02555
-5.02769
-5.02968
-5.03166
-5.03378
-5.03574
-5.03754
-5.03962
-5.04153
-5.04328
-5.04531
-5.04732
-5.04976
-5.05172
-5.05366
-5.05572
-5.05745
-5.0596
-5.06112
-5.06261
-5.06421
-5.06563
-5.06671
-5.06791
-5.06937
-5.07093
-5.07216
-5.07319
-5.07447
-5.07556
-5.0769
-5.07804
-5.07882
-5.08
-5.08098
-5.08175
-5.08276
-5.08341
-5.08429
-5.08481
-5.08571
-5.08654
-5.08685
-5.08723
-5.08769
-5.08807
-5.08837
-5.08829
-5.08797
-5.08771
-5.08752
-5.08709
-5.08672
-5.0864
-5.08585
-5.08519
-5.08459
-5.08405
-5.08295
-5.08175
-5.08046
-5.07936
-5.07817
-5.07688
-5.07504
-5.07325
-5.07166
-5.06983
-5.06805
-5.06603
-5.06392
-5.06171
-5.05927
-5.0569
-5.05429
-5.0516
-5.04899
-5.04616
-5.0431
-5.04089
-5.03801
-5.03492
-5.03193
-5.0289
-5.02597
-5.02269
-5.01924
-5.0159
-5.01254
-5.00917
-5.00592
-5.00283
-4.99973
-4.99647
-4.99308
-4.98954
-4.98617
-4.98282
-4.9798
-4.9762
-4.97308
-4.97015
-4.96727
-4.96397
-4.96103
-4.95813
-4.95544
-4.9525
-4.94978
-4.94726
-4.94481
-4.94212
-4.9395
-4.93724
-4.93491
-4.9328
-4.93046
-4.92834
-4.92599
-4.92401
-4.92211
-4.92029
-4.91869
-4.91701
-4.91496
-4.91343
-4.91198
-4.9103
-4.909
-4.90777
-4.90661
-4.90553
-4.90438
-4.9036
-4.90259
-4.90195
-4.90124
-4.90091
-4.90049
-4.9
-4.89928
-4.89938
-4.89925
-4.8989
-4.89891
-4.89884
-4.89884
-4.89891
-4.8992
-4.8994
-4.89981
-4.90028
-4.90097
-4.90142
-4.90222
-4.90293
-4.90414
-4.90511
-4.90581
-4.90642
-4.90721
-4.90835
-4.90967
-4.91012
-4.91135
-4.9123
-4.91358
-4.91488
-4.91559
-4.91646
-4.91749
-4.91838
-4.91941
-4.92074
-4.92161
-4.92293
-4.92363
-4.92461
-4.92542
-4.92636
-4.92743
-4.92833
-4.92964
-4.93033
-4.93098
-4.93191
-4.93265
-4.93366
-4.93418
-4.93497
-4.93543
-4.93616
-4.93701
-4.93799
-4.93849
-4.93897
-4.93943
-4.93972
-4.94031
-4.94058
-4.941
-4.94112
-4.9414
-4.94184
-4.94229
-4.94291
-4.94311
-4.9438
-4.94437
-4.94514
-4.9458
-4.94652
-4.9476
-4.94844
-4.94936
-4.95065
-4.95171
-4.95301
-4.95409
-4.95572
-4.95713
-4.95879
-4.96025
-4.96195
-4.96375
-4.96565
-4.9681
-4.97019
-4.97237
-4.97465
-4.97672
-4.97918
-4.98173
-4.98405
-4.9866
-4.98893
-4.99163
-4.99439
-4.99721
-4.99993
-5.003
-5.00611
-5.00926
-5.01244
-5.01534
-5.01826
-5.0215
-5.02459
-5.02784
-5.03138
-5.03477
-5.03783
-5.04103
-5.0439
-5.04689
-5.05
-5.05307
-5.05624
-5.05922
-5.062
-5.06443
-5.0671
-5.06955
-5.0724
-5.07534
-5.07821
-5.08025
-5.08298
-5.08518
-5.08716
-5.08891
-5.09164
-5.09384
-5.09626
-5.098
-5.09965
-5.10138
-5.10302
-5.10473
-5.10636
-5.10761
-5.10907
-5.11045
-5.11159
-5.11251
-5.11334
-5.11454
-5.1152
-5.11594
-5.11674
-5.11716
-5.11766
-5.11762
-5.11796
-5.11852
-5.1187
-5.11881
-5.11884
-5.11849
-5.11823
-5.11834
-5.11808
-5.11775
-5.11749
-5.11687
-5.11633
-5.11527
-5.1146
-5.11371
-5.11261
-5.11175
-5.11098
-5.10984
-5.1085
-5.1074
-5.1061
-5.10459
-5.10332
-5.10231
-5.1011
-5.09953
-5.09837
-5.09717
-5.09592
-5.09433
-5.09285
-5.09102
-5.08946
-5.08741
-5.08563
-5.08367
-5.08183
-5.0798
-5.07791
-5.07598
-5.07419
-5.07223
-5.0704
-5.06841
-5.06641
-5.06455
-5.06268
-5.06081
-5.05879
-5.05693
-5.05477
-5.05277
-5.05063
-5.04866
-5.04656
-5.04464
-5.04259
-5.04103
-5.03906
-5.03727
-5.03522
-5.03353
-5.03189
-5.0303
-5.02938
-5.02762
-5.02638
-5.02521
-5.02412
-5.0228
-5.02187
-5.02102
-5.01982
-5.01885
-5.01813
-5.01736
-5.01684
-5.01687
-5.01641
-5.01604
-5.01609
-5.01594
-5.01619
-5.01626
-5.01612
-5.0164
-5.01693
-5.01741
-5.01814
-5.01883
-5.01991
-5.02093
-5.02145
-5.02265
-5.02394
-5.02501
-5.02661
-5.02843
-5.02986
-5.03167
-5.03338
-5.03514
-5.0371
-5.03866
-5.0404
-5.04188
-5.04399
-5.04628
-5.04844
-5.05046
-5.05264
-5.05468
-5.05672
-5.0583
-5.06002
-5.06219
-5.06434
-5.06602
-5.06783
-5.06991
-5.07181
-5.07399
-5.07583
-5.07778
-5.07969
-5.0814
-5.08277
-5.08485
-5.08642
-5.08779
-5.08895
-5.09066
-5.09186
-5.09331
-5.0947
-5.09587
-5.09668
-5.09757
-5.0984
-5.09977
-5.10047
-5.10156
-5.10212
-5.10276
-5.10304
-5.10414
-5.10458
-5.10509
-5.10522
-5.10589
-5.10572
-5.10609
-5.10607
-5.10598
-5.10581
-5.10556
-5.10509
-5.10453
-5.1039
-5.10348
-5.10284
-5.10242
-5.10192
-5.10104
-5.09993
-5.09843
-5.09746
-5.09596
-5.09423
-5.09303
-5.0916
-5.09039
-5.08881
-5.08701
-5.08544
-5.0838
-5.08194
-5.08002
-5.07803
-5.07554
-5.07344
-5.07129
-5.06909
-5.067
-5.06487
-5.0624
-5.06034
-5.05751
-5.05525
-5.05328
-5.05114
-5.04884
-5.04669
-5.04408
-5.04178
-5.03919
-5.03676
-5.0342
-5.03166
-5.02961
-5.02698
-5.02484
-5.02273
-5.02052
-5.01835
-5.01638
-5.01431
-5.01229
-5.01032
-5.0084
-5.00699
-5.00518
-5.00343
-5.00143
-4.99994
-4.99835
-4.99681
-4.99532
-4.99388
-4.99264
-4.99129
-4.98998
-4.98902
-4.98749
-4.98614
-4.98498
-4.984
-4.98304
-4.98181
-4.98105
-4.98046
-4.97974
-4.97873
-4.97773
-4.9766
-4.97547
-4.97464
-4.97353
-4.97226
-4.97145
-4.97064
-4.96967
-4.96856
-4.96744
-4.96647
-4.96505
-4.96377
-4.9628
-4.96181
-4.96098
-4.96029
-4.9596
-4.95906
-4.95791
-4.95707
-4.95607
-4.95507
-4.95407
-4.95292
-4.95162
-4.95048
-4.94964
-4.94865
-4.94736
-4.94639
-4.94587
-4.94506
-4.94396
-4.94272
-4.94178
-4.94101
-4.94026
-4.93891
-4.93787
-4.93685
-4.93585
-4.93486
-4.93389
-4.93308
-4.93215
-4.93138
-4.93094
-4.93021
-4.9295
-4.92881
-4.92815
-4.9275
-4.92718
-4.92628
-4.9257
-4.9253
-4.92492
-4.92426
-4.92408
-4.92348
-4.9235
-4.9234
-4.92302
-4.92266
-4.92218
-4.92188
-4.92222
-4.92182
-4.92161
-4.92112
-4.92096
-4.92084
-4.9209
-4.92039
-4.92021
-4.92022
-4.91996
-4.92005
-4.92017
-4.92018
-4.92038
-4.92048
-4.92092
-4.92125
-4.92164
-4.92207
-4.9227
-4.92324
-4.92383
-4.92462
-4.92532
-4.92578
-4.9272
-4.92808
-4.92917
-4.93078
-4.93215
-4.93328
-4.93463
-4.93575
-4.93723
-4.93877
-4.94008
-4.94161
-4.94335
-4.94485
-4.94612
-4.9479
-4.94989
-4.95179
-4.95389
-4.9556
-4.95736
-4.95917
-4.96118
-4.96368
-4.96608
-4.96821
-4.97053
-4.97272
-4.97495
-4.97749
-4.97991
-4.98249
-4.98449
-4.98664
-4.98894
-4.99125
-4.9937
-4.99614
-4.99857
-5.00084
-5.00323
-5.0059
-5.00825
-5.01041
-5.01344
-5.01567
-5.01771
-5.01971
-5.02166
-5.02386
-5.0257
-5.02763
-5.0295
-5.03147
-5.03306
-5.03474
-5.03635
-5.03819
-5.03951
-5.04105
-5.04237
-5.04346
-5.04432
-5.0454
-5.0464
-5.04717
-5.04757
-5.04833
-5.04901
-5.04961
-5.04998
-5.05057
-5.05078
-5.05137
-5.05187
-5.052
-5.05235
-5.05217
-5.05191
-5.05204
-5.05164
-5.05117
-5.05047
-5.04986
-5.04934
-5.04875
-5.04809
-5.04753
-5.04691
-5.04623
-5.04535
-5.04441
-5.04373
-5.0427
-5.04147
-5.04035
-5.03935
-5.03815
-5.03677
-5.03627
-5.03498
-5.03367
-5.03248
-5.03127
-5.03004
-5.0288
-5.02739
-5.02597
-5.02455
-5.02297
-5.02154
-5.02011
-5.01883
-5.01755
-5.01613
-5.01502
-5.01362
-5.01238
-5.01115
-5.00978
-5.00828
-5.0068
-5.00533
-5.00418
-5.00289
-5.00148
-5.00023
-4.99901
-4.99749
-4.9963
-4.99513
-4.99367
-4.99268
-4.99155
-4.99029
-4.98919
-4.98809
-4.98716
-4.98654
-4.98516
-4.98409
-4.98317
-4.98195
-4.98088
-4.9798
-4.97886
-4.97821
-4.97726
-4.97583
-4.97484
-4.97354
-4.97206
-4.97086
-4.96948
-4.96839
-4.96682
-4.96552
-4.96419
-4.96253
-4.96115
-4.95989
-4.95859
-4.95727
-4.95562
-4.95409
-4.95252
-4.95093
-4.94917
-4.94783
-4.94631
-4.94433
-4.94262
-4.94075
-4.93902
-4.93758
-4.93583
-4.93422
-4.93247
-4.93117
-4.92957
-4.92784
-4.92613
-4.92444
-4.92262
-4.92143
-4.92013
-4.91857
-4.91721
-4.91574
-4.91449
-4.91314
-4.91186
-4.9111
-4.90982
-4.90876
-4.9078
-4.90692
-4.90644
-4.90561
-4.90488
-4.90456
-4.90435
-4.9038
-4.90352
-4.90321
-4.90347
-4.90371
-4.90438
-4.90472
-4.90488
-4.90548
-4.90666
-4.90721
-4.90819
-4.9096
-4.91068
-4.91203
-4.91334
-4.91493
-4.91693
-4.91904
-4.92081
-4.92297
-4.92554
-4.92729
-4.92989
-4.93241
-4.93546
-4.93829
-4.94087
-4.94352
-4.94652
-4.94956
-4.9531
-4.95623
-4.95923
-4.96211
-4.965
-4.9676
-4.97081
-4.97387
-4.97663
-4.97983
-4.98286
-4.98588
-4.98887
-4.99198
-4.99475
-4.99764
-5.00064
-5.0036
-5.0062
-5.00876
-5.01157
-5.01432
-5.01701
-5.01934
-5.02192
-5.02398
-5.02658
-5.02912
-5.03144
-5.03355
-5.0356
-5.03743
-5.03905
-5.04091
-5.04241
-5.0437
-5.04538
-5.04716
-5.04873
-5.0504
-5.05156
-5.05298
-5.0545
-5.05582
-5.05726
-5.05835
-5.0594
-5.06102
-5.06216
-5.06312
-5.06419
-5.06555
-5.06657
-5.06743
-5.06841
-5.06938
-5.07049
-5.07142
-5.07235
-5.07357
-5.07433
-5.07508
-5.07613
-5.07687
-5.07792
-5.07881
-5.08
-5.08074
-5.08133
-5.08237
-5.08357
-5.08447
-5.08537
-5.08642
-5.08762
-5.08853
-5.08928
-5.09019
-5.09079
-5.09185
-5.0926
-5.09365
-5.09455
-5.09605
-5.09694
-5.09752
-5.09824
-5.0991
-5.09965
-5.1005
-5.10118
-5.10214
-5.10264
-5.10343
-5.10405
-5.10479
-5.10537
-5.10608
-5.10691
-5.10742
-5.10806
-5.10867
-5.10955
-5.10996
-5.11064
-5.11144
-5.11206
-5.1125
-5.11276
-5.11284
-5.11334
-5.11336
-5.11364
-5.1139
-5.11412
-5.11431
-5.11417
-5.1143
-5.11425
-5.11432
-5.11436
-5.11422
-5.11404
-5.11399
-5.11376
-5.11336
-5.11323
-5.11307
-5.11288
-5.11267
-5.11229
-5.11203
-5.11175
-5.11145
-5.11128
-5.11124
-5.11103
-5.11065
-5.11025
-5.10968
-5.10909
-5.10864
-5.10833
-5.10785
-5.1072
-5.10684
-5.10632
-5.10608
-5.10508
-5.10437
-5.10395
-5.10336
-5.10322
-5.10261
-5.10169
-5.10091
-5.10042
-5.09976
-5.0994
-5.09903
-5.09864
-5.0981
-5.09709
-5.09591
-5.09564
-5.0949
-5.0943
-5.09369
-5.09306
-5.09273
-5.09178
-5.09098
-5.09046
-5.08964
-5.08865
-5.08764
-5.08678
-5.08576
-5.08517
-5.08428
-5.08337
-5.08275
-5.08167
-5.08103
-5.08007
-5.07895
-5.07812
-5.07698
-5.07613
-5.07481
-5.07332
-5.07243
-5.07107
-5.07015
-5.06876
-5.06751
-5.06669
-5.06556
-5.06455
-5.06277
-5.06128
-5.06021
-5.05898
-5.05772
-5.05628
-5.05468
-5.05365
-5.05214
-5.05091
-5.0498
-5.04836
-5.04689
-5.04524
-5.04371
-5.04199
-5.04024
-5.03861
-5.03679
-5.03509
-5.03351
-5.03204
-5.03008
-5.02794
-5.02622
-5.02446
-5.02267
-5.0207
-5.0187
-5.01653
-5.01432
-5.01255
-5.01061
-5.00865
-5.00667
-5.00484
-5.00256
-5.00058
-4.99875
-4.99664
-4.9947
-4.99278
-4.99074
-4.9889
-4.98635
-4.98416
-4.98233
-4.98043
-4.97876
-4.97719
-4.97602
-4.97481
-4.97357
-4.9723
-4.97148
-4.9708
-4.97028
-4.96962
-4.96899
-4.96853
-4.96932
-4.96955
-4.97028
-4.97091
-4.97175
-4.9728
-4.97376
-4.97525
-4.97695
-4.97887
-4.98086
-4.9829
-4.98562
-4.98854
-4.99137
-4.99485
-4.99822
-5.00209
-5.00598
-5.01004
-5.01412
-5.01821
-5.02244
-5.02711
-5.0316
-5.03636
-5.04122
-5.04558
-5.05063
-5.0559
-5.06093
-5.06616
-5.07144
-5.07675
-5.08193
-5.08698
-5.09263
-5.09783
-5.10301
-5.10832
-5.1136
-5.11885
-5.1242
-5.12936
-5.1346
-5.13964
-5.14445
-5.1495
-5.15431
-5.1595
-5.1643
-5.16871
-5.17349
-5.17741
-5.18169
-5.18618
-5.19026
-5.19409
-5.19827
-5.20204
-5.20571
-5.20912
-5.21258
-5.21594
-5.21934
-5.22263
-5.22537
-5.22846
-5.23145
-5.23418
-5.23682
-5.2389
-5.24134
-5.24368
-5.24563
-5.24779
-5.2497
-5.25153
-5.25372
-5.25536
-5.25693
-5.25871
-5.26042
-5.26189
-5.26328
-5.26475
-5.26599
-5.26701
-5.26796
-5.26853
-5.26964
-5.27054
-5.27091
-5.27167
-5.27252
-5.27301
-5.27389
-5.2744
-5.27456
-5.27511
-5.27575
-5.27633
-5.27686
-5.27658
-5.2767
-5.27676
-5.27646
-5.27671
-5.27676
-5.2769
-5.27669
-5.27656
-5.27639
-5.2757
-5.27541
-5.27461
-5.27436
-5.27359
-5.27338
-5.2728
-5.27201
-5.27086
-5.26995
-5.26899
-5.26811
-5.26717
-5.26602
-5.26495
-5.26322
-5.26203
-5.26078
-5.25946
-5.25778
-5.25619
-5.25438
-5.25266
-5.25058
-5.24874
-5.24668
-5.24441
-5.24238
-5.24013
-5.23798
-5.23608
-5.23381
-5.23118
-5.2291
-5.22621
-5.22342
-5.22073
-5.21828
-5.21563
-5.21278
-5.20988
-5.20648
-5.20334
-5.20031
-5.19707
-5.19425
-5.19109
-5.18789
-5.18464
-5.18106
-5.17775
-5.17441
-5.17088
-5.16777
-5.16433
-5.16086
-5.15752
-5.15415
-5.15077
-5.14766
-5.14438
-5.14078
-5.13746
-5.13413
-5.13049
-5.12683
-5.12316
-5.11933
-5.11549
-5.11194
-5.10839
-5.10498
-5.10173
-5.09831
-5.0946
-5.09088
-5.08732
-5.08345
-5.08004
-5.07649
-5.07294
-5.06924
-5.06555
-5.06201
-5.05833
-5.05466
-5.05161
-5.0481
-5.04476
-5.04128
-5.03751
-5.03405
-5.03075
-5.02747
-5.02405
-5.0208
-5.01741
-5.01389
-5.01068
-5.00735
-5.00448
-5.00119
-4.99762
-4.99437
-4.991
-4.98826
-4.98465
-4.98167
-4.97842
-4.97536
-4.97248
-4.9698
-4.96686
-4.96397
-4.96112
-4.95817
-4.95573
-4.9532
-4.95028
-4.94772
-4.94537
-4.9434
-4.94136
-4.93894
-4.93689
-4.93478
-4.93306
-4.93098
-4.92868
-4.92709
-4.92514
-4.9236
-4.92217
-4.92069
-4.91932
-4.91822
-4.91693
-4.91606
-4.91546
-4.91499
-4.91418
-4.91351
-4.91341
-4.91329
-4.91345
-4.91359
-4.91355
-4.9141
-4.91462
-4.91543
-4.91621
-4.91727
-4.9183
-4.91945
-4.92057
-4.92166
-4.92287
-4.92434
-4.92592
-4.9279
-4.92999
-4.93203
-4.93415
-4.93637
-4.93897
-4.94121
-4.94366
-4.94604
-4.94818
-4.95083
-4.95399
-4.95645
-4.95926
-4.96196
-4.96484
-4.96775
-4.97115
-4.97411
-4.97664
-4.97949
-4.9828
-4.98581
-4.98882
-4.99183
-4.99469
-4.99783
-5.00082
-5.00394
-5.00673
-5.00951
-5.01211
-5.01499
-5.01814
-5.02127
-5.02405
-5.02651
-5.02953
-5.03236
-5.03516
-5.03791
-5.04048
-5.04315
-5.04578
-5.04837
-5.05107
-5.05312
-5.05542
-5.05814
-5.06036
-5.06223
-5.06436
-5.06629
-5.06833
-5.07017
-5.07243
-5.07403
-5.07574
-5.07772
-5.07919
-5.08108
-5.08262
-5.08427
-5.08558
-5.087
-5.08854
-5.09033
-5.09179
-5.09246
-5.0943
-5.09565
-5.09712
-5.0984
-5.10011
-5.10103
-5.10207
-5.10323
-5.10466
-5.10592
-5.107
-5.10805
-5.10938
-5.11054
-5.11152
-5.11263
-5.11326
-5.11372
-5.11462
-5.1155
-5.11636
-5.1175
-5.11878
-5.11975
-5.12039
-5.12103
-5.1221
-5.12286
-5.12361
-5.12374
-5.12447
-5.12519
-5.12576
-5.12631
-5.12716
-5.12785
-5.12869
-5.12907
-5.13005
-5.13073
-5.13155
-5.13237
-5.13319
-5.1337
-5.13467
-5.13518
-5.136
-5.13682
-5.13778
-5.13845
-5.13912
-5.13978
-5.14015
-5.14067
-5.14089
-5.14126
-5.14193
-5.14275
-5.14372
-5.14424
-5.14506
-5.14557
-5.14608
-5.14689
-5.14755
-5.1482
-5.14869
-5.14947
-5.15009
-5.15086
-5.15161
-5.1522
-5.15232
-5.15302
-5.15356
-5.15424
-5.15473
-5.15536
-5.15597
-5.15609
-5.15619
-5.15642
-5.15661
-5.15693
-5.15691
-5.15746
-5.15752
-5.15785
-5.15769
-5.15779
-5.15755
-5.15757
-5.15755
-5.15763
-5.15767
-5.15737
-5.15717
-5.15662
-5.15633
-5.15599
-5.15605
-5.15562
-5.15499
-5.15445
-5.15357
-5.1531
-5.15273
-5.15201
-5.15078
-5.14967
-5.1485
-5.14759
-5.14664
-5.14549
-5.14474
-5.1435
-5.14267
-5.14194
-5.14087
-5.13976
-5.13845
-5.1368
-5.13555
-5.13397
-5.13264
-5.13113
-5.12987
-5.12813
-5.12649
-5.12527
-5.12341
-5.12197
-5.12033
-5.11882
-5.11696
-5.11552
-5.11344
-5.11148
-5.10963
-5.10775
-5.10569
-5.10374
-5.10146
-5.0996
-5.09756
-5.09549
-5.09338
-5.09125
-5.08879
-5.0866
-5.08393
-5.08184
-5.07942
-5.07697
-5.07465
-5.0723
-5.06963
-5.06694
-5.06393
-5.06104
-5.05844
-5.05582
-5.05273
-5.05007
-5.0471
-5.04396
-5.04125
-5.03869
-5.03596
-5.03307
-5.03031
-5.0274
-5.02402
-5.02093
-5.01784
-5.01489
-5.01194
-5.00913
-5.00616
-5.00318
-5.00066
-4.99783
-4.99514
-4.99215
-4.98931
-4.98647
-4.98377
-4.98093
-4.97838
-4.97553
-4.97284
-4.96984
-4.96685
-4.96401
-4.96179
-4.95896
-4.9566
-4.9535
-4.95071
-4.94764
-4.94503
-4.9423
-4.93959
-4.93691
-4.93425
-4.93164
-4.92921
-4.92653
-4.92405
-4.92162
-4.9194
-4.9171
-4.91533
-4.91318
-4.91126
-4.90929
-4.90757
-4.9058
-4.90399
-4.90246
-4.90104
-4.89991
-4.89846
-4.89731
-4.89645
-4.8956
-4.8952
-4.89466
-4.89444
-4.89453
-4.89479
-4.89477
-4.89507
-4.89599
-4.89678
-4.89743
-4.89854
-4.89997
-4.9017
-4.90344
-4.90518
-4.90705
-4.90891
-4.91121
-4.91362
-4.916
-4.91819
-4.92124
-4.92393
-4.927
-4.92955
-4.93233
-4.93502
-4.93776
-4.94056
-4.9437
-4.94717
-4.95023
-4.95345
-4.9567
-4.9601
-4.96321
-4.96617
-4.96958
-4.97267
-4.97605
-4.97927
-4.9823
-4.98547
-4.9886
-4.99185
-4.99491
-4.99733
-5.00031
-5.0031
-5.00599
-5.00899
-5.01178
-5.01452
-5.01766
-5.02029
-5.02331
-5.02613
-5.02843
-5.03067
-5.0327
-5.03496
-5.03686
-5.03899
-5.04136
-5.04335
-5.04498
-5.04683
-5.04877
-5.05063
-5.05212
-5.05384
-5.05564
-5.0569
-5.05825
-5.05952
-5.06071
-5.06183
-5.06302
-5.06414
-5.06502
-5.06568
-5.06641
-5.06691
-5.06749
-5.06829
-5.06841
-5.06861
-5.06888
-5.06922
-5.06889
-5.06893
-5.06875
-5.0691
-5.06876
-5.06836
-5.06819
-5.06764
-5.06688
-5.06619
-5.06559
-5.06507
-5.06418
-5.06338
-5.06281
-5.06219
-5.0612
-5.0606
-5.05948
-5.05846
-5.05738
-5.0558
-5.05461
-5.05337
-5.05177
-5.04997
-5.04827
-5.04653
-5.04489
-5.04335
-5.04132
-5.03955
-5.03803
-5.03603
-5.03413
-5.0322
-5.03009
-5.02809
-5.02605
-5.02414
-5.02204
-5.02007
-5.01776
-5.01543
-5.01308
-5.01055
-5.00831
-5.00574
-5.00345
-5.00115
-4.99868
-4.99665
-4.99446
-4.99196
-4.98975
-4.98738
-4.98516
-4.98278
-4.98055
-4.97833
-4.97596
-4.97359
-4.97153
-4.96903
-4.967
-4.96467
-4.96237
-4.96023
-4.95796
-4.95557
-4.95304
-4.95085
-4.94854
-4.94657
-4.94448
-4.94257
-4.94041
-4.93874
-4.93651
-4.93449
-4.93281
-4.93119
-4.92931
-4.9275
-4.92619
-4.92495
-4.92316
-4.92174
-4.92069
-4.91955
-4.91803
-4.91703
-4.91596
-4.91511
-4.91418
-4.91333
-4.91256
-4.91201
-4.91109
-4.9107
-4.91009
-4.90986
-4.90971
-4.90918
-4.90918
-4.90942
-4.90943
-4.90937
-4.90953
-4.91007
-4.91038
-4.91046
-4.91107
-4.91129
-4.91234
-4.9127
-4.91327
-4.91405
-4.91505
-4.91595
-4.91691
-4.91747
-4.91868
-4.91994
-4.92125
-4.92245
-4.92338
-4.92435
-4.92566
-4.92685
-4.92807
-4.92977
-4.93103
-4.93248
-4.93378
-4.93526
-4.93629
-4.93764
-4.93976
-4.94142
-4.94339
-4.94476
-4.94628
-4.9481
-4.94931
-4.95051
-4.952
-4.95378
-4.95525
-4.9567
-4.95798
-4.95969
-4.96122
-4.96258
-4.96407
-4.96537
-4.96649
-4.96804
-4.96954
-4.97086
-4.97199
-4.97308
-4.97428
-4.97528
-4.97579
-4.97685
-4.97787
-4.97839
-4.97946
-4.98002
-4.98084
-4.98116
-4.98127
-4.98164
-4.98195
-4.98266
-4.98273
-4.98319
-4.98346
-4.98368
-4.98386
-4.98415
-4.98409
-4.9843
-4.98433
-4.98432
-4.98429
-4.98423
-4.98431
-4.98436
-4.98411
-4.98415
-4.98389
-4.98363
-4.98337
-4.98329
-4.98292
-4.98272
-4.98286
-4.98258
-4.98204
-4.98245
-4.98276
-4.98253
-4.9828
-4.98315
-4.98356
-4.98404
-4.98475
-4.9857
-4.98673
-4.98769
-4.9886
-4.98944
-4.99053
-4.99172
-4.993
-4.99498
-4.99631
-4.99773
-4.99955
-5.00132
-5.00303
-5.00514
-5.00719
-5.00933
-5.01141
-5.01373
-5.01628
-5.01876
-5.02132
-5.02396
-5.02682
-5.0296
-5.03229
-5.03519
-5.0383
-5.04146
-5.04436
-5.04732
-5.05061
-5.05349
-5.05654
-5.06023
-5.06379
-5.06707
-5.07036
-5.07382
-5.07728
-5.08044
-5.0839
-5.08721
-5.09081
-5.0944
-5.09736
-5.10077
-5.10399
-5.1072
-5.11037
-5.11366
-5.11677
-5.11999
-5.12317
-5.12616
-5.12926
-5.13216
-5.13531
-5.13811
-5.14086
-5.14371
-5.14635
-5.14923
-5.15161
-5.15394
-5.1565
-5.15886
-5.16116
-5.16309
-5.16542
-5.16724
-5.1693
-5.1713
-5.17309
-5.17482
-5.1762
-5.17797
-5.17983
-5.18149
-5.1834
-5.1848
-5.18615
-5.1876
-5.189
-5.19065
-5.1918
-5.1932
-5.19441
-5.19573
-5.19701
-5.19824
-5.19914
-5.20014
-5.20112
-5.20205
-5.20295
-5.20352
-5.2039
-5.205
-5.20578
-5.20683
-5.2077
-5.20839
-5.20905
-5.20954
-5.20985
-5.21074
-5.21086
-5.21155
-5.21206
-5.2124
-5.21302
-5.21345
-5.21372
-5.21395
-5.21446
-5.2148
-5.21525
-5.21553
-5.21548
-5.21585
-5.21604
-5.21604
-5.21602
-5.21596
-5.21603
-5.21605
-5.21619
-5.21585
-5.21561
-5.21519
-5.21503
-5.21453
-5.21444
-5.21416
-5.21384
-5.21333
-5.21292
-5.21277
-5.21182
-5.21144
-5.21071
-5.21023
-5.20971
-5.2093
-5.20854
-5.20759
-5.20675
-5.20571
-5.20554
-5.20457
-5.20372
-5.20267
-5.20143
-5.20016
-5.19916
-5.19827
-5.19689
-5.19579
-5.1945
-5.19303
-5.19168
-5.19001
-5.18831
-5.18674
-5.18515
-5.1837
-5.18192
-5.18013
-5.17848
-5.17727
-5.17544
-5.17421
-5.17252
-5.17083
-5.16913
-5.16774
-5.16619
-5.1645
-5.16311
-5.16158
-5.1602
-5.15867
-5.15716
-5.1558
-5.15446
-5.15298
-5.15166
-5.15005
-5.14891
-5.14718
-5.14562
-5.14423
-5.1427
-5.1415
-5.14001
-5.13899
-5.13723
-5.1358
-5.13469
-5.13359
-5.13236
-5.13146
-5.13012
-5.12895
-5.12795
-5.12666
-5.1254
-5.1243
-5.12353
-5.12217
-5.12128
-5.12026
-5.11926
-5.11797
-5.11716
-5.11637
-5.1156
-5.11455
-5.11351
-5.1128
-5.11225
-5.11158
-5.11078
-5.11
-5.10924
-5.10835
-5.10794
-5.10694
-5.10627
-5.10578
-5.10531
-5.10487
-5.10446
-5.10392
-5.10326
-5.10262
-5.10247
-5.10189
-5.1015
-5.10083
-5.1005
-5.10034
-5.09977
-5.09953
-5.09932
-5.09899
-5.09885
-5.09903
-5.09895
-5.09889
-5.09887
-5.09933
-5.09936
-5.09942
-5.09951
-5.09978
-5.09992
-5.10023
-5.10026
-5.10092
-5.10114
-5.10122
-5.10102
-5.10158
-5.10185
-5.10242
-5.1024
-5.10283
-5.10326
-5.10324
-5.10351
-5.10392
-5.10416
-5.10439
-5.1046
-5.10434
-5.10481
-5.10479
-5.10521
-5.10513
-5.10532
-5.10578
-5.1059
-5.10597
-5.10585
-5.10554
-5.10532
-5.10506
-5.10504
-5.10497
-5.10455
-5.10422
-5.10384
-5.10325
-5.10275
-5.10235
-5.10174
-5.10077
-5.1002
-5.09957
-5.09874
-5.0977
-5.09631
-5.09501
-5.09382
-5.09288
-5.09174
-5.09041
-5.08873
-5.08732
-5.08557
-5.08364
-5.08243
-5.08059
-5.07933
-5.0776
-5.076
-5.07439
-5.07262
-5.0713
-5.06967
-5.06804
-5.06658
-5.06497
-5.06322
-5.06149
-5.06009
-5.0584
-5.0569
-5.05558
-5.05414
-5.05274
-5.05183
-5.05036
-5.04924
-5.04801
-5.04699
-5.04586
-5.0448
-5.04378
-5.04283
-5.04148
-5.04064
-5.04002
-5.03885
-5.0385
-5.03806
-5.03753
-5.03706
-5.0368
-5.03615
-5.03586
-5.03578
-5.0356
-5.03534
-5.03483
-5.03482
-5.03472
-5.03467
-5.03452
-5.03487
-5.03511
-5.03526
-5.03559
-5.03611
-5.03668
-5.03698
-5.03762
-5.03829
-5.03899
-5.03987
-5.04062
-5.0414
-5.04205
-5.04257
-5.04356
-5.04396
-5.04452
-5.04525
-5.04584
-5.04644
-5.04734
-5.04825
-5.04901
-5.04977
-5.05068
-5.05143
-5.05264
-5.05354
-5.05413
-5.05516
-5.05558
-5.05615
-5.05685
-5.05739
-5.05777
-5.05844
-5.0591
-5.05989
-5.06052
-5.06098
-5.06142
-5.06201
-5.06242
-5.06313
-5.06367
-5.06434
-5.06485
-5.06565
-5.06614
-5.06691
-5.06753
-5.06843
-5.06796
-5.0681
-5.06852
-5.06909
-5.0695
-5.06991
-5.07061
-5.07131
-5.0717
-5.07194
-5.07233
-5.07286
-5.07339
-5.07347
-5.07415
-5.07453
-5.0746
-5.07528
-5.07581
-5.07619
-5.07656
-5.07678
-5.07715
-5.07721
-5.07728
-5.07779
-5.07859
-5.07909
-5.07943
-5.07992
-5.07978
-5.07994
-5.08009
-5.08068
-5.0811
-5.08105
-5.08129
-5.08151
-5.08141
-5.08113
-5.08144
-5.08187
-5.08212
-5.08235
-5.08225
-5.08213
-5.08212
-5.08208
-5.08202
-5.08147
-5.08104
-5.08104
-5.08085
-5.08079
-5.0807
-5.08058
-5.08014
-5.07997
-5.07978
-5.07941
-5.07888
-5.07833
-5.07776
-5.07718
-5.07674
-5.07599
-5.07569
-5.07523
-5.07491
-5.07445
-5.07414
-5.07384
-5.07339
-5.07325
-5.07237
-5.07195
-5.07109
-5.07069
-5.07061
-5.07023
-5.06957
-5.06922
-5.06872
-5.06854
-5.06806
-5.06774
-5.06756
-5.06723
-5.06751
-5.06717
-5.06697
-5.0666
-5.06666
-5.0661
-5.0655
-5.06548
-5.06482
-5.06472
-5.06412
-5.06392
-5.06322
-5.06292
-5.0624
-5.06167
-5.06073
-5.05987
-5.05894
-5.05809
-5.05687
-5.05528
-5.05377
-5.05234
-5.05084
-5.04897
-5.04718
-5.04549
-5.04389
-5.04178
-5.03978
-5.03758
-5.0355
-5.03353
-5.0317
-5.02969
-5.02782
-5.0258
-5.02348
-5.02177
-5.01979
-5.01783
-5.01575
-5.01418
-5.01281
-5.01089
-5.00919
-5.00772
-5.00617
-5.00486
-5.00334
-5.00237
-5.00119
-4.99996
-4.99884
-4.99768
-4.99677
-4.99612
-4.99527
-4.99468
-4.99434
-4.9938
-4.9935
-4.99329
-4.99333
-4.99344
-4.99332
-4.99341
-4.99357
-4.99378
-4.99449
-4.99508
-4.99539
-4.99588
-4.99637
-4.99733
-4.99782
-4.99861
-4.99922
-4.99951
-4.99975
-5.00026
-5.00056
-5.0008
-5.00098
-5.00124
-5.00097
-5.00107
-5.00123
-5.0007
-5.00037
-5.0001
-4.99986
-4.99907
-4.99846
-4.99729
-4.99645
-4.99519
-4.99381
-4.992
-4.99037
-4.98907
-4.98718
-4.98517
-4.98334
-4.98122
-4.97898
-4.97647
-4.97398
-4.97136
-4.96817
-4.96562
-4.96296
-4.96002
-4.95667
-4.95337
-4.95011
-4.94644
-4.94253
-4.93882
-4.93564
-4.93176
-4.92765
-4.92362
-4.91952
-4.91536
-4.91099
-4.90641
-4.90195
-4.8976
-4.89306
-4.88851
-4.88423
-4.8798
-4.87521
-4.87077
-4.86665
-4.86209
-4.85756
-4.85307
-4.84891
-4.84451
-4.84031
-4.83617
-4.8321
-4.8281
-4.82419
-4.82007
-4.81619
-4.81272
-4.80921
-4.80566
-4.80222
-4.79937
-4.79603
-4.79313
-4.79052
-4.78775
-4.78512
-4.78263
-4.78045
-4.77856
-4.77668
-4.7751
-4.77352
-4.77225
-4.77082
-4.76971
-4.76874
-4.76778
-4.76697
-4.76646
-4.76594
-4.76572
-4.7655
-4.76586
-4.76591
-4.7664
-4.76686
-4.76761
-4.76847
-4.76916
-4.77041
-4.77148
-4.77295
-4.77437
-4.77589
-4.77721
-4.77861
-4.7807
-4.78242
-4.78376
-4.78562
-4.78785
-4.79029
-4.79234
-4.79428
-4.79643
-4.79862
-4.80114
-4.80325
-4.80598
-4.80829
-4.81062
-4.81296
-4.81546
-4.81782
-4.81988
-4.82224
-4.82444
-4.82648
-4.82912
-4.83174
-4.83388
-4.836
-4.83825
-4.84047
-4.84267
-4.84437
-4.84664
-4.84858
-4.85078
-4.85248
-4.85444
-4.85636
-4.85839
-4.86021
-4.86245
-4.86418
-4.86571
-4.8675
-4.86908
-4.87062
-4.87211
-4.87355
-4.87494
-4.87599
-4.87774
-4.879
-4.88006
-4.88138
-4.88267
-4.88346
-4.88436
-4.88553
-4.88651
-4.88701
-4.88778
-4.88852
-4.88923
-4.89007
-4.89104
-4.89168
-4.8926
-4.89351
-4.8941
-4.89499
-4.8957
-4.89626
-4.89727
-4.89767
-4.89821
-4.89891
-4.8996
-4.9003
-4.90054
-4.90125
-4.90196
-4.90252
-4.90355
-4.90429
-4.90519
-4.90565
-4.90657
-4.90736
-4.90862
-4.90944
-4.91058
-4.91205
-4.91307
-4.91397
-4.91473
-4.91551
-4.91646
-4.91744
-4.91828
-4.919
-4.91988
-4.92094
-4.92187
-4.92297
-4.92439
-4.92538
-4.92654
-4.92772
-4.92893
-4.93015
-4.93139
-4.93264
-4.93392
-4.93491
-4.93606
-4.93753
-4.93902
-4.94036
-4.94203
-4.9434
-4.94477
-4.94601
-4.9471
-4.94865
-4.95005
-4.95191
-4.95316
-4.95472
-4.95552
-4.95677
-4.95817
-4.95955
-4.96078
-4.9623
-4.96411
-4.96531
-4.96679
-4.9681
-4.9694
-4.97082
-4.97208
-4.97346
-4.97482
-4.976
-4.97731
-4.97844
-4.98
-4.98092
-4.98212
-4.98328
-4.98411
-4.98536
-4.98627
-4.987
-4.98784
-4.9888
-4.99002
-4.99091
-4.9919
-4.99241
-4.99273
-4.99331
-4.99385
-4.9942
-4.99496
-4.99553
-4.99607
-4.99626
-4.99655
-4.99711
-4.99748
-4.99735
-4.99672
-4.99681
-4.9967
-4.99685
-4.99711
-4.99688
-4.99644
-4.99627
-4.9959
-4.99548
-4.99563
-4.99512
-4.99472
-4.99428
-4.9941
-4.99326
-4.99269
-4.99177
-4.99126
-4.99071
-4.99027
-4.98949
-4.98837
-4.98767
-4.98648
-4.98556
-4.98462
-4.98364
-4.98263
-4.98175
-4.98085
-4.97978
-4.9784
-4.9773
-4.97574
-4.97493
-4.97366
-4.97255
-4.97174
-4.97094
-4.96971
-4.96848
-4.96743
-4.96656
-4.96586
-4.96474
-4.96381
-4.96291
-4.9622
-4.96154
-4.96047
-4.9599
-4.95877
-4.95816
-4.95759
-4.95692
-4.95616
-4.95591
-4.95571
-4.95557
-4.95533
-4.95499
-4.9547
-4.95462
-4.95444
-4.9543
-4.95436
-4.95446
-4.95476
-4.95524
-4.9553
-4.9557
-4.95583
-4.95628
-4.95645
-4.95664
-4.95669
-4.95676
-4.95698
-4.95736
-4.95789
-4.95812
-4.95895
-4.95917
-4.95983
-4.96048
-4.96066
-4.96052
-4.96112
-4.96155
-4.96165
-4.96218
-4.96238
-4.96271
-4.96301
-4.96312
-4.96351
-4.96326
-4.96343
-4.96327
-4.96338
-4.9633
-4.9635
-4.96351
-4.9635
-4.9636
-4.96337
-4.96267
-4.96239
-4.96209
-4.96221
-4.96202
-4.96135
-4.96127
-4.96117
-4.96077
-4.9605
-4.96007
-4.95964
-4.95921
-4.95878
-4.95851
-4.95824
-4.95783
-4.95729
-4.95661
-4.95625
-4.95591
-4.95576
-4.95548
-4.95508
-4.95457
-4.9544
-4.95427
-4.95388
-4.95369
-4.9537
-4.95345
-4.95342
-4.95374
-4.95411
-4.9541
-4.95444
-4.95454
-4.95516
-4.95569
-4.95643
-4.95738
-4.95809
-4.95886
-4.95954
-4.96027
-4.96137
-4.96237
-4.96357
-4.96467
-4.96537
-4.96686
-4.96825
-4.96968
-4.97069
-4.97203
-4.9734
-4.9748
-4.97637
-4.97796
-4.97956
-4.98117
-4.98248
-4.98394
-4.9848
-4.98656
-4.98786
-4.9893
-4.99101
-4.99211
-4.99318
-4.99438
-4.99569
-4.99697
-4.99807
-4.99912
-5.00089
-5.00216
-5.00309
-5.00367
-5.00465
-5.00543
-5.0063
-5.00713
-5.0076
-5.00816
-5.00927
-5.01033
-5.01133
-5.01198
-5.01211
-5.01264
-5.01312
-5.01338
-5.01344
-5.01375
-5.01401
-5.01361
-5.01391
-5.01401
-5.01406
-5.01361
-5.01357
-5.01333
-5.0132
-5.01303
-5.01266
-5.01226
-5.01212
-5.01165
-5.01144
-5.01106
-5.01049
-5.01005
-5.00943
-5.0088
-5.00859
-5.00822
-5.00707
-5.00652
-5.00596
-5.00524
-5.00436
-5.00363
-5.00305
-5.00216
-5.00159
-5.00072
-5.00001
-4.99931
-4.99862
-4.99795
-4.997
-4.99652
-4.99577
-4.9952
-4.99465
-4.99413
-4.9938
-4.99351
-4.9931
-4.99273
-4.9921
-4.99197
-4.99173
-4.99154
-4.99139
-4.99114
-4.99155
-4.9914
-4.99145
-4.99156
-4.99172
-4.99192
-4.99203
-4.99234
-4.9927
-4.99325
-4.99325
-4.9939
-4.99459
-4.99502
-4.99564
-4.99644
-4.99698
-4.99754
-4.99829
-4.9989
-4.99984
-5.0005
-5.00132
-5.002
-5.00284
-5.00338
-5.00377
-5.00461
-5.00514
-5.0058
-5.00661
-5.00724
-5.00801
-5.0089
-5.00961
-5.01045
-5.01124
-5.01185
-5.01287
-5.01355
-5.01404
-5.01447
-5.01486
-5.0152
-5.01534
-5.01542
-5.01591
-5.01633
-5.01671
-5.01733
-5.01714
-5.01705
-5.01705
-5.01654
-5.01628
-5.01582
-5.0156
-5.01503
-5.01426
-5.0139
-5.01333
-5.01257
-5.01192
-5.01122
-5.01034
-5.00972
-5.00891
-5.00791
-5.00689
-5.00644
-5.00552
-5.00457
-5.00314
-5.00155
-5.00039
-4.99937
-4.99835
-4.99716
-4.99597
-4.99523
-4.99403
-4.99299
-4.99196
-4.99093
-4.98976
-4.98861
-4.98747
-4.98665
-4.986
-4.98522
-4.98416
-4.98328
-4.98243
-4.98145
-4.98036
-4.97961
-4.97889
-4.97805
-4.97756
-4.97726
-4.9767
-4.97603
-4.97556
-4.97484
-4.97431
-4.97398
-4.9737
-4.97332
-4.97313
-4.97285
-4.97262
-4.97245
-4.97262
-4.9727
-4.97268
-4.97287
-4.9731
-4.97369
-4.97373
-4.97427
-4.97471
-4.97506
-4.97545
-4.97634
-4.97682
-4.97735
-4.97793
-4.97855
-4.97952
-4.98022
-4.98141
-4.98204
-4.98285
-4.98355
-4.98458
-4.98564
-4.98672
-4.98768
-4.98896
-4.99056
-4.99158
-4.99246
-4.99365
-4.99501
-4.99637
-4.99774
-4.99865
-4.99987
-5.00109
-5.00245
-5.0035
-5.00485
-5.00634
-5.00766
-5.00837
-5.00967
-5.0111
-5.01221
-5.0133
-5.01421
-5.01511
-5.01598
-5.01683
-5.01781
-5.01876
-5.01984
-5.02059
-5.02117
-5.02203
-5.02301
-5.02336
-5.02399
-5.02475
-5.02563
-5.02574
-5.02643
-5.02709
-5.02773
-5.02835
-5.02864
-5.02936
-5.02991
-5.03059
-5.03109
-5.03142
-5.03172
-5.0323
-5.03301
-5.03384
-5.03449
-5.03467
-5.03511
-5.03538
-5.03561
-5.03551
-5.03613
-5.03656
-5.03636
-5.03641
-5.03658
-5.03687
-5.0368
-5.03685
-5.03685
-5.0365
-5.03626
-5.03582
-5.03563
-5.0357
-5.03542
-5.03509
-5.03471
-5.03398
-5.03274
-5.03206
-5.03147
-5.03069
-5.02971
-5.02867
-5.02759
-5.0266
-5.02557
-5.02419
-5.02307
-5.02174
-5.02037
-5.0191
-5.01779
-5.01644
-5.01474
-5.0136
-5.01243
-5.01076
-5.00921
-5.00762
-5.00599
-5.00434
-5.00265
-5.00109
-4.99934
-4.99757
-4.99563
-4.99427
-4.9926
-4.99121
-4.9892
-4.98704
-4.98486
-4.98284
-4.98081
-4.97879
-4.97708
-4.97477
-4.97278
-4.97066
-4.96916
-4.96753
-4.96579
-4.96407
-4.9621
-4.96031
-4.95873
-4.95719
-4.95572
-4.9543
-4.9534
-4.95211
-4.95105
-4.95007
-4.94902
-4.94866
-4.94779
-4.9467
-4.94617
-4.94529
-4.94451
-4.94384
-4.94298
-4.94283
-4.94279
-4.94271
-4.9426
-4.94321
-4.94332
-4.94385
-4.94434
-4.94524
-4.94625
-4.94752
-4.94843
-4.94928
-4.95054
-4.95172
-4.9536
-4.95525
-4.95697
-4.9586
-4.96029
-4.96234
-4.96443
-4.96625
-4.96811
-4.96999
-4.97189
-4.97379
-4.97571
-4.97807
-4.97982
-4.98171
-4.98357
-4.98526
-4.98692
-4.98899
-4.99087
-4.99256
-4.9942
-4.99563
-4.99715
-4.99892
-5.00003
-5.00137
-5.00295
-5.00416
-5.00531
-5.00638
-5.00709
-5.00788
-5.00876
-5.00927
-5.00986
-5.0107
-5.01132
-5.01218
-5.01283
-5.01374
-5.01398
-5.01387
-5.01493
-5.01503
-5.01539
-5.01526
-5.01539
-5.01534
-5.01542
-5.01561
-5.01533
-5.01517
-5.015
-5.01512
-5.01507
-5.01515
-5.01523
-5.01515
-5.01522
-5.01513
-5.01489
-5.01435
-5.01441
-5.01432
-5.01363
-5.01339
-5.01301
-5.01263
-5.01241
-5.01188
-5.01167
-5.01175
-5.01169
-5.01178
-5.01187
-5.01181
-5.01159
-5.01197
-5.01189
-5.01196
-5.01202
-5.01192
-5.01166
-5.01169
-5.0114
-5.0114
-5.01124
-5.01121
-5.0107
-5.01049
-5.0098
-5.00954
-5.00957
-5.00927
-5.00896
-5.00877
-5.00872
-5.0085
-5.0081
-5.00709
-5.00651
-5.00607
-5.00531
-5.00483
-5.0045
-5.004
-5.0035
-5.00283
-5.00246
-5.00179
-5.00112
-5.00059
-5.00038
-4.99956
-4.9992
-4.9987
-4.99806
-4.99789
-4.99743
-4.99699
-4.99656
-4.99616
-4.99577
-4.99511
-4.99477
-4.99446
-4.99418
-4.99407
-4.99339
-4.99289
-4.99272
-4.99228
-4.99217
-4.99254
-4.9928
-4.99278
-4.99279
-4.99283
-4.99275
-4.99285
-4.99268
-4.99284
-4.99288
-4.9931
-4.99335
-4.99362
-4.99407
-4.99425
-4.9946
-4.99514
-4.99555
-4.99568
-4.99553
-4.99571
-4.99622
-4.99736
-4.99792
-4.9985
-4.99895
-4.99943
-5.00023
-5.00166
-5.0022
-5.00292
-5.00366
-5.00427
-5.00521
-5.00602
-5.007
-5.008
-5.00902
-5.01022
-5.01099
-5.01162
-5.01243
-5.01386
-5.01516
-5.01648
-5.01752
-5.01842
-5.01935
-5.02044
-5.0217
-5.02283
-5.02412
-5.02527
-5.02675
-5.02778
-5.02882
-5.03018
-5.0314
-5.03278
-5.03417
-5.03511
-5.03636
-5.03777
-5.03933
-5.04075
-5.04202
-5.04328
-5.04425
-5.04567
-5.04678
-5.04804
-5.04899
-5.05024
-5.05148
-5.05257
-5.05379
-5.05516
-5.05636
-5.05739
-5.05856
-5.05972
-5.061
-5.06212
-5.06307
-5.06444
-5.06595
-5.06683
-5.06813
-5.06911
-5.07006
-5.07144
-5.07218
-5.07274
-5.07342
-5.07453
-5.0756
-5.07633
-5.07718
-5.07799
-5.07861
-5.0792
-5.0799
-5.0804
-5.08072
-5.081
-5.08108
-5.08158
-5.08173
-5.08183
-5.08219
-5.08251
-5.08232
-5.08225
-5.08197
-5.0821
-5.08188
-5.08191
-5.08174
-5.08152
-5.0811
-5.08093
-5.08086
-5.08043
-5.07996
-5.07958
-5.079
-5.07837
-5.07738
-5.07679
-5.07585
-5.0747
-5.07395
-5.073
-5.07199
-5.07109
-5.07012
-5.06866
-5.06759
-5.06632
-5.06485
-5.06348
-5.06205
-5.06088
-5.05935
-5.05793
-5.0563
-5.05478
-5.05291
-5.05114
-5.04963
-5.04792
-5.04602
-5.04377
-5.04178
-5.03976
-5.03785
-5.03545
-5.03332
-5.03131
-5.02911
-5.02703
-5.02478
-5.02251
-5.02052
-5.01805
-5.01527
-5.01292
-5.01057
-5.00821
-5.00585
-5.00304
-5.00083
-4.99879
-4.99645
-4.99413
-4.99184
-4.98957
-4.98702
-4.98467
-4.98236
-4.98024
-4.97817
-4.97615
-4.97435
-4.97246
-4.97064
-4.9692
-4.96739
-4.96581
-4.96462
-4.96337
-4.96208
-4.96073
-4.95965
-4.95837
-4.95766
-4.95691
-4.95584
-4.95518
-4.95436
-4.95411
-4.95444
-4.95445
-4.95429
-4.95456
-4.95496
-4.95579
-4.95675
-4.95768
-4.9589
-4.96008
-4.96109
-4.96221
-4.9639
-4.96524
