1.64971
1.64921
1.6487
1.64821
1.64772
1.64724
1.64678
1.64634
1.64592
1.64552
1.64516
1.64483
1.64453
1.64427
1.64406
1.64389
1.64377
1.6437
1.64368
1.64373
1.64383
1.64399
1.64422
1.64452
1.64488
1.64532
1.64582
1.64639
1.64703
1.64775
1.64854
1.64939
1.65032
1.65131
1.65237
1.65349
1.65468
1.65593
1.65723
1.65859
1.65999
1.66144
1.66294
1.66448
1.66604
1.66764
1.66927
1.67092
1.67258
1.67426
1.67595
1.67764
1.67932
1.68101
1.68268
1.68434
1.68598
1.6876
1.6892
1.69076
1.69229
1.69379
1.69525
1.69666
1.69803
1.69935
1.70062
1.70184
1.703
1.70411
1.70516
1.70616
1.70709
1.70796
1.70878
1.70953
1.71021
1.71084
1.7114
1.7119
1.71234
1.71271
1.71302
1.71327
1.71345
1.71357
1.71363
1.71362
1.71355
1.71342
1.71323
1.71298
1.71267
1.7123
1.71187
1.71138
1.71084
1.71023
1.70957
1.70885
1.70807
1.70723
1.70634
1.70539
1.70439
1.70333
1.70222
1.70104
1.69982
1.69854
1.6972
1.69581
1.69437
1.69287
1.69132
1.68971
1.68805
1.68634
1.68458
1.68277
1.6809
1.67898
1.67702
1.675
1.67294
1.67083
1.66868
1.66648
1.66423
1.66194
1.65962
1.65725
1.65484
1.6524
1.64993
1.64742
1.64488
1.64231
1.63972
1.6371
1.63447
1.63181
1.62915
1.62647
1.62378
1.62109
1.61839
1.6157
1.61301
1.61034
1.60767
1.60503
1.6024
1.59979
1.59722
1.59467
1.59216
1.58969
1.58726
1.58488
1.58255
1.58028
1.57806
1.57591
1.57382
1.5718
1.56985
1.56798
1.56619
1.56448
1.56286
1.56132
1.55987
1.55852
1.55727
1.55611
1.55505
1.5541
1.55324
1.55249
1.55185
1.55131
1.55089
1.55057
1.55035
1.55025
1.55025
1.55036
1.55058
1.55091
1.55134
1.55187
1.5525
1.55324
1.55407
1.555
1.55602
1.55713
1.55833
1.55962
1.56099
1.56243
1.56396
1.56555
1.56722
1.56894
1.57073
1.57258
1.57447
1.57642
1.5784
1.58043
1.58249
1.58459
1.58671
1.58885
1.59101
1.59318
1.59537
1.59756
1.59975
1.60194
1.60412
1.60629
1.60844
1.61058
1.6127
1.61479
1.61686
1.61889
1.62089
1.62285
1.62477
1.62664
1.62847
1.63026
1.63199
1.63367
1.6353
1.63687
1.63838
1.63983
1.64123
1.64256
1.64384
1.64504
1.64619
1.64727
1.64828
1.64923
1.65012
1.65094
1.65169
1.65238
1.653
1.65356
1.65405
1.65448
1.65485
1.65515
1.6554
1.65559
1.65572
1.6558
1.65582
1.65579
1.65571
1.65558
1.6554
1.65519
1.65492
1.65462
1.65429
1.65391
1.65351
1.65308
1.65262
1.65213
1.65163
1.6511
1.65056
1.65001
1.64944
1.64887
1.64829
1.64771
1.64713
1.64656
1.64598
1.64542
1.64486
1.64432
1.64379
1.64327
1.64277
1.64229
1.64183
1.64139
1.64097
1.64058
1.64021
1.63987
1.63955
1.63926
1.639
1.63876
1.63854
1.63836
1.6382
1.63806
1.63794
1.63785
1.63778
1.63774
1.6377
1.63769
1.63769
1.63771
1.63774
1.63778
1.63783
1.63788
1.63794
1.638
1.63806
1.63812
1.63818
1.63823
1.63827
1.6383
1.63832
1.63833
1.63832
1.63829
1.63824
1.63816
1.63806
1.63794
1.63779
1.63761
1.63739
1.63715
1.63687
1.63656
1.63621
1.63583
1.6354
1.63494
1.63444
1.63391
1.63333
1.63271
1.63206
1.63136
1.63062
1.62985
1.62903
1.62818
1.62729
1.62636
1.62539
1.62439
1.62336
1.62229
1.62119
1.62006
1.6189
1.61771
1.6165
1.61526
1.614
1.61272
1.61142
1.61011
1.60878
1.60743
1.60608
1.60472
1.60335
1.60198
1.60061
1.59924
1.59787
1.59651
1.59515
1.59381
1.59248
1.59116
1.58987
1.58859
1.58733
1.5861
1.58489
1.58371
1.58257
1.58145
1.58037
1.57932
1.57832
1.57735
1.57642
1.57554
1.5747
1.5739
1.57315
1.57245
1.5718
1.5712
1.57065
1.57015
1.5697
1.56931
1.56896
1.56867
1.56843
1.56824
1.56811
1.56802
1.56799
1.568
1.56807
1.56818
1.56834
1.56854
1.56878
1.56906
1.56939
1.56975
1.57015
1.57059
1.57105
1.57155
1.57208
1.57263
1.5732
1.5738
1.57441
1.57504
1.57569
1.57635
1.57701
1.57769
1.57837
1.57905
1.57973
1.58041
1.58109
1.58176
1.58242
1.58308
1.58372
1.58436
1.58497
1.58557
1.58616
1.58672
1.58726
1.58779
1.58829
1.58876
1.58921
1.58964
1.59004
1.59041
1.59075
1.59107
1.59136
1.59162
1.59185
1.59205
1.59221
1.59235
1.59246
1.59253
1.59257
1.59258
1.59256
1.59251
1.59242
1.5923
1.59215
1.59197
1.59175
1.59151
1.59123
1.59092
1.59058
1.59022
1.58982
1.5894
1.58895
1.58848
1.58799
1.58747
1.58693
1.58638
1.58581
1.58523
1.58464
1.58403
1.58343
1.58282
1.58221
1.58161
1.58101
1.58043
1.57986
1.57931
1.57878
1.57828
1.5778
1.57736
1.57696
1.57659
1.57627
1.576
1.57577
1.5756
1.57549
1.57543
1.57544
1.5755
1.57564
1.57584
1.57611
1.57645
1.57686
1.57735
1.5779
1.57853
1.57923
1.58001
1.58085
1.58177
1.58275
1.5838
1.58492
1.5861
1.58735
1.58866
1.59002
1.59144
1.59291
1.59444
1.59601
1.59762
1.59928
1.60097
1.6027
1.60446
1.60625
1.60807
1.6099
1.61176
1.61363
1.61552
1.61741
1.61931
1.62121
1.6231
1.625
1.62688
1.62875
1.63061
1.63245
1.63428
1.63607
1.63784
1.63958
1.64129
1.64296
1.64459
1.64618
1.64773
1.64923
1.65069
1.65209
1.65344
1.65473
1.65596
1.65714
1.65825
1.65929
1.66028
1.66119
1.66203
1.66281
1.66351
1.66413
1.66469
1.66516
1.66556
1.66588
1.66611
1.66627
1.66635
1.66634
1.66626
1.66609
1.66584
1.6655
1.66508
1.66458
1.66399
1.66332
1.66257
1.66174
1.66082
1.65982
1.65874
1.65758
1.65635
1.65503
1.65363
1.65216
1.65061
1.64899
1.6473
1.64554
1.64371
1.6418
1.63984
1.63781
1.63571
1.63355
1.63134
1.62907
1.62674
1.62435
1.62192
1.61943
1.6169
1.61432
1.6117
1.60904
1.60634
1.60361
1.60084
1.59804
1.59521
1.59235
1.58947
1.58656
1.58364
1.5807
1.57774
1.57477
1.5718
1.56881
1.56582
1.56284
1.55985
1.55687
1.5539
1.55093
1.54799
1.54506
1.54214
1.53926
1.5364
1.53357
1.53077
1.52801
1.52529
1.52262
1.52
1.51743
1.51491
1.51246
1.51007
1.50775
1.5055
1.50333
1.50124
1.49924
1.49733
1.49551
1.49379
1.49217
1.49066
1.48926
1.48797
1.4868
1.48574
1.48482
1.48402
1.48335
1.48281
1.48241
1.48214
1.48202
1.48203
1.48218
1.48248
1.48292
1.4835
1.48422
1.48508
1.48608
1.48723
1.4885
1.48992
1.49146
1.49314
1.49494
1.49686
1.4989
1.50105
1.50332
1.50568
1.50815
1.51071
1.51336
1.51609
1.5189
1.52178
1.52472
1.52771
1.53076
1.53385
1.53698
1.54014
1.54332
1.54652
1.54973
1.55294
1.55615
1.55934
1.56252
1.56568
1.56881
1.5719
1.57496
1.57796
1.58092
1.58382
1.58666
1.58943
1.59213
1.59475
1.5973
1.59976
1.60213
1.60442
1.60661
1.60871
1.61071
1.6126
1.6144
1.61609
1.61768
1.61916
1.62053
1.6218
1.62295
1.62401
1.62495
1.62579
1.62652
1.62714
1.62766
1.62808
1.62839
1.62861
1.62872
1.62874
1.62866
1.6285
1.62824
1.6279
1.62747
1.62696
1.62638
1.62572
1.62499
1.62419
1.62332
1.62239
1.62141
1.62037
1.61928
1.61814
1.61695
1.61573
1.61447
1.61318
1.61186
1.61052
1.60915
1.60777
1.60638
1.60497
1.60356
1.60215
1.60074
1.59934
1.59794
1.59656
1.59519
1.59384
1.59251
1.5912
1.58992
1.58867
1.58745
1.58626
1.58511
1.584
1.58292
1.58189
1.5809
1.57996
1.57906
1.57821
1.57741
1.57666
1.57596
1.5753
1.5747
1.57415
1.57365
1.57319
1.57279
1.57244
1.57214
1.57188
1.57167
1.57151
1.57139
1.57131
1.57128
1.57129
1.57134
1.57142
1.57155
1.57171
1.5719
1.57213
1.57238
1.57267
1.57299
1.57333
1.5737
1.57409
1.5745
1.57494
1.5754
1.57587
1.57637
1.57689
1.57742
1.57797
1.57853
1.57911
1.57971
1.58032
1.58095
1.5816
1.58227
1.58295
1.58366
1.58438
1.58513
1.58589
1.58668
1.5875
1.58834
1.5892
1.59009
1.59102
1.59197
1.59295
1.59396
1.59501
1.59609
1.59721
1.59836
1.59954
1.60076
1.60202
1.60331
1.60464
1.60601
1.60741
1.60885
1.61033
1.61184
1.61339
1.61497
1.61659
1.61825
1.61993
1.62165
1.62341
1.6252
1.62702
1.62887
1.63075
1.63267
1.63462
1.63659
1.6386
1.64064
1.64271
1.6448
1.64693
1.64908
1.65126
1.65346
1.65569
1.65794
1.66021
1.66251
1.66483
1.66717
1.66952
1.6719
1.67429
1.6767
1.67912
1.68155
1.68399
1.68643
1.68888
1.69134
1.69379
1.69624
1.69869
1.70113
1.70356
1.70598
1.70838
1.71077
1.71313
1.71548
1.71779
1.72008
1.72234
1.72457
1.72676
1.72891
1.73102
1.73309
1.73511
1.73709
1.73901
1.74088
1.7427
1.74447
1.74617
1.74782
1.74941
1.75093
1.75239
1.75379
1.75512
1.75639
1.75759
1.75872
1.75978
1.76077
1.7617
1.76255
1.76334
1.76405
1.76469
1.76526
1.76577
1.7662
1.76657
1.76686
1.76709
1.76725
1.76734
1.76736
1.76732
1.76721
1.76704
1.76681
1.76651
1.76616
1.76574
1.76527
1.76475
1.76417
1.76354
1.76286
1.76213
1.76135
1.76053
1.75967
1.75876
1.75782
1.75684
1.75582
1.75478
1.7537
1.75259
1.75145
1.7503
1.74911
1.74791
1.74669
1.74545
1.7442
1.74294
1.74166
1.74038
1.73909
1.7378
1.7365
1.73521
1.73391
1.73262
1.73133
1.73005
1.72878
1.72751
1.72626
1.72502
1.72379
1.72257
1.72138
1.7202
1.71903
1.71789
1.71676
1.71566
1.71458
1.71352
1.71248
1.71147
1.71048
1.70952
1.70858
1.70767
1.70678
1.70592
1.70509
1.70428
1.70351
1.70276
1.70203
1.70134
1.70067
1.70003
1.69942
1.69884
1.69829
1.69776
1.69726
1.69679
1.69635
1.69593
1.69554
1.69518
1.69485
1.69455
1.69428
1.69404
1.69382
1.69363
1.69348
1.69335
1.69325
1.69318
1.69315
1.69314
1.69316
1.69322
1.6933
1.69342
1.69356
1.69374
1.69395
1.69419
1.69446
1.69476
1.6951
1.69546
1.69586
1.69628
1.69674
1.69722
1.69773
1.69828
1.69885
1.69945
1.70007
1.70073
1.7014
1.70211
1.70283
1.70358
1.70436
1.70515
1.70596
1.7068
1.70765
1.70851
1.70939
1.71029
1.71119
1.71211
1.71304
1.71398
1.71492
1.71587
1.71682
1.71778
1.71874
1.7197
1.72066
1.72162
1.72258
1.72353
1.72448
1.72542
1.72635
1.72727
1.72819
1.7291
1.72999
1.73088
1.73175
1.73261
1.73345
1.73428
1.73509
1.73588
1.73666
1.73743
1.73817
1.7389
1.7396
1.74029
1.74096
1.74161
1.74224
1.74285
1.74344
1.744
1.74455
1.74507
1.74556
1.74603
1.74648
1.7469
1.7473
1.74767
1.74801
1.74833
1.74862
1.74887
1.7491
1.7493
1.74947
1.74961
1.74972
1.74979
1.74983
1.74984
1.74982
1.74976
1.74966
1.74953
1.74937
1.74916
1.74892
1.74864
1.74833
1.74797
1.74758
1.74714
1.74667
1.74616
1.74561
1.74501
1.74438
1.74371
1.743
1.74225
1.74145
1.74062
1.73975
1.73884
1.73789
1.73689
1.73587
1.7348
1.73369
1.73254
1.73136
1.73014
1.72888
1.72758
1.72625
1.72488
1.72348
1.72204
1.72056
1.71905
1.71751
1.71593
1.71431
1.71267
1.71098
1.70927
1.70752
1.70574
1.70392
1.70208
1.7002
1.69828
1.69633
1.69435
1.69234
1.69028
1.6882
1.68608
1.68392
1.68172
1.67949
1.67722
1.67492
1.67257
1.67018
1.66776
1.66529
1.66278
1.66023
1.65763
1.655
1.65232
1.64959
1.64682
1.64401
1.64115
1.63824
1.63528
1.63228
1.62923
1.62614
1.623
1.61981
1.61658
1.6133
1.60998
1.60662
1.60321
1.59976
1.59627
1.59275
1.58918
1.58559
1.58196
1.57829
1.5746
1.57089
1.56715
1.56339
1.55962
1.55583
1.55203
1.54822
1.54441
1.54059
1.53678
1.53298
1.52918
1.52541
1.52164
1.5179
1.51419
1.5105
1.50685
1.50324
1.49966
1.49613
1.49265
1.48922
1.48585
1.48253
1.47928
1.47609
1.47297
1.46992
1.46695
1.46405
1.46123
1.45849
1.45584
1.45326
1.45078
1.44838
1.44607
1.44386
1.44173
1.43969
1.43775
1.4359
1.43414
1.43247
1.43089
1.42941
1.42802
1.42672
1.4255
1.42438
1.42334
1.42239
1.42152
1.42073
1.42002
1.4194
1.41885
1.41838
1.41798
1.41766
1.4174
1.41722
1.41711
1.41706
1.41708
1.41716
1.4173
1.41751
1.41778
1.4181
1.41849
1.41893
1.41942
1.41998
1.42059
1.42125
1.42197
1.42275
1.42358
1.42446
1.42541
1.42641
1.42746
1.42858
1.42975
1.43099
1.43228
1.43364
1.43506
1.43655
1.4381
1.43972
1.44141
1.44317
1.44499
1.44689
1.44887
1.45091
1.45303
1.45522
1.45749
1.45983
1.46225
1.46474
1.4673
1.46994
1.47264
1.47542
1.47826
1.48117
1.48414
1.48718
1.49027
1.49342
1.49663
1.49988
1.50318
1.50652
1.50991
1.51332
1.51677
1.52025
1.52375
1.52727
1.5308
1.53435
1.5379
1.54146
1.54501
1.54856
1.5521
1.55563
1.55914
1.56263
1.56609
1.56953
1.57294
1.57631
1.57965
1.58294
1.5862
1.58941
1.59257
1.59569
1.59876
1.60177
1.60474
1.60765
1.6105
1.6133
1.61604
1.61872
1.62135
1.62392
1.62643
1.62888
1.63128
1.63362
1.6359
1.63813
1.64031
1.64243
1.6445
1.64651
1.64848
1.6504
1.65226
1.65409
1.65587
1.6576
1.6593
1.66096
1.66258
1.66416
1.66571
1.66723
1.66873
1.67019
1.67162
1.67304
1.67442
1.67579
1.67714
1.67847
1.67978
1.68108
1.68237
1.68365
1.68491
1.68617
1.68742
1.68866
1.6899
1.69114
1.69237
1.6936
1.69483
1.69606
1.69729
1.69852
1.69975
1.70099
1.70222
1.70346
1.7047
1.70594
1.70718
1.70843
1.70967
1.71092
1.71217
1.71341
1.71466
1.7159
1.71714
1.71837
1.7196
1.72083
1.72205
1.72326
1.72446
1.72565
1.72683
1.728
1.72915
1.73028
1.7314
1.7325
1.73358
1.73463
1.73567
1.73667
1.73766
1.73861
1.73953
1.74042
1.74128
1.74211
1.7429
1.74365
1.74436
1.74503
1.74566
1.74625
1.74679
1.74728
1.74773
1.74812
1.74846
1.74875
1.74899
1.74917
1.7493
1.74936
1.74937
1.74932
1.7492
1.74903
1.74879
1.74848
1.74811
1.74768
1.74718
1.7466
1.74597
1.74526
1.74448
1.74363
1.74271
1.74173
1.74067
1.73954
1.73834
1.73707
1.73573
1.73432
1.73285
1.7313
1.72969
1.72801
1.72626
1.72445
1.72258
1.72064
1.71865
1.71659
1.71447
1.7123
1.71008
1.7078
1.70548
1.7031
1.70068
1.69822
1.69571
1.69317
1.69059
1.68799
1.68535
1.68268
1.68
1.67729
1.67457
1.67183
1.66909
1.66634
1.66358
1.66083
1.65809
1.65535
1.65263
1.64992
1.64724
1.64458
1.64195
1.63935
1.63679
1.63427
1.6318
1.62937
1.62699
1.62467
1.6224
1.6202
1.61807
1.616
1.614
1.61208
1.61024
1.60847
1.60679
1.6052
1.60369
1.60227
1.60095
1.59972
1.59858
1.59753
1.59659
1.59574
1.59499
1.59434
1.59379
1.59334
1.59298
1.59273
1.59257
1.59251
1.59255
1.59268
1.59291
1.59323
1.59364
1.59413
1.59472
1.59538
1.59613
1.59696
1.59787
1.59884
1.59989
1.60101
1.60219
1.60343
1.60472
1.60607
1.60747
1.60892
1.61041
1.61193
1.6135
1.61509
1.61671
1.61836
1.62002
1.6217
1.62339
1.62509
1.6268
1.6285
1.63021
1.6319
1.63359
1.63526
1.63691
1.63855
1.64016
1.64174
1.64329
1.64481
1.64629
1.64773
1.64914
1.65049
1.65181
1.65307
1.65428
1.65543
1.65653
1.65757
1.65855
1.65947
1.66033
1.66113
1.66185
1.66251
1.6631
1.66361
1.66406
1.66443
1.66473
1.66496
1.66511
1.66519
1.66519
1.66511
1.66496
1.66474
1.66444
1.66406
1.66361
1.66308
1.66248
1.66181
1.66106
1.66025
1.65936
1.6584
1.65738
1.65629
1.65514
1.65393
1.65265
1.65132
1.64993
1.64848
1.64698
1.64543
1.64383
1.64219
1.6405
1.63877
1.637
1.6352
1.63337
1.6315
1.62961
1.62769
1.62575
1.62379
1.62182
1.61983
1.61784
1.61583
1.61382
1.61181
1.60981
1.6078
1.60581
1.60382
1.60184
1.59988
1.59793
1.596
1.5941
1.59221
1.59035
1.58852
1.58672
1.58495
1.58321
1.58151
1.57984
1.5782
1.57661
1.57505
1.57353
1.57206
1.57062
1.56923
1.56788
1.56657
1.56531
1.56409
1.56291
1.56178
1.56069
1.55965
1.55865
1.55769
1.55677
1.5559
1.55507
1.55428
1.55353
1.55282
1.55215
1.55152
1.55093
1.55038
1.54987
1.54939
1.54895
1.54855
1.54817
1.54784
1.54753
1.54726
1.54702
1.54682
1.54664
1.5465
1.54639
1.5463
1.54625
1.54622
1.54622
1.54625
1.5463
1.54638
1.54649
1.54662
1.54678
1.54696
1.54717
1.5474
1.54765
1.54793
1.54823
1.54855
1.5489
1.54926
1.54965
1.55006
1.55048
1.55093
1.55139
1.55187
1.55237
1.55288
1.55341
1.55394
1.5545
1.55506
1.55563
1.55621
1.5568
1.55739
1.55799
1.55859
1.55919
1.55979
1.56039
1.56099
1.56158
1.56217
1.56275
1.56332
1.56387
1.56442
1.56495
1.56546
1.56595
1.56642
1.56687
1.5673
1.5677
1.56807
1.56842
1.56873
1.56902
1.56927
1.56948
1.56966
1.56981
1.56991
1.56998
1.57
1.56999
1.56994
1.56984
1.56971
1.56953
1.5693
1.56903
1.56872
1.56837
1.56797
1.56752
1.56704
1.56651
1.56594
1.56533
1.56468
1.564
1.56327
1.56251
1.56171
1.56088
1.56002
1.55912
1.5582
1.55725
1.55628
1.55529
1.55427
1.55324
1.55219
1.55113
1.55006
1.54898
1.5479
1.54681
1.54572
1.54464
1.54357
1.5425
1.54145
1.54041
1.53939
1.5384
1.53743
1.53649
1.53557
1.5347
1.53386
1.53306
1.53231
1.5316
1.53094
1.53033
1.52978
1.52929
1.52885
1.52848
1.52818
1.52794
1.52776
1.52766
1.52764
1.52768
1.52781
1.52801
1.52829
1.52866
1.5291
1.52963
1.53025
1.53095
1.53173
1.5326
1.53355
1.5346
1.53573
1.53694
1.53824
1.53962
1.54109
1.54265
1.54428
1.546
1.5478
1.54968
1.55163
1.55367
1.55578
1.55796
1.56022
1.56255
1.56494
1.56741
1.56993
1.57252
1.57517
1.57788
1.58065
1.58347
1.58634
1.58927
1.59224
1.59525
1.59831
1.60142
1.60456
1.60774
1.61095
1.6142
1.61747
1.62078
1.62412
1.62747
1.63086
1.63426
1.63768
1.64113
1.64458
1.64806
1.65154
1.65504
1.65854
1.66206
1.66558
1.6691
1.67263
1.67616
1.67969
1.68323
1.68676
1.69029
1.69381
1.69733
1.70084
1.70434
1.70784
1.71132
1.71479
1.71825
1.72169
1.72511
1.72852
1.73191
1.73527
1.73862
1.74193
1.74522
1.74849
1.75172
1.75491
1.75808
1.7612
1.76429
1.76733
1.77033
1.77328
1.77618
1.77903
1.78182
1.78455
1.78723
1.78983
1.79238
1.79485
1.79724
1.79956
1.8018
1.80396
1.80602
1.808
1.80989
1.81168
1.81337
1.81495
1.81644
1.81781
1.81907
1.82021
1.82124
1.82215
1.82293
1.82358
1.82411
1.8245
1.82476
1.82488
1.82485
1.82469
1.82437
1.82391
1.8233
1.82254
1.82163
1.82056
1.81933
1.81794
1.81639
1.81469
1.81282
1.81078
1.80858
1.80622
1.80369
1.80099
1.79813
1.7951
1.7919
1.78854
1.78502
1.78132
1.77747
1.77345
1.76928
1.76494
1.76046
1.75582
1.75103
1.74609
1.74102
1.73582
1.73049
1.72504
1.71947
1.7138
1.70804
1.70219
1.69626
1.69027
1.68422
1.67814
1.67203
1.66592
1.65981
1.65372
1.64766
1.64167
1.63574
1.62991
1.62418
1.61858
1.61312
1.60783
1.60271
1.59779
1.59307
1.58859
1.58434
1.58034
1.5766
1.57314
1.56995
1.56704
1.56443
1.56211
1.56008
1.55834
1.55689
1.55572
1.55483
1.55422
1.55387
1.55378
1.55393
1.55432
1.55493
1.55575
1.55678
1.55799
1.55937
1.56092
1.56262
1.56446
1.56643
1.56851
1.5707
1.57299
1.57536
1.57781
1.58032
1.5829
1.58553
1.5882
1.59092
1.59366
1.59643
1.59923
1.60204
1.60487
1.6077
1.61053
1.61337
1.6162
1.61903
1.62185
1.62465
1.62744
1.63021
1.63296
1.63568
1.63838
1.64104
1.64368
1.64628
1.64885
1.65138
1.65386
1.65631
1.65871
1.66107
1.66338
1.66564
1.66785
1.67001
1.67212
1.67418
1.67618
1.67812
1.68001
1.68184
1.68361
1.68532
1.68698
1.68857
1.6901
1.69157
1.69298
1.69433
1.69562
1.69685
1.69802
1.69912
1.70017
1.70115
1.70207
1.70293
1.70373
1.70447
1.70514
1.70575
1.7063
1.70678
1.7072
1.70756
1.70785
1.70808
1.70824
1.70833
1.70836
1.70832
1.70821
1.70804
1.7078
1.70749
1.70711
1.70666
1.70615
1.70557
1.70491
1.70419
1.70341
1.70255
1.70163
1.70064
1.69959
1.69847
1.69729
1.69606
1.69476
1.69341
1.692
1.69053
1.68902
1.68746
1.68586
1.68421
1.68253
1.68081
1.67906
1.67728
1.67548
1.67366
1.67182
1.66997
1.66811
1.66625
1.66438
1.66253
1.66067
1.65884
1.65702
1.65521
1.65344
1.65169
1.64997
1.64829
1.64665
1.64505
1.64349
1.64199
1.64053
1.63913
1.63779
1.6365
1.63527
1.63411
1.63301
1.63198
1.63101
1.63011
1.62928
1.62852
1.62784
1.62722
1.62667
1.6262
1.6258
1.62547
1.62521
1.62503
1.62492
1.62488
1.62491
1.62501
1.62519
1.62543
1.62573
1.62611
1.62655
1.62705
1.62761
1.62824
1.62892
1.62966
1.63046
1.63131
1.63221
1.63316
1.63415
1.63519
1.63626
1.63738
1.63853
1.63971
1.64093
1.64217
1.64343
1.64471
1.64601
1.64732
1.64865
1.64998
1.65132
1.65266
1.654
1.65534
1.65667
1.658
1.65932
1.66063
1.66193
1.66321
1.66448
1.66573
1.66697
1.66819
1.66938
1.67056
1.67172
1.67286
1.67399
1.67509
1.67618
1.67724
1.67829
1.67933
1.68035
1.68136
1.68235
1.68334
1.68432
1.68529
1.68625
1.68721
1.68816
1.68912
1.69007
1.69103
1.69198
1.69295
1.69391
1.69489
1.69587
1.69686
1.69786
1.69887
1.69989
1.70092
1.70196
1.70301
1.70407
1.70514
1.70623
1.70732
1.70843
1.70955
1.71067
1.71181
1.71295
1.71409
1.71525
1.7164
1.71756
1.71873
1.71989
1.72105
1.72221
1.72337
1.72453
1.72568
1.72682
1.72796
1.7291
1.73022
1.73133
1.73243
1.73352
1.7346
1.73567
1.73672
1.73775
1.73877
1.73977
1.74076
1.74172
1.74267
1.7436
1.74451
1.7454
1.74627
1.74712
1.74795
1.74875
1.74953
1.75029
1.75103
1.75174
1.75243
1.75309
1.75372
1.75433
1.75492
1.75547
1.75599
1.75649
1.75695
1.75738
1.75778
1.75814
1.75847
1.75877
1.75903
1.75925
1.75943
1.75958
1.75968
1.75974
1.75977
1.75974
1.75968
1.75957
1.75941
1.75921
1.75896
1.75866
1.75831
1.75791
1.75747
1.75697
1.75642
1.75581
1.75516
1.75444
1.75368
1.75286
1.75199
1.75106
1.75007
1.74903
1.74793
1.74678
1.74557
1.7443
1.74297
1.74158
1.74014
1.73864
1.73707
1.73545
1.73377
1.73203
1.73023
1.72836
1.72644
1.72446
1.72242
1.72031
1.71815
1.71592
1.71363
1.71128
1.70886
1.70638
1.70384
1.70123
1.69856
1.69583
1.69302
1.69016
1.68722
1.68422
1.68115
1.67802
1.67482
1.67155
1.66822
1.66482
1.66135
1.65782
1.65422
1.65055
1.64682
1.64303
1.63917
1.63525
1.63127
1.62723
1.62314
1.61899
1.61478
1.61053
1.60623
1.60188
1.5975
1.59307
1.58861
1.58412
1.5796
1.57505
1.57049
1.56592
1.56133
1.55674
1.55216
1.54758
1.54301
1.53846
1.53393
1.52943
1.52497
1.52055
1.51617
1.51185
1.50759
1.50339
1.49926
1.49522
1.49125
1.48738
1.4836
1.47992
1.47634
1.47288
1.46954
1.46631
1.46322
1.46025
1.45742
1.45472
1.45217
1.44977
1.44752
1.44542
1.44347
1.44168
1.44006
1.43859
1.43729
1.43616
1.43519
1.43438
1.43375
1.43328
1.43298
1.43284
1.43287
1.43306
1.43341
1.43392
1.43459
1.43542
1.4364
1.43752
1.4388
1.44021
1.44176
1.44344
1.44524
1.44717
1.44922
1.45137
1.45364
1.456
1.45845
1.461
1.46362
1.46632
1.46909
1.47192
1.4748
1.47774
1.48071
1.48372
1.48677
1.48983
1.49291
1.49601
1.49911
1.50221
1.5053
1.50838
1.51145
1.5145
1.51752
1.52051
1.52346
1.52638
1.52925
1.53208
1.53485
1.53758
1.54025
1.54286
1.54541
1.5479
1.55032
1.55268
1.55498
1.5572
1.55935
1.56144
1.56345
1.5654
1.56727
1.56907
1.5708
1.57246
1.57405
1.57558
1.57703
1.57841
1.57973
1.58099
1.58218
1.5833
1.58437
1.58537
1.58632
1.5872
1.58804
1.58882
1.58955
1.59022
1.59085
1.59143
1.59197
1.59246
1.59291
1.59331
1.59368
1.59401
1.5943
1.59455
1.59478
1.59497
1.59513
1.59526
1.59536
1.59544
1.59549
1.59551
1.59551
1.59549
1.59545
1.59539
1.59531
1.59521
1.59509
1.59496
1.5948
1.59463
1.59445
1.59425
1.59403
1.5938
1.59355
1.59329
1.59302
1.59273
1.59243
1.59212
1.59179
1.59146
1.59111
1.59075
1.59038
1.59
1.5896
1.5892
1.58878
1.58836
1.58792
1.58748
1.58703
1.58656
1.58609
1.58561
1.58512
1.58462
1.58412
1.58361
1.58309
1.58256
1.58203
1.58149
1.58095
1.5804
1.57985
1.57929
1.57873
1.57817
1.5776
1.57704
1.57647
1.5759
1.57533
1.57477
1.57421
1.57365
1.57309
1.57254
1.57199
1.57145
1.57091
1.57038
1.56987
1.56935
1.56885
1.56836
1.56789
1.56742
1.56697
1.56653
1.5661
1.56569
1.5653
1.56493
1.56457
1.56422
1.5639
1.5636
1.56331
1.56304
1.5628
1.56257
1.56236
1.56218
1.56201
1.56186
1.56174
1.56163
1.56155
1.56149
1.56144
1.56142
1.56142
1.56145
1.56149
1.56155
1.56164
1.56174
1.56187
1.56201
1.56217
1.56236
1.56256
1.56278
1.56302
1.56328
1.56356
1.56386
1.56418
1.56452
1.56487
1.56525
1.56564
1.56606
1.5665
1.56695
1.56743
1.56793
1.56845
1.569
1.56956
1.57015
1.57076
1.5714
1.57207
1.57275
1.57347
1.57421
1.57499
1.57579
1.57662
1.57748
1.57838
1.5793
1.58026
1.58126
1.58228
1.58334
1.58444
1.58557
1.58673
1.58794
1.58918
1.59045
1.59176
1.59311
1.5945
1.59592
1.59737
1.59886
1.60039
1.60194
1.60353
1.60516
1.60681
1.6085
1.61021
1.61195
1.61371
1.61549
1.6173
1.61913
1.62097
1.62283
1.62471
1.62659
1.62848
1.63038
1.63228
1.63419
1.63609
1.63799
1.63988
1.64176
1.64363
1.64548
1.64732
1.64914
1.65093
1.6527
1.65444
1.65615
1.65782
1.65946
1.66106
1.66262
1.66414
1.66561
1.66704
1.66841
1.66974
1.67102
1.67224
1.6734
1.67451
1.67557
1.67656
1.67749
1.67837
1.67919
1.67994
1.68064
1.68127
1.68184
1.68236
1.68281
1.6832
1.68353
1.68381
1.68402
1.68418
1.68429
1.68434
1.68434
1.68428
1.68418
1.68403
1.68382
1.68358
1.68328
1.68295
1.68257
1.68216
1.6817
1.68121
1.68068
1.68012
1.67953
1.67891
1.67826
1.67758
1.67687
1.67615
1.67539
1.67462
1.67383
1.67301
1.67218
1.67133
1.67047
1.66959
1.6687
1.6678
1.66688
1.66596
1.66502
1.66408
1.66313
1.66218
1.66122
1.66025
1.65929
1.65833
1.65736
1.6564
1.65544
1.65448
1.65353
1.65259
1.65166
1.65073
1.64981
1.64891
1.64802
1.64715
1.64628
1.64544
1.64462
1.64381
1.64302
1.64226
1.64152
1.6408
1.64011
1.63944
1.63881
1.6382
1.63762
1.63707
1.63656
1.63607
1.63562
1.6352
1.63482
1.63448
1.63417
1.63389
1.63365
1.63345
1.63329
1.63317
1.63308
1.63303
1.63302
1.63305
1.63311
1.63322
1.63335
1.63353
1.63374
1.63398
1.63425
1.63456
1.6349
1.63526
1.63566
1.63608
1.63653
1.637
1.63749
1.638
1.63853
1.63907
1.63963
1.6402
1.64077
1.64136
1.64195
1.64255
1.64314
1.64374
1.64433
1.64492
1.64549
1.64606
1.64662
1.64716
1.64768
1.64819
1.64867
1.64914
1.64958
1.65
1.65039
1.65075
1.65108
1.65138
1.65165
1.65188
1.65209
1.65225
1.65238
1.65248
1.65254
1.65256
1.65255
1.6525
1.65242
1.65229
1.65214
1.65195
1.65172
1.65146
1.65117
1.65084
1.65048
1.6501
1.64968
1.64924
1.64878
1.64829
1.64778
1.64725
1.6467
1.64613
1.64555
1.64496
1.64435
1.64374
1.64311
1.64249
1.64185
1.64122
1.64059
1.63996
1.63934
1.63872
1.6381
1.6375
1.63691
1.63633
1.63577
1.63521
1.63468
1.63416
1.63367
1.63319
1.63273
1.63229
1.63188
1.63149
1.63112
1.63077
1.63045
1.63016
1.62988
1.62963
1.6294
1.6292
1.62902
1.62886
1.62873
1.62861
1.62852
1.62845
1.6284
1.62836
1.62835
1.62835
1.62837
1.6284
1.62845
1.62851
1.62859
1.62868
1.62878
1.6289
1.62902
1.62915
1.6293
1.62945
1.62961
1.62979
1.62996
1.63015
1.63034
1.63054
1.63075
1.63097
1.63119
1.63142
1.63166
1.63191
1.63216
1.63242
1.63269
1.63298
1.63327
1.63357
1.63389
1.63421
1.63455
1.6349
1.63527
1.63565
1.63605
1.63646
1.63689
1.63733
1.63779
1.63827
1.63877
1.63928
1.63981
1.64036
1.64093
1.64152
1.64212
1.64274
1.64338
1.64404
1.64472
1.64541
1.64612
1.64684
1.64758
1.64833
1.6491
1.64988
1.65067
1.65146
1.65227
1.65309
1.65391
1.65473
1.65556
1.65639
1.65722
1.65804
1.65887
1.65969
1.6605
1.6613
1.6621
1.66289
1.66366
1.66442
1.66516
1.66589
1.6666
1.66728
1.66795
1.6686
1.66922
1.66982
1.67039
1.67094
1.67147
1.67196
1.67243
1.67287
1.67328
1.67366
1.67402
1.67434
1.67464
1.67491
1.67514
1.67536
1.67554
1.6757
1.67583
1.67593
1.67601
1.67607
1.67611
1.67613
1.67613
1.67611
1.67608
1.67604
1.67598
1.67592
1.67585
1.67577
1.67569
1.67561
1.67552
1.67545
1.67537
1.67531
1.67525
1.6752
1.67517
1.67515
1.67515
1.67517
1.6752
1.67526
1.67535
1.67545
1.67559
1.67575
1.67594
1.67616
1.6764
1.67668
1.67699
1.67734
1.67771
1.67811
1.67855
1.67901
1.67951
1.68004
1.6806
1.68118
1.6818
1.68244
1.68312
1.68381
1.68454
1.68529
1.68606
1.68685
1.68766
1.68849
1.68934
1.6902
1.69108
1.69197
1.69287
1.69378
1.6947
1.69563
1.69657
1.69751
1.69845
1.6994
1.70034
1.70129
1.70223
1.70317
1.7041
1.70503
1.70595
1.70686
1.70776
1.70865
1.70952
1.71039
1.71123
1.71207
1.71288
1.71368
1.71446
1.71522
1.71596
1.71668
1.71737
1.71804
1.71869
1.71931
1.71991
1.72047
1.72101
1.72152
1.722
1.72245
1.72287
1.72326
1.72361
1.72393
1.72422
1.72447
1.72468
1.72486
1.725
1.7251
1.72517
1.72519
1.72518
1.72512
1.72502
1.72488
1.7247
1.72447
1.7242
1.72389
1.72353
1.72313
1.72269
1.7222
1.72167
1.72109
1.72046
1.7198
1.71908
1.71832
1.71751
1.71666
1.71576
1.71482
1.71384
1.7128
1.71173
1.71061
1.70945
1.70824
1.70699
1.7057
1.70437
1.70301
1.7016
1.70015
1.69867
1.69715
1.6956
1.69401
1.69239
1.69073
1.68905
1.68734
1.6856
1.68383
1.68205
1.68024
1.67841
1.67656
1.6747
1.67282
1.67093
1.66903
1.66713
1.66521
1.66329
1.66137
1.65945
1.65754
1.65563
1.65372
1.65182
1.64993
1.64806
1.64619
1.64434
1.64251
1.64069
1.63889
1.6371
1.63534
1.6336
1.63187
1.63017
1.62849
1.62683
1.62518
1.62356
1.62195
1.62037
1.6188
1.61725
1.61571
1.61419
1.61268
1.61119
1.6097
1.60823
1.60676
1.6053
1.60385
1.6024
1.60095
1.59951
1.59807
1.59662
1.59518
1.59373
1.59229
1.59084
1.58938
1.58793
1.58647
1.585
1.58354
1.58206
1.58059
1.57912
1.57764
1.57616
1.57469
1.57321
1.57174
1.57027
1.56881
1.56736
1.56592
1.56449
1.56308
1.56168
1.5603
1.55894
1.55761
1.5563
1.55503
1.55378
1.55257
1.5514
1.55027
1.54918
1.54814
1.54714
1.5462
1.54531
1.54448
1.54371
1.54299
1.54235
1.54177
1.54125
1.54081
1.54044
1.54015
1.53993
1.5398
1.53974
1.53976
1.53987
1.54006
1.54034
1.5407
1.54115
1.54168
1.5423
1.54301
1.5438
1.54468
1.54565
1.5467
1.54783
1.54905
1.55035
1.55173
1.55319
1.55473
1.55634
1.55802
1.55977
1.56159
1.56347
1.56542
1.56742
1.56948
1.57159
1.57376
1.57597
1.57822
1.5805
1.58283
1.58519
1.58757
1.58998
1.59241
1.59485
1.59731
1.59977
1.60224
1.60472
1.60719
1.60965
1.6121
1.61454
1.61697
1.61937
1.62176
1.62411
1.62644
1.62873
1.63099
1.63322
1.6354
1.63754
1.63964
1.64169
1.64369
1.64564
1.64753
1.64938
1.65116
1.65289
1.65456
1.65618
1.65773
1.65922
1.66065
1.66201
1.66331
1.66455
1.66572
1.66683
1.66787
1.66885
1.66976
1.67061
1.6714
1.67212
1.67278
1.67338
1.67391
1.67439
1.6748
1.67515
1.67545
1.67568
1.67586
1.67599
1.67606
1.67608
1.67604
1.67596
1.67582
1.67564
1.67541
1.67513
1.67481
1.67445
1.67405
1.6736
1.67312
1.6726
1.67204
1.67144
1.67082
1.67015
1.66946
1.66874
1.66798
1.6672
1.66639
1.66556
1.66469
1.66381
1.6629
1.66196
1.66101
1.66003
1.65903
1.65801
1.65697
1.65591
1.65484
1.65374
1.65263
1.65151
1.65036
1.6492
1.64803
1.64684
1.64563
1.64442
1.64318
1.64193
1.64067
1.6394
1.63812
1.63682
1.63552
1.6342
1.63287
1.63153
1.63019
1.62883
1.62747
1.62611
1.62473
1.62336
1.62197
1.62059
1.61921
1.61782
1.61644
1.61506
1.61368
1.61231
1.61095
1.60959
1.60825
1.60691
1.60559
1.60429
1.603
1.60172
1.60047
1.59924
1.59803
1.59685
1.59569
1.59456
1.59345
1.59238
1.59134
1.59033
1.58936
1.58843
1.58753
1.58666
1.58584
1.58505
1.5843
1.58359
1.58292
1.58228
1.58169
1.58113
1.58061
1.58012
1.57967
1.57926
1.57888
1.57853
1.5782
1.57791
1.57764
1.57739
1.57717
1.57696
1.57677
1.57659
1.57642
1.57625
1.57609
1.57593
1.57577
1.57561
1.57543
1.57524
1.57504
1.57483
1.57459
1.57433
1.57404
1.57372
1.57338
1.573
1.57258
1.57213
1.57164
1.57111
1.57054
1.56992
1.56926
1.56855
1.5678
1.56701
1.56616
1.56527
1.56434
1.56336
1.56234
1.56127
1.56016
1.55901
1.55782
1.55659
1.55533
1.55403
1.5527
1.55134
1.54995
1.54854
1.5471
1.54565
1.54418
1.5427
1.54122
1.53972
1.53822
1.53673
1.53524
1.53375
1.53228
1.53082
1.52938
1.52796
1.52656
1.5252
1.52387
1.52258
1.52133
1.52012
1.51896
1.51786
1.51681
1.51583
1.5149
1.51404
1.51326
1.51254
1.51191
1.51135
1.51088
1.51049
1.51019
1.50998
1.50986
1.50983
1.5099
1.51007
1.51034
1.5107
1.51117
1.51173
1.51239
1.51316
1.51401
1.51497
1.51602
1.51716
1.5184
1.51972
1.52112
1.52261
1.52418
1.52582
1.52753
1.52931
1.53115
1.53305
1.535
1.537
1.53905
1.54113
1.54325
1.54539
1.54756
1.54975
1.55195
1.55416
1.55637
1.55858
1.56079
1.56299
1.56517
1.56734
1.56949
1.57161
1.57371
1.57577
1.5778
1.57979
1.58174
1.58365
1.58552
1.58734
1.58912
1.59085
1.59252
1.59415
1.59573
1.59726
1.59874
1.60017
1.60154
1.60287
1.60415
1.60538
1.60656
1.60769
1.60878
1.60983
1.61083
1.61179
1.61271
1.6136
1.61445
1.61527
1.61605
1.61681
1.61753
1.61824
1.61891
1.61957
1.62021
1.62082
1.62143
1.62201
1.62259
1.62315
1.62371
1.62425
1.6248
1.62533
1.62587
1.6264
1.62692
1.62745
1.62798
1.62851
1.62904
1.62957
1.6301
1.63064
1.63118
1.63172
1.63226
1.63281
1.63335
1.6339
1.63445
1.635
1.63555
1.6361
1.63665
1.63719
1.63773
1.63826
1.63879
1.63931
1.63982
1.64033
1.64082
1.6413
1.64177
1.64223
1.64267
1.6431
1.64352
1.64392
1.6443
1.64466
1.645
1.64533
1.64563
1.64591
1.64617
1.64641
1.64662
1.64681
1.64697
1.64711
1.64722
1.64731
1.64737
1.6474
1.64741
1.64739
1.64734
1.64726
1.64716
1.64703
1.64687
1.64668
1.64647
1.64622
1.64595
1.64566
1.64533
1.64498
1.6446
1.6442
1.64377
1.64332
1.64284
1.64234
1.64181
1.64126
1.64069
1.64009
1.63948
1.63884
1.63818
1.6375
1.63681
1.6361
1.63537
1.63462
1.63386
1.63308
1.63229
1.63149
1.63067
1.62985
1.62902
1.62817
1.62733
1.62647
1.62562
1.62475
1.62389
1.62303
1.62216
1.6213
1.62045
1.61959
1.61874
1.6179
1.61707
1.61625
1.61544
1.61464
1.61386
1.61309
1.61234
1.6116
1.61089
1.61019
1.60951
1.60886
1.60823
1.60762
1.60704
1.60648
1.60595
1.60545
1.60498
1.60453
1.60412
1.60374
1.60339
1.60307
1.60278
1.60252
1.6023
1.60211
1.60196
1.60183
1.60175
1.6017
1.60168
1.6017
1.60175
1.60183
1.60195
1.60211
1.6023
1.60253
1.60279
1.60308
1.60342
1.60378
1.60418
1.60461
1.60508
1.60558
1.60612
1.60668
1.60728
1.60791
1.60858
1.60927
1.61
1.61075
1.61154
1.61236
1.6132
1.61408
1.61498
1.61592
1.61688
1.61787
1.61889
1.61994
1.62101
1.62211
1.62323
1.62438
1.62556
1.62676
1.62798
1.62923
1.63049
1.63179
1.6331
1.63443
1.63578
1.63715
1.63854
1.63994
1.64136
1.6428
1.64425
1.64571
1.64719
1.64867
1.65017
1.65167
1.65318
1.6547
1.65622
1.65774
1.65927
1.66079
1.66232
1.66384
1.66535
1.66686
1.66836
1.66986
1.67134
1.6728
1.67425
1.67569
1.6771
1.6785
1.67987
1.68122
1.68254
1.68384
1.68511
1.68634
1.68755
1.68872
1.68986
1.69096
1.69202
1.69305
1.69403
1.69498
1.69588
1.69674
1.69756
1.69833
1.69905
1.69973
1.70037
1.70095
1.70149
1.70198
1.70242
1.70281
1.70315
1.70344
1.70368
1.70387
1.70401
1.70411
1.70415
1.70415
1.70409
1.70399
1.70384
1.70365
1.7034
1.70311
1.70278
1.7024
1.70197
1.7015
1.70098
1.70043
1.69983
1.69919
1.69851
1.69779
1.69703
1.69624
1.6954
1.69453
1.69362
1.69268
1.69171
1.6907
1.68965
1.68858
1.68748
1.68635
1.68518
1.684
1.68278
1.68153
1.68026
1.67897
1.67765
1.67631
1.67494
1.67356
1.67216
1.67073
1.66929
1.66783
1.66636
1.66488
1.66339
1.66188
1.66037
1.65884
1.65731
1.65578
1.65424
1.6527
1.65117
1.64963
1.6481
1.64658
1.64506
1.64356
1.64206
1.64059
1.63912
1.63768
1.63626
1.63486
1.63348
1.63213
1.63081
1.62952
1.62827
1.62705
1.62586
1.62472
1.62362
1.62256
1.62155
1.62058
1.61967
1.6188
1.61799
1.61723
1.61653
1.61588
1.61529
1.61476
1.61429
1.61388
1.61353
1.61325
1.61302
1.61286
1.61276
1.61272
1.61274
1.61283
1.61297
1.61318
1.61344
1.61376
1.61414
1.61458
1.61507
1.61561
1.6162
1.61684
1.61753
1.61827
1.61904
1.61986
1.62071
1.6216
1.62253
1.62348
1.62446
1.62546
1.62649
1.62753
1.62859
1.62966
1.63074
1.63183
1.63292
1.63401
1.63511
1.63619
1.63727
1.63834
1.6394
1.64044
1.64146
1.64246
1.64343
1.64438
1.6453
1.64619
1.64705
1.64787
1.64866
1.6494
1.6501
1.65076
1.65138
1.65194
1.65246
1.65293
1.65334
1.65371
1.65402
1.65427
1.65447
1.65462
1.6547
1.65473
1.6547
1.65461
1.65447
1.65426
1.654
1.65368
1.6533
1.65286
1.65236
1.65181
1.6512
1.65054
1.64982
1.64906
1.64824
1.64737
1.64646
1.64549
1.64449
1.64344
1.64236
1.64124
1.64008
1.6389
1.63768
1.63644
1.63517
1.63388
1.63258
1.63125
1.62992
1.62858
1.62723
1.62588
1.62453
1.62319
1.62185
1.62052
1.61921
1.61791
1.61663
1.61538
1.61415
1.61295
1.61179
1.61065
1.60955
1.6085
1.60748
1.60651
1.60558
1.6047
1.60386
1.60308
1.60234
1.60166
1.60104
1.60046
1.59994
1.59947
1.59905
1.59868
1.59836
1.59809
1.59787
1.5977
1.59757
1.59749
1.59744
1.59743
1.59746
1.59752
1.59761
1.59773
1.59786
1.59802
1.5982
1.59838
1.59858
1.59878
1.59898
1.59917
1.59936
1.59954
1.59971
1.59985
1.59998
1.60008
1.60015
1.60019
1.6002
1.60017
1.6001
1.59998
1.59982
1.59961
1.59936
1.59905
1.59869
1.59827
1.5978
1.59728
1.5967
1.59607
1.59538
1.59463
1.59384
1.59298
1.59208
1.59113
1.59013
1.58908
1.588
1.58687
1.5857
1.5845
1.58326
1.582
1.58072
1.57942
1.5781
1.57677
1.57543
1.5741
1.57277
1.57145
1.57014
1.56885
1.56759
1.56636
1.56516
1.56401
1.5629
1.56184
1.56084
1.5599
1.55903
1.55823
1.55751
1.55687
1.55632
1.55586
1.55549
1.55523
1.55506
1.55501
1.55506
1.55523
1.55551
1.55591
1.55642
1.55706
1.55782
1.55871
1.55971
1.56084
1.5621
1.56347
1.56497
1.5666
1.56834
1.5702
1.57218
1.57427
1.57647
1.57879
1.58121
1.58373
1.58635
1.58906
1.59187
1.59476
1.59773
1.60079
1.60391
1.6071
1.61036
1.61368
1.61704
1.62046
1.62392
1.62742
1.63094
1.6345
1.63807
1.64166
1.64526
1.64886
1.65246
1.65605
1.65963
1.66319
1.66673
1.67024
1.67372
1.67715
1.68055
1.6839
1.68719
1.69043
1.69361
1.69672
1.69976
1.70273
1.70562
1.70843
1.71116
1.7138
1.71634
1.7188
1.72115
1.72341
1.72556
1.72761
1.72956
1.7314
1.73313
1.73475
1.73625
1.73765
1.73893
1.74009
1.74115
1.74209
1.74291
1.74362
1.74421
1.74469
1.74506
1.74531
1.74546
1.74549
1.74541
1.74523
1.74493
1.74454
1.74404
1.74345
1.74275
1.74196
1.74108
1.74011
1.73905
1.7379
1.73667
1.73536
1.73398
1.73252
1.73099
1.7294
1.72775
1.72604
1.72427
1.72246
1.72059
1.71869
1.71675
1.71477
1.71276
1.71073
1.70868
1.70661
1.70452
1.70243
1.70033
1.69823
1.69614
1.69405
1.69198
1.68992
1.68788
1.68587
1.68388
1.68193
1.68002
1.67814
1.67631
1.67453
1.67279
1.67111
1.66948
1.66791
1.6664
1.66496
1.66358
1.66227
1.66103
1.65985
1.65876
1.65773
1.65679
1.65591
1.65512
1.6544
1.65375
1.65319
1.6527
1.65228
1.65195
1.65168
1.65149
1.65137
1.65132
1.65134
1.65143
1.65158
1.65179
1.65207
1.6524
1.65279
1.65324
1.65373
1.65427
1.65486
1.65549
1.65615
1.65686
1.65759
1.65836
1.65915
1.65997
1.66081
1.66166
1.66253
1.66341
1.66429
1.66517
1.66606
1.66695
1.66782
1.66869
1.66955
1.67039
1.67121
1.67201
1.67279
1.67354
1.67425
1.67494
1.67559
1.67619
1.67676
1.67728
1.67776
1.67819
1.67857
1.67889
1.67916
1.67937
1.67952
1.67961
1.67964
1.6796
1.6795
1.67932
1.67908
1.67877
1.67839
1.67794
1.67741
1.67681
1.67613
1.67538
1.67456
1.67366
1.67268
1.67163
1.67051
1.66931
1.66803
1.66668
1.66526
1.66376
1.6622
1.66056
1.65885
1.65708
1.65523
1.65333
1.65135
1.64932
1.64723
1.64507
1.64286
1.6406
1.63828
1.63592
1.6335
1.63104
1.62854
1.626
1.62343
1.62082
1.61818
1.61551
1.61281
1.6101
1.60736
1.60462
1.60186
1.59909
1.59632
1.59355
1.59078
1.58801
1.58526
1.58252
1.57979
1.57708
1.5744
1.57174
1.56912
1.56653
1.56397
1.56145
1.55898
1.55655
1.55418
1.55185
1.54958
1.54737
1.54522
1.54313
1.5411
1.53914
1.53725
1.53543
1.53368
1.53201
1.5304
1.52888
1.52743
1.52606
1.52476
1.52355
1.52241
1.52135
1.52037
1.51947
1.51864
1.5179
1.51723
1.51663
1.51611
1.51567
1.5153
1.515
1.51477
1.51462
1.51453
1.51452
1.51457
1.51468
1.51486
1.51511
1.51541
1.51578
1.5162
1.51668
1.51721
1.5178
1.51845
1.51914
1.51988
1.52067
1.52151
1.52239
1.52331
1.52427
1.52527
1.52631
1.52739
1.52849
1.52963
1.53079
1.53198
1.5332
1.53443
1.53569
1.53696
1.53825
1.53956
1.54087
1.5422
1.54353
1.54486
1.5462
1.54754
1.54888
1.55021
1.55154
1.55286
1.55417
1.55547
1.55675
1.55802
1.55928
1.56052
1.56174
1.56294
1.56411
1.56527
1.56641
1.56752
1.5686
1.56967
1.57071
1.57172
1.57271
1.57367
1.57461
1.57552
1.57641
1.57728
1.57813
1.57896
1.57976
1.58055
1.58132
1.58207
1.58281
1.58353
1.58425
1.58495
1.58564
1.58633
1.58702
1.5877
1.58837
1.58905
1.58973
1.59042
1.5911
1.5918
1.5925
1.59321
1.59394
1.59467
1.59542
1.59618
1.59695
1.59774
1.59855
1.59937
1.60022
1.60108
1.60196
1.60285
1.60377
1.6047
1.60566
1.60663
1.60762
1.60862
1.60964
1.61068
1.61173
1.6128
1.61387
1.61496
1.61606
1.61717
1.61828
1.6194
1.62052
1.62165
1.62278
1.62391
1.62503
1.62616
1.62728
1.62839
1.62949
1.63059
1.63167
1.63274
1.6338
1.63484
1.63586
1.63687
1.63785
1.63881
1.63974
1.64066
1.64154
1.64239
1.64322
1.64402
1.64478
1.64551
1.6462
1.64686
1.64748
1.64806
1.6486
1.6491
1.64956
1.64998
1.65035
1.65067
1.65095
1.65118
1.65137
1.65151
1.6516
1.65165
1.65164
1.65159
1.65148
1.65133
1.65113
1.65087
1.65057
1.65022
1.64982
1.64937
1.64888
1.64833
1.64774
1.6471
1.64642
1.64569
1.64492
1.6441
1.64324
1.64234
1.6414
1.64042
1.6394
1.63834
1.63725
1.63612
1.63496
1.63376
1.63253
1.63127
1.62998
1.62866
1.62732
1.62595
1.62455
1.62313
1.62169
1.62022
1.61874
1.61725
1.61573
1.61421
1.61267
1.61112
1.60956
1.608
1.60643
1.60485
1.60328
1.6017
1.60013
1.59857
1.597
1.59545
1.59391
1.59238
1.59087
1.58937
1.5879
1.58644
1.58501
1.5836
1.58222
1.58088
1.57956
1.57827
1.57702
1.57581
1.57463
1.57349
1.5724
1.57134
1.57033
1.56937
1.56845
1.56758
1.56676
1.56598
1.56526
1.56458
1.56395
1.56337
1.56284
1.56237
1.56194
1.56156
1.56123
1.56095
1.56072
1.56053
1.56039
1.56029
1.56024
1.56022
1.56025
1.56031
1.56041
1.56054
1.56071
1.5609
1.56113
1.56138
1.56165
1.56195
1.56226
1.5626
1.56294
1.5633
1.56367
1.56405
1.56444
1.56483
1.56522
1.56561
1.56599
1.56637
1.56674
1.56711
1.56746
1.5678
1.56812
1.56842
1.56871
1.56897
1.56921
1.56943
1.56962
1.56979
1.56993
1.57004
1.57012
1.57017
1.57019
1.57018
1.57014
1.57007
1.56996
1.56983
1.56966
1.56947
1.56924
1.56899
1.5687
1.56839
1.56806
1.5677
1.56731
1.56691
1.56648
1.56604
1.56558
1.5651
1.56462
1.56412
1.56362
1.56311
1.5626
1.56209
1.56158
1.56108
1.56058
1.5601
1.55963
1.55918
1.55874
1.55833
1.55795
1.55759
1.55726
1.55697
1.55671
1.55649
1.5563
1.55617
1.55607
1.55602
1.55602
1.55606
1.55616
1.5563
1.55649
1.55674
1.55703
1.55738
1.55777
1.55822
1.55871
1.55926
1.55985
1.56048
1.56115
1.56187
1.56262
1.56341
1.56423
1.56508
1.56596
1.56686
1.56779
1.56872
1.56968
1.57064
1.5716
1.57257
1.57353
1.57449
1.57544
1.57637
1.57729
1.57818
1.57905
1.5799
1.5807
1.58148
1.58221
1.5829
1.58355
1.58415
1.5847
1.58519
1.58564
1.58602
1.58635
1.58661
1.58682
1.58696
1.58704
1.58705
1.587
1.58688
1.5867
1.58645
1.58614
1.58576
1.58533
1.58483
1.58427
1.58365
1.58297
1.58224
1.58146
1.58063
1.57974
1.57881
1.57784
1.57683
1.57579
1.57471
1.5736
1.57246
1.5713
1.57012
1.56892
1.56772
1.5665
1.56528
1.56405
1.56283
1.56161
1.5604
1.55921
1.55803
1.55687
1.55573
1.55462
1.55353
1.55248
1.55146
1.55048
1.54954
1.54864
1.54778
1.54697
1.54621
1.5455
1.54484
1.54423
1.54367
1.54317
1.54272
1.54233
1.54199
1.54171
1.54148
1.54131
1.5412
1.54114
1.54114
1.54119
1.5413
1.54146
1.54168
1.54194
1.54226
1.54262
1.54304
1.5435
1.544
1.54456
1.54515
1.54579
1.54647
1.54719
1.54794
1.54874
1.54957
1.55043
1.55133
1.55226
1.55322
1.55422
1.55524
1.55629
1.55737
1.55848
1.55961
1.56076
1.56195
1.56315
1.56438
1.56562
1.56689
1.56819
1.5695
1.57083
1.57218
1.57355
1.57495
1.57636
1.57778
1.57923
1.5807
1.58218
1.58368
1.58519
1.58673
1.58827
1.58984
1.59142
1.59301
1.59463
1.59625
1.59789
1.59954
1.60121
1.60289
1.60458
1.60629
1.608
1.60973
1.61147
1.61322
1.61498
1.61675
1.61853
1.62032
1.62212
1.62393
1.62574
1.62756
1.62939
1.63122
1.63305
1.63489
1.63673
1.63857
1.64042
1.64226
1.6441
1.64594
1.64778
1.64962
1.65144
1.65327
1.65508
1.65689
1.65868
1.66047
1.66223
1.66399
1.66573
1.66744
1.66914
1.67081
1.67246
1.67407
1.67566
1.67722
1.67874
1.68022
1.68166
1.68306
1.68441
1.68572
1.68697
1.68817
1.68931
1.69039
1.69141
1.69237
1.69326
1.69408
1.69483
1.69551
1.69611
1.69663
1.69708
1.69745
1.69773
1.69794
1.69806
1.69809
1.69805
1.69792
1.69771
1.69742
1.69705
1.6966
1.69607
1.69547
1.69479
1.69405
1.69323
1.69236
1.69142
1.69042
1.68937
1.68827
1.68713
1.68594
1.68472
1.68347
1.68219
1.68089
1.67957
1.67824
1.67691
1.67557
1.67423
1.6729
1.67158
1.67027
1.66898
1.66771
1.66647
1.66525
1.66406
1.66291
1.66178
1.66069
1.65964
1.65862
1.65764
1.65669
1.65579
1.65491
1.65407
1.65327
1.65249
1.65174
1.65102
1.65033
1.64965
1.649
1.64836
1.64774
1.64712
1.64652
1.64591
1.64531
1.64471
1.6441
1.64349
1.64286
1.64223
1.64157
1.6409
1.64021
1.6395
1.63876
1.638
1.63721
1.63639
1.63554
1.63466
1.63375
1.63282
1.63185
1.63086
1.62983
1.62878
1.6277
1.62659
1.62546
1.6243
1.62313
1.62193
1.62072
1.61949
1.61825
1.617
1.61574
1.61448
1.61321
1.61195
1.61069
1.60943
1.60819
1.60696
1.60574
1.60454
1.60336
1.60221
1.60108
1.59998
1.59891
1.59787
1.59687
1.59591
1.59499
1.59411
1.59327
1.59247
1.59172
1.59101
1.59036
1.58974
1.58918
1.58866
1.5882
1.58778
1.58741
1.58709
1.58682
1.5866
1.58642
1.58629
1.5862
1.58615
1.58615
1.58618
1.58626
1.58636
1.58651
1.58668
1.58689
1.58713
1.58739
1.58768
1.58799
1.58833
1.58868
1.58906
1.58944
1.58985
1.59026
1.59069
1.59112
1.59157
1.59201
1.59246
1.59292
1.59337
1.59382
1.59427
1.59471
1.59515
1.59558
1.59601
1.59643
1.59683
1.59723
1.59761
1.59798
1.59834
1.59869
1.59902
1.59933
1.59963
1.59991
1.60018
1.60042
1.60065
1.60086
1.60105
1.60122
1.60137
1.60149
1.6016
1.60169
1.60176
1.6018
1.60183
1.60183
1.60181
1.60177
1.60171
1.60162
1.60152
1.6014
1.60126
1.60109
1.60091
1.60071
1.6005
1.60026
1.60001
1.59975
1.59946
1.59917
1.59887
1.59855
1.59823
1.5979
1.59756
1.59721
1.59687
1.59652
1.59617
1.59582
1.59548
1.59515
1.59482
1.5945
1.59419
1.59389
1.59361
1.59335
1.59311
1.59288
1.59268
1.5925
1.59235
1.59222
1.59212
1.59205
1.59201
1.592
1.59202
1.59208
1.59216
1.59228
1.59243
1.59261
1.59283
1.59308
1.59335
1.59366
1.594
1.59437
1.59476
1.59519
1.59563
1.5961
1.5966
1.59711
1.59764
1.59819
1.59876
1.59933
1.59992
1.60052
1.60113
1.60174
1.60235
1.60296
1.60358
1.60419
1.60479
1.60539
1.60598
1.60656
1.60712
1.60768
1.60822
1.60874
1.60925
1.60973
1.6102
1.61065
1.61108
1.61148
1.61186
1.61221
1.61255
1.61285
1.61313
1.61339
1.61362
1.61383
1.61401
1.61417
1.6143
1.61441
1.61449
1.61455
1.6146
1.61461
1.61461
1.61459
1.61455
1.61449
1.61442
1.61433
1.61422
1.6141
1.61397
1.61383
1.61367
1.61351
1.61334
1.61316
1.61298
1.6128
1.61261
1.61243
1.61224
1.61205
1.61187
1.6117
1.61153
1.61136
1.6112
1.61105
1.61092
1.61079
1.61067
1.61057
1.61049
1.61041
1.61036
1.61031
1.61029
1.61028
1.61028
1.61031
1.61036
1.61042
1.6105
1.6106
1.61071
1.61085
1.611
1.61117
1.61136
1.61156
1.61178
1.61201
1.61226
1.61252
1.61279
1.61307
1.61337
1.61367
1.61398
1.6143
1.61462
1.61494
1.61527
1.6156
1.61592
1.61624
1.61655
1.61686
1.61716
1.61745
1.61772
1.61798
1.61822
1.61844
1.61865
1.61882
1.61897
1.6191
1.61919
1.61924
1.61927
1.61925
1.6192
1.6191
1.61896
1.61878
1.61855
1.61827
1.61794
1.61756
1.61712
1.61663
1.61608
1.61547
1.61481
1.61408
1.6133
1.61245
1.61154
1.61057
1.60953
1.60844
1.60728
1.60605
1.60477
1.60342
1.60201
1.60055
1.59902
1.59744
1.5958
1.5941
1.59235
1.59056
1.58871
1.58681
1.58486
1.58287
1.58084
1.57877
1.57666
1.57452
1.57234
1.57013
1.5679
1.56564
1.56335
1.56105
1.55873
1.55639
1.55404
1.55168
1.54932
1.54695
1.54457
1.5422
1.53983
1.53746
1.53511
1.53276
1.53042
1.52811
1.5258
1.52353
1.52127
1.51904
1.51684
1.51467
1.51253
1.51043
1.50837
1.50636
1.50439
1.50247
1.5006
1.49878
1.49702
1.49532
1.49368
1.4921
1.4906
1.48916
1.48779
1.48649
1.48528
1.48413
1.48307
1.4821
1.4812
1.48039
1.47967
1.47903
1.47848
1.47802
1.47764
1.47735
1.47716
1.47705
1.47702
1.47708
1.47723
1.47746
1.47777
1.47816
1.47863
1.47918
1.47979
1.48048
1.48124
1.48206
1.48294
1.48388
1.48487
1.48592
1.48702
1.48816
1.48934
1.49057
1.49183
1.49313
1.49445
1.49581
1.49719
1.49859
1.5
1.50144
1.50289
1.50435
1.50582
1.50729
1.50877
1.51026
1.51174
1.51322
1.51471
1.51618
1.51766
1.51913
1.52059
1.52205
1.52349
1.52493
1.52636
1.52777
1.52918
1.53057
1.53195
1.53331
1.53467
1.53601
1.53734
1.53865
1.53995
1.54123
1.5425
1.54375
1.54499
1.54621
1.54742
1.5486
1.54978
1.55093
1.55207
1.55318
1.55428
1.55537
1.55643
1.55747
1.5585
1.5595
1.56048
1.56145
1.56239
1.56331
1.56422
1.5651
1.56595
1.56679
1.5676
1.5684
1.56917
1.56992
1.57065
1.57136
1.57205
1.57272
1.57337
1.574
1.57461
1.5752
1.57578
1.57634
1.57689
1.57742
1.57794
1.57844
1.57894
1.57942
1.57989
1.58036
1.58082
1.58127
1.58173
1.58217
1.58262
1.58306
1.58351
1.58395
1.5844
1.58485
1.58531
1.58577
1.58623
1.58671
1.58719
1.58768
1.58817
1.58868
1.58919
1.58971
1.59024
1.59078
1.59133
1.59189
1.59245
1.59303
1.59361
1.5942
1.5948
1.59541
1.59602
1.59664
1.59727
1.5979
1.59853
1.59917
1.59981
1.60045
1.60109
1.60173
1.60237
1.60301
1.60365
1.60428
1.60491
1.60553
1.60614
1.60675
1.60734
1.60793
1.6085
1.60906
1.60961
1.61014
1.61065
1.61115
1.61163
1.61208
1.61252
1.61293
1.61332
1.61368
1.61402
1.61432
1.61459
1.61484
1.61504
1.61522
1.61535
1.61545
1.61551
1.61553
1.61551
1.61544
1.61533
1.61517
1.61496
1.61471
1.61441
1.61405
1.61365
1.6132
1.61269
1.61214
1.61153
1.61087
1.61016
1.6094
1.60858
1.60771
1.60679
1.60582
1.6048
1.60373
1.60261
1.60144
1.60022
1.59895
1.59764
1.59628
1.59487
1.59342
1.59193
1.5904
1.58882
1.58721
1.58556
1.58387
1.58214
1.58038
1.57859
1.57676
1.5749
1.57302
1.5711
1.56916
1.56718
1.56519
1.56317
1.56113
1.55907
1.55699
1.55489
1.55278
1.55065
1.54851
1.54636
1.5442
1.54203
1.53986
1.53768
1.5355
1.53331
1.53113
1.52895
1.52678
1.52461
1.52245
1.5203
1.51816
1.51604
1.51393
1.51185
1.50978
1.50774
1.50572
1.50372
1.50176
1.49982
1.49792
1.49605
1.49422
1.49243
1.49068
1.48897
1.48731
1.48569
1.48412
1.4826
1.48114
1.47974
1.47839
1.4771
1.47587
1.47472
1.47363
1.47261
1.47166
1.47079
1.47
1.46929
1.46866
1.46812
1.46766
1.4673
1.46703
1.46685
1.46676
1.46678
1.46689
1.4671
1.46741
1.46783
1.46835
1.46897
1.4697
1.47053
1.47147
1.47251
1.47365
1.4749
1.47625
1.47769
1.47923
1.48087
1.48259
1.48441
1.48632
1.48831
1.49038
1.49252
1.49475
1.49704
1.4994
1.50181
1.50429
1.50682
1.5094
1.51202
1.51469
1.51739
1.52012
1.52287
1.52565
1.52845
1.53127
1.5341
1.53693
1.53977
1.5426
1.54543
1.54826
1.55107
1.55387
1.55666
1.55943
1.56217
1.56489
1.56759
1.57026
1.57289
1.5755
1.57808
1.58062
1.58313
1.58561
1.58805
1.59046
1.59283
1.59516
1.59746
1.59972
1.60195
1.60414
1.6063
1.60843
1.61052
1.61257
1.6146
1.61659
1.61854
1.62047
1.62237
1.62423
1.62607
1.62787
1.62965
1.63139
1.63311
1.6348
1.63646
1.6381
1.6397
1.64128
1.64283
1.64436
1.64585
1.64732
1.64876
1.65017
1.65155
1.6529
1.65422
1.65552
1.65678
1.65802
1.65922
1.66039
1.66153
1.66263
1.66371
1.66475
1.66575
1.66672
1.66766
1.66856
1.66943
1.67026
1.67106
1.67182
1.67254
1.67323
1.67388
1.67449
1.67507
1.67562
1.67612
1.67659
1.67703
1.67743
1.6778
1.67813
1.67843
1.67869
1.67892
1.67912
1.67928
1.67941
1.67951
1.67958
1.67961
1.67961
1.67958
1.67952
1.67943
1.67931
1.67916
1.67897
1.67875
1.67849
1.6782
1.67788
1.67752
1.67713
1.67669
1.67622
1.67571
1.67515
1.67455
1.6739
1.6732
1.67245
1.67165
1.67079
1.66987
1.66889
1.66785
1.66673
1.66555
1.66429
1.66296
1.66155
1.66005
1.65847
1.65681
1.65505
1.65319
1.65125
1.6492
1.64705
1.6448
1.64244
1.63997
1.6374
1.63472
1.63193
1.62902
1.62601
1.62288
1.61965
1.6163
1.61284
1.60928
1.60561
1.60183
1.59795
1.59397
1.58989
1.58572
1.58146
1.57711
1.57268
1.56817
1.56359
1.55894
1.55423
1.54946
1.54464
1.53978
1.53487
1.52994
1.52498
1.52
1.51502
1.51002
1.50503
1.50005
1.49509
1.49016
1.48525
1.48039
1.47557
1.47081
1.46611
1.46148
1.45693
1.45246
1.44808
1.4438
1.43962
1.43555
1.4316
1.42777
1.42406
1.42049
1.41706
1.41377
1.41064
1.40765
1.40482
1.40215
1.39965
1.39732
1.39516
1.39318
1.39138
1.38975
1.38831
1.38706
1.38599
1.38511
1.38442
1.38393
1.38362
1.38351
1.38358
1.38385
1.3843
1.38495
1.38578
1.3868
1.388
1.38938
1.39094
1.39268
1.39459
1.39667
1.39891
1.40132
1.40388
1.4066
1.40947
1.41248
1.41562
1.4189
1.42231
1.42583
1.42947
1.43322
1.43707
1.44101
1.44505
1.44916
1.45335
1.45761
1.46193
1.46631
1.47074
1.47521
1.47971
1.48424
1.4888
1.49337
1.49795
1.50254
1.50712
1.5117
1.51627
1.52082
1.52534
1.52985
1.53432
1.53876
1.54316
1.54752
1.55184
1.55611
1.56033
1.5645
1.56861
1.57267
1.57667
1.58061
1.58449
1.58831
1.59207
1.59576
1.59939
1.60296
1.60646
1.60989
1.61326
1.61656
1.6198
1.62297
1.62607
1.6291
1.63207
1.63497
1.63781
1.64057
1.64326
1.64588
1.64844
1.65092
1.65332
1.65566
1.65791
1.66009
1.66219
1.6642
1.66614
1.66799
1.66975
1.67142
1.673
1.67448
1.67586
1.67715
1.67833
1.67941
1.68038
1.68123
1.68198
1.68261
1.68312
1.68351
1.68377
1.68391
1.68392
1.68381
1.68356
1.68318
1.68266
1.68201
1.68123
1.68031
1.67925
1.67806
1.67673
1.67526
1.67367
1.67193
1.67007
1.66808
1.66596
1.66372
1.66136
1.65887
1.65628
1.65357
1.65075
1.64784
1.64482
1.64172
1.63852
1.63525
1.63191
1.62849
1.62502
1.62149
1.61792
1.61431
1.61066
1.607
1.60332
1.59963
1.59595
1.59227
1.58862
1.58499
1.58139
1.57784
1.57435
1.57091
1.56754
1.56425
1.56105
1.55793
1.55492
1.55201
1.54922
1.54655
1.544
1.54159
1.53931
1.53718
1.53519
1.53335
1.53167
1.53015
1.52879
1.5276
1.52657
1.52571
1.52502
1.5245
1.52415
1.52397
1.52395
1.52411
1.52443
1.52492
1.52556
1.52637
1.52734
1.52846
1.52973
1.53114
1.5327
1.53439
1.53622
1.53817
1.54025
1.54244
1.54475
1.54716
1.54967
1.55228
1.55498
1.55776
1.56062
1.56355
1.56654
1.56959
1.5727
1.57585
1.57904
1.58227
1.58553
1.58881
1.59211
1.59542
1.59874
1.60206
1.60537
1.60868
1.61196
1.61523
1.61847
1.62168
1.62486
1.628
1.63109
1.63414
1.63713
1.64007
1.64295
1.64577
1.64852
1.6512
1.65381
1.65635
1.6588
1.66118
1.66347
1.66567
1.66779
1.66982
1.67175
1.67359
1.67534
1.67699
1.67854
1.67999
1.68133
1.68258
1.68372
1.68476
1.68569
1.68651
1.68723
1.68784
1.68834
1.68873
1.68901
1.68918
1.68923
1.68917
1.689
1.68872
1.68833
1.68782
1.68719
1.68645
1.6856
1.68463
1.68355
1.68235
1.68104
1.67961
1.67807
1.67642
1.67466
1.67278
1.6708
1.6687
1.66649
1.66418
1.66175
1.65923
1.6566
1.65386
1.65103
1.6481
1.64507
1.64195
1.63874
1.63544
1.63205
1.62859
1.62504
1.62142
1.61773
1.61396
1.61014
1.60626
1.60232
1.59833
1.5943
1.59022
1.58612
1.58198
1.57782
1.57364
1.56946
1.56527
1.56108
1.5569
1.55273
1.54859
1.54448
1.5404
1.53637
1.53238
1.52846
1.52459
1.5208
1.51709
1.51346
1.50992
1.50648
1.50314
1.49991
1.4968
1.4938
1.49093
1.48819
1.48559
1.48312
1.48079
1.4786
1.47657
1.47468
1.47294
1.47135
1.46992
1.46864
1.46751
1.46653
1.46571
1.46504
1.46451
1.46414
1.4639
1.46381
1.46386
1.46404
1.46436
1.4648
1.46537
1.46605
1.46686
1.46777
1.46879
1.46991
1.47113
1.47244
1.47384
1.47533
1.47689
1.47852
1.48022
1.48199
1.48381
1.48569
1.48761
1.48958
1.49159
1.49363
1.4957
1.4978
1.49991
1.50205
1.50419
1.50635
1.50851
1.51067
1.51282
1.51496
1.51709
1.51921
1.5213
1.52337
1.52542
1.52743
1.52941
1.53134
1.53324
1.5351
1.5369
1.53866
1.54036
1.54201
1.5436
1.54514
1.54661
1.54801
1.54936
1.55063
1.55184
1.55298
1.55405
1.55505
1.55597
1.55683
1.55762
1.55833
1.55897
1.55955
1.56005
1.56049
1.56087
1.56118
1.56143
1.56162
1.56175
1.56183
1.56186
1.56185
1.56179
1.56169
1.56156
1.56139
1.5612
1.56099
1.56076
1.56052
1.56027
1.56002
1.55977
1.55953
1.55931
1.5591
1.55892
1.55876
1.55864
1.55856
1.55853
1.55854
1.5586
1.55872
1.5589
1.55915
1.55946
1.55985
1.56031
1.56084
1.56146
1.56216
1.56294
1.56381
1.56476
1.5658
1.56692
1.56813
1.56943
1.57081
1.57228
1.57383
1.57546
1.57717
1.57895
1.58081
1.58275
1.58475
1.58682
1.58895
1.59114
1.59339
1.59568
1.59803
1.60041
1.60284
1.6053
1.60779
1.6103
1.61284
1.6154
1.61796
1.62054
1.62312
1.6257
1.62828
1.63084
1.6334
1.63594
1.63846
1.64095
1.64342
1.64586
1.64826
1.65062
1.65295
1.65523
1.65746
1.65965
1.66178
1.66386
1.66589
1.66785
1.66975
1.6716
1.67338
1.67509
1.67674
1.67833
1.67984
1.68129
1.68266
1.68397
1.68521
1.68637
1.68747
1.6885
1.68946
1.69035
1.69117
1.69192
1.69261
1.69323
1.69378
1.69428
1.69471
1.69508
1.69539
1.69564
1.69584
1.69598
1.69607
1.69611
1.6961
1.69604
1.69594
1.6958
1.69562
1.6954
1.69514
1.69485
1.69452
1.69417
1.69379
1.69338
1.69296
1.69251
1.69204
1.69156
1.69106
1.69055
1.69003
1.6895
1.68896
1.68842
1.68787
1.68732
1.68677
1.68623
1.68568
1.68515
1.68461
1.68409
1.68358
1.68307
1.68258
1.6821
1.68164
1.68119
1.68075
1.68033
1.67993
1.67955
1.67918
1.67883
1.6785
1.67819
1.6779
1.67763
1.67738
1.67715
1.67694
1.67675
1.67657
1.67642
1.67629
1.67617
1.67608
1.676
1.67594
1.6759
1.67587
1.67586
1.67587
1.67588
1.67592
1.67596
1.67602
1.67609
1.67616
1.67625
1.67635
1.67645
1.67656
1.67667
1.67678
1.6769
1.67702
1.67714
1.67725
1.67736
1.67747
1.67757
1.67767
1.67775
1.67783
1.67789
1.67794
1.67798
1.678
1.678
1.67799
1.67795
1.6779
1.67782
1.67771
1.67758
1.67743
1.67724
1.67703
1.67678
1.6765
1.67618
1.67583
1.67545
1.67502
1.67456
1.67406
1.67351
1.67293
1.6723
1.67162
1.6709
1.67014
1.66933
1.66847
1.66757
1.66662
1.66562
1.66457
1.66348
1.66234
1.66115
1.65991
1.65863
1.65729
1.65592
1.65449
1.65302
1.65151
1.64995
1.64836
1.64672
1.64504
1.64332
1.64157
1.63978
1.63795
1.6361
1.63422
1.6323
1.63036
1.6284
1.62641
1.62441
1.62238
1.62035
1.6183
1.61623
1.61416
1.61209
1.61001
1.60793
1.60586
1.60378
1.60172
1.59967
1.59762
1.5956
1.59359
1.5916
1.58964
1.5877
1.58579
1.58391
1.58207
1.58026
1.57849
1.57676
1.57508
1.57343
1.57184
1.57029
1.5688
1.56736
1.56597
1.56464
1.56337
1.56216
1.561
1.55991
1.55888
1.55791
1.55701
1.55617
1.5554
1.55469
1.55405
1.55347
1.55296
1.55251
1.55212
1.55181
1.55155
1.55136
1.55122
1.55115
1.55114
1.55118
1.55129
1.55144
1.55165
1.55191
1.55222
1.55257
1.55297
1.55341
1.5539
1.55441
1.55497
1.55556
1.55617
1.55682
1.55749
1.55818
1.55889
1.55962
1.56036
1.56111
1.56187
1.56264
1.5634
1.56417
1.56494
1.5657
1.56645
1.56719
1.56792
1.56863
1.56932
1.56999
1.57064
1.57126
1.57186
1.57243
1.57297
1.57348
1.57395
1.57439
1.5748
1.57517
1.5755
1.5758
1.57606
1.57628
1.57647
1.57661
1.57672
1.57679
1.57682
1.57682
1.57679
1.57672
1.57661
1.57648
1.57632
1.57614
1.57592
1.57569
1.57543
1.57516
1.57487
1.57457
1.57425
1.57393
1.5736
1.57327
1.57294
1.57262
1.57229
1.57198
1.57168
1.57139
1.57111
1.57086
1.57062
1.57041
1.57022
1.57005
1.56991
1.5698
1.56973
1.56968
1.56966
1.56968
1.56973
1.56982
1.56994
1.57009
1.57028
1.5705
1.57076
1.57105
1.57137
1.57172
1.57211
1.57252
1.57297
1.57344
1.57394
1.57447
1.57503
1.5756
1.5762
1.57683
1.57747
1.57814
1.57882
1.57952
1.58023
1.58096
1.58171
1.58247
1.58324
1.58402
1.58481
1.58561
1.58641
1.58723
1.58805
1.58887
1.5897
1.59054
1.59137
1.59221
1.59305
1.59389
1.59472
1.59556
1.59639
1.59723
1.59805
1.59888
1.59969
1.6005
1.60131
1.60211
1.6029
1.60368
1.60445
1.60522
1.60597
1.60672
1.60745
1.60817
1.60889
1.60959
1.61028
1.61096
1.61163
1.61229
1.61294
1.61358
1.6142
1.61482
1.61542
1.61601
1.6166
1.61717
1.61773
1.61829
1.61884
1.61937
1.6199
1.62043
1.62094
1.62145
1.62195
1.62244
1.62293
1.6234
1.62387
1.62434
1.62479
1.62524
1.62567
1.62611
1.62653
1.62694
1.62735
1.62774
1.62812
1.62849
1.62885
1.6292
1.62953
1.62984
1.63014
1.63042
1.63068
1.63092
1.63114
1.63134
1.63151
1.63165
1.63176
1.63185
1.6319
1.63192
1.63191
1.63185
1.63176
1.63163
1.63146
1.63124
1.63097
1.63066
1.6303
1.62988
1.62941
1.62888
1.6283
1.62765
1.62695
1.62618
1.62535
1.62445
1.62348
1.62245
1.62134
1.62016
1.61892
1.6176
1.6162
1.61473
1.61319
1.61157
1.60987
1.6081
1.60625
1.60433
1.60233
1.60026
1.59812
1.59591
1.59362
1.59127
1.58885
1.58636
1.58382
1.58121
1.57855
1.57584
1.57307
1.57026
1.56741
1.56451
1.56159
1.55863
1.55565
1.55265
1.54963
1.54661
1.54358
1.54055
1.53754
1.53453
1.53155
1.52859
1.52567
1.52278
1.51994
1.51715
1.51442
1.51174
1.50914
1.5066
1.50415
1.50178
1.49949
1.4973
1.49519
1.49319
1.49128
1.48947
1.48777
1.48617
1.48467
1.48328
1.48199
1.4808
1.47972
1.47873
1.47784
1.47704
1.47633
1.47571
1.47518
1.47473
1.47435
1.47404
1.47379
1.47361
1.47349
1.47341
1.47338
1.4734
1.47345
1.47353
1.47364
1.47377
1.47392
1.47408
1.47425
1.47443
1.47461
1.4748
1.47498
1.47515
1.47531
1.47547
1.47561
1.47574
1.47585
1.47595
1.47603
1.47609
1.47613
1.47616
1.47616
1.47615
1.47612
1.47607
1.476
1.47591
1.47581
1.47569
1.47556
1.47542
1.47527
1.47511
1.47494
1.47476
1.47459
1.4744
1.47422
1.47404
1.47386
1.47369
1.47352
1.47337
1.47322
1.47308
1.47296
1.47286
1.47277
1.4727
1.47266
1.47263
1.47263
1.47265
1.4727
1.47278
1.47288
1.47302
1.47318
1.47338
1.4736
1.47386
1.47415
1.47447
1.47482
1.47521
1.47563
1.47608
1.47656
1.47708
1.47762
1.47819
1.47879
1.47942
1.48008
1.48077
1.48148
1.48221
1.48296
1.48374
1.48454
1.48535
1.48619
1.48704
1.4879
1.48878
1.48967
1.49058
1.49149
1.49241
1.49334
1.49427
1.49521
1.49615
1.49709
1.49804
1.49898
1.49993
1.50088
1.50182
1.50277
1.50371
1.50465
1.50559
1.50653
1.50746
1.50839
1.50932
1.51024
1.51117
1.51208
1.513
1.51391
1.51483
1.51574
1.51665
1.51756
1.51847
1.51938
1.52029
1.5212
1.52211
1.52302
1.52393
1.52484
1.52576
1.52667
1.52758
1.5285
1.52941
1.53033
1.53124
1.53215
1.53306
1.53397
1.53488
1.53578
1.53668
1.53758
1.53847
1.53935
1.54023
1.5411
1.54196
1.54281
1.54365
1.54448
1.54529
1.5461
1.54689
1.54766
1.54842
1.54916
1.54988
1.55058
1.55127
1.55193
1.55257
1.55319
1.55379
1.55437
1.55492
1.55545
1.55595
1.55643
1.55689
1.55732
1.55773
1.55811
1.55847
1.55881
1.55912
1.55941
1.55968
1.55992
1.56015
1.56035
1.56054
1.56071
1.56087
1.56101
1.56114
1.56126
1.56138
1.56149
1.56159
1.5617
1.56181
1.56192
1.56204
1.56217
1.56231
1.56247
1.56265
1.56285
1.56307
1.56333
1.56361
1.56393
1.56429
1.56468
1.56512
1.56561
1.56614
1.56672
1.56735
1.56803
1.56877
1.56956
1.57041
1.57132
1.57229
1.57332
1.5744
1.57554
1.57674
1.57799
1.5793
1.58066
1.58207
1.58353
1.58504
1.58659
1.58818
1.5898
1.59146
1.59315
1.59487
1.5966
1.59836
1.60013
1.60191
1.6037
1.60549
1.60728
1.60907
1.61084
1.61261
1.61436
1.61609
1.61779
1.61947
1.62112
1.62274
1.62433
1.62588
1.62738
1.62885
1.63027
1.63164
1.63297
1.63424
1.63547
1.63664
1.63776
1.63882
1.63983
1.64079
1.64168
1.64252
1.6433
1.64402
1.64468
1.64529
1.64583
1.64631
1.64673
1.6471
1.6474
1.64764
1.64781
1.64793
1.64799
1.64799
1.64792
1.6478
1.64761
1.64737
1.64706
1.64669
1.64627
1.64578
1.64523
1.64462
1.64396
1.64323
1.64244
1.6416
1.6407
1.63974
1.63872
1.63765
1.63652
1.63534
1.63411
1.63282
1.63148
1.63009
1.62865
1.62716
1.62562
1.62404
1.62242
1.62075
1.61904
1.61729
1.61551
1.61369
1.61184
1.60996
1.60804
1.6061
1.60414
1.60215
1.60014
1.59811
1.59606
1.594
1.59192
1.58984
1.58775
1.58565
1.58356
1.58146
1.57936
1.57727
1.57519
1.57312
1.57106
1.56901
1.56698
1.56496
1.56298
1.56101
1.55908
1.55717
1.5553
1.55346
1.55166
1.5499
1.54818
1.54651
1.54489
1.54332
1.5418
1.54034
1.53894
1.5376
1.53632
1.53511
1.53397
1.5329
1.5319
1.53098
1.53013
1.52936
1.52867
1.52806
1.52753
1.52709
1.52672
1.52644
1.52625
1.52614
1.52611
1.52616
1.5263
1.52652
1.52682
1.52719
1.52765
1.52818
1.52878
1.52945
1.53019
1.531
1.53187
1.5328
1.53379
1.53482
1.53591
1.53705
1.53822
1.53944
1.54069
1.54198
1.54329
1.54463
1.54598
1.54736
1.54874
1.55014
1.55154
1.55294
1.55435
1.55575
1.55714
1.55852
1.55989
1.56125
1.56259
1.56391
1.5652
1.56647
1.56772
1.56894
1.57013
1.57128
1.57241
1.5735
1.57455
1.57557
1.57656
1.57751
1.57842
1.57929
1.58013
1.58093
1.58169
1.58241
1.5831
1.58375
1.58436
1.58494
1.58548
1.58598
1.58645
1.58689
1.5873
1.58767
1.58801
1.58832
1.5886
1.58885
1.58908
1.58927
1.58944
1.58959
1.58971
1.58981
1.58989
1.58994
1.58997
1.58998
1.58998
1.58995
1.58991
1.58984
1.58976
1.58966
1.58955
1.58942
1.58927
1.58911
1.58893
1.58874
1.58853
1.58831
1.58807
1.58782
1.58756
1.58728
1.58698
1.58667
1.58634
1.586
1.58564
1.58527
1.58488
1.58447
1.58405
1.58361
1.58315
1.58268
1.58219
1.58168
1.58116
1.58061
1.58006
1.57948
1.57889
1.57829
1.57767
1.57703
1.57638
1.57571
1.57503
1.57434
1.57364
1.57293
1.5722
1.57147
1.57073
1.56999
1.56924
1.56849
1.56773
1.56698
1.56624
1.56549
1.56476
1.56403
1.56332
1.56261
1.56193
1.56126
1.56061
1.55999
1.55939
1.55882
1.55828
1.55778
1.55731
1.55688
1.55649
1.55614
1.55584
1.55559
1.55539
1.55524
1.55515
1.55512
1.55514
1.55523
1.55538
1.5556
1.55588
1.55623
1.55665
1.55713
1.55769
1.55833
1.55903
1.55981
1.56066
1.56158
1.56257
1.56364
1.56478
1.56599
1.56727
1.56862
1.57004
1.57153
1.57308
1.57469
1.57636
1.5781
1.57989
1.58173
1.58363
1.58557
1.58756
1.5896
1.59167
1.59378
1.59592
1.59809
1.60029
1.60251
1.60475
1.607
1.60927
1.61155
1.61384
1.61612
1.61841
1.62069
1.62296
1.62522
1.62746
1.62969
1.6319
1.63408
1.63623
1.63836
1.64045
1.64251
1.64453
1.64651
1.64845
1.65034
1.65219
1.65399
1.65574
1.65744
1.65909
1.66068
1.66222
1.6637
1.66513
1.6665
1.66781
1.66906
1.67025
1.67139
1.67246
1.67347
1.67443
1.67533
1.67617
1.67695
1.67768
1.67834
1.67895
1.67951
1.68001
1.68046
1.68086
1.6812
1.6815
1.68175
1.68195
1.6821
1.68221
1.68227
1.68229
1.68227
1.68221
1.68212
1.68199
1.68182
1.68162
1.68139
1.68113
1.68085
1.68053
1.68019
1.67983
1.67945
1.67904
1.67862
1.67818
1.67773
1.67726
1.67679
1.6763
1.67581
1.67531
1.67481
1.6743
1.6738
1.67329
1.67279
1.67229
1.6718
1.67131
1.67084
1.67038
1.66992
1.66949
1.66906
1.66866
1.66827
1.6679
1.66755
1.66723
1.66692
1.66664
1.66639
1.66616
1.66595
1.66578
1.66562
1.6655
1.6654
1.66534
1.66529
1.66528
1.6653
1.66534
1.66541
1.6655
1.66563
1.66577
1.66595
1.66614
1.66636
1.66661
1.66687
1.66716
1.66746
1.66778
1.66811
1.66847
1.66883
1.66921
1.6696
1.66999
1.6704
1.67081
1.67122
1.67164
1.67206
1.67247
1.67289
1.6733
1.6737
1.6741
1.67449
1.67486
1.67523
1.67558
1.67591
1.67623
1.67653
1.67681
1.67708
1.67731
1.67753
1.67773
1.67789
1.67804
1.67815
1.67824
1.6783
1.67833
1.67833
1.6783
1.67824
1.67815
1.67803
1.67788
1.67769
1.67747
1.67722
1.67693
1.67661
1.67625
1.67587
1.67544
1.67499
1.67449
1.67396
1.6734
1.6728
1.67216
1.67149
1.67077
1.67003
1.66924
1.66841
1.66755
1.66664
1.6657
1.66472
1.66369
1.66263
1.66152
1.66037
1.65918
1.65794
1.65666
1.65533
1.65396
1.65255
1.65109
1.64958
1.64803
1.64644
1.6448
1.64312
1.64139
1.63962
1.6378
1.63594
1.63405
1.63211
1.63013
1.62812
1.62607
1.62399
1.62188
1.61974
1.61757
1.61538
1.61317
1.61094
1.6087
1.60644
1.60417
1.6019
1.59963
1.59736
1.5951
1.59285
1.59061
1.58839
1.58619
1.58403
1.58189
1.5798
1.57774
1.57574
1.57378
1.57188
1.57003
1.56826
1.56655
1.56491
1.56335
1.56187
1.56047
1.55916
1.55795
1.55683
1.55581
1.55488
1.55406
1.55335
1.55274
1.55224
1.55185
1.55156
1.55139
1.55133
1.55137
1.55153
1.5518
1.55217
1.55265
1.55323
1.55391
1.55469
1.55557
1.55654
1.55761
1.55876
1.55999
1.5613
1.56269
1.56415
1.56567
1.56726
1.56891
1.57061
1.57237
1.57417
1.57601
1.57789
1.5798
1.58175
1.58373
1.58572
1.58774
1.58978
1.59183
1.59388
1.59595
1.59802
1.6001
1.60217
1.60424
1.60631
1.60837
1.61043
1.61247
1.6145
1.61652
1.61853
1.62052
1.6225
1.62446
1.62641
1.62833
1.63025
1.63214
1.63402
1.63587
1.63771
1.63953
1.64133
1.64311
1.64487
1.64661
1.64833
1.65003
1.65172
1.65338
1.65502
1.65664
1.65823
1.65981
1.66136
1.6629
1.6644
1.66589
1.66735
1.66879
1.67021
1.6716
1.67297
1.67431
1.67563
1.67692
1.67819
1.67943
1.68065
1.68184
1.68301
1.68416
1.68528
1.68638
1.68746
1.68852
1.68957
1.69059
1.6916
1.6926
1.69358
1.69456
1.69552
1.69649
1.69744
1.6984
1.69935
1.70031
1.70127
1.70224
1.70322
1.70421
1.70521
1.70623
1.70726
1.70832
1.70939
1.71048
1.7116
1.71274
1.7139
1.71508
1.71629
1.71752
1.71877
1.72005
1.72134
1.72266
1.724
1.72536
1.72673
1.72811
1.72951
1.73092
1.73233
1.73375
1.73517
1.73659
1.73801
1.73941
1.74081
1.74218
1.74355
1.74488
1.7462
1.74748
1.74873
1.74995
1.75113
1.75226
1.75335
1.75438
1.75537
1.7563
1.75718
1.75799
1.75873
1.75941
1.76003
1.76057
1.76104
1.76144
1.76177
1.76202
1.76219
1.76229
1.76232
1.76227
1.76215
1.76196
1.7617
1.76137
1.76098
1.76052
1.76001
1.75945
1.75884
1.75818
1.75749
1.75676
1.75601
1.75523
1.75444
1.75365
1.75285
1.75206
1.75129
1.75053
1.74981
1.74912
1.74847
1.74788
1.74734
1.74687
1.74646
1.74614
1.74589
1.74574
1.74567
1.74569
1.74582
1.74604
1.74637
1.74679
1.74732
1.74795
1.74868
1.74951
1.75043
1.75144
1.75254
1.75372
1.75497
1.7563
1.7577
1.75915
1.76065
1.7622
1.76378
1.76539
1.76703
1.76868
1.77033
1.77198
1.77363
1.77525
1.77686
1.77843
1.77996
1.78145
1.78289
1.78427
1.78558
1.78683
1.788
1.78909
1.7901
1.79102
1.79185
1.79258
1.79321
1.79374
1.79416
1.79447
1.79467
1.79476
1.79473
1.79458
1.79432
1.79393
1.79343
1.7928
1.79205
1.79118
1.79019
1.78907
1.78783
1.78647
1.78499
1.78339
1.78167
1.77983
1.77788
1.7758
1.77362
1.77132
1.76891
1.76639
1.76376
1.76103
1.7582
1.75527
1.75223
1.7491
1.74588
1.74257
1.73917
1.73569
1.73212
1.72848
1.72476
1.72096
1.7171
1.71317
1.70917
1.70512
1.70101
1.69684
1.69263
1.68837
1.68407
1.67973
1.67535
1.67095
1.66651
1.66206
1.65758
1.65309
1.64859
1.64408
1.63956
1.63505
1.63055
1.62606
1.62158
1.61712
1.61269
1.60828
1.60391
1.59958
1.59528
1.59104
1.58685
1.58271
1.57864
1.57463
1.5707
1.56684
1.56307
1.55938
1.55579
1.5523
1.5489
1.54562
1.54244
1.53939
1.53645
1.53365
1.53097
1.52842
1.52602
1.52376
1.52164
1.51968
1.51787
1.51621
1.51471
1.51337
1.51219
1.51117
1.51031
1.50962
1.50908
1.50871
1.50849
1.50843
1.50852
1.50875
1.50914
1.50967
1.51033
1.51112
1.51204
1.51307
1.51422
1.51546
1.51681
1.51824
1.51975
1.52134
1.52299
1.52469
1.52644
1.52822
1.53003
1.53187
1.53371
1.53556
1.5374
1.53922
1.54103
1.5428
1.54454
1.54624
1.54789
1.54948
1.55101
1.55247
1.55386
1.55517
1.5564
1.55754
1.5586
1.55956
1.56044
1.56121
1.56189
1.56247
1.56295
1.56333
1.56361
1.56379
1.56388
1.56386
1.56374
1.56353
1.56323
1.56283
1.56235
1.56177
1.56112
1.56038
1.55956
1.55866
1.55769
1.55665
1.55554
1.55437
1.55314
1.55185
1.55051
1.54912
1.54767
1.54619
1.54466
1.5431
1.5415
1.53986
1.5382
1.53652
1.53481
1.53309
1.53134
1.52959
1.52782
1.52605
1.52427
1.52249
1.52071
1.51893
1.51716
1.5154
1.51365
1.51192
1.51021
1.50851
1.50684
1.50519
1.50358
1.50199
1.50044
1.49892
1.49744
1.496
1.49461
1.49327
1.49197
1.49073
1.48954
1.48841
1.48734
1.48633
1.48539
1.48451
1.4837
1.48296
1.48229
1.4817
1.48118
1.48075
1.48039
1.48012
1.47993
1.47982
1.4798
1.47987
1.48003
1.48028
1.48062
1.48106
1.48159
1.48221
1.48293
1.48375
1.48466
1.48567
1.48677
1.48797
1.48926
1.49065
1.49213
1.49371
1.49537
1.49713
1.49898
1.50091
1.50293
1.50503
1.50721
1.50947
1.5118
1.51421
1.51669
1.51923
1.52184
1.5245
1.52722
1.53
1.53282
1.53568
1.53859
1.54153
1.5445
1.5475
1.55052
1.55356
1.55662
1.55969
1.56276
1.56583
1.5689
1.57197
1.57502
1.57806
1.58107
1.58407
1.58704
1.58998
1.59288
1.59575
1.59858
1.60136
1.6041
1.60679
1.60943
1.61202
1.61455
1.61702
1.61944
1.62179
1.62408
1.62631
1.62848
1.63057
1.6326
1.63457
1.63647
1.6383
1.64007
1.64176
1.6434
1.64496
1.64647
1.64791
1.64928
1.6506
1.65186
1.65305
1.65419
1.65527
1.6563
1.65728
1.65821
1.65909
1.65992
1.66071
1.66145
1.66216
1.66282
1.66345
1.66405
1.66461
1.66514
1.66564
1.66612
1.66657
1.667
1.6674
1.66779
1.66816
1.66851
1.66885
1.66917
1.66948
1.66977
1.67006
1.67033
1.67059
1.67085
1.67109
1.67132
1.67155
1.67176
1.67197
1.67217
1.67236
1.67253
1.6727
1.67285
1.673
1.67312
1.67324
1.67334
1.67342
1.67349
1.67354
1.67358
1.67359
1.67358
1.67356
1.67351
1.67344
1.67335
1.67324
1.6731
1.67294
1.67275
1.67254
1.6723
1.67203
1.67174
1.67143
1.67109
1.67072
1.67033
1.66992
1.66948
1.66902
1.66854
1.66803
1.66751
1.66697
1.66641
1.66583
1.66524
1.66464
1.66402
1.6634
1.66276
1.66212
1.66147
1.66082
1.66016
1.65951
1.65885
1.6582
1.65756
1.65692
1.65628
1.65565
1.65504
1.65443
1.65384
1.65326
1.65269
1.65214
1.65161
1.65109
1.6506
1.65012
1.64965
1.64921
1.64879
1.64838
1.64799
1.64762
1.64727
1.64693
1.64661
1.6463
1.646
1.64572
1.64544
1.64517
1.64491
1.64465
1.6444
1.64414
1.64388
1.64362
1.64335
1.64308
1.64279
1.64249
1.64217
1.64183
1.64147
1.64108
1.64067
1.64023
1.63975
1.63924
1.63869
1.63811
1.63748
1.63681
1.63609
1.63533
1.63452
1.63365
1.63274
1.63177
1.63075
1.62967
1.62854
1.62735
1.62611
1.62481
1.62345
1.62204
1.62057
1.61905
1.61748
1.61585
1.61418
1.61245
1.61068
1.60886
1.607
1.6051
1.60316
1.60119
1.59918
1.59715
1.59509
1.59301
1.59091
1.58879
1.58667
1.58453
1.58239
1.58026
1.57812
1.576
1.57389
1.57179
1.56972
1.56767
1.56565
1.56367
1.56172
1.55981
1.55795
1.55614
1.55438
1.55267
1.55103
1.54944
1.54793
1.54648
1.5451
1.5438
1.54258
1.54144
1.54037
1.5394
1.5385
1.5377
1.53698
1.53636
1.53582
1.53538
1.53503
1.53477
1.5346
1.53453
1.53454
1.53465
1.53485
1.53514
1.53552
1.53599
1.53655
1.53719
1.53791
1.53872
1.53961
1.54058
1.54162
1.54274
1.54394
1.5452
1.54653
1.54793
1.54939
1.55091
1.55249
1.55413
1.55582
1.55756
1.55935
1.56119
1.56307
1.565
1.56696
1.56897
1.571
1.57307
1.57517
1.5773
1.57945
1.58163
1.58383
1.58604
1.58828
1.59053
1.5928
1.59508
1.59737
1.59966
1.60197
1.60428
1.60659
1.6089
1.61122
1.61353
1.61584
1.61814
1.62043
1.62271
1.62499
1.62724
1.62949
1.63171
1.63392
1.6361
1.63826
1.6404
1.64251
1.64459
1.64664
1.64866
1.65065
1.6526
1.65451
1.65639
1.65822
1.66001
1.66175
1.66346
1.66511
1.66671
1.66827
1.66978
1.67123
1.67264
1.67399
1.67529
1.67654
1.67773
1.67888
1.67997
1.68102
1.68202
1.68296
1.68387
1.68473
1.68554
1.68632
1.68705
1.68775
1.68842
1.68906
1.68968
1.69027
1.69084
1.6914
1.69194
1.69248
1.69301
1.69354
1.69408
1.69462
1.69517
1.69574
1.69633
1.69694
1.69758
1.69824
1.69894
1.69967
1.70043
1.70124
1.70208
1.70296
1.70389
1.70486
1.70588
1.70694
1.70804
1.70918
1.71037
1.7116
1.71287
1.71418
1.71552
1.71689
1.7183
1.71974
1.7212
1.72268
1.72418
1.7257
1.72723
1.72877
1.73032
1.73187
1.73342
1.73496
1.7365
1.73802
1.73953
1.74103
1.7425
1.74395
1.74537
1.74676
1.74811
1.74943
1.75072
1.75196
1.75316
1.75432
1.75542
1.75649
1.7575
1.75845
1.75936
1.7602
1.761
1.76173
1.76241
1.76303
1.76359
1.76408
1.76452
1.7649
1.76521
1.76547
1.76566
1.76579
1.76586
1.76586
1.76581
1.76569
1.76552
1.76528
1.76499
1.76463
1.76422
1.76375
1.76323
1.76264
1.76201
1.76132
1.76058
1.75979
1.75894
1.75805
1.75711
1.75612
1.75509
1.75401
1.75289
1.75172
1.75052
1.74927
1.74798
1.74666
1.7453
1.7439
1.74247
1.741
1.73949
1.73796
1.73639
1.73479
1.73316
1.7315
1.7298
1.72808
1.72632
1.72453
1.72271
1.72086
1.71898
1.71707
1.71512
1.71314
1.71112
1.70907
1.70699
1.70486
1.7027
1.70049
1.69825
1.69596
1.69363
1.69126
1.68884
1.68637
1.68386
1.6813
1.67869
1.67603
1.67332
1.67055
1.66774
1.66488
1.66196
1.65899
1.65597
1.6529
1.64978
1.64661
1.6434
1.64014
1.63683
1.63349
1.63011
1.6267
1.62325
1.61979
1.6163
1.61279
1.60927
1.60574
1.60222
1.5987
1.59519
1.59171
1.58824
1.58482
1.58143
1.57809
1.57481
1.5716
1.56845
1.56539
1.56241
1.55953
1.55674
1.55407
1.5515
1.54906
1.54674
1.54455
1.54249
1.54057
1.53878
1.53714
1.53564
1.53428
1.53307
1.532
1.53107
1.53028
1.52963
1.52911
1.52873
1.52847
1.52834
1.52833
1.52843
1.52864
1.52896
1.52937
1.52988
1.53048
1.53117
1.53192
1.53276
1.53366
1.53462
1.53564
1.53671
1.53783
1.53899
1.54019
1.54143
1.5427
1.544
1.54533
1.54667
1.54805
1.54944
1.55084
1.55227
1.55371
1.55516
1.55662
1.55809
1.55958
1.56107
1.56258
1.5641
1.56562
1.56716
1.5687
1.57025
1.57182
1.57339
1.57498
1.57658
1.57819
1.57982
1.58145
1.5831
1.58477
1.58644
1.58814
1.58985
1.59158
1.59332
1.59508
1.59686
1.59866
1.60047
1.6023
1.60415
1.60601
1.60789
1.60978
1.61169
1.61362
1.61555
1.61751
1.61947
1.62145
1.62344
1.62543
1.62743
1.62944
1.63145
1.63347
1.63549
1.63751
1.63953
1.64154
1.64355
1.64556
1.64756
1.64955
1.65153
1.65349
1.65544
1.65738
1.65929
1.66119
1.66306
1.66492
1.66674
1.66855
1.67032
1.67207
1.67378
1.67547
1.67712
1.67875
1.68033
1.68189
1.6834
1.68489
1.68633
1.68774
1.68911
1.69045
1.69174
1.693
1.69422
1.6954
1.69654
1.69765
1.69871
1.69974
1.70073
1.70169
1.7026
1.70349
1.70433
1.70515
1.70593
1.70667
1.70739
1.70807
1.70872
1.70934
1.70993
1.71049
1.71101
1.71152
1.71199
1.71243
1.71285
1.71324
1.71361
1.71395
1.71426
1.71455
1.71482
1.71506
1.71527
1.71547
1.71563
1.71577
1.71589
1.71598
1.71605
1.71609
1.71611
1.7161
1.71606
1.716
1.71591
1.7158
1.71566
1.71548
1.71529
1.71506
1.7148
1.71451
1.7142
1.71385
1.71347
1.71306
1.71262
1.71216
1.71165
1.71112
1.71056
1.70996
1.70934
1.70868
1.70799
1.70727
1.70651
1.70573
1.70491
1.70407
1.7032
1.70229
1.70136
1.7004
1.69942
1.6984
1.69737
1.69631
1.69522
1.69411
1.69299
1.69184
1.69068
1.6895
1.6883
1.68709
1.68586
1.68463
1.68338
1.68213
1.68087
1.6796
1.67833
1.67705
1.67577
1.6745
1.67322
1.67195
1.67068
1.66941
1.66815
1.6669
1.66566
1.66442
1.66319
1.66198
1.66078
1.65958
1.65841
1.65724
1.65609
1.65495
1.65383
1.65273
1.65164
1.65056
1.6495
1.64845
1.64742
1.6464
1.64539
1.6444
1.64342
1.64245
1.64149
1.64054
1.6396
1.63866
1.63774
1.63682
1.63591
1.635
1.63409
1.63319
1.63229
1.63139
1.63049
1.62959
1.62869
1.62779
1.62688
1.62597
1.62505
1.62413
1.62321
1.62228
1.62134
1.6204
1.61945
1.61849
1.61753
1.61656
1.61559
1.61461
1.61362
1.61263
1.61164
1.61064
1.60964
1.60864
1.60764
1.60664
1.60564
1.60464
1.60365
1.60266
1.60168
1.6007
1.59974
1.59878
1.59784
1.59691
1.596
1.5951
1.59421
1.59335
1.59251
1.59168
1.59088
1.5901
1.58935
1.58862
1.58792
1.58724
1.58659
1.58598
1.58539
1.58484
1.58432
1.58383
1.58338
1.58296
1.58258
1.58224
1.58193
1.58166
1.58143
1.58124
1.58109
1.58098
1.58092
1.58089
1.58091
1.58097
1.58107
1.58122
1.58141
1.58165
1.58193
1.58226
1.58263
1.58305
1.58351
1.58402
1.58457
1.58516
1.58579
1.58647
1.58718
1.58793
1.58872
1.58955
1.59041
1.59131
1.59224
1.5932
1.59418
1.5952
1.59623
1.59729
1.59837
1.59946
1.60057
1.60169
1.60282
1.60396
1.6051
1.60625
1.6074
1.60855
1.60969
1.61083
1.61196
1.61308
1.61419
1.61528
1.61636
1.61742
1.61846
1.61948
1.62047
1.62144
1.62239
1.6233
1.62419
1.62505
1.62587
1.62666
1.62741
1.62813
1.62881
1.62945
1.63005
1.63061
1.63112
1.63159
1.63202
1.6324
1.63273
1.63301
1.63324
1.63343
1.63356
1.63363
1.63366
1.63363
1.63354
1.63339
1.63319
1.63293
1.63261
1.63223
1.63179
1.63128
1.63072
1.6301
1.62941
1.62866
1.62785
1.62698
1.62605
1.62505
1.624
1.62288
1.62171
1.62048
1.61919
1.61784
1.61644
1.61498
1.61347
1.61191
1.61029
1.60863
1.60693
1.60518
1.60338
1.60155
1.59968
1.59777
1.59582
1.59384
1.59183
1.5898
1.58773
1.58565
1.58354
1.58142
1.57928
1.57712
1.57496
1.57279
1.57061
1.56843
1.56625
1.56407
1.5619
1.55974
1.55758
1.55544
1.55331
1.55119
1.5491
1.54702
1.54497
1.54293
1.54092
1.53894
1.53699
1.53506
1.53316
1.5313
1.52946
1.52765
1.52588
1.52414
1.52243
1.52076
1.51911
1.5175
1.51593
1.51438
1.51286
1.51138
1.50993
1.5085
1.50711
1.50574
1.5044
1.50309
1.5018
1.50054
1.49931
1.4981
1.49691
1.49575
1.49461
1.49349
1.4924
1.49133
1.49028
1.48926
1.48826
1.48729
1.48634
1.48541
1.48452
1.48365
1.48281
1.482
1.48122
1.48048
1.47977
1.4791
1.47848
1.47789
1.47735
1.47685
1.47641
1.47602
1.47568
1.4754
1.47518
1.47502
1.47492
1.47489
1.47493
1.47504
1.47522
1.47547
1.4758
1.47622
1.4767
1.47728
1.47793
1.47866
1.47948
1.48038
1.48137
1.48244
1.48359
1.48483
1.48615
1.48755
1.48903
1.49059
1.49223
1.49395
1.49574
1.4976
1.49954
1.50154
1.50361
1.50574
1.50794
1.51019
1.5125
1.51487
1.51728
1.51974
1.52225
1.52479
1.52737
1.52999
1.53264
1.53532
1.53802
1.54075
1.54349
1.54625
1.54902
1.5518
1.55459
1.55738
1.56017
1.56295
1.56572
1.56849
1.57124
1.57397
1.57668
1.57937
1.58203
1.58466
1.58725
1.58981
1.59232
1.59479
1.59721
1.59958
1.6019
1.60416
1.60636
1.60849
1.61056
1.61256
1.61448
1.61633
1.61811
1.6198
1.62141
1.62294
1.62437
1.62572
1.62698
1.62815
1.62922
1.6302
1.63109
1.63187
1.63256
1.63316
1.63365
1.63405
1.63436
1.63456
1.63467
1.63469
1.63461
1.63445
1.63419
1.63385
1.63343
1.63292
1.63234
1.63168
1.63095
1.63016
1.6293
1.62838
1.62741
1.62639
1.62532
1.62421
1.62307
1.6219
1.6207
1.61949
1.61826
1.61702
1.61578
1.61455
1.61332
1.6121
1.6109
1.60972
1.60857
1.60745
1.60636
1.60532
1.60432
1.60336
1.60246
1.6016
1.60081
1.60007
1.59938
1.59876
1.5982
1.5977
1.59727
1.5969
1.59658
1.59634
1.59615
1.59602
1.59595
1.59594
1.59598
1.59608
1.59623
1.59643
1.59667
1.59695
1.59727
1.59763
1.59803
1.59845
1.5989
1.59937
1.59986
1.60036
1.60088
1.60141
1.60194
1.60247
1.603
1.60352
1.60404
1.60454
1.60502
1.60548
1.60592
1.60633
1.60671
1.60705
1.60736
1.60762
1.60785
1.60803
1.60815
1.60823
1.60825
1.60821
1.60811
1.60795
1.60773
1.60743
1.60707
1.60663
1.60613
1.60555
1.60489
1.60415
1.60334
1.60245
1.60148
1.60043
1.59929
1.59808
1.59678
1.59541
1.59395
1.59241
1.5908
1.5891
1.58733
1.58548
1.58356
1.58156
1.57949
1.57736
1.57515
1.57289
1.57056
1.56818
1.56574
1.56324
1.5607
1.55812
1.5555
1.55284
1.55015
1.54743
1.54469
1.54193
1.53916
1.53639
1.53361
1.53084
1.52808
1.52534
1.52262
1.51994
1.51729
1.51468
1.51212
1.50962
1.50718
1.50482
1.50253
1.50032
1.49821
1.49619
1.49427
1.49247
1.49077
1.4892
1.48775
1.48644
1.48526
1.48422
1.48333
1.48259
1.48201
1.48158
1.48132
1.48122
1.48129
1.48153
1.48193
1.48251
1.48326
1.48419
1.48528
1.48655
1.48799
1.4896
1.49138
1.49332
1.49543
1.49769
1.50011
1.50268
1.5054
1.50826
1.51126
1.5144
1.51766
1.52104
1.52453
1.52814
1.53185
1.53566
1.53955
1.54352
1.54757
1.55169
1.55587
1.5601
1.56437
1.56868
1.57303
1.57739
1.58177
1.58616
1.59055
1.59494
1.5993
1.60365
1.60797
1.61226
1.6165
1.62069
1.62483
1.62891
1.63292
1.63685
1.64071
1.64449
1.64817
1.65175
1.65524
1.65863
1.6619
1.66506
1.6681
1.67103
1.67383
1.6765
1.67904
1.68145
1.68373
1.68587
1.68787
1.68973
1.69146
1.69304
1.69447
1.69577
1.69692
1.69793
1.6988
1.69952
1.7001
1.70055
1.70085
1.70102
1.70105
1.70096
1.70073
1.70037
1.69989
1.69929
1.69857
1.69773
1.69678
1.69572
1.69456
1.6933
1.69194
1.69049
1.68895
1.68733
1.68563
1.68385
1.68201
1.6801
1.67813
1.67611
1.67404
1.67192
1.66976
1.66756
1.66533
1.66308
1.66081
1.65852
1.65622
1.65391
1.65161
1.6493
1.64699
1.6447
1.64242
1.64016
1.63792
1.6357
1.63351
1.63136
1.62924
1.62716
1.62512
1.62313
1.62118
1.61928
1.61743
1.61564
1.61391
1.61223
1.61061
1.60905
1.60756
1.60613
1.60477
1.60347
1.60224
1.60109
1.6
1.59898
1.59804
1.59716
1.59636
1.59563
1.59498
1.5944
1.5939
1.59347
1.59312
1.59284
1.59264
1.59251
1.59246
1.59249
1.59259
1.59277
1.59302
1.59335
1.59375
1.59423
1.59478
1.5954
1.5961
1.59688
1.59772
1.59864
1.59963
1.60069
1.60182
1.60301
1.60428
1.60561
1.60701
1.60847
1.61
1.61158
1.61323
1.61493
1.61669
1.6185
1.62037
1.62228
1.62424
1.62625
1.62831
1.6304
1.63253
1.6347
1.6369
1.63914
1.6414
1.64369
1.646
1.64833
1.65068
1.65304
