1.62757
1.63435
1.64071
1.64761
1.65481
1.66182
1.66864
1.67551
1.68267
1.68916
1.69593
1.70324
1.71011
1.71654
1.72303
1.73052
1.7383
1.74566
1.75258
1.7598
1.76756
1.77538
1.78325
1.79047
1.79751
1.80559
1.81373
1.82171
1.83049
1.83862
1.84732
1.85562
1.86377
1.87249
1.88202
1.89068
1.8992
1.90781
1.91701
1.92559
1.93498
1.94376
1.95288
1.9621
1.97093
1.98011
1.98987
2.00021
2.00992
2.01972
2.03034
2.04033
2.05064
2.06103
2.07126
2.08156
2.09193
2.10213
2.11286
2.12365
2.13473
2.14536
2.15651
2.16745
2.17768
2.18865
2.19962
2.21059
2.2218
2.23226
2.24365
2.25501
2.2656
2.27637
2.28757
2.29749
2.30781
2.31827
2.3284
2.33841
2.34879
2.35831
2.36817
2.37788
2.38767
2.39729
2.40625
2.41478
2.42359
2.43195
2.44057
2.44872
2.45688
2.46454
2.47194
2.47932
2.48594
2.49251
2.49903
2.50476
2.51042
2.51504
2.5203
2.52547
2.52981
2.53404
2.53769
2.54097
2.54413
2.54621
2.54815
2.5502
2.55188
2.55294
2.55362
2.55367
2.55359
2.55313
2.55206
2.55036
2.5483
2.54611
2.54404
2.54137
2.53811
2.53499
2.53177
2.52775
2.52364
2.51924
2.51453
2.50955
2.50357
2.49805
2.49229
2.48558
2.47961
2.47296
2.46613
2.45889
2.45173
2.44492
2.43776
2.43001
2.42241
2.41451
2.4068
2.39906
2.39155
2.38427
2.37606
2.36812
2.36072
2.35339
2.34614
2.33875
2.3322
2.32506
2.31807
2.31172
2.30529
2.29857
2.29229
2.28622
2.28036
2.27497
2.26958
2.26443
2.26001
2.25489
2.25027
2.2464
2.24377
2.24021
2.23717
2.23441
2.23145
2.22901
2.22709
2.22498
2.22314
2.22158
2.22078
2.22024
2.21997
2.21947
2.21947
2.21947
2.22019
2.22066
2.22159
2.22273
2.22407
2.22633
2.22828
2.23016
2.2322
2.23438
2.23645
2.23888
2.24141
2.24378
2.24647
2.24898
2.25154
2.25436
2.25743
2.26026
2.26331
2.26633
2.26905
2.27219
2.27477
2.27724
2.27961
2.28184
2.28393
2.28561
2.28713
2.28894
2.29006
2.29098
2.29167
2.29237
2.29307
2.29231
2.29225
2.29121
2.28989
2.28926
2.28835
2.28692
2.2852
2.28321
2.28092
2.27836
2.27577
2.27266
2.26905
2.2647
2.26105
2.25765
2.25353
2.24919
2.24463
2.23915
2.23373
2.22861
2.22308
2.21716
2.21159
2.20541
2.19935
2.19272
2.18599
2.17967
2.17305
2.16638
2.1599
2.15339
2.14613
2.13983
2.13327
2.126
2.11945
2.11292
2.10593
2.09896
2.09299
2.0868
2.08016
2.07428
2.06795
2.06166
2.05565
2.04967
2.04325
2.0371
2.03098
2.0249
2.01908
2.01353
2.00801
2.00203
1.99606
1.99036
1.98444
1.97853
1.97239
1.96651
1.96136
1.95574
1.94989
1.94502
1.93895
1.93339
1.92783
1.92206
1.91582
1.91032
1.90413
1.89869
1.89304
1.88791
1.88234
1.87705
1.87109
1.86543
1.86031
1.85503
1.84981
1.84468
1.83892
1.8342
1.82911
1.82461
1.82046
1.81546
1.81156
1.80706
1.80294
1.79921
1.79466
1.79123
1.78748
1.78437
1.78143
1.77843
1.7756
1.77319
1.77048
1.76796
1.76586
1.76444
1.76296
1.76119
1.76034
1.75919
1.75775
1.75674
1.75663
1.75598
1.75551
1.75497
1.75461
1.75536
1.75579
1.75613
1.75662
1.757
1.75799
1.75934
1.76128
1.76236
1.76401
1.76574
1.76801
1.76939
1.77105
1.77275
1.77447
1.7762
1.77721
1.77917
1.78063
1.78229
1.78439
1.7857
1.78742
1.78883
1.7899
1.79159
1.79268
1.79318
1.79427
1.79498
1.79579
1.79572
1.79598
1.79535
1.79527
1.79527
1.79532
1.79399
1.79296
1.79199
1.79108
1.78974
1.78797
1.78602
1.78436
1.78228
1.78002
1.77782
1.77617
1.7729
1.77018
1.76633
1.76304
1.75958
1.75597
1.75197
1.74805
1.74448
1.74004
1.7357
1.73171
1.7271
1.72237
1.71704
1.71158
1.706
1.70055
1.69499
1.68955
1.68401
1.67885
1.67286
1.66701
1.66154
1.65597
1.64982
1.64334
1.63652
1.62937
1.62286
1.61625
1.60932
1.60231
1.59569
1.589
1.58126
1.57369
1.56628
1.55929
1.55199
1.54462
1.5372
1.52971
1.52218
1.51436
1.50697
1.49955
1.4921
1.48389
1.47566
1.46742
1.45989
1.4526
1.44556
1.4378
1.43006
1.42236
1.41492
1.40729
1.39971
1.3917
1.38448
1.37758
1.37028
1.36282
1.35595
1.34918
1.34277
1.33599
1.32983
1.32308
1.31671
1.31073
1.30419
1.29878
1.29329
1.28749
1.28236
1.27693
1.27194
1.26714
1.26302
1.25911
1.25565
1.25191
1.2484
1.24511
1.24204
1.23871
1.23609
1.23395
1.23107
1.22891
1.2265
1.22506
1.22457
1.22336
1.22239
1.22166
1.22165
1.22117
1.22117
1.22141
1.2219
1.22263
1.22361
1.22483
1.22653
1.22824
1.23044
1.23263
1.23532
1.238
1.24141
1.24505
1.24774
1.25138
1.25503
1.25891
1.26327
1.2681
1.27269
1.27775
1.28208
1.28784
1.29383
1.30028
1.30672
1.31338
1.32025
1.3271
1.33441
1.34192
1.34916
1.35684
1.36497
1.37281
1.38132
1.39002
1.39866
1.40773
1.41648
1.42589
1.43522
1.44447
1.45435
1.46415
1.47433
1.48416
1.49437
1.50445
1.5149
1.52618
1.53636
1.54712
1.55772
1.56914
1.57966
1.59073
1.60162
1.61305
1.62403
1.6353
1.64659
1.65742
1.66899
1.6808
1.69189
1.70345
1.71475
1.72602
1.73775
1.74871
1.75939
1.76977
1.78033
1.79155
1.80173
1.81256
1.82282
1.83324
1.8438
1.85451
1.86487
1.87562
1.88553
1.8951
1.90551
1.91557
1.92503
1.93462
1.94409
1.95321
1.96269
1.97182
1.9806
1.98975
1.99903
2.00748
2.01631
2.02409
2.03273
2.04104
2.04927
2.05717
2.06499
2.07275
2.08139
2.0895
2.09778
2.10578
2.113
2.12066
2.1278
2.13539
2.1427
2.15023
2.15847
2.16596
2.17343
2.18089
2.18835
2.19531
2.2025
2.20993
2.21711
2.22477
2.23218
2.23958
2.24745
2.25507
2.26243
2.27001
2.27709
2.28415
2.29117
2.29839
2.30605
2.3127
2.31953
2.32654
2.33323
2.33985
2.34662
2.35306
2.36011
2.36657
2.3729
2.37911
2.38517
2.39156
2.39708
2.40218
2.40734
2.41256
2.4171
2.42167
2.42603
2.42993
2.4336
2.43751
2.44118
2.44508
2.44824
2.45114
2.45329
2.45517
2.4575
2.45882
2.46083
2.46183
2.46327
2.46346
2.4636
2.46443
2.46472
2.46426
2.46351
2.46224
2.46118
2.45985
2.45824
2.45589
2.45304
2.45017
2.44728
2.44439
2.44102
2.43765
2.4338
2.42948
2.42493
2.42016
2.41566
2.41118
2.406
2.40038
2.39431
2.38852
2.38302
2.37659
2.37021
2.36363
2.35734
2.35037
2.34346
2.33587
2.32832
2.32059
2.31291
2.30431
2.296
2.28725
2.27832
2.26943
2.2606
2.25158
2.24262
2.23299
2.2227
2.21248
2.20232
2.19224
2.182
2.17136
2.1601
2.14966
2.13884
2.12743
2.11615
2.10429
2.09234
2.08079
2.06967
2.05777
2.04656
2.03509
2.02313
2.01166
1.99998
1.98953
1.97817
1.96664
1.95496
1.94336
1.93213
1.92101
1.91052
1.89945
1.88831
1.87758
1.86752
1.85646
1.84632
1.83617
1.82671
1.81774
1.80877
1.80004
1.79133
1.78312
1.77517
1.76774
1.76033
1.75321
1.74636
1.73907
1.73279
1.72702
1.7213
1.71563
1.71047
1.70584
1.70149
1.69694
1.69266
1.68866
1.68493
1.68195
1.67923
1.67654
1.67435
1.67193
1.67049
1.66881
1.66714
1.6657
1.66474
1.66329
1.66255
1.66179
1.66221
1.66235
1.66319
1.66399
1.66475
1.66593
1.66731
1.66838
1.66987
1.67153
1.67312
1.67606
1.6782
1.68024
1.68242
1.68498
1.68767
1.69072
1.69316
1.69644
1.69958
1.7033
1.70664
1.70982
1.71235
1.71593
1.71957
1.72304
1.72633
1.72991
1.73354
1.73745
1.74117
1.74491
1.74868
1.7532
1.75749
1.76133
1.76565
1.7695
1.77336
1.77698
1.78107
1.78517
1.78949
1.79309
1.79716
1.80097
1.805
1.80854
1.81254
1.81652
1.82072
1.82562
1.82978
1.83344
1.83755
1.8414
1.84522
1.84878
1.8528
1.85654
1.86099
1.86468
1.8681
1.87148
1.8746
1.87864
1.88191
1.88563
1.88882
1.89197
1.8953
1.89833
1.90155
1.90494
1.90802
1.91103
1.91371
1.91654
1.91928
1.92192
1.92469
1.9271
1.92867
1.93059
1.93261
1.93473
1.93669
1.93826
1.94014
1.94136
1.94266
1.94353
1.94421
1.94447
1.94501
1.94513
1.94529
1.94429
1.94383
1.94342
1.94258
1.94132
1.9406
1.939
1.93699
1.93555
1.93397
1.93177
1.92945
1.92703
1.92499
1.92239
1.91973
1.91749
1.91474
1.91244
1.91015
1.90858
1.90584
1.90337
1.90097
1.89864
1.89639
1.89473
1.89245
1.8903
1.88829
1.8869
1.88544
1.88414
1.88351
1.88257
1.88182
1.88151
1.88092
1.88053
1.88082
1.88131
1.88177
1.88244
1.88354
1.88532
1.88633
1.88753
1.88963
1.89143
1.89363
1.89574
1.89776
1.90016
1.90292
1.90507
1.90756
1.91086
1.91423
1.91742
1.92113
1.92463
1.92766
1.93069
1.9337
1.93667
1.9396
1.94221
1.94546
1.94813
1.9502
1.95262
1.95512
1.9565
1.95841
1.95965
1.96068
1.96195
1.96323
1.96378
1.96381
1.96405
1.96473
1.96462
1.96419
1.9637
1.96214
1.96074
1.95899
1.95665
1.95396
1.95068
1.94727
1.94375
1.93962
1.93464
1.93051
1.92505
1.91972
1.91403
1.90871
1.90209
1.89513
1.88783
1.88046
1.87253
1.86501
1.856
1.84719
1.83786
1.82827
1.8194
1.80909
1.7988
1.78854
1.77833
1.7677
1.75715
1.74572
1.73489
1.72369
1.7124
1.70053
1.68907
1.67755
1.66623
1.65513
1.64329
1.63194
1.62036
1.60858
1.59732
1.58565
1.57476
1.56348
1.55206
1.54099
1.53004
1.51971
1.50904
1.49829
1.48794
1.47729
1.46731
1.45704
1.44745
1.43711
1.42772
1.41831
1.40961
1.40139
1.3927
1.38401
1.37654
1.36933
1.36214
1.35473
1.34734
1.34046
1.33481
1.32871
1.32288
1.31732
1.31226
1.30723
1.30295
1.29844
1.29443
1.29115
1.28716
1.2839
1.28063
1.2776
1.27528
1.2727
1.27034
1.26795
1.26648
1.26472
1.2634
1.26201
1.26104
1.26
1.25913
1.25816
1.25831
1.25764
1.25782
1.25814
1.2581
1.25867
1.25911
1.25991
1.26057
1.26135
1.26174
1.26296
1.26404
1.26498
1.26602
1.26716
1.26863
1.27044
1.27187
1.27412
1.27574
1.27746
1.27953
1.28194
1.28421
1.28659
1.28908
1.29191
1.29438
1.29792
1.30085
1.30366
1.30682
1.31035
1.31303
1.31704
1.32093
1.32399
1.32814
1.3317
1.33563
1.33993
1.34413
1.34871
1.35342
1.35851
1.36374
1.36911
1.37461
1.37978
1.38485
1.39054
1.39637
1.4021
1.40773
1.41422
1.42109
1.42762
1.43428
1.44107
1.44848
1.45625
1.46415
1.47144
1.47909
1.48685
1.49424
1.50197
1.51003
1.51794
1.52594
1.53352
1.5419
1.5501
1.55787
1.56616
1.57449
1.58284
1.59073
1.59935
1.60773
1.6161
1.62516
1.63348
1.64127
1.64949
1.65765
1.66551
1.67376
1.68145
1.68951
1.69748
1.70509
1.71233
1.71969
1.72642
1.73374
1.74017
1.74645
1.75329
1.75948
1.76574
1.77133
1.77699
1.7827
1.78894
1.79451
1.79988
1.80457
1.80955
1.81385
1.81794
1.82208
1.82602
1.82953
1.83331
1.83594
1.8391
1.84207
1.84484
1.84744
1.85009
1.85257
1.85463
1.85676
1.85849
1.85982
1.86196
1.86395
1.86508
1.86655
1.86741
1.86815
1.86902
1.86929
1.86995
1.86979
1.87003
1.87019
1.87028
1.87055
1.87029
1.87045
1.8701
1.86972
1.87004
1.86938
1.86943
1.869
1.86906
1.86913
1.86849
1.86836
1.86851
1.86796
1.86842
1.8682
1.86803
1.86792
1.86786
1.86785
1.86815
1.86875
1.86917
1.86941
1.86971
1.87032
1.87073
1.87121
1.87246
1.87304
1.87391
1.87433
1.87504
1.8765
1.8775
1.879
1.8798
1.88156
1.8826
1.88363
1.8844
1.88539
1.8861
1.8875
1.88813
1.88919
1.88994
1.89014
1.89027
1.89103
1.89123
1.89157
1.89205
1.89218
1.89221
1.8926
1.89216
1.89183
1.89187
1.89178
1.89157
1.89076
1.89006
1.88876
1.88758
1.88604
1.8839
1.88213
1.88049
1.87874
1.8769
1.87472
1.87244
1.86985
1.86717
1.8649
1.86232
1.85968
1.85722
1.85495
1.85216
1.85005
1.8484
1.84551
1.84308
1.8404
1.83747
1.83501
1.83183
1.82937
1.82668
1.82449
1.8223
1.81965
1.81702
1.81488
1.81229
1.80972
1.80742
1.80514
1.8036
1.80113
1.79869
1.79603
1.79387
1.79174
1.78915
1.78682
1.78476
1.78271
1.7814
1.7789
1.77666
1.77467
1.77173
1.76904
1.7666
1.76392
1.76172
1.75953
1.7571
1.75539
1.75272
1.75029
1.74737
1.74517
1.74273
1.74053
1.73784
1.73538
1.73292
1.73118
1.72872
1.72649
1.72402
1.72179
1.71981
1.7171
1.71488
1.71219
1.70999
1.70828
1.7061
1.70442
1.70276
1.70088
1.69854
1.69671
1.69467
1.69315
1.69142
1.68877
1.68617
1.68409
1.68206
1.68081
1.67914
1.67729
1.67574
1.67425
1.67284
1.67174
1.67024
1.66906
1.66772
1.6667
1.66602
1.66518
1.66443
1.66377
1.6637
1.66299
1.66262
1.66283
1.6629
1.66259
1.66262
1.66275
1.66298
1.66331
1.66351
1.66404
1.66492
1.66565
1.66625
1.66718
1.66821
1.66933
1.67079
1.6721
1.67446
1.67548
1.6773
1.67994
1.68146
1.68331
1.68477
1.68703
1.68938
1.69182
1.6941
1.69622
1.69866
1.70095
1.70356
1.70577
1.70806
1.71115
1.71385
1.71687
1.71996
1.72338
1.72689
1.73095
1.73486
1.73813
1.74172
1.7454
1.74868
1.75276
1.75669
1.76046
1.76479
1.76922
1.773
1.77734
1.78177
1.78628
1.79087
1.79554
1.80005
1.80488
1.81003
1.81501
1.82006
1.82471
1.83014
1.8354
1.83952
1.84491
1.85035
1.85633
1.86164
1.86724
1.87313
1.87906
1.88454
1.8903
1.89562
1.90144
1.90776
1.91362
1.91926
1.92587
1.93152
1.93741
1.94331
1.94968
1.9558
1.96142
1.96727
1.97309
1.97889
1.98465
1.99014
1.99583
2.00148
2.00683
2.01262
2.01811
2.02378
2.02915
2.03372
2.03799
2.04314
2.04797
2.05319
2.05737
2.06218
2.06641
2.07103
2.07506
2.07971
2.08425
2.08819
2.09226
2.09622
2.10053
2.10447
2.10828
2.11269
2.11599
2.11941
2.1222
2.12485
2.12688
2.13045
2.13267
2.13451
2.13668
2.13896
2.14084
2.14283
2.14444
2.14591
2.14724
2.14819
2.14974
2.15067
2.15196
2.15289
2.15419
2.15465
2.15476
2.1555
2.1559
2.15598
2.15574
2.15518
2.15504
2.15484
2.15483
2.15477
2.15492
2.15432
2.15321
2.15282
2.15289
2.15273
2.15233
2.15195
2.15183
2.1515
2.15145
2.15096
2.15075
2.15036
2.15075
2.15
2.15004
2.15015
2.15083
2.15062
2.15171
2.15216
2.1527
2.15334
2.15384
2.15541
2.15635
2.15716
2.15855
2.16054
2.16191
2.16291
2.16403
2.1655
2.16684
2.16926
2.17155
2.17348
2.17552
2.17816
2.18067
2.1833
2.18652
2.18962
2.19282
2.1959
2.19957
2.20311
2.20579
2.21002
2.21364
2.21736
2.22117
2.22509
2.2291
2.23345
2.23741
2.24193
2.24701
2.25122
2.25646
2.2608
2.26546
2.27017
2.27542
2.28025
2.28559
2.29049
2.29567
2.30014
2.3056
2.31059
2.31533
2.32008
2.32553
2.33072
2.33517
2.33981
2.34513
2.34992
2.35561
2.3605
2.36531
2.36979
2.37417
2.37845
2.38261
2.3864
2.3903
2.39454
2.39839
2.40209
2.40538
2.40874
2.41121
2.41396
2.41677
2.41841
2.42106
2.42278
2.42428
2.42629
2.42735
2.42843
2.42929
2.42943
2.42982
2.43022
2.43062
2.43055
2.43
2.42921
2.42819
2.42669
2.42545
2.42348
2.42129
2.41912
2.41648
2.41338
2.4103
2.4075
2.40425
2.40032
2.39643
2.39284
2.38882
2.38486
2.38074
2.37622
2.37202
2.36743
2.36319
2.35785
2.35239
2.34682
2.34114
2.33536
2.3295
2.3238
2.31802
2.31267
2.30703
2.30158
2.29561
2.28961
2.2836
2.27733
2.2713
2.26478
2.25852
2.253
2.24678
2.24131
2.23588
2.23
2.22466
2.21864
2.21292
2.20799
2.20264
2.1976
2.1924
2.18727
2.18198
2.17702
2.17191
2.16689
2.16195
2.15712
2.15237
2.14797
2.14366
2.13946
2.13559
2.13183
2.12793
2.12364
2.11947
2.11515
2.11167
2.10853
2.10525
2.1016
2.09782
2.09439
2.09106
2.08784
2.08473
2.08221
2.07956
2.07677
2.07433
2.07224
2.07002
2.06815
2.06615
2.06426
2.06247
2.0608
2.05899
2.05802
2.05667
2.05543
2.05455
2.0528
2.05213
2.05157
2.05111
2.05077
2.05053
2.05015
2.04964
2.04948
2.04918
2.04947
2.04962
2.04939
2.0495
2.04972
2.05027
2.05092
2.05118
2.05154
2.05247
2.05349
2.05459
2.05602
2.05753
2.05936
2.06078
2.06251
2.06334
2.0652
2.06711
2.06907
2.0706
2.07193
2.07449
2.07685
2.07875
2.08091
2.08259
2.08477
2.08694
2.0891
2.09077
2.09289
2.09475
2.09657
2.09834
2.10007
2.10221
2.10381
2.10486
2.1063
2.10791
2.10942
2.11083
2.1119
2.11238
2.11347
2.11445
2.11506
2.1153
2.11566
2.11589
2.1155
2.11546
2.1148
2.11522
2.11501
2.11443
2.11347
2.11238
2.11116
2.1098
2.10881
2.1072
2.10572
2.10388
2.10216
2.10058
2.09889
2.09686
2.09473
2.09251
2.0902
2.08805
2.08557
2.08302
2.08039
2.07793
2.07541
2.07186
2.06945
2.0665
2.06374
2.06069
2.05759
2.05371
2.05027
2.04751
2.04446
2.04114
2.03777
2.03461
2.03117
2.02769
2.02443
2.0209
2.01782
2.01447
2.01062
2.00724
2.0036
1.99947
1.99582
1.99217
1.98803
1.98391
1.98053
1.97694
1.97313
1.96936
1.96588
1.96269
1.95908
1.95602
1.95279
1.94966
1.94662
1.94368
1.94061
1.93766
1.93556
1.93263
1.93008
1.92744
1.92568
1.92409
1.92218
1.92021
1.91818
1.91705
1.91612
1.91538
1.91485
1.91403
1.91391
1.91423
1.91356
1.91454
1.91574
1.91667
1.91806
1.91967
1.92101
1.92281
1.92458
1.92681
1.92924
1.93189
1.9345
1.93755
1.94033
1.9433
1.94694
1.95078
1.95479
1.95899
1.9636
1.96813
1.97331
1.97841
1.98365
1.98854
1.99381
1.99848
2.00398
2.00959
2.01481
2.02059
2.02645
2.03284
2.03905
2.04456
2.05058
2.05686
2.06313
2.06986
2.07559
2.08177
2.08739
2.09319
2.09817
2.10424
2.10971
2.11479
2.11996
2.12496
2.12977
2.13438
2.13902
2.14294
2.1471
2.15051
2.1539
2.157
2.16005
2.16207
2.16474
2.16684
2.16861
2.17029
2.17066
2.17116
2.17108
2.17064
2.17058
2.16969
2.16894
2.16712
2.1652
2.16224
2.15967
2.15728
2.1541
2.15038
2.14687
2.14261
2.13833
2.13334
2.1286
2.12365
2.11803
2.1132
2.10796
2.10257
2.09682
2.09048
2.08452
2.07824
2.07214
2.06599
2.06005
2.05385
2.04717
2.04097
2.0348
2.02939
2.0233
2.01751
2.01178
2.00614
2.0001
1.99464
1.98856
1.98283
1.97721
1.97196
1.96707
1.96208
1.95746
1.95299
1.94817
1.9435
1.93898
1.93461
1.93014
1.92655
1.92166
1.91789
1.91427
1.91104
1.90795
1.90502
1.90174
1.89958
1.89707
1.89422
1.8915
1.89036
1.88814
1.88653
1.88457
1.8832
1.8817
1.88056
1.87904
1.87738
1.87606
1.87508
1.87442
1.87288
1.87189
1.87194
1.87157
1.87079
1.87054
1.87034
1.8697
1.86959
1.86879
1.86873
1.86871
1.86822
1.86846
1.86823
1.86801
1.8673
1.86682
1.86682
1.86727
1.86723
1.86717
1.86684
1.86624
1.86584
1.86565
1.86566
1.86515
1.86459
1.86423
1.86334
1.86264
1.86117
1.86037
1.86023
1.85909
1.85789
1.85664
1.85534
1.85423
1.85331
1.85186
1.85084
1.84929
1.8477
1.84606
1.84462
1.84266
1.84114
1.84006
1.83871
1.83708
1.83541
1.83396
1.83248
1.83073
1.82919
1.82739
1.82533
1.82324
1.82138
1.8195
1.81736
1.81521
1.81305
1.81183
1.80989
1.80793
1.80597
1.80401
1.80228
1.80055
1.79834
1.7966
1.79439
1.79195
1.78975
1.7878
1.78561
1.78392
1.782
1.77961
1.77748
1.77585
1.77448
1.77288
1.77083
1.76881
1.76656
1.76483
1.76337
1.7617
1.7603
1.75893
1.75736
1.75607
1.75432
1.75286
1.75119
1.75028
1.74869
1.74761
1.74633
1.74485
1.74364
1.74295
1.74181
1.74071
1.73963
1.73882
1.7378
1.73681
1.73607
1.73511
1.73441
1.73348
1.73255
1.73163
1.7307
1.73001
1.72907
1.72812
1.72667
1.72591
1.72489
1.72335
1.72226
1.72089
1.71946
1.71823
1.71646
1.71535
1.71393
1.71245
1.71089
1.70926
1.70803
1.70648
1.70509
1.70314
1.70086
1.69898
1.69677
1.69423
1.69185
1.68963
1.68757
1.68448
1.68179
1.67903
1.6762
1.67356
1.67038
1.66691
1.66437
1.66131
1.65822
1.6544
1.65153
1.64889
1.64579
1.6427
1.64012
1.6371
1.63413
1.63073
1.62764
1.62487
1.62219
1.61936
1.61665
1.61405
1.61254
1.61044
1.60801
1.60645
1.60481
1.60334
1.60205
1.60045
1.59977
1.59976
1.5985
1.5984
1.59851
1.5981
1.59839
1.59888
1.59934
1.60025
1.60137
1.60269
1.60422
1.60619
1.60787
1.60975
1.61181
1.61454
1.61695
1.61978
1.62325
1.62639
1.62967
1.63309
1.63687
1.64101
1.64477
1.64935
1.65353
1.65802
1.66186
1.66575
1.67016
1.67437
1.67859
1.68234
1.68657
1.69032
1.6938
1.69773
1.70187
1.70596
1.70952
1.71325
1.7174
1.72146
1.72521
1.7279
1.73146
1.73493
1.73805
1.7413
1.74493
1.7482
1.75136
1.75417
1.75734
1.75967
1.76238
1.76401
1.76624
1.76837
1.7704
1.77232
1.7739
1.77587
1.77726
1.77882
1.78029
1.78192
1.78253
1.78379
1.78476
1.78592
1.78679
1.78763
1.78867
1.78946
1.78998
1.79074
1.79125
1.79225
1.7935
1.79429
1.79558
1.79642
1.79753
1.79893
1.79917
1.80066
1.80197
1.80334
1.80477
1.80627
1.80807
1.81019
1.81166
1.81321
1.81507
1.81652
1.81877
1.82037
1.82276
1.82499
1.82752
1.82988
1.83181
1.83452
1.8368
1.83913
1.84173
1.84437
1.84751
1.85018
1.85262
1.8553
1.85749
1.85966
1.86227
1.8646
1.86736
1.86932
1.87193
1.87469
1.8771
1.87915
1.88083
1.88237
1.88423
1.88567
1.88693
1.8875
1.88834
1.88919
1.89028
1.89039
1.88999
1.88906
1.8888
1.8875
1.88588
1.88393
1.88187
1.8797
1.87692
1.87377
1.86999
1.86581
1.861
1.85675
1.85184
1.84628
1.84006
1.83438
1.82707
1.81983
1.81193
1.80361
1.79487
1.78597
1.77691
1.76745
1.75641
1.74571
1.73488
1.72323
1.71195
1.69987
1.68773
1.67601
1.66353
1.65056
1.63736
1.62418
1.61008
1.59654
1.5826
1.56853
1.55435
1.53985
1.52576
1.51164
1.49702
1.48289
1.46903
1.45473
1.4405
1.42612
1.41186
1.39772
1.38372
1.36989
1.35624
1.34302
1.32977
1.31649
1.30417
1.29137
1.27857
1.26772
1.25617
1.24464
1.23364
1.22243
1.21174
1.20181
1.19193
1.18258
1.17399
1.16472
1.15597
1.14726
1.13931
1.13164
1.12376
1.11664
1.10954
1.10271
1.09616
1.08987
1.08408
1.07832
1.07307
1.06784
1.06265
1.05796
1.05403
1.04965
1.04556
1.04198
1.0387
1.03547
1.03302
1.03088
1.02905
1.02778
1.02684
1.02503
1.02428
1.02364
1.02359
1.02415
1.02484
1.02567
1.02712
1.02873
1.03097
1.03337
1.03643
1.0399
1.0433
1.04713
1.05211
1.05703
1.06287
1.06986
1.07633
1.08323
1.0908
1.09858
1.10655
1.11495
1.12379
1.13402
1.14348
1.15384
1.16438
1.17534
1.18696
1.19922
1.21141
1.22496
1.23841
1.2525
1.26647
1.28034
1.29505
1.31012
1.32553
1.34201
1.35784
1.37447
1.39118
1.40817
1.42545
1.44349
1.46106
1.47912
1.49742
1.51618
1.53515
1.55431
1.5734
1.59266
1.61158
1.63111
1.65075
1.67072
1.69053
1.7104
1.7303
1.75045
1.77013
1.79025
1.81009
1.83011
1.84979
1.86936
1.88856
1.90784
1.92718
1.94535
1.96401
1.98267
2.00105
2.01961
2.03665
2.05359
2.0704
2.0861
2.1026
2.11867
2.13308
2.14727
2.16097
2.17464
2.1878
2.2009
2.21369
2.22543
2.23636
2.2467
2.25645
2.26655
2.27485
2.2823
2.28937
2.29606
2.3019
2.30737
2.31271
2.31696
2.32061
2.32368
2.32665
2.32856
2.33041
2.33146
2.33127
2.33105
2.33058
2.32963
2.32774
2.3259
2.32389
2.321
2.31773
2.31388
2.3097
2.30545
2.30116
2.29638
2.2916
2.2866
2.28141
2.2763
2.27055
2.26444
2.25798
2.25192
2.24603
2.23961
2.23341
2.2272
2.22148
2.21505
2.20794
2.20184
2.19581
2.19033
2.18423
2.17846
2.17232
2.1663
2.16136
2.15608
2.15045
2.14544
2.14082
2.13611
2.13107
2.12666
2.12241
2.11856
2.11461
2.11082
2.10742
2.10393
2.10058
2.09713
2.09454
2.09231
2.08925
2.08606
2.08371
2.08122
2.07835
2.07605
2.07359
2.07097
2.06913
2.06736
2.06538
2.06345
2.0618
2.06016
2.05854
2.05669
2.05507
2.05344
2.05179
2.04964
2.04768
2.04544
2.04291
2.04031
2.03837
2.03611
2.03377
2.03158
2.0293
2.02692
2.02419
2.02111
2.01815
2.01555
2.01307
2.00878
2.00579
2.00195
1.99846
1.9941
1.99008
1.98616
1.98138
1.97717
1.97234
1.96738
1.96227
1.95726
1.95259
1.94707
1.94142
1.93587
1.93045
1.92514
1.91946
1.9144
1.90778
1.9013
1.89473
1.88854
1.88226
1.87542
1.86827
1.86128
1.85399
1.84713
1.84021
1.83325
1.82601
1.81873
1.81118
1.80433
1.79795
1.79106
1.78465
1.77751
1.77037
1.76324
1.75611
1.74875
1.74189
1.73504
1.72773
1.72068
1.7127
1.70571
1.6985
1.69181
1.68515
1.6783
1.67124
1.66496
1.65848
1.65181
1.64568
1.63937
1.63241
1.62599
1.61988
1.61362
1.60768
1.60159
1.5956
1.58971
1.58369
1.57802
1.57272
1.56755
1.56252
1.55739
1.55169
1.54735
1.54246
1.53798
1.53344
1.52932
1.52492
1.52168
1.51815
1.51508
1.51222
1.51006
1.5069
1.50469
1.50199
1.4995
1.49796
1.4964
1.4953
1.49393
1.49279
1.49209
1.49137
1.49108
1.49148
1.49158
1.49163
1.49209
1.49248
1.49303
1.49421
1.49505
1.49554
1.49711
1.49856
1.50082
1.50269
1.50441
1.50643
1.50827
1.50967
1.51111
1.51282
1.51479
1.51678
1.51876
1.52073
1.5227
1.52488
1.52703
1.52891
1.53051
1.53206
1.53381
1.53598
1.53762
1.53921
1.54073
1.54244
1.54384
1.54543
1.54648
1.54795
1.54961
1.5505
1.55182
1.55286
1.55361
1.55408
1.55549
1.55615
1.55726
1.55812
1.55946
1.5603
1.56091
1.56153
1.5624
1.5633
1.56423
1.56447
1.56596
1.56726
1.56838
1.56931
1.57128
1.57261
1.5745
1.576
1.57712
1.5793
1.58135
1.58303
1.58532
1.58749
1.59028
1.59296
1.5953
1.59827
1.60139
1.60418
1.60738
1.61049
1.61378
1.61723
1.62134
1.62539
1.62937
1.63377
1.63836
1.64241
1.64712
1.65226
1.6576
1.66336
1.66978
1.67592
1.68176
1.68755
1.69449
1.70089
1.70796
1.71497
1.72217
1.72954
1.73733
1.74553
1.75342
1.76147
1.76969
1.77832
1.78661
1.7953
1.80413
1.8131
1.82149
1.83097
1.84009
1.84957
1.85917
1.86936
1.87893
1.88932
1.89957
1.9099
1.92007
1.93031
1.94062
1.95124
1.96216
1.97217
1.98271
1.9928
2.00366
2.0131
2.02353
2.03446
2.0454
2.05636
2.06756
2.07852
2.08924
2.09923
2.10993
2.12085
2.13103
2.14118
2.15153
2.16233
2.17285
2.18283
2.19349
2.20384
2.21412
2.2241
2.23447
2.24452
2.25423
2.26336
2.27286
2.28249
2.29224
2.30162
2.31109
2.32066
2.32983
2.33859
2.34791
2.35655
2.36573
2.37446
2.38178
2.3896
2.39696
2.40383
2.41119
2.41805
2.42393
2.43002
2.43511
2.44041
2.44542
2.45037
2.45575
2.4601
2.46415
2.46788
2.4713
2.47416
2.47598
2.47844
2.48034
2.48192
2.48342
2.48509
2.48571
2.48625
2.48649
2.48641
2.48579
2.4856
2.48438
2.48312
2.48158
2.47975
2.47767
2.47531
2.47271
2.46986
2.46629
2.46273
2.45895
2.45495
2.451
2.44637
2.44204
2.43729
2.43286
2.42852
2.42306
2.41819
2.41295
2.40687
2.40165
2.39608
2.39066
2.38493
2.3796
2.37372
2.36779
2.3618
2.3565
2.35044
2.34411
2.338
2.33212
2.32623
2.32058
2.31446
2.30834
2.30201
2.29569
2.29012
2.28435
2.27789
2.27243
2.26701
2.2614
2.2556
2.25034
2.24441
2.23902
2.23321
2.22772
2.22253
2.21693
2.21141
2.20621
2.20108
2.19603
2.19083
2.18595
2.18068
2.17623
2.17162
2.16711
2.16221
2.15789
2.15343
2.14931
2.14506
2.14115
2.13759
2.13438
2.13081
2.1271
2.12448
2.12101
2.1179
2.11491
2.11229
2.1098
2.10743
2.1052
2.10285
2.10088
2.09905
2.09711
2.09506
2.09388
2.09235
2.09048
2.08876
2.08789
2.08669
2.08587
2.08543
2.08561
2.08544
2.08518
2.08529
2.08554
2.08568
2.08594
2.08682
2.08735
2.08775
2.08803
2.08915
2.09014
2.091
2.0922
2.09254
2.09368
2.09516
2.09647
2.09811
2.09957
2.10134
2.10292
2.10432
2.1072
2.10916
2.11162
2.11387
2.11589
2.11816
2.12019
2.12221
2.12398
2.12597
2.12841
2.13057
2.1322
2.13402
2.13578
2.13676
2.13814
2.13968
2.14113
2.14249
2.14278
2.14393
2.14449
2.14541
2.14572
2.14663
2.14669
2.14709
2.14687
2.14675
2.14648
2.14631
2.14576
2.14529
2.1442
2.14319
2.14277
2.14195
2.14123
2.13965
2.13817
2.13632
2.13482
2.13271
2.13049
2.12863
2.12594
2.12363
2.12074
2.11825
2.11543
2.11351
2.11152
2.10898
2.10664
2.10378
2.10064
2.09772
2.09454
2.09134
2.08815
2.08495
2.08177
2.0786
2.07665
2.07329
2.07044
2.06764
2.06439
2.06239
2.05971
2.05709
2.05477
2.05202
2.04957
2.04742
2.04461
2.04186
2.03989
2.03798
2.03565
2.03362
2.03164
2.02923
2.02687
2.0248
2.02229
2.02102
2.01931
2.01739
2.01622
2.01483
2.01298
2.01163
2.01029
2.00895
2.00689
2.00532
2.00349
2.00213
2.00075
1.99912
1.99745
1.99576
1.99355
1.99178
1.98972
1.98883
1.98667
1.98423
1.9822
1.97988
1.97725
1.97504
1.97251
1.97016
1.96822
1.96477
1.96147
1.95858
1.95586
1.95329
1.95017
1.94746
1.94418
1.94107
1.93788
1.93438
1.93128
1.92787
1.92342
1.91963
1.9165
1.91306
1.90908
1.90552
1.90191
1.89776
1.89357
1.88981
1.88576
1.88217
1.87806
1.87368
1.86951
1.86532
1.86136
1.85738
1.85292
1.84893
1.84518
1.84097
1.83676
1.8328
1.82862
1.82447
1.82059
1.81674
1.81292
1.80915
1.80494
1.80149
1.79762
1.79429
1.79053
1.78635
1.78296
1.7794
1.77591
1.77249
1.76891
1.76589
1.76271
1.75962
1.75685
1.75417
1.75158
1.74933
1.74644
1.74341
1.74073
1.73862
1.73661
1.73446
1.73267
1.73025
1.72819
1.72623
1.72439
1.72315
1.72178
1.72053
1.71988
1.71862
1.71822
1.71721
1.71658
1.71631
1.71593
1.71569
1.71534
1.71513
1.71555
1.71586
1.71655
1.71715
1.71813
1.71927
1.72055
1.72175
1.72261
1.72411
1.72528
1.7271
1.7293
1.73119
1.73371
1.73639
1.73874
1.74198
1.74513
1.74867
1.75188
1.75549
1.75925
1.76315
1.76696
1.77092
1.77501
1.77875
1.78335
1.78784
1.79269
1.79694
1.80226
1.80697
1.81202
1.81716
1.82288
1.82843
1.83359
1.83977
1.84506
1.85064
1.85626
1.86193
1.86763
1.87312
1.87886
1.88437
1.88988
1.89563
1.90137
1.90659
1.91203
1.91768
1.92327
1.92906
1.93454
1.93996
1.9453
1.95079
1.95644
1.96127
1.96672
1.9711
1.97585
1.98048
1.98498
1.98959
1.99383
1.99817
2.00189
2.00594
2.00959
2.01261
2.0162
2.01938
2.0224
2.02549
2.02817
2.03069
2.03303
2.03519
2.03719
2.03876
2.04016
2.04115
2.04243
2.04378
2.04471
2.04547
2.04629
2.04669
2.04668
2.04698
2.04687
2.04635
2.04591
2.04529
2.04476
2.04358
2.04273
2.04148
2.0396
2.03829
2.03659
2.03451
2.03253
2.03041
2.02791
2.02552
2.02348
2.02132
2.01807
2.0159
2.01313
2.00953
2.00581
2.00246
1.99901
1.99546
1.9918
1.98805
1.98445
1.98074
1.97695
1.97235
1.96813
1.96431
1.95969
1.95546
1.95091
1.94556
1.9406
1.93557
1.9307
1.92527
1.92025
1.91515
1.91045
1.9052
1.89964
1.89472
1.88925
1.8837
1.87808
1.87263
1.86782
1.86246
1.85702
1.85078
1.8447
1.83855
1.83185
1.82579
1.81941
1.81248
1.80619
1.79959
1.79316
1.78642
1.77985
1.77297
1.76554
1.75829
1.75122
1.74384
1.73666
1.72991
1.72311
1.71531
1.70795
1.70153
1.69413
1.68671
1.67904
1.67162
1.66397
1.6561
1.64875
1.64119
1.63369
1.62674
1.61938
1.6126
1.60543
1.59837
1.59193
1.58514
1.57875
1.573
1.56743
1.56206
1.55616
1.55096
1.54598
1.54172
1.53675
1.5318
1.5276
1.52368
1.52053
1.5172
1.51417
1.51145
1.50929
1.50745
1.50546
1.50405
1.50297
1.50199
1.5016
1.50155
1.50209
1.50225
1.50324
1.50433
1.50625
1.50827
1.51014
1.51284
1.51634
1.51994
1.5241
1.52833
1.53288
1.53774
1.54289
1.54786
1.5536
1.55913
1.56542
1.57173
1.57805
1.58485
1.59165
1.59892
1.60665
1.61386
1.62175
1.63055
1.6388
1.64746
1.6558
1.66452
1.67338
1.68236
1.69122
1.69994
1.70972
1.71887
1.72833
1.73737
1.74647
1.75611
1.76578
1.775
1.78497
1.79495
1.80471
1.81567
1.82542
1.83516
1.8449
1.85413
1.86383
1.87349
1.88289
1.89226
1.90182
1.91112
1.92085
1.93007
1.93972
1.94885
1.95819
1.96796
1.97696
1.98545
1.99461
2.00325
2.01186
2.02114
2.03015
2.03913
2.0483
2.05745
2.06607
2.07442
2.08298
2.09223
2.10097
2.10967
2.11834
2.12722
2.13583
2.14415
2.15293
2.16143
2.17014
2.17856
2.18719
2.19554
2.20384
2.21209
2.22029
2.22868
2.23702
2.24481
2.25254
2.26092
2.26875
2.27627
2.28418
2.29153
2.29854
2.30594
2.31348
2.32043
2.32752
2.33448
2.3418
2.34875
2.35509
2.36128
2.36805
2.37467
2.38088
2.3867
2.39282
2.39804
2.40332
2.40842
2.41331
2.41801
2.42226
2.42749
2.43203
2.43562
2.43874
2.44139
2.44451
2.44691
2.44954
2.45192
2.45427
2.45636
2.45842
2.45973
2.461
2.46271
2.46318
2.4636
2.46374
2.46335
2.46267
2.46145
2.46019
2.45839
2.45654
2.45439
2.45195
2.44874
2.44572
2.44242
2.43883
2.43472
2.43058
2.42592
2.42147
2.41627
2.41154
2.40656
2.4006
2.39536
2.38917
2.38298
2.37634
2.36949
2.36194
2.35444
2.34675
2.33888
2.33059
2.32286
2.31474
2.30647
2.29831
2.29025
2.28159
2.27234
2.26322
2.25376
2.24494
2.23579
2.22633
2.2168
2.20721
2.19733
2.18813
2.17864
2.16864
2.15909
2.14831
2.13824
2.12863
2.11878
2.10892
2.0993
2.08993
2.08008
2.07048
2.06114
2.05133
2.04178
2.03249
2.02299
2.01327
2.00357
1.99463
1.98499
1.97587
1.96678
1.95749
1.94823
1.939
1.93054
1.9214
1.91181
1.90275
1.89397
1.88476
1.87536
1.86672
1.85814
1.84912
1.84064
1.83198
1.82361
1.81433
1.80584
1.79789
1.78976
1.78146
1.77298
1.76458
1.75576
1.74798
1.73979
1.73144
1.72341
1.71594
1.70832
1.70078
1.69333
1.68669
1.67919
1.6725
1.6659
1.65892
1.65205
1.64528
1.63862
1.63206
1.62538
1.6193
1.61381
1.60748
1.60175
1.5959
1.58971
1.58412
1.57819
1.57287
1.56793
1.56265
1.55751
1.55252
1.54816
1.54443
1.5411
1.53697
1.53275
1.52919
1.52555
1.52328
1.51975
1.51663
1.51417
1.51117
1.5086
1.50622
1.50379
1.50179
1.5012
1.49961
1.49797
1.49702
1.4958
1.49503
1.49448
1.4939
1.4945
1.49435
1.49443
1.49473
1.49574
1.49674
1.49796
1.49942
1.50087
1.50279
1.50446
1.50685
1.50924
1.51186
1.5152
1.51829
1.52138
1.52518
1.52898
1.53373
1.538
1.5425
1.54699
1.55242
1.55785
1.56374
1.56962
1.5762
1.58179
1.58832
1.59459
1.60179
1.60895
1.61681
1.62414
1.63238
1.64082
1.64848
1.65705
1.66579
1.67447
1.6833
1.6923
1.70073
1.70979
1.71923
1.72856
1.73801
1.74759
1.75703
1.76706
1.77719
1.78741
1.79722
1.80782
1.818
1.82824
1.83852
1.84907
1.85917
1.86976
1.88036
1.89095
1.90226
1.91257
1.92333
1.93381
1.94423
1.95483
1.96439
1.97435
1.98469
1.99469
2.00457
2.01409
2.02275
2.03199
2.04156
2.05073
2.05997
2.06999
2.07862
2.08705
2.09528
2.10306
2.11085
2.11818
2.12528
2.13285
2.13969
2.14652
2.15333
2.15939
2.16542
2.17117
2.1764
2.18158
2.18671
2.19107
2.19465
2.19866
2.20236
2.20552
2.20838
2.21093
2.21317
2.21559
2.21722
2.21855
2.21982
2.22054
2.22049
2.22062
2.22022
2.21953
2.21832
2.21707
2.21579
2.21472
2.21267
2.21084
2.20853
2.20598
2.20296
2.19971
2.19625
2.19354
2.18992
2.18587
2.18188
2.17724
2.17292
2.1687
2.16386
2.1589
2.15406
2.14887
2.14408
2.1392
2.13402
2.12853
2.12276
2.11767
2.11232
2.10744
2.10207
2.0967
2.09111
2.08603
2.08075
2.07479
2.06937
2.06449
2.05945
2.05473
2.04986
2.04533
2.0409
2.03659
2.03215
2.02808
2.02389
2.01935
2.01568
2.01214
2.0085
2.00478
2.00168
1.99849
1.99521
1.99184
1.9891
1.98627
1.98455
1.98225
1.98009
1.97832
1.9762
1.97493
1.97355
1.97181
1.97018
1.96866
1.96748
1.96688
1.96588
1.96472
1.96411
1.96308
1.96234
1.96164
1.96074
1.96011
1.95925
1.95912
1.95875
1.95788
1.95723
1.95656
1.95585
1.95486
1.95357
1.9527
1.95201
1.95101
1.9497
1.9483
1.94731
1.94574
1.94457
1.94235
1.94123
1.93907
1.93705
1.93519
1.933
1.93073
1.92886
1.92668
1.92516
1.92333
1.92097
1.91881
1.91614
1.91367
1.9112
1.90896
1.90648
1.90401
1.90158
1.89918
1.89683
1.89406
1.89209
1.88995
1.88791
1.88549
1.88415
1.88245
1.88089
1.87948
1.87822
1.87736
1.87667
1.87543
1.87534
1.87471
1.875
1.87476
1.8752
1.8756
1.87595
1.87675
1.87775
1.87895
1.88035
1.88193
1.88394
1.88589
1.8885
1.89079
1.893
1.89488
1.89809
1.90096
1.90371
1.90704
1.91023
1.91303
1.91589
1.91977
1.9237
1.92766
1.93092
1.93394
1.93695
1.94043
1.94387
1.94703
1.95061
1.95316
1.95635
1.95945
1.96245
1.96534
1.96811
1.97075
1.97325
1.97537
1.97806
1.98059
1.98224
1.98396
1.98503
1.9864
1.98783
1.98883
1.9899
1.99077
1.99121
1.99147
1.99178
1.99166
1.99086
1.99036
1.98919
1.98807
1.98724
1.986
1.98456
1.98199
1.9802
1.97799
1.97609
1.97378
1.97129
1.9684
1.96535
1.96238
1.9595
1.95597
1.9523
1.94824
1.94452
1.9409
1.9369
1.9335
1.929
1.9251
1.92011
1.91574
1.91101
1.9057
1.901
1.89573
1.89061
1.88541
1.87989
1.87453
1.86959
1.8641
1.85855
1.85296
1.84731
1.84163
1.83592
1.83041
1.82488
1.8191
1.81378
1.80797
1.80193
1.79612
1.78985
1.78383
1.77831
1.77257
1.7659
1.75974
1.75458
1.74874
1.74318
1.73767
1.73197
1.72657
1.72073
1.71617
1.71118
1.70529
1.69946
1.6949
1.68992
1.68478
1.68018
1.67541
1.67047
1.66632
1.66176
1.65702
1.65284
1.64824
1.64346
1.63899
1.63507
1.63144
1.62812
1.62365
1.62044
1.61656
1.61321
1.60894
1.60521
1.602
1.59836
1.59475
1.59142
1.58764
1.58462
1.58115
1.57722
1.5738
1.57041
1.56751
1.56392
1.56058
1.55702
1.55371
1.55042
1.54714
1.54387
1.54109
1.53784
1.5346
1.53137
1.52791
1.52542
1.52199
1.5188
1.51612
1.51345
1.51032
1.50698
1.50415
1.50134
1.49785
1.49512
1.49244
1.4898
1.48698
1.48374
1.48056
1.47841
1.4761
1.47435
1.47149
1.46921
1.46727
1.46497
1.46302
1.46168
1.45975
1.45819
1.45655
1.45554
1.45469
1.45352
1.45277
1.45243
1.45204
1.4528
1.45303
1.45225
1.45313
1.45373
1.45503
1.45534
1.4566
1.45832
1.46003
1.46172
1.46365
1.46558
1.46821
1.4706
1.47371
1.47657
1.48014
1.48419
1.48823
1.49202
1.497
1.50148
1.50642
1.51207
1.51721
1.52305
1.52885
1.53461
1.54081
1.54745
1.55404
1.56081
1.568
1.57488
1.58265
1.5901
1.5977
1.60497
1.61286
1.62089
1.62881
1.63709
1.64596
1.65447
1.66308
1.67274
1.6813
1.69041
1.69937
1.70863
1.71748
1.72663
1.73558
1.74459
1.75411
1.76342
1.77276
1.78236
1.79125
1.80088
1.81026
1.8194
1.82925
1.83861
1.84794
1.85725
1.86652
1.87574
1.88517
1.89429
1.90288
1.91163
1.92079
1.92939
1.93862
1.94751
1.95581
1.96473
1.97327
1.98145
1.98949
1.99738
2.00512
2.0127
2.02058
2.02804
2.03482
2.04141
2.04876
2.05468
2.06062
2.06704
2.07251
2.07821
2.08341
2.08882
2.09349
2.09763
2.10173
2.10579
2.10882
2.1118
2.11545
2.11806
2.12036
2.1226
2.12453
2.12542
2.12576
2.12675
2.1272
2.1271
2.12717
2.12671
2.12596
2.12444
2.12263
2.12103
2.11965
2.11751
2.11537
2.11273
2.1101
2.10676
2.10247
2.09845
2.09494
2.09076
2.08688
2.0833
2.0786
2.07397
2.06848
2.06405
2.05925
2.05409
2.0481
2.04345
2.03799
2.03221
2.02659
2.02092
2.01543
2.00966
2.00386
1.99684
1.99124
1.98588
1.98005
1.97448
1.9687
1.96296
1.9563
1.95187
1.94631
1.9401
1.9347
1.92964
1.92517
1.92058
1.91587
1.91082
1.9064
1.90213
1.89826
1.8936
1.89032
1.88626
1.8824
1.87825
1.87503
1.8725
1.86874
1.86664
1.86429
1.86265
1.86028
1.85862
1.85793
1.857
1.85606
1.85537
1.85565
1.85545
1.85526
1.85555
1.85585
1.85663
1.85741
1.85868
1.86042
1.8624
1.86389
1.86656
1.86899
1.87116
1.87402
1.87734
1.88088
1.88389
1.88735
1.89125
1.89533
1.89961
1.90334
1.90797
1.91253
1.91724
1.9226
1.92786
1.93424
1.93906
1.94449
1.95078
1.95621
1.96248
1.96861
1.97507
1.98162
1.98802
1.99425
2.00127
2.00762
2.01475
2.02144
2.02842
2.03566
2.04244
2.04923
2.05579
2.06235
2.06915
2.07568
2.08243
2.08915
2.09582
2.10244
2.10877
2.11551
2.12122
2.12684
2.13309
2.13924
2.14577
2.1517
2.15751
2.16318
2.16872
2.17387
2.17911
2.1849
2.19004
2.19429
2.19882
2.20365
2.20804
2.21174
2.21571
2.21922
2.22274
2.22556
2.22861
2.23119
2.23352
2.2356
2.23742
2.23923
2.24054
2.24158
2.24211
2.24238
2.2419
2.24211
2.24181
2.24052
2.23919
2.23809
2.23623
2.23556
2.2339
2.23174
2.22933
2.22594
2.22303
2.21916
2.21602
2.21216
2.20808
2.20402
2.20023
2.196
2.19108
2.1867
2.18117
2.17594
2.17006
2.16426
2.1583
2.15244
2.14595
2.13932
2.13305
2.12666
2.12015
2.11328
2.10632
2.0995
2.09235
2.08535
2.07923
2.07111
2.06435
2.05705
2.04944
2.04225
2.03452
2.02698
2.01962
2.0115
2.00309
1.99511
1.98661
1.97903
1.97092
1.96182
1.95413
1.94567
1.93767
1.93011
1.92204
1.91418
1.90654
1.89814
1.88996
1.88151
1.87353
1.86529
1.85727
1.84852
1.83999
1.83171
1.82342
1.81512
1.80708
1.79904
1.7915
1.78374
1.77504
1.76685
1.75845
1.75034
1.74228
1.73452
1.72634
1.71824
1.71045
1.70323
1.69539
1.68765
1.68026
1.67324
1.66611
1.65887
1.65202
1.64533
1.63904
1.6322
1.62578
1.62003
1.61424
1.60889
1.60351
1.59834
1.59316
1.58893
1.58422
1.58047
1.57625
1.57299
1.56952
1.5663
1.56359
1.56114
1.55872
1.55657
1.55518
1.55405
1.55224
1.55118
1.55015
1.54915
1.54915
1.54966
1.5497
1.55025
1.55131
1.55262
1.55418
1.55623
1.55828
1.56033
1.56262
1.56537
1.56883
1.57177
1.57492
1.57828
1.58183
1.58556
1.58971
1.59379
1.59827
1.60266
1.60696
1.61187
1.61667
1.62135
1.62637
1.63078
1.63599
1.64129
1.64594
1.65137
1.6571
1.6624
1.66798
1.67358
1.67897
1.68486
1.69075
1.69616
1.70181
1.70744
1.71305
1.71863
1.72514
1.73016
1.73609
1.74125
1.74684
1.75212
1.75733
1.76247
1.76777
1.7725
1.77715
1.78194
1.7864
1.79148
1.7955
1.80012
1.80464
1.80856
1.81308
1.81676
1.8208
1.82423
1.82801
1.83189
1.83564
1.83805
1.84176
1.84459
1.84776
1.85078
1.8534
1.85538
1.85721
1.85886
1.86036
1.8624
1.86403
1.86524
1.86652
1.86738
1.8683
1.86903
1.86982
1.86946
1.86963
1.86913
1.86868
1.86804
1.86745
1.8669
1.86593
1.86428
1.86244
1.86089
1.8594
1.85724
1.85489
1.85236
1.8499
1.84725
1.8442
1.84025
1.83614
1.83259
1.82888
1.82478
1.82029
1.81614
1.8121
1.8084
1.80409
1.79966
1.79511
1.78949
1.78424
1.77865
1.77416
1.76886
1.76323
1.75776
1.75173
1.74587
1.74067
1.73467
1.72862
1.72251
1.71635
1.71039
1.70389
1.6976
1.69152
1.68492
1.67877
1.6726
1.66664
1.66043
1.65396
1.64772
1.64148
1.63547
1.62994
1.62369
1.61696
1.61049
1.60379
1.59808
1.59143
1.58528
1.57893
1.57262
1.56659
1.56085
1.55492
1.5493
1.54374
1.53753
1.53212
1.52632
1.52085
1.51572
1.51021
1.50482
1.50003
1.49538
1.49038
1.48576
1.48106
1.47628
1.47191
1.46844
1.46444
1.46111
1.45727
1.45388
1.45072
1.44802
1.44557
1.44337
1.44166
1.44022
1.43858
1.43722
1.43591
1.43562
1.43516
1.43477
1.43495
1.4357
1.43703
1.43894
1.44071
1.44285
1.4451
1.44796
1.45096
1.45457
1.45856
1.46317
1.46769
1.47356
1.47933
1.48478
1.49085
1.49731
1.5044
1.51212
1.51998
1.52894
1.53732
1.5463
1.55589
1.56583
1.57588
1.58626
1.59722
1.60849
1.61958
1.63072
1.64262
1.65502
1.66742
1.68005
1.69313
1.70615
1.71959
1.73268
1.74614
1.75923
1.77287
1.78681
1.80055
1.81405
1.82753
1.84122
1.85533
1.86862
1.88205
1.89535
1.90873
1.9217
1.93448
1.9468
1.95914
1.97099
1.98234
1.99366
2.00494
2.0164
2.02707
2.03744
2.04725
2.05746
2.06638
2.07498
2.08397
2.09265
2.10051
2.10879
2.1165
2.12343
2.13053
2.13685
2.1424
2.14911
2.15481
2.16024
2.16517
2.16935
2.17425
2.17866
2.18259
2.18629
2.18951
2.19276
2.19602
2.19859
2.20167
2.20455
2.20722
2.20969
2.21076
2.21284
2.21472
2.21618
2.21768
2.21852
2.21941
2.22035
2.22063
2.22073
2.2204
2.22014
2.22042
2.22029
2.21926
2.21853
2.21764
2.21707
2.21585
2.21446
2.21292
2.21098
2.20985
2.20785
2.20546
2.20389
2.20171
2.19914
2.19669
2.19411
2.19141
2.18835
2.18518
2.18237
2.17899
2.17526
2.17239
2.16871
2.16543
2.16133
2.15741
2.15316
2.14909
2.14519
2.14099
2.13697
2.13218
2.12758
2.12293
2.11848
2.114
2.10972
2.10493
2.10084
2.09601
2.09163
2.08749
2.08261
2.07796
2.07307
2.06866
2.06378
2.05914
2.05475
2.05014
2.04578
2.04121
2.03617
2.03141
2.02667
2.02196
2.01729
2.01313
2.00878
2.00446
2.00019
1.99621
1.99203
1.98789
1.98381
1.98025
1.97602
1.97208
1.96771
1.96436
1.96057
1.95635
1.95267
1.94879
1.9464
1.94333
1.9396
1.93614
1.93346
1.9301
1.92702
1.92351
1.92052
1.91733
1.91443
1.91108
1.90802
1.90452
1.90155
1.89959
1.89647
1.89389
1.8916
1.88864
1.88599
1.88364
1.88136
1.87891
1.87631
1.87427
1.87184
1.86952
1.86802
1.86663
1.86536
1.8635
1.86203
1.86045
1.85952
1.85875
1.85791
1.85702
1.8568
1.85607
1.85602
1.85668
1.85757
1.85821
1.85838
1.85953
1.86069
1.86213
1.86481
1.86704
1.86957
1.87262
1.87526
1.87915
1.88263
1.88617
1.89074
1.89561
1.90055
1.90579
1.91158
1.91741
1.92331
1.92972
1.93642
1.94315
1.95061
1.95809
1.96558
1.97304
1.98121
1.98957
1.99836
2.0066
2.01547
2.02423
2.03334
2.04255
2.05231
2.06188
2.07148
2.08036
2.0897
2.09876
2.10823
2.1169
2.12665
2.13554
2.14522
2.15352
2.16234
2.17044
2.1778
2.18513
2.19241
2.19961
2.20672
2.21349
2.21964
2.22519
2.22986
2.23438
2.23872
2.24266
2.24641
2.24951
2.25266
2.25467
2.25674
2.25792
2.2594
2.25977
2.25998
2.26006
2.26001
2.25912
2.25814
2.25684
2.2545
2.25261
2.2502
2.2473
2.24418
2.24061
2.23733
2.23388
2.23005
2.22633
2.22251
2.2186
2.21463
2.21085
2.20657
2.20275
2.19846
2.19444
2.18974
2.18581
2.18147
2.17745
2.17353
2.17019
2.16649
2.1634
2.15996
2.15666
2.15375
2.15075
2.1479
2.14522
2.14317
2.14106
2.13862
2.13683
2.13497
2.1335
2.13243
2.13104
2.13028
2.12942
2.12871
2.12837
2.12816
2.12807
2.12785
2.1287
2.12844
2.12899
2.12889
2.12886
2.12937
2.12945
2.13005
2.1302
2.1306
2.13078
2.13095
2.13159
2.13198
2.13209
2.1324
2.13266
2.13286
2.133
2.13234
2.1328
2.13244
2.13247
2.1324
2.13149
2.13071
2.13005
2.12902
2.12811
2.12706
2.12636
2.1248
2.12335
2.12175
2.11977
2.11741
2.11539
2.11323
2.11093
2.10777
2.10519
2.102
2.09916
2.09595
2.09262
2.08964
2.08702
2.08357
2.08001
2.07658
2.0728
2.06869
2.06472
2.06041
2.05675
2.05227
2.04795
2.04355
2.03932
2.03453
2.02991
2.02522
2.02047
2.01565
2.01004
2.00509
1.9996
1.99477
1.98963
1.98468
1.97942
1.97434
1.9692
1.96327
1.958
1.95266
1.94726
1.94155
1.93601
1.92992
1.92376
1.91729
1.91122
1.90508
1.89887
1.89258
1.88622
1.87978
1.87327
1.86644
1.85978
1.85304
1.84624
1.83913
1.83243
1.82567
1.81861
1.81149
1.80457
1.79711
1.78985
1.78232
1.77499
1.76764
1.76002
1.75264
1.74501
1.73715
1.72977
1.72266
1.7151
1.70757
1.70008
1.69338
1.68601
1.67944
1.67295
1.66607
1.65928
1.65212
1.6458
1.6396
1.6333
1.62665
1.62063
1.61477
1.6093
1.60328
1.59792
1.59273
1.58749
1.58243
1.57781
1.57339
1.56989
1.56586
1.56205
1.55867
1.55503
1.55207
1.54956
1.54677
1.54444
1.54206
1.53965
1.53769
1.53592
1.53411
1.53274
1.53155
1.53007
1.52925
1.52813
1.52766
1.52711
1.52721
1.52722
1.52762
1.52768
1.52835
1.52892
1.5296
1.5304
1.5313
1.53231
1.53316
1.53482
1.53632
1.53765
1.53927
1.54095
1.54267
1.54419
1.54574
1.54779
1.54961
1.55096
1.5523
1.55363
1.55567
1.55719
1.55868
1.55989
1.56129
1.56264
1.56392
1.56465
1.56627
1.56757
1.56805
1.56916
1.56993
1.57059
1.57018
1.57037
1.57093
1.57087
1.57141
1.57133
1.57135
1.57075
1.57025
1.5696
1.56905
1.5681
1.56699
1.56549
1.5636
1.56202
1.56029
1.55816
1.55563
1.55318
1.55033
1.54733
1.54466
1.5416
1.53838
1.53575
1.53273
1.52933
1.52772
1.5243
1.52099
1.51756
1.51353
1.50939
1.50395
1.49961
1.49494
1.4909
1.4868
1.48262
1.4779
1.47313
1.46831
1.4637
1.4593
1.45464
1.44949
1.44433
1.43942
1.43429
1.42941
1.42433
1.41976
1.41501
1.41006
1.40518
1.40013
1.39587
1.39074
1.38617
1.38171
1.37759
1.37406
1.37016
1.36662
1.36274
1.3585
1.35512
1.35139
1.34782
1.34463
1.34184
1.33944
1.33696
1.33465
1.33154
1.32957
1.32777
1.32663
1.32518
1.32392
1.32284
1.32267
1.32245
1.3217
1.32138
1.32126
1.32134
1.32138
1.32138
1.32231
1.3232
1.3243
1.32513
1.32689
1.32886
1.33033
1.33297
1.33535
1.33771
1.34052
1.34355
1.34632
1.35002
1.3537
1.35784
1.36148
1.36581
1.37084
1.37559
1.3808
1.38597
1.39134
1.39691
1.40196
1.4072
1.41334
1.41943
1.42618
1.43309
1.44042
1.44741
1.45408
1.46162
1.46882
1.47614
1.48383
1.49187
1.49979
1.50852
1.51661
1.52479
1.53352
1.54159
1.54948
1.55812
1.56705
1.57527
1.58351
1.59176
1.60072
1.60919
1.61788
1.6263
1.63491
1.64372
1.65175
1.65994
1.66782
1.67586
1.68405
1.69238
1.69988
1.70822
1.71621
1.7231
1.72962
1.73696
1.7444
1.75097
1.75786
1.76412
1.77021
1.77686
1.78262
1.78821
1.79387
1.80007
1.80538
1.81028
1.81475
1.81977
1.82462
1.8288
1.8333
1.83714
1.84105
1.8448
1.84886
1.85252
1.85553
1.85863
1.86135
1.86439
1.86706
1.86958
1.87149
1.87424
1.87614
1.87817
1.88057
1.88262
1.88433
1.88595
1.88749
1.88822
1.8896
1.89115
1.89217
1.89385
1.89477
1.8954
1.89697
1.89778
1.89858
1.89888
1.90015
1.90141
1.9022
1.90301
1.90481
1.90591
1.90753
1.9092
1.91043
1.91148
1.91284
1.91403
1.91553
1.91736
1.91952
1.92009
1.921
1.92298
1.92531
1.92753
1.93058
1.9328
1.93564
1.93813
1.94076
1.94402
1.94671
1.94979
1.95326
1.9569
1.96045
1.96442
1.96854
1.97284
1.97731
1.9817
1.98748
1.99245
1.99784
2.00316
2.0084
2.01382
2.01964
2.02489
2.03104
2.0371
2.04355
2.05087
2.05738
2.06378
2.07032
2.07748
2.08475
2.09215
2.09989
2.10726
2.1152
2.12324
2.13111
2.13858
2.14587
2.15418
2.16254
2.17069
2.17887
2.1878
2.19553
2.20278
2.21098
2.21917
2.22757
2.23569
2.24328
2.2513
2.25949
2.26738
2.27518
2.28312
2.29146
2.29872
2.30634
2.31336
2.32049
2.32773
2.33457
2.34151
2.3478
2.35417
2.36012
2.36662
2.37246
2.37811
2.38453
2.38978
2.39436
2.39897
2.40361
2.40804
2.41225
2.41625
2.42027
2.42382
2.42739
2.43074
2.43386
2.43651
2.43869
2.44111
2.44355
2.44599
2.44796
2.44922
2.45024
2.45127
2.45182
2.45262
2.45295
2.45256
2.45194
2.4506
2.44976
2.44916
2.44809
2.4468
2.44527
2.444
2.44178
2.4391
2.43692
2.43379
2.43092
2.42711
2.42332
2.4198
2.41631
2.41212
2.40773
2.40313
2.39809
2.39333
2.38861
2.38346
2.37788
2.37187
2.36568
2.35955
2.35301
2.34653
2.33966
2.33262
2.32591
2.31881
2.31109
2.30419
2.29691
2.28951
2.28247
2.27532
2.26733
2.25972
2.25226
2.24399
2.23563
2.22696
2.21846
2.20966
2.20081
2.19239
2.18344
2.17495
2.16643
2.15764
2.14909
2.14005
2.13076
2.12245
2.11343
2.10467
2.09593
2.08699
2.07833
2.06971
2.0609
2.05215
2.04417
2.03554
2.02723
2.01874
2.01009
2.00177
1.99305
1.98562
1.97733
1.9701
1.96248
1.95545
1.94781
1.94051
1.93357
1.9265
1.91931
1.91272
1.90649
1.90013
1.89366
1.88731
1.88085
1.87499
1.8695
1.86414
1.8589
1.85331
1.84785
1.84251
1.83731
1.83199
1.82728
1.82197
1.81727
1.81222
1.80777
1.80344
1.79924
1.79517
1.79097
1.78786
1.78414
1.78054
1.77705
1.77319
1.77041
1.76726
1.76422
1.76177
1.75918
1.75693
1.75406
1.75177
1.74934
1.74748
1.74523
1.74259
1.74028
1.7378
1.73613
1.73429
1.73253
1.7306
1.72921
1.72765
1.72591
1.72471
1.72284
1.7215
1.7202
1.71919
1.71773
1.71727
1.71588
1.71427
1.71317
1.7116
1.71004
1.70874
1.70768
1.70639
1.70485
1.70379
1.70272
1.70213
1.70103
1.7004
1.69927
1.69716
1.69549
1.69476
1.69328
1.69224
1.69117
1.69055
1.68892
1.68726
1.68628
1.68478
1.68276
1.68118
1.67932
1.6779
1.67717
1.67544
1.67392
1.67188
1.66982
1.66749
1.66586
1.66396
1.66229
1.66036
1.65867
1.65625
1.65335
1.65165
1.64924
1.64732
1.64543
1.64332
1.64123
1.63967
1.63742
1.6357
1.63403
1.63193
1.63014
1.62914
1.62773
1.62616
1.62467
1.624
1.62317
1.62244
1.62084
1.62032
1.61942
1.61911
1.61868
1.61836
1.61864
1.6188
1.6186
1.61851
1.61855
1.61871
1.61922
1.62009
1.6206
1.62121
1.6217
1.62253
1.62347
1.62498
1.6261
1.62756
1.62957
1.63094
1.63237
1.63436
1.63615
1.63823
1.63988
1.64179
1.64373
1.64593
1.64789
1.64986
1.65182
1.65352
1.65521
1.6571
1.65944
1.66149
1.66301
1.66496
1.66684
1.66842
1.67017
1.67159
1.67366
1.67469
1.67563
1.67672
1.67772
1.6784
1.67922
1.67972
1.68013
1.67998
1.68047
1.6816
1.68194
1.68197
1.68218
1.68282
1.68293
1.68372
1.68423
1.684
1.68375
1.68374
1.68421
1.68445
1.68447
1.68453
1.68486
1.68501
1.68546
1.6855
1.68538
1.68607
1.68614
1.6868
1.68806
1.68896
1.68976
1.69094
1.69227
1.694
1.69564
1.69746
1.69992
1.70208
1.70442
1.70695
1.70966
1.71208
1.71468
1.71771
1.72166
1.72483
1.7289
1.73316
1.73737
1.74175
1.7463
1.75054
1.75542
1.76021
1.76564
1.77096
1.77594
1.78176
1.78793
1.79421
1.8001
1.80559
1.81139
1.81797
1.82436
1.83101
1.83697
1.84317
1.84937
1.85602
1.86215
1.86775
1.874
1.88017
1.88624
1.8922
1.89803
1.90347
1.90876
1.91387
1.91855
1.92278
1.9268
1.93034
1.93436
1.9386
1.94233
1.94577
1.94868
1.95104
1.95356
1.95575
1.95712
1.95839
1.95931
1.96035
1.96078
1.96059
1.96052
1.95982
1.95826
1.9568
1.9552
1.95274
1.95013
1.94715
1.94356
1.93959
1.93526
1.93106
1.92579
1.92089
1.91542
1.9094
1.90282
1.89642
1.88926
1.88183
1.8739
1.86644
1.85804
1.84991
1.84158
1.83283
1.82416
1.81511
1.80617
1.79688
1.78773
1.77852
1.76924
1.76089
1.75155
1.74197
1.7324
1.72286
1.71336
1.7044
1.69528
1.68601
1.67709
1.66732
1.65817
1.64988
1.64151
1.63307
1.62456
1.61649
1.60861
1.60165
1.59467
1.58743
1.58065
1.57411
1.5678
1.56172
1.55613
1.55053
1.54518
1.53983
1.53521
1.53058
1.52571
1.52155
1.5169
1.51295
1.50947
1.50596
1.50266
1.49907
1.49712
1.49439
1.49207
1.48992
1.48817
1.48679
1.48531
1.48323
1.48198
1.48084
1.4793
1.47784
1.47668
1.47534
1.4738
1.47301
1.472
1.47076
1.47024
1.46922
1.46818
1.46662
1.46502
1.46433
1.46238
1.46107
1.45945
1.45775
1.45596
1.45479
1.45305
1.4512
1.44901
1.44671
1.44599
1.44371
1.44156
1.43906
1.43717
1.43469
1.43211
1.42894
1.42615
1.42303
1.41957
1.41603
1.41265
1.4092
1.40591
1.40257
1.39917
1.39549
1.392
1.38848
1.38421
1.38065
1.37707
1.37326
1.36969
1.3659
1.36236
1.35934
1.35563
1.35221
1.34812
1.34457
1.34133
1.33793
1.33462
1.33188
1.32827
1.32574
1.32283
1.32005
1.3174
1.31535
1.31321
1.31074
1.30841
1.30673
1.30545
1.30385
1.30268
1.30168
1.30086
1.30048
1.29981
1.29933
1.29906
1.29899
1.29914
1.29901
1.29958
1.30061
1.30138
1.30286
1.30408
1.30552
1.30768
1.30982
1.3122
1.31481
1.31741
1.32073
1.3238
1.32734
1.33136
1.33537
1.33961
1.34432
1.34926
1.35419
1.35982
1.36519
1.37079
1.37636
1.38191
1.3884
1.39486
1.40129
1.40745
1.41453
1.42157
1.42904
1.43648
1.44434
1.45215
1.46062
1.46928
1.47787
1.48639
1.49556
1.50561
1.51462
1.52378
1.53334
1.54255
1.55264
1.56262
1.57249
1.5825
1.59311
1.60288
1.61349
1.62445
1.63528
1.64598
1.65749
1.66862
1.6796
1.69091
1.70253
1.71448
1.72626
1.73786
1.74929
1.76078
1.77209
1.78393
1.79607
1.80801
1.81951
1.83177
1.84358
1.85542
1.86802
1.8804
1.8928
1.90474
1.91694
1.92867
1.94137
1.95336
1.96583
1.97806
1.99005
2.0018
2.01377
2.02574
2.03793
2.0501
2.06225
2.07437
2.0867
2.09899
2.11077
2.1237
2.13561
2.14746
2.15901
2.17073
2.18285
2.19441
2.20563
2.21698
2.22798
2.23886
2.25057
2.26141
2.27235
2.28288
2.29371
2.30389
2.31314
2.32339
2.33342
2.3425
2.35133
2.35968
2.368
2.37654
2.3848
2.39277
2.4002
2.40685
2.41391
2.4209
2.42709
2.43272
2.4385
2.44323
2.44836
2.45292
2.45692
2.46083
2.46539
2.46891
2.47116
2.47382
2.47642
2.4785
2.48053
2.48204
2.48329
2.48427
2.48549
2.48646
2.48648
2.48651
2.48608
2.48568
2.48484
2.48404
2.48304
2.48138
2.48049
2.47895
2.47699
2.47487
2.4733
2.47084
2.46822
2.46568
2.46323
2.46013
2.45688
2.45395
2.45063
2.44716
2.44354
2.43929
2.43465
2.43059
2.4264
2.42232
2.41811
2.41354
2.40886
2.40456
2.39896
2.39399
2.38847
2.38337
2.37846
2.37328
2.36783
2.36262
2.35717
2.35222
2.34684
2.34222
2.33696
2.33202
2.32719
2.32319
2.31861
2.31393
2.30942
2.30533
2.30142
2.29772
2.29472
2.29122
2.28844
2.28567
2.28315
2.28161
2.27889
2.2774
2.27594
2.27501
2.27411
2.273
2.27218
2.27163
2.27183
2.27182
2.27256
2.27355
2.27456
2.27629
2.27849
2.2802
2.28188
2.28402
2.28707
2.28982
2.29299
2.2956
2.29908
2.30293
2.30644
2.30981
2.31353
2.31733
2.32146
2.32565
2.32989
2.33418
2.33826
2.34212
2.34671
2.35083
2.3547
2.3588
2.36335
2.36692
2.3707
2.37443
2.37861
2.38273
2.38705
2.39107
2.39551
2.39941
2.40302
2.40632
2.41004
2.41321
2.41657
2.41987
2.4236
2.4263
2.42943
2.4325
2.43552
2.43897
2.4419
2.44453
2.44736
2.44991
2.45242
2.45512
2.45778
2.46089
2.46372
2.46602
2.46877
2.47148
2.4739
2.47629
2.47863
2.48092
2.48341
2.48537
2.48752
2.48912
2.49139
2.49359
2.49548
2.4973
2.4988
2.50022
2.50202
2.50349
2.50462
2.50589
2.50728
2.50808
2.50899
2.50953
2.50969
2.5102
2.51056
2.51077
2.51082
2.51023
2.50996
2.50976
2.50891
2.50813
2.50645
2.50555
2.50471
2.50393
2.50176
2.49966
2.49785
2.49563
2.49323
2.49065
2.4879
2.48523
2.48216
2.47964
2.47674
2.4732
2.46953
2.46548
2.46155
2.45774
2.45358
2.44933
2.44474
2.44055
2.4358
2.43124
2.42662
2.42149
2.41704
2.41258
2.40763
2.40316
2.3987
2.39403
2.38988
2.38529
2.38099
2.37653
2.37237
2.36783
2.36361
2.3595
2.3555
2.35139
2.34812
2.34474
2.34151
2.33819
2.33526
2.33225
2.32965
2.32673
2.32399
2.32191
2.31904
2.31732
2.31553
2.31369
2.31228
2.31105
2.30976
2.30962
2.30893
2.3077
2.30737
2.30697
2.30698
2.30668
2.30749
2.30774
2.30862
2.31037
2.31129
2.31234
2.31352
2.31458
2.31647
2.31822
2.31958
2.32152
2.32353
2.32537
2.32704
2.329
2.33053
2.33258
2.33443
2.33654
2.33867
2.34081
2.34319
2.34557
2.34794
2.35006
2.35239
2.3547
2.35673
2.35873
2.36044
2.36259
2.36494
2.36579
2.36731
2.36926
2.37091
2.3725
2.37428
2.376
2.37718
2.37831
2.3801
2.3804
2.38184
2.38252
2.38338
2.38445
2.38499
2.38573
2.38692
2.38784
2.38897
2.39032
2.39092
2.39174
2.39255
2.39335
2.39438
2.39565
2.39595
2.39625
2.39703
2.39757
2.39884
2.39988
2.40092
2.40221
2.40351
2.40457
2.40565
2.40625
2.40638
2.40747
2.40857
2.40967
2.41029
2.41163
2.41225
2.4131
2.41394
2.41548
2.41653
2.41731
2.41807
2.41856
2.41926
2.41969
2.42031
2.42065
2.4207
2.42167
2.42209
2.4227
2.42349
2.42349
2.42366
2.42376
2.42403
2.42399
2.42339
2.42319
2.42291
2.42303
2.42258
2.42205
2.42144
2.42074
2.41972
2.41885
2.41789
2.4171
2.41574
2.41429
2.41325
2.41189
2.41069
2.40845
2.40734
2.40591
2.40394
2.40238
2.40075
2.39858
2.39684
2.39479
2.39245
2.39007
2.38739
2.38564
2.38312
2.3808
2.37821
2.37608
2.37343
2.37149
2.36905
2.36707
2.3646
2.36212
2.3594
2.35716
2.35468
2.35246
2.34976
2.34733
2.34419
2.34156
2.33919
2.33685
2.33479
2.33253
2.33006
2.32789
2.32576
2.32368
2.32189
2.32016
2.318
2.31639
2.3146
2.31335
2.31145
2.3101
2.30857
2.30687
2.30595
2.30415
2.30289
2.30194
2.30129
2.30047
2.29923
2.29829
2.29742
2.29635
2.29582
2.29511
2.29444
2.29381
2.29346
2.29267
2.29166
2.29069
2.29093
2.29072
2.28979
2.28911
2.28843
2.28799
2.28754
2.28756
2.28709
2.28659
2.28606
2.28526
2.28467
2.28428
2.2836
2.28287
2.28209
2.2815
2.2806
2.27989
2.27887
2.27779
2.27712
2.27565
2.27436
2.27324
2.2718
2.27005
2.26822
2.26632
2.26459
2.26279
2.25995
2.25776
2.25527
2.25319
2.25081
2.24886
2.24612
2.24357
2.24121
2.23857
2.23636
2.23388
2.23113
2.22835
2.22531
2.22322
2.22111
2.21804
2.21569
2.21286
2.21029
2.20797
2.2052
2.20198
2.19928
2.19614
2.19401
2.19194
2.18993
2.18775
2.18516
2.18289
2.17998
2.17812
2.1766
2.1747
2.17291
2.17171
2.17038
2.16989
2.16881
2.16786
2.16704
2.1666
2.1663
2.16589
2.16564
2.166
2.16604
2.16598
2.16631
2.16655
2.16765
2.16819
2.16886
2.16968
2.1704
2.1715
2.17296
2.1748
2.17651
2.17834
2.18051
2.18206
2.18394
2.18589
2.18817
2.1905
2.19336
2.19577
2.19869
2.20138
2.20406
2.20624
2.20838
2.21023
2.21226
2.21444
2.21676
2.21896
2.22078
2.2222
2.22346
2.22477
2.22588
2.22676
2.22765
2.22854
2.22891
2.22901
2.2293
2.22808
2.22727
2.22589
2.22418
2.22189
2.2195
2.21701
2.21416
2.21024
2.2062
2.20182
2.19709
2.19225
2.18684
2.18085
2.17502
2.16912
2.16267
2.15641
2.14963
2.14234
2.13479
2.12653
2.11852
2.11031
2.10286
2.09356
2.08433
2.07569
2.06692
2.0578
2.04859
2.03979
2.03045
2.02155
2.01263
2.00322
1.99334
1.98348
1.9739
1.96485
1.9566
1.94771
1.93916
1.93024
1.92072
1.91182
1.90332
1.89521
1.88728
1.87954
1.87175
1.86417
1.85681
1.84991
1.84278
1.83662
1.83047
1.82435
1.81827
1.8127
1.80696
1.80175
1.79733
1.79275
1.78874
1.78409
1.78051
1.77751
1.77463
1.7721
1.77042
1.7696
1.76843
1.76765
1.76677
1.76628
1.76668
1.76723
1.76843
1.77004
1.77157
1.77376
1.77637
1.77963
1.78331
1.78789
1.79241
1.79734
1.80269
1.8082
1.81388
1.82069
1.82813
1.835
1.84274
1.85108
1.86027
1.86909
1.8792
1.88844
1.89846
1.90853
1.91888
1.92948
1.94031
1.95158
1.96328
1.97466
1.98593
1.99706
2.00802
2.01999
2.03173
2.04369
2.05488
2.0667
2.07817
2.08924
2.10037
2.11105
2.12172
2.13187
2.14197
2.1515
2.16091
2.16996
2.17812
2.18612
2.19417
2.20131
2.2092
2.2152
2.22074
2.22631
2.23167
2.23635
2.24083
2.24489
2.2483
2.25156
2.25444
2.25697
2.25892
2.26057
2.26216
2.26325
2.26386
2.26474
2.2647
2.26426
2.2644
2.26419
2.26364
2.26326
2.26284
2.26286
2.26265
2.26268
2.26251
2.26214
2.2628
2.26281
2.26268
2.2629
2.26348
2.26395
2.26432
2.26509
2.26577
2.26759
2.26886
2.27031
2.27172
2.27356
2.27513
2.2769
2.27936
2.28155
2.28467
2.28777
2.29181
2.2951
2.29883
2.30302
2.30693
2.31054
2.31531
2.32001
2.32486
2.32987
2.33475
2.34023
2.34603
2.35189
2.35729
2.36293
2.36877
2.37478
2.38042
2.38565
2.3902
2.39448
2.39845
2.40182
2.40525
2.40844
2.41159
2.41294
2.41389
2.41439
2.41438
2.41285
2.41095
2.40793
2.40398
2.39932
2.39344
2.38656
2.37891
2.36975
2.35983
2.34961
2.33792
2.32478
2.31094
2.2962
2.28083
2.26464
2.24816
2.23025
2.21193
2.19325
2.17404
2.15364
2.13307
2.11216
2.09122
2.07005
2.04824
2.02657
2.00509
1.9841
1.9622
1.94113
1.91972
1.89849
1.87796
1.85697
1.83674
1.81633
1.79674
1.77727
1.7584
1.74017
1.72258
1.7042
1.68696
1.66991
1.65402
1.63881
1.62284
1.60827
1.59391
1.57951
1.56579
1.55251
1.53991
1.52774
1.51576
1.50421
1.49284
1.48188
1.47181
1.46191
1.45241
1.44234
1.43313
1.42479
1.41731
1.40996
1.40273
1.39538
1.38911
1.38271
1.37641
1.37165
1.36627
1.36122
1.35673
1.35281
1.34824
1.34494
1.34196
1.33904
1.33666
1.33458
1.33328
1.33106
1.32985
1.32868
1.32779
1.32718
1.32684
1.32678
1.32674
1.32673
1.32745
1.3282
1.32896
1.33045
1.33219
1.33394
1.33593
1.33816
1.34087
1.34406
1.34723
1.35064
1.35428
1.3579
1.3627
1.367
1.37127
1.37527
1.37996
1.3851
1.39044
1.3955
1.40123
1.40716
1.4128
1.4191
1.4251
1.43225
1.43909
1.4461
1.454
1.46158
1.4686
1.47626
1.48431
1.49202
1.50036
1.50884
1.51745
1.52571
1.53433
1.54331
1.55192
1.56088
1.5697
1.57862
1.58738
1.59695
1.6066
1.61584
1.62514
1.63425
1.64462
1.65406
1.66401
1.67351
1.68327
1.69279
1.70231
1.71231
1.72181
1.73176
1.7412
1.75107
1.76017
1.76968
1.77888
1.788
1.7975
1.80666
1.8162
1.82585
1.83514
1.84356
1.85184
1.86045
1.86914
1.87693
1.8848
1.89175
1.89949
1.90655
1.91365
1.92055
1.92677
1.93349
1.94001
1.94607
1.9524
1.95852
1.96394
1.96963
1.97487
1.97942
1.98376
1.98765
1.99184
1.99558
1.99986
2.00372
2.00692
2.00971
2.01283
2.01627
2.01884
2.022
2.02527
2.02746
2.03003
2.03225
2.03439
2.03645
2.03843
2.0406
2.04247
2.04431
2.04611
2.04789
2.04942
2.05118
2.0527
2.05423
2.05602
2.05783
2.05895
2.06107
2.06299
2.06496
2.06673
2.06855
2.07091
2.07308
2.07531
2.07807
2.08041
2.08305
2.0855
2.08775
2.09029
2.09288
2.09501
2.09766
2.10058
2.10255
2.10526
2.10796
2.11042
2.11335
2.11625
2.11887
2.12168
2.12395
2.12639
2.12826
2.13076
2.13291
2.13517
2.13657
2.13855
2.14012
2.14247
2.14367
2.1449
2.14615
2.14764
2.14769
2.1482
2.14795
2.14718
2.14587
2.1445
2.1428
2.14126
2.13914
2.13739
2.13432
2.13113
2.12733
2.12292
2.11861
2.11391
2.10883
2.10384
2.09822
2.09197
2.08485
2.07806
2.07089
2.06334
2.05518
2.0464
2.0375
2.02849
2.01913
2.00847
1.99844
1.98786
1.97697
1.96603
1.95458
1.94262
1.93041
1.91797
1.90555
1.89318
1.88014
1.86741
1.8543
1.84081
1.82746
1.81401
1.80049
1.78715
1.77354
1.75967
1.74653
1.73292
1.71984
1.70657
1.69362
1.68028
1.66706
1.65444
1.64173
1.62966
1.61728
1.60438
1.5924
1.57992
1.56791
1.5564
1.54489
1.53366
1.52344
1.51301
1.50313
1.49307
1.48333
1.47391
1.46529
1.45725
1.44905
1.4412
1.43393
1.42628
1.41897
1.41248
1.4061
1.4003
1.39459
1.38923
1.38444
1.38023
1.37585
1.37205
1.36856
1.36562
1.36203
1.35923
1.3572
1.35426
1.35233
1.35068
1.3493
1.34844
1.34808
1.34822
1.34814
1.34831
1.3492
1.34986
1.35003
1.35116
1.35229
1.35389
1.35499
1.35729
1.35933
1.36184
1.36458
1.36754
1.37073
1.37367
1.37732
1.38119
1.3853
1.38963
1.39444
1.39899
1.40402
1.40928
1.41478
1.42026
1.42622
1.43265
1.43931
1.44548
1.45284
1.46019
1.46752
1.47555
1.48356
1.4913
1.49901
1.50765
1.51648
1.52599
1.53472
1.54436
1.55345
1.56294
1.57259
1.58264
1.59258
1.6029
1.61334
1.62317
1.63334
1.6436
1.65443
1.66532
1.67627
1.68703
1.69807
1.70913
1.7202
1.73055
1.7404
1.75119
1.76147
1.77241
1.7833
1.79339
1.8046
1.81427
1.82479
1.83471
1.84522
1.85486
1.86459
1.8739
1.88425
1.89319
1.90194
1.91048
1.91904
1.92761
1.93594
1.9433
1.95064
1.95746
1.96473
1.97172
1.97792
1.98431
1.98966
1.99494
2.00038
2.00549
2.00978
2.01421
2.01781
2.02155
2.02493
2.02772
2.02967
2.03149
2.03295
2.03357
2.03454
2.03515
2.0354
2.03553
2.03506
2.034
2.03283
2.03179
2.03041
2.02797
2.02617
2.02309
2.01969
2.01624
2.01225
2.00822
2.00416
1.99961
1.99481
1.99001
1.985
1.97929
1.9734
1.9678
1.96132
1.95493
1.94985
1.94344
1.93693
1.93009
1.92365
1.91691
1.90989
1.90306
1.89622
1.88888
1.88226
1.87566
1.86884
1.86181
1.8553
1.84884
1.84245
1.83683
1.8308
1.8246
1.81824
1.8122
1.806
1.79988
1.79384
1.78812
1.78225
1.77621
1.77073
1.76509
1.75904
1.75353
1.74858
1.74345
1.73839
1.7329
1.72748
1.72211
1.71728
1.71203
1.70707
1.70266
1.6976
1.69284
1.68791
1.68306
1.67878
1.67411
1.66953
1.66483
1.66096
1.65699
1.65316
1.64924
1.64597
1.64289
1.64
1.63731
1.63461
1.63239
1.63042
1.62799
1.62656
1.62494
1.62363
1.62263
1.62245
1.6226
1.62286
1.62372
1.62495
1.62655
1.62877
1.63114
1.63365
1.63656
1.63938
1.64308
1.64694
1.65143
1.65631
1.66085
1.66626
1.67204
1.67842
1.68517
1.69202
1.69944
1.70743
1.71549
1.72287
1.73102
1.73991
1.74928
1.75864
1.76844
1.77843
1.78859
1.79913
1.80931
1.81959
1.82924
1.8399
1.84987
1.86034
1.87103
1.88122
1.89135
1.9014
1.91088
1.92097
1.93092
1.94072
1.9501
1.9593
1.96854
1.97755
1.98609
1.99438
2.00216
2.01015
2.01858
2.02599
2.03285
2.03988
2.04682
2.05295
2.05874
2.06418
2.06903
2.07352
2.07764
2.08115
2.08476
2.08847
2.09035
2.0928
2.09486
2.09652
2.09753
2.09814
2.09835
2.09839
2.09826
2.09748
2.09653
2.09517
2.09341
2.091
2.08818
2.08521
2.08137
2.07762
2.07325
2.069
2.06437
2.0594
2.05335
2.04698
2.04053
2.03377
2.02648
2.01892
2.01109
2.00326
1.99471
1.9862
1.97701
1.9686
1.96002
1.95131
1.94198
1.93279
1.9235
1.91413
1.90471
1.89499
1.8855
1.87598
1.86672
1.85722
1.84775
1.83736
1.82823
1.81844
1.80872
1.79958
1.79053
1.78159
1.77301
1.76455
1.75598
1.74755
1.73951
1.73114
1.72341
1.7156
1.70748
1.70001
1.69272
1.68561
1.67844
1.6717
1.66515
1.6588
1.6524
1.64693
1.64117
1.63587
1.63028
1.62491
1.61999
1.61529
1.61056
1.60701
1.60369
1.59962
1.59602
1.59289
1.58999
1.58684
1.58416
1.58196
1.58049
1.57901
1.57729
1.57558
1.57436
1.57363
1.57243
1.5722
1.57198
1.57202
1.57184
1.5719
1.57271
1.57378
1.5751
1.57692
1.57875
1.58132
1.58342
1.58529
1.58813
1.59146
1.59503
1.59835
1.60167
1.60617
1.60994
1.6144
1.62004
1.62443
1.63022
1.635
1.63995
1.64579
1.65204
1.6577
1.66375
1.66969
1.67646
1.68285
1.68957
1.69613
1.703
1.70991
1.71687
1.72336
1.73035
1.73684
1.74332
1.75025
1.7569
1.76372
1.76951
1.77666
1.78299
1.78873
1.79435
1.80031
1.8059
1.81157
1.81709
1.82243
1.8276
1.83234
1.83738
1.84149
1.84589
1.84985
1.85385
1.85764
1.86075
1.86438
1.86756
1.8703
1.8738
1.87639
1.87831
1.88028
1.88184
1.88322
1.88539
1.88693
1.88856
1.89004
1.89066
1.89163
1.89224
1.89394
1.89529
1.89533
1.89553
1.89659
1.89662
1.89681
1.89694
1.897
1.89627
1.89646
1.89587
1.89547
1.8955
1.89549
1.89519
1.89485
1.89447
1.89428
1.8938
1.89424
1.89342
1.89279
1.89259
1.89184
1.89104
1.89017
1.88898
1.88821
1.88712
1.8857
1.88492
1.88356
1.88211
1.88129
1.87963
1.87763
1.87552
1.87353
1.87167
1.87017
1.86806
1.86559
1.86348
1.86051
1.85741
1.85443
1.85132
1.84831
1.84542
1.84168
1.8378
1.83404
1.83016
1.8264
1.82251
1.81803
1.81391
1.80944
1.80462
1.79994
1.79419
1.78955
1.78458
1.77976
1.77461
1.77011
1.76506
1.76042
1.755
1.75001
1.74449
1.73893
1.73357
1.72819
1.72206
1.71641
1.71074
1.70557
1.70015
1.69452
1.68866
1.68308
1.67754
1.67204
1.66708
1.66193
1.65662
1.65138
1.64573
1.64066
1.6352
1.63008
1.62555
1.62088
1.61657
1.61215
1.6076
1.60391
1.59986
1.59595
1.59218
1.58878
1.58528
1.58217
1.57919
1.57612
1.57343
1.5704
1.56799
1.56572
1.56335
1.56111
1.55876
1.55679
1.5547
1.55322
1.55187
1.55063
1.54927
1.54826
1.54712
1.54584
1.54442
1.54383
1.54333
1.54292
1.54236
1.5414
1.54101
1.54045
1.54021
1.54005
1.5402
1.54067
1.54096
1.54109
1.54104
1.54154
1.54283
1.5425
1.54247
1.543
1.54287
1.54281
1.54378
1.54483
1.54667
1.54762
1.5489
1.55025
1.55097
1.55153
1.55267
1.55437
1.55618
1.55759
1.55935
1.56122
1.56343
1.56551
1.56843
1.57098
1.57293
1.57524
1.57792
1.58097
1.58367
1.58698
1.59066
1.59376
1.597
1.60037
1.60388
1.60778
1.61182
1.61528
1.61961
1.62383
1.6282
1.63295
1.63784
1.64311
1.64851
1.65333
1.65804
1.6636
1.66953
1.67534
1.68176
1.68756
1.69323
1.69998
1.70634
1.71304
1.71959
1.72646
1.73342
1.74069
1.7473
1.75446
1.76119
1.7682
1.77526
1.78211
1.78947
1.79685
1.804
1.81115
1.81855
1.82619
1.83308
1.84116
1.84825
1.85531
1.86185
1.86907
1.87624
1.88288
1.88946
1.89574
1.90219
1.90882
1.91562
1.92235
1.92877
1.93535
1.94185
1.94804
1.9544
1.95995
1.96592
1.97205
1.97787
1.98362
1.98954
1.99517
2.00121
2.00624
2.01194
2.01734
2.02271
2.02803
2.03308
2.03857
2.0438
2.04949
2.05419
2.05912
2.06452
2.06943
2.07457
2.0797
2.08436
2.08925
2.09365
2.09902
2.10463
2.11024
2.1156
2.12071
2.12581
2.1309
2.13548
2.14076
2.14601
2.15097
2.15636
2.16049
2.16551
2.17118
2.17578
2.18004
2.18442
2.18891
2.19276
2.1967
2.20021
2.20377
2.20735
2.21047
2.21334
2.21571
2.2178
2.21984
2.22157
2.2232
2.22474
2.22544
2.22602
2.22572
2.22528
2.22419
2.22317
2.22149
2.21962
2.21731
2.21385
2.21043
2.20705
2.20299
2.19826
2.19285
2.1875
2.18125
2.17483
2.16777
2.16081
2.15275
2.14482
2.1363
2.12794
2.11927
2.1096
2.10014
2.09067
2.08074
2.07037
2.06054
2.05056
2.03996
2.02973
2.01822
2.00713
1.996
1.98558
1.97445
1.96358
1.9535
1.94301
1.93213
1.92185
1.91171
1.90172
1.89215
1.88181
1.87192
1.86273
1.85402
1.84509
1.83666
1.82827
1.82042
1.81238
1.8049
1.79798
1.79115
1.78489
1.77898
1.77293
1.76772
1.76311
1.75862
1.7545
1.75026
1.74639
1.74336
1.74023
1.73698
1.73482
1.73303
1.73183
1.73004
1.72932
1.72968
1.73014
1.72998
1.73063
1.73162
1.73292
1.73431
1.73648
1.73847
1.74099
1.74403
1.74711
1.75093
1.75403
1.75738
1.76144
1.76524
1.76997
1.77489
1.77975
1.78526
1.79021
1.7953
1.80052
1.80681
1.81249
1.81777
1.8236
1.82925
1.83519
1.84066
1.84687
1.8526
1.85806
1.86397
1.87007
1.87587
1.88182
1.88768
1.89294
1.89856
1.90355
1.90839
1.91329
1.91825
1.92301
1.92732
1.9314
1.93451
1.93762
1.94119
1.94448
1.94725
1.94996
1.95188
1.9535
1.95479
1.95599
1.95661
1.9569
1.95683
1.95642
1.95589
1.955
1.95375
1.95142
1.94921
1.94687
1.9437
1.94042
1.93726
1.934
1.92943
1.92501
1.92025
1.91493
1.90906
1.90337
1.89762
1.89111
1.88481
1.87801
1.87168
1.8644
1.85641
1.8487
1.84127
1.83319
1.82494
1.81654
1.80777
1.79888
1.79061
1.78202
1.77311
1.7639
1.75466
1.74659
1.73755
1.72852
1.71926
1.71052
1.70134
1.69271
1.68438
1.67591
1.66657
1.6583
1.65015
1.64214
1.63355
1.62583
1.61827
1.6104
1.60319
1.59544
1.58764
1.58028
1.57336
1.5664
1.55966
1.55312
1.54705
1.54144
1.53556
1.53015
1.52544
1.52095
1.51571
1.51142
1.50734
1.50347
1.49958
1.49637
1.49311
1.49006
1.48696
1.485
1.48273
1.48064
1.47871
1.47694
1.47531
1.47455
1.47319
1.47196
1.47109
1.46983
1.4694
1.46833
1.46711
1.46691
1.46581
1.46477
1.46377
1.46304
1.46258
1.46142
1.46099
1.46007
1.45964
1.45895
1.45776
1.45678
1.45601
1.45497
1.45412
1.45322
1.45228
1.45127
1.45045
1.4498
1.44837
1.4464
1.44555
1.44464
1.44294
1.44118
1.43959
1.43818
1.43671
1.43494
1.43383
1.43147
1.42955
1.42734
1.42534
1.42355
1.42125
1.4187
1.41662
1.41429
1.41173
1.40991
1.40763
1.40562
1.40389
1.40198
1.40012
1.39834
1.39663
1.39478
1.39278
1.39065
1.38961
1.38845
1.38744
1.38633
1.38514
1.38437
1.38377
1.38385
1.38412
1.38436
1.38458
1.38478
1.38546
1.38661
1.38802
1.38967
1.39183
1.39425
1.3967
1.39942
1.40314
1.40667
1.41023
1.41431
1.41869
1.42262
1.42756
1.43181
1.43683
1.44237
1.44817
1.45401
1.46035
1.46718
1.47402
1.4811
1.48841
1.49594
1.50416
1.51186
1.51998
1.52803
1.53648
1.5446
1.55333
1.56217
1.57135
1.58037
1.58945
1.59811
1.60752
1.61694
1.62612
1.63504
1.64417
1.65324
1.66201
1.67094
1.67928
1.688
1.6961
1.70479
1.71309
1.72074
1.72869
1.73623
1.74405
1.75167
1.75884
1.7646
1.77158
1.77834
1.78464
1.79072
1.79658
1.80172
1.80689
1.8116
1.81705
1.82157
1.82613
1.83024
1.83439
1.83836
1.84214
1.84503
1.84847
1.85222
1.85511
1.85784
1.86068
1.8629
1.86573
1.86819
1.87007
1.87233
1.87353
1.87584
1.87807
1.87975
1.88135
1.88337
1.88461
1.88675
1.88836
1.88992
1.8912
1.89317
1.89461
1.89627
1.89789
1.89925
1.90106
1.90286
1.90391
1.90495
1.90622
1.90772
1.90921
1.91046
1.91194
1.91294
1.91419
1.9152
1.91621
1.91748
1.919
1.92102
1.92257
1.92367
1.9255
1.92712
1.92853
1.93021
1.93192
1.93391
1.93497
1.93583
1.93793
1.9396
1.94155
1.94307
1.94489
1.94651
1.94867
1.95089
1.95268
1.9543
1.95645
1.95842
1.96118
1.96376
1.96616
1.96863
1.97115
1.97423
1.97664
1.97936
1.98238
1.98546
1.98836
1.99108
1.99411
1.99647
1.99985
2.00304
2.00629
2.00959
2.01319
2.01683
2.02004
2.02305
2.02658
2.03016
2.03425
2.03766
2.04086
2.04482
2.04856
2.05185
2.05564
2.05922
2.06282
2.06691
2.07078
2.07491
2.07952
2.08367
2.08758
2.09149
2.09541
2.09909
2.103
2.10644
2.10986
2.11401
2.11814
2.12179
2.12615
2.13025
2.13483
2.13914
2.1432
2.14701
2.15104
2.15481
2.15856
2.16229
2.16599
2.16968
2.17357
2.17768
2.18104
2.18461
2.18838
2.19236
2.19534
2.19876
2.20189
2.20547
2.20923
2.2127
2.21588
2.21924
2.2223
2.22529
2.22774
2.23035
2.23289
2.23535
2.23796
2.24073
2.24364
2.24574
2.24821
2.25034
2.25236
2.255
2.25703
2.25846
2.26001
2.26144
2.26322
2.26487
2.26591
2.26681
2.26782
2.26869
2.26871
2.26955
2.26977
2.26962
2.26981
2.26915
2.26835
2.26743
2.26686
2.26594
2.26513
2.26397
2.2627
2.26181
2.26058
2.25926
2.25809
2.2566
2.25504
2.25316
2.25147
2.24995
2.24839
2.24582
2.24418
2.24203
2.24009
2.23789
2.23569
2.23371
2.23174
2.23001
2.22805
2.22635
2.22466
2.22252
2.22041
2.21833
2.21653
2.21453
2.21281
2.21138
2.20975
2.20842
2.20666
2.20543
2.2045
2.20266
2.20136
2.19988
2.19918
2.19782
2.197
2.19625
2.19555
2.19468
2.19435
2.19383
2.19314
2.19226
2.19145
2.19069
2.18999
2.18959
2.18949
2.18944
2.18921
2.18903
2.18915
2.18909
2.18884
2.18841
2.18875
2.18915
2.18935
2.18962
2.18945
2.18982
2.19048
2.19071
2.19123
2.1918
2.19218
2.19261
2.1931
2.19411
2.19493
2.19579
2.19695
2.19766
2.19866
2.19922
2.20006
2.20141
2.20184
2.2035
2.20447
2.20547
2.20673
2.20826
2.20908
2.21016
2.21149
2.21235
2.21394
2.21529
2.2164
2.21726
2.21836
2.21921
2.22053
2.2216
2.22313
2.2244
2.22566
2.22689
2.2281
2.22929
2.22997
2.23135
2.23223
2.23284
2.23416
2.23545
2.23649
2.23752
2.23853
2.24001
2.24053
2.24153
2.24228
2.24401
2.24431
2.24558
2.24712
2.24772
2.24932
2.25071
2.25119
2.25244
2.2535
2.25487
2.25654
2.2578
2.25961
2.26103
2.26252
2.2641
2.26602
2.26802
2.27012
2.27279
2.27508
2.27698
2.2797
2.28228
2.28447
2.28771
2.2908
2.29422
2.29797
2.30083
2.30472
2.30724
2.31127
2.31463
2.31853
2.32198
2.32547
2.32899
2.33254
2.33634
2.33966
2.3425
2.34605
2.3503
2.3538
2.35703
2.36069
2.36382
2.3669
2.3699
2.37283
2.37641
2.37941
2.38256
2.38538
2.38737
2.39021
2.39295
2.39556
2.39854
2.40092
2.40293
2.40507
2.40683
2.40823
2.40999
2.41235
2.41362
2.41526
2.41606
2.41674
2.4178
2.41851
2.41913
2.4194
2.41959
2.41992
2.41946
2.42013
2.42024
2.4203
2.42102
2.42049
2.42065
2.42028
2.41989
2.41972
2.41929
2.41934
2.41915
2.41872
2.41878
2.41862
2.41824
2.4191
2.41926
2.41922
2.41946
2.41926
2.41936
2.41998
2.42019
2.42117
2.42173
2.42236
2.42257
2.42308
2.4239
2.42455
2.42503
2.4263
2.42691
2.42783
2.42906
2.43036
2.43148
2.43291
2.43367
2.4345
2.43587
2.43729
2.43781
2.43933
2.44043
2.44206
2.44373
2.44544
2.4472
2.44875
2.4501
2.45268
2.45457
2.45648
2.45818
2.45991
2.4619
2.46366
2.46592
2.46796
2.47001
2.47207
2.47366
2.4755
2.47783
2.47993
2.48252
2.48439
2.48674
2.48886
2.49074
2.49263
2.49476
2.49618
2.49857
2.50048
2.50288
2.50529
2.50723
2.50966
2.51187
2.51409
2.51657
2.51858
2.52062
2.52291
2.52499
2.5271
2.52899
2.53139
2.53382
2.53653
2.53927
2.54181
2.54415
2.54676
2.5499
2.55261
2.55584
2.55863
2.56123
2.56364
2.56658
2.57004
2.57308
2.57593
2.57907
2.58226
2.58574
2.58879
2.59214
2.59529
2.59874
2.60272
2.60674
2.61009
2.61348
2.61788
2.62185
2.62561
2.6299
2.63398
2.63785
2.64176
2.64595
2.64992
2.65367
2.65793
2.66197
2.66603
2.67058
2.67442
2.6785
2.68307
2.68715
2.69075
2.69433
2.69886
2.70313
2.70665
2.71086
2.71527
2.7194
2.72324
2.72653
2.73073
2.73438
2.73794
2.74166
2.74505
2.74858
2.75151
2.75433
2.75726
2.75957
2.76198
2.76448
2.76682
2.769
2.77051
2.77256
2.77417
2.77534
2.77774
2.77824
2.779
2.78
2.78052
2.7808
2.78034
2.78011
2.77914
2.77862
2.77734
2.77603
2.77421
2.77162
2.76923
2.7668
2.76361
2.76037
2.75709
2.754
2.7504
2.74579
2.74139
2.73648
2.73154
2.72585
2.72015
2.71419
2.7087
2.70274
2.69582
2.68867
2.68154
2.67419
2.66665
2.65891
2.65098
2.64311
2.63507
2.62615
2.61756
2.60906
2.6002
2.59072
2.5809
2.57096
2.56141
2.55178
2.54182
2.53228
2.52268
2.51303
2.50334
2.49361
2.48385
2.47456
2.46478
2.45523
2.44545
2.43569
2.42571
2.41575
2.40656
2.39668
2.38758
2.37782
2.3686
2.35826
2.34895
2.33997
2.33109
2.3211
2.31146
2.30242
2.29398
2.28542
2.277
2.26873
2.26011
2.25214
2.24456
2.23691
2.22919
2.22165
2.21454
2.20689
2.19992
2.19338
2.18682
2.18069
2.1743
2.16885
2.16338
2.15789
2.15239
2.14736
2.1428
2.13847
2.13463
2.13078
2.12716
2.12403
2.12089
2.11823
2.11533
2.1129
2.1107
2.10897
2.10747
2.10595
2.10489
2.10333
2.10246
2.10204
2.10182
2.10132
2.10149
2.10136
2.10165
2.10284
2.10395
2.10474
2.10544
2.10653
2.10776
2.10889
2.1099
2.11175
2.1142
2.11604
2.11773
2.11953
2.12141
2.12411
2.12616
2.12829
2.13049
2.13252
2.13509
2.13724
2.13969
2.14268
2.14644
2.1488
2.15193
2.1551
2.15808
2.16157
2.16462
2.16723
2.16963
2.17254
2.17548
2.17868
2.18191
2.18565
2.1894
2.19293
2.19623
2.1993
2.20237
2.20569
2.20899
2.21181
2.21485
2.2181
2.22133
2.22476
2.22814
2.2317
2.23472
2.23814
2.241
2.244
2.24666
2.24943
2.25208
2.25411
2.25622
2.25817
2.25994
2.26152
2.26314
2.26502
2.26595
2.26664
2.26684
2.26701
2.26691
2.26653
2.26585
2.26511
2.26381
2.26243
2.26073
2.2582
2.25533
2.25236
2.24904
2.24512
2.24109
2.23695
2.23198
2.22641
2.22145
2.21495
2.20906
2.20261
2.19582
2.18896
2.18155
2.17384
2.16656
2.15828
2.14974
2.14095
2.13192
2.12316
2.11394
2.10502
2.09471
2.08473
2.07461
2.06413
2.05329
2.04261
2.03136
2.02078
2.01016
1.99903
1.98836
1.97698
1.96634
1.95573
1.94493
1.93442
1.92399
1.9134
1.90362
1.89322
1.88366
1.87349
1.8637
1.85428
1.845
1.83611
1.82665
1.81759
1.80868
1.7997
1.79111
1.78294
1.77493
1.76612
1.75747
1.75018
1.74258
1.73538
1.72809
1.72072
1.7135
1.70642
1.69973
1.69318
1.68677
1.68097
1.6753
1.66951
1.66385
1.65806
1.65238
1.64681
1.64159
1.63551
1.63026
1.6251
1.61981
1.61484
1.60997
1.60519
1.60051
1.59591
1.59165
1.58699
1.58291
1.57844
1.5743
1.57049
1.56654
1.56317
1.5587
1.55456
1.55125
1.54781
1.54447
1.54124
1.53813
1.53513
1.53225
1.52948
1.52659
1.52383
1.52143
1.51891
1.51628
1.51474
1.51309
1.5118
1.51088
1.5096
1.50845
1.50719
1.5058
1.50526
1.50436
1.5031
1.50243
1.50187
1.50095
1.50061
1.50061
1.49976
1.49972
1.49977
1.4999
1.49988
1.50042
1.50151
1.50195
1.50245
1.50349
1.50482
1.50499
1.50593
1.5057
1.50623
1.50678
1.5076
1.50892
1.50977
1.51063
1.5115
1.51213
1.51301
1.51339
1.51497
1.51533
1.51567
1.51672
1.51751
1.51827
1.51852
1.51946
1.5206
1.52148
1.52207
1.52214
1.52241
1.52288
1.52354
1.52416
1.52376
1.52427
1.52449
1.52514
1.52573
1.52554
1.52577
1.5257
1.52533
1.52489
1.52462
1.525
1.52435
1.52387
1.52307
1.52244
1.52197
1.52117
1.52029
1.51909
1.51828
1.51714
1.51591
1.51363
1.51125
1.50975
1.50791
1.50598
1.50467
1.5028
1.50107
1.49877
1.49686
1.49414
1.49181
1.48892
1.48667
1.48482
1.4829
1.47995
1.47693
1.47408
1.47143
1.46873
1.4655
1.46224
1.45895
1.45516
1.45207
1.44874
1.44517
1.44233
1.43903
1.436
1.433
1.43005
1.42715
1.4248
1.42251
1.41983
1.41723
1.41472
1.41232
1.41003
1.40786
1.40654
1.4051
1.40309
1.40145
1.39973
1.39864
1.39746
1.39669
1.39585
1.39541
1.39514
1.39456
1.3944
1.39441
1.39435
1.39471
1.39499
1.39568
1.39654
1.39757
1.39827
1.39985
1.4011
1.40274
1.40477
1.40693
1.4085
1.41115
1.41321
1.41561
1.41765
1.42026
1.42296
1.42647
1.4291
1.43204
1.43504
1.4381
1.44121
1.44436
1.44755
1.45077
1.45425
1.45751
1.46102
1.46454
1.46805
1.47108
1.47433
1.47805
1.48175
1.48494
1.4881
1.49122
1.49431
1.49759
1.50083
1.50377
1.50666
1.50949
1.51226
1.51521
1.5176
1.51992
1.52264
1.5248
1.52664
1.52886
1.53099
1.53303
1.53544
1.53727
1.53898
1.54131
1.54303
1.54414
1.5456
1.54621
1.54763
1.54819
1.54909
1.54958
1.54943
1.5496
1.54936
1.54895
1.54859
1.54806
1.54709
1.54594
1.54459
1.54304
1.54105
1.53958
1.53766
1.53577
1.53344
1.53041
1.52741
1.52421
1.52054
1.51715
1.51356
1.50951
1.50549
1.50127
1.49612
1.4915
1.48717
1.48241
1.47698
1.47138
1.4656
1.45966
1.4538
1.44779
1.44187
1.43534
1.42867
1.42237
1.41547
1.40871
1.40162
1.39468
1.38743
1.38035
1.37346
1.36628
1.3593
1.35206
1.3448
1.3373
1.33028
1.32328
1.31606
1.30816
1.30077
1.29345
1.28666
1.27995
1.27357
1.2668
1.26061
1.25429
1.24785
1.24226
1.23584
1.23053
1.2249
1.21918
1.21388
1.20924
1.20311
1.19812
1.19382
1.18925
1.18441
1.18051
1.17637
1.1727
1.16927
1.1661
1.16366
1.16124
1.1586
1.15648
1.15487
1.15331
1.15275
1.15104
1.15059
1.15044
1.15083
1.15105
1.15158
1.15218
1.15309
1.15408
1.15564
1.15775
1.16019
1.1627
1.16578
1.16918
1.17315
1.17719
1.18202
1.18621
1.19094
1.19622
1.2018
1.20767
1.21335
1.22027
1.22745
1.23394
1.24115
1.24861
1.25606
1.26373
1.27136
1.27967
1.28792
1.29705
1.30586
1.31505
1.3234
1.33233
1.34185
1.35168
1.3611
1.37104
1.38078
1.38982
1.39959
1.40888
1.41741
1.42688
1.43606
1.44543
1.45497
1.46395
1.47285
1.4819
1.49084
1.49992
1.50816
1.51653
1.52525
1.53361
1.54184
1.54994
1.55766
1.56502
1.57272
1.58053
1.58821
1.596
1.60293
1.61023
1.61716
1.62373
1.63066
1.63723
1.64346
1.64933
1.65534
1.66126
1.66731
1.67352
1.6794
1.68568
1.69164
1.69728
1.70261
1.70787
1.71307
1.71846
1.72427
1.72955
1.73455
1.7395
1.74442
1.74955
1.75465
1.75924
1.76405
1.76909
1.77387
1.77936
1.78412
1.78912
1.79412
1.79936
1.8046
1.80961
1.81438
1.81941
1.82445
1.82998
1.83528
1.8406
1.8457
1.8513
1.85643
1.86157
1.86674
1.87191
1.8771
1.88303
1.88776
1.89346
1.89869
1.90392
1.90939
1.91462
1.92008
1.92602
1.93122
1.93664
1.94156
1.94669
1.95203
1.9571
1.96189
1.96711
1.97229
1.97644
1.98126
1.98553
1.99069
1.99553
2.00005
2.00447
2.00904
2.01352
2.0174
2.02117
2.02482
2.02834
2.03198
2.03548
2.03956
2.04301
2.04607
2.0492
2.05218
2.0545
2.05665
2.05886
2.06089
2.06273
2.06462
2.06607
2.06708
2.06813
2.06921
2.06936
2.06954
2.06926
2.06924
2.06925
2.06952
2.06884
2.06818
2.06681
2.06522
2.06364
2.06209
2.05982
2.05758
2.05486
2.05217
2.04853
2.04515
2.04179
2.03845
2.03441
2.03087
2.02687
2.02338
2.01869
2.01355
2.00819
2.0026
1.99727
1.99172
1.98546
1.9792
1.97272
1.96648
1.95929
1.95209
1.94417
1.93673
1.92952
1.92134
1.91242
1.90373
1.89502
1.88581
1.87659
1.86687
1.8569
1.84715
1.83715
1.82643
1.8145
1.80331
1.79188
1.78024
1.76864
1.75612
1.74389
1.73149
1.71869
1.70623
1.69388
1.68166
1.6691
1.65599
1.64282
1.62912
1.6154
1.60191
1.58892
1.57596
1.5628
1.54972
1.53672
1.52383
1.51129
1.49816
1.48567
1.47333
1.46117
1.4492
1.43742
1.4261
1.41475
1.40436
1.39419
1.38403
1.37363
1.36349
1.35312
1.3435
1.33389
1.32407
1.31523
1.30594
1.29739
1.28862
1.28107
1.27354
1.26698
1.25996
1.25318
1.24688
1.24057
1.23402
1.22817
1.2223
1.21736
1.21238
1.20687
1.20228
1.19763
1.19339
1.18932
1.18589
1.18214
1.17828
1.17456
1.17073
1.16701
1.16413
1.16063
1.15748
1.15465
1.15143
1.1483
1.14595
1.1432
1.14075
1.13835
1.13602
1.13325
1.13053
1.12738
1.12547
1.12312
1.12033
1.11806
1.11607
1.11268
1.11126
1.1094
1.10735
1.10535
1.10316
1.10152
1.09945
1.09793
1.09601
1.09464
1.09312
1.09073
1.0894
1.08769
1.08658
1.08608
1.08523
1.08451
1.08394
1.08353
1.08353
1.08321
1.08308
1.08386
1.08485
1.08507
1.08624
1.08763
1.08925
1.09063
1.09226
1.09414
1.09701
1.10038
1.1033
1.10723
