-3.42138
-3.42153
-3.42153
-3.42108
-3.42078
-3.42078
-3.42093
-3.42123
-3.42138
-3.42138
-3.42078
-3.42078
-3.42078
-3.42048
-3.42033
-3.42048
-3.42063
-3.42048
-3.42063
-3.42048
-3.42048
-3.42018
-3.42003
-3.42018
-3.42033
-3.42033
-3.42063
-3.42078
-3.42078
-3.42108
-3.42108
-3.42093
-3.42108
-3.42139
-3.42139
-3.42123
-3.42139
-3.42139
-3.42123
-3.42108
-3.42078
-3.42108
-3.42078
-3.42063
-3.42063
-3.42063
-3.42063
-3.42078
-3.42078
-3.42093
-3.42078
-3.42093
-3.42093
-3.42078
-3.42078
-3.42033
-3.42093
-3.42108
-3.42123
-3.42138
-3.42123
-3.42138
-3.42078
-3.42063
-3.42048
-3.42017
-3.42002
-3.42017
-3.42002
-3.42017
-3.42032
-3.42047
-3.42032
-3.42078
-3.42078
-3.42063
-3.42063
-3.42063
-3.42093
-3.42108
-3.42123
-3.42138
-3.42123
-3.42123
-3.42078
-3.42078
-3.42078
-3.42048
-3.42063
-3.42063
-3.42048
-3.42078
-3.42078
-3.42063
-3.42078
-3.42078
-3.42093
-3.42093
-3.42123
-3.42138
-3.42123
-3.42123
-3.42108
-3.42108
-3.42108
-3.42138
-3.42138
-3.42153
-3.42123
-3.42123
-3.42138
-3.42153
-3.42153
-3.42184
-3.42138
-3.42138
-3.42138
-3.42138
-3.42123
-3.42093
-3.42078
-3.42108
-3.42078
-3.42078
-3.42063
-3.42048
-3.42048
-3.42078
-3.42078
-3.42093
-3.42093
-3.42108
-3.42123
-3.42078
-3.42093
-3.42093
-3.42078
-3.42078
-3.42033
-3.42033
-3.42048
-3.42048
-3.42063
-3.42078
-3.42078
-3.42078
-3.42078
-3.42063
-3.42093
-3.42108
-3.42108
-3.42138
-3.42138
-3.42138
-3.42093
-3.42063
-3.42063
-3.42048
-3.42002
-3.42002
-3.42002
-3.42002
-3.42002
-3.41987
-3.42002
-3.41987
-3.42002
-3.42002
-3.41987
-3.41987
-3.41972
-3.41972
-3.41957
-3.41957
-3.41957
-3.41957
-3.41972
-3.42002
-3.42032
-3.42002
-3.42002
-3.42002
-3.41987
-3.42002
-3.41987
-3.42017
-3.42002
-3.42047
-3.42047
-3.42047
-3.42047
-3.42062
-3.42032
-3.42017
-3.42017
-3.42047
-3.42032
-3.42017
-3.41987
-3.42047
-3.42032
-3.42017
-3.42017
-3.42017
-3.42017
-3.42017
-3.42017
-3.42002
-3.42002
-3.42017
-3.42017
-3.41987
-3.41957
-3.41957
-3.41957
-3.41972
-3.41987
-3.41987
-3.41987
-3.42017
-3.42032
-3.42032
-3.42032
-3.42032
-3.42032
-3.42078
-3.42093
-3.42108
-3.42093
-3.42108
-3.42108
-3.42123
-3.42093
-3.42093
-3.42108
-3.42123
-3.42108
-3.42093
-3.42093
-3.42093
-3.42108
-3.42108
-3.42108
-3.42093
-3.42093
-3.42093
-3.42062
-3.42078
-3.42078
-3.42093
-3.42108
-3.42123
-3.42123
-3.42123
-3.42108
-3.42108
-3.42108
-3.42108
-3.42093
-3.42108
-3.42093
-3.42062
-3.42062
-3.42078
-3.42093
-3.42093
-3.42108
-3.42123
-3.42123
-3.42108
-3.42078
-3.42078
-3.42093
-3.42093
-3.42093
-3.42108
-3.42123
-3.42108
-3.42093
-3.42093
-3.42123
-3.42123
-3.42123
-3.42108
-3.42093
-3.42048
-3.42018
-3.42033
-3.42033
-3.42048
-3.42048
-3.42063
-3.42063
-3.42078
-3.42033
-3.42003
-3.42018
-3.42048
-3.42033
-3.42018
-3.42018
-3.42003
-3.41987
-3.41957
-3.41987
-3.41987
-3.41987
-3.41972
-3.42002
-3.41957
-3.41987
-3.42002
-3.42002
-3.41972
-3.41957
-3.41942
-3.41942
-3.41942
-3.41942
-3.41897
-3.41897
-3.41881
-3.41897
-3.41897
-3.41912
-3.41912
-3.41927
-3.41896
-3.41896
-3.41912
-3.41866
-3.41866
-3.41881
-3.41851
-3.41836
-3.41866
-3.41866
-3.41866
-3.41896
-3.41911
-3.41896
-3.41911
-3.41926
-3.41911
-3.41911
-3.41881
-3.41911
-3.41911
-3.41941
-3.41926
-3.41957
-3.41987
-3.41972
-3.41987
-3.41987
-3.42017
-3.42017
-3.42017
-3.42002
-3.42002
-3.41987
-3.41971
-3.41956
-3.41971
-3.41941
-3.41941
-3.41956
-3.41956
-3.41941
-3.41926
-3.41911
-3.41926
-3.41911
-3.41956
-3.41971
-3.41987
-3.42017
-3.42002
-3.42002
-3.41956
-3.41941
-3.41956
-3.41941
-3.41956
-3.41941
-3.41941
-3.41911
-3.41911
-3.41911
-3.41896
-3.41881
-3.41881
-3.41896
-3.41866
-3.41836
-3.41851
-3.41851
-3.41851
-3.41851
-3.41836
-3.41821
-3.41821
-3.41821
-3.41851
-3.41866
-3.41881
-3.41881
-3.41896
-3.41912
-3.41912
-3.41897
-3.41897
-3.41912
-3.41912
-3.41881
-3.41866
-3.41882
-3.41866
-3.41836
-3.41821
-3.41791
-3.41806
-3.41836
-3.41836
-3.41836
-3.41851
-3.41851
-3.41851
-3.41821
-3.41836
-3.41836
-3.41851
-3.41851
-3.41882
-3.41866
-3.41882
-3.41897
-3.41882
-3.41866
-3.41882
-3.41927
-3.41897
-3.41912
-3.41882
-3.41882
-3.41882
-3.41866
-3.41882
-3.41866
-3.41806
-3.41836
-3.41851
-3.41866
-3.41851
-3.41836
-3.41821
-3.41776
-3.41761
-3.41761
-3.41776
-3.41776
-3.41776
-3.4176
-3.4176
-3.4176
-3.41776
-3.41806
-3.41836
-3.41836
-3.41836
-3.41821
-3.41806
-3.41836
-3.41866
-3.41851
-3.41866
-3.41851
-3.41836
-3.41836
-3.41881
-3.41881
-3.41911
-3.41911
-3.41911
-3.41926
-3.41911
-3.41941
-3.41956
-3.41972
-3.41972
-3.41941
-3.41956
-3.41956
-3.41956
-3.41941
-3.41896
-3.41896
-3.41881
-3.41866
-3.41866
-3.41866
-3.41896
-3.41866
-3.41851
-3.41866
-3.41866
-3.41851
-3.41866
-3.41851
-3.41851
-3.41851
-3.41851
-3.41881
-3.41866
-3.41805
-3.41821
-3.41821
-3.41821
-3.41821
-3.41821
-3.41805
-3.41821
-3.41851
-3.41851
-3.41836
-3.41851
-3.41851
-3.41821
-3.41806
-3.41821
-3.41836
-3.41821
-3.41806
-3.41836
-3.41836
-3.41821
-3.41836
-3.41821
-3.41836
-3.41821
-3.41836
-3.41836
-3.41881
-3.41866
-3.41866
-3.41836
-3.41836
-3.41836
-3.41851
-3.41836
-3.41851
-3.41866
-3.41836
-3.41836
-3.41851
-3.41821
-3.4179
-3.41775
-3.4179
-3.4179
-3.41806
-3.4179
-3.4179
-3.41775
-3.4176
-3.4173
-3.417
-3.417
-3.417
-3.417
-3.41715
-3.41745
-3.4176
-3.4179
-3.41821
-3.41821
-3.41805
-3.41821
-3.41851
-3.41836
-3.41836
-3.41805
-3.41821
-3.41836
-3.41821
-3.41821
-3.41836
-3.41866
-3.41881
-3.41896
-3.41881
-3.41881
-3.41881
-3.41881
-3.41881
-3.41896
-3.41941
-3.41941
-3.41926
-3.41941
-3.41926
-3.41926
-3.41926
-3.41926
-3.41911
-3.41896
-3.41911
-3.41942
-3.41926
-3.41957
-3.41972
-3.41942
-3.41957
-3.41957
-3.41957
-3.41957
-3.41987
-3.41987
-3.42002
-3.41987
-3.42017
-3.42002
-3.41987
-3.42002
-3.42032
-3.42032
-3.42002
-3.42002
-3.41987
-3.42002
-3.41987
-3.41987
-3.42002
-3.41987
-3.41942
-3.41957
-3.41957
-3.41957
-3.41942
-3.41942
-3.41957
-3.41957
-3.41942
-3.41911
-3.41911
-3.41927
-3.41911
-3.41911
-3.41927
-3.41896
-3.41881
-3.41896
-3.41866
-3.41881
-3.41866
-3.41851
-3.41851
-3.41851
-3.41836
-3.41806
-3.41806
-3.41791
-3.4176
-3.4176
-3.41745
-3.41791
-3.41775
-3.41791
-3.4176
-3.4173
-3.4176
-3.4176
-3.41745
-3.4173
-3.4176
-3.4176
-3.41745
-3.41715
-3.4176
-3.4176
-3.4179
-3.41806
-3.4176
-3.4176
-3.4176
-3.4176
-3.41775
-3.41775
-3.4176
-3.4179
-3.41775
-3.4176
-3.4179
-3.4179
-3.4179
-3.4179
-3.4179
-3.41775
-3.41775
-3.4176
-3.4176
-3.4179
-3.41821
-3.41821
-3.41821
-3.41836
-3.41821
-3.41806
-3.4179
-3.41806
-3.41821
-3.41806
-3.4179
-3.4176
-3.4173
-3.41745
-3.41745
-3.41775
-3.4176
-3.4176
-3.4173
-3.4173
-3.4176
-3.4173
-3.4173
-3.41715
-3.4173
-3.41745
-3.41745
-3.4173
-3.41745
-3.4173
-3.41715
-3.4173
-3.4176
-3.4176
-3.4176
-3.41715
-3.4173
-3.4173
-3.4173
-3.4173
-3.4173
-3.4176
-3.4176
-3.4176
-3.41805
-3.4182
-3.4182
-3.41835
-3.41851
-3.4182
-3.41775
-3.41775
-3.41775
-3.41805
-3.4182
-3.4185
-3.41881
-3.41866
-3.41881
-3.41866
-3.41896
-3.41896
-3.41865
-3.41881
-3.41865
-3.4185
-3.41835
-3.4188
-3.41896
-3.41896
-3.41926
-3.41941
-3.41941
-3.41941
-3.41941
-3.41956
-3.41986
-3.41986
-3.41971
-3.41956
-3.41941
-3.41926
-3.41911
-3.41911
-3.41911
-3.41896
-3.41911
-3.41896
-3.41896
-3.41881
-3.41881
-3.41896
-3.41911
-3.41896
-3.41911
-3.41911
-3.41941
-3.41911
-3.41911
-3.41956
-3.41956
-3.41941
-3.41956
-3.41956
-3.41956
-3.41956
-3.41956
-3.41956
-3.41956
-3.41987
-3.41956
-3.41926
-3.41926
-3.41911
-3.41911
-3.41881
-3.41881
-3.41926
-3.41926
-3.41911
-3.41911
-3.41911
-3.41896
-3.41896
-3.41881
-3.41851
-3.41896
-3.41911
-3.41941
-3.41941
-3.41926
-3.41896
-3.41896
-3.41881
-3.41851
-3.41836
-3.41836
-3.41806
-3.41806
-3.4176
-3.4176
-3.4179
-3.41806
-3.41821
-3.41866
-3.41911
-3.41911
-3.41896
-3.41896
-3.41896
-3.41896
-3.41866
-3.41881
-3.41866
-3.41866
-3.41866
-3.41881
-3.41911
-3.41927
-3.41896
-3.41896
-3.41866
-3.41881
-3.41911
-3.41896
-3.41912
-3.41927
-3.41942
-3.41972
-3.41987
-3.42032
-3.42048
-3.42017
-3.42032
-3.42032
-3.42017
-3.42017
-3.42002
-3.42017
-3.42032
-3.42032
-3.42048
-3.42063
-3.42078
-3.42093
-3.42093
-3.42078
-3.42108
-3.42123
-3.42078
-3.42153
-3.42184
-3.42153
-3.42153
-3.42168
-3.42153
-3.42138
-3.42138
-3.42138
-3.42108
-3.42138
-3.42138
-3.42138
-3.42123
-3.42123
-3.42108
-3.42093
-3.42093
-3.42078
-3.42093
-3.42078
-3.42047
-3.42047
-3.42062
-3.42062
-3.42032
-3.42062
-3.42062
-3.42062
-3.42077
-3.42092
-3.42123
-3.42108
-3.42138
-3.42123
-3.42123
-3.42138
-3.42138
-3.42123
-3.42138
-3.42153
-3.42168
-3.42168
-3.42183
-3.42243
-3.42274
-3.42258
-3.42258
-3.42273
-3.42273
-3.42288
-3.42304
-3.42304
-3.42304
-3.42303
-3.42288
-3.42273
-3.42288
-3.42303
-3.42318
-3.42318
-3.42288
-3.42303
-3.42303
-3.42303
-3.42303
-3.42318
-3.42364
-3.42394
-3.42379
-3.42379
-3.42394
-3.42394
-3.42364
-3.42364
-3.42379
-3.42379
-3.42364
-3.42379
-3.42349
-3.42379
-3.42364
-3.42379
-3.42349
-3.42334
-3.42349
-3.42364
-3.42349
-3.42349
-3.42349
-3.42349
-3.42334
-3.42364
-3.42364
-3.4238
-3.42349
-3.42365
-3.4235
-3.42319
-3.42304
-3.42274
-3.42274
-3.42274
-3.42289
-3.42259
-3.42274
-3.42274
-3.42259
-3.42229
-3.42244
-3.42229
-3.42244
-3.42289
-3.42274
-3.42289
-3.42289
-3.42244
-3.42229
-3.42259
-3.42244
-3.42244
-3.42259
-3.42229
-3.42259
-3.42259
-3.42289
-3.42274
-3.42259
-3.42274
-3.42244
-3.42244
-3.42229
-3.42199
-3.42168
-3.42168
-3.42214
-3.42214
-3.42229
-3.42229
-3.42183
-3.42183
-3.42183
-3.42183
-3.42199
-3.42183
-3.42183
-3.42168
-3.42199
-3.42183
-3.42199
-3.42153
-3.42093
-3.42093
-3.42108
-3.42123
-3.42093
-3.42078
-3.42078
-3.42047
-3.42047
-3.42078
-3.42078
-3.42123
-3.42108
-3.42123
-3.42123
-3.42123
-3.42123
-3.42138
-3.42138
-3.42153
-3.42183
-3.42183
-3.42183
-3.42214
-3.42198
-3.42183
-3.42168
-3.42153
-3.42123
-3.42093
-3.42108
-3.42047
-3.42062
-3.42077
-3.42032
-3.42017
-3.42017
-3.42002
-3.42017
-3.42002
-3.42002
-3.42002
-3.41987
-3.41987
-3.41972
-3.41987
-3.41972
-3.41987
-3.41972
-3.42002
-3.42032
-3.42002
-3.41987
-3.41987
-3.41987
-3.41956
-3.41987
-3.41972
-3.41972
-3.41987
-3.42002
-3.41972
-3.41987
-3.41972
-3.41987
-3.41987
-3.41941
-3.41911
-3.41881
-3.41866
-3.41881
-3.41881
-3.41851
-3.41866
-3.41896
-3.41896
-3.41836
-3.41821
-3.41821
-3.41821
-3.41866
-3.41866
-3.41866
-3.41896
-3.41881
-3.41911
-3.41896
-3.41881
-3.41866
-3.41851
-3.41851
-3.41851
-3.41836
-3.41821
-3.41851
-3.41836
-3.41851
-3.41851
-3.41866
-3.41896
-3.41896
-3.41881
-3.41881
-3.41836
-3.41821
-3.41851
-3.41851
-3.41851
-3.41836
-3.41866
-3.41866
-3.41881
-3.41881
-3.41866
-3.41851
-3.41866
-3.41896
-3.41851
-3.41881
-3.41866
-3.41896
-3.41896
-3.41896
-3.41866
-3.41866
-3.41836
-3.41836
-3.41866
-3.41881
-3.41896
-3.41896
-3.41896
-3.41911
-3.41896
-3.41911
-3.41956
-3.41956
-3.41941
-3.41941
-3.41926
-3.41896
-3.41881
-3.41881
-3.41896
-3.41896
-3.41866
-3.41881
-3.41896
-3.41941
-3.41956
-3.41971
-3.41971
-3.41971
-3.41926
-3.41956
-3.41941
-3.41987
-3.42032
-3.42002
-3.42002
-3.42047
-3.42077
-3.42123
-3.42123
-3.42107
-3.42138
-3.42123
-3.42138
-3.42183
-3.42198
-3.42183
-3.42183
-3.42198
-3.42198
-3.42198
-3.42198
-3.42198
-3.42213
-3.42244
-3.42228
-3.42228
-3.42244
-3.42259
-3.42274
-3.42213
-3.42213
-3.42198
-3.42228
-3.42228
-3.42213
-3.42198
-3.42183
-3.42168
-3.42153
-3.42138
-3.42093
-3.42077
-3.42077
-3.42077
-3.42108
-3.42108
-3.42108
-3.42108
-3.42108
-3.42123
-3.42123
-3.42138
-3.42123
-3.42108
-3.42123
-3.42123
-3.42123
-3.42123
-3.42108
-3.42108
-3.42093
-3.42123
-3.42138
-3.42153
-3.42123
-3.42108
-3.42092
-3.42108
-3.42108
-3.42168
-3.42198
-3.42183
-3.42168
-3.42168
-3.42168
-3.42183
-3.42183
-3.42153
-3.42168
-3.42153
-3.42168
-3.42183
-3.42183
-3.42183
-3.42183
-3.42198
-3.42168
-3.42183
-3.42138
-3.42123
-3.42123
-3.42092
-3.42092
-3.42093
-3.42077
-3.42077
-3.42062
-3.42032
-3.42047
-3.42047
-3.42047
-3.42062
-3.42047
-3.42002
-3.42032
-3.42017
-3.42032
-3.42063
-3.42047
-3.42047
-3.42047
-3.42047
-3.42063
-3.42063
-3.42078
-3.42063
-3.42047
-3.42032
-3.42063
-3.42032
-3.42062
-3.42078
-3.42062
-3.42078
-3.42078
-3.42062
-3.42062
-3.42047
-3.42047
-3.42062
-3.42032
-3.42047
-3.42047
-3.42047
-3.42047
-3.42062
-3.42047
-3.42017
-3.42002
-3.42002
-3.42017
-3.42047
-3.42047
-3.42062
-3.42092
-3.42077
-3.42092
-3.42092
-3.42092
-3.42062
-3.42077
-3.42062
-3.42062
-3.42062
-3.42077
-3.42062
-3.42047
-3.42062
-3.42122
-3.42137
-3.42122
-3.42152
-3.42137
-3.42107
-3.42122
-3.42122
-3.42137
-3.42152
-3.42137
-3.42152
-3.42152
-3.42137
-3.42167
-3.42122
-3.42107
-3.42107
-3.42122
-3.42092
-3.42077
-3.42077
-3.42122
-3.42137
-3.42107
-3.42107
-3.42107
-3.42092
-3.42153
-3.42153
-3.42153
-3.42153
-3.42153
-3.42183
-3.42183
-3.42183
-3.42153
-3.42153
-3.42138
-3.42138
-3.42123
-3.42123
-3.42123
-3.42108
-3.42093
-3.42123
-3.42108
-3.42093
-3.42093
-3.42078
-3.42078
-3.42063
-3.42078
-3.42108
-3.42108
-3.42078
-3.42047
-3.42047
-3.42047
-3.42047
-3.42032
-3.42032
-3.42017
-3.42032
-3.42032
-3.42032
-3.42032
-3.42017
-3.42017
-3.42017
-3.42017
-3.42017
-3.41957
-3.41972
-3.41972
-3.41972
-3.41987
-3.41957
-3.41972
-3.41972
-3.41987
-3.42017
-3.42017
-3.42047
-3.42032
-3.42002
-3.41987
-3.42002
-3.42032
-3.42002
-3.42002
-3.42017
-3.42017
-3.41987
-3.41971
-3.41971
-3.41987
-3.41971
-3.41987
-3.41971
-3.42002
-3.42002
-3.41971
-3.41971
-3.42002
-3.42032
-3.42017
-3.42047
-3.42047
-3.42062
-3.42062
-3.42047
-3.42047
-3.42047
-3.42017
-3.42032
-3.42001
-3.42016
-3.42016
-3.42001
-3.42001
-3.42001
-3.42016
-3.42016
-3.42031
-3.42031
-3.42016
-3.42016
-3.42031
-3.42001
-3.41986
-3.41971
-3.41986
-3.41986
-3.41941
-3.4191
-3.41895
-3.41865
-3.41835
-3.41835
-3.41835
-3.4185
-3.4185
-3.41835
-3.4185
-3.41835
-3.41835
-3.4182
-3.41805
-3.41805
-3.41789
-3.41759
-3.41774
-3.41759
-3.41759
-3.41759
-3.41789
-3.41789
-3.41804
-3.41804
-3.41789
-3.41759
-3.41789
-3.41789
-3.41805
-3.41805
-3.41805
-3.41805
-3.41805
-3.41805
-3.41789
-3.41744
-3.41729
-3.41729
-3.41684
-3.41714
-3.41714
-3.41729
-3.41759
-3.41744
-3.41759
-3.41759
-3.41744
-3.41729
-3.41714
-3.41744
-3.41744
-3.41744
-3.41744
-3.41744
-3.41744
-3.41744
-3.41775
-3.4176
-3.4176
-3.4176
-3.4176
-3.4176
-3.41745
-3.41745
-3.4173
-3.41714
-3.41714
-3.4173
-3.4173
-3.41775
-3.41775
-3.41805
-3.41805
-3.41805
-3.41805
-3.41775
-3.41745
-3.4176
-3.4176
-3.41775
-3.4176
-3.41745
-3.4173
-3.417
-3.417
-3.41684
-3.41669
-3.41669
-3.41669
-3.41669
-3.41669
-3.41654
-3.41639
-3.41639
-3.41624
-3.41624
-3.41639
-3.41639
-3.41654
-3.41684
-3.4173
-3.4173
-3.4173
-3.41745
-3.4176
-3.4176
-3.41715
-3.417
-3.417
-3.41715
-3.41715
-3.4173
-3.4173
-3.4173
-3.41745
-3.41745
-3.41745
-3.4176
-3.4176
-3.4179
-3.4182
-3.41775
-3.4179
-3.41805
-3.4182
-3.41836
-3.41851
-3.41851
-3.41866
-3.41896
-3.41896
-3.41881
-3.4182
-3.4182
-3.41805
-3.4182
-3.41836
-3.41835
-3.41805
-3.4179
-3.4173
-3.4176
-3.41745
-3.41745
-3.41745
-3.4176
-3.4179
-3.41775
-3.4179
-3.4179
-3.41805
-3.41805
-3.4179
-3.41775
-3.4176
-3.4173
-3.4176
-3.4173
-3.4173
-3.41714
-3.41714
-3.41699
-3.41654
-3.41669
-3.41684
-3.41654
-3.41684
-3.41714
-3.41684
-3.41715
-3.41699
-3.41684
-3.41669
-3.41684
-3.41715
-3.41715
-3.4176
-3.4176
-3.41775
-3.4176
-3.41775
-3.41775
-3.41775
-3.41775
-3.41745
-3.4173
-3.41745
-3.41745
-3.4173
-3.41715
-3.41715
-3.41715
-3.417
-3.41684
-3.41684
-3.41654
-3.41624
-3.41624
-3.41639
-3.41654
-3.41654
-3.41654
-3.41684
-3.41715
-3.41714
-3.4173
-3.41745
-3.4176
-3.4179
-3.4176
-3.41775
-3.4179
-3.41805
-3.4176
-3.4176
-3.41729
-3.41714
-3.41729
-3.41745
-3.41745
-3.41745
-3.4173
-3.4176
-3.4173
-3.41745
-3.41714
-3.41714
-3.4173
-3.4173
-3.4173
-3.41745
-3.4176
-3.41745
-3.4176
-3.41775
-3.41745
-3.4176
-3.41775
-3.4179
-3.4182
-3.41805
-3.4179
-3.41805
-3.4179
-3.4179
-3.41805
-3.4182
-3.41835
-3.4185
-3.41866
-3.41881
-3.41911
-3.41926
-3.41971
-3.41971
-3.41986
-3.41956
-3.41941
-3.41941
-3.41926
-3.41926
-3.41926
-3.41926
-3.41896
-3.41911
-3.41926
-3.41956
-3.41986
-3.41956
-3.41986
-3.41986
-3.41956
-3.41956
-3.41971
-3.41986
-3.41971
-3.41986
-3.42016
-3.41986
-3.42001
-3.42016
-3.42031
-3.42001
-3.42001
-3.42016
-3.42016
-3.42016
-3.42001
-3.42001
-3.41986
-3.42001
-3.41986
-3.41956
-3.41971
-3.42001
-3.42031
-3.42046
-3.42031
-3.41986
-3.42016
-3.42046
-3.42046
-3.42046
-3.42062
-3.42092
-3.42137
-3.42152
-3.42152
-3.42182
-3.42182
-3.42167
-3.42198
-3.42228
-3.42243
-3.42243
-3.42258
-3.42243
-3.42228
-3.42183
-3.42152
-3.42168
-3.42168
-3.42198
-3.42198
-3.42213
-3.42228
-3.42228
-3.42198
-3.42183
-3.42168
-3.42153
-3.42153
-3.42137
-3.42153
-3.42153
-3.42137
-3.42137
-3.42107
-3.42122
-3.42122
-3.42077
-3.42017
-3.42032
-3.42047
-3.42062
-3.42077
-3.42062
-3.42062
-3.42047
-3.42047
-3.42032
-3.42047
-3.42032
-3.42002
-3.42002
-3.42002
-3.42032
-3.42032
-3.42032
-3.42047
-3.42032
-3.42062
-3.42077
-3.42062
-3.42062
-3.42092
-3.42092
-3.42107
-3.42092
-3.42107
-3.42077
-3.42077
-3.42062
-3.42062
-3.42047
-3.42047
-3.42047
-3.42032
-3.42017
-3.42002
-3.41987
-3.41987
-3.41987
-3.42002
-3.41987
-3.42032
-3.42017
-3.42002
-3.41987
-3.41987
-3.41987
-3.41956
-3.41987
-3.42002
-3.42017
-3.42017
-3.42032
-3.41987
-3.42017
-3.42017
-3.42002
-3.42032
-3.42032
-3.41987
-3.41956
-3.41971
-3.41971
-3.42002
-3.42002
-3.41986
-3.41986
-3.41986
-3.41986
-3.41941
-3.41956
-3.42002
-3.42002
-3.42017
-3.42017
-3.41971
-3.41986
-3.41971
-3.41956
-3.41941
-3.41911
-3.41926
-3.41956
-3.41941
-3.41941
-3.41941
-3.41911
-3.41896
-3.41881
-3.41896
-3.41881
-3.41911
-3.41911
-3.41911
-3.41911
-3.41896
-3.41896
-3.4188
-3.4188
-3.4188
-3.41865
-3.41865
-3.4188
-3.41911
-3.41926
-3.41911
-3.41926
-3.41926
-3.41941
-3.41971
-3.41956
-3.41941
-3.41926
-3.41911
-3.41911
-3.41896
-3.41896
-3.41911
-3.41926
-3.41941
-3.41926
-3.41941
-3.41926
-3.41896
-3.41911
-3.41941
-3.41956
-3.41926
-3.41941
-3.41911
-3.41926
-3.41926
-3.41956
-3.41926
-3.41926
-3.41911
-3.41911
-3.41911
-3.4188
-3.4185
-3.41865
-3.4188
-3.41896
-3.41895
-3.41865
-3.4182
-3.41805
-3.4179
-3.41744
-3.41714
-3.41714
-3.41714
-3.41729
-3.41744
-3.41744
-3.41744
-3.41759
-3.41774
-3.41774
-3.41789
-3.41789
-3.41774
-3.41789
-3.41789
-3.41789
-3.41789
-3.41759
-3.41729
-3.41759
-3.41759
-3.41759
-3.41759
-3.41759
-3.41759
-3.41759
-3.41759
-3.41759
-3.41789
-3.4179
-3.41774
-3.41775
-3.41805
-3.41729
-3.41699
-3.41714
-3.41684
-3.41684
-3.41684
-3.41684
-3.41669
-3.41654
-3.41669
-3.41654
-3.41654
-3.41624
-3.41609
-3.41624
-3.41639
-3.41639
-3.41624
-3.41624
-3.41639
-3.41609
-3.41609
-3.41624
-3.41594
-3.41579
-3.41579
-3.41564
-3.41564
-3.41579
-3.41564
-3.41549
-3.41549
-3.41564
-3.41564
-3.41564
-3.41624
-3.41609
-3.41609
-3.41594
-3.41594
-3.41594
-3.41609
-3.41624
-3.41624
-3.41639
-3.41639
-3.41609
-3.41624
-3.41609
-3.41579
-3.41594
-3.41579
-3.41579
-3.41579
-3.41549
-3.41564
-3.41579
-3.41549
-3.41564
-3.41579
-3.41564
-3.41579
-3.41594
-3.41564
-3.41579
-3.41579
-3.41624
-3.41639
-3.41655
-3.41655
-3.41685
-3.4173
-3.41745
-3.41745
-3.4176
-3.417
-3.417
-3.417
-3.417
-3.41685
-3.41745
-3.41745
-3.4176
-3.4176
-3.41745
-3.41745
-3.41745
-3.4176
-3.4176
-3.41745
-3.41745
-3.4176
-3.41745
-3.4173
-3.41715
-3.4173
-3.41745
-3.41715
-3.41715
-3.41715
-3.41699
-3.41684
-3.41684
-3.41699
-3.41699
-3.4173
-3.41714
-3.41684
-3.41684
-3.41714
-3.41714
-3.41714
-3.41744
-3.41729
-3.4176
-3.41775
-3.41775
-3.41759
-3.41744
-3.41759
-3.41759
-3.41744
-3.41744
-3.41729
-3.41729
-3.41744
-3.41775
-3.4179
-3.41775
-3.41775
-3.41744
-3.41774
-3.4179
-3.4179
-3.41774
-3.41805
-3.4182
-3.4182
-3.4182
-3.4182
-3.4182
-3.4182
-3.41835
-3.4182
-3.4182
-3.4182
-3.4182
-3.41805
-3.4182
-3.41805
-3.4179
-3.41775
-3.41775
-3.4182
-3.4179
-3.4182
-3.41835
-3.41805
-3.4179
-3.41805
-3.41835
-3.41865
-3.41881
-3.41896
-3.41896
-3.41896
-3.41926
-3.41911
-3.41926
-3.41941
-3.41956
-3.41926
-3.41926
-3.41926
-3.41926
-3.41941
-3.41956
-3.41956
-3.41926
-3.41956
-3.41941
-3.41941
-3.41941
-3.41911
-3.41926
-3.41926
-3.41896
-3.41926
-3.41926
-3.41926
-3.41881
-3.41881
-3.41896
-3.41881
-3.41926
-3.41926
-3.41926
-3.41896
-3.41896
-3.41881
-3.41866
-3.41851
-3.41866
-3.41851
-3.41805
-3.4182
-3.4179
-3.41805
-3.4182
-3.41805
-3.41851
-3.41835
-3.4182
-3.41851
-3.41835
-3.4182
-3.4185
-3.41866
-3.41866
-3.4185
-3.4182
-3.41805
-3.41835
-3.4185
-3.41835
-3.4182
-3.4182
-3.41835
-3.4185
-3.4185
-3.41865
-3.41865
-3.41835
-3.41835
-3.4185
-3.41835
-3.41835
-3.41835
-3.41865
-3.41865
-3.4182
-3.41805
-3.41805
-3.41805
-3.4179
-3.41774
-3.41774
-3.4179
-3.4179
-3.4179
-3.41789
-3.41774
-3.4179
-3.41774
-3.41774
-3.4179
-3.41774
-3.41774
-3.41774
-3.41774
-3.4179
-3.41805
-3.41835
-3.41835
-3.41835
-3.4182
-3.41805
-3.41805
-3.41835
-3.4182
-3.4182
-3.41805
-3.41805
-3.41775
-3.4182
-3.4182
-3.4182
-3.4179
-3.41775
-3.41805
-3.4179
-3.41775
-3.4176
-3.41699
-3.41699
-3.41669
-3.41639
-3.41609
-3.41609
-3.41624
-3.41609
-3.41594
-3.41609
-3.41578
-3.41594
-3.41579
-3.41548
-3.41518
-3.41503
-3.41473
-3.41518
-3.41488
-3.41473
-3.41428
-3.41428
-3.41458
-3.41488
-3.41503
-3.41564
-3.41564
-3.41594
-3.41594
-3.41564
-3.41579
-3.41564
-3.41594
-3.41609
-3.41639
-3.41654
-3.41654
-3.41654
-3.41639
-3.41609
-3.41609
-3.41609
-3.41624
-3.41624
-3.41609
-3.41594
-3.41624
-3.41624
-3.41594
-3.41579
-3.41579
-3.41579
-3.41579
-3.41579
-3.41579
-3.41594
-3.41624
-3.41639
-3.41654
-3.41624
-3.41609
-3.41609
-3.41609
-3.41654
-3.41669
-3.41669
-3.41685
-3.41654
-3.41639
-3.41609
-3.41594
-3.41594
-3.41579
-3.41548
-3.41503
-3.41533
-3.41518
-3.41533
-3.41564
-3.41564
-3.41579
-3.41609
-3.41594
-3.41579
-3.41563
-3.41594
-3.41579
-3.41548
-3.41563
-3.41548
-3.41548
-3.41579
-3.41578
-3.41563
-3.41548
-3.41533
-3.41518
-3.41518
-3.41503
-3.41518
-3.41503
-3.41488
-3.41473
-3.41473
-3.41427
-3.41427
-3.41427
-3.41397
-3.41412
-3.41397
-3.41382
-3.41397
-3.41382
-3.41397
-3.41397
-3.41397
-3.41397
-3.41427
-3.41443
-3.41443
-3.41443
-3.41428
-3.41397
-3.41397
-3.41367
-3.41352
-3.41352
-3.41352
-3.41352
-3.41352
-3.41352
-3.41337
-3.41352
-3.41337
-3.41352
-3.41367
-3.41397
-3.41397
-3.41382
-3.41397
-3.41413
-3.41367
-3.41367
-3.41397
-3.41397
-3.41428
-3.41428
-3.41428
-3.41428
-3.41412
-3.41397
-3.41397
-3.41397
-3.41413
-3.41413
-3.41397
-3.41397
-3.41382
-3.41397
-3.41413
-3.41397
-3.41397
-3.41382
-3.41397
-3.41412
-3.41428
-3.41443
-3.41428
-3.41428
-3.41412
-3.41443
-3.41428
-3.41443
-3.41458
-3.41488
-3.41488
-3.41488
-3.41473
-3.41443
-3.41473
-3.41488
-3.41488
-3.41488
-3.41473
-3.41473
-3.41458
-3.41443
-3.41428
-3.41428
-3.41458
-3.41473
-3.41488
-3.41427
-3.41412
-3.41427
-3.41397
-3.41427
-3.41412
-3.41412
-3.41457
-3.41473
-3.41488
-3.41442
-3.41427
-3.41412
-3.41397
-3.41352
-3.41337
-3.41321
-3.41337
-3.41367
-3.41367
-3.41367
-3.41397
-3.41397
-3.41397
-3.41412
-3.41352
-3.41352
-3.41337
-3.41306
-3.41352
-3.41367
-3.41367
-3.41397
-3.41397
-3.41397
-3.41397
-3.41442
-3.41427
-3.41427
-3.41397
-3.41397
-3.41427
-3.41412
-3.41397
-3.41458
-3.41488
-3.41473
-3.41458
-3.41473
-3.41458
-3.41488
-3.41533
-3.41533
-3.41534
-3.41534
-3.41503
-3.41488
-3.41488
-3.41488
-3.41488
-3.41488
-3.41488
-3.41473
-3.41473
-3.41489
-3.41504
-3.41489
-3.41519
-3.41489
-3.41504
-3.41489
-3.41504
-3.41519
-3.41519
-3.41534
-3.41534
-3.41519
-3.41519
-3.41534
-3.41504
-3.41504
-3.41504
-3.41443
-3.41443
-3.41473
-3.41428
-3.41443
-3.41473
-3.41519
-3.41519
-3.41519
-3.41518
-3.41518
-3.41518
-3.41503
-3.41533
-3.41549
-3.41533
-3.41518
-3.41518
-3.41503
-3.41488
-3.41458
-3.41473
-3.41503
-3.41518
-3.41518
-3.41503
-3.41533
-3.41533
-3.41533
-3.41548
-3.41533
-3.41533
-3.41548
-3.41563
-3.41533
-3.41533
-3.41563
-3.41563
-3.41548
-3.41548
-3.41564
-3.41609
-3.41594
-3.41624
-3.41609
-3.41594
-3.41579
-3.41579
-3.41579
-3.41564
-3.41564
-3.41579
-3.41579
-3.41579
-3.41549
-3.41533
-3.41518
-3.41549
-3.41579
-3.41564
-3.41564
-3.41564
-3.41564
-3.41549
-3.41534
-3.41534
-3.41564
-3.41594
-3.41564
-3.41549
-3.41579
-3.41579
-3.41564
-3.41533
-3.41533
-3.41533
-3.41534
-3.41533
-3.41549
-3.41579
-3.41579
-3.41579
-3.41564
-3.41549
-3.41564
-3.41609
-3.41609
-3.41609
-3.41624
-3.41624
-3.41654
-3.41654
-3.41639
-3.41684
-3.41684
-3.41684
-3.41715
-3.417
-3.41715
-3.4173
-3.4173
-3.41745
-3.41715
-3.4173
-3.41745
-3.4173
-3.41715
-3.41684
-3.41669
-3.41669
-3.41654
-3.41669
-3.41669
-3.41639
-3.41639
-3.41654
-3.41669
-3.41669
-3.41684
-3.41684
-3.4173
-3.4173
-3.41714
-3.41684
-3.41684
-3.41684
-3.41669
-3.41669
-3.41669
-3.41669
-3.41669
-3.41669
-3.41654
-3.41669
-3.41669
-3.41669
-3.41699
-3.41699
-3.4176
-3.41745
-3.4176
-3.4176
-3.41775
-3.41805
-3.41775
-3.4179
-3.41835
-3.41835
-3.41835
-3.41896
-3.41881
-3.41866
-3.4182
-3.41805
-3.41835
-3.41881
-3.41911
-3.41941
-3.41971
-3.41987
-3.41941
-3.41971
-3.41971
-3.41987
-3.41987
-3.41987
-3.42002
-3.42017
-3.42032
-3.42017
-3.42002
-3.42002
-3.42062
-3.42123
-3.42108
-3.42153
-3.42153
-3.42153
-3.42153
-3.42168
-3.42168
-3.42168
-3.42213
-3.42138
-3.42123
-3.42093
-3.42093
-3.42078
-3.42093
-3.42047
-3.42002
-3.42002
-3.42017
-3.42002
-3.41987
-3.42017
-3.42002
-3.41987
-3.41972
-3.42002
-3.42002
-3.41972
-3.42017
-3.42047
-3.42017
-3.42002
-3.41987
-3.41957
-3.41972
-3.41987
-3.41941
-3.41941
-3.41926
-3.41911
-3.41911
-3.41911
-3.41941
-3.41941
-3.41926
-3.41926
-3.41911
-3.41911
-3.41926
-3.41926
-3.41926
-3.41941
-3.41926
-3.41911
-3.41896
-3.41881
-3.41881
-3.41896
-3.41896
-3.41896
-3.41896
-3.41896
-3.41911
-3.41911
-3.41926
-3.41926
-3.41911
-3.41926
-3.41911
-3.41911
-3.41926
-3.41956
-3.41971
-3.42001
-3.42016
-3.42016
-3.42016
-3.41986
-3.41971
-3.41986
-3.41986
-3.41956
-3.41926
-3.41926
-3.41911
-3.41926
-3.41956
-3.41941
-3.41926
-3.41941
-3.41926
-3.41926
-3.41941
-3.41956
-3.41971
-3.41956
-3.41971
-3.41956
-3.42017
-3.42017
-3.42017
-3.42047
-3.42032
-3.42032
-3.41986
-3.41987
-3.41971
-3.41971
-3.41971
-3.41971
-3.41941
-3.41926
-3.41911
-3.41896
-3.41911
-3.41941
-3.41941
-3.41926
-3.41941
-3.41941
-3.41911
-3.41956
-3.41971
-3.41941
-3.41941
-3.41941
-3.41956
-3.41971
-3.41971
-3.42002
-3.41987
-3.41971
-3.41941
-3.41971
-3.41941
-3.41941
-3.41971
-3.41971
-3.41986
-3.42017
-3.42017
-3.42032
-3.42017
-3.42032
-3.42062
-3.42017
-3.42017
-3.42017
-3.42017
-3.42001
-3.42001
-3.41986
-3.41956
-3.41941
-3.41941
-3.41941
-3.41926
-3.41926
-3.41941
-3.41956
-3.41956
-3.41956
-3.41956
-3.41971
-3.41971
-3.41971
-3.42017
-3.42017
-3.41986
-3.41971
-3.41986
-3.42001
-3.42001
-3.42016
-3.42032
-3.42032
-3.42001
-3.41986
-3.41956
-3.41971
-3.41986
-3.41941
-3.41926
-3.41926
-3.41926
-3.41926
-3.41911
-3.41941
-3.41956
-3.41956
-3.41941
-3.41986
-3.41986
-3.42002
-3.42017
-3.41971
-3.42002
-3.42002
-3.42017
-3.41987
-3.41986
-3.41986
-3.42017
-3.42047
-3.42017
-3.42002
-3.42002
-3.42002
-3.42002
-3.42017
-3.42017
-3.42002
-3.41972
-3.41987
-3.42002
-3.41972
-3.41956
-3.41956
-3.41987
-3.42002
-3.42017
-3.42017
-3.42002
-3.42002
-3.42002
-3.42032
-3.42047
-3.41987
-3.41987
-3.42002
-3.42002
-3.41972
-3.41957
-3.41911
-3.41866
-3.41866
-3.41896
-3.41881
-3.41881
-3.41866
-3.41881
-3.41851
-3.41866
-3.41866
-3.41866
-3.41881
-3.41896
-3.41881
-3.41866
-3.41851
-3.41866
-3.41866
-3.41851
-3.41836
-3.41851
-3.41836
-3.41821
-3.41836
-3.41821
-3.41836
-3.41851
-3.41851
-3.41836
-3.41851
-3.41866
-3.41851
-3.41911
-3.41926
-3.41926
-3.41987
-3.42002
-3.41987
-3.41987
-3.41941
-3.41926
-3.41956
-3.41971
-3.41987
-3.41971
-3.41986
-3.41971
-3.41986
-3.41971
-3.41941
-3.41971
-3.41971
-3.41941
-3.41971
-3.41971
-3.41971
-3.41986
-3.41986
-3.41971
-3.41971
-3.41956
-3.41896
-3.41911
-3.41896
-3.41881
-3.41865
-3.41866
-3.41866
-3.41866
-3.41881
-3.41881
-3.41881
-3.41896
-3.41881
-3.41866
-3.41866
-3.41866
-3.41896
-3.41881
-3.41866
-3.41866
-3.41851
-3.41835
-3.41866
-3.41881
-3.41881
-3.41881
-3.41896
-3.41866
-3.41881
-3.41881
-3.41881
-3.41896
-3.41911
-3.41926
-3.41926
-3.41926
-3.41941
-3.41941
-3.41941
-3.41926
-3.41911
-3.41926
-3.41926
-3.41926
-3.41926
-3.41896
-3.41911
-3.41896
-3.41956
-3.41941
-3.41911
-3.41941
-3.41941
-3.41941
-3.41956
-3.41971
-3.41971
-3.41971
-3.41971
-3.41987
-3.41971
-3.41956
-3.41956
-3.41941
-3.41941
-3.41941
-3.41896
-3.41896
-3.41896
-3.41911
-3.41926
-3.41941
-3.41941
-3.41956
-3.41987
-3.41972
-3.42002
-3.41987
-3.41972
-3.41987
-3.42032
-3.42047
-3.42032
-3.42032
-3.42002
-3.42032
-3.42032
-3.42047
-3.42047
-3.42047
-3.42017
-3.42032
-3.42032
-3.42047
-3.42093
-3.42078
-3.42093
-3.42093
-3.42093
-3.42093
-3.42093
-3.42093
-3.42093
-3.42078
-3.42078
-3.42078
-3.42063
-3.42063
-3.42078
-3.42078
-3.42063
-3.42048
-3.42048
-3.42048
-3.42048
-3.42048
-3.42017
-3.41972
-3.42002
-3.42017
-3.41972
-3.41972
-3.41972
-3.41972
-3.41972
-3.41927
-3.41927
-3.41927
-3.41957
-3.41957
-3.41957
-3.41957
-3.41957
-3.42002
-3.42017
-3.42063
-3.42048
-3.42032
-3.42032
-3.42032
-3.41987
-3.41972
-3.41957
-3.41957
-3.41957
-3.41942
-3.41911
-3.41911
-3.41896
-3.41911
-3.41911
-3.41926
-3.41956
-3.41941
-3.41956
-3.42002
-3.42002
-3.41956
-3.41971
-3.41986
-3.41956
-3.41956
-3.41941
-3.41926
-3.41941
-3.41956
-3.41941
-3.41881
-3.41896
-3.41911
-3.41896
-3.41896
-3.41865
-3.4185
-3.4188
-3.4188
-3.41895
-3.41911
-3.41911
-3.41926
-3.41926
-3.41911
-3.41926
-3.41941
-3.41941
-3.41911
-3.41926
-3.41941
-3.41971
-3.41971
-3.41956
-3.41971
-3.41986
-3.41956
-3.41956
-3.41986
-3.41986
-3.42001
-3.42001
-3.41971
-3.41941
-3.41941
-3.41941
-3.41926
-3.41956
-3.41941
-3.42002
-3.41987
-3.42017
-3.42032
-3.42017
-3.42002
-3.42047
-3.41987
-3.41972
-3.41972
-3.41957
-3.41957
-3.41942
-3.41957
-3.41972
-3.41972
-3.41972
-3.41972
-3.42002
-3.42002
-3.42002
-3.42017
-3.42017
-3.42032
-3.42048
-3.42078
-3.42063
-3.42048
-3.42048
-3.42063
-3.42048
-3.42078
-3.42048
-3.42017
-3.42032
-3.42032
-3.42017
-3.42032
-3.42017
-3.42048
-3.42063
-3.42093
-3.42108
-3.42078
-3.42093
-3.42108
-3.42123
-3.42153
-3.42123
-3.42108
-3.42108
-3.42108
-3.42123
-3.42138
-3.42168
-3.42168
-3.42168
-3.42138
-3.42153
-3.42168
-3.42168
-3.42183
-3.42229
-3.42229
-3.42244
-3.42214
-3.42214
-3.42229
-3.42229
-3.42229
-3.42229
-3.42229
-3.42214
-3.42214
-3.42229
-3.42229
-3.42244
-3.42229
-3.42229
-3.42259
-3.42274
-3.42289
-3.42289
-3.42259
-3.42289
-3.42319
-3.42365
-3.4238
-3.4238
-3.42365
-3.4238
-3.42365
-3.42365
-3.42365
-3.4238
-3.4238
-3.42365
-3.42334
-3.42364
-3.42349
-3.42349
-3.42349
-3.42349
-3.4241
-3.42394
-3.4241
-3.4241
-3.42425
-3.42425
-3.42455
-3.42485
-3.42485
-3.42485
-3.42485
-3.425
-3.42485
-3.42485
-3.42485
-3.42485
-3.42485
-3.42485
-3.42455
-3.42485
-3.4247
-3.4247
-3.42455
-3.42439
-3.42439
-3.42455
-3.42455
-3.4247
-3.4247
-3.42439
-3.425
-3.425
-3.42485
-3.4247
-3.4247
-3.4247
-3.4247
-3.42455
-3.42455
-3.42439
-3.42409
-3.42439
-3.42424
-3.42439
-3.42424
-3.42455
-3.4244
-3.42425
-3.4241
-3.42394
-3.42379
-3.42334
-3.42334
-3.42364
-3.4238
-3.42349
-3.42319
-3.42304
-3.42334
-3.42319
-3.42319
-3.42335
-3.42335
-3.42304
-3.4232
-3.42304
-3.42289
-3.42274
-3.42274
-3.42244
-3.42244
-3.42229
-3.42184
-3.42154
-3.42154
-3.42138
-3.42138
-3.42184
-3.42199
-3.42199
-3.42214
-3.42184
-3.42169
-3.42169
-3.42169
-3.42169
-3.42169
-3.42169
-3.42153
-3.42184
-3.42214
-3.42199
-3.42214
-3.42214
-3.42214
-3.42214
-3.42244
-3.42198
-3.42214
-3.42214
-3.42244
-3.42274
-3.42244
-3.42259
-3.42259
-3.42259
-3.42259
-3.42259
-3.42228
-3.42244
-3.42213
-3.42213
-3.42243
-3.42228
-3.42243
-3.42243
-3.42243
-3.42243
-3.42228
-3.42213
-3.42198
-3.42168
-3.42183
-3.42213
-3.42213
-3.42198
-3.42213
-3.42244
-3.42228
-3.42228
-3.42198
-3.42228
-3.42228
-3.42229
-3.42229
-3.42198
-3.42198
-3.42168
-3.42183
-3.42198
-3.42183
-3.42138
-3.42108
-3.42123
-3.42093
-3.42093
-3.42093
-3.42062
-3.42062
-3.42077
-3.42093
-3.42078
-3.42093
-3.42108
-3.42108
-3.42093
-3.42077
-3.42062
-3.42062
-3.42077
-3.42093
-3.42077
-3.42077
-3.42077
-3.42062
-3.42062
-3.42077
-3.42108
-3.42108
-3.42108
-3.42093
-3.42108
-3.42108
-3.42123
-3.42138
-3.42153
-3.42153
-3.42153
-3.42153
-3.42168
-3.42198
-3.42213
-3.42213
-3.42213
-3.42229
-3.42198
-3.42229
-3.42259
-3.42213
-3.42213
-3.42229
-3.42244
-3.42244
-3.42259
-3.42289
-3.42244
-3.42274
-3.42244
-3.42229
-3.42229
-3.42259
-3.42274
-3.42259
-3.42244
-3.42244
-3.42198
-3.42168
-3.42168
-3.42183
-3.42168
-3.42168
-3.42168
-3.42153
-3.42138
-3.42108
-3.42108
-3.42108
-3.42093
-3.42093
-3.42093
-3.42077
-3.42153
-3.42168
-3.42123
-3.42123
-3.42153
-3.42153
-3.42123
-3.42153
-3.42123
-3.42122
-3.42107
-3.42122
-3.42138
-3.42138
-3.42137
-3.42153
-3.42183
-3.42213
-3.42183
-3.42153
-3.42168
-3.42152
-3.42168
-3.42168
-3.42137
-3.42152
-3.42152
-3.42137
-3.42137
-3.42152
-3.42152
-3.42107
-3.42122
-3.42122
-3.42122
-3.42122
-3.42107
-3.42077
-3.42077
-3.42122
-3.42107
-3.42047
-3.41971
-3.41986
-3.41971
-3.42002
-3.41986
-3.42017
-3.42002
-3.41971
-3.41971
-3.41941
-3.41956
-3.41941
-3.41956
-3.41972
-3.42002
-3.42002
-3.42017
-3.41987
-3.42002
-3.42017
-3.42017
-3.42017
-3.42032
-3.42032
-3.42032
-3.42032
-3.41972
-3.41987
-3.42002
-3.41972
-3.42032
-3.42032
-3.42017
-3.42032
-3.42017
-3.41987
-3.42002
-3.41987
-3.41971
-3.41956
-3.42002
-3.42017
-3.42002
-3.42002
-3.42017
-3.42017
-3.42032
-3.42032
-3.42032
-3.42002
-3.41971
-3.41971
-3.41971
-3.41971
-3.41956
-3.41956
-3.41911
-3.41896
-3.41911
-3.41956
-3.42047
-3.42032
-3.42062
-3.42062
-3.42062
-3.42047
-3.42062
-3.42077
-3.42077
-3.42032
-3.42017
-3.42032
-3.42062
-3.42062
-3.42047
-3.42062
-3.42077
-3.42062
-3.42047
-3.42032
-3.42047
-3.42062
-3.42077
-3.42107
-3.42092
-3.42077
-3.42107
-3.42137
-3.42152
-3.42137
-3.42137
-3.42107
-3.42122
-3.42107
-3.42107
-3.42137
-3.42152
-3.42137
-3.42122
-3.42137
-3.42137
-3.42107
-3.42122
-3.42107
-3.42092
-3.42061
-3.42031
-3.42031
-3.42031
-3.42031
-3.42046
-3.42076
-3.42092
-3.42076
-3.42092
-3.42092
-3.42076
-3.42076
-3.42076
-3.42061
-3.42076
-3.42076
-3.42092
-3.42092
-3.42107
-3.42137
-3.42152
-3.42167
-3.42152
-3.42152
-3.42137
-3.42137
-3.42137
-3.42092
-3.42077
-3.42046
-3.42077
-3.42077
-3.42077
-3.42077
-3.42122
-3.42107
-3.42107
-3.42092
-3.42062
-3.42077
-3.42062
-3.42062
-3.42031
-3.42092
-3.42062
-3.42077
-3.42077
-3.42107
-3.42107
-3.42092
-3.42092
-3.42107
-3.42122
-3.42137
-3.42107
-3.42107
-3.42107
-3.42107
-3.42167
-3.42198
-3.42198
-3.42213
-3.42213
-3.42183
-3.42137
-3.42152
-3.42152
-3.42107
-3.42137
-3.42167
-3.42168
-3.42168
-3.42152
-3.42152
-3.42092
-3.42092
-3.42092
-3.42122
-3.42137
-3.42092
-3.42107
-3.42077
-3.42062
-3.42077
-3.42077
-3.42107
-3.42107
-3.42137
-3.42122
-3.42092
-3.42092
-3.42092
-3.42107
-3.42122
-3.42092
-3.42077
-3.42092
-3.42122
-3.42122
-3.42122
-3.42122
-3.42137
-3.42137
-3.42152
-3.42137
-3.42152
-3.42152
-3.42167
-3.42183
-3.42167
-3.42198
-3.42152
-3.42137
-3.42092
-3.42107
-3.42137
-3.42137
-3.42152
-3.42167
-3.42183
-3.42167
-3.42182
-3.42167
-3.42182
-3.42152
-3.42122
-3.42107
-3.42107
-3.42122
-3.42092
-3.42077
-3.42077
-3.42092
-3.42077
-3.42077
-3.42107
-3.42107
-3.42122
-3.42092
-3.42077
-3.42077
-3.42077
-3.42047
-3.42047
-3.42047
-3.42047
-3.42047
-3.42062
-3.42077
-3.42077
-3.42077
-3.42062
-3.42077
-3.42122
-3.42077
-3.42062
-3.42077
-3.42092
-3.42077
-3.42062
-3.42077
-3.42092
-3.42077
-3.42168
-3.42168
-3.42168
-3.42183
-3.42137
-3.42122
-3.42122
-3.42107
-3.42107
-3.42092
-3.42047
-3.42092
-3.42107
-3.42122
-3.42107
-3.42092
-3.42107
-3.42092
-3.42092
-3.42122
-3.42122
-3.42152
-3.42228
-3.42228
-3.42243
-3.42243
-3.42258
-3.42273
-3.42273
-3.42273
-3.42243
-3.42258
-3.42273
-3.42273
-3.42258
-3.42242
-3.42258
-3.42257
-3.42273
-3.42288
-3.42318
-3.42303
-3.42303
-3.42303
-3.42288
-3.42303
-3.42303
-3.42287
-3.42257
-3.42272
-3.42303
-3.42318
-3.42333
-3.42318
-3.42318
-3.42333
-3.42333
-3.42363
-3.42393
-3.42393
-3.42393
-3.42378
-3.42393
-3.42363
-3.42348
-3.42363
-3.42333
-3.42333
-3.42348
-3.42348
-3.42348
-3.42363
-3.42363
-3.42393
-3.42409
-3.42409
-3.42409
-3.42394
-3.42394
-3.42409
-3.42424
-3.42424
-3.42394
-3.42348
-3.42333
-3.42333
-3.42303
-3.42258
-3.42242
-3.42242
-3.42243
-3.42243
-3.42258
-3.42242
-3.42242
-3.42258
-3.42258
-3.42273
-3.42258
-3.42227
-3.42197
-3.42182
-3.42167
-3.42152
-3.42152
-3.42167
-3.42167
-3.42137
-3.42137
-3.42152
-3.42122
-3.42137
-3.42106
-3.42106
-3.42106
-3.42137
-3.42106
-3.42107
-3.42091
-3.42091
-3.42076
-3.42076
-3.42107
-3.42107
-3.42107
-3.42107
-3.42092
-3.42107
-3.42046
-3.42046
-3.42092
-3.42092
-3.42077
-3.42077
-3.42061
-3.42061
-3.42061
-3.42062
-3.42077
-3.42092
-3.42077
-3.42107
-3.42107
-3.42092
-3.42092
-3.42092
-3.42062
-3.42062
-3.42092
-3.42092
-3.42077
-3.42062
-3.42062
-3.42077
-3.42031
-3.42062
-3.42062
-3.42046
-3.42046
-3.42016
-3.42016
-3.42031
-3.42001
-3.42001
-3.42001
-3.42001
-3.42016
-3.42001
-3.42031
-3.42031
-3.42016
-3.42001
-3.42016
-3.42031
-3.42031
-3.42031
-3.42016
-3.42016
-3.41986
-3.41986
-3.41986
-3.41971
-3.42001
-3.41986
-3.41986
-3.42001
-3.42001
-3.42016
-3.42062
-3.42077
-3.42077
-3.42092
-3.42092
-3.42092
-3.42077
-3.42062
-3.42047
-3.42001
-3.42016
-3.42047
-3.42046
-3.42031
-3.42046
-3.42046
-3.42031
-3.42031
-3.42001
-3.41971
-3.41941
-3.41956
-3.4191
-3.41865
-3.4188
-3.41865
-3.41865
-3.4188
-3.41895
-3.4191
-3.4191
-3.4191
-3.4191
-3.4191
-3.4188
-3.4185
-3.4185
-3.41895
-3.41925
-3.4194
-3.41925
-3.4194
-3.41986
-3.42016
-3.42031
-3.42031
-3.42046
-3.42076
-3.42076
-3.42091
-3.42107
-3.42122
-3.42107
-3.42107
-3.42107
-3.42092
-3.42107
-3.42167
-3.42167
-3.42182
-3.42167
-3.42152
-3.42182
-3.42182
-3.42182
-3.42182
-3.42167
-3.42152
-3.42152
-3.42167
-3.42198
-3.42168
-3.42137
-3.42122
-3.42107
-3.42107
-3.42122
-3.42137
-3.42153
-3.42183
-3.42213
-3.42198
-3.42213
-3.42213
-3.42168
-3.42198
-3.42198
-3.42183
-3.42153
-3.42153
-3.42137
-3.42137
-3.42137
-3.42137
-3.42107
-3.42107
-3.42137
-3.42107
-3.42092
-3.42107
-3.42092
-3.42092
-3.42077
-3.42092
-3.42077
-3.42062
-3.42031
-3.42092
-3.42077
-3.42062
-3.42062
-3.42092
-3.42062
-3.42046
-3.42031
-3.41971
-3.41986
-3.41971
-3.41971
-3.41971
-3.41971
-3.41956
-3.41925
-3.4191
-3.4191
-3.4191
-3.4191
-3.41895
-3.4191
-3.4191
-3.41925
-3.41925
-3.41971
-3.4194
-3.41925
-3.4191
-3.41895
-3.41895
-3.4191
-3.41895
-3.41895
-3.4188
-3.41865
-3.41865
-3.41835
-3.41865
-3.4185
-3.4185
-3.41865
-3.41835
-3.41835
-3.4185
-3.41865
-3.4188
-3.4188
-3.4188
-3.41835
-3.41865
-3.41865
-3.4185
-3.41835
-3.4185
-3.41805
-3.4182
-3.41805
-3.4182
-3.41805
-3.41789
-3.41789
-3.41789
-3.41805
-3.41759
-3.41714
-3.41714
-3.41744
-3.41744
-3.41759
-3.41774
-3.41729
-3.4179
-3.4179
-3.41744
-3.41774
-3.4182
-3.41835
-3.41835
-3.41805
-3.41805
-3.41805
-3.4182
-3.41865
-3.41865
-3.4188
-3.41865
-3.41865
-3.41865
-3.41865
-3.41865
-3.41865
-3.4185
-3.4185
-3.4185
-3.41835
-3.41835
-3.4185
-3.41865
-3.41865
-3.41835
-3.41835
-3.41835
-3.41805
-3.41775
-3.41775
-3.41775
-3.4179
-3.4179
-3.4179
-3.41805
-3.41775
-3.41744
-3.41729
-3.4176
-3.41729
-3.41744
-3.41729
-3.41714
-3.41684
-3.41669
-3.41654
-3.41654
-3.41654
-3.41624
-3.41609
-3.41639
-3.41593
-3.41578
-3.41624
-3.41609
-3.41624
-3.41639
-3.41624
-3.41639
-3.41608
-3.41608
-3.41609
-3.41609
-3.41624
-3.41609
-3.41624
-3.41654
-3.41654
-3.41654
-3.41654
-3.41624
-3.41624
-3.41624
-3.41609
-3.41624
-3.41624
-3.41654
-3.41669
-3.41654
-3.41654
-3.41654
-3.41654
-3.41669
-3.41654
-3.41669
-3.41639
-3.41639
-3.41654
-3.41639
-3.41623
-3.41593
-3.41578
-3.41533
-3.41548
-3.41578
-3.41533
-3.41503
-3.41518
-3.41487
-3.41518
-3.41503
-3.41487
-3.41502
-3.41563
-3.41593
-3.41608
-3.41593
-3.41593
-3.41593
-3.41623
-3.41608
-3.41638
-3.41669
-3.41669
-3.41699
-3.41684
-3.41699
-3.41699
-3.41729
-3.41714
-3.41744
-3.41744
-3.41744
-3.41759
-3.41774
-3.4179
-3.4179
-3.4179
-3.4179
-3.41759
-3.41759
-3.41805
-3.41775
-3.4179
-3.41805
-3.4182
-3.4182
-3.4185
-3.41895
-3.41911
-3.41911
-3.41956
-3.41956
-3.41956
-3.41956
-3.41971
-3.41986
-3.41986
-3.42001
-3.41986
-3.41971
-3.42016
-3.42001
-3.42001
-3.41986
-3.42001
-3.42031
-3.42031
-3.42046
-3.42016
-3.42046
-3.42092
-3.42107
-3.42107
-3.42107
-3.42122
-3.42122
-3.42122
-3.42092
-3.42092
-3.42077
-3.42077
-3.42077
-3.42061
-3.42046
-3.42061
-3.42077
-3.42046
-3.42046
-3.42046
-3.42016
-3.42016
-3.42016
-3.42001
-3.41971
-3.41956
-3.41986
-3.41986
-3.42001
-3.42001
-3.42001
-3.42001
-3.41986
-3.41971
-3.41956
-3.41956
-3.41986
-3.42001
-3.42001
-3.42046
-3.42061
-3.42061
-3.42046
-3.42076
-3.42076
-3.42076
-3.42031
-3.42061
-3.42031
-3.42016
-3.42046
-3.42031
-3.41986
-3.42001
-3.42001
-3.41971
-3.41956
-3.41956
-3.41956
-3.41971
-3.41971
-3.41986
-3.41986
-3.41986
-3.42016
-3.42031
-3.42031
-3.42016
-3.42016
-3.42001
-3.41986
-3.41956
-3.41956
-3.41941
-3.41941
-3.41986
-3.42001
-3.42016
-3.42031
-3.42016
-3.42016
-3.41986
-3.41986
-3.42001
-3.41986
-3.41971
-3.41971
-3.41971
-3.42001
-3.41986
-3.41986
-3.41971
-3.41956
-3.41956
-3.41956
-3.41956
-3.41941
-3.41926
-3.41895
-3.4188
-3.41911
-3.41865
-3.41895
-3.41865
-3.41865
-3.4188
-3.4188
-3.41865
-3.41865
-3.41895
-3.41911
-3.41895
-3.41865
-3.41911
-3.41926
-3.41956
-3.41986
-3.41986
-3.41971
-3.41986
-3.41956
-3.41941
-3.41926
-3.41956
-3.41926
-3.41911
-3.41926
-3.41926
-3.41941
-3.41956
-3.41941
-3.41926
-3.41941
-3.41941
-3.41911
-3.41926
-3.41911
-3.41926
-3.41941
-3.41986
-3.41986
-3.41986
-3.41986
-3.42001
-3.41986
-3.41986
-3.41971
-3.41986
-3.41956
-3.42001
-3.42001
-3.41986
-3.41986
-3.41956
-3.41941
-3.41941
-3.41956
-3.41956
-3.41926
-3.41926
-3.41895
-3.41865
-3.41911
-3.41911
-3.41896
-3.41911
-3.41896
-3.41896
-3.41896
-3.41895
-3.41895
-3.4188
-3.41865
-3.41865
-3.41805
-3.4179
-3.41805
-3.4182
-3.41805
-3.41835
-3.4182
-3.41835
-3.4179
-3.41775
-3.4179
-3.4179
-3.4179
-3.41774
-3.4179
-3.41805
-3.41805
-3.4179
-3.4179
-3.41805
-3.41789
-3.41805
-3.41789
-3.41805
-3.41835
-3.41835
-3.41835
-3.41865
-3.41865
-3.41895
-3.4191
-3.4191
-3.41925
-3.4194
-3.41956
-3.41925
-3.4191
-3.4188
-3.4188
-3.41895
-3.41895
-3.4188
-3.4185
-3.41835
-3.41835
-3.41865
-3.41925
-3.41956
-3.41971
-3.41956
-3.41971
-3.41956
-3.4194
-3.41956
-3.4194
-3.41956
-3.41956
-3.4194
-3.4194
-3.41925
-3.4194
-3.4194
-3.41925
-3.4191
-3.41895
-3.41895
-3.41895
-3.4188
-3.4188
-3.4185
-3.41835
-3.41835
-3.41865
-3.4191
-3.4191
-3.41895
-3.4188
-3.4188
-3.41895
-3.4188
-3.4188
-3.4191
-3.4191
-3.41925
-3.41925
-3.41895
-3.41895
-3.41895
-3.41865
-3.4185
-3.4185
-3.4185
-3.41805
-3.41835
-3.41865
-3.4188
-3.4191
-3.41895
-3.4188
-3.41895
-3.41865
-3.4185
-3.4185
-3.41895
-3.4188
-3.41865
-3.4185
-3.4185
-3.41835
-3.4185
-3.41835
-3.4185
-3.41865
-3.4182
-3.41835
-3.4182
-3.4182
-3.4182
-3.41775
-3.4179
-3.41745
-3.41745
-3.41745
-3.4176
-3.4176
-3.4179
-3.4179
-3.41805
-3.4182
-3.41835
-3.41835
-3.41851
-3.41835
-3.41851
-3.41836
-3.41851
-3.41836
-3.41805
-3.41836
-3.41866
-3.41881
-3.41896
-3.41896
-3.41881
-3.41881
-3.41866
-3.41866
-3.4185
-3.4185
-3.4185
-3.41881
-3.4185
-3.4188
-3.41911
-3.41896
-3.41895
-3.41895
-3.41895
-3.41895
-3.41865
-3.4188
-3.4188
-3.41865
-3.4185
-3.41865
-3.41895
-3.4191
-3.41895
-3.41895
-3.4194
-3.41925
-3.4194
-3.4194
-3.4191
-3.41895
-3.41895
-3.4188
-3.41865
-3.4185
-3.4185
-3.4185
-3.41819
-3.41819
-3.41819
-3.41849
-3.41849
-3.41834
-3.41834
-3.41819
-3.41849
-3.41834
-3.41819
-3.41834
-3.41849
-3.41879
-3.41895
-3.41879
-3.41864
-3.41849
-3.41849
-3.41849
-3.41834
-3.41819
-3.41849
-3.41849
-3.41834
-3.41834
-3.41834
-3.41819
-3.41804
-3.41789
-3.41789
-3.41789
-3.41774
-3.41774
-3.41819
-3.41819
-3.41819
-3.41819
-3.41804
-3.41834
-3.41849
-3.41834
-3.4185
-3.41834
-3.41834
-3.41834
-3.41819
-3.41759
-3.41759
-3.41744
-3.41744
-3.41789
-3.41804
-3.41789
-3.41789
-3.41804
-3.41789
-3.41774
-3.41774
-3.41774
-3.41759
-3.41774
-3.41729
-3.41729
-3.41699
-3.41714
-3.41684
-3.41699
-3.41714
-3.41714
-3.41714
-3.41684
-3.41669
-3.41638
-3.41653
-3.41653
-3.41638
-3.41638
-3.41699
-3.41714
-3.41729
-3.41714
-3.41729
-3.41684
-3.41759
-3.41744
-3.41729
-3.41744
-3.41759
-3.41759
-3.41744
-3.41744
-3.41744
-3.41729
-3.41744
-3.41729
-3.41714
-3.41714
-3.41729
-3.41744
-3.41714
-3.41759
-3.41789
-3.41789
-3.41805
-3.41805
-3.41804
-3.41835
-3.41835
-3.41804
-3.41835
-3.4185
-3.41819
-3.41804
-3.41789
-3.41789
-3.41789
-3.41714
-3.41729
-3.41699
-3.41683
-3.41699
-3.41714
-3.41714
-3.41714
-3.41698
-3.41729
-3.41729
-3.41698
-3.41683
-3.41683
-3.41683
-3.41683
-3.41668
-3.41668
-3.41668
-3.41683
-3.41698
-3.41698
-3.41713
-3.41698
-3.41698
-3.41728
-3.41744
-3.41744
-3.41728
-3.41744
-3.41744
-3.41713
-3.41728
-3.41743
-3.41743
-3.41759
-3.41744
-3.41713
-3.41728
-3.41728
-3.41713
-3.41713
-3.41713
-3.41713
-3.41683
-3.41683
-3.41668
-3.41683
-3.41713
-3.41728
-3.41728
-3.41728
-3.41713
-3.41743
-3.41743
-3.41759
-3.41759
-3.41789
-3.41774
-3.41789
-3.41789
-3.41789
-3.41774
-3.41789
-3.41774
-3.41759
-3.41759
-3.41774
-3.41789
-3.41774
-3.41774
-3.41759
-3.41759
-3.41759
-3.41774
-3.41804
-3.41789
-3.41789
-3.41819
-3.41819
-3.41819
-3.41849
-3.41819
-3.41819
-3.41834
-3.41804
-3.41774
-3.41759
-3.41774
-3.41774
-3.41789
-3.41834
-3.41819
-3.41789
-3.41774
-3.41758
-3.41758
-3.41789
-3.41758
-3.41758
-3.41773
-3.41773
-3.41773
-3.41773
-3.41789
-3.41773
-3.41773
-3.41789
-3.41773
-3.41758
-3.41773
-3.41743
-3.41758
-3.41758
-3.41788
-3.41788
-3.41773
-3.41773
-3.41803
-3.41819
-3.41834
-3.41849
-3.41803
-3.41849
-3.41849
-3.41849
-3.41849
-3.41849
-3.41849
-3.41849
-3.41879
-3.41879
-3.41894
-3.41864
-3.41864
-3.41849
-3.41864
-3.41864
-3.41849
-3.41803
-3.41834
-3.41849
-3.41834
-3.41819
-3.41788
-3.41773
-3.41758
-3.41743
-3.41743
-3.41743
-3.41743
-3.41698
-3.41698
-3.41728
-3.41743
-3.41743
-3.41728
-3.41728
-3.41728
-3.41713
-3.41713
-3.41713
-3.41728
-3.41743
-3.41743
-3.41774
-3.41713
-3.41683
-3.41683
-3.41698
-3.41683
-3.41683
-3.41653
-3.41638
-3.41638
-3.41623
-3.41638
-3.41593
-3.41577
-3.41577
-3.41547
-3.41577
-3.41562
-3.41562
-3.41562
-3.41532
-3.41502
-3.41502
-3.41502
-3.41517
-3.41502
-3.41487
-3.41487
-3.41502
-3.41517
-3.41547
-3.41562
-3.41578
-3.41517
-3.41502
-3.41502
-3.41487
-3.41472
-3.41487
-3.41457
-3.41472
-3.41487
-3.41502
-3.41517
-3.41502
-3.41502
-3.41502
-3.41502
-3.41502
-3.41547
-3.41517
-3.41547
-3.41547
-3.41608
-3.41608
-3.41623
-3.41638
-3.41623
-3.41623
-3.41623
-3.41607
-3.41577
-3.41623
-3.41623
-3.41607
-3.41592
-3.41592
-3.41577
-3.41577
-3.41607
-3.41622
-3.41638
-3.41638
-3.41653
-3.41637
-3.41637
-3.41637
-3.41622
-3.41607
-3.41607
-3.41622
-3.41622
-3.41652
-3.41592
-3.41562
-3.41562
-3.41546
-3.41501
-3.41501
-3.41501
-3.41501
-3.41501
-3.41486
-3.41471
-3.41486
-3.41516
-3.41516
-3.41501
-3.41486
-3.41486
-3.41486
-3.41501
-3.41531
-3.41531
-3.41516
-3.41501
-3.41486
-3.41471
-3.41486
-3.41501
-3.41501
-3.41516
-3.41531
-3.41546
-3.41531
-3.41547
-3.41531
-3.41531
-3.41547
-3.41577
-3.41577
-3.41577
-3.41592
-3.41592
-3.41592
-3.41607
-3.41622
-3.41607
-3.41577
-3.41562
-3.41577
-3.41547
-3.41562
-3.41562
-3.41607
-3.41607
-3.41592
-3.41577
-3.41562
-3.41577
-3.41577
-3.41592
-3.41592
-3.41607
-3.41592
-3.41577
-3.41592
-3.41592
-3.41592
-3.41562
-3.41547
-3.41562
-3.41502
-3.41502
-3.41517
-3.41472
-3.41441
-3.41456
-3.41426
-3.41441
-3.41426
-3.41411
-3.41426
-3.41426
-3.41426
-3.41426
-3.41441
-3.41441
-3.41411
-3.41396
-3.41426
-3.41396
-3.41411
-3.41426
-3.41426
-3.41426
-3.41456
-3.41471
-3.41502
-3.41456
-3.41441
-3.41441
-3.41441
-3.41502
-3.41502
-3.41502
-3.41517
-3.41502
-3.41502
-3.41502
-3.41486
-3.41486
-3.41517
-3.41532
-3.41517
-3.41517
-3.41517
-3.41517
-3.41502
-3.41486
-3.41486
-3.41486
-3.41471
-3.41471
-3.41426
-3.41411
-3.41426
-3.41426
-3.41426
-3.41426
-3.41441
-3.41396
-3.41396
-3.41396
-3.41396
-3.41396
-3.41366
-3.41335
-3.41366
-3.41381
-3.41396
-3.41396
-3.41396
-3.41396
-3.41366
-3.41351
-3.41366
-3.41366
-3.41351
-3.41351
-3.41366
-3.41351
-3.41335
-3.41305
-3.41336
-3.41351
-3.4132
-3.4132
-3.4129
-3.4129
-3.41305
-3.41305
-3.41336
-3.41351
-3.41381
-3.41396
-3.41411
-3.41442
-3.41442
-3.41472
-3.41502
-3.41487
-3.41517
-3.41517
-3.41502
-3.41487
-3.41517
-3.41502
-3.41517
-3.41502
-3.41517
-3.41487
-3.41502
-3.41502
-3.41487
-3.41487
-3.41502
-3.41487
-3.41517
-3.41517
-3.41502
-3.41502
-3.41517
-3.41532
-3.41532
-3.41578
-3.41608
-3.41638
-3.41578
-3.41608
-3.41608
-3.41623
-3.41638
-3.41623
-3.41638
-3.41653
-3.41638
-3.41608
-3.41593
-3.41593
-3.41578
-3.41578
-3.41547
-3.41547
-3.41487
-3.41472
-3.41457
-3.41442
-3.41457
-3.41442
-3.41457
-3.41442
-3.41472
-3.41442
-3.41442
-3.41442
-3.41441
-3.41426
-3.41426
-3.41457
-3.41502
-3.41487
-3.41487
-3.41517
-3.41532
-3.41517
-3.41532
-3.41532
-3.41532
-3.41547
-3.41547
-3.41532
-3.41532
-3.41502
-3.41517
-3.41532
-3.41577
-3.41562
-3.41592
-3.41638
-3.41653
-3.41653
-3.41653
-3.41683
-3.41668
-3.41653
-3.41623
-3.41653
-3.41653
-3.41653
-3.41668
-3.41683
-3.41698
-3.41744
-3.41744
-3.41774
-3.41759
-3.41774
-3.41774
-3.41774
-3.41789
-3.41774
-3.41774
-3.41774
-3.41804
-3.41789
-3.41789
-3.41849
-3.41849
-3.41865
-3.41865
-3.41865
-3.41865
-3.41865
-3.41865
-3.41849
-3.41864
-3.41849
-3.41849
-3.41895
-3.41895
-3.41895
-3.4188
-3.41864
-3.41864
-3.41864
-3.41864
-3.4188
-3.41895
-3.4188
-3.4191
-3.4191
-3.4197
-3.41985
-3.41985
-3.42
-3.41985
-3.4197
-3.4197
-3.4197
-3.41985
-3.41985
-3.41955
-3.4194
-3.41895
-3.4191
-3.41895
-3.41895
-3.41849
-3.41819
-3.41849
-3.41864
-3.41864
-3.41879
-3.41879
-3.41879
-3.41849
-3.41834
-3.41834
-3.41834
-3.41834
-3.41819
-3.41804
-3.41789
-3.41789
-3.41774
-3.41774
-3.41789
-3.41804
-3.41849
-3.41834
-3.41819
-3.41834
-3.4185
-3.4185
-3.4188
-3.41895
-3.4188
-3.41895
-3.41895
-3.41895
-3.41865
-3.4188
-3.41865
-3.41865
-3.4182
-3.4182
-3.41835
-3.41835
-3.41805
-3.41805
-3.4182
-3.4182
-3.4182
-3.41805
-3.4185
-3.4185
-3.4185
-3.4185
-3.4185
-3.4185
-3.41865
-3.4182
-3.4185
-3.41835
-3.4185
-3.4185
-3.41835
-3.4185
-3.4188
-3.4188
-3.41895
-3.41895
-3.4188
-3.4188
-3.4188
-3.4188
-3.4188
-3.4185
-3.41834
-3.41834
-3.41849
-3.41834
-3.41819
-3.41819
-3.41804
-3.41774
-3.41728
-3.41728
-3.41743
-3.41728
-3.41728
-3.41743
-3.41728
-3.41728
-3.41728
-3.41728
-3.41713
-3.41698
-3.41668
-3.41653
-3.41653
-3.41638
-3.41638
-3.41668
-3.41638
-3.41622
-3.41607
-3.41607
-3.41577
-3.41562
-3.41562
-3.41562
-3.41547
-3.41532
-3.41547
-3.41547
-3.41502
-3.41472
-3.41502
-3.41472
-3.41472
-3.41472
-3.41487
-3.41487
-3.41502
-3.41502
-3.41532
-3.41532
-3.41532
-3.41608
-3.41593
-3.41578
-3.41563
-3.41563
-3.41563
-3.41563
-3.41578
-3.41578
-3.41593
-3.41593
-3.41578
-3.41593
-3.41578
-3.41563
-3.41563
-3.41578
-3.41563
-3.41563
-3.41547
-3.41532
-3.41532
-3.41548
-3.41548
-3.41517
-3.41502
-3.41457
-3.41457
-3.41487
-3.41502
-3.41487
-3.41487
-3.41487
-3.41502
-3.41487
-3.41487
-3.41487
-3.41457
-3.41457
-3.41457
-3.41472
-3.41457
-3.41427
-3.41427
-3.41442
-3.41442
-3.41427
-3.41427
-3.41457
-3.41502
-3.41532
-3.41532
-3.41548
-3.41532
-3.41517
-3.41532
-3.41532
-3.41563
-3.41593
-3.41623
-3.41623
-3.41623
-3.41638
-3.41638
-3.41638
-3.41623
-3.41623
-3.41638
-3.41653
-3.41653
-3.41653
-3.41683
-3.41668
-3.41638
-3.41638
-3.41653
-3.41683
-3.41683
-3.41668
-3.41638
-3.41638
-3.41608
-3.41593
-3.41577
-3.41562
-3.41547
-3.41502
-3.41472
-3.41457
-3.41457
-3.41487
-3.41472
-3.41457
-3.41426
-3.41442
-3.41442
-3.41411
-3.41396
-3.41426
-3.41396
-3.41396
-3.41381
-3.41366
-3.41396
-3.41396
-3.41381
-3.41336
-3.41321
-3.41351
-3.41366
-3.41381
-3.41396
-3.41366
-3.41351
-3.41366
-3.41366
-3.41366
-3.41351
-3.41366
-3.41366
-3.41366
-3.41366
-3.41412
-3.41397
-3.41397
-3.41397
-3.41397
-3.41397
-3.41382
-3.41397
-3.41412
-3.41397
-3.41412
-3.41427
-3.41397
-3.41412
-3.41427
-3.41457
-3.41472
-3.41488
-3.41472
-3.41457
-3.41442
-3.41442
-3.41427
-3.41442
-3.41412
-3.41397
-3.41412
-3.41412
-3.41412
-3.41412
-3.41427
-3.41397
-3.41412
-3.41397
-3.41382
-3.41367
-3.41382
-3.41442
-3.41442
-3.41457
-3.41457
-3.41473
-3.41488
-3.41488
-3.41503
-3.41503
-3.41472
-3.41488
-3.41503
-3.41503
-3.41472
-3.41472
-3.41457
-3.41488
-3.41457
-3.41442
-3.41442
-3.41457
-3.41412
-3.41367
-3.41427
-3.41457
-3.41427
-3.41412
-3.41412
-3.41412
-3.41397
-3.41397
-3.41397
-3.41397
-3.41412
-3.41412
-3.41412
-3.41427
-3.41457
-3.41442
-3.41427
-3.41427
-3.41442
-3.41442
-3.41442
-3.41442
-3.41426
-3.41411
-3.41457
-3.41442
-3.41426
-3.41426
-3.41411
-3.41396
-3.41396
-3.41381
-3.41366
-3.41396
-3.41426
-3.41396
-3.41396
-3.41381
-3.41366
-3.41366
-3.41366
-3.41396
-3.41411
-3.41396
-3.41366
-3.41366
-3.41366
-3.41366
-3.4132
-3.4135
-3.41351
-3.41366
-3.41351
-3.4132
-3.41351
-3.41335
-3.41335
-3.41305
-3.4132
-3.41336
-3.41366
-3.41321
-3.4129
-3.41321
-3.41321
-3.41321
-3.41336
-3.41366
-3.41336
-3.41336
-3.41321
-3.41321
-3.41306
-3.41306
-3.41351
-3.41351
-3.41336
-3.41321
-3.41321
-3.41291
-3.41306
-3.41321
-3.41336
-3.41396
-3.41396
-3.41396
-3.41411
-3.41427
-3.41396
-3.41381
-3.41381
-3.41396
-3.41381
-3.41411
-3.41396
-3.41381
-3.41396
-3.41381
-3.41381
-3.41381
-3.41381
-3.41381
-3.41411
-3.41411
-3.41442
-3.41472
-3.41502
-3.41502
-3.41517
-3.41532
-3.41547
-3.41547
-3.41532
-3.41532
-3.41517
-3.41502
-3.41502
-3.41472
-3.41502
-3.41518
-3.41518
-3.41518
-3.41518
-3.41502
-3.41472
-3.41472
-3.41487
-3.41503
-3.41487
-3.41472
-3.41488
-3.41488
-3.41488
-3.41503
-3.41518
-3.41518
-3.41518
-3.41518
-3.41518
-3.41533
-3.41518
-3.41518
-3.41533
-3.41533
-3.41548
-3.41548
-3.41533
-3.41533
-3.41548
-3.41533
-3.41563
-3.41563
-3.41548
-3.41548
-3.41548
-3.41533
-3.41548
-3.41518
-3.41548
-3.41563
-3.41548
-3.41548
-3.41578
-3.41624
-3.41639
-3.41624
-3.41639
-3.41639
-3.41624
-3.41669
-3.41654
-3.41654
-3.41654
-3.41654
-3.41638
-3.41638
-3.41669
-3.41669
-3.41653
-3.41668
-3.41684
-3.41668
-3.41653
-3.41638
-3.41653
-3.41668
-3.41668
-3.41714
-3.41744
-3.41744
-3.41729
-3.41759
-3.41759
-3.41774
-3.41759
-3.41759
-3.41759
-3.41744
-3.41759
-3.41789
-3.41789
-3.41789
-3.41774
-3.41759
-3.41744
-3.41759
-3.41729
-3.41714
-3.41683
-3.41699
-3.41729
-3.41714
-3.41699
-3.41714
-3.41729
-3.41729
-3.41729
-3.41744
-3.41759
-3.41759
-3.41759
-3.41759
-3.4179
-3.41805
-3.41805
-3.4182
-3.4182
-3.4185
-3.4185
-3.4185
-3.4185
-3.41881
-3.41896
-3.41896
-3.41881
-3.41881
-3.41881
-3.41851
-3.41866
-3.41866
-3.41881
-3.41881
-3.41896
-3.41896
-3.41896
-3.41896
-3.41866
-3.41881
-3.41896
-3.41851
-3.41836
-3.41851
-3.41821
-3.41821
-3.41805
-3.41836
-3.41821
-3.41866
-3.41866
-3.41881
-3.41881
-3.41911
-3.41881
-3.41866
-3.41881
-3.41911
-3.41881
-3.41911
-3.41911
-3.41941
-3.41926
-3.41941
-3.41926
-3.41896
-3.41896
-3.4185
-3.4182
-3.4182
-3.41805
-3.4179
-3.4179
-3.41775
-3.4185
-3.4182
-3.4182
-3.41805
-3.4179
-3.41805
-3.41805
-3.4179
-3.41789
-3.41789
-3.41789
-3.41789
-3.41774
-3.41774
-3.41759
-3.41729
-3.41714
-3.41729
-3.41744
-3.41789
-3.41789
-3.41804
-3.4182
-3.4182
-3.41835
-3.41835
-3.41835
-3.4182
-3.4182
-3.4182
-3.4182
-3.41774
-3.41774
-3.41789
-3.41789
-3.41774
-3.41774
-3.41774
-3.41774
-3.41759
-3.41774
-3.41805
-3.41775
-3.41759
-3.4179
-3.4179
-3.4182
-3.4182
-3.41805
-3.4182
-3.4179
-3.41805
-3.4182
-3.41835
-3.4182
-3.41805
-3.41805
-3.4182
-3.4182
-3.41835
-3.41866
-3.41851
-3.41835
-3.41851
-3.41866
-3.41866
-3.41866
-3.41881
-3.41881
-3.41896
-3.41866
-3.41866
-3.41881
-3.41896
-3.41926
-3.41896
-3.41896
-3.41881
-3.41866
-3.4185
-3.4182
-3.4182
-3.41805
-3.4176
-3.41775
-3.4176
-3.41744
-3.41744
-3.41744
-3.41744
-3.41699
-3.41669
-3.41669
-3.41623
-3.41654
-3.41654
-3.41638
-3.41638
-3.41638
-3.41669
-3.41653
-3.41653
-3.41668
-3.41653
-3.41638
-3.41623
-3.41638
-3.41608
-3.41623
-3.41638
-3.41653
-3.41623
-3.41608
-3.41608
-3.41532
-3.41547
-3.41562
-3.41547
-3.41547
-3.41547
-3.41593
-3.41608
-3.41593
-3.41608
-3.41623
-3.41608
-3.41608
-3.41623
-3.41623
-3.41638
-3.41653
-3.41653
-3.41653
-3.41638
-3.41653
-3.41653
-3.41698
-3.41683
-3.41683
-3.41683
-3.41714
-3.41714
-3.41714
-3.41699
-3.41684
-3.41668
-3.41669
-3.41669
-3.41653
-3.41714
-3.41729
-3.41699
-3.41699
-3.41684
-3.41699
-3.41699
-3.41699
-3.41684
-3.41669
-3.41684
-3.41669
-3.41669
-3.41639
-3.41624
-3.41624
-3.41609
-3.41609
-3.41624
-3.41609
-3.41609
-3.41594
-3.41579
-3.41564
-3.41564
-3.41579
-3.41579
-3.41564
-3.41549
-3.41549
-3.41503
-3.41488
-3.41488
-3.41488
-3.41473
-3.41473
-3.41443
-3.41428
-3.41443
-3.41443
-3.41458
-3.41458
-3.41443
-3.41428
-3.41398
-3.41367
-3.41352
-3.41398
-3.41398
-3.41382
-3.41382
-3.41367
-3.41352
-3.41337
-3.41337
-3.41322
-3.41307
-3.41292
-3.41292
-3.41322
-3.41322
-3.41352
-3.41322
-3.41307
-3.41322
-3.41322
-3.41292
-3.41307
-3.41322
-3.41307
-3.41307
-3.41307
-3.41276
-3.41322
-3.41337
-3.41337
-3.41337
-3.41337
-3.41337
-3.41337
-3.41337
-3.41321
-3.41321
-3.41321
-3.41352
-3.41352
-3.41352
-3.41336
-3.41321
-3.41336
-3.41306
-3.41291
-3.41291
-3.41351
-3.41367
-3.41397
-3.41397
-3.41412
-3.41442
-3.41442
-3.41412
-3.41382
-3.41366
-3.41366
-3.41351
-3.41351
-3.41306
-3.41291
-3.41291
-3.41291
-3.4123
-3.4123
-3.41215
-3.4123
-3.4123
-3.41245
-3.4123
-3.41261
-3.41291
-3.41291
-3.41276
-3.41276
-3.41291
-3.41336
-3.41336
-3.41351
-3.41351
-3.41381
-3.41381
-3.41396
-3.41396
-3.41427
-3.41412
-3.41412
-3.41412
-3.41397
-3.41457
-3.41487
-3.41487
-3.41502
-3.41487
-3.41472
-3.41472
-3.41503
-3.41518
-3.41487
-3.41427
-3.41442
-3.41472
-3.41472
-3.41442
-3.41427
-3.41442
-3.41442
-3.41442
-3.41442
-3.41458
-3.41458
-3.41458
-3.41443
-3.41458
-3.41443
-3.41443
-3.41412
-3.41443
-3.41458
-3.41458
-3.41443
-3.41443
-3.41443
-3.41443
-3.41412
-3.41397
-3.41397
-3.41397
-3.41397
-3.41397
-3.41443
-3.41443
-3.41443
-3.41412
-3.41412
-3.41427
-3.41443
-3.41443
-3.41458
-3.41458
-3.41442
-3.41458
-3.41458
-3.41442
-3.41457
-3.41457
-3.41473
-3.41488
-3.41518
-3.41518
-3.41548
-3.41533
-3.41563
-3.41563
-3.41563
-3.41593
-3.41593
-3.41593
-3.41593
-3.41578
-3.41578
-3.41548
-3.41578
-3.41593
-3.41593
-3.41578
-3.41578
-3.41578
-3.41563
-3.41563
-3.41578
-3.41563
-3.41578
-3.41578
-3.41593
-3.41623
-3.41593
-3.41593
-3.41593
-3.41593
-3.41578
-3.41578
-3.41533
-3.41548
-3.41548
-3.41548
-3.41533
-3.41548
-3.41518
-3.41518
-3.41518
-3.41533
-3.41548
-3.41533
-3.41518
-3.41518
-3.41518
-3.41503
-3.41503
-3.41518
-3.41518
-3.41548
-3.41548
-3.41533
-3.41533
-3.41533
-3.41518
-3.41503
-3.41518
-3.41518
-3.41548
-3.41548
-3.41594
-3.41609
-3.41594
-3.41594
-3.41594
-3.41563
-3.41578
-3.41563
-3.41594
-3.41609
-3.41594
-3.41594
-3.41594
-3.41594
-3.41548
-3.41533
-3.41533
-3.41518
-3.41548
-3.41533
-3.41518
-3.41548
-3.41533
-3.41548
-3.41548
-3.41548
-3.41548
-3.41563
-3.41578
-3.41578
-3.41624
-3.41624
-3.41624
-3.41639
-3.41624
-3.41609
-3.41624
-3.41624
-3.41624
-3.41624
-3.41639
-3.41609
-3.41593
-3.41593
-3.41609
-3.41593
-3.41578
-3.41639
-3.41624
-3.41624
-3.41609
-3.41609
-3.41624
-3.41639
-3.41608
-3.41624
-3.41608
-3.41624
-3.41593
-3.41624
-3.41639
-3.41654
-3.41684
-3.41714
-3.41714
-3.41729
-3.41684
-3.41684
-3.41669
-3.41654
-3.41639
-3.41669
-3.41684
-3.41654
-3.41578
-3.41623
-3.41593
-3.41608
-3.41608
-3.41623
-3.41638
-3.41638
-3.41699
-3.41729
-3.41744
-3.41744
-3.41729
-3.41729
-3.41684
-3.41699
-3.41699
-3.41729
-3.41729
-3.41684
-3.41699
-3.41714
-3.41729
-3.41744
-3.41729
-3.41714
-3.41729
-3.41714
-3.41729
-3.41729
-3.41759
-3.41774
-3.41774
-3.41789
-3.41789
-3.41789
-3.41789
-3.41774
-3.41789
-3.41774
-3.41789
-3.41789
-3.41774
-3.41774
-3.41804
-3.41789
-3.41789
-3.41805
-3.4182
-3.41805
-3.41805
-3.41835
-3.4185
-3.41865
-3.41865
-3.4188
-3.4188
-3.41865
-3.4188
-3.41895
-3.4188
-3.41895
-3.41895
-3.41895
-3.41926
-3.41941
-3.41941
-3.41926
-3.41926
-3.41926
-3.41911
-3.41896
-3.41896
-3.41865
-3.41865
-3.41865
-3.41865
-3.41865
-3.41881
-3.41835
-3.41835
-3.41835
-3.4182
-3.4182
-3.41835
-3.41805
-3.41835
-3.41835
-3.41851
-3.41835
-3.41851
-3.41851
-3.41911
-3.41926
-3.41926
-3.41911
-3.41911
-3.41926
-3.41926
-3.41956
-3.42002
-3.41956
-3.41911
-3.41926
-3.41956
-3.41941
-3.41956
-3.41941
-3.41971
-3.41971
-3.41971
-3.42002
-3.42047
-3.42032
-3.42047
-3.42032
-3.42002
-3.41971
-3.41941
-3.41941
-3.41926
-3.41911
-3.41865
-3.41865
-3.41865
-3.41865
-3.41865
-3.41865
-3.41865
-3.41865
-3.4185
-3.41865
-3.41865
-3.4185
-3.4185
-3.41865
-3.4188
-3.4188
-3.41911
-3.41926
-3.41986
-3.41971
-3.41956
-3.41971
-3.41941
-3.41956
-3.41941
-3.41926
-3.41926
-3.4191
-3.4188
-3.41865
-3.4185
-3.4185
-3.4185
-3.41805
-3.4182
-3.4185
-3.41865
-3.41865
-3.4185
-3.4179
-3.41774
-3.4179
-3.41805
-3.4179
-3.41774
-3.4182
-3.41835
-3.4185
-3.4185
-3.41865
-3.41865
-3.41865
-3.41865
-3.41865
-3.41895
-3.4191
-3.4191
-3.41926
-3.41895
-3.4188
-3.4188
-3.41895
-3.41911
-3.41895
-3.41911
-3.41926
-3.41926
-3.41911
-3.41926
-3.41911
-3.41911
-3.41911
-3.41956
-3.41956
-3.41941
-3.41941
-3.41941
-3.41941
-3.41911
-3.41911
-3.41911
-3.41911
-3.41926
-3.41911
-3.41896
-3.41896
-3.41911
-3.41942
-3.41896
-3.41896
-3.41896
-3.41911
-3.41881
-3.41866
-3.41866
-3.41836
-3.41851
-3.41821
-3.41806
-3.41805
-3.41805
-3.41836
-3.41836
-3.4179
-3.4179
-3.41775
-3.4179
-3.41805
-3.4182
-3.4182
-3.4182
-3.4182
-3.41851
-3.4182
-3.4182
-3.41851
-3.41866
-3.41851
-3.41836
-3.41836
-3.41805
-3.4179
-3.4179
-3.41775
-3.4176
-3.41745
-3.41775
-3.41775
-3.41745
-3.4173
-3.4173
-3.417
-3.4173
-3.4173
-3.4176
-3.41745
-3.4176
-3.41745
-3.41745
-3.4173
-3.4173
-3.41761
-3.41745
-3.41715
-3.41685
-3.417
-3.4167
-3.41655
-3.41655
-3.41624
-3.4164
-3.41609
-3.41655
-3.41655
-3.41655
-3.41655
-3.41654
-3.41654
-3.41654
-3.41624
-3.41609
-3.41579
-3.41594
-3.41624
-3.41609
-3.41609
-3.41639
-3.41669
-3.41639
-3.41654
-3.41669
-3.41714
-3.41699
-3.41699
-3.41699
-3.41714
-3.41714
-3.41729
-3.41729
-3.41729
-3.41759
-3.41744
-3.41714
-3.41714
-3.41714
-3.41744
-3.41699
-3.41699
-3.41699
-3.41668
-3.41653
-3.41684
-3.41684
-3.41729
-3.41729
-3.41729
-3.41774
-3.41805
-3.4182
-3.41835
-3.4182
-3.4182
-3.41805
-3.4179
-3.4179
-3.4179
-3.4182
-3.4182
-3.41805
-3.4185
-3.4185
-3.4188
-3.41865
-3.41865
-3.41865
-3.41835
-3.4179
-3.4179
-3.4179
-3.4179
-3.4179
-3.4176
-3.41729
-3.4176
-3.41775
-3.4179
-3.4179
-3.41775
-3.41805
-3.41775
-3.4179
-3.4179
-3.41805
-3.41866
-3.41881
-3.41866
-3.41866
-3.41881
-3.41881
-3.41866
-3.4185
-3.41865
-3.4185
-3.4182
-3.41835
-3.41805
-3.4182
-3.4185
-3.4185
-3.41835
-3.4185
-3.4185
-3.4185
-3.41865
-3.4185
-3.41865
-3.4188
-3.41865
-3.4188
-3.41865
-3.41865
-3.41895
-3.41895
-3.4188
-3.4191
-3.4191
-3.41925
-3.41925
-3.41941
-3.41971
-3.41986
-3.41986
-3.41986
-3.41956
-3.4194
-3.41956
-3.41925
-3.41925
-3.41925
-3.4191
-3.4188
-3.4188
-3.4188
-3.4188
-3.4185
-3.4188
-3.41895
-3.4191
-3.4191
-3.41925
-3.4191
-3.4191
-3.41956
-3.41941
-3.41941
-3.41956
-3.41926
-3.4191
-3.41895
-3.41926
-3.41926
-3.41895
-3.4188
-3.41835
-3.4188
-3.4185
-3.4188
-3.4188
-3.41896
-3.41911
-3.41911
-3.41926
-3.41911
-3.41941
-3.41941
-3.41941
-3.41956
-3.41956
-3.42001
-3.42017
-3.42001
-3.42017
-3.42017
-3.42032
-3.42047
-3.42047
-3.42077
-3.42047
-3.42077
-3.42092
-3.42122
-3.42137
-3.42122
-3.42122
-3.42122
-3.42137
-3.42137
-3.42152
-3.42168
-3.42198
-3.42168
-3.42183
-3.42183
-3.42168
-3.42183
-3.42183
-3.42167
-3.42183
-3.42183
-3.42167
-3.42122
-3.42107
-3.42137
-3.42122
-3.42137
-3.42137
-3.42137
-3.42107
-3.42122
-3.42107
-3.42107
-3.42122
-3.42152
-3.42182
-3.42182
-3.42167
-3.42167
-3.42152
-3.42152
-3.42167
-3.42152
-3.42137
-3.42137
-3.42152
-3.42152
-3.42137
-3.42137
-3.42122
-3.42122
-3.42122
-3.42167
-3.42137
-3.42107
-3.42152
-3.42167
-3.42152
-3.42152
-3.42152
-3.42168
-3.42137
-3.42092
-3.42092
-3.42107
-3.42107
-3.42153
-3.42122
-3.42107
-3.42107
-3.42092
-3.42062
-3.42047
-3.42047
-3.42017
-3.42032
-3.42032
-3.42017
-3.42002
-3.42017
-3.42017
-3.42002
-3.41987
-3.42002
-3.42002
-3.41987
-3.41942
-3.41942
-3.41942
-3.41926
-3.41972
-3.41942
-3.41942
-3.41926
-3.41911
-3.41896
-3.41896
-3.41926
-3.41926
-3.41972
-3.41956
-3.41956
-3.41956
-3.41941
-3.41971
-3.42017
-3.42047
-3.42047
-3.42062
-3.42077
-3.42122
-3.42092
-3.42077
-3.42122
-3.42122
-3.42122
-3.42092
-3.42092
-3.42092
-3.42092
-3.42107
-3.42122
-3.42122
-3.42152
-3.42152
-3.42152
-3.42167
-3.42182
-3.42182
-3.42182
-3.42198
-3.42167
-3.42152
-3.42152
-3.42182
-3.42182
-3.42182
-3.42182
-3.42213
-3.42198
-3.42198
-3.42198
-3.42198
-3.42213
-3.42198
-3.42198
-3.42198
-3.42213
-3.42228
-3.42228
-3.42228
-3.42228
-3.42258
-3.42258
-3.42273
-3.42243
-3.42228
-3.42243
-3.42243
-3.42258
-3.42228
-3.42213
-3.42213
-3.42228
-3.42243
-3.42243
-3.42243
-3.42228
-3.42213
-3.42183
-3.42198
-3.42198
-3.42198
-3.42198
-3.42198
-3.42182
-3.42198
-3.42213
-3.42213
-3.42213
-3.42198
-3.42213
-3.42167
-3.42152
-3.42152
-3.42152
-3.42137
-3.42122
-3.42122
-3.42122
-3.42137
-3.42152
-3.42167
-3.42167
-3.42182
-3.42182
-3.42182
-3.42152
-3.42182
-3.42197
-3.42167
-3.42213
-3.42197
-3.42198
-3.42198
-3.42198
-3.42182
-3.42152
-3.42152
-3.42137
-3.42122
-3.42122
-3.42122
-3.42167
-3.42167
-3.42183
-3.42152
-3.42137
-3.42152
-3.42137
-3.42152
-3.42168
-3.42168
-3.42168
-3.42168
-3.42152
-3.42152
-3.42137
-3.42137
-3.42168
-3.42153
-3.42168
-3.42183
-3.42168
-3.42168
-3.42183
-3.42168
-3.42183
-3.42183
-3.42198
-3.42213
-3.42243
-3.42258
-3.42258
-3.42258
-3.42243
-3.42243
-3.42243
-3.42243
-3.42243
-3.42258
-3.42258
-3.42259
-3.42289
-3.42259
-3.42274
-3.42259
-3.42228
-3.42198
-3.42198
-3.42183
-3.42198
-3.42168
-3.42183
-3.42198
-3.42198
-3.42213
-3.42228
-3.42228
-3.42228
-3.42213
-3.42213
-3.42228
-3.42228
-3.42243
-3.42213
-3.42213
-3.42198
-3.42198
-3.42198
-3.42183
-3.42198
-3.42183
-3.42168
-3.42183
-3.42198
-3.42198
-3.42183
-3.42168
-3.42168
-3.42153
-3.42168
-3.42183
-3.42183
-3.42213
-3.42213
-3.42213
-3.42229
-3.42213
-3.42213
-3.42213
-3.42244
-3.42198
-3.42183
-3.42183
-3.42183
-3.42168
-3.42153
-3.42108
-3.42123
-3.42108
-3.42108
-3.42108
-3.42107
-3.42077
-3.42062
-3.42077
-3.42062
-3.42062
-3.42032
-3.42062
-3.42107
-3.42107
-3.42092
-3.42092
-3.42077
-3.42062
-3.42032
-3.42032
-3.42047
-3.42017
-3.42017
-3.42017
-3.42032
-3.42047
-3.42062
-3.42047
-3.42032
-3.42047
-3.42047
-3.42017
-3.42047
-3.42047
-3.42047
-3.42077
-3.42047
-3.42062
-3.42062
-3.42047
-3.42017
-3.42062
-3.42092
-3.42092
-3.42108
-3.42108
-3.42077
-3.42077
-3.42077
-3.42062
-3.42077
-3.42047
-3.42062
-3.42062
-3.42062
-3.42062
-3.42077
-3.42092
-3.42092
-3.42092
-3.42107
-3.42107
-3.42107
-3.42123
-3.42092
-3.42077
-3.42107
-3.42107
-3.42122
-3.42153
-3.42168
-3.42168
-3.42183
-3.42198
-3.42168
-3.42183
-3.42168
-3.42122
-3.42107
-3.42137
-3.42137
-3.42152
-3.42152
-3.42198
-3.42198
-3.42213
-3.42213
-3.42183
-3.42198
-3.42198
-3.42167
-3.42167
-3.42152
-3.42167
-3.42167
-3.42183
-3.42243
-3.42303
-3.42303
-3.42288
-3.42273
-3.42258
-3.42258
-3.42258
-3.42288
-3.42273
-3.42288
-3.42273
-3.42273
-3.42243
-3.42243
-3.42213
-3.42228
-3.42228
-3.42198
-3.42198
-3.42213
-3.42198
-3.42198
-3.42153
-3.42138
-3.42123
-3.42123
-3.42123
-3.42108
-3.42123
-3.42123
-3.42138
-3.42138
-3.42153
-3.42138
-3.42153
-3.42138
-3.42108
-3.42123
-3.42108
-3.42093
-3.42093
-3.42093
-3.42093
-3.42047
-3.42047
-3.42047
-3.42017
-3.42032
-3.42017
-3.42017
-3.42017
-3.42002
-3.42002
-3.42017
-3.42002
-3.42002
-3.41987
-3.41972
-3.41972
-3.41987
-3.41987
-3.41972
-3.41942
-3.41926
-3.41942
-3.41942
-3.41957
-3.41957
-3.41942
-3.41911
-3.41896
-3.41881
-3.41881
-3.41896
-3.41896
-3.41881
-3.41836
-3.41866
-3.41836
-3.41851
-3.41881
-3.41896
-3.41911
-3.41926
-3.41941
-3.41941
-3.41941
-3.41956
-3.41971
-3.41941
-3.41956
-3.41956
-3.41986
-3.42047
-3.42047
-3.42062
-3.42047
-3.42047
-3.42092
-3.42077
-3.42062
-3.42092
-3.42077
-3.42077
-3.42077
-3.42077
-3.42077
-3.42077
-3.42077
-3.42077
-3.42077
-3.42092
-3.42122
-3.42092
-3.42092
-3.42107
-3.42137
-3.42137
-3.42137
-3.42107
-3.42092
-3.42092
-3.42092
-3.42092
-3.42077
-3.42077
-3.42092
-3.42107
-3.42122
-3.42122
-3.42107
-3.42092
-3.42092
-3.42077
-3.42046
-3.42076
-3.42076
-3.42122
-3.42137
-3.42152
-3.42197
-3.42212
-3.42258
-3.42243
-3.42258
-3.42258
-3.42273
-3.42303
-3.42258
-3.42258
-3.42258
-3.42258
-3.42258
-3.42273
-3.42273
-3.42288
-3.42258
-3.42258
-3.42258
-3.42288
-3.42303
-3.42288
-3.42288
-3.42273
-3.42303
-3.42318
-3.42318
-3.42303
-3.42333
-3.42348
-3.42333
-3.42318
-3.42303
-3.42303
-3.42303
-3.42303
-3.42318
-3.42303
-3.42303
-3.42288
-3.42273
-3.42273
-3.42288
-3.42318
-3.42349
-3.42303
-3.42334
-3.42319
-3.42319
-3.42334
-3.42334
-3.42364
-3.42379
-3.42349
-3.42349
-3.42319
-3.42304
-3.42319
-3.42304
-3.42289
-3.42319
-3.42304
-3.42304
-3.42289
-3.42304
-3.42289
-3.42289
-3.42289
-3.42304
-3.42304
-3.42319
-3.42289
-3.42274
-3.42259
-3.42228
-3.42228
-3.42274
-3.42244
-3.42259
-3.42259
-3.42274
-3.42274
-3.42304
-3.42319
-3.42349
-3.42334
-3.42304
-3.42304
-3.42304
-3.42289
-3.42319
-3.42289
-3.42304
-3.42304
-3.42319
-3.42304
-3.42289
-3.42304
-3.42289
-3.42289
-3.42304
-3.42274
-3.42274
-3.42274
-3.42259
-3.42274
-3.42243
-3.42213
-3.42213
-3.42228
-3.42213
-3.42198
-3.42183
-3.42183
-3.42198
-3.42198
-3.42228
-3.42228
-3.42258
-3.42273
-3.42273
-3.42258
-3.42258
-3.42288
-3.42273
-3.42288
-3.42303
-3.42303
-3.42303
-3.42333
-3.42303
-3.42303
-3.42258
-3.42213
-3.42167
-3.42122
-3.42137
-3.42167
-3.42197
-3.42212
-3.42228
-3.42228
-3.42212
-3.42182
-3.42197
-3.42197
-3.42167
-3.42197
-3.42197
-3.42227
-3.42227
-3.42212
-3.42227
-3.42212
-3.42182
-3.42197
-3.42182
-3.42167
-3.42137
-3.42197
-3.42197
-3.42197
-3.42212
-3.42197
-3.42167
-3.42197
-3.42227
-3.42212
-3.42227
-3.42227
-3.42212
-3.42258
-3.42212
-3.42197
-3.42197
-3.42182
-3.42197
-3.42227
-3.42243
-3.42243
-3.42212
-3.42243
-3.42243
-3.42227
-3.42212
-3.42258
-3.42243
-3.42243
-3.42228
-3.42228
-3.42228
-3.42213
-3.42243
-3.42243
-3.42228
-3.42243
-3.42243
-3.42198
-3.42182
-3.42213
-3.42167
-3.42167
-3.42167
-3.42167
-3.42183
-3.42183
-3.42152
-3.42152
-3.42167
-3.42152
-3.42137
-3.42167
-3.42168
-3.42183
-3.42213
-3.42213
-3.42213
-3.42198
-3.42198
-3.42243
-3.42213
-3.42228
-3.42243
-3.42258
-3.42243
-3.42243
-3.42243
-3.42198
-3.42198
-3.42183
-3.42198
-3.42183
-3.42198
-3.42153
-3.42168
-3.42183
-3.42168
-3.42183
-3.42183
-3.42168
-3.42168
-3.42138
-3.42123
-3.42062
-3.42077
-3.42092
-3.42107
-3.42107
-3.42077
-3.42047
-3.42062
-3.42077
-3.42047
-3.42032
-3.42017
-3.42017
-3.42017
-3.42032
-3.42032
-3.42032
-3.42047
-3.42047
-3.42017
-3.42032
-3.42032
-3.42062
-3.42047
-3.42062
-3.42062
-3.42062
-3.42062
-3.42062
-3.42047
-3.42032
-3.42062
-3.42092
-3.42122
-3.42137
-3.42122
-3.42107
-3.42122
-3.42107
-3.42107
-3.42137
-3.42122
-3.42122
-3.42107
-3.42092
-3.42062
-3.42077
-3.42077
-3.42077
-3.42077
-3.42077
-3.42077
-3.42077
-3.42092
-3.42122
-3.42137
-3.42122
-3.42122
-3.42107
-3.42107
-3.42107
-3.42122
-3.42122
-3.42092
-3.42107
-3.42107
-3.42107
-3.42091
-3.42091
-3.42076
-3.42106
-3.42137
-3.42152
-3.42182
-3.42212
-3.42212
-3.42227
-3.42242
-3.42242
-3.42288
-3.42318
-3.42333
-3.42348
-3.42318
-3.42363
-3.42378
-3.42363
-3.42363
-3.42348
-3.42348
-3.42333
-3.42333
-3.42363
-3.42348
-3.42363
-3.42364
-3.42364
-3.42394
-3.42409
-3.42394
-3.42364
-3.42349
-3.42333
-3.42318
-3.42349
-3.42349
-3.42379
-3.42394
-3.42409
-3.42394
-3.42379
-3.42394
-3.42409
-3.42409
-3.42394
-3.42424
-3.42424
-3.42424
-3.42439
-3.42424
-3.42379
-3.42379
-3.42394
-3.42364
-3.42394
-3.42409
-3.42409
-3.42409
-3.42409
-3.42364
-3.42364
-3.42273
-3.42288
-3.42303
-3.42303
-3.42303
-3.42303
-3.42318
-3.42303
-3.42303
-3.42318
-3.42303
-3.42303
-3.42303
-3.42318
-3.42318
-3.42303
-3.42303
-3.42303
-3.42303
-3.42333
-3.42333
-3.42348
-3.42348
-3.42348
-3.42333
-3.42363
-3.42363
-3.42363
-3.42363
-3.42348
-3.42348
-3.42378
-3.42394
-3.42348
-3.42318
-3.42303
-3.42303
-3.42303
-3.42303
-3.42318
-3.42318
-3.42318
-3.42318
-3.42333
-3.42318
-3.42333
-3.42333
-3.42348
-3.42378
-3.42378
-3.42363
-3.42333
-3.42348
-3.42333
-3.42303
-3.42318
-3.42333
-3.42348
-3.42348
-3.42348
-3.42333
-3.42348
-3.42364
-3.42394
-3.42379
-3.42379
-3.42409
-3.42409
-3.42379
-3.42379
-3.42379
-3.42379
-3.42379
-3.42394
-3.42379
-3.42409
-3.42409
-3.42424
-3.42409
-3.42394
-3.42349
-3.42334
-3.42349
-3.42273
-3.42243
-3.42258
-3.42228
-3.42213
-3.42198
-3.42183
-3.42198
-3.42228
-3.42228
-3.42167
-3.42152
-3.42137
-3.42152
-3.42152
-3.42137
-3.42167
-3.42198
-3.42213
-3.42213
-3.42228
-3.42197
-3.42213
-3.42213
-3.42273
-3.42273
-3.42273
-3.42273
-3.42273
-3.42288
-3.42333
-3.42288
-3.42273
-3.42243
-3.42243
-3.42243
-3.42228
-3.42228
-3.42243
-3.42228
-3.42197
-3.42228
-3.42228
-3.42213
-3.42243
-3.42258
-3.42243
-3.42243
-3.42212
-3.42152
-3.42122
-3.42137
-3.42152
-3.42167
-3.42152
-3.42107
-3.42092
-3.42076
-3.42091
-3.42076
-3.42061
-3.42061
-3.42107
-3.42122
-3.42122
-3.42122
-3.42122
-3.42091
-3.42091
-3.42091
-3.42046
-3.42046
-3.42031
-3.42076
-3.42076
-3.42076
-3.42091
-3.42121
-3.42152
-3.42151
-3.42136
-3.42136
-3.42167
-3.42182
-3.42182
-3.42136
-3.42136
-3.42136
-3.42166
-3.42136
-3.42136
-3.42166
-3.42212
-3.42182
-3.42182
-3.42182
-3.42197
-3.42212
-3.42257
-3.42227
-3.42227
-3.42212
-3.42212
-3.42197
-3.42212
-3.42227
-3.42227
-3.42212
-3.42227
-3.42257
-3.42257
-3.42257
-3.42257
-3.42272
-3.42272
-3.42257
-3.42242
-3.42257
-3.42227
-3.42212
-3.42197
-3.42197
-3.42212
-3.42242
-3.42288
-3.42303
-3.42303
-3.42303
-3.42318
-3.42303
-3.42303
-3.42288
-3.42303
-3.42303
-3.42273
-3.42273
-3.42288
-3.42288
-3.42273
-3.42273
-3.42288
-3.42303
-3.42303
-3.42318
-3.42273
-3.42257
-3.42257
-3.42227
-3.42212
-3.42182
-3.42182
-3.42167
-3.42167
-3.42152
-3.42152
-3.42152
-3.42152
-3.42152
-3.42137
-3.42137
-3.42152
-3.42182
-3.42152
-3.42152
-3.42167
-3.42197
-3.42167
-3.42152
-3.42212
-3.42197
-3.42197
-3.42197
-3.42212
-3.42212
-3.42242
-3.42227
-3.42242
-3.42242
-3.42242
-3.42242
-3.42212
-3.42212
-3.42212
-3.42197
-3.42197
-3.42182
-3.42182
-3.42182
-3.42182
-3.42152
-3.42121
-3.42106
-3.42121
-3.42106
-3.42152
-3.42152
-3.42167
-3.42167
-3.42152
-3.42121
-3.42152
-3.42167
-3.42137
-3.42137
-3.42137
-3.42106
-3.42091
-3.42091
-3.42121
-3.42106
-3.42076
-3.42061
-3.42076
-3.42061
-3.42061
-3.42091
-3.42091
-3.42076
-3.42076
-3.42076
-3.42061
-3.42061
-3.42076
-3.42046
-3.42046
-3.42076
-3.42046
-3.42061
-3.42031
-3.42031
-3.42016
-3.42
-3.4197
-3.41985
-3.41955
-3.41955
-3.41955
-3.4194
-3.4194
-3.41955
-3.41925
-3.41955
-3.41955
-3.4197
-3.4197
-3.41955
-3.41985
-3.42016
-3.42
-3.42
-3.42031
-3.42031
-3.42031
-3.42076
-3.42061
-3.42061
-3.42046
-3.42031
-3.42016
-3.42031
-3.42046
-3.42031
-3.42031
-3.42016
-3.42046
-3.42016
-3.4194
-3.41925
-3.4194
-3.41925
-3.41925
-3.41955
-3.4194
-3.4194
-3.41955
-3.4194
-3.41955
-3.41955
-3.41925
-3.41834
-3.41819
-3.41819
-3.41834
-3.41865
-3.41834
-3.41834
-3.41834
-3.41865
-3.4188
-3.4188
-3.4188
-3.4188
-3.4188
-3.4188
-3.4188
-3.4188
-3.4188
-3.4185
-3.41804
-3.41804
-3.41804
-3.41759
-3.41774
-3.41789
-3.41804
-3.41835
-3.41804
-3.41804
-3.41804
-3.41789
-3.41789
-3.41774
-3.41774
-3.41759
-3.41744
-3.41774
-3.41804
-3.41789
-3.41789
-3.41835
-3.41835
-3.4188
-3.4188
-3.4188
-3.4191
-3.41925
-3.41925
-3.41925
-3.41925
-3.4188
-3.4188
-3.4185
-3.4191
-3.41955
-3.4194
-3.4194
-3.41955
-3.4197
-3.4197
-3.41986
-3.42001
-3.42001
-3.4197
-3.4197
-3.41985
-3.4197
-3.42001
-3.42016
-3.42031
-3.42031
-3.42046
-3.42061
-3.42091
-3.42106
-3.42106
-3.42091
-3.42061
-3.42076
-3.42046
-3.42046
-3.42015
-3.42015
-3.42015
-3.41985
-3.42
-3.42
-3.42015
-3.42045
-3.42
-3.4197
-3.42
-3.42045
-3.42015
-3.4203
-3.4203
-3.4203
-3.42075
-3.4209
-3.4209
-3.4209
-3.4209
-3.42105
-3.4209
-3.42105
-3.42105
-3.42105
-3.4206
-3.4206
-3.4203
-3.42045
-3.42045
-3.42015
-3.42045
-3.42045
-3.4203
-3.4203
-3.42045
-3.42015
-3.42015
-3.42015
-3.42015
-3.42
-3.4203
-3.42045
-3.4206
-3.4206
-3.42045
-3.42045
-3.4203
-3.42045
-3.42045
-3.4203
-3.42015
-3.42076
-3.42076
-3.42091
-3.42106
-3.42106
-3.42136
-3.42151
-3.42182
-3.42197
-3.42182
-3.42197
-3.42212
-3.42197
-3.42197
-3.42182
-3.42182
-3.42212
-3.42197
-3.42197
-3.42167
-3.42167
-3.42182
-3.42182
-3.42197
-3.42212
-3.42212
-3.42212
-3.42197
-3.42167
-3.42182
-3.42182
-3.42197
-3.42197
-3.42212
-3.42212
-3.42212
-3.42212
-3.42197
-3.42166
-3.42197
-3.42212
-3.42212
-3.42197
-3.42182
-3.42151
-3.42151
-3.42166
-3.42136
-3.42121
-3.42151
-3.42151
-3.42136
-3.42106
-3.42106
-3.42166
-3.42166
-3.42166
-3.42136
-3.42136
-3.42136
-3.42151
-3.42166
-3.42182
-3.42151
-3.42136
-3.42121
-3.42136
-3.42182
-3.42197
-3.42227
-3.42182
-3.42197
-3.42166
-3.42182
-3.42166
-3.42151
-3.42151
-3.42166
-3.42121
-3.42091
-3.42106
-3.42091
-3.42091
-3.42076
-3.42091
-3.42121
-3.42106
-3.42106
-3.42106
-3.42136
-3.42136
-3.42121
-3.42121
-3.42091
-3.42091
-3.42076
-3.42061
-3.4203
-3.4203
-3.42015
-3.42
-3.4203
-3.4203
-3.42015
-3.4203
-3.41985
-3.42045
-3.42015
-3.41985
-3.41985
-3.42045
-3.42076
-3.42061
-3.42076
-3.42061
-3.42091
-3.42061
-3.42061
-3.42046
-3.42076
-3.42046
-3.42061
-3.42076
-3.42091
-3.42076
-3.42046
-3.42046
-3.42031
-3.42046
-3.42031
-3.42061
-3.42031
-3.42016
-3.42016
-3.42031
-3.42016
-3.42031
-3.42046
-3.42091
-3.42091
-3.42076
-3.42061
-3.42061
-3.42076
-3.42106
-3.42106
-3.42076
-3.42076
-3.42091
-3.42091
-3.42046
-3.42031
-3.42031
-3.42046
-3.42046
-3.42046
-3.42031
-3.42046
-3.42061
-3.42046
-3.42046
-3.42061
-3.42046
-3.42031
-3.42046
-3.42046
-3.42031
-3.42046
-3.42031
-3.42015
-3.42
-3.41985
-3.41955
-3.41955
-3.41925
-3.4191
-3.41894
-3.4191
-3.4197
-3.42015
-3.42046
-3.4203
-3.42046
-3.42061
-3.42076
-3.42091
-3.42076
-3.42061
-3.42045
-3.42045
-3.42045
-3.4203
-3.42
-3.4203
-3.42
-3.42015
-3.41985
-3.4194
-3.41909
-3.41909
-3.41924
-3.41879
-3.41924
-3.41955
-3.41955
-3.41985
-3.41985
-3.41985
-3.41939
-3.41924
-3.41894
-3.41909
-3.41894
-3.41879
-3.41894
-3.41879
-3.41879
-3.41864
-3.41864
-3.41879
-3.41909
-3.41909
-3.41909
-3.41924
-3.41939
-3.41924
-3.4197
-3.41985
-3.4197
-3.4197
-3.41985
-3.42
-3.42
-3.41969
-3.41985
-3.41985
-3.41985
-3.42015
-3.4203
-3.42105
-3.42075
-3.4209
-3.4206
-3.42045
-3.42
-3.41939
-3.41939
-3.4197
-3.41985
-3.4197
-3.41939
-3.4197
-3.41985
-3.4197
-3.41955
-3.41985
-3.4197
-3.41985
-3.4197
-3.42
-3.41985
-3.41985
-3.41985
-3.4197
-3.41955
-3.41925
-3.41909
-3.41894
-3.4191
-3.41894
-3.41879
-3.41894
-3.41894
-3.41879
-3.41879
-3.41879
-3.41879
-3.41879
-3.41864
-3.41849
-3.41849
-3.41864
-3.41879
-3.41834
-3.41864
-3.41895
-3.4191
-3.4191
-3.4191
-3.4191
-3.41879
-3.41895
-3.4191
-3.4191
-3.4194
-3.41895
-3.41925
-3.41925
-3.4197
-3.41985
-3.4197
-3.4194
-3.4194
-3.41925
-3.41925
-3.41894
-3.41894
-3.41894
-3.4191
-3.41925
-3.41925
-3.41909
-3.41955
-3.4194
-3.4194
-3.41925
-3.4191
-3.4191
-3.4191
-3.41925
-3.4191
-3.41894
-3.41864
-3.41894
-3.41864
-3.41864
-3.41849
-3.41819
-3.41864
-3.41864
-3.41864
-3.41864
-3.41849
-3.41864
-3.41864
-3.41849
-3.41834
-3.41834
-3.41834
-3.41849
-3.41849
-3.41849
-3.41834
-3.41834
-3.41819
-3.41819
-3.41804
-3.41789
-3.41789
-3.41789
-3.41789
-3.41804
-3.41819
-3.41834
-3.41865
-3.4188
-3.41865
-3.4185
-3.41834
-3.41804
-3.41819
-3.41819
-3.41804
-3.41834
-3.4185
-3.41865
-3.4188
-3.4185
-3.41865
-3.41865
-3.4185
-3.41819
-3.41804
-3.41819
-3.41835
-3.41819
-3.41819
-3.41804
-3.41804
-3.41789
-3.41819
-3.41835
-3.4185
-3.4182
-3.41819
-3.41819
-3.41789
-3.41789
-3.41774
-3.41774
-3.41744
-3.41714
-3.41714
-3.41683
-3.41683
-3.41699
-3.41668
-3.41668
-3.41683
-3.41653
-3.41668
-3.41683
-3.41653
-3.41653
-3.41668
-3.41668
-3.41668
-3.41638
-3.41638
-3.41623
-3.41623
-3.41623
-3.41668
-3.41668
-3.41653
-3.41683
-3.41698
-3.41668
-3.41653
-3.41623
-3.41608
-3.41608
-3.41593
-3.41608
-3.41592
-3.41608
-3.41592
-3.41623
-3.41638
-3.41668
-3.41638
-3.41607
-3.41592
-3.41592
-3.41592
-3.41607
-3.41607
-3.41577
-3.41577
-3.41622
-3.41622
-3.41607
-3.41653
-3.41637
-3.41637
-3.41622
-3.41592
-3.41637
-3.41622
-3.41622
-3.41637
-3.41637
-3.41637
-3.41668
-3.41668
-3.41622
-3.41607
-3.41638
-3.41638
-3.41638
-3.41638
-3.41653
-3.41607
-3.41607
-3.41607
-3.41623
-3.41623
-3.41638
-3.41668
-3.41668
-3.41668
-3.41653
-3.41653
-3.41638
-3.41592
-3.41562
-3.41562
-3.41547
-3.41532
-3.41517
-3.41532
-3.41547
-3.41532
-3.41563
-3.41532
-3.41532
-3.41578
-3.41578
-3.41563
-3.41547
-3.41563
-3.41563
-3.41563
-3.41532
-3.41532
-3.41532
-3.41563
-3.41563
-3.41608
-3.41608
-3.41623
-3.41608
-3.41653
-3.41699
-3.41729
-3.41729
-3.41759
-3.41774
-3.41804
-3.41789
-3.41804
-3.41774
-3.41744
-3.41759
-3.41744
-3.41714
-3.41744
-3.41744
-3.41744
-3.41729
-3.41744
-3.41744
-3.41759
-3.41729
-3.41729
-3.41728
-3.41744
-3.41728
-3.41728
-3.41728
-3.41713
-3.41728
-3.41698
-3.41698
-3.41713
-3.41683
-3.41653
-3.41638
-3.41638
-3.41623
-3.41623
-3.41608
-3.41638
-3.41638
-3.41653
-3.41668
-3.41653
-3.41683
-3.41713
-3.41698
-3.41743
-3.41743
-3.41743
-3.41728
-3.41728
-3.41728
-3.41728
-3.41713
-3.41759
-3.41759
-3.41774
-3.41804
-3.41759
-3.41774
-3.41789
-3.41789
-3.41774
-3.41759
-3.41744
-3.41744
-3.41744
-3.41774
-3.41759
-3.41759
-3.41774
-3.41774
-3.41759
-3.41744
-3.41759
-3.41729
-3.41729
-3.41729
-3.41729
-3.41729
-3.41714
-3.41699
-3.41683
-3.41699
-3.41683
-3.41699
-3.41729
-3.41729
-3.41744
-3.41804
-3.41789
-3.41744
-3.41744
-3.41729
-3.41714
-3.41729
-3.41729
-3.41653
-3.41593
-3.41608
-3.41577
-3.41577
-3.41623
-3.41623
-3.41592
-3.41592
-3.41592
-3.41608
-3.41623
-3.41607
-3.41592
-3.41592
-3.41607
-3.41592
-3.41592
-3.41592
-3.41623
-3.41622
-3.41622
-3.41622
-3.41622
-3.41622
-3.41607
-3.41607
-3.41607
-3.41577
-3.41577
-3.41577
-3.41577
-3.41592
-3.41577
-3.41547
-3.41562
-3.41577
-3.41577
-3.41592
-3.41592
-3.41623
-3.41638
-3.41668
-3.41683
-3.41698
-3.41729
-3.41729
-3.41729
-3.41774
-3.41774
-3.41789
-3.41774
-3.41744
-3.41744
-3.41729
-3.41714
-3.41714
-3.41698
-3.41698
-3.41714
-3.41698
-3.41698
-3.41729
-3.41714
-3.41668
-3.41683
-3.41683
-3.41653
-3.41668
-3.41698
-3.41714
-3.41698
-3.41729
-3.41744
-3.41744
-3.41759
-3.41789
-3.41804
-3.41819
-3.41789
-3.41804
-3.41804
-3.41819
-3.41819
-3.41819
-3.41789
-3.41774
-3.41744
-3.41759
-3.41774
-3.41774
-3.41789
-3.41744
-3.41744
-3.41729
-3.41729
-3.41744
-3.41774
-3.41774
-3.41774
-3.41759
-3.41729
-3.41774
-3.41774
-3.41759
-3.41759
-3.41759
-3.41744
-3.41759
-3.41759
-3.41759
-3.41729
-3.41698
-3.41713
-3.41729
-3.41713
-3.41713
-3.41713
-3.41729
-3.41698
-3.41728
-3.41744
-3.41774
-3.41789
-3.41804
-3.41804
-3.41804
-3.41804
-3.41819
-3.41834
-3.41849
-3.41849
-3.41879
-3.41834
-3.41819
-3.41804
-3.41789
-3.41789
-3.41804
-3.41819
-3.41819
-3.41804
-3.41804
-3.41774
-3.41789
-3.41804
-3.41804
-3.41804
-3.41789
-3.41789
-3.41773
-3.41819
-3.41804
-3.41789
-3.41789
-3.41773
-3.41758
-3.41713
-3.41698
-3.41698
-3.41728
-3.41728
-3.41713
-3.41713
-3.41713
-3.41713
-3.41713
-3.41713
-3.41698
-3.41698
-3.41698
-3.41713
-3.41728
-3.41728
-3.41713
-3.41743
-3.41758
-3.41788
-3.41803
-3.41819
-3.41788
-3.41788
-3.41788
-3.41803
-3.41803
-3.41819
-3.41803
-3.41788
-3.41819
-3.41819
-3.41819
-3.41834
-3.41804
-3.41773
-3.41773
-3.41773
-3.41788
-3.41804
-3.41789
-3.41758
-3.41758
-3.41758
-3.41743
-3.41743
-3.41743
-3.41758
-3.41773
-3.41758
-3.41743
-3.41713
-3.41713
-3.41698
-3.41683
-3.41713
-3.41713
-3.41653
-3.41653
-3.41683
-3.41698
-3.41698
-3.41683
-3.41698
-3.41713
-3.41668
-3.41683
-3.41698
-3.41713
-3.41698
-3.41683
-3.41668
-3.41668
-3.41668
-3.41653
-3.41653
-3.41653
-3.41653
-3.41653
-3.41668
-3.41653
-3.41638
-3.41638
-3.41638
-3.41623
-3.41623
-3.41623
-3.41623
-3.41638
-3.41623
-3.41638
-3.41683
-3.41713
-3.41713
-3.41698
-3.41698
-3.41683
-3.41653
-3.41653
-3.41623
-3.41623
-3.41668
-3.41653
-3.41683
-3.41698
-3.41698
-3.41698
-3.41713
-3.41729
-3.41713
-3.41683
-3.41713
-3.41729
-3.41759
-3.41744
-3.41759
-3.41759
-3.41759
-3.41774
-3.41834
-3.41774
-3.41789
-3.41789
-3.41804
-3.41804
-3.41774
-3.41804
-3.41774
-3.41774
-3.41759
-3.41774
-3.41774
-3.41819
-3.41804
-3.41804
-3.41804
-3.41819
-3.41834
-3.41879
-3.41864
-3.41864
-3.41895
-3.41894
-3.41834
-3.41849
-3.41879
-3.41834
-3.41819
-3.41834
-3.41834
-3.41849
-3.41834
-3.41819
-3.41834
-3.41864
-3.41909
-3.41909
-3.41879
-3.41879
-3.41864
-3.41894
-3.41909
-3.41909
-3.41909
-3.41894
-3.41894
-3.41924
-3.41924
-3.4194
-3.41924
-3.41909
-3.41909
-3.41909
-3.41924
-3.41924
-3.41909
-3.41909
-3.41894
-3.41864
-3.41879
-3.41879
-3.41894
-3.41879
-3.41849
-3.41834
-3.41804
-3.41804
-3.41789
-3.41789
-3.41789
-3.41789
-3.41804
-3.41804
-3.41834
-3.41849
-3.41819
-3.41849
-3.41864
-3.41864
-3.41849
-3.4188
-3.41865
-3.41849
-3.41849
-3.41865
-3.41895
-3.4188
-3.41865
-3.41865
-3.41895
-3.4191
-3.41895
-3.41895
-3.4188
-3.41895
-3.4191
-3.41925
-3.41895
-3.4191
-3.4191
-3.4188
-3.41865
-3.41895
-3.41895
-3.4191
-3.4188
-3.4188
-3.4188
-3.4185
-3.41835
-3.41865
-3.4188
-3.41865
-3.4188
-3.41895
-3.41895
-3.41865
-3.4185
-3.41819
-3.41789
-3.41789
-3.41804
-3.41819
-3.41819
-3.41819
-3.4188
-3.4188
-3.41849
-3.41849
-3.41849
-3.41834
-3.41819
-3.41834
-3.41804
-3.41789
-3.41804
-3.41819
-3.41834
-3.41834
-3.41849
-3.41864
-3.41849
-3.41864
-3.41879
-3.41894
-3.41894
-3.41894
-3.41879
-3.41879
-3.41879
-3.41894
-3.41879
-3.41894
-3.41879
-3.41864
-3.41864
-3.41864
-3.41894
-3.41894
-3.41864
-3.41834
-3.41834
-3.41834
-3.41834
-3.41819
-3.41834
-3.41834
-3.41789
-3.41804
-3.41789
-3.41804
-3.41758
-3.41774
-3.41758
-3.41789
-3.41804
-3.41789
-3.41774
-3.41758
-3.41758
-3.41743
-3.41758
-3.41728
-3.41728
-3.41698
-3.41728
-3.41728
-3.41728
-3.41759
-3.41743
-3.41743
-3.41728
-3.41728
-3.41743
-3.41774
-3.41789
-3.41759
-3.41728
-3.41713
-3.41713
-3.41728
-3.41774
-3.41774
-3.41759
-3.41728
-3.41728
-3.41713
-3.41744
-3.41774
-3.41744
-3.41759
-3.41744
-3.41728
-3.41713
-3.41713
-3.41744
-3.41744
-3.41774
-3.41759
-3.41759
-3.41774
-3.41804
-3.41804
-3.41804
-3.41834
-3.41819
-3.41849
-3.41849
-3.41834
-3.41789
-3.41774
-3.41729
-3.41729
-3.41729
-3.41713
-3.41759
-3.41774
-3.41759
-3.41759
-3.41744
-3.41714
-3.41729
-3.41698
-3.41683
-3.41653
-3.41668
-3.41638
-3.41623
-3.41623
-3.41608
-3.41608
-3.41593
-3.41593
-3.41593
-3.41608
-3.41593
-3.41563
-3.41563
-3.41608
-3.41608
-3.41653
-3.41653
-3.41653
-3.41623
-3.41653
-3.41668
-3.41668
-3.41683
-3.41653
-3.41653
-3.41668
-3.41668
-3.41714
-3.41698
-3.41683
-3.41653
-3.41653
-3.41653
-3.41683
-3.41653
-3.41623
-3.41638
-3.41668
-3.41668
-3.41668
-3.41683
-3.41653
-3.41653
-3.41668
-3.41698
-3.41683
-3.41713
-3.41728
-3.41713
-3.41698
-3.41683
-3.41683
-3.41668
-3.41683
-3.41713
-3.41713
-3.41728
-3.41758
-3.41743
-3.41758
-3.41728
-3.41728
-3.41728
-3.41728
-3.41773
-3.41758
-3.41743
-3.41743
-3.41743
-3.41713
-3.41713
-3.41713
-3.41713
-3.41713
-3.41668
-3.41638
-3.41638
-3.41577
-3.41547
-3.41592
-3.41592
-3.41592
-3.41638
-3.41653
-3.41668
-3.41713
-3.41713
-3.41744
-3.41744
-3.41714
-3.41729
-3.41744
-3.41744
-3.41744
-3.41744
-3.41774
-3.41759
-3.41729
-3.41744
-3.41744
-3.41774
-3.41759
-3.41789
-3.41774
-3.41744
-3.41714
-3.41729
-3.41729
-3.41744
-3.41744
-3.41759
-3.41789
-3.41759
-3.41789
-3.41774
-3.41804
-3.41804
-3.41835
-3.41804
-3.41819
-3.41835
-3.41774
-3.41759
-3.41744
-3.41744
-3.41744
-3.41744
-3.41759
-3.41759
-3.41714
-3.41744
-3.41774
-3.41759
-3.41789
-3.41759
-3.41789
-3.41804
-3.41789
-3.41774
-3.41759
-3.41774
-3.41744
-3.41744
-3.41744
-3.41743
-3.41759
-3.41774
-3.41759
-3.41758
-3.41743
-3.41728
-3.41743
-3.41743
-3.41698
-3.41713
-3.41713
-3.41728
-3.41743
-3.41743
-3.41728
-3.41728
-3.41728
-3.41758
-3.41743
-3.41713
-3.41683
-3.41683
-3.41682
-3.41698
-3.41728
-3.41758
-3.41743
-3.41743
-3.41758
-3.41773
-3.41788
-3.41758
-3.41773
-3.41758
-3.41758
-3.41758
-3.41728
-3.41728
-3.41713
-3.41683
-3.41683
-3.41683
-3.41698
-3.41652
-3.41652
-3.41653
-3.41622
-3.41637
-3.41592
-3.41592
-3.41592
-3.41592
-3.41623
-3.41623
-3.41623
-3.41668
-3.41653
-3.41623
-3.41653
-3.41623
-3.41623
-3.41608
-3.41578
-3.41578
-3.41578
-3.41578
-3.41578
-3.41563
-3.41532
-3.41548
-3.41517
-3.41517
-3.41517
-3.41533
-3.41533
-3.41548
-3.41502
-3.41518
-3.41518
-3.41502
-3.41533
-3.41548
-3.41518
-3.41502
-3.41518
-3.41518
-3.41563
-3.41578
-3.41593
-3.41593
-3.41563
-3.41533
-3.41548
-3.41548
-3.41533
-3.41578
-3.41578
-3.41578
-3.41608
-3.41578
-3.41563
-3.41563
-3.41563
-3.41563
-3.41533
-3.41548
-3.41548
-3.41548
-3.41563
-3.41563
-3.41563
-3.41563
-3.41548
-3.41517
-3.41548
-3.41548
-3.41563
-3.41563
-3.41593
-3.41593
-3.41578
-3.41563
-3.41532
-3.41472
-3.41487
-3.41502
-3.41517
-3.41517
-3.41502
-3.41502
-3.41487
-3.41502
-3.41517
-3.41517
-3.41547
-3.41562
-3.41562
-3.41562
-3.41578
-3.41608
-3.41608
-3.41608
-3.41593
-3.41593
-3.41593
-3.41577
-3.41577
-3.41532
-3.41517
-3.41517
-3.41517
-3.41547
-3.41547
-3.41532
-3.41532
-3.41472
-3.41517
-3.41517
-3.41532
-3.41517
-3.41532
-3.41532
-3.41547
-3.41577
-3.41532
-3.41517
-3.41517
-3.41517
-3.41502
-3.41532
-3.41532
-3.41532
-3.41532
-3.41502
-3.41502
-3.41502
-3.41486
-3.41471
-3.41471
-3.41486
-3.41486
-3.41471
-3.41502
-3.41532
-3.41532
-3.41517
-3.41517
-3.41547
-3.41547
-3.41532
-3.41532
-3.41532
-3.41517
-3.41502
-3.41502
-3.41502
-3.41502
-3.41487
-3.41487
-3.41487
-3.41517
-3.41502
-3.41502
-3.41532
-3.41532
-3.41532
-3.41502
-3.41517
-3.41532
-3.41547
-3.41517
-3.41517
-3.41502
-3.41517
-3.41517
-3.41563
-3.41563
-3.41532
-3.41517
-3.41502
-3.41472
-3.41487
-3.41502
-3.41472
-3.41472
-3.41472
-3.41487
-3.41487
-3.41517
-3.41532
-3.41517
-3.41563
-3.41578
-3.41593
-3.41593
-3.41593
-3.41593
-3.41578
-3.41563
-3.41578
-3.41578
-3.41563
-3.41548
-3.41517
-3.41517
-3.41517
-3.41517
-3.41563
-3.41548
-3.41578
-3.41578
-3.41593
-3.41608
-3.41638
-3.41608
-3.41608
-3.41623
-3.41638
-3.41683
-3.41729
-3.41714
-3.41729
-3.41729
-3.41698
-3.41698
-3.41698
-3.41653
-3.41653
-3.41653
-3.41668
-3.41668
-3.41653
-3.41653
-3.41683
-3.41683
-3.41653
-3.41653
-3.41653
-3.41653
-3.41638
-3.41623
-3.41623
-3.41593
-3.41577
-3.41562
-3.41562
-3.41562
-3.41577
-3.41593
-3.41608
-3.41593
-3.41577
-3.41562
-3.41562
-3.41547
-3.41547
-3.41562
-3.41547
-3.41547
-3.41562
-3.41577
-3.41593
-3.41638
-3.41623
-3.41608
-3.41608
-3.41623
-3.41608
-3.41608
-3.41638
-3.41653
-3.41713
-3.41729
-3.41759
-3.41759
-3.41728
-3.41729
-3.41713
-3.41729
-3.41728
-3.41728
-3.41759
-3.41759
-3.41789
-3.41804
-3.41804
-3.41804
-3.41819
-3.41819
-3.41819
-3.41819
-3.41804
-3.41774
-3.41774
-3.41774
-3.41774
-3.41789
-3.41774
-3.41789
-3.41834
-3.41804
-3.41774
-3.41759
-3.41759
-3.41759
-3.41759
