1.9027
1.89059
1.87879
1.86779
1.85664
1.84512
1.83346
1.82168
1.81026
1.79922
1.7893
1.77856
1.76798
1.75805
1.74807
1.73779
1.7277
1.71831
1.70864
1.69967
1.69069
1.68242
1.67414
1.66562
1.65735
1.64957
1.64156
1.63405
1.62703
1.6198
1.61331
1.60733
1.60113
1.59495
1.58951
1.58458
1.57942
1.57476
1.5706
1.56669
1.56326
1.55912
1.55617
1.55322
1.55026
1.54752
1.545
1.54245
1.54035
1.5382
1.53674
1.53497
1.53363
1.53271
1.53171
1.53159
1.52995
1.52917
1.52853
1.52803
1.52814
1.52789
1.52897
1.52942
1.52999
1.53089
1.53165
1.53201
1.53295
1.53348
1.53409
1.53477
1.53601
1.53634
1.53746
1.53888
1.54012
1.54141
1.54227
1.54342
1.54462
1.54586
1.54764
1.54921
1.55156
1.55323
1.55494
1.55717
1.55873
1.56058
1.56271
1.56417
1.56616
1.56845
1.5703
1.57245
1.57441
1.57668
1.57852
1.58067
1.58337
1.5859
1.58875
1.59143
1.59419
1.59656
1.5995
1.6023
1.60591
1.60915
1.61225
1.61546
1.61903
1.62224
1.62677
1.63072
1.63479
1.63901
1.64361
1.64859
1.65349
1.65782
1.66327
1.6684
1.67393
1.67964
1.68528
1.69062
1.69661
1.70254
1.7089
1.7152
1.72169
1.72932
1.73617
1.74346
1.75117
1.75882
1.76738
1.77541
1.78337
1.79175
1.80007
1.80857
1.81748
1.82656
1.8358
1.84544
1.85451
1.86397
1.87381
1.88331
1.89343
1.90367
1.91475
1.9257
1.93627
1.94718
1.95867
1.96951
1.98042
1.9914
2.00244
2.01377
2.02466
2.03606
2.047
2.0582
2.06965
2.08086
2.09229
2.10347
2.11487
2.12599
2.13706
2.14809
2.15883
2.16925
2.17961
2.19085
2.20152
2.2121
2.22283
2.23297
2.24348
2.25316
2.26345
2.27264
2.28243
2.2921
2.30162
2.31077
2.32051
2.32985
2.33881
2.34715
2.35605
2.3648
2.37365
2.38089
2.38918
2.39732
2.40506
2.41265
2.42008
2.42736
2.43448
2.4417
2.44852
2.45495
2.46147
2.46832
2.47502
2.4811
2.48702
2.49256
2.49795
2.50343
2.50876
2.51347
2.51826
2.52315
2.52788
2.53246
2.53688
2.54042
2.54428
2.54798
2.55198
2.55532
2.55873
2.56171
2.56523
2.56806
2.57045
2.57263
2.57507
2.57729
2.57904
2.58055
2.58158
2.58259
2.58334
2.58407
2.58429
2.58423
2.58437
2.58349
2.58257
2.58111
2.57936
2.5773
2.57518
2.57277
2.5703
2.56728
2.56398
2.56039
2.55675
2.55235
2.54817
2.54396
2.53902
2.53359
2.52793
2.5223
2.51621
2.50993
2.50372
2.49758
2.49153
2.48487
2.47786
2.47098
2.46402
2.45676
2.44944
2.44258
2.4357
2.42857
2.42099
2.41391
2.40689
2.40016
2.39352
2.38744
2.38123
2.37441
2.36796
2.36141
2.35525
2.349
2.34317
2.33727
2.33251
2.3277
2.32237
2.31699
2.31254
2.3083
2.30403
2.30021
2.29661
2.29347
2.28957
2.28638
2.28339
2.28086
2.27782
2.27618
2.27355
2.27135
2.26959
2.26851
2.26736
2.2664
2.26536
2.2645
2.2638
2.26397
2.26356
2.26354
2.26317
2.26316
2.26303
2.26324
2.26331
2.2642
2.26469
2.26501
2.26635
2.26703
2.26751
2.26876
2.26979
2.27011
2.27092
2.27173
2.27205
2.27259
2.27358
2.27404
2.27446
2.2753
2.27582
2.27675
2.27663
2.2769
2.27657
2.27685
2.27627
2.27557
2.27544
2.27468
2.274
2.27266
2.27163
2.27042
2.26925
2.26765
2.26608
2.2643
2.2623
2.25959
2.25738
2.25446
2.25106
2.24766
2.24426
2.24062
2.23673
2.23212
2.22775
2.22218
2.21684
2.21127
2.20523
2.19967
2.19366
2.18814
2.18193
2.17504
2.16843
2.16115
2.15417
2.14678
2.13971
2.132
2.12416
2.11642
2.10857
2.10038
2.09184
2.08395
2.07599
2.06725
2.05871
2.05014
2.04155
2.0332
2.02486
2.0163
2.00777
1.99881
1.99015
1.98157
1.97331
1.9649
1.95661
1.94867
1.94111
1.93345
1.9257
1.91835
1.91167
1.90492
1.89789
1.89155
1.88565
1.87974
1.87429
1.86836
1.86243
1.85724
1.8523
1.84739
1.84298
1.83885
1.83548
1.83167
1.8284
1.82517
1.82249
1.81962
1.81778
1.81576
1.81405
1.81313
1.81251
1.81173
1.81077
1.81132
1.81145
1.81262
1.8136
1.81488
1.8167
1.81834
1.82074
1.82415
1.82639
1.82914
1.83216
1.83593
1.83994
1.84419
1.84916
1.85388
1.85857
1.86323
1.86833
1.87361
1.87932
1.88494
1.89073
1.89641
1.90199
1.90769
1.91397
1.92036
1.92707
1.93385
1.93997
1.94614
1.95308
1.95955
1.96653
1.97351
1.98025
1.98625
1.99295
1.99913
2.00575
2.01232
2.01859
2.02527
2.03115
2.03719
2.04314
2.04923
2.0557
2.06135
2.06712
2.07277
2.07855
2.08468
2.08997
2.09536
2.10062
2.10549
2.11024
2.11435
2.1193
2.12385
2.12779
2.13182
2.13594
2.13944
2.14328
2.14673
2.15004
2.15321
2.15575
2.15887
2.16257
2.16492
2.16738
2.1697
2.17188
2.17392
2.17607
2.17761
2.17877
2.18028
2.1819
2.18291
2.18403
2.1855
2.18661
2.1871
2.18748
2.1882
2.18881
2.18857
2.18869
2.18892
2.18856
2.18855
2.18794
2.18769
2.18684
2.18611
2.18453
2.1838
2.1827
2.18196
2.18062
2.17915
2.17733
2.17586
2.17379
2.17159
2.16999
2.16778
2.16521
2.16324
2.16114
2.15867
2.1556
2.15263
2.1493
2.14633
2.14299
2.13976
2.1364
2.13316
2.12979
2.12582
2.12172
2.1175
2.11291
2.10796
2.10312
2.09793
2.09261
2.08766
2.08283
2.0774
2.07163
2.06646
2.06094
2.05579
2.04982
2.04374
2.03805
2.03201
2.02565
2.01895
2.01241
2.00579
1.99957
1.99303
1.98643
1.97977
1.97304
1.96602
1.95847
1.9516
1.94493
1.93775
1.93103
1.92405
1.91706
1.91007
1.90333
1.89659
1.8894
1.88199
1.87533
1.868
1.86096
1.8547
1.84778
1.84118
1.83467
1.82824
1.82143
1.81521
1.80887
1.80313
1.7968
1.79133
1.78601
1.78036
1.77462
1.76954
1.76511
1.76038
1.75607
1.75147
1.74755
1.74359
1.7396
1.7363
1.73369
1.73034
1.72745
1.72479
1.72259
1.72039
1.71817
1.71643
1.71516
1.71437
1.71333
1.71229
1.71197
1.71165
1.71132
1.71195
1.71257
1.71295
1.71428
1.71512
1.71667
1.71845
1.72021
1.7222
1.72465
1.72756
1.7302
1.7333
1.73685
1.74013
1.74385
1.74682
1.75095
1.75479
1.75956
1.76451
1.76869
1.77354
1.77881
1.78427
1.78918
1.79475
1.80073
1.80712
1.81247
1.81871
1.82464
1.83096
1.8384
1.84528
1.85231
1.85948
1.86656
1.87403
1.88188
1.88915
1.89728
1.90554
1.91322
1.9215
1.92991
1.93844
1.9471
1.95612
1.96501
1.97425
1.98337
1.99211
2.00096
2.01039
2.01991
2.0293
2.03925
2.04929
2.05942
2.06915
2.07895
2.08931
2.09974
2.11048
2.12127
2.1314
2.14182
2.15181
2.16256
2.1731
2.18416
2.19476
2.2049
2.21602
2.22666
2.23755
2.24795
2.25833
2.26894
2.27977
2.29008
2.30084
2.31155
2.32172
2.33159
2.34187
2.35208
2.36292
2.3727
2.38262
2.39243
2.40211
2.41167
2.4206
2.42986
2.43897
2.44718
2.4557
2.46427
2.47241
2.48033
2.48876
2.4972
2.50468
2.51191
2.51841
2.52488
2.53084
2.53651
2.54261
2.54793
2.55342
2.55787
2.56247
2.56722
2.5709
2.57472
2.57819
2.58129
2.58306
2.58494
2.58668
2.58756
2.5883
2.58889
2.5891
2.58891
2.58809
2.58664
2.58528
2.58377
2.58187
2.57958
2.57691
2.57386
2.5702
2.56616
2.56199
2.55698
2.5521
2.54663
2.54105
2.5349
2.52818
2.52115
2.51428
2.50663
2.49893
2.49046
2.48268
2.47415
2.46465
2.45562
2.44661
2.43688
2.42719
2.41729
2.4072
2.39692
2.38648
2.37587
2.36463
2.35422
2.34368
2.33254
2.32153
2.31018
2.29923
2.28772
2.27542
2.26378
2.25234
2.24063
2.22889
2.21737
2.2056
2.19408
2.1828
2.17035
2.1584
2.14625
2.13463
2.12331
2.1123
2.10088
2.08978
2.07902
2.06812
2.05708
2.04665
2.03585
2.02592
2.0154
2.00454
1.99409
1.9838
1.97319
1.96277
1.95325
1.94416
1.93503
1.9261
1.91739
1.90937
1.90086
1.89307
1.88526
1.87771
1.87016
1.86262
1.85559
1.84954
1.84328
1.83778
1.83183
1.82593
1.82104
1.81596
1.81118
1.8067
1.80228
1.79841
1.79437
1.79112
1.78891
1.7863
1.78425
1.78276
1.78135
1.78051
1.77951
1.77884
1.77873
1.77871
1.77902
1.77965
1.78061
1.78213
1.7842
1.78588
1.78811
1.79161
1.7935
1.79641
1.80059
1.80458
1.80862
1.81343
1.81851
1.82363
1.82901
1.83514
1.84055
1.84668
1.85305
1.85989
1.8667
1.87396
1.88141
1.88881
1.89662
1.90412
1.91224
1.92074
1.92889
1.93691
1.94527
1.9542
1.96223
1.97079
1.9794
1.9878
1.9962
2.00436
2.01322
2.02131
2.03008
2.03852
2.04664
2.05489
2.06326
2.071
2.07858
2.08598
2.09343
2.10042
2.10646
2.11273
2.11945
2.12565
2.1313
2.13688
2.14188
2.14653
2.15106
2.15521
2.15896
2.16255
2.16572
2.16798
2.16979
2.17116
2.1723
2.17347
2.17343
2.17317
2.17242
2.17119
2.16924
2.16632
2.16317
2.16026
2.15664
2.15232
2.14779
2.14329
2.13787
2.13179
2.12555
2.11915
2.11189
2.10498
2.09678
2.08897
2.08037
2.07221
2.06354
2.05415
2.04454
2.03522
2.02548
2.01559
2.00556
1.99567
1.98497
1.97469
1.96413
1.95427
1.94369
1.93361
1.92382
1.91384
1.90419
1.89415
1.88422
1.87418
1.865
1.85527
1.84594
1.83703
1.82856
1.81958
1.81129
1.80274
1.79394
1.78634
1.7785
1.77115
1.76478
1.75818
1.75112
1.74504
1.73898
1.73295
1.7279
1.72215
1.71715
1.71192
1.70768
1.7037
1.69949
1.69626
1.69279
1.68982
1.68733
1.68509
1.6826
1.67962
1.6776
1.67557
1.674
1.67338
1.67226
1.67134
1.67065
1.66992
1.66988
1.6698
1.67017
1.67002
1.67078
1.67125
1.67289
1.67495
1.67623
1.67746
1.67888
1.68119
1.68345
1.68564
1.68849
1.69102
1.69324
1.69611
1.69841
1.70183
1.70493
1.70842
1.71205
1.71582
1.71949
1.72353
1.72746
1.73126
1.73566
1.74016
1.74428
1.74921
1.75422
1.75931
1.76447
1.76993
1.77544
1.78027
1.78634
1.79122
1.79613
1.802
1.80739
1.81253
1.8179
1.82275
1.82805
1.83307
1.83803
1.84318
1.84803
1.85304
1.85749
1.86234
1.86662
1.87129
1.87514
1.87888
1.88349
1.88774
1.89165
1.89545
1.89962
1.90271
1.90642
1.90977
1.91278
1.91568
1.9192
1.92189
1.92498
1.92748
1.93015
1.93344
1.93642
1.93933
1.94193
1.94399
1.94624
1.94891
1.95083
1.95247
1.95457
1.95761
1.95992
1.96198
1.96405
1.96541
1.96751
1.96963
1.9713
1.97374
1.9755
1.97803
1.98062
1.98328
1.986
1.98856
1.9912
1.99417
1.99723
1.99966
2.00291
2.00578
2.00899
2.01207
2.01502
2.01856
2.02244
2.0262
2.03079
2.035
2.03861
2.0428
2.04709
2.05173
2.05574
2.06033
2.06477
2.06954
2.07462
2.07979
2.08453
2.08911
2.09493
2.09961
2.10504
2.10978
2.11503
2.12029
2.12604
2.13131
2.13704
2.14226
2.14698
2.15189
2.15675
2.16179
2.16677
2.17142
2.17647
2.18094
2.18482
2.18931
2.19391
2.19815
2.20248
2.20691
2.21095
2.21459
2.21783
2.22113
2.22475
2.22746
2.23
2.23186
2.23402
2.23599
2.23801
2.23984
2.2422
2.24316
2.24465
2.245
2.24515
2.24632
2.24683
2.24643
2.2461
2.24536
2.24518
2.24507
2.24408
2.24366
2.24261
2.24094
2.23962
2.23865
2.23731
2.23562
2.23405
2.23239
2.23062
2.22877
2.22659
2.22409
2.22224
2.22008
2.21762
2.21511
2.21254
2.21113
2.20872
2.20652
2.20356
2.20106
2.19878
2.19648
2.19417
2.19184
2.18951
2.18717
2.18532
2.18298
2.1804
2.17782
2.17476
2.1722
2.16963
2.16707
2.16452
2.16173
2.15918
2.1564
2.1541
2.1518
2.14902
2.14648
2.14393
2.14138
2.13906
2.13649
2.13415
2.13107
2.12821
2.12534
2.12317
2.12073
2.11827
2.1153
2.11254
2.10879
2.10549
2.10289
2.10025
2.09733
2.09439
2.09118
2.08818
2.08563
2.08233
2.07949
2.07614
2.07278
2.06965
2.06652
2.06337
2.05999
2.05734
2.05398
2.05161
2.04877
2.04574
2.04323
2.04029
2.03741
2.03484
2.03211
2.02971
2.02764
2.02496
2.02263
2.02042
2.01811
2.01643
2.01537
2.01327
2.01206
2.01054
2.00897
2.00831
2.0076
2.00709
2.0068
2.00647
2.00659
2.0067
2.00751
2.00853
2.00978
2.01053
2.01246
2.01365
2.01529
2.01762
2.01967
2.02216
2.02508
2.02795
2.03122
2.03442
2.03752
2.04149
2.04485
2.04857
2.05239
2.05629
2.06001
2.06426
2.06878
2.07307
2.07712
2.0809
2.08439
2.0883
2.09189
2.09513
2.09897
2.10218
2.10548
2.10859
2.11199
2.11445
2.11717
2.11939
2.12136
2.12281
2.12445
2.12579
2.12634
2.12585
2.12576
2.12582
2.12483
2.12422
2.12351
2.12175
2.11989
2.11746
2.1147
2.1121
2.10872
2.10527
2.10177
2.09728
2.09372
2.08943
2.08467
2.07945
2.07475
2.06963
2.06411
2.05772
2.05169
2.04628
2.04031
2.03427
2.02844
2.02138
2.01529
2.00922
2.00318
1.99721
1.99084
1.98504
1.97937
1.97431
1.96892
1.96393
1.95889
1.95428
1.94965
1.94523
1.9413
1.93761
1.93345
1.93028
1.92738
1.92453
1.92222
1.91995
1.91823
1.91634
1.91451
1.91348
1.91325
1.91334
1.91326
1.9135
1.91407
1.91519
1.91638
1.91814
1.91972
1.92186
1.9243
1.92705
1.93033
1.93367
1.9373
1.94121
1.9454
1.95083
1.95532
1.96031
1.96555
1.97081
1.97702
1.98276
1.98896
1.99514
2.0013
2.00815
2.01472
2.0222
2.03011
2.03796
2.0455
2.05296
2.06155
2.0698
2.07795
2.08648
2.09562
2.10464
2.11353
2.12228
2.13162
2.14056
2.15007
2.15893
2.16834
2.17829
2.18781
2.1969
2.20601
2.21588
2.22504
2.23469
2.2441
2.25375
2.26362
2.27322
2.28279
2.29279
2.30202
2.3119
2.32099
2.33024
2.33963
2.34867
2.35761
2.36617
2.37485
2.38313
2.3915
2.39994
2.40796
2.41556
2.42367
2.43134
2.43878
2.44551
2.45224
2.45944
2.46614
2.47232
2.47846
2.48431
2.48937
2.49411
2.4983
2.5024
2.5064
2.50958
2.51288
2.51558
2.51815
2.52034
2.52192
2.52334
2.52462
2.52477
2.52501
2.5246
2.52378
2.52208
2.52044
2.51814
2.51568
2.51304
2.51023
2.50605
2.50195
2.49719
2.49229
2.48698
2.48129
2.47521
2.46876
2.46218
2.45572
2.44843
2.44056
2.43308
2.42408
2.41526
2.4059
2.39601
2.38658
2.37641
2.36623
2.35607
2.3457
2.33512
2.32364
2.31247
2.30114
2.28968
2.27809
2.26639
2.25459
2.24223
2.23052
2.21851
2.20647
2.19441
2.18232
2.17048
2.15841
2.1466
2.13484
2.12287
2.11073
2.09889
2.08641
2.07475
2.0627
2.05124
2.0399
2.02869
2.01809
2.00763
1.9966
1.98597
1.97527
1.96521
1.95534
1.94565
1.93639
1.92685
1.91775
1.90886
1.89994
1.89124
1.88277
1.87453
1.86676
1.85924
1.85171
1.84468
1.83766
1.83066
1.82415
1.81767
1.81122
1.8048
1.79938
1.79423
1.78912
1.7843
1.78
1.7767
1.77322
1.76978
1.76639
1.76354
1.76073
1.75847
1.75649
1.75457
1.75318
1.75209
1.75104
1.75052
1.74981
1.74938
1.75043
1.7508
1.75144
1.75236
1.75354
1.75499
1.75694
1.7589
1.76086
1.76355
1.76672
1.77084
1.77422
1.77806
1.78163
1.78539
1.7896
1.79447
1.79928
1.80498
1.8094
1.81469
1.8199
1.82523
1.83046
1.83557
1.84151
1.84708
1.85299
1.85875
1.86483
1.87123
1.8777
1.88423
1.89106
1.89698
1.90391
1.9104
1.91717
1.92374
1.93058
1.93792
1.94434
1.95077
1.95796
1.9642
1.97047
1.97772
1.98404
1.9911
1.99819
2.0053
2.01197
2.01842
2.02539
2.03167
2.03871
2.04554
2.0529
2.05981
2.067
2.07423
2.08151
2.08931
2.0969
2.10405
2.11147
2.11917
2.1269
2.13442
2.14196
2.14976
2.15758
2.16516
2.17323
2.18129
2.18885
2.19616
2.20344
2.21093
2.21838
2.22529
2.23215
2.23943
2.2464
2.25328
2.26009
2.26655
2.27389
2.28039
2.28679
2.29307
2.3002
2.30649
2.31313
2.31941
2.32508
2.33062
2.33627
2.34179
2.34742
2.35221
2.35783
2.3626
2.36798
2.37276
2.37718
2.38174
2.38618
2.39029
2.39429
2.39868
2.40249
2.40621
2.41057
2.41413
2.41761
2.42101
2.4241
2.42784
2.43152
2.43464
2.43818
2.44142
2.44435
2.44722
2.45002
2.45276
2.45542
2.45802
2.46031
2.46276
2.46465
2.46719
2.46939
2.47222
2.47472
2.47687
2.47914
2.48107
2.48287
2.48453
2.48655
2.4877
2.48869
2.48928
2.48971
2.49092
2.49098
2.49134
2.49198
2.49193
2.49142
2.4907
2.49023
2.48905
2.48739
2.48645
2.48453
2.48237
2.47994
2.47798
2.47527
2.47206
2.46882
2.46531
2.46178
2.45774
2.45367
2.44886
2.44426
2.43964
2.43405
2.42796
2.42162
2.41528
2.40919
2.40335
2.39608
2.3886
2.38139
2.37398
2.36614
2.35788
2.3492
2.34084
2.33257
2.32368
2.31513
2.3067
2.29744
2.28807
2.27885
2.26979
2.26042
2.25147
2.24247
2.23391
2.22508
2.2155
2.20616
2.19633
2.18699
2.17743
2.16789
2.15862
2.14988
2.14095
2.13208
2.12327
2.1143
2.10565
2.0966
2.08788
2.0795
2.07099
2.06306
2.05453
2.04636
2.03904
2.03208
2.02406
2.01617
2.00842
2.00082
1.99385
1.98679
1.98013
1.97337
1.96702
1.96035
1.95432
1.9487
1.94277
1.937
1.93093
1.9255
1.92026
1.91495
1.91029
1.90509
1.90031
1.89619
1.892
1.88752
1.8837
1.87983
1.87662
1.87311
1.87051
1.86762
1.86516
1.86264
1.86056
1.85843
1.8565
1.855
1.85369
1.85259
1.85168
1.85074
1.84999
1.84921
1.84912
1.84827
1.84859
1.84913
1.84988
1.8506
1.85154
1.85318
1.85407
1.85543
1.85701
1.85905
1.86108
1.86429
1.86653
1.86947
1.87289
1.87581
1.87943
1.88401
1.88857
1.89263
1.89715
1.90141
1.90637
1.91179
1.91718
1.92277
1.92857
1.93529
1.94123
1.94688
1.95344
1.95992
1.96682
1.97459
1.98156
1.98914
1.99686
2.0047
2.01289
2.02047
2.0279
2.03613
2.04419
2.05231
2.06097
2.06942
2.0779
2.08592
2.09442
2.1022
2.11044
2.11867
2.12685
2.13524
2.14334
2.15161
2.15958
2.16748
2.17554
2.18328
2.19068
2.19775
2.20497
2.21257
2.21959
2.22674
2.23356
2.24003
2.24712
2.25412
2.26102
2.26782
2.27428
2.2809
2.28718
2.29314
2.29902
2.30483
2.31103
2.31668
2.32275
2.32898
2.33443
2.33957
2.34489
2.35086
2.35605
2.36189
2.36695
2.37217
2.37684
2.38238
2.38737
2.3925
2.39728
2.40196
2.407
2.41191
2.41596
2.41984
2.42356
2.42734
2.4314
2.43548
2.43886
2.44198
2.44532
2.44814
2.45018
2.4519
2.45306
2.45386
2.45454
2.45484
2.45451
2.45377
2.45285
2.45127
2.44949
2.4475
2.44458
2.44145
2.43786
2.43381
2.42979
2.42531
2.41942
2.41357
2.40729
2.40058
2.39347
2.38596
2.37807
2.36982
2.36122
2.35182
2.34258
2.33331
2.32353
2.31302
2.30398
2.29402
2.28316
2.27287
2.26197
2.25096
2.23987
2.22896
2.218
2.20655
2.19557
2.18436
2.17368
2.16281
2.15153
2.14033
2.12948
2.11898
2.10838
2.09768
2.08785
2.07771
2.06751
2.05822
2.04888
2.03951
2.0306
2.02166
2.01271
2.00448
1.99648
1.98849
1.98051
1.97303
1.9658
1.95787
1.95141
1.94498
1.93906
1.93317
1.92755
1.92198
1.91668
1.9119
1.90716
1.90295
1.8995
1.89562
1.8925
1.88991
1.88688
1.88462
1.88241
1.88048
1.87933
1.87774
1.87644
1.87616
1.87543
1.875
1.87534
1.87549
1.87593
1.87738
1.87839
1.87993
1.88104
1.88291
1.88507
1.88775
1.89023
1.89275
1.89603
1.89982
1.90365
1.90894
1.91354
1.9184
1.92352
1.92913
1.93378
1.93964
1.94549
1.95182
1.9586
1.96537
1.97233
1.97926
1.98662
1.9944
2.00211
2.00974
2.018
2.0264
2.03493
2.0431
2.05137
2.06046
2.06915
2.07791
2.08697
2.09607
2.10497
2.11364
2.12257
2.131
2.14014
2.14948
2.1583
2.16658
2.17527
2.18388
2.19191
2.20056
2.20837
2.2163
2.22432
2.23244
2.2404
2.24771
2.25509
2.26253
2.26953
2.27658
2.28318
2.28934
2.29503
2.30075
2.30673
2.31225
2.31801
2.32259
2.32718
2.33177
2.33637
2.34003
2.34369
2.34736
2.35082
2.35405
2.35706
2.35986
2.36221
2.36483
2.36701
2.369
2.3708
2.37266
2.37386
2.37536
2.37671
2.37789
2.37868
2.3786
2.37959
2.37948
2.37949
2.3801
2.38036
2.38003
2.37935
2.37859
2.37798
2.37728
2.37675
2.37616
2.37501
2.37453
2.37351
2.37245
2.37134
2.37091
2.36996
2.36899
2.36799
2.36672
2.36543
2.36437
2.36379
2.36223
2.36139
2.36031
2.35923
2.35865
2.35735
2.35631
2.35577
2.35429
2.35332
2.35238
2.35219
2.35132
2.35024
2.34969
2.34823
2.34753
2.34689
2.34679
2.34627
2.34605
2.34589
2.3458
2.3453
2.34535
2.34596
2.34567
2.34619
2.34605
2.34599
2.34649
2.34609
2.34673
2.34745
2.34751
2.34836
2.34926
2.34951
2.35005
2.35087
2.35198
2.35337
2.35454
2.35501
2.35574
2.35695
2.35816
2.3591
2.35979
2.36043
2.36127
2.36182
2.36253
2.36363
2.36417
2.36435
2.3649
2.36507
2.36511
2.3645
2.36422
2.36447
2.36406
2.36321
2.36215
2.36112
2.35986
2.35812
2.35591
2.35369
2.35122
2.34849
2.34575
2.34226
2.33898
2.3352
2.33091
2.32684
2.32226
2.31741
2.31231
2.30671
2.30086
2.29452
2.28842
2.28208
2.27575
2.2692
2.2622
2.25451
2.24733
2.23973
2.23218
2.22423
2.21658
2.20759
2.19917
2.19061
2.18242
2.17387
2.16449
2.15575
2.14692
2.13802
2.12979
2.12053
2.11172
2.10288
2.09402
2.08467
2.07509
2.06599
2.05692
2.0474
2.03865
2.02922
2.02034
2.01177
2.00328
1.99464
1.98634
1.97694
1.96887
1.96067
1.95309
1.94493
1.93644
1.92811
1.92017
1.91169
1.90434
1.8967
1.88974
1.88345
1.87664
1.87052
1.8639
1.85773
1.85155
1.84584
1.8406
1.8356
1.83107
1.82704
1.82276
1.81873
1.81472
1.8112
1.80817
1.8054
1.80217
1.79968
1.79792
1.79619
1.79447
1.79301
1.79181
1.79087
1.79018
1.7895
1.78884
1.78866
1.78873
1.78976
1.7908
1.79182
1.79308
1.79384
1.79531
1.79724
1.79913
1.80196
1.80475
1.80797
1.81115
1.81426
1.8178
1.82174
1.82609
1.82938
1.83355
1.83738
1.8411
1.84543
1.84963
1.85371
1.85861
1.86361
1.86869
1.87314
1.87838
1.88393
1.88882
1.89424
1.89948
1.90427
1.90958
1.91517
1.92078
1.92641
1.93206
1.93748
1.94315
1.94835
1.95403
1.95972
1.9654
1.97085
1.97701
1.98245
1.98789
1.9938
1.999
2.00468
2.01036
2.01557
2.02126
2.02649
2.03197
2.03746
2.04298
2.04805
2.05338
2.05898
2.06463
2.07055
2.07676
2.08254
2.08886
2.09499
2.10095
2.10697
2.11306
2.11922
2.12546
2.13203
2.13819
2.14492
2.15126
2.15768
2.16396
2.1708
2.17798
2.18476
2.19164
2.19957
2.20687
2.21377
2.22124
2.22832
2.23596
2.24367
2.25146
2.25957
2.26774
2.27573
2.28378
2.29165
2.2998
2.30824
2.31647
2.32497
2.33302
2.34109
2.34965
2.35797
2.36654
2.37462
2.38269
2.39074
2.39876
2.40723
2.41542
2.4238
2.43141
2.43967
2.44738
2.45502
2.46233
2.47003
2.47762
2.48536
2.49322
2.49999
2.50687
2.51385
2.52069
2.52761
2.53412
2.54071
2.54711
2.55332
2.55909
2.56417
2.56927
2.57415
2.57999
2.58487
2.58901
2.59361
2.59698
2.60078
2.60406
2.60632
2.60876
2.61088
2.61365
2.61561
2.61723
2.61852
2.61994
2.62052
2.62076
2.62015
2.61894
2.61784
2.61637
2.61406
2.61185
2.60928
2.6061
2.60375
2.60007
2.59627
2.59236
2.58688
2.58155
2.57611
2.56986
2.56377
2.55736
2.55065
2.54293
2.53589
2.52835
2.52103
2.51299
2.50425
2.49602
2.48761
2.47781
2.46834
2.45945
2.45044
2.44085
2.43166
2.42169
2.41142
2.40186
2.39229
2.38274
2.37369
2.36446
2.35506
2.34575
2.33654
2.32745
2.3185
2.30994
2.30131
2.29262
2.28411
2.27629
2.26797
2.26082
2.25319
2.24628
2.23913
2.23223
2.22583
2.21945
2.21357
2.20819
2.20283
2.19749
2.19312
2.18853
2.18419
2.18105
2.17719
2.17308
2.17039
2.16695
2.16348
2.15997
2.15736
2.15494
2.15268
2.15057
2.14861
2.14703
2.14485
2.14303
2.14179
2.14064
2.13934
2.13835
2.13743
2.1368
2.1355
2.134
2.13278
2.13182
2.13112
2.12972
2.1288
2.1279
2.12675
2.12609
2.12518
2.12403
2.12287
2.12244
2.12151
2.1201
2.11916
2.11846
2.11753
2.11635
2.1147
2.11402
2.11262
2.11197
2.11133
2.11072
2.10989
2.10909
2.10856
2.10784
2.10691
2.10627
2.10568
2.10563
2.10539
2.10521
2.10437
2.1036
2.10362
2.10347
2.10339
2.10339
2.10371
2.10411
2.10434
2.10418
2.1041
2.10507
2.10587
2.10605
2.10678
2.10785
2.10924
2.11023
2.11131
2.11247
2.11371
2.11479
2.11572
2.1172
2.11876
2.12064
2.12259
2.12414
2.12527
2.12719
2.12918
2.131
2.13312
2.13482
2.13706
2.13959
2.14122
2.14361
2.14605
2.14806
2.15083
2.15315
2.1555
2.15813
2.16054
2.1637
2.16615
2.16861
2.17156
2.17451
2.17771
2.18066
2.18335
2.18628
2.1887
2.19133
2.19441
2.19698
2.19926
2.20149
2.20391
2.20603
2.20832
2.20981
2.21195
2.21424
2.21669
2.21855
2.22032
2.22222
2.22377
2.22521
2.22653
2.22772
2.22878
2.22994
2.2305
2.23115
2.23166
2.23154
2.23175
2.23086
2.23101
2.23053
2.23014
2.22936
2.22819
2.22783
2.2266
2.22474
2.22347
2.22204
2.21952
2.21807
2.21649
2.21526
2.21343
2.21076
2.20775
2.20487
2.20191
2.19885
2.19595
2.19395
2.19069
2.18785
2.18472
2.18181
2.17886
2.17567
2.17246
2.16927
2.16656
2.16389
2.16101
2.15721
2.15346
2.15099
2.14763
2.14507
2.14262
2.14027
2.1378
2.13569
2.13371
2.13116
2.13068
2.12939
2.1285
2.1273
2.12651
2.12543
2.12548
2.12572
2.12542
2.12508
2.1254
2.12591
2.12589
2.12677
2.12785
2.1291
2.1298
2.13116
2.13316
2.13412
2.13547
2.13793
2.14028
2.14276
2.14559
2.14781
2.15012
2.15348
2.15619
2.1592
2.16227
2.16512
2.16801
2.17042
2.17332
2.17644
2.1793
2.18237
2.18514
2.18761
2.19026
2.19282
2.19505
2.19766
2.20015
2.20253
2.20477
2.20663
2.20811
2.20967
2.21108
2.21231
2.21338
2.21402
2.21472
2.215
2.21532
2.2157
2.2154
2.21538
2.21492
2.21403
2.21269
2.2114
2.20966
2.20797
2.20632
2.20447
2.20292
2.20094
2.19828
2.19569
2.19341
2.19095
2.18784
2.18481
2.18114
2.17708
2.1736
2.16998
2.16575
2.16187
2.15764
2.15306
2.14838
2.1436
2.13922
2.13429
2.12976
2.12397
2.11908
2.11416
2.10871
2.10396
2.09894
2.09464
2.0896
2.08481
2.07979
2.07479
2.06981
2.06534
2.06066
2.05602
2.05143
2.04641
2.0412
2.03653
2.03216
2.02738
2.02291
2.01899
2.01394
2.00945
2.00576
2.00165
1.99763
1.99344
1.98933
1.98553
1.98132
1.9779
1.97455
1.97151
1.96756
1.96463
1.96128
1.9575
1.95424
1.95079
1.94713
1.94399
1.94064
1.93779
1.93448
1.93094
1.92862
1.92558
1.92254
1.91949
1.91668
1.91361
1.91075
1.90812
1.90522
1.90204
1.89883
1.89582
1.89252
1.88895
1.88532
1.88188
1.87839
1.87485
1.87101
1.86735
1.86364
1.85915
1.85532
1.85191
1.8482
1.84396
1.83965
1.83553
1.83111
1.82664
1.82236
1.81851
1.81437
1.81043
1.80573
1.80099
1.79718
1.79286
1.78827
1.78366
1.77903
1.77463
1.7695
1.76461
1.75996
1.75556
1.75021
1.7456
1.74077
1.73597
1.73217
1.72721
1.72278
1.71816
1.71432
1.71006
1.70588
1.70129
1.69679
1.69334
1.68975
1.68602
1.6824
1.67889
1.67526
1.672
1.66911
1.6666
1.66351
1.66056
1.65849
1.65633
1.65409
1.65153
1.64938
1.64739
1.64583
1.64468
1.64346
1.64243
1.6411
1.64019
1.64067
1.64038
1.64003
1.64012
1.64087
1.64157
1.64294
1.64449
1.6455
1.64622
1.64784
1.6494
1.65137
1.65304
1.65561
1.65761
1.66002
1.66259
1.66508
1.66771
1.67098
1.67439
1.67793
1.68113
1.68469
1.68862
1.69266
1.69633
1.70058
1.70493
1.70889
1.71341
1.71754
1.72173
1.72624
1.73104
1.73542
1.73984
1.74479
1.74857
1.75309
1.75788
1.76172
1.76629
1.77134
1.77615
1.78167
1.7867
1.79097
1.79547
1.79992
1.80483
1.8092
1.81401
1.81828
1.82298
1.82785
1.8317
1.83595
1.84061
1.84423
1.84825
1.85218
1.85578
1.85952
1.86342
1.86697
1.87067
1.87498
1.87798
1.88136
1.88464
1.8878
1.89061
1.8933
1.89589
1.89812
1.90048
1.90273
1.90462
1.90688
1.90903
1.91083
1.91251
1.9136
1.9153
1.9169
1.91815
1.91953
1.92081
1.92126
1.92185
1.92258
1.92321
1.92351
1.92443
1.92453
1.92479
1.92495
1.92478
1.92453
1.92418
1.924
1.92373
1.92313
1.9227
1.92218
1.92183
1.9214
1.9204
1.91957
1.91867
1.91768
1.9171
1.91573
1.91476
1.9125
1.91138
1.91042
1.90842
1.90683
1.90516
1.90318
1.90113
1.89924
1.89728
1.89525
1.89291
1.89099
1.889
1.8867
1.88459
1.88218
1.87972
1.87794
1.87539
1.87279
1.86993
1.86704
1.86413
1.86145
1.85852
1.85535
1.85292
1.84979
1.84741
1.84507
1.84229
1.8391
1.83646
1.83439
1.83218
1.83055
1.82808
1.82623
1.82428
1.82273
1.82134
1.82062
1.81937
1.81857
1.81774
1.81666
1.81678
1.81667
1.81706
1.81773
1.81867
1.8199
1.82144
1.82328
1.82568
1.82815
1.83096
1.83434
1.83782
1.8414
1.84558
1.85035
1.85548
1.86072
1.86633
1.8723
1.87863
1.88581
1.89359
1.90053
1.90806
1.91691
1.9254
1.93422
1.94339
1.9529
1.96346
1.97362
1.9841
1.99441
2.00549
2.01687
2.02852
2.04044
2.05189
2.06406
2.07599
2.08909
2.10239
2.11564
2.12906
2.14335
2.1573
2.17137
2.1853
2.19932
2.21364
2.22825
2.2424
2.2568
2.27071
2.28483
2.29865
2.31215
2.32629
2.33982
2.35274
2.36622
2.38025
2.39311
2.40575
2.41887
2.43124
2.44358
2.45562
2.46686
2.47776
2.48878
2.50016
2.50995
2.51933
2.52878
2.53755
2.54636
2.55448
2.5614
2.56833
2.57454
2.58025
2.58571
2.59042
2.59486
2.59903
2.60221
2.60488
2.60728
2.60964
2.61078
2.61142
2.61132
2.61121
2.61086
2.60956
2.6078
2.6063
2.60389
2.60057
2.59732
2.59343
2.5894
2.5855
2.58124
2.57617
2.57079
2.56536
2.55893
2.55296
2.54555
2.53913
2.53178
2.52449
2.51752
2.51041
2.5022
2.49558
2.48814
2.48039
2.47283
2.46499
2.45737
2.44926
2.44116
2.43333
2.42554
2.41779
2.40963
2.40203
2.39451
2.38686
2.37955
2.37212
2.36482
2.35741
2.35086
2.34446
2.33798
2.33141
2.32549
2.31902
2.31369
2.30852
2.30282
2.29754
2.29268
2.28753
2.28305
2.27804
2.27346
2.26882
2.26462
2.26134
2.25752
2.25389
2.25046
2.24699
2.24467
2.2423
2.23988
2.23766
2.2354
2.23333
2.23122
2.22978
2.22855
2.228
2.22692
2.22605
2.22562
2.22517
2.22443
2.22463
2.22479
2.22589
2.22672
2.22753
2.22878
2.23026
2.23195
2.23386
2.23622
2.23855
2.24086
2.24361
2.24633
2.24974
2.25311
2.25619
2.2597
2.2634
2.26751
2.27228
2.27624
2.28036
2.28439
2.28902
2.29403
2.29938
2.30435
2.3099
2.31527
2.32071
2.32596
2.33148
2.33725
2.34327
2.34832
2.35405
2.3595
2.3649
2.37021
2.37447
2.37982
2.38457
2.38942
2.39387
2.39838
2.40223
2.40587
2.40977
2.41344
2.41687
2.41978
2.4229
2.42549
2.42777
2.42974
2.43137
2.43266
2.43407
2.43415
2.43458
2.43437
2.43401
2.43323
2.4318
2.4297
2.42742
2.42445
2.42127
2.41813
2.4131
2.40857
2.40382
2.39862
2.39273
2.38638
2.37959
2.3726
2.36493
2.35708
2.34906
2.33967
2.33061
2.3207
2.31092
2.30008
2.28963
2.27889
2.26787
2.2566
2.24509
2.23386
2.22173
2.20895
2.19629
2.18425
2.17213
2.15971
2.14655
2.13411
2.12146
2.10862
2.09609
2.08414
2.07159
2.05965
2.04787
2.03627
2.02463
2.01368
2.00247
1.99173
1.98173
1.97175
1.96154
1.95185
1.9422
1.93211
1.92277
1.91396
1.90519
1.89741
1.88967
1.88196
1.87451
1.8673
1.86035
1.85363
1.84737
1.84059
1.83402
1.82835
1.82237
1.81678
1.81134
1.80602
1.80032
1.79593
1.79065
1.78567
1.78027
1.77489
1.7705
1.76538
1.7605
1.7556
1.75067
1.74569
1.74114
1.7358
1.7311
1.72585
1.72002
1.71482
1.70905
1.70341
1.69766
1.69181
1.68609
1.68027
1.67433
1.66854
1.66192
1.65496
1.6484
1.64198
1.635
1.62771
1.62107
1.61412
1.6076
1.60007
1.59298
1.58586
1.57871
1.57203
1.56485
1.55815
1.55074
1.54334
1.53643
1.53003
1.52342
1.51612
1.50958
1.50261
1.49569
1.4893
1.48249
1.4755
1.46858
1.4622
1.45541
1.44869
1.44228
1.43618
1.43015
1.4242
1.41809
1.4118
1.4056
1.39994
1.39413
1.38839
1.38297
1.37738
1.37163
1.36572
1.36037
1.3551
1.35016
1.34482
1.3398
1.33464
1.32956
1.32458
1.31993
1.31539
1.31094
1.30637
1.30166
1.29731
1.29331
1.28943
1.28544
1.28231
1.27834
1.27451
1.27203
1.26898
1.26583
1.26284
1.26026
1.25759
1.25486
1.25349
1.2511
1.24984
1.24852
1.24714
1.24547
1.24421
1.24363
1.24323
1.24277
1.24322
1.24362
1.24372
1.24375
1.24445
1.24509
1.24589
1.24711
1.2485
1.25028
1.25174
1.25334
1.25533
1.25722
1.25924
1.26161
1.26266
1.26477
1.26794
1.27048
1.27261
1.27529
1.2785
1.2808
1.2841
1.28693
1.29002
1.29264
1.29525
1.29809
1.3009
1.30343
1.30567
1.30787
1.31095
1.31397
1.31619
1.3188
1.32084
1.32302
1.32559
1.32732
1.3292
1.33121
1.33287
1.33418
1.33564
1.33771
1.33871
1.33987
1.34093
1.34191
1.34306
1.34438
1.34516
1.34517
1.3461
1.34772
1.34956
1.34995
1.35082
1.35099
1.35191
1.35214
1.35314
1.35445
1.35534
1.35681
1.35764
1.35906
1.36011
1.36129
1.36235
1.36404
1.36562
1.36808
1.36997
1.37202
1.37448
1.3771
1.37965
1.38261
1.38574
1.38904
1.39347
1.39686
1.40042
1.40486
1.40801
1.41228
1.41693
1.42124
1.42617
1.43147
1.43617
1.44146
1.44686
1.45237
1.457
1.4622
1.46796
1.47355
1.47896
1.48467
1.4902
1.496
1.50184
1.5082
1.51458
1.52049
1.52642
1.53236
1.53854
1.54449
1.55115
1.55732
1.563
1.56819
1.57263
1.57874
1.5841
1.58992
1.59571
1.60171
1.60719
1.61264
1.61828
1.6246
1.63039
1.63564
1.6406
1.64597
1.65152
1.65651
1.66142
1.66673
1.67195
1.67708
1.68162
1.68604
1.69035
1.69428
1.69881
1.70318
1.70669
1.71003
1.71343
1.71714
1.72042
1.72398
1.7266
1.7295
1.73192
1.73363
1.73533
1.73727
1.73895
1.73988
1.74078
1.74189
1.74199
1.74228
1.74229
1.74224
1.74188
1.74075
1.73931
1.73756
1.73527
1.73243
1.72952
1.72678
1.72326
1.71968
1.71604
1.71186
1.70739
1.70287
1.69759
1.69226
1.68642
1.68056
1.67418
1.66731
1.66043
1.65331
1.64643
1.63908
1.63175
1.62397
1.61597
1.60851
1.60037
1.59228
1.58305
1.57414
1.56508
1.55586
1.54578
1.53652
1.52691
1.51742
1.50806
1.49789
1.48811
1.478
1.46831
1.45711
1.44731
1.43673
1.42636
1.41549
1.40507
1.39489
1.38447
1.37382
1.36318
1.35257
1.34272
1.33243
1.3222
1.31202
1.30095
1.29044
1.28049
1.2704
1.26065
1.25148
1.24268
1.23303
1.22375
1.21534
1.20586
1.19653
1.18783
1.1793
1.17118
1.16298
1.15593
1.1481
1.14046
1.13252
1.12503
1.11869
1.1116
1.10543
1.09924
1.09277
1.08677
1.0805
1.07493
1.06911
1.06423
1.05981
1.05513
1.05069
1.04622
1.04198
1.03869
1.03539
1.03183
1.02825
1.02538
1.02273
1.0203
1.01784
1.01585
1.01382
1.01249
1.01088
1.00971
1.00851
1.00751
1.00718
1.00633
1.00687
1.00712
1.00802
1.00815
1.00821
1.00893
1.00958
1.0104
1.01139
1.01302
1.01433
1.01628
1.01791
1.02042
1.02309
1.02567
1.02817
1.03059
1.03389
1.03711
1.04025
1.04331
1.04703
1.05067
1.05401
1.05801
1.06195
1.0668
1.0716
1.07637
1.08134
1.087
1.0924
1.09803
1.10389
1.10999
1.1161
1.12246
1.12932
1.13646
1.14411
1.15156
1.15882
1.16781
1.17663
1.18527
1.19421
1.20396
1.21402
1.22392
1.23414
1.24517
1.25484
1.26628
1.27804
1.28988
1.303
1.31596
1.32898
1.34256
1.35619
1.37035
1.38528
1.39903
1.41353
1.42828
1.44375
1.45944
1.47487
1.49098
1.50704
1.52277
1.53914
1.55516
1.57057
1.58727
1.60381
1.62064
1.63727
1.65391
1.67079
1.68763
1.70491
1.72139
1.73778
1.7543
1.77092
1.78738
1.80319
1.81904
1.83443
1.84958
1.86424
1.87935
1.89393
1.9082
1.92239
1.93576
1.94902
1.96216
1.97517
1.98707
1.99834
2.00944
2.02013
2.03089
2.04099
2.05042
2.05966
2.068
2.0759
2.08386
2.09138
2.09873
2.10516
2.1119
2.11799
2.12318
2.12869
2.13332
2.13732
2.14118
2.14466
2.14754
2.1503
2.15222
2.15404
2.15577
2.15718
2.15851
2.15929
2.15953
2.15949
2.15939
2.15951
2.15959
2.15893
2.15778
2.15685
2.15593
2.15428
2.15216
2.14981
2.14725
2.14422
2.14146
2.13826
2.1346
2.13099
2.12693
2.12317
2.11946
2.11556
2.11123
2.10673
2.10205
2.09697
2.09148
2.08607
2.08099
2.07528
2.06918
2.06367
2.05731
2.05155
2.0452
2.03873
2.03169
2.02552
2.01879
2.01224
2.00538
1.99871
1.99176
1.9843
1.97731
1.97031
1.96331
1.95657
1.94937
1.94342
1.93655
1.92902
1.92229
1.91588
1.90932
1.90311
1.89677
1.89055
1.88447
1.8783
1.87227
1.86689
1.86095
1.85566
1.85079
1.84588
1.84115
1.8371
1.83277
1.82817
1.82426
1.8208
1.81755
1.81428
1.81098
1.80886
1.80576
1.80336
1.80142
1.79946
1.7982
1.79668
1.79513
1.79453
1.79366
1.793
1.79256
1.79209
1.79231
1.79202
1.79242
1.79327
1.79433
1.79511
1.79609
1.79752
1.79915
1.80122
1.80326
1.80597
1.8084
1.81102
1.81408
1.81661
1.82005
1.82344
1.82678
1.83054
1.83424
1.83764
1.84169
1.84614
1.85052
1.8553
1.86023
1.86555
1.871
1.87659
1.88277
1.8881
1.89329
1.89906
1.90514
1.91081
1.91677
1.92302
1.92905
1.93558
1.94211
1.94862
1.95438
1.96105
1.96767
1.97324
1.9792
1.98482
1.99007
1.99518
2.00014
2.00518
2.01003
2.0147
2.01916
2.02389
2.0284
2.03219
2.03503
2.03786
2.04068
2.04373
2.04605
2.04763
2.04921
2.05077
2.05233
2.05341
2.05402
2.05489
2.0553
2.05551
2.05553
2.05585
2.05577
2.05553
2.05541
2.05468
2.05313
2.05246
2.05147
2.05092
2.05033
2.049
2.04815
2.04732
2.04653
2.04602
2.04558
2.04498
2.04424
2.04336
2.04357
2.04391
2.04416
2.04456
2.04488
2.04515
2.04559
2.04622
2.04681
2.04759
2.04931
2.05075
2.05264
2.05547
2.05731
2.05984
2.06282
2.06626
2.06942
2.07303
2.0766
2.08036
2.08432
2.08894
2.09325
2.09726
2.10238
2.10743
2.11214
2.11746
2.12267
2.12824
2.13344
2.13922
2.14508
2.15126
2.15606
2.16211
2.1682
2.17409
2.17951
2.1859
2.19204
2.19817
2.20499
2.21057
2.21658
2.22228
2.22791
2.23345
2.23914
2.24496
2.25042
2.25552
2.26048
2.2653
2.2702
2.27445
2.27878
2.28268
2.28664
2.28969
2.29373
2.29733
2.30072
2.30389
2.30659
2.30883
2.31132
2.31334
2.31536
2.31714
2.31844
2.31999
2.32033
2.32115
2.32149
2.32134
2.32169
2.32131
2.32046
2.31938
2.31807
2.31679
2.31528
2.31428
2.31187
2.30974
2.30765
2.30537
2.30243
2.30027
2.29699
2.29402
2.29042
2.28716
2.28377
2.28
2.27612
2.27189
2.26853
2.26508
2.26082
2.25601
2.25162
2.24695
2.24222
2.23843
2.23293
2.22838
2.22455
2.21952
2.21426
2.20951
2.20503
2.20107
2.19668
2.19235
2.18784
2.18292
2.17881
2.17454
2.17085
2.16702
2.1633
2.1597
2.15622
2.15286
2.14988
2.14679
2.14385
2.14129
2.13864
2.1359
2.13332
2.13114
2.1296
2.12774
2.12605
2.12501
2.12414
2.12295
2.12195
2.12087
2.12022
2.11973
2.11918
2.11953
2.12005
2.12051
2.12041
2.12145
2.12194
2.12308
2.1244
2.12612
2.12778
2.1296
2.13135
2.13326
2.13582
2.1383
2.14022
2.14351
2.14648
2.14864
2.15192
2.15488
2.15799
2.16174
2.16515
2.16944
2.1734
2.1775
2.18175
2.1859
2.19067
2.19511
2.19944
2.20438
2.20945
2.21466
2.22047
2.22591
2.23148
2.2374
2.24295
2.24884
2.25435
2.26019
2.2666
2.27286
2.27919
2.28559
2.29181
2.29857
2.30489
2.31198
2.31862
2.32505
2.33198
2.33892
2.3461
2.35304
2.36045
2.36688
2.37304
2.38037
2.38742
2.3937
2.40065
2.40659
2.41318
2.4197
2.42567
2.43085
2.43642
2.44215
2.44828
2.45407
2.45978
2.46491
2.47068
2.47563
2.48049
2.48574
2.49041
2.49572
2.50046
2.50535
2.50968
2.51465
2.51882
2.52339
2.5279
2.53209
2.53623
2.5403
2.54455
2.54876
2.55291
2.5575
2.56156
2.56486
2.56932
2.57303
2.5767
2.58035
2.5842
2.58755
2.59063
2.59417
2.59793
2.60094
2.60465
2.60834
2.61201
2.61541
2.61878
2.62236
2.62568
2.62944
2.63317
2.63589
2.63954
2.64289
2.64644
2.64944
2.65215
2.65526
2.65807
2.66152
2.66393
2.66601
2.66848
2.67108
2.67358
2.67573
2.678
2.68014
2.68263
2.68451
2.68648
2.68806
2.68948
2.69099
2.69232
2.693
2.6935
2.69454
2.6949
2.69508
2.69553
2.6953
2.69486
2.69446
2.69408
2.69324
2.69146
2.68993
2.68795
2.68597
2.68378
2.68135
2.67894
2.6763
2.67343
2.67009
2.66604
2.66201
2.658
2.65305
2.64836
2.6437
2.63907
2.6335
2.62822
2.62274
2.61779
2.61144
2.60588
2.5999
2.59302
2.5867
2.5807
2.57358
2.56656
2.55988
2.55283
2.54541
2.53787
2.52998
2.52222
2.51413
2.50618
2.49816
2.48957
2.48116
2.47293
2.46488
2.45654
2.44841
2.44024
2.43228
2.42382
2.41558
2.40709
2.39788
2.38915
2.38043
2.37172
2.36351
2.35509
2.34718
2.33881
2.33025
2.32221
2.31421
2.30603
2.29789
2.28934
2.28157
2.27362
2.26597
2.2584
2.25066
2.24299
2.2354
2.22814
2.22095
2.21408
2.20706
2.1994
2.19303
2.18554
2.17911
2.17229
2.16532
2.15869
2.15239
2.14595
2.13912
2.13264
2.12673
2.12116
2.11449
2.10841
2.10218
2.09606
2.09052
2.08532
2.07976
2.07502
2.07015
2.06539
2.06001
2.05571
2.05129
2.0465
2.04206
2.0375
2.03306
2.02922
2.0255
2.02143
2.01772
2.01461
2.01091
2.00783
2.00439
2.00109
1.99745
1.99466
1.99202
1.98952
1.98692
1.98495
1.98289
1.98121
1.97921
1.97808
1.9759
1.9746
1.9737
1.97271
1.97236
1.97194
1.97143
1.97084
1.97066
1.97112
1.97126
1.97204
1.97298
1.97288
1.97367
1.97485
1.97571
1.9772
1.97861
1.98018
1.98189
1.98375
1.986
1.98838
1.99067
1.99405
1.99684
1.99927
2.00182
2.00498
2.00752
2.01089
2.01388
2.01793
2.02159
2.02485
2.02843
2.03208
2.03604
2.03957
2.04316
2.04703
2.05118
2.05512
2.05885
2.06306
2.06681
2.07104
2.07477
2.07826
2.08221
2.08612
2.08953
2.09337
2.09668
2.10017
2.10384
2.10721
2.1105
2.1137
2.11754
2.12105
2.1247
2.12777
2.13048
2.13333
2.1363
2.13939
2.14211
2.14447
2.14621
2.14735
2.14882
2.15041
2.15234
2.15364
2.15529
2.1568
2.15769
2.15892
2.15953
2.16023
2.16104
2.16147
2.162
2.16191
2.16192
2.16204
2.16203
2.16188
2.16137
2.16072
2.16018
2.15928
2.15873
2.15781
2.15654
2.15466
2.15241
2.15078
2.14926
2.14763
2.14565
2.14332
2.14136
2.13905
2.13616
2.13365
2.1308
2.1281
2.1258
2.12293
2.11998
2.11744
2.11459
2.11143
2.10823
2.1057
2.10192
2.09811
2.09452
2.09067
2.08754
2.08442
2.08083
2.07798
2.07494
2.07171
2.06781
2.06495
2.06218
2.05951
2.0567
2.05427
2.05149
2.04934
2.04688
2.04459
2.04346
2.04156
2.04036
2.03914
2.03817
2.03816
2.03745
2.03797
2.03805
2.03842
2.03884
2.03981
2.0406
2.0422
2.04387
2.04586
2.04818
2.05108
2.05406
2.05786
2.0615
2.06596
2.07026
2.07537
2.08103
2.08605
2.09138
2.09725
2.10342
2.11012
2.11733
2.12457
2.13231
2.14005
2.14827
2.15647
2.16488
2.17301
2.18228
2.19075
2.19937
2.20886
2.21823
2.2277
2.23727
2.24692
2.25711
2.26662
2.2764
2.28643
2.29647
2.306
2.31526
2.3247
2.33457
2.3441
2.35283
2.3624
2.37136
2.38042
2.38981
2.39878
2.40734
2.41593
2.42432
2.43249
2.44018
2.44763
2.4553
2.46222
2.46886
2.47473
2.48078
2.48677
2.4922
2.49755
2.50185
2.50654
2.51088
2.51439
2.51756
2.52012
2.52257
2.52514
2.52735
2.5292
2.53044
2.53133
2.53209
2.5325
2.53182
2.53128
2.53063
2.5294
2.52783
2.52617
2.52418
2.52188
2.51904
2.51588
2.51268
2.50896
2.50424
2.49998
2.49547
2.49072
2.48597
2.48029
2.47463
2.46927
2.46323
2.45751
2.45138
2.44511
2.43894
2.43337
2.42672
2.4202
2.41336
2.40572
2.39849
2.39168
2.38459
2.37723
2.37032
2.3634
2.35624
2.34909
2.34219
2.33483
2.32848
2.32144
2.31494
2.30778
2.30141
2.2944
2.28747
2.28087
2.27438
2.26846
2.26242
2.25674
2.25045
2.24453
2.23899
2.23335
2.22689
2.22129
2.21585
2.21105
2.20592
2.20192
2.19616
2.19201
2.18803
2.18374
2.17962
2.17592
2.17264
2.16929
2.16612
2.16337
2.16031
2.15792
2.15569
2.1534
2.15104
2.14885
2.14755
2.14521
2.14327
2.14198
2.1406
2.13961
2.13877
2.1376
2.13705
2.13711
2.13634
2.13594
2.13637
2.13668
2.1371
2.13738
2.13776
2.13943
2.13974
2.14085
2.1418
2.14232
2.14291
2.14379
2.14472
2.14593
2.14645
2.14748
2.14902
2.15033
2.15142
2.15251
2.1536
2.15493
2.15601
2.15708
2.15789
2.15867
2.15968
2.16041
2.16159
2.16249
2.16287
2.16345
2.16422
2.16519
2.16563
2.16626
2.16732
2.16761
2.16784
2.16826
2.16839
2.16894
2.16968
2.16964
2.16979
2.17013
2.17017
2.17016
2.1701
2.17048
2.17032
2.17036
2.16987
2.1691
2.16853
2.16816
2.16776
2.16756
2.16661
2.16611
2.16534
2.16479
2.16373
2.16337
2.16252
2.16189
2.16125
2.16084
2.15994
2.15951
2.15908
2.15841
2.1575
2.15658
2.15616
2.15549
2.15508
2.15443
2.15379
2.15292
2.15182
2.15145
2.15085
2.14978
2.14921
2.14865
2.14762
2.14757
2.14704
2.14629
2.14627
2.14626
2.14602
2.1453
2.14483
2.14412
2.14293
2.14269
2.14269
2.14244
2.14218
2.14166
2.14064
2.14056
2.13996
2.1391
2.13843
2.13772
2.13696
2.13591
2.13528
2.13434
2.13308
2.13223
2.13129
2.12977
2.12888
2.12716
2.12557
2.12338
2.12154
2.11982
2.11772
2.11499
2.11236
2.10957
2.10662
2.10448
2.10072
2.09752
2.09415
2.09061
2.08689
2.083
2.07894
2.07422
2.06981
2.06499
2.06073
2.05582
2.05099
2.04553
2.04017
2.03491
2.03
2.02377
2.01766
2.01193
2.0061
2.00044
1.99447
1.98843
1.98235
1.976
1.96963
1.96325
1.95761
1.95126
1.94447
1.93797
1.93178
1.92591
1.91989
1.91399
1.90845
1.90281
1.89732
1.89177
1.8864
1.88147
1.87626
1.87273
1.86895
1.86494
1.86095
1.85772
1.85453
1.85213
1.84979
1.84752
1.84583
1.84399
1.84346
1.8428
1.84226
1.84257
1.84229
1.84311
1.84408
1.84544
1.84768
1.85032
1.85288
1.85585
1.85899
1.86302
1.86746
1.87208
1.87687
1.88207
1.88744
1.89346
1.89989
1.90793
1.91565
1.92352
1.93203
1.94094
1.94974
1.95964
1.9692
1.97912
1.9894
2.00003
2.01148
2.02303
2.0349
2.04709
2.05958
2.07164
2.08518
2.09804
2.11163
2.12451
2.13859
2.15264
2.1669
2.18184
2.19672
2.21177
2.2272
2.24302
2.25775
2.27331
2.2892
2.30517
2.32095
2.33703
2.35289
2.36828
2.3839
2.39951
2.41532
2.43083
2.44676
2.46237
2.47787
2.4935
2.509
2.52411
2.53882
2.55359
2.56769
2.58302
2.59766
2.61157
2.62549
2.63962
2.65276
2.66562
2.67819
2.69045
2.70264
2.71451
2.72556
2.73604
2.74665
2.75715
2.76729
2.77683
2.78601
2.79457
2.80253
2.81059
2.81852
2.82608
2.83328
2.8401
2.84607
2.85168
2.85718
2.86209
2.86665
2.87087
2.87524
2.87881
2.88254
2.88573
2.88838
2.89051
2.89284
2.89491
2.89649
2.89807
2.89942
2.90031
2.901
2.90198
2.90301
2.90364
2.90362
2.90419
2.90389
2.90372
2.90271
2.90231
2.90207
2.90174
2.90134
2.90039
2.89963
2.89857
2.89771
2.89657
2.89589
2.89518
2.89396
2.89297
2.89197
2.89143
2.89065
2.88938
2.88931
2.88827
2.88699
2.88666
2.88609
2.88479
2.88421
2.8829
2.88205
2.8812
2.87985
2.87872
2.87757
2.8764
2.87496
2.87373
2.87296
2.87191
2.8701
2.86922
2.86757
2.86588
2.86438
2.86284
2.86076
2.85888
2.85671
2.85569
2.85414
2.8523
2.85041
2.84751
2.84552
2.84349
2.84117
2.83929
2.83713
2.83494
2.83295
2.83068
2.8279
2.82533
2.82321
2.82083
2.81841
2.81598
2.81376
2.81152
2.80901
2.80648
2.80417
2.80159
2.7997
2.79731
2.7944
2.7917
2.78896
2.78618
2.78312
2.78097
2.77805
2.77508
2.77205
2.76895
2.76627
2.76353
2.75974
2.75613
2.75244
2.74891
2.74531
2.74163
2.73835
2.73476
2.73062
2.72664
2.72285
2.71875
2.71435
2.71039
2.70639
2.70259
2.69781
2.69326
2.68942
2.68511
2.6813
2.67703
2.67257
2.6684
2.66381
2.65954
2.65511
2.65102
2.64705
2.64295
2.63948
2.63566
2.632
2.62922
2.6259
2.62324
2.62101
2.61898
2.61643
2.61481
2.61294
2.61176
2.61033
2.60986
2.60889
2.6084
2.60839
2.60837
2.60835
2.60905
2.60926
2.61019
2.61159
2.61297
2.61434
2.61593
2.61798
2.61952
2.6215
2.62367
2.62748
2.63003
2.63324
2.63637
2.63967
2.64359
2.64718
2.6509
2.65522
2.6599
2.66444
2.66884
2.67355
2.6781
2.6832
2.68786
2.69352
2.69849
2.70348
2.70848
2.71299
2.71797
2.72244
2.72737
2.73152
2.73659
2.74111
2.74555
2.74991
2.75443
2.7586
2.76218
2.76541
2.76947
2.77316
2.77622
2.77939
2.78288
2.78573
2.78866
2.79142
2.79377
2.79618
2.79865
2.80069
2.80303
2.80445
2.80569
2.80624
2.80756
2.80797
2.80794
2.80819
2.80848
2.80858
2.808
2.80795
2.80771
2.80752
2.80618
2.80514
2.80391
2.80227
2.80045
2.79846
2.79581
2.79373
2.79101
2.78885
2.78605
2.78336
2.78052
2.7773
2.77443
2.77119
2.76783
2.76387
2.76051
2.75681
2.75203
2.74812
2.74387
2.73976
2.73557
2.73129
2.72693
2.72249
2.71821
2.71338
2.70896
2.70424
2.69872
2.69387
2.68895
2.68422
2.67943
2.67434
2.6692
2.664
2.65851
2.65297
2.64786
2.64198
2.63653
2.63006
2.62426
2.61865
2.61275
2.60727
2.60174
2.59592
2.59004
2.58386
2.57786
2.57228
2.5664
2.56094
2.55446
2.54839
2.54203
2.53632
2.53031
2.52328
2.51644
2.50977
2.50281
2.49604
2.48922
2.48284
2.47618
2.46924
2.46227
2.45528
2.44852
2.44174
2.43496
2.42795
2.4212
2.41424
2.40707
2.39995
2.3924
2.38589
2.37946
2.37264
2.36593
2.35957
2.35286
2.34654
2.34085
2.33484
2.32926
2.32387
2.31916
2.31394
2.30943
2.30491
2.30135
2.29733
2.29332
2.28983
2.28709
2.28415
2.28126
2.2789
2.27683
2.2753
2.27311
2.27193
2.27106
2.27048
2.27019
2.2702
2.27025
2.27154
2.27191
2.27326
2.27438
2.276
2.27809
2.27993
2.28173
2.28422
2.28665
2.28949
2.29272
2.29585
2.2991
2.30245
2.30588
2.30986
2.31364
2.3172
2.32052
2.32432
2.32807
2.33153
2.33515
2.33891
2.3428
2.34584
2.34848
2.35143
2.35396
2.35604
2.35838
2.36025
2.36188
2.36325
2.36459
2.36566
2.36669
2.36718
2.36715
2.36705
2.36642
2.36502
2.36427
2.36299
2.36142
2.35933
2.35743
2.35502
2.3521
2.34893
2.34575
2.34233
2.33821
2.3341
2.33052
2.32649
2.32133
2.31695
2.31193
2.30676
2.30121
2.29577
2.28998
2.28431
2.27806
2.2722
2.26625
2.25902
2.25316
2.24724
2.24126
2.23498
2.22866
2.22229
2.21564
2.2092
2.20249
2.19598
2.18969
2.1829
2.17657
2.17022
2.16362
2.15676
2.15038
2.14376
2.13738
2.131
2.12438
2.11754
2.11094
2.10485
2.09854
2.09273
2.08624
2.07929
2.07262
2.06648
2.06014
2.05386
2.04738
2.04144
2.03532
2.02927
2.02376
2.01783
2.01198
2.00596
2.00049
1.99533
1.98976
1.98403
1.97861
1.9735
1.96822
1.96252
1.95665
1.95108
1.94604
1.94082
1.93614
1.9315
1.92641
1.92161
1.91635
1.91112
1.9059
1.90117
1.89644
1.89148
1.88674
1.88199
1.87745
1.87265
1.86756
1.86243
1.8575
1.8525
1.84697
1.84208
1.83736
1.83208
1.82647
1.82053
1.81498
1.80958
1.80431
1.79846
1.79299
1.78717
1.78124
1.77521
1.76906
1.76329
1.75717
1.75071
1.7439
1.73651
1.72975
1.7229
1.7162
1.70871
1.70137
1.69446
1.68724
1.67924
1.67216
1.66457
1.65718
1.64978
1.64165
1.634
1.6266
1.61972
1.61238
1.60437
1.59667
1.58903
1.58148
1.57474
1.56788
1.56065
1.5538
1.5471
1.5408
1.53418
1.528
1.52201
1.51622
1.50994
1.50485
1.49977
1.49494
1.49037
1.48609
1.48233
1.47839
1.47475
1.47191
1.46892
1.46626
1.46467
1.4627
1.46109
1.45961
1.45873
1.45824
1.45861
1.45937
1.46053
1.46184
1.4638
1.46567
1.46869
1.47187
1.47498
1.47875
1.48294
1.48755
1.49233
1.49826
1.50388
1.51041
1.51735
1.5247
1.53199
1.53897
1.54732
1.55584
1.565
1.57432
1.58404
1.59439
1.60489
1.61601
1.62799
1.63962
1.65161
1.6642
1.67762
1.69091
1.70477
1.71824
1.73299
1.74781
1.76268
1.77761
1.79377
1.8102
1.8252
1.84092
1.85784
1.87473
1.89158
1.90862
1.92608
1.94345
1.96096
1.97859
1.99609
2.01391
2.03181
2.04952
2.06701
2.08525
2.10347
2.12142
2.13909
2.15692
2.17466
2.19229
2.21002
2.22759
2.24403
2.26122
2.27819
2.29469
2.31116
2.32734
2.34299
2.35856
2.37379
2.38794
2.40172
2.41607
2.42954
2.44283
2.45569
2.46788
2.47961
2.4904
2.50097
2.51154
2.52188
2.53126
2.54015
2.54856
2.5572
2.56416
2.57112
2.57736
2.58362
2.58965
2.59426
2.59914
2.60334
2.60759
2.61069
2.61339
2.61545
2.61832
2.62058
2.62151
2.62258
2.62331
2.62348
2.62309
2.62337
2.62288
2.62236
2.62134
2.6203
2.61879
2.61633
2.61437
2.61244
2.61031
2.60774
2.60547
2.6023
2.59895
2.59544
2.59104
2.58744
2.58368
2.57953
2.57523
2.57151
2.5674
2.5629
2.55801
2.55347
2.54806
2.54323
2.53826
2.53268
2.52744
2.52182
2.51608
2.5102
2.5042
2.49759
2.49135
2.48452
2.47757
2.47053
2.46387
2.45689
2.44982
2.44269
2.43574
2.42899
2.42195
2.41513
2.40829
2.40121
2.39462
2.38709
2.37984
2.37288
2.36598
2.35916
2.35268
2.34655
2.34005
2.33345
2.32701
2.3212
2.31557
2.30966
2.30418
2.29892
2.29365
2.28861
2.28407
2.27978
2.27577
2.27203
2.26834
2.26543
2.26258
2.2598
2.25758
2.25544
2.25386
2.25285
2.25194
2.25111
2.2511
2.25071
2.25112
2.25211
2.25317
2.25457
2.25651
2.25829
2.26108
2.26321
2.26585
2.26924
2.27264
2.2758
2.27894
2.28276
2.28725
2.29141
2.29597
2.30088
2.30493
2.31001
2.3149
2.31981
2.32471
2.32982
2.33463
2.33887
2.34347
2.34817
2.35222
2.35608
2.36019
2.36405
2.36764
2.37045
2.37294
2.37534
2.37665
2.37784
2.37911
2.38023
2.38021
2.38024
2.3796
2.379
2.37773
2.37601
2.37408
2.37123
2.3677
2.36422
2.36031
2.35623
2.35173
2.34685
2.34109
2.33569
2.3297
2.32361
2.31647
2.3088
2.30156
2.29406
2.28584
2.2774
2.26899
2.26041
2.25143
2.24232
2.23333
2.22425
2.2151
2.20543
2.19597
2.18675
2.17731
2.16815
2.15856
2.14954
2.14062
2.13182
2.12268
2.11393
2.1056
2.0977
2.08976
2.08205
2.07505
2.06758
2.06062
2.05369
2.04729
2.04094
2.03515
2.02966
2.0245
2.02016
2.01542
2.01102
2.00794
2.00472
2.00137
1.9991
1.9967
1.99491
1.99274
1.99165
1.98994
1.98931
1.98879
1.98884
1.98875
1.98994
1.99122
1.99232
1.99349
1.99591
1.99766
2.00015
2.00242
2.00566
2.00865
2.01234
2.01647
2.0203
2.02502
2.02966
2.03394
2.03858
2.04333
2.04791
2.0528
2.05628
2.06148
2.0662
2.07115
2.07608
2.08048
2.08506
2.08981
2.09422
2.09853
2.10272
2.10677
2.11093
2.11468
2.11852
2.12242
2.1259
2.12871
2.13132
2.13326
2.13572
2.13773
2.13954
2.14138
2.14278
2.14422
2.14546
2.14674
2.14759
2.14825
2.14873
2.14976
2.1499
2.14963
2.14946
2.14938
2.14894
2.14836
2.14768
2.14714
2.14602
2.14459
2.14405
2.14322
2.14163
2.14049
2.13886
2.1377
2.13681
2.13546
2.13487
2.13361
2.13242
2.13131
2.13077
2.13033
2.12977
2.1291
2.1288
2.1284
2.12792
2.12833
2.12891
2.12918
2.12964
2.13053
2.13161
2.13265
2.13412
2.13555
2.1379
2.13996
2.14198
2.14419
2.14634
2.14964
2.15263
2.15603
2.15959
2.1633
2.16739
2.17113
2.17523
2.17991
2.18373
2.18811
2.19256
2.19683
2.20113
2.20546
2.21052
2.21533
2.21964
2.22463
2.22836
2.2325
2.23679
2.24074
2.24457
2.24779
2.25157
2.25494
2.25789
2.26112
2.26413
2.26692
2.26898
2.2715
2.27303
2.27428
2.27523
2.27659
2.27739
2.27762
2.27872
2.27801
2.27696
2.27601
2.27445
2.27251
2.26946
2.26651
2.26364
2.25989
2.25574
2.25168
2.24697
2.24163
2.23613
2.23
2.22347
2.21681
2.20976
2.20259
2.19457
2.18644
2.17724
2.16868
2.15955
2.15012
2.13991
2.1299
2.11964
2.10937
2.09887
2.08816
2.07702
2.06571
2.0545
2.04194
2.03
2.0187
2.00684
1.99518
1.98303
1.97111
1.95921
1.94761
1.93606
1.92413
1.91279
1.90135
1.89054
1.87967
1.86875
1.85829
1.84782
1.83737
1.82767
1.81802
1.80891
1.80013
1.79168
1.78335
1.77514
1.76754
1.76058
1.75401
1.74761
1.74236
1.73704
1.73193
1.72725
1.72326
1.71947
1.71663
1.714
1.71134
1.70939
1.70766
1.70663
1.7063
1.70644
1.70727
1.70856
1.71006
1.71104
1.71319
1.71602
1.71905
1.72275
1.72687
1.7314
1.73611
1.74147
1.74722
1.75336
1.75965
1.76582
1.77285
1.77974
1.78795
1.79626
1.80442
1.81314
1.82265
1.83174
1.84113
1.85128
1.86146
1.8719
1.88308
1.89329
1.90422
1.91561
1.92721
1.93901
1.951
1.96316
1.97549
1.98821
2.00083
2.01359
2.02598
2.03895
2.05202
2.06541
2.07887
2.0919
2.10569
2.11928
2.13264
2.14503
2.15814
2.17099
2.18428
2.19727
2.20996
2.22306
2.23655
2.24993
2.26295
2.27561
2.28836
2.30071
2.31362
2.32586
2.33768
2.34928
2.36164
2.3728
2.38397
2.39441
2.40484
2.41475
2.42488
2.43399
2.44282
2.45183
2.46078
2.46917
2.47702
2.48406
2.4915
2.49838
2.50517
2.51116
2.51729
2.52286
2.52835
2.53303
2.53811
2.54263
2.54684
2.55098
2.55362
2.55644
2.55946
2.56196
2.56467
2.56712
2.56909
2.57033
2.57159
2.57335
2.57539
2.57603
2.57625
2.57679
2.57766
2.57815
2.57803
2.57804
2.57795
2.57777
2.57728
2.57697
2.5766
2.57644
2.57577
2.57556
2.57511
2.57513
2.57421
2.57354
2.57313
2.57299
2.57264
2.57233
2.57206
2.57231
2.57236
2.5722
2.57209
2.57201
2.57196
2.57121
2.5712
2.5712
2.57169
2.57169
2.57144
2.57116
2.57108
2.57072
2.57054
2.57052
2.56994
2.5695
2.56918
2.56826
2.56744
2.56622
2.56484
2.56303
2.56151
2.55931
2.55761
2.55496
2.55255
2.54988
2.54648
2.54328
2.53981
2.53606
2.53226
2.52792
2.52375
2.51832
2.51282
2.50725
2.5016
2.4954
2.48889
2.4823
2.47516
2.46746
2.45995
2.45165
2.4433
2.43442
2.42501
2.4163
2.40684
2.39712
2.38716
2.37721
2.36679
2.35689
2.34582
2.33482
2.32364
2.31256
2.30084
2.28973
2.27802
2.26621
2.25408
2.24189
2.23012
2.21831
2.20624
2.19416
2.18233
2.17027
2.158
2.14602
2.13361
2.12174
2.1102
2.0985
2.0869
2.07564
2.0645
2.05301
2.04188
2.03042
2.01958
2.00817
1.9974
1.98728
1.97709
1.96707
1.95772
1.94783
1.9386
1.92885
1.91954
1.9109
1.90222
1.89375
1.88549
1.87815
1.87055
1.86292
1.85574
1.84806
1.84132
1.8348
1.82779
1.82171
1.81539
1.80953
1.80391
1.79851
1.79311
1.78795
1.78326
1.77808
1.77387
1.7699
1.76593
1.76269
1.7597
1.75647
1.75373
1.75124
1.749
1.74677
1.74552
1.74428
1.74305
1.74184
1.74136
1.74113
1.73996
1.74025
1.74055
1.74134
1.74215
1.74297
1.74403
1.74606
1.74762
1.7499
1.75193
1.75493
1.75719
1.75993
1.76288
1.76582
1.76897
1.7728
1.7766
1.78156
1.78598
1.79082
1.79583
1.80101
1.80562
1.81061
1.81647
1.82317
1.82805
1.83425
1.83981
1.84569
1.85141
1.85718
1.86324
1.86837
1.874
1.87988
1.886
1.89235
1.89843
1.90519
1.91093
1.91686
1.92223
1.92799
1.93438
1.9397
1.9449
1.94998
1.95492
1.9602
1.96533
1.96982
1.97462
1.97878
1.983
1.98657
1.99019
1.99388
1.99713
2.00045
2.00357
2.00651
2.00951
2.01184
2.01447
2.01645
2.01848
2.02059
2.02229
2.02335
2.02497
2.0262
2.02704
2.02774
2.02879
2.02948
2.02956
2.02977
2.02987
2.03012
2.03004
2.03011
2.03035
2.03005
2.02968
2.02974
2.02928
2.02903
2.02875
2.02797
2.02742
2.0271
2.02704
2.02675
2.02648
2.02648
2.02652
2.02637
2.02675
2.02672
2.02677
2.02689
2.0271
2.02718
2.02832
2.02885
2.02951
2.03054
2.03147
2.0323
2.03401
2.03491
2.03647
2.03796
2.04011
2.04197
2.04426
2.04579
2.04824
2.05114
2.05449
2.05782
2.06112
2.06488
2.06838
2.07186
2.077
2.08236
2.08699
2.09158
2.09712
2.10238
2.10834
2.11378
2.1199
2.12622
2.13224
2.1382
2.1453
2.15209
2.15952
2.16733
2.17529
2.18338
2.19112
2.1992
2.2074
2.21617
2.2243
2.2325
2.24076
2.24908
2.25745
2.26584
2.27426
2.28294
2.29113
2.29956
2.3082
2.31658
2.32468
2.33272
2.34095
2.34863
2.35646
2.36349
2.37161
2.37963
2.38704
2.39504
2.40218
2.40965
2.41696
2.42386
2.43081
2.43781
2.44438
2.45072
2.45661
2.46226
2.4684
2.47332
2.47774
2.48214
2.4865
2.49082
2.49557
2.4993
2.50225
2.50489
2.5077
2.51019
2.5114
2.51277
2.51382
2.5148
2.51521
2.51554
2.51555
2.51526
2.51465
2.51326
2.51181
2.51031
2.50829
2.50671
2.50463
2.50206
2.49901
2.49573
2.49271
2.48901
2.48512
2.48131
2.47757
2.47321
2.46921
2.46486
2.46042
2.45517
2.45059
2.44621
2.44155
2.43689
2.43222
2.42806
2.42345
2.41888
2.41438
2.4097
2.40559
2.40157
2.39741
2.39312
2.38871
2.38563
2.38195
2.37841
2.37476
2.37197
2.36907
2.36608
2.3637
2.36072
2.3586
2.35636
2.354
2.35175
2.34912
2.34707
2.34583
2.34395
2.34238
2.3404
2.33847
2.3366
2.33502
2.33348
2.33198
2.33003
2.32907
2.32767
2.32581
2.32424
2.32318
2.32217
2.32097
2.32031
2.31948
2.3185
2.31784
2.3173
2.31687
2.31587
2.31549
2.31577
2.31599
2.31617
2.31705
2.31721
2.31809
2.31877
2.32044
2.32194
2.32421
2.32657
2.3295
2.33252
2.33541
2.33936
2.34391
2.34882
2.35335
2.35896
2.36467
2.37049
2.37712
2.38335
2.39062
2.39698
2.40435
2.41199
2.41987
2.42799
2.43632
2.44484
2.454
2.46306
2.47247
2.48125
2.48985
2.4992
2.50832
2.51693
2.5255
2.53494
2.54356
2.55203
2.55987
2.56847
2.57662
2.58452
2.59192
2.59926
2.60606
2.61275
2.6191
2.62459
2.63042
2.63608
2.64085
2.64519
2.64861
2.65279
2.6558
2.65835
2.66093
2.66281
2.66351
2.66424
2.66379
2.66362
2.663
2.66124
2.65929
2.65717
2.65465
2.65222
2.64917
2.646
2.64249
2.6384
2.63399
2.6288
2.6238
2.61877
2.61252
2.60675
2.60027
2.59431
2.58791
2.58133
2.57506
2.56888
2.56184
2.55467
2.54739
2.54002
2.53303
2.52596
2.51787
2.50995
2.50199
2.49422
2.48667
2.47836
2.471
2.4629
2.45504
2.44693
2.4381
2.43
2.42239
2.41454
2.40646
2.39864
2.39107
2.38351
2.37548
2.36794
2.36065
2.35264
2.34536
2.33735
2.3291
2.32132
2.31376
2.3057
2.29785
2.28997
2.2818
2.27407
2.26581
2.25748
2.24957
2.2411
2.23303
2.22463
2.21564
2.20703
2.19855
2.18922
2.18025
2.1709
2.16166
2.15202
2.142
2.13206
2.12219
2.11217
2.10246
2.09233
2.08156
2.07133
2.06046
2.04941
2.03843
2.02753
2.01599
2.00428
1.99242
1.98089
1.96826
1.95573
1.94308
1.93054
1.91766
1.90516
1.89232
1.87869
1.86595
1.85292
1.8396
1.82697
1.81407
1.80118
1.78756
1.77444
1.76184
1.74903
1.73676
1.72311
1.71074
1.6975
1.68484
1.67205
1.65938
1.64708
1.63468
1.62292
1.61059
1.5989
1.58739
1.57582
1.56467
1.55299
1.54199
1.53166
1.52106
1.51091
1.50073
1.49076
1.48124
1.47145
1.46284
1.45348
1.44458
1.43565
1.42716
1.41937
1.41155
1.40393
1.39627
1.38905
1.38179
1.37471
1.36759
1.3616
1.35507
1.34896
1.34325
1.33723
1.3316
1.32637
1.3208
1.31561
1.3108
1.3066
1.30204
1.29687
1.29254
1.28784
1.28348
1.27922
1.27554
1.27122
1.26746
1.26355
1.25947
1.25522
1.25104
1.24741
1.24409
1.24059
1.23739
1.23402
1.23046
1.22745
1.2245
1.22138
1.21808
1.21509
1.21242
1.20959
1.20708
1.20441
1.20184
1.19865
1.19676
1.19499
1.19214
1.1899
1.18828
1.18656
1.18501
1.18338
1.18265
1.18236
1.18154
1.18069
1.18031
1.17944
1.18001
1.18061
1.18122
1.18236
1.18402
1.18574
1.18753
1.19011
1.1923
1.19506
1.1984
1.2021
1.20566
1.20984
1.21461
1.21976
1.22481
1.23047
1.23676
1.24391
1.25072
1.25791
1.26573
1.27296
1.28177
1.29047
1.29978
1.30945
1.31948
1.32961
1.33959
1.35039
1.36078
1.37244
1.38415
1.39615
1.40865
1.42069
1.43273
1.44524
1.45843
1.47158
1.48491
1.49792
1.51227
1.52651
1.5399
1.55409
1.56836
1.58317
1.59754
1.61194
1.62634
1.64049
1.65462
1.66895
1.68274
1.69695
1.71108
1.72487
1.73856
1.75238
1.76608
1.7794
1.79329
1.8068
1.81991
1.83238
1.84517
1.85778
1.87022
1.88201
1.89433
1.90624
1.91796
1.92951
1.94063
1.95206
1.96306
1.97389
1.98431
1.99455
2.00486
2.01501
2.02499
2.03432
2.04398
2.05324
2.06306
2.07249
2.08128
2.09017
2.09867
2.10774
2.11642
2.12472
2.13264
2.14042
2.14829
2.15601
2.16384
2.17152
2.1793
2.18621
2.19322
2.20008
2.20679
2.21335
2.21999
2.226
2.23185
2.23778
2.24355
2.24939
2.25458
2.26057
2.2659
2.27081
2.27554
2.28033
2.28494
2.28912
2.29311
2.29668
2.30005
2.30323
2.30645
2.30924
2.31208
2.31471
2.31764
2.31941
2.32122
2.32355
2.32449
2.3262
2.32748
2.32858
2.32948
2.33045
2.33148
2.33185
2.3323
2.33258
2.33246
2.33218
2.33103
2.33046
2.3295
2.32913
2.3284
2.32706
2.32609
2.32452
2.32285
2.32133
2.31971
2.31802
2.31648
2.31464
2.31297
2.311
2.3085
2.30667
2.30432
2.30194
2.30001
2.29781
2.29535
2.29336
2.29088
2.28863
2.28614
2.28366
2.28094
2.27847
2.27625
2.27406
2.27212
2.26997
2.26785
2.26575
2.26369
2.26142
2.25943
2.25748
2.25509
2.2537
2.25163
2.25009
2.24884
2.24764
2.24601
2.24468
2.24291
2.24193
2.24028
2.23869
2.2374
2.23593
2.23452
2.23342
2.23239
2.23167
2.23078
2.22972
2.22897
2.22806
2.22794
2.22743
2.22723
2.22688
2.22661
2.22666
2.22633
2.22656
2.22688
2.22682
2.22685
2.22721
2.22792
2.22872
2.22938
2.23038
2.231
2.23173
2.2328
2.23349
2.23476
2.23614
2.23737
2.23919
2.24087
2.24264
2.24403
2.24671
2.249
2.25113
2.25336
2.2559
2.25853
2.26171
2.26399
2.26682
2.26947
2.27217
2.27493
2.27821
2.28128
2.28392
2.28707
2.29
2.29344
2.29593
2.2982
2.30121
2.30446
2.30748
2.31075
2.31402
2.31754
2.32058
2.32338
2.32691
2.32996
2.33303
2.33586
2.33871
2.34158
2.34496
2.34836
2.35132
2.35455
2.3583
2.36115
2.36453
2.36798
2.37101
2.37508
2.37851
2.38227
2.38636
2.39078
2.39411
2.39778
2.40204
2.40618
2.41067
2.41576
2.42049
2.42534
2.43055
2.4354
2.44109
2.44617
2.4516
2.45714
2.46278
2.46828
2.47387
2.47978
2.48577
2.49158
2.49769
2.50386
2.50982
2.51653
2.52301
2.52879
2.53504
2.54103
2.54675
2.55267
2.55879
2.56459
2.57032
2.57668
2.58221
2.58812
2.59438
2.60002
2.60479
2.60988
2.61456
2.6193
2.62313
2.62749
2.63139
2.63533
2.63952
2.64277
2.64602
2.64952
2.65229
2.65505
2.65709
2.65912
2.66065
2.66121
2.66152
2.66254
2.66355
2.66432
2.66485
2.6649
2.66473
2.66385
2.66348
2.66242
2.66165
2.66045
2.65956
2.65802
2.65682
2.65475
2.65281
2.65123
2.64908
2.6466
2.64454
2.64219
2.64053
2.63837
2.6362
2.63381
2.63146
2.62938
2.62689
2.62472
2.6224
2.62043
2.61834
2.61688
2.61508
2.61393
2.61321
2.61195
2.61137
2.61101
2.61064
2.6105
2.6106
2.61167
2.61229
2.61316
2.61479
2.61598
2.61792
2.61991
2.62218
2.62497
2.62782
2.63071
2.63436
2.63806
2.64228
2.64677
2.6513
2.65585
2.66091
2.66646
2.6725
2.67855
2.68434
2.6906
2.69683
2.70352
2.71064
2.71819
2.72568
2.73333
2.7409
2.74838
2.75624
2.76446
2.77328
2.781
2.78977
2.79791
2.80587
2.81414
2.82245
2.8308
2.83919
2.84783
2.85648
2.86489
2.87328
2.88238
2.89072
2.89926
2.90727
2.91474
2.92309
2.93113
2.93956
2.94765
2.95491
2.96301
2.97099
2.97811
2.98581
2.99312
3.00027
3.00725
3.01405
3.02067
3.02709
3.03331
3.03932
3.04487
3.04995
3.05575
3.06083
3.06541
3.06949
3.07378
3.07779
3.08199
3.08566
3.08879
3.09161
3.09411
3.09652
3.09836
3.09962
3.10054
3.10109
3.10153
3.10184
3.10177
3.10108
3.10024
3.09925
3.0969
3.09462
3.09121
3.08787
3.0841
3.07943
3.07482
3.06929
3.06428
3.05836
3.05224
3.04544
3.03795
3.03122
3.02333
3.015
3.00622
2.997
2.98711
2.97702
2.96625
2.95578
2.9444
2.93261
2.91992
2.90706
2.89429
2.88088
2.86733
2.85268
2.83791
2.82302
2.80803
2.79198
2.77586
2.75991
2.74366
2.72713
2.71009
2.6928
2.67528
2.65729
2.63957
2.62143
2.60335
2.58512
2.56651
2.54753
2.5282
2.50879
2.49051
2.47098
2.45213
2.43302
2.41367
2.39457
2.37503
2.35579
2.33733
2.31848
2.30021
2.28181
2.26307
2.24496
2.22701
2.20851
2.19094
2.17332
2.15617
2.13878
2.12211
2.10545
2.08907
2.07273
2.05692
2.04118
2.02647
2.01184
1.99755
1.98383
1.96997
1.95575
1.94309
1.93008
1.91767
1.90541
1.89376
1.88202
1.87091
1.85995
1.8501
1.84089
1.8316
1.8227
1.81444
1.80585
1.79862
1.79106
1.78413
1.77735
1.77143
1.7659
1.76026
1.75547
1.75081
1.74626
1.74279
1.73919
1.73593
1.73323
1.73038
1.72857
1.72706
1.72536
1.72371
1.72281
1.72218
1.7218
1.72143
1.72104
1.72112
1.72092
1.7214
1.72158
1.72217
1.72316
1.72454
1.72582
1.72673
1.72847
1.72983
1.73128
1.73304
1.73487
1.73626
1.73865
1.74059
1.74327
1.74595
1.74862
1.75128
1.75294
1.75433
1.75568
1.75721
1.75867
1.7603
1.7621
1.76404
1.76517
1.76643
1.76806
1.76861
1.76951
1.76981
1.77044
1.77118
1.77129
1.77172
1.77225
1.77188
1.77184
1.77163
1.77149
1.76973
1.76876
1.76761
1.76604
1.76478
1.76357
1.76123
1.75871
1.75673
1.7541
1.75153
1.74903
1.7454
1.74305
1.74006
1.73666
1.73336
1.72944
1.72513
1.72092
1.71683
1.7131
1.70829
1.70386
1.69958
1.6952
1.68979
1.68527
1.68044
1.67581
1.67089
1.66594
1.66121
1.65575
1.65076
1.64603
1.64083
1.63591
1.63175
1.62716
1.62191
1.61793
1.61332
1.60879
1.60437
1.59981
1.59562
1.59204
1.58811
1.58408
1.58069
1.57746
1.57368
1.57055
1.56736
1.56412
1.56155
1.55919
1.55727
1.55532
1.55286
1.55183
1.55029
1.54898
1.5479
1.54754
1.54717
1.54703
1.54786
1.5482
1.54903
1.54963
1.55095
1.55203
1.55432
1.5559
1.55772
1.56028
1.5626
1.56541
1.5687
1.57201
1.57604
1.58007
1.58508
1.58912
1.5934
1.59792
1.60293
1.60865
1.61461
1.62008
1.62578
1.63243
1.63907
1.64594
1.65278
1.65985
1.6669
1.6744
1.68211
1.68979
1.69792
1.70673
1.71502
1.72374
1.73218
1.74152
1.75055
1.76001
1.76964
1.77944
1.7894
1.79975
1.81025
1.82018
1.83024
1.84044
1.851
1.86216
1.87343
1.88433
1.8958
1.90711
1.91802
1.92973
1.94125
1.95306
1.96492
1.97705
1.98848
2.00016
2.01184
2.02352
2.03517
2.04679
2.05837
2.06966
2.08064
2.09179
2.10333
2.11453
2.12586
2.13684
2.14768
2.15814
2.16868
2.17954
2.1895
2.19952
2.20934
2.2192
2.22861
2.23803
2.2465
2.25473
2.26295
2.27069
2.27816
2.28585
2.29304
2.29996
2.30684
2.31273
2.31858
2.3244
2.32993
2.33592
2.34042
2.34514
2.35007
2.35449
2.3589
2.36282
2.36672
2.37015
2.37286
2.37607
2.37859
2.38114
2.38349
2.38517
2.38692
2.38898
2.39113
2.39289
2.39452
2.39602
2.39669
2.39775
2.39823
2.39887
2.39944
2.40044
2.40139
2.40182
2.40221
2.40282
2.40366
2.40376
2.40435
2.40493
2.40529
2.40614
2.40748
2.40813
2.40855
2.40972
2.40995
2.41045
2.41121
2.41199
2.41279
2.41434
2.41517
2.41745
2.41806
2.41865
2.41949
2.4203
2.4211
2.42162
2.42259
2.42326
2.42365
2.42444
2.42492
2.42532
2.42539
2.42559
2.42592
2.42589
2.42573
2.42543
2.4245
2.42389
2.42289
2.42195
2.42083
2.41978
2.41781
2.41613
2.41425
2.41217
2.41013
2.40764
2.40446
2.40132
2.39893
2.3961
2.39282
2.3891
2.38519
2.38107
2.37653
2.37205
2.36739
2.36256
2.35732
2.35241
2.34688
2.34144
2.33564
2.32947
2.32367
2.31802
2.31251
2.3062
2.3003
2.29458
2.28809
2.28157
2.27501
2.26869
2.26236
2.25628
2.24973
2.24322
2.2365
2.23055
2.22442
2.21788
2.21191
2.20651
2.20072
2.19505
2.18949
2.18407
2.17854
2.17364
2.16818
2.16336
2.15847
2.15424
2.15021
2.14684
2.1432
2.13929
2.13704
2.13429
2.13104
2.12875
2.12646
2.12442
2.12262
2.1206
2.1186
2.11734
2.11731
2.11683
2.11662
2.1162
2.1163
2.11692
2.1171
2.11756
2.11854
2.12004
2.12158
2.12412
2.12622
2.12883
2.13076
2.13392
2.13735
2.14105
2.14501
2.14899
2.15275
2.1582
2.16342
2.16912
2.17458
2.18027
2.18642
2.19256
2.19867
2.20548
2.21272
2.2192
2.22634
2.23391
2.24093
2.24835
2.25642
2.2644
2.27299
2.28221
2.29106
2.29932
2.30768
2.31613
2.32516
2.33474
2.34391
2.35314
2.36194
2.37125
2.38059
2.3897
2.39809
2.40696
2.41605
2.42511
2.43412
2.44356
2.45245
2.46126
2.4707
2.47932
2.48806
2.4957
2.50393
2.51201
2.51968
2.52694
2.53401
2.54137
2.54876
2.5557
2.56193
2.56817
2.57441
2.58113
2.58687
2.59235
2.59709
2.60253
2.60722
2.61115
2.61457
2.61892
2.62252
2.62585
2.62867
2.63123
2.63304
2.63581
2.63784
2.63987
2.64143
2.643
2.64387
2.64452
2.64522
2.64596
2.64604
2.6457
2.64568
2.6455
2.64517
2.64447
2.64388
2.64342
2.64285
2.64169
2.64117
2.64032
2.63939
2.63816
2.63662
2.63479
2.63266
2.63097
2.62947
2.62794
2.62614
2.62479
2.62316
2.62176
2.61984
2.61815
2.61691
2.61516
2.61316
2.61136
2.60978
2.60794
2.60582
2.60367
2.60173
2.5995
2.5982
2.59637
2.59425
2.59256
2.59058
2.58877
2.58642
2.58424
2.58175
2.57942
2.57677
2.57404
2.57122
2.56831
2.56554
2.56244
2.55899
2.5552
2.55227
2.54875
2.54487
2.54064
2.53726
2.53353
2.52847
2.5245
2.52018
2.51574
2.51094
2.50628
2.50101
2.49636
2.49112
2.486
2.48079
2.47547
2.47053
2.46501
2.4594
2.45393
2.44813
2.44249
2.43653
2.43048
2.42436
2.41864
2.41285
2.40676
2.40012
2.39389
2.38664
2.38006
2.37318
2.36649
2.35999
2.35368
2.34635
2.33923
2.33277
2.3258
2.31878
2.31219
2.30533
2.29818
2.2905
2.2835
2.2767
2.26962
2.26201
2.25484
2.24738
2.23939
2.23184
2.22449
2.21684
2.20915
2.20166
2.19387
2.1858
2.1784
2.17047
2.16201
2.15447
2.14617
2.13854
2.1304
2.12245
2.11447
2.10669
2.09816
2.09033
2.08199
2.07363
2.0655
2.05711
2.04848
2.04056
2.03169
2.02331
2.01469
2.00635
1.99827
1.9895
1.98078
1.97282
1.96469
1.95614
1.94814
1.94022
1.93166
1.92416
1.91653
1.90924
1.90207
1.89503
1.88764
1.88039
1.87376
1.86705
1.86074
1.85387
1.84814
1.8433
1.83769
1.83179
1.82656
1.82129
1.81575
1.81113
1.80649
1.80183
1.79787
1.79365
1.78991
1.78687
1.78502
1.7822
1.77938
1.77656
1.77373
1.77211
1.77025
1.76863
1.76678
1.76542
1.76454
1.76391
1.76353
1.7634
1.76353
1.7639
1.76452
1.76539
1.767
1.7691
1.77072
1.7726
1.77545
1.77759
1.77997
1.78261
1.78526
1.78912
1.79274
1.79662
1.80098
1.80536
1.81022
1.81509
1.82044
1.82604
1.83116
1.83652
1.84284
1.84916
1.85499
1.86177
1.86807
1.87532
1.8828
1.89002
1.8977
1.90584
1.9142
1.92278
1.93228
1.94126
1.95093
1.95934
1.96818
1.97817
1.9881
1.99797
2.008
2.01843
2.02877
2.03927
2.05014
2.06162
2.07275
2.08375
2.09534
2.10631
2.1176
2.12897
2.14065
2.15214
2.16368
2.17501
2.1866
2.19844
2.21052
2.22281
2.23436
2.24658
2.25825
2.27033
2.28184
2.29323
2.30498
2.31587
2.32684
2.33738
2.3475
2.3586
2.36922
2.37863
2.38753
2.39734
2.40612
2.41481
2.42315
2.43041
2.43777
2.44496
2.45174
2.45808
2.46373
2.46939
2.4741
2.47855
2.48251
2.48667
2.48959
2.49247
2.49408
2.49541
2.49667
2.49643
2.49614
2.49555
2.49419
2.49206
2.49015
2.48725
2.48385
2.47998
2.47589
2.47063
2.46518
2.45932
2.45331
2.44717
2.44044
2.43363
2.42603
2.4184
2.41074
2.40285
2.39354
2.385
2.37606
2.36697
2.35799
2.34843
2.33902
2.3293
2.31978
2.3107
2.30113
2.29156
2.28248
2.27319
2.26417
2.25497
2.24534
2.23651
2.2275
2.21907
2.21024
2.20127
2.19264
2.18387
2.17521
2.16691
2.15871
2.15087
2.14338
2.13529
2.12755
2.11968
2.11217
2.10454
2.09726
2.09009
2.08303
2.07632
2.06996
2.06274
2.05586
2.04933
2.04314
2.03705
2.0313
2.02517
2.01889
2.01343
2.00782
2.00158
1.99591
1.99058
1.98558
1.98019
1.97394
1.96873
1.96362
1.95909
1.95417
1.94935
1.94439
1.93952
1.93476
1.93081
1.92673
1.92275
1.9184
1.91367
1.90952
1.90524
1.90227
1.89845
1.89546
1.89186
1.88884
1.88593
1.88289
1.87971
1.87758
1.87532
1.87242
1.8701
1.86762
1.86546
1.86289
1.86015
1.85819
1.85604
1.85395
1.85141
1.84939
1.84764
1.84567
1.84419
1.84224
1.84052
1.8388
1.8373
1.8353
1.83351
1.8317
1.82913
1.827
1.82508
1.82264
1.82113
1.8179
1.81607
1.81421
1.81185
1.8085
1.80562
1.80345
1.8008
1.79864
1.79578
1.79392
1.79161
1.78959
1.78692
1.78528
1.78301
1.78085
1.77879
1.77734
1.77627
1.77486
1.77386
1.77254
1.77189
1.77072
1.7707
1.77066
1.7706
1.77052
1.77116
1.77155
1.77219
1.7726
1.77399
1.77587
1.778
1.78016
1.78234
1.78454
1.78748
1.79116
1.79462
1.79809
1.80206
1.807
1.81171
1.81641
1.82112
1.8263
1.83171
1.83758
1.84319
1.84902
1.85553
1.862
1.86843
1.87552
1.8828
1.88977
1.89714
1.90492
1.91238
1.92046
1.92869
1.93705
1.94554
1.95438
1.96286
1.97193
1.98086
1.98989
1.99852
2.0065
2.0148
2.02341
2.03281
2.04177
2.05079
2.05984
2.06893
2.07853
2.08816
2.0978
2.1072
2.11661
2.12625
2.13613
2.14502
2.15485
2.16393
2.17369
2.18365
2.19331
2.20244
2.21125
2.22095
2.22913
2.23746
2.24617
2.25429
2.26278
2.27115
2.28011
2.28845
2.29688
2.30444
2.31231
2.32001
2.32704
2.33437
2.34126
2.34818
2.35464
2.36063
2.36615
2.37191
2.37742
2.38243
2.38717
2.39212
2.39582
2.39972
2.40379
2.40733
2.41031
2.41298
2.41556
2.4183
2.41999
2.42159
2.42285
2.42328
2.42362
2.42264
2.42301
2.42231
2.42198
2.42107
2.4203
2.41943
2.41726
2.41428
2.41121
2.40831
2.40533
2.40107
2.39676
2.39264
2.38823
2.38282
2.37786
2.37217
2.36671
2.36029
2.35436
2.34798
2.34139
2.33485
2.32812
2.32147
2.3144
2.30719
2.29936
2.29188
2.28427
2.27608
2.26802
2.26011
2.25188
2.24357
2.23518
2.22674
2.21848
2.21017
2.20158
2.1927
2.18378
2.17579
2.16655
2.15729
2.14823
2.13938
2.1305
2.12158
2.11311
2.10388
2.09461
2.08553
2.07592
2.06747
2.05775
2.04845
2.03837
2.0287
2.01944
2.01035
2.00069
1.99118
1.98135
1.97191
1.9619
1.95179
1.94134
1.9308
1.9204
1.91015
1.89883
1.88838
1.8776
1.86697
1.85626
1.84523
1.83412
1.8227
1.8117
1.80064
1.78978
1.77791
1.76697
1.75553
1.74432
1.73334
1.72117
1.70974
1.69833
1.68697
1.67589
1.6644
1.65322
1.64236
1.6316
1.6207
1.60992
1.59903
1.58852
1.57815
1.56819
1.55815
1.54854
1.53887
1.52965
1.52063
1.51159
1.50278
1.49421
1.48564
1.47732
1.46927
1.46124
1.45373
1.44699
1.44054
1.43439
1.42879
1.42278
1.41733
1.41244
1.40717
1.40247
1.39812
1.39412
1.39119
1.38789
1.3852
1.38312
1.38165
1.38031
1.37886
1.37779
1.37759
1.37753
1.37809
1.3788
1.38014
1.38114
1.38277
1.38479
1.38792
1.39095
1.39437
1.39865
1.40282
1.40762
1.41254
1.41832
1.42446
1.43048
1.43733
1.44406
1.45088
1.45876
1.46649
1.4743
1.48314
1.49156
1.50028
1.51
1.51952
1.52906
1.53909
1.54936
1.56034
1.57105
1.58221
1.59332
1.6046
1.61532
1.62692
1.63889
1.65025
1.66197
1.67449
1.68685
1.69951
1.71198
1.72424
1.73675
1.74878
1.76127
1.77325
1.78566
1.79728
1.80907
1.82053
1.83284
1.84502
1.85683
1.86825
1.87951
1.89035
1.90125
1.91242
1.9229
1.93244
1.94247
1.9525
1.96132
1.97084
1.97986
1.98886
1.99782
2.0053
2.01345
2.02109
2.0282
2.03526
2.04203
2.04803
2.05424
2.06088
2.06676
2.07164
2.07673
2.08156
2.08613
2.09021
2.09501
2.09884
2.10245
2.1056
2.10878
2.11152
2.11383
2.11645
2.11889
2.12142
2.12356
2.1258
2.1284
2.13065
2.1323
2.13411
2.13583
2.13747
2.13858
2.13963
2.14112
2.14186
2.14353
2.1447
2.14515
2.14631
2.14772
2.14915
2.15011
2.15133
2.15258
2.15434
2.15566
2.15701
2.15793
2.15937
2.16013
2.16167
2.163
2.16487
2.16582
2.16682
2.1681
2.16991
2.17127
2.17291
2.17435
2.17654
2.17828
2.18076
2.18327
2.18507
2.18736
2.1899
2.19148
2.19354
2.19559
2.19788
2.19966
2.20166
2.20339
2.20581
2.2077
2.20956
2.21112
2.21311
2.21479
2.21641
2.21821
2.21945
2.22133
2.22264
2.22363
2.22525
2.22677
2.22796
2.2288
2.22978
2.23042
2.23119
2.23112
2.23144
2.2314
2.23125
2.23147
2.23086
2.23015
2.23005
2.22888
2.22834
2.2277
2.22721
2.22639
2.22549
2.2245
2.22369
2.22184
2.22066
2.21917
2.2174
2.21678
2.21517
2.21353
2.21211
2.21091
2.2097
2.2085
2.20706
2.20563
2.20375
2.20261
2.20127
2.19972
2.19846
2.19749
2.19658
2.19525
2.1947
2.19374
2.19284
2.19202
2.19127
2.19083
2.19047
2.19018
2.18949
2.18934
2.18879
2.18806
2.18788
2.18751
2.18647
2.18668
2.18741
2.18745
2.18776
2.18808
2.18793
2.18802
2.1893
2.19031
2.19008
2.19054
2.19045
2.18958
2.18935
2.18951
2.1891
2.18858
2.1877
2.18669
2.18602
2.18521
2.184
2.18238
2.18108
2.17935
2.17745
2.17488
2.17259
2.17012
2.16744
2.16457
2.1615
2.15848
2.15502
2.15136
2.148
2.14396
2.13975
2.13535
2.13055
2.12606
2.12166
2.11638
2.11096
2.10564
2.09996
2.09441
2.08826
2.08226
2.07593
2.06976
2.06352
2.05698
2.05087
2.04472
2.03782
2.03162
2.02517
2.01919
2.01346
2.00726
2.00133
1.99543
1.98933
1.98352
1.97752
1.97134
1.96572
1.95994
1.95376
1.94839
1.94361
1.93797
1.93269
1.92801
1.92274
1.91735
1.91235
1.90797
1.90303
1.89848
1.89434
1.89014
1.88586
1.88201
1.87835
1.8756
1.87233
1.8695
1.86664
1.86423
1.86204
1.86054
1.85904
1.858
1.85647
1.85517
1.85435
1.85352
1.8539
1.8538
1.85418
1.85457
1.85497
1.85536
1.85649
1.85785
1.85971
1.86204
1.86341
1.86575
1.86856
1.87136
1.8744
1.8779
1.88114
1.88485
1.88877
1.89339
1.89822
1.90252
1.90702
1.91219
1.91731
1.92261
1.92784
1.93396
1.93928
1.945
1.95062
1.95663
1.96277
1.96928
1.97591
1.98265
1.98926
1.99598
2.00278
2.00992
2.01665
2.02466
2.03225
2.0399
2.04759
2.0551
2.06239
2.06972
2.07732
2.08516
2.09278
2.10088
2.10825
2.11561
2.12319
2.13075
2.13851
2.14599
2.15367
2.16032
2.16788
2.17537
2.18254
2.18988
2.19713
2.20476
2.21181
2.21852
2.22463
2.23111
2.2377
2.24392
2.25001
2.25597
2.26177
2.26743
2.27318
2.27853
2.28372
2.2885
2.29312
2.2978
2.30256
2.30642
2.31034
2.31384
2.3174
2.32079
2.32471
2.32798
2.33106
2.33373
2.33646
2.33877
2.34139
2.34384
2.34539
2.34726
2.34897
2.35028
2.35215
2.35387
2.35496
2.3559
2.35646
2.35689
2.35767
2.35856
2.35884
2.35901
2.35931
2.35926
2.3591
2.35861
2.35803
2.35783
2.35755
2.35743
2.35676
2.35625
2.35568
2.35431
2.35337
2.35334
2.35229
2.35071
2.34932
2.34813
2.34713
2.34562
2.34407
2.34345
2.34183
2.34019
2.33851
2.3373
2.33606
2.3348
2.33328
2.33174
2.33043
2.32886
2.32729
2.3257
2.32411
2.32226
2.3209
2.31953
2.31791
2.3163
2.31493
2.31332
2.31172
2.31013
2.3083
2.30697
2.30517
2.3029
2.30088
2.29936
2.2981
2.29662
2.2954
2.29445
2.29304
2.29214
2.29079
2.28875
2.2877
2.28596
2.28449
2.2833
2.28215
2.2808
2.27948
2.27868
2.27816
2.27673
2.27557
2.27422
2.27364
2.27262
2.27188
2.27118
2.27029
2.26872
2.26912
2.26836
2.26788
2.2672
2.26681
2.26693
2.26612
2.26632
2.26606
2.26607
2.26563
2.26545
2.26457
2.26467
2.26454
2.26441
2.26405
2.26368
2.26282
2.2629
2.26271
2.26201
2.26175
2.26241
2.26181
2.2609
2.26112
2.26078
2.25986
2.25908
2.25795
2.25719
2.25629
2.25477
2.25286
2.25055
2.2488
2.24736
2.24525
2.24319
2.24021
2.23727
2.23435
2.23123
2.22813
2.22457
2.22031
2.2163
2.21182
2.20761
2.20317
2.19828
2.19317
2.18761
2.18209
2.17662
2.17072
2.16488
2.15911
2.15245
2.14589
2.13896
2.13238
2.12593
2.11914
2.11252
2.10534
2.09835
2.09108
2.08378
2.07648
2.06894
2.06166
2.05394
2.04651
2.03987
2.03234
2.02515
2.0183
2.01182
2.00474
1.99853
1.99247
1.98633
1.98013
1.97387
1.96852
1.96338
1.95821
1.95276
1.94778
1.94351
1.93923
1.93542
1.93136
1.92754
1.92397
1.92135
1.91825
1.91563
1.91373
1.91182
1.90942
1.90773
1.90602
1.90525
1.90422
1.90338
1.90323
1.90303
1.90228
1.90196
1.90227
1.90227
1.90241
1.90293
1.90406
1.90507
1.90642
1.90788
1.90894
1.90984
1.9108
1.91207
1.91338
1.91376
1.91513
1.917
1.91839
1.91978
1.9214
1.923
1.92409
1.92587
1.92736
1.92832
1.92922
1.93005
1.93106
1.93175
1.93235
1.93335
1.93378
1.93411
1.93434
1.93471
1.93497
1.93537
1.93542
1.93536
1.93495
1.93491
1.93427
1.93401
1.93363
1.93291
1.93207
1.93065
1.9296
1.92893
1.92816
1.92682
1.92538
1.92385
1.92248
1.92054
1.91877
1.91765
1.91551
1.91378
1.91151
1.91016
1.9078
1.90588
1.90321
1.90076
1.89876
1.89675
1.89473
1.89247
1.89045
1.88797
1.88623
1.88403
1.88235
1.87974
1.87765
1.87562
1.87317
1.8715
1.86966
1.86813
1.86644
1.8646
1.86261
1.86095
1.86012
1.85939
1.85853
1.85755
1.85644
1.85497
1.85435
1.8541
1.85422
1.85399
1.85413
1.8537
1.8534
1.8542
1.85443
1.85528
1.85627
1.85741
1.85846
1.85917
1.8605
1.8615
1.86337
1.86514
1.86682
1.8684
1.87061
1.87297
1.87498
1.87787
1.88018
1.88311
1.88643
1.89037
1.89398
1.89821
1.90186
1.90566
1.90984
1.91321
1.9172
1.92182
1.92635
1.93127
1.93658
1.94132
1.94693
1.95246
1.95838
1.96374
1.96998
1.97615
1.98223
1.98872
1.99514
2.00197
2.00872
2.01565
2.0225
2.03001
2.03793
2.04554
2.0526
2.06055
2.06795
2.07623
2.08468
2.09378
2.10206
2.11074
2.11981
2.12878
2.13861
2.14809
2.15744
2.16714
2.17622
2.18635
2.19656
2.20706
2.21714
2.22725
2.23689
2.2475
2.25808
2.26792
2.27745
2.2874
2.29726
2.30676
2.31685
2.32632
2.33537
2.34398
2.35311
2.36129
2.36946
2.37784
2.38594
2.39374
2.40098
2.40814
2.41448
2.42022
2.42608
2.43133
2.43597
2.44095
2.44507
2.44952
2.45311
2.45633
2.45917
2.46092
2.46327
2.46528
2.4667
2.46781
2.46908
2.46958
2.4698
2.46976
2.46948
2.4697
2.46947
2.46859
2.4685
2.46779
2.46575
2.46434
2.46285
2.46058
2.45875
2.45691
2.45459
2.45301
2.45098
2.4495
2.44856
2.447
2.44553
2.44442
2.44344
2.4426
2.44143
2.44114
2.44126
2.44083
2.44083
2.44053
2.44115
2.44124
2.44225
2.44371
2.44536
2.4465
2.44808
2.44962
2.45161
2.45354
2.45543
2.45847
2.46073
2.46389
2.4665
2.46977
2.47271
2.47676
2.48024
2.48385
2.4888
2.49314
2.49759
2.5019
2.50631
2.51079
2.5151
2.5197
2.52508
2.52929
2.53352
2.53848
2.54272
2.5479
2.5521
2.5565
2.56133
2.5661
2.57078
2.5749
2.57962
2.58375
2.58774
2.59158
2.59502
2.59829
2.60184
2.60495
2.60808
2.61098
2.61316
2.61531
2.61792
2.61927
2.62057
2.62132
2.62174
2.62207
2.6223
2.62193
2.6212
2.61961
2.61835
2.61695
2.61514
2.61244
2.60933
2.60557
2.60114
2.59629
2.59174
2.58653
2.58064
2.57434
2.56761
2.56119
2.55364
2.54616
2.53804
2.52953
2.52112
2.51186
2.50247
2.49299
2.48268
2.47206
2.4609
2.45041
2.43892
2.42719
2.4157
2.40327
2.39161
2.37906
2.36635
2.3535
2.34006
2.32701
2.31388
2.29999
2.28703
2.2743
2.26063
2.24795
2.23486
2.22208
2.20963
2.19683
2.18416
2.17165
2.15931
2.14741
2.13595
2.124
2.11301
2.1018
2.09085
2.07995
2.06958
2.05929
2.05027
2.04063
2.03157
2.02309
2.01426
2.00603
1.99889
1.9919
1.98481
1.97835
1.97156
1.96565
1.96013
1.95527
1.95129
1.94771
1.94381
1.94057
1.93796
1.9348
1.93276
1.93111
1.92938
1.92901
1.92879
1.92871
1.92901
1.92969
1.93122
1.93239
1.93416
1.93629
1.93853
1.94134
1.9445
1.94798
1.95202
1.95661
1.96055
1.96527
1.97004
1.97533
1.98041
1.98624
1.99257
1.99915
2.00621
2.01398
2.02077
2.02778
2.03499
2.04264
2.05072
2.05873
2.06715
2.07525
2.0835
2.09213
2.10041
2.10905
2.11804
2.12713
2.13607
2.14485
2.15418
2.16358
2.17326
2.18274
2.19225
2.20202
2.21155
2.2218
2.23156
2.24105
2.2505
2.25942
2.26877
2.27829
2.28749
2.29756
2.30585
2.31474
2.32328
2.33217
2.34044
2.3488
2.35677
2.36433
2.37292
2.38084
2.38834
2.39565
2.40299
2.40941
2.41609
2.42255
2.4288
2.4353
2.4411
2.44666
2.45224
2.45759
2.46247
2.46687
2.47129
2.47571
2.47919
2.48245
2.48597
2.48951
2.4926
2.49501
2.4977
2.50043
2.50274
2.50487
2.50706
2.5091
2.51073
2.51222
2.51357
2.51503
2.51613
2.51711
2.51751
2.51854
2.51925
2.51939
2.51996
2.52046
2.52141
2.52159
2.52174
2.52187
2.5227
2.52306
2.52366
2.52379
2.52418
2.52387
2.52433
2.5253
2.52609
2.52692
2.52806
2.52854
2.52909
2.53044
2.53139
2.53242
2.5333
2.53452
2.53534
2.53651
2.53825
2.53913
2.54059
2.54216
2.54407
2.54608
2.54819
2.55065
2.55321
2.55539
2.5579
2.56075
2.56368
2.56695
2.56982
2.57277
2.57579
2.57816
2.58155
2.58428
2.58754
2.5906
2.5937
2.59658
2.60044
2.60383
2.60698
2.61013
2.61277
2.61539
2.61892
2.62193
2.62513
2.62874
2.63178
2.63475
2.63833
2.64108
2.64372
2.64599
2.64836
2.65083
2.65291
2.65434
2.65609
2.65814
2.65954
2.66075
2.66177
2.66284
2.66371
2.66414
2.66485
2.6651
2.66515
2.66476
2.66415
2.6631
2.66184
2.66038
2.65919
2.6578
2.65621
2.65417
2.65219
2.64976
2.6469
2.64434
2.64134
2.63792
2.63432
2.63053
2.62608
2.62242
2.61858
2.61433
2.60966
2.6053
2.60053
2.59511
2.58975
2.5835
2.5778
2.5717
2.5659
2.56041
2.55428
2.54821
2.54149
2.53485
2.52804
2.52058
2.51344
2.50565
2.49795
2.49032
2.48254
2.47437
2.46628
2.45806
2.44969
2.44142
2.43327
2.42451
2.41564
2.40666
2.39733
2.3884
2.37891
2.36886
2.35995
2.35098
2.34174
2.33223
2.3227
2.31317
