11, 31, 18, 20, 1, 14, 9, 7, 22, 2, 29, 17, 26, 15, 3, 24, 21, 28, 30, 6, 19, 13, 10, 25, 12, 4, 8, 5, 16, 23, 27
11, 31, 18, 20, 1, 14, 9, 7, 22, 2, 29, 17, 26, 15, 3, 24, 21, 28, 30, 6, 19, 13, 5, 16, 10, 4, 23, 27, 8, 12, 25
8, 7, 6, 27, 5, 22, 23, 15, 1, 24, 11, 21, 26, 17, 30, 19, 14, 9, 18, 29, 28, 20, 16, 4, 13, 3, 31, 12, 2, 10, 25
8, 7, 6, 27, 5, 22, 23, 15, 1, 24, 11, 21, 26, 17, 30, 19, 14, 9, 18, 28, 20, 16, 4, 13, 29, 3, 31, 12, 2, 10, 25
8, 7, 6, 27, 5, 22, 23, 15, 17, 24, 11, 21, 26, 1, 30, 19, 14, 9, 18, 28, 20, 16, 4, 13, 29, 3, 31, 12, 2, 10, 25
8, 7, 6, 27, 5, 22, 23, 15, 1, 24, 11, 21, 26, 17, 30, 19, 14, 9, 18, 16, 29, 28, 20, 4, 13, 3, 31, 12, 2, 10, 25
8, 7, 20, 28, 29, 16, 18, 9, 14, 19, 30, 17, 26, 21, 11, 24, 1, 15, 23, 22, 5, 27, 6, 4, 13, 3, 31, 12, 2, 10, 25
8, 7, 20, 28, 29, 16, 18, 9, 14, 21, 11, 24, 1, 15, 23, 19, 30, 17, 26, 22, 5, 27, 6, 4, 13, 3, 31, 12, 2, 10, 25
8, 7, 20, 28, 29, 16, 18, 9, 14, 21, 11, 24, 1, 15, 23, 19, 30, 17, 26, 22, 5, 27, 6, 4, 13, 3, 31, 2, 12, 10, 25
8, 7, 11, 24, 1, 15, 23, 4, 13, 6, 27, 5, 22, 20, 28, 29, 16, 18, 9, 14, 19, 30, 17, 26, 21, 3, 31, 12, 2, 10, 25
8, 7, 28, 27, 5, 22, 23, 15, 17, 24, 11, 21, 26, 1, 30, 19, 14, 9, 20, 6, 18, 13, 29, 16, 4, 3, 31, 2, 12, 10, 25
8, 7, 11, 24, 1, 9, 14, 19, 30, 26, 21, 17, 4, 23, 15, 28, 20, 22, 5, 27, 6, 18, 13, 29, 16, 3, 31, 2, 12, 10, 25
8, 7, 11, 24, 1, 9, 14, 19, 30, 26, 21, 17, 4, 23, 15, 28, 20, 22, 5, 27, 29, 16, 18, 6, 13, 3, 31, 2, 12, 10, 25
8, 7, 11, 24, 1, 9, 14, 19, 30, 26, 21, 17, 4, 23, 15, 28, 20, 22, 5, 27, 29, 16, 18, 6, 13, 3, 31, 2, 12, 10, 25
8, 7, 11, 24, 1, 9, 14, 15, 23, 6, 27, 5, 22, 17, 21, 26, 30, 19, 20, 28, 18, 13, 29, 16, 4, 3, 31, 2, 12, 10, 25
8, 7, 11, 24, 1, 9, 14, 19, 15, 23, 4, 3, 30, 26, 21, 17, 28, 20, 22, 5, 27, 29, 16, 18, 6, 13, 31, 2, 12, 10, 25
8, 7, 11, 24, 1, 9, 14, 19, 15, 23, 4, 3, 30, 26, 21, 17, 28, 20, 22, 6, 27, 5, 18, 13, 29, 16, 31, 2, 12, 10, 25
8, 7, 11, 24, 1, 9, 14, 19, 15, 23, 4, 3, 30, 26, 21, 17, 28, 20, 22, 18, 6, 13, 5, 27, 29, 16, 31, 2, 12, 10, 25
8, 7, 11, 24, 1, 9, 14, 19, 15, 23, 4, 3, 30, 26, 21, 17, 28, 20, 22, 18, 6, 13, 5, 27, 29, 16, 31, 2, 12, 10, 25
8, 7, 11, 24, 21, 9, 14, 19, 15, 23, 4, 3, 30, 26, 1, 17, 28, 27, 6, 22, 20, 5, 18, 13, 29, 16, 31, 2, 12, 10, 25
8, 7, 11, 24, 21, 9, 14, 19, 15, 23, 4, 3, 30, 26, 1, 17, 28, 20, 22, 6, 27, 5, 18, 13, 29, 16, 31, 2, 12, 10, 25
8, 7, 11, 24, 21, 9, 14, 19, 15, 23, 4, 3, 30, 26, 1, 17, 28, 20, 22, 18, 6, 13, 27, 5, 29, 16, 31, 2, 12, 10, 25
8, 7, 11, 24, 21, 9, 14, 19, 15, 13, 4, 3, 30, 26, 1, 17, 28, 20, 22, 18, 6, 27, 5, 23, 29, 16, 31, 2, 12, 10, 25
8, 7, 11, 24, 21, 9, 1, 14, 19, 15, 23, 4, 3, 30, 26, 17, 28, 20, 22, 18, 6, 13, 27, 5, 29, 16, 31, 2, 12, 10, 25
8, 7, 11, 24, 21, 9, 1, 14, 19, 15, 13, 4, 3, 30, 26, 17, 28, 20, 22, 18, 6, 27, 5, 23, 29, 16, 31, 2, 12, 10, 25
8, 7, 11, 24, 21, 9, 1, 14, 19, 15, 23, 4, 3, 30, 20, 22, 28, 26, 17, 18, 6, 13, 27, 5, 29, 16, 31, 2, 12, 10, 25
8, 7, 11, 24, 21, 9, 1, 14, 19, 15, 23, 4, 3, 30, 20, 22, 28, 26, 17, 18, 6, 13, 27, 5, 29, 16, 31, 2, 12, 10, 25
8, 7, 11, 24, 21, 9, 1, 14, 19, 15, 23, 4, 3, 30, 20, 22, 28, 26, 17, 18, 5, 27, 13, 6, 29, 16, 31, 2, 12, 10, 25
8, 7, 11, 24, 21, 9, 1, 14, 19, 15, 23, 4, 3, 30, 20, 22, 26, 17, 28, 18, 6, 13, 27, 5, 29, 16, 31, 2, 12, 10, 25
8, 7, 11, 24, 21, 9, 1, 14, 19, 15, 23, 4, 3, 30, 20, 22, 26, 17, 28, 18, 6, 13, 27, 5, 29, 16, 31, 2, 12, 10, 25
8, 7, 11, 24, 21, 9, 1, 14, 19, 15, 23, 13, 27, 4, 3, 30, 20, 22, 26, 17, 28, 18, 6, 5, 29, 16, 31, 2, 12, 10, 25
8, 7, 11, 24, 21, 9, 1, 14, 19, 15, 23, 13, 27, 5, 3, 30, 20, 22, 26, 17, 28, 18, 6, 4, 29, 16, 31, 2, 12, 10, 25
8, 7, 11, 24, 21, 9, 1, 14, 19, 15, 23, 13, 27, 5, 3, 30, 20, 22, 26, 17, 28, 18, 6, 4, 29, 16, 31, 2, 12, 10, 25
8, 11, 7, 24, 21, 9, 1, 14, 19, 15, 23, 13, 27, 5, 3, 30, 20, 22, 26, 17, 28, 18, 6, 4, 29, 16, 31, 2, 12, 10, 25
8, 11, 7, 24, 21, 9, 1, 14, 19, 15, 23, 13, 27, 5, 3, 30, 20, 22, 26, 17, 28, 18, 6, 4, 29, 16, 31, 2, 12, 10, 25
8, 24, 11, 7, 21, 9, 1, 14, 19, 15, 23, 13, 27, 5, 3, 30, 20, 22, 26, 17, 28, 18, 6, 4, 29, 16, 31, 2, 12, 10, 25
8, 24, 11, 7, 21, 9, 1, 14, 19, 15, 23, 13, 27, 5, 3, 30, 20, 22, 26, 17, 28, 18, 6, 4, 29, 16, 31, 2, 12, 10, 25
8, 24, 11, 7, 21, 9, 1, 14, 19, 15, 23, 13, 27, 5, 3, 30, 20, 22, 26, 17, 28, 18, 6, 4, 29, 16, 31, 2, 12, 10, 25
8, 24, 11, 7, 21, 9, 1, 14, 19, 15, 23, 13, 27, 5, 3, 30, 20, 22, 26, 17, 28, 18, 6, 4, 29, 16, 31, 2, 12, 10, 25
8, 24, 11, 7, 21, 9, 1, 14, 19, 3, 30, 20, 22, 26, 17, 28, 18, 6, 15, 23, 13, 27, 5, 4, 29, 16, 31, 2, 12, 10, 25
8, 24, 11, 7, 21, 9, 1, 14, 19, 3, 30, 20, 22, 26, 17, 28, 18, 6, 15, 23, 13, 27, 5, 4, 29, 16, 31, 2, 12, 10, 25
8, 24, 11, 7, 21, 9, 1, 14, 19, 3, 30, 20, 22, 26, 17, 28, 18, 6, 15, 23, 13, 27, 5, 4, 29, 16, 31, 2, 12, 10, 25
8, 24, 11, 7, 21, 9, 1, 14, 22, 20, 30, 3, 19, 26, 17, 28, 18, 6, 15, 23, 13, 27, 5, 4, 29, 16, 31, 2, 12, 10, 25
8, 24, 11, 7, 21, 9, 1, 14, 22, 20, 30, 3, 19, 26, 17, 28, 18, 6, 15, 23, 13, 27, 5, 4, 29, 16, 31, 2, 12, 10, 25
8, 24, 11, 7, 21, 9, 1, 14, 22, 19, 3, 30, 20, 26, 17, 28, 18, 6, 15, 23, 13, 27, 5, 4, 29, 16, 31, 2, 12, 10, 25
8, 24, 11, 7, 21, 9, 1, 14, 22, 19, 3, 30, 20, 26, 17, 28, 18, 6, 15, 23, 13, 27, 5, 4, 29, 16, 31, 2, 12, 10, 25
8, 11, 24, 7, 21, 9, 1, 14, 22, 19, 3, 30, 20, 26, 17, 28, 18, 6, 15, 23, 13, 27, 5, 4, 29, 16, 31, 2, 12, 10, 25
8, 11, 24, 7, 21, 9, 1, 14, 22, 19, 3, 30, 20, 26, 17, 28, 18, 6, 27, 13, 23, 15, 5, 4, 29, 16, 31, 2, 12, 10, 25
8, 11, 24, 7, 21, 9, 1, 14, 22, 19, 3, 30, 20, 26, 17, 28, 18, 6, 27, 13, 23, 15, 5, 4, 29, 16, 31, 2, 12, 10, 25
8, 11, 24, 7, 21, 9, 1, 14, 22, 19, 3, 30, 20, 26, 17, 28, 18, 6, 27, 13, 23, 15, 5, 4, 29, 16, 31, 2, 12, 10, 25
8, 11, 24, 7, 21, 9, 1, 14, 20, 19, 3, 30, 22, 26, 17, 28, 18, 6, 27, 13, 23, 15, 5, 4, 29, 16, 31, 2, 12, 10, 25
8, 11, 24, 7, 21, 9, 1, 14, 20, 19, 3, 30, 22, 26, 17, 28, 18, 6, 27, 13, 23, 15, 5, 4, 29, 16, 31, 2, 12, 10, 25
8, 11, 24, 7, 21, 9, 1, 14, 20, 19, 3, 30, 22, 26, 17, 28, 18, 6, 27, 13, 23, 15, 5, 4, 29, 16, 31, 2, 12, 10, 25
8, 11, 24, 7, 21, 9, 1, 14, 20, 19, 3, 30, 22, 26, 17, 28, 18, 6, 27, 13, 23, 15, 5, 4, 29, 16, 31, 2, 12, 10, 25
8, 11, 24, 7, 21, 9, 1, 14, 20, 19, 3, 30, 22, 26, 17, 28, 18, 6, 27, 13, 23, 15, 5, 4, 29, 16, 31, 2, 12, 10, 25
8, 11, 24, 7, 21, 9, 1, 14, 20, 19, 3, 30, 22, 26, 17, 28, 18, 6, 27, 13, 23, 15, 5, 4, 29, 16, 31, 2, 12, 10, 25
8, 11, 24, 7, 21, 9, 1, 14, 20, 19, 3, 30, 22, 26, 17, 28, 18, 6, 27, 13, 23, 15, 5, 4, 29, 16, 31, 2, 12, 10, 25
8, 11, 24, 7, 21, 9, 1, 14, 20, 19, 3, 30, 22, 26, 17, 28, 18, 6, 27, 13, 23, 15, 5, 4, 29, 16, 31, 2, 12, 10, 25
8, 11, 24, 7, 21, 9, 1, 14, 20, 19, 3, 30, 22, 26, 17, 28, 18, 6, 27, 13, 23, 15, 5, 4, 29, 16, 31, 2, 12, 10, 25
8, 11, 24, 7, 21, 9, 1, 14, 20, 19, 3, 30, 22, 26, 17, 28, 18, 6, 27, 13, 23, 15, 5, 4, 29, 16, 31, 2, 12, 10, 25
8, 11, 24, 7, 21, 9, 1, 14, 20, 19, 3, 30, 22, 26, 17, 28, 18, 6, 27, 13, 23, 15, 5, 4, 29, 16, 31, 2, 12, 10, 25
8, 11, 24, 7, 21, 9, 1, 14, 20, 19, 3, 30, 22, 26, 17, 28, 18, 6, 27, 13, 23, 15, 5, 4, 29, 16, 31, 2, 12, 10, 25
8, 11, 24, 7, 21, 9, 1, 14, 20, 19, 3, 30, 22, 26, 17, 28, 18, 6, 27, 13, 23, 15, 5, 4, 29, 16, 31, 2, 12, 10, 25
8, 11, 24, 7, 21, 9, 1, 14, 20, 19, 3, 30, 22, 26, 17, 28, 18, 6, 27, 13, 23, 15, 5, 4, 29, 16, 31, 2, 12, 10, 25
8, 11, 24, 7, 21, 9, 1, 14, 20, 19, 3, 30, 22, 26, 17, 28, 18, 6, 27, 13, 23, 15, 5, 4, 29, 16, 31, 2, 12, 10, 25
8, 11, 24, 7, 21, 9, 1, 14, 20, 19, 3, 30, 22, 26, 17, 28, 18, 6, 27, 13, 23, 15, 5, 4, 29, 16, 31, 2, 12, 10, 25
8, 11, 24, 7, 21, 9, 1, 14, 20, 19, 3, 30, 22, 26, 17, 28, 18, 6, 27, 13, 23, 15, 5, 4, 29, 16, 31, 2, 12, 10, 25
8, 11, 24, 7, 21, 9, 1, 14, 20, 19, 3, 30, 22, 26, 17, 28, 18, 6, 27, 13, 23, 15, 5, 4, 29, 16, 31, 2, 12, 10, 25
8, 11, 24, 7, 21, 9, 1, 14, 20, 19, 3, 30, 22, 26, 17, 28, 18, 6, 27, 13, 23, 15, 5, 4, 29, 16, 31, 2, 12, 10, 25
8, 11, 24, 7, 21, 9, 1, 14, 20, 19, 3, 30, 22, 26, 17, 28, 18, 5, 4, 15, 27, 6, 13, 23, 29, 16, 31, 2, 12, 10, 25
8, 11, 24, 7, 21, 9, 1, 14, 20, 19, 3, 30, 22, 26, 17, 28, 18, 5, 4, 15, 27, 6, 13, 23, 29, 16, 31, 2, 12, 10, 25
8, 11, 24, 7, 21, 9, 1, 14, 20, 19, 3, 30, 22, 26, 17, 28, 18, 5, 4, 15, 27, 6, 13, 23, 29, 16, 31, 2, 12, 10, 25
8, 11, 24, 7, 21, 9, 1, 14, 20, 19, 3, 30, 22, 26, 17, 28, 18, 5, 4, 15, 6, 27, 13, 23, 29, 16, 31, 2, 12, 10, 25
8, 11, 24, 7, 21, 9, 1, 14, 20, 19, 3, 30, 22, 26, 17, 28, 18, 5, 4, 15, 6, 27, 13, 23, 29, 16, 31, 2, 12, 10, 25
8, 11, 24, 7, 21, 9, 1, 14, 20, 19, 3, 30, 22, 26, 17, 28, 18, 5, 4, 15, 6, 27, 13, 23, 29, 16, 31, 2, 12, 10, 25
8, 11, 24, 7, 21, 9, 1, 14, 20, 19, 3, 30, 22, 26, 17, 28, 18, 5, 4, 15, 6, 27, 13, 23, 29, 16, 31, 2, 12, 10, 25
8, 11, 24, 7, 21, 9, 1, 14, 20, 19, 3, 30, 22, 26, 17, 28, 18, 5, 4, 15, 6, 27, 13, 23, 29, 16, 31, 2, 12, 10, 25
8, 11, 24, 7, 21, 9, 1, 14, 20, 19, 3, 30, 22, 26, 17, 28, 18, 4, 5, 15, 6, 27, 13, 23, 29, 16, 31, 2, 12, 10, 25
8, 11, 24, 7, 21, 9, 1, 14, 20, 19, 3, 30, 22, 26, 17, 28, 18, 4, 5, 15, 6, 27, 13, 23, 29, 16, 31, 2, 12, 10, 25
8, 11, 24, 7, 21, 9, 1, 14, 20, 19, 3, 30, 22, 26, 17, 28, 18, 4, 5, 15, 6, 27, 13, 23, 29, 16, 31, 2, 12, 10, 25
8, 11, 24, 7, 21, 9, 1, 14, 20, 19, 3, 30, 22, 26, 17, 28, 18, 4, 5, 15, 6, 27, 13, 23, 29, 16, 31, 2, 12, 10, 25
8, 11, 24, 7, 21, 9, 1, 14, 20, 19, 3, 30, 22, 26, 17, 28, 18, 4, 5, 15, 6, 27, 13, 23, 29, 16, 31, 2, 12, 10, 25
8, 11, 24, 7, 21, 9, 1, 14, 20, 19, 3, 30, 22, 26, 17, 28, 18, 4, 5, 15, 6, 27, 13, 23, 29, 16, 31, 2, 12, 10, 25
8, 11, 24, 7, 21, 9, 1, 14, 20, 19, 3, 30, 22, 26, 17, 28, 18, 4, 5, 15, 6, 27, 13, 23, 29, 16, 31, 2, 12, 10, 25
8, 11, 24, 7, 21, 9, 1, 14, 20, 19, 3, 30, 22, 26, 17, 28, 18, 4, 5, 15, 6, 27, 13, 23, 29, 16, 31, 2, 12, 10, 25
8, 11, 24, 7, 21, 9, 1, 14, 20, 19, 3, 30, 22, 26, 17, 28, 18, 4, 5, 15, 6, 27, 13, 23, 29, 16, 31, 2, 12, 10, 25
8, 11, 24, 7, 21, 9, 1, 14, 20, 19, 3, 30, 22, 26, 17, 28, 18, 4, 5, 15, 6, 27, 13, 23, 29, 16, 31, 2, 12, 10, 25
8, 11, 24, 7, 21, 9, 1, 14, 20, 19, 3, 30, 22, 26, 17, 28, 18, 4, 5, 15, 6, 27, 13, 23, 29, 16, 31, 2, 12, 10, 25
8, 11, 24, 7, 21, 9, 1, 14, 20, 19, 3, 30, 22, 26, 17, 28, 18, 4, 5, 6, 27, 15, 13, 23, 29, 16, 31, 2, 12, 10, 25
8, 11, 24, 7, 21, 9, 1, 14, 20, 19, 3, 30, 22, 26, 17, 28, 18, 4, 5, 6, 27, 15, 13, 23, 29, 16, 31, 2, 12, 10, 25
8, 11, 24, 7, 21, 9, 1, 14, 20, 19, 3, 30, 22, 26, 17, 28, 18, 4, 5, 6, 27, 15, 13, 23, 29, 16, 31, 2, 12, 10, 25
8, 11, 24, 7, 21, 9, 1, 14, 20, 19, 3, 30, 22, 26, 17, 28, 18, 4, 5, 6, 27, 15, 13, 23, 29, 16, 31, 2, 12, 10, 25
8, 11, 24, 7, 21, 9, 1, 14, 20, 19, 3, 30, 22, 26, 17, 28, 18, 4, 5, 6, 27, 15, 13, 23, 29, 16, 31, 2, 12, 10, 25
8, 11, 24, 7, 21, 9, 1, 14, 20, 19, 3, 30, 22, 26, 17, 28, 18, 4, 5, 6, 27, 15, 13, 23, 29, 16, 31, 2, 12, 10, 25
8, 11, 24, 7, 21, 9, 1, 14, 20, 19, 3, 30, 22, 26, 17, 28, 18, 4, 5, 6, 27, 15, 13, 23, 29, 16, 31, 2, 12, 10, 25
8, 11, 24, 7, 21, 9, 1, 14, 20, 19, 3, 30, 22, 26, 17, 28, 18, 4, 5, 6, 27, 15, 13, 23, 29, 16, 31, 2, 12, 10, 25
8, 11, 24, 7, 21, 9, 1, 14, 20, 19, 3, 30, 22, 26, 17, 28, 18, 4, 5, 6, 27, 15, 13, 23, 29, 16, 31, 2, 12, 10, 25
8, 11, 24, 7, 21, 9, 1, 14, 20, 19, 3, 30, 22, 26, 17, 28, 18, 4, 5, 6, 27, 15, 13, 23, 29, 16, 31, 2, 12, 10, 25
8, 11, 24, 7, 21, 9, 1, 14, 20, 19, 3, 30, 22, 26, 17, 28, 18, 4, 5, 6, 27, 15, 13, 23, 29, 16, 31, 2, 12, 10, 25
8, 11, 24, 7, 21, 9, 1, 14, 20, 19, 3, 30, 22, 26, 17, 28, 18, 4, 5, 6, 27, 15, 13, 23, 29, 16, 31, 2, 12, 10, 25
8, 11, 24, 7, 21, 9, 1, 14, 20, 19, 3, 30, 22, 26, 17, 28, 18, 4, 5, 6, 27, 15, 13, 23, 29, 16, 31, 2, 12, 10, 25
8, 11, 24, 7, 21, 9, 1, 14, 20, 19, 3, 30, 22, 26, 17, 28, 18, 4, 5, 6, 27, 15, 13, 23, 29, 16, 31, 2, 12, 10, 25
8, 11, 24, 7, 21, 9, 1, 14, 20, 19, 3, 30, 22, 26, 17, 28, 18, 4, 5, 6, 27, 15, 13, 23, 29, 16, 31, 2, 12, 10, 25
8, 11, 24, 7, 21, 9, 1, 14, 20, 19, 3, 30, 22, 26, 17, 28, 18, 4, 5, 6, 27, 15, 13, 23, 29, 16, 31, 2, 12, 10, 25
8, 11, 24, 7, 21, 9, 1, 14, 20, 19, 3, 30, 22, 26, 17, 28, 18, 4, 5, 6, 27, 15, 13, 23, 29, 16, 31, 2, 12, 10, 25
8, 11, 24, 7, 21, 9, 1, 14, 20, 19, 3, 30, 22, 26, 17, 28, 18, 4, 5, 6, 27, 15, 13, 23, 29, 16, 31, 2, 12, 10, 25
8, 11, 24, 7, 21, 9, 1, 14, 20, 19, 3, 30, 22, 26, 17, 28, 18, 4, 5, 6, 27, 15, 13, 23, 29, 16, 31, 2, 12, 10, 25
8, 11, 24, 7, 21, 9, 1, 14, 20, 19, 3, 30, 22, 26, 17, 28, 18, 4, 5, 6, 27, 15, 13, 23, 29, 16, 31, 2, 12, 10, 25
8, 11, 24, 7, 21, 9, 1, 14, 20, 19, 3, 30, 22, 26, 17, 28, 18, 4, 5, 6, 27, 15, 13, 23, 29, 16, 31, 2, 12, 10, 25
8, 11, 24, 7, 21, 9, 1, 14, 20, 19, 3, 30, 22, 26, 17, 28, 18, 4, 5, 6, 27, 15, 13, 23, 29, 16, 31, 2, 12, 10, 25
8, 11, 24, 7, 21, 9, 1, 14, 20, 19, 3, 30, 22, 26, 17, 28, 18, 4, 5, 6, 27, 15, 13, 23, 29, 16, 31, 2, 12, 10, 25
8, 11, 24, 7, 21, 9, 1, 14, 20, 19, 3, 30, 22, 26, 17, 28, 18, 4, 5, 6, 27, 15, 13, 23, 29, 16, 31, 2, 12, 10, 25
8, 11, 24, 7, 21, 9, 1, 14, 20, 19, 3, 30, 22, 26, 17, 28, 18, 4, 5, 6, 27, 15, 13, 23, 29, 16, 31, 2, 12, 10, 25
8, 11, 24, 7, 21, 9, 1, 14, 20, 19, 3, 30, 22, 26, 17, 28, 18, 4, 5, 6, 27, 15, 13, 23, 29, 16, 31, 2, 12, 10, 25
8, 11, 24, 7, 21, 9, 1, 14, 20, 19, 3, 30, 22, 26, 17, 28, 18, 4, 5, 6, 27, 15, 13, 23, 29, 16, 31, 2, 12, 10, 25
8, 11, 24, 7, 21, 9, 1, 14, 20, 19, 3, 30, 22, 26, 17, 28, 18, 4, 5, 6, 27, 15, 13, 23, 29, 16, 31, 2, 12, 10, 25
8, 11, 24, 7, 21, 9, 1, 14, 20, 19, 3, 30, 22, 26, 17, 28, 18, 4, 5, 6, 27, 15, 13, 23, 29, 16, 31, 2, 12, 10, 25
8, 11, 24, 7, 21, 9, 1, 14, 20, 19, 3, 30, 22, 26, 17, 28, 18, 4, 5, 6, 27, 15, 13, 23, 29, 16, 31, 2, 12, 10, 25
8, 11, 24, 7, 21, 9, 1, 14, 20, 19, 3, 30, 22, 26, 17, 28, 18, 4, 5, 6, 27, 15, 13, 23, 29, 16, 31, 2, 12, 10, 25
8, 11, 24, 7, 21, 9, 1, 14, 20, 19, 3, 30, 22, 26, 17, 28, 18, 4, 5, 6, 27, 15, 13, 23, 29, 16, 31, 2, 12, 10, 25
8, 11, 24, 7, 21, 9, 1, 14, 20, 19, 3, 30, 22, 26, 17, 28, 18, 4, 5, 6, 27, 15, 13, 23, 29, 16, 31, 2, 12, 10, 25
8, 11, 24, 7, 21, 9, 1, 14, 20, 19, 3, 30, 22, 26, 17, 28, 18, 4, 5, 6, 27, 15, 13, 23, 29, 16, 31, 2, 12, 10, 25
8, 11, 24, 7, 21, 9, 1, 14, 20, 19, 3, 30, 22, 26, 17, 28, 18, 4, 5, 6, 27, 15, 13, 23, 29, 16, 31, 2, 12, 10, 25
8, 11, 24, 7, 21, 9, 1, 14, 20, 19, 3, 30, 22, 26, 17, 28, 18, 4, 5, 6, 27, 15, 13, 23, 29, 16, 31, 2, 12, 10, 25
8, 11, 24, 7, 21, 9, 1, 14, 20, 19, 3, 30, 22, 26, 17, 28, 18, 4, 5, 6, 27, 15, 13, 23, 29, 16, 31, 2, 12, 10, 25
8, 11, 24, 7, 21, 9, 1, 14, 20, 19, 3, 30, 22, 26, 17, 28, 18, 4, 5, 6, 27, 15, 13, 23, 29, 16, 31, 2, 12, 10, 25
8, 11, 24, 7, 21, 9, 1, 14, 20, 19, 3, 30, 22, 26, 17, 28, 18, 4, 5, 6, 27, 15, 13, 23, 29, 16, 31, 2, 12, 10, 25
8, 11, 24, 7, 21, 9, 1, 14, 20, 19, 3, 30, 22, 26, 17, 28, 18, 4, 5, 6, 27, 15, 13, 23, 29, 16, 31, 2, 12, 10, 25
8, 11, 24, 7, 21, 9, 1, 14, 20, 19, 3, 30, 22, 26, 17, 28, 18, 4, 5, 6, 27, 15, 13, 23, 29, 16, 31, 2, 12, 10, 25
8, 11, 24, 7, 21, 9, 1, 14, 20, 19, 3, 30, 22, 26, 17, 28, 18, 4, 5, 6, 27, 15, 13, 23, 29, 16, 31, 2, 12, 10, 25
8, 11, 24, 7, 21, 9, 1, 14, 20, 19, 3, 30, 22, 26, 17, 28, 18, 4, 5, 6, 27, 15, 13, 23, 29, 16, 31, 2, 12, 10, 25
8, 11, 24, 7, 21, 9, 1, 14, 20, 19, 3, 30, 22, 26, 17, 28, 18, 4, 5, 6, 27, 15, 13, 23, 29, 16, 31, 2, 12, 10, 25
8, 11, 24, 7, 21, 9, 1, 14, 20, 19, 3, 30, 22, 26, 17, 28, 18, 4, 5, 6, 27, 15, 13, 23, 29, 16, 31, 2, 12, 10, 25
8, 11, 24, 7, 21, 9, 1, 14, 20, 19, 3, 30, 22, 26, 17, 28, 18, 4, 5, 6, 27, 15, 13, 23, 29, 16, 31, 2, 12, 10, 25
8, 11, 24, 7, 21, 9, 1, 14, 20, 19, 3, 30, 22, 26, 17, 28, 18, 4, 5, 6, 27, 15, 13, 23, 29, 16, 31, 2, 12, 10, 25
8, 11, 24, 7, 21, 9, 1, 14, 20, 19, 3, 30, 22, 26, 17, 28, 18, 4, 5, 6, 27, 15, 13, 23, 29, 16, 31, 2, 12, 10, 25
8, 11, 24, 7, 21, 9, 1, 14, 20, 19, 3, 30, 22, 26, 17, 28, 18, 4, 5, 6, 27, 15, 13, 23, 29, 16, 31, 2, 12, 10, 25
8, 11, 24, 7, 21, 9, 1, 14, 20, 19, 3, 30, 22, 26, 17, 28, 18, 4, 5, 6, 27, 15, 13, 23, 29, 16, 31, 2, 12, 10, 25
8, 11, 24, 7, 21, 9, 1, 14, 20, 19, 3, 30, 22, 26, 17, 28, 18, 4, 5, 6, 27, 15, 13, 23, 29, 16, 31, 2, 12, 10, 25
8, 11, 24, 7, 21, 9, 1, 14, 20, 19, 3, 30, 22, 26, 17, 28, 18, 4, 5, 6, 27, 15, 13, 23, 29, 16, 31, 2, 12, 10, 25
8, 11, 24, 7, 21, 9, 1, 14, 20, 19, 3, 30, 22, 26, 17, 28, 18, 4, 5, 6, 27, 15, 13, 23, 29, 16, 31, 2, 12, 10, 25
8, 11, 24, 7, 21, 9, 1, 14, 20, 19, 3, 30, 22, 26, 17, 28, 18, 4, 5, 6, 27, 15, 13, 23, 29, 16, 31, 2, 12, 10, 25
8, 11, 24, 7, 21, 9, 1, 14, 20, 19, 3, 30, 22, 26, 17, 28, 18, 4, 5, 6, 27, 15, 13, 23, 29, 16, 31, 2, 12, 10, 25
8, 11, 24, 7, 21, 9, 1, 14, 20, 19, 3, 30, 22, 26, 17, 28, 18, 4, 5, 6, 27, 15, 13, 23, 29, 16, 31, 2, 12, 10, 25
8, 11, 24, 7, 21, 9, 1, 14, 20, 19, 3, 30, 22, 26, 17, 28, 18, 4, 5, 6, 27, 15, 13, 23, 29, 16, 31, 2, 12, 10, 25
8, 11, 24, 7, 21, 9, 1, 14, 20, 19, 3, 30, 22, 26, 17, 28, 18, 4, 5, 6, 27, 15, 13, 23, 29, 16, 31, 2, 12, 10, 25
8, 11, 24, 7, 21, 9, 1, 14, 20, 19, 3, 30, 22, 26, 17, 28, 18, 4, 5, 6, 27, 15, 13, 23, 29, 16, 31, 2, 12, 10, 25
8, 11, 24, 7, 21, 9, 1, 14, 20, 19, 3, 30, 22, 26, 17, 28, 18, 4, 5, 6, 27, 15, 13, 23, 29, 16, 31, 2, 12, 10, 25
8, 11, 24, 7, 21, 9, 1, 14, 20, 19, 3, 30, 22, 26, 17, 28, 18, 4, 5, 6, 27, 15, 13, 23, 29, 16, 31, 2, 12, 10, 25
8, 11, 24, 7, 21, 9, 1, 14, 20, 19, 3, 30, 22, 26, 17, 28, 18, 4, 5, 6, 27, 15, 13, 23, 29, 16, 31, 2, 12, 10, 25
8, 11, 24, 7, 21, 9, 1, 14, 20, 19, 3, 30, 22, 26, 17, 28, 18, 4, 5, 6, 27, 15, 13, 23, 29, 16, 31, 2, 12, 10, 25
8, 11, 24, 7, 21, 9, 1, 14, 20, 19, 3, 30, 22, 26, 17, 28, 18, 4, 5, 6, 27, 15, 13, 23, 29, 16, 31, 2, 12, 10, 25
8, 11, 24, 7, 21, 9, 1, 14, 20, 19, 3, 30, 22, 26, 17, 28, 18, 4, 5, 6, 27, 15, 13, 23, 29, 16, 31, 2, 12, 10, 25
8, 11, 24, 7, 21, 9, 1, 14, 20, 19, 3, 30, 22, 26, 17, 28, 18, 4, 5, 6, 27, 15, 13, 23, 29, 16, 31, 2, 12, 10, 25
8, 11, 24, 7, 21, 9, 1, 14, 20, 19, 3, 30, 22, 26, 17, 28, 18, 4, 5, 6, 27, 15, 13, 23, 29, 16, 31, 2, 12, 10, 25
8, 11, 24, 7, 21, 9, 1, 14, 20, 19, 3, 30, 22, 26, 17, 28, 18, 4, 5, 6, 27, 15, 13, 23, 29, 16, 31, 2, 12, 10, 25
8, 11, 24, 7, 21, 9, 1, 14, 20, 19, 3, 30, 22, 26, 17, 28, 18, 4, 5, 6, 27, 15, 13, 23, 29, 16, 31, 2, 12, 10, 25
8, 11, 24, 7, 21, 9, 1, 14, 20, 19, 3, 30, 22, 26, 17, 28, 18, 4, 5, 6, 27, 15, 13, 23, 29, 16, 31, 2, 12, 10, 25
8, 11, 24, 7, 21, 9, 1, 14, 20, 19, 3, 30, 22, 26, 17, 28, 18, 4, 5, 6, 27, 15, 13, 23, 29, 16, 31, 2, 12, 10, 25
8, 11, 24, 7, 21, 9, 1, 14, 20, 19, 3, 30, 22, 26, 17, 28, 18, 4, 5, 6, 27, 15, 13, 23, 29, 16, 31, 2, 12, 10, 25
8, 11, 24, 7, 21, 9, 1, 14, 20, 19, 3, 30, 22, 26, 17, 28, 18, 4, 5, 6, 27, 15, 13, 23, 29, 16, 31, 2, 12, 10, 25
8, 11, 24, 7, 21, 9, 1, 14, 20, 19, 3, 30, 22, 26, 17, 28, 18, 4, 5, 6, 27, 15, 13, 23, 29, 16, 31, 2, 12, 10, 25
8, 11, 24, 7, 21, 9, 1, 14, 20, 19, 3, 30, 22, 26, 17, 28, 18, 4, 5, 6, 27, 15, 13, 23, 29, 16, 31, 2, 12, 10, 25
8, 11, 24, 7, 21, 9, 1, 14, 20, 19, 3, 30, 22, 26, 17, 28, 18, 4, 5, 6, 27, 15, 13, 23, 29, 16, 31, 2, 12, 10, 25
8, 11, 24, 7, 21, 9, 1, 14, 20, 19, 3, 30, 22, 26, 17, 28, 18, 4, 5, 6, 27, 15, 13, 23, 29, 16, 31, 2, 12, 10, 25
8, 11, 24, 7, 21, 9, 1, 14, 20, 19, 3, 30, 22, 26, 17, 28, 18, 4, 5, 6, 27, 15, 13, 23, 29, 16, 31, 2, 12, 10, 25
8, 11, 24, 7, 21, 9, 1, 14, 20, 19, 3, 30, 22, 26, 17, 28, 18, 4, 5, 6, 27, 15, 13, 23, 29, 16, 31, 2, 12, 10, 25
8, 11, 24, 7, 21, 9, 1, 14, 20, 19, 3, 30, 22, 26, 17, 28, 18, 4, 5, 6, 27, 15, 13, 23, 29, 16, 31, 2, 12, 10, 25
8, 11, 24, 7, 21, 9, 1, 14, 20, 19, 3, 30, 22, 26, 17, 28, 18, 4, 5, 6, 27, 15, 13, 23, 29, 16, 31, 2, 12, 10, 25
8, 11, 24, 7, 21, 9, 1, 14, 20, 19, 3, 30, 22, 26, 17, 28, 18, 4, 5, 6, 27, 15, 13, 23, 29, 16, 31, 2, 12, 10, 25
8, 11, 24, 7, 21, 9, 1, 14, 20, 19, 3, 30, 22, 26, 17, 28, 18, 4, 5, 6, 27, 15, 13, 23, 29, 16, 31, 2, 12, 10, 25
8, 11, 24, 7, 21, 9, 1, 14, 20, 19, 3, 30, 22, 26, 17, 28, 18, 4, 5, 6, 27, 15, 13, 23, 29, 16, 31, 2, 12, 10, 25
8, 11, 24, 7, 21, 9, 1, 14, 20, 19, 3, 30, 22, 26, 17, 28, 18, 4, 5, 6, 27, 15, 13, 23, 29, 16, 31, 2, 12, 10, 25
8, 11, 24, 7, 21, 9, 1, 14, 20, 19, 3, 30, 22, 26, 17, 28, 18, 4, 5, 6, 27, 15, 13, 23, 29, 16, 31, 2, 12, 10, 25
8, 11, 24, 7, 21, 9, 1, 14, 20, 19, 3, 30, 22, 26, 17, 28, 18, 4, 5, 6, 27, 15, 13, 23, 29, 16, 31, 2, 12, 10, 25
8, 11, 24, 7, 21, 9, 1, 14, 20, 19, 3, 30, 22, 26, 17, 28, 18, 4, 5, 6, 27, 15, 13, 23, 29, 16, 31, 2, 12, 10, 25
8, 11, 24, 7, 21, 9, 1, 14, 20, 19, 3, 30, 22, 26, 17, 28, 18, 4, 5, 6, 27, 15, 13, 23, 29, 16, 31, 2, 12, 10, 25
8, 11, 24, 7, 21, 9, 1, 14, 20, 19, 3, 30, 22, 26, 17, 28, 18, 4, 5, 6, 27, 15, 13, 23, 29, 16, 31, 2, 12, 10, 25
2, 12, 10, 8, 11, 24, 7, 21, 9, 1, 14, 20, 19, 3, 30, 22, 26, 17, 28, 18, 4, 5, 6, 27, 15, 13, 23, 29, 16, 31, 25
2, 12, 10, 8, 11, 24, 7, 21, 9, 1, 14, 20, 19, 3, 30, 22, 26, 17, 28, 18, 4, 5, 6, 27, 15, 13, 23, 29, 16, 31, 25
2, 12, 10, 8, 11, 24, 7, 21, 9, 1, 14, 20, 19, 3, 30, 22, 26, 17, 28, 18, 4, 5, 6, 27, 15, 13, 23, 29, 16, 31, 25
2, 12, 10, 8, 11, 24, 7, 21, 9, 1, 14, 20, 19, 3, 30, 22, 26, 17, 28, 18, 4, 5, 6, 27, 15, 13, 23, 29, 16, 31, 25
2, 12, 10, 8, 11, 24, 7, 21, 9, 1, 14, 20, 19, 3, 30, 22, 26, 17, 28, 18, 4, 5, 6, 27, 15, 13, 23, 29, 16, 31, 25
2, 12, 10, 8, 11, 24, 7, 21, 9, 1, 14, 20, 19, 3, 30, 22, 26, 17, 28, 18, 4, 5, 6, 27, 15, 13, 23, 29, 16, 31, 25
2, 12, 10, 8, 11, 24, 7, 21, 9, 1, 14, 20, 19, 3, 30, 22, 26, 17, 28, 18, 4, 5, 6, 27, 15, 13, 23, 29, 16, 31, 25
31, 16, 29, 23, 13, 15, 27, 6, 5, 4, 18, 28, 17, 26, 22, 30, 3, 19, 20, 14, 1, 9, 21, 7, 24, 11, 8, 10, 12, 2, 25
31, 16, 29, 23, 13, 15, 27, 6, 5, 4, 18, 28, 17, 26, 22, 30, 3, 19, 20, 14, 1, 9, 21, 7, 24, 11, 8, 10, 12, 2, 25
31, 16, 29, 23, 13, 15, 27, 6, 5, 4, 18, 28, 17, 26, 22, 30, 3, 19, 20, 14, 1, 9, 21, 7, 24, 11, 8, 10, 12, 2, 25
31, 16, 29, 23, 13, 15, 27, 6, 5, 4, 18, 28, 17, 26, 22, 30, 3, 19, 20, 14, 1, 9, 21, 7, 24, 11, 8, 10, 12, 2, 25
31, 16, 29, 23, 13, 15, 27, 6, 5, 4, 18, 28, 17, 26, 22, 30, 3, 19, 20, 14, 1, 9, 21, 7, 24, 11, 8, 10, 12, 2, 25
31, 16, 29, 23, 13, 15, 27, 6, 5, 4, 18, 28, 17, 26, 22, 30, 3, 19, 20, 14, 1, 9, 21, 7, 24, 11, 8, 10, 12, 2, 25
31, 16, 29, 23, 13, 15, 27, 6, 5, 4, 18, 28, 17, 26, 22, 30, 3, 19, 20, 14, 1, 9, 21, 7, 24, 11, 8, 10, 12, 2, 25
31, 16, 29, 23, 13, 15, 27, 6, 5, 4, 18, 28, 17, 26, 22, 30, 3, 19, 20, 14, 1, 9, 21, 7, 24, 11, 8, 10, 12, 2, 25
31, 16, 29, 23, 13, 15, 27, 6, 5, 4, 18, 28, 17, 26, 22, 30, 3, 19, 20, 14, 1, 9, 21, 7, 24, 11, 8, 10, 12, 2, 25
31, 16, 29, 23, 13, 15, 27, 6, 5, 4, 18, 28, 17, 26, 22, 30, 3, 19, 20, 14, 1, 9, 21, 7, 24, 11, 8, 10, 12, 2, 25
31, 16, 29, 23, 13, 15, 27, 6, 5, 4, 18, 28, 17, 26, 22, 30, 3, 19, 20, 14, 1, 9, 21, 7, 24, 11, 8, 10, 12, 2, 25
31, 16, 29, 23, 13, 15, 27, 6, 5, 4, 18, 28, 17, 26, 22, 30, 3, 19, 20, 14, 1, 9, 21, 7, 24, 11, 8, 10, 12, 2, 25
31, 16, 29, 23, 13, 15, 27, 6, 5, 4, 18, 28, 17, 26, 22, 30, 3, 19, 20, 14, 1, 9, 21, 7, 24, 11, 8, 10, 12, 2, 25
31, 16, 29, 23, 13, 15, 27, 6, 5, 4, 18, 28, 17, 26, 22, 30, 3, 19, 20, 14, 1, 9, 21, 7, 24, 11, 8, 10, 12, 2, 25
31, 16, 29, 23, 13, 15, 27, 6, 5, 4, 18, 28, 17, 26, 22, 30, 3, 19, 20, 14, 1, 9, 21, 7, 24, 11, 8, 10, 12, 2, 25
31, 16, 29, 23, 13, 15, 27, 6, 5, 4, 18, 28, 17, 26, 22, 30, 3, 19, 20, 14, 1, 9, 21, 7, 24, 11, 8, 10, 12, 2, 25
31, 16, 29, 23, 13, 15, 27, 6, 5, 4, 18, 28, 17, 26, 22, 30, 3, 19, 20, 14, 1, 9, 21, 7, 24, 11, 8, 10, 12, 2, 25
31, 16, 29, 23, 13, 15, 27, 6, 5, 4, 18, 28, 17, 26, 22, 30, 3, 19, 20, 14, 1, 9, 21, 7, 24, 11, 8, 10, 12, 2, 25
31, 16, 29, 23, 13, 15, 27, 6, 5, 4, 18, 28, 17, 26, 22, 30, 3, 19, 20, 14, 1, 9, 21, 7, 24, 11, 8, 10, 12, 2, 25
31, 16, 29, 23, 13, 15, 27, 6, 5, 4, 18, 28, 17, 26, 22, 30, 3, 19, 20, 14, 1, 9, 21, 7, 24, 11, 8, 10, 12, 2, 25
31, 16, 29, 23, 13, 15, 27, 6, 5, 4, 18, 28, 17, 26, 22, 30, 3, 19, 20, 14, 1, 9, 21, 7, 24, 11, 8, 10, 12, 2, 25
31, 16, 29, 23, 13, 15, 27, 6, 5, 4, 18, 28, 17, 26, 22, 30, 3, 19, 20, 14, 1, 9, 21, 7, 24, 11, 8, 10, 12, 2, 25
31, 16, 29, 23, 13, 15, 27, 6, 5, 4, 18, 28, 17, 26, 22, 30, 3, 19, 20, 14, 1, 9, 21, 7, 24, 11, 8, 10, 12, 2, 25
31, 16, 29, 23, 13, 15, 27, 6, 5, 4, 18, 28, 17, 26, 22, 30, 3, 19, 20, 14, 1, 9, 21, 7, 24, 11, 8, 10, 12, 2, 25
31, 16, 29, 23, 13, 15, 27, 6, 5, 4, 18, 28, 17, 26, 22, 30, 3, 19, 20, 14, 1, 9, 21, 7, 24, 11, 8, 10, 12, 2, 25
31, 16, 29, 23, 13, 15, 27, 6, 5, 4, 18, 28, 17, 26, 22, 30, 3, 19, 20, 14, 1, 9, 21, 7, 24, 11, 8, 10, 12, 2, 25
31, 16, 29, 23, 13, 15, 27, 6, 5, 4, 18, 28, 17, 26, 22, 30, 3, 19, 20, 14, 1, 9, 21, 7, 24, 11, 8, 10, 12, 2, 25
31, 16, 29, 23, 13, 15, 27, 6, 5, 4, 18, 28, 17, 26, 22, 30, 3, 19, 20, 14, 1, 9, 21, 7, 24, 11, 8, 10, 12, 2, 25
31, 16, 29, 23, 13, 15, 27, 6, 5, 4, 18, 28, 17, 26, 22, 30, 3, 19, 20, 14, 1, 9, 21, 7, 24, 11, 8, 10, 12, 2, 25
31, 16, 29, 23, 13, 15, 27, 6, 5, 4, 18, 28, 17, 26, 22, 30, 3, 19, 20, 14, 1, 9, 21, 7, 24, 11, 8, 10, 12, 2, 25
31, 16, 29, 23, 13, 15, 27, 6, 5, 4, 18, 28, 17, 26, 22, 30, 3, 19, 20, 14, 1, 9, 21, 7, 24, 11, 8, 10, 12, 2, 25
31, 16, 29, 23, 13, 15, 27, 6, 5, 4, 18, 28, 17, 26, 22, 30, 3, 19, 20, 14, 1, 9, 21, 7, 24, 11, 8, 10, 12, 2, 25
31, 16, 29, 23, 13, 15, 27, 6, 5, 4, 18, 28, 17, 26, 22, 30, 3, 19, 20, 14, 1, 9, 21, 7, 24, 11, 8, 10, 12, 2, 25
31, 16, 29, 23, 13, 15, 27, 6, 5, 4, 18, 28, 17, 26, 22, 30, 3, 19, 20, 14, 1, 9, 21, 7, 24, 11, 8, 10, 12, 2, 25
31, 16, 29, 23, 13, 15, 27, 6, 5, 4, 18, 28, 17, 26, 22, 30, 3, 19, 20, 14, 1, 9, 21, 7, 24, 11, 8, 10, 12, 2, 25
31, 16, 29, 23, 13, 15, 27, 6, 5, 4, 18, 28, 17, 26, 22, 30, 3, 19, 20, 14, 1, 9, 21, 7, 24, 11, 8, 10, 12, 2, 25
31, 16, 29, 23, 13, 15, 27, 6, 5, 4, 18, 28, 17, 26, 22, 30, 3, 19, 20, 14, 1, 9, 21, 7, 24, 11, 8, 10, 12, 2, 25
31, 16, 29, 23, 13, 15, 27, 6, 5, 4, 18, 28, 17, 26, 22, 30, 3, 19, 20, 14, 1, 9, 21, 7, 24, 11, 8, 10, 12, 2, 25
31, 16, 29, 23, 13, 15, 27, 6, 5, 4, 18, 28, 17, 26, 22, 30, 3, 19, 20, 14, 1, 9, 21, 7, 24, 11, 8, 10, 12, 2, 25
31, 16, 29, 23, 13, 15, 27, 6, 5, 4, 18, 28, 17, 26, 22, 30, 3, 19, 20, 14, 1, 9, 21, 7, 24, 11, 8, 10, 12, 2, 25
31, 16, 29, 23, 13, 15, 27, 6, 5, 4, 18, 28, 17, 26, 22, 30, 3, 19, 20, 14, 1, 9, 21, 7, 24, 11, 8, 10, 12, 2, 25
31, 16, 29, 23, 13, 15, 27, 6, 5, 4, 18, 28, 17, 26, 22, 30, 3, 19, 20, 14, 1, 9, 21, 7, 24, 11, 8, 10, 12, 2, 25
31, 16, 29, 23, 13, 15, 27, 6, 5, 4, 18, 28, 17, 26, 22, 30, 3, 19, 20, 14, 1, 9, 21, 7, 24, 11, 8, 10, 12, 2, 25
31, 16, 29, 23, 13, 15, 27, 6, 5, 4, 18, 28, 17, 26, 22, 30, 3, 19, 20, 14, 1, 9, 21, 7, 24, 11, 8, 10, 12, 2, 25
31, 16, 29, 23, 13, 15, 27, 6, 5, 4, 18, 28, 17, 26, 22, 30, 3, 19, 20, 14, 1, 9, 21, 7, 24, 11, 8, 10, 12, 2, 25
31, 16, 29, 23, 13, 15, 27, 6, 5, 4, 18, 28, 17, 26, 22, 30, 3, 19, 20, 14, 1, 9, 21, 7, 24, 11, 8, 10, 12, 2, 25
31, 16, 29, 23, 13, 15, 27, 6, 5, 4, 18, 28, 17, 26, 22, 30, 3, 19, 20, 14, 1, 9, 21, 7, 24, 11, 8, 10, 12, 2, 25
31, 16, 29, 23, 13, 15, 27, 6, 5, 4, 18, 28, 17, 26, 22, 30, 3, 19, 20, 14, 1, 9, 21, 7, 24, 11, 8, 10, 12, 2, 25
31, 16, 29, 23, 13, 15, 27, 6, 5, 4, 18, 28, 17, 26, 22, 30, 3, 19, 20, 14, 1, 9, 21, 7, 24, 11, 8, 10, 12, 2, 25
31, 16, 29, 23, 13, 15, 27, 6, 5, 4, 18, 28, 17, 26, 22, 30, 3, 19, 20, 14, 1, 9, 21, 7, 24, 11, 8, 10, 12, 2, 25
31, 16, 29, 23, 13, 15, 27, 6, 5, 4, 18, 28, 17, 26, 22, 30, 3, 19, 20, 14, 1, 9, 21, 7, 24, 11, 8, 10, 12, 2, 25
31, 16, 29, 23, 13, 15, 27, 6, 5, 4, 18, 28, 17, 26, 22, 30, 3, 19, 20, 14, 1, 9, 21, 7, 24, 11, 8, 10, 12, 2, 25
31, 16, 29, 23, 13, 15, 27, 6, 5, 4, 18, 28, 17, 26, 22, 30, 3, 19, 20, 14, 1, 9, 21, 7, 24, 11, 8, 10, 12, 2, 25
31, 16, 29, 23, 13, 15, 27, 6, 5, 4, 18, 28, 17, 26, 22, 30, 3, 19, 20, 14, 1, 9, 21, 7, 24, 11, 8, 10, 12, 2, 25
31, 16, 29, 23, 13, 15, 27, 6, 5, 4, 18, 28, 17, 26, 22, 30, 3, 19, 20, 14, 1, 9, 21, 7, 24, 11, 8, 10, 12, 2, 25
31, 16, 29, 23, 13, 15, 27, 6, 5, 4, 18, 28, 17, 26, 22, 30, 3, 19, 20, 14, 1, 9, 21, 7, 24, 11, 8, 10, 12, 2, 25
31, 16, 29, 23, 13, 15, 27, 6, 5, 4, 18, 28, 17, 26, 22, 30, 3, 19, 20, 14, 1, 9, 21, 7, 24, 11, 8, 10, 12, 2, 25
31, 16, 29, 23, 13, 15, 27, 6, 5, 4, 18, 28, 17, 26, 22, 30, 3, 19, 20, 14, 1, 9, 21, 7, 24, 11, 8, 10, 12, 2, 25
31, 16, 29, 23, 13, 15, 27, 6, 5, 4, 18, 28, 17, 26, 22, 30, 3, 19, 20, 14, 1, 9, 21, 7, 24, 11, 8, 10, 12, 2, 25
31, 16, 29, 23, 13, 15, 27, 6, 5, 4, 18, 28, 17, 26, 22, 30, 3, 19, 20, 14, 1, 9, 21, 7, 24, 11, 8, 10, 12, 2, 25
31, 16, 29, 23, 13, 15, 27, 6, 5, 4, 18, 28, 17, 26, 22, 30, 3, 19, 20, 14, 1, 9, 21, 7, 24, 11, 8, 10, 12, 2, 25
31, 16, 29, 23, 13, 15, 27, 6, 5, 4, 18, 28, 17, 26, 22, 30, 3, 19, 20, 14, 1, 9, 21, 7, 24, 11, 8, 10, 12, 2, 25
31, 16, 29, 23, 13, 15, 27, 6, 5, 4, 18, 28, 17, 26, 22, 30, 3, 19, 20, 14, 1, 9, 21, 7, 24, 11, 8, 10, 12, 2, 25
31, 16, 29, 23, 13, 15, 27, 6, 5, 4, 18, 28, 17, 26, 22, 30, 3, 19, 20, 14, 1, 9, 21, 7, 24, 11, 8, 10, 12, 2, 25
31, 16, 29, 23, 13, 15, 27, 6, 5, 4, 18, 28, 17, 26, 22, 30, 3, 19, 20, 14, 1, 9, 21, 7, 24, 11, 8, 10, 12, 2, 25
31, 16, 29, 23, 13, 15, 27, 6, 5, 4, 18, 28, 17, 26, 22, 30, 3, 19, 20, 14, 1, 9, 21, 7, 24, 11, 8, 10, 12, 2, 25
