r, gofr, gofr_error
0.0128248, 0, 0
0.0384745, 0, 0
0.0641241, 0, 0
0.0897737, 0, 0
0.115423, 0, 0
0.141073, 0, 0
0.166723, 0, 0
0.192372, 0, 0
0.218022, 0, 0
0.243672, 0, 0
0.269321, 0, 0
0.294971, 0, 0
0.32062, 0, 0
0.34627, 0, 0
0.37192, 0, 0
0.397569, 0, 0
0.423219, 0, 0
0.448869, 0, 0
0.474518, 0, 0
0.500168, 0, 0
0.525818, 0, 0
0.551467, 0, 0
0.577117, 0, 0
0.602767, 0, 0
0.628416, 0, 0
0.654066, 0, 0
0.679715, 0, 0
0.705365, 0, 0
0.731015, 0, 0
0.756664, 0, 0
0.782314, 0, 0
0.807964, 0, 0
0.833613, 0, 0
0.859263, 2.99565e-05, 1.40746e-05
0.884913, 0.00116722, 0.000107285
0.910562, 0.0229532, 0.000566328
0.936212, 0.160486, 0.00142087
0.961861, 0.559467, 0.00277348
0.987511, 1.19996, 0.00416725
1.01316, 1.86834, 0.00613717
1.03881, 2.34662, 0.00662073
1.06446, 2.55931, 0.00635375
1.09011, 2.55259, 0.00683196
1.11576, 2.41032, 0.00578985
1.14141, 2.19887, 0.00548074
1.16706, 1.97605, 0.00559765
1.19271, 1.75607, 0.00514964
1.21836, 1.56008, 0.00470313
1.24401, 1.38776, 0.00425915
1.26966, 1.24239, 0.00392
1.29531, 1.11819, 0.00347343
1.32096, 1.01838, 0.00414137
1.34661, 0.930867, 0.00396586
1.37226, 0.864417, 0.00340986
1.39791, 0.808504, 0.00370814
1.42355, 0.770879, 0.00299551
1.4492, 0.737808, 0.0028702
1.47485, 0.714179, 0.00293814
1.5005, 0.692587, 0.00269051
1.52615, 0.678032, 0.0031865
1.5518, 0.674421, 0.00278211
1.57745, 0.66746, 0.00298608
1.6031, 0.674356, 0.00258576
1.62875, 0.688589, 0.0022917
1.6544, 0.703518, 0.00286413
1.68005, 0.725193, 0.00296078
1.7057, 0.752763, 0.00232844
1.73135, 0.781784, 0.00242696
1.757, 0.817487, 0.00249962
1.78265, 0.854819, 0.00239952
1.8083, 0.896845, 0.00265007
1.83395, 0.938908, 0.00284328
1.8596, 0.979517, 0.00307738
1.88525, 1.0249, 0.00259234
1.9109, 1.0668, 0.00302258
1.93655, 1.1014, 0.00277552
1.9622, 1.13337, 0.00279595
1.98785, 1.16266, 0.00238985
2.0135, 1.18272, 0.00258041
2.03915, 1.20278, 0.00228181
2.0648, 1.21377, 0.00241559
2.09045, 1.21335, 0.00239299
2.1161, 1.21175, 0.00257168
2.14174, 1.18927, 0.0020706
2.16739, 1.17121, 0.00220605
2.19304, 1.15161, 0.0023925
2.21869, 1.121, 0.00236307
2.24434, 1.09329, 0.00219626
2.26999, 1.06566, 0.00224329
2.29564, 1.0365, 0.00234483
2.32129, 1.0041, 0.00223977
2.34694, 0.980596, 0.00249307
2.37259, 0.959021, 0.00208519
2.39824, 0.939371, 0.00182189
2.42389, 0.9221, 0.00184814
2.44954, 0.910234, 0.00179091
2.47519, 0.899455, 0.00188696
2.50084, 0.89377, 0.00196514
2.52649, 0.889639, 0.00206135
2.55214, 0.892076, 0.00193697
