1.65022
1.6507
1.65115
1.65157
1.65196
1.65231
1.65262
1.6529
1.65315
1.65335
1.65352
1.65364
1.65373
1.65377
1.65378
1.65374
1.65366
1.65355
1.65339
1.65318
1.65294
1.65266
1.65233
1.65197
1.65156
1.65111
1.65063
1.6501
1.64954
1.64893
1.6483
1.64762
1.64691
1.64617
1.64539
1.64459
1.64375
1.64288
1.64199
1.64107
1.64013
1.63917
1.63819
1.6372
1.63618
1.63516
1.63412
1.63308
1.63203
1.63098
1.62992
1.62887
1.62782
1.62678
1.62574
1.62472
1.62371
1.62272
1.62175
1.62081
1.61988
1.61899
1.61813
1.6173
1.6165
1.61575
1.61503
1.61436
1.61372
1.61314
1.6126
1.61211
1.61166
1.61127
1.61092
1.61062
1.61038
1.61018
1.61004
1.60994
1.60989
1.60989
1.60993
1.61001
1.61014
1.61031
1.61051
1.61075
1.61101
1.61131
1.61164
1.61198
1.61235
1.61273
1.61312
1.61353
1.61394
1.61435
1.61475
1.61516
1.61555
1.61593
1.6163
1.61665
1.61697
1.61727
1.61754
1.61778
1.61799
1.61816
1.61829
1.61838
1.61843
1.61843
1.61838
1.61829
1.61815
1.61796
1.61772
1.61743
1.61708
1.61669
1.61624
1.61574
1.61519
1.61459
1.61394
1.61324
1.61249
1.6117
1.61086
1.60997
1.60905
1.60808
1.60707
1.60603
1.60495
1.60384
1.60269
1.60152
1.60032
1.5991
1.59785
1.59659
1.5953
1.594
1.59269
1.59137
1.59003
1.5887
1.58735
1.586
1.58466
1.58332
1.58198
1.58064
1.57932
1.578
1.5767
1.57541
1.57413
1.57287
1.57163
1.57041
1.56922
1.56804
1.56689
1.56576
1.56467
1.5636
1.56256
1.56155
1.56057
1.55963
1.55872
1.55784
1.557
1.5562
1.55544
1.55471
1.55403
1.55339
1.55278
1.55223
1.55172
1.55125
1.55083
1.55046
1.55013
1.54985
1.54963
1.54945
1.54933
1.54925
1.54923
1.54926
1.54935
1.54948
1.54967
1.54992
1.55021
1.55056
1.55096
1.55141
1.55192
1.55247
1.55308
1.55373
1.55443
1.55517
1.55595
1.55678
1.55764
1.55854
1.55947
1.56043
1.56142
1.56243
1.56347
1.56452
1.56559
1.56666
1.56774
1.56883
1.56991
1.57098
1.57205
1.57309
1.57412
1.57513
1.57611
1.57706
1.57797
1.57884
1.57967
1.58045
1.58118
1.58185
1.58246
1.58302
1.5835
1.58393
1.58428
1.58456
1.58477
1.5849
1.58497
1.58495
1.58486
1.5847
1.58446
1.58415
1.58377
1.58332
1.5828
1.58222
1.58159
1.5809
1.58016
1.57937
1.57855
1.57769
1.57681
1.57591
1.575
1.57409
1.57318
1.57228
1.5714
1.57055
1.56974
1.56897
1.56826
1.56761
1.56703
1.56653
1.56611
1.56578
1.56555
1.56543
1.56541
1.56551
1.56572
1.56605
1.56651
1.56708
1.56778
1.5686
1.56954
1.5706
1.57178
1.57307
1.57447
1.57597
1.57758
1.57927
1.58106
1.58292
1.58485
1.58685
1.58891
1.59102
1.59316
1.59535
1.59755
1.59978
1.60202
1.60426
1.6065
1.60872
1.61093
1.61311
1.61526
1.61737
1.61944
1.62146
1.62343
1.62534
1.62719
1.62897
1.63068
1.63232
1.63388
1.63536
1.63676
1.63808
1.63931
1.64045
1.6415
1.64247
1.64334
1.64412
1.6448
1.64539
1.64589
1.64629
1.6466
1.64681
1.64693
1.64696
1.6469
1.64674
1.64649
1.64615
1.64571
1.64519
1.64458
1.64388
1.6431
1.64224
1.64129
1.64025
1.63914
1.63795
1.63668
1.63534
1.63392
1.63243
1.63086
1.62923
1.62753
1.62576
1.62393
1.62204
1.62008
1.61807
1.61601
1.61389
1.61172
1.60951
1.60724
1.60494
1.60259
1.6002
1.59778
1.59533
1.59285
1.59034
1.58781
1.58526
1.58269
1.58012
1.57753
1.57494
1.57234
1.56975
1.56717
1.5646
1.56203
1.55949
1.55698
1.55448
1.55202
1.5496
1.54722
1.54488
1.54259
1.54036
1.53818
1.53607
1.53402
1.53205
1.53015
1.52833
1.52659
1.52493
1.52337
1.5219
1.52053
1.51926
1.51809
1.51703
1.51607
1.51523
1.5145
1.51388
1.51337
1.51298
1.51271
1.51256
1.51253
1.51261
1.51281
1.51313
1.51356
1.51411
1.51478
1.51556
1.51645
1.51744
1.51855
1.51975
1.52106
1.52246
1.52396
1.52555
1.52723
1.52899
1.53083
1.53274
1.53473
1.53679
1.53891
1.54109
1.54332
1.5456
1.54793
1.5503
1.55271
1.55515
1.55763
1.56013
1.56265
1.56518
1.56774
1.5703
1.57288
1.57546
1.57804
1.58062
1.5832
1.58577
1.58834
1.59089
1.59343
1.59597
1.59849
1.60099
1.60348
1.60595
1.6084
1.61084
1.61326
1.61566
1.61804
1.62041
1.62275
1.62508
1.62739
1.62968
1.63196
1.63422
1.63647
1.6387
1.64091
1.64311
1.6453
1.64748
1.64964
1.6518
1.65394
1.65608
1.6582
1.66032
1.66243
1.66453
1.66662
1.6687
1.67077
1.67284
1.6749
1.67694
1.67898
1.68102
1.68304
1.68506
1.68707
1.68906
1.69105
1.69303
1.695
1.69695
1.6989
1.70083
1.70275
1.70465
1.70654
1.70842
1.71028
1.71213
1.71397
1.71578
1.71759
1.71937
1.72114
1.72289
1.72462
1.72634
1.72803
1.72971
1.73137
1.73301
1.73464
1.73624
1.73782
1.73939
1.74094
1.74246
1.74397
1.74546
1.74694
1.74839
1.74983
1.75125
1.75265
1.75403
1.7554
1.75675
1.75809
1.75941
1.76072
1.76202
1.7633
1.76457
1.76583
1.76707
1.76831
1.76953
1.77075
1.77195
1.77314
1.77432
1.7755
1.77666
1.77781
1.77895
1.78009
1.78121
1.78232
1.78342
1.7845
1.78558
1.78664
1.78768
1.78871
1.78972
1.79071
1.79168
1.79263
1.79355
1.79444
1.79531
1.79614
1.79694
1.79771
1.79843
1.79912
1.79976
1.80036
1.80091
1.80141
1.80185
1.80224
1.80257
1.80283
1.80303
1.80317
1.80323
1.80323
1.80315
1.80299
1.80276
1.80245
1.80205
1.80157
1.80101
1.80036
1.79962
1.79879
1.79787
1.79686
1.79576
1.79457
1.79328
1.79191
1.79044
1.78887
1.78721
1.78546
1.78362
1.78169
1.77967
1.77755
1.77535
1.77307
1.77069
1.76824
1.7657
1.76308
1.76039
1.75762
1.75477
1.75186
1.74888
1.74583
1.74272
1.73955
1.73633
1.73305
1.72973
1.72636
1.72295
1.7195
1.71601
1.7125
1.70895
1.70539
1.70181
1.69821
1.6946
1.69099
1.68737
1.68376
1.68016
1.67657
1.67299
1.66944
1.66591
1.66242
1.65896
1.65553
1.65216
1.64882
1.64555
1.64232
1.63916
1.63606
1.63303
1.63007
1.62719
1.62438
1.62166
1.61903
1.61648
1.61403
1.61168
1.60942
1.60727
1.60521
1.60327
1.60143
1.59971
1.5981
1.5966
1.59521
1.59395
1.5928
1.59177
1.59086
1.59008
1.58941
1.58886
1.58844
1.58813
1.58795
1.58789
1.58794
1.58811
1.5884
1.58881
1.58932
1.58995
1.59069
1.59154
1.59249
1.59355
1.5947
1.59595
1.5973
1.59874
1.60026
1.60186
1.60355
1.60531
1.60715
1.60905
1.61101
1.61304
1.61512
1.61725
1.61943
1.62165
1.62391
1.62621
1.62853
1.63088
1.63325
1.63563
1.63803
1.64043
1.64284
1.64524
1.64764
1.65002
1.65239
1.65475
1.65708
1.65938
1.66165
1.66389
1.66609
1.66824
1.67036
1.67242
1.67444
1.6764
1.6783
1.68015
1.68193
1.68365
1.6853
1.68689
1.6884
1.68984
1.69121
1.69251
1.69373
1.69487
1.69594
1.69692
1.69783
1.69867
1.69942
1.70009
1.70069
1.70121
1.70165
1.70202
1.70231
1.70253
1.70269
1.70277
1.70278
1.70273
1.70261
1.70244
1.7022
1.70191
1.70157
1.70117
1.70073
1.70025
1.69972
1.69916
1.69856
1.69793
1.69728
1.69661
1.69591
1.6952
1.69448
1.69376
1.69302
1.69229
1.69157
1.69085
1.69015
1.68946
1.68879
1.68815
1.68754
1.68696
1.68642
1.68592
1.68546
1.68505
1.68469
1.68439
1.68414
1.68395
1.68383
1.68377
1.68378
1.68387
1.68402
1.68426
1.68456
1.68495
1.68541
1.68596
1.68659
1.68729
1.68808
1.68895
1.68991
1.69094
1.69206
1.69325
1.69452
1.69587
1.6973
1.6988
1.70037
1.70201
1.70371
1.70548
1.7073
1.70918
1.71112
1.7131
1.71513
1.7172
1.71931
1.72145
1.72362
1.72582
1.72804
1.73027
1.73252
1.73477
1.73703
1.73928
1.74153
1.74377
1.746
1.74821
1.7504
1.75257
1.7547
1.75681
1.75888
1.76091
1.7629
1.76485
1.76675
1.7686
1.7704
1.77214
1.77382
1.77545
1.77701
1.77852
1.77996
1.78133
1.78263
1.78387
1.78504
1.78614
1.78716
1.78811
1.78899
1.7898
1.79053
1.79118
1.79176
1.79226
1.79268
1.79303
1.7933
1.79349
1.7936
1.79364
1.79359
1.79347
1.79327
1.79299
1.79263
1.79219
1.79167
1.79107
1.79039
1.78963
1.78879
1.78787
1.78686
1.78578
1.78461
1.78337
1.78204
1.78063
1.77913
1.77756
1.7759
1.77415
1.77233
1.77041
1.76842
1.76634
1.76418
1.76193
1.7596
1.75719
1.75469
1.75211
1.74944
1.74668
1.74384
1.74092
1.73791
1.73482
1.73164
1.72839
1.72505
1.72163
1.71813
1.71456
1.7109
1.70717
1.70337
1.69949
1.69554
1.69153
1.68745
1.68331
1.67911
1.67486
1.67055
1.66619
1.66179
1.65735
1.65288
1.64837
1.64384
1.63929
1.63473
1.63016
1.62559
1.62103
1.61648
1.61195
1.60745
1.60298
1.59855
1.59418
1.58986
1.58561
1.58143
1.57734
1.57333
1.56943
1.56564
1.56196
1.55841
1.55498
1.5517
1.54856
1.54558
1.54275
1.5401
1.53761
1.5353
1.53318
1.53124
1.5295
1.52794
1.52659
1.52544
1.52449
1.52374
1.5232
1.52286
1.52272
1.52279
1.52306
1.52353
1.5242
1.52506
1.52611
1.52735
1.52878
1.53038
1.53216
1.53411
1.53622
1.53849
1.54092
1.54349
1.54621
1.54906
1.55205
1.55515
1.55838
1.56171
1.56515
1.56869
1.57233
1.57604
1.57984
1.58372
1.58766
1.59166
1.59572
1.59983
1.60398
1.60818
1.61241
1.61667
1.62095
1.62525
1.62956
1.63389
1.63822
1.64256
1.64689
1.65121
1.65553
1.65983
1.66411
1.66837
1.67261
1.67681
1.68099
1.68514
1.68924
1.69331
1.69734
1.70132
1.70525
1.70914
1.71297
1.71675
1.72048
1.72415
1.72776
1.7313
1.73479
1.73821
1.74157
1.74485
1.74807
1.75122
1.75429
1.7573
1.76022
1.76307
1.76584
1.76854
1.77115
1.77368
1.77612
1.77848
1.78076
1.78294
1.78504
1.78705
1.78897
1.7908
1.79253
1.79418
1.79573
1.79718
1.79854
1.79981
1.80098
1.80205
1.80302
1.8039
1.80468
1.80537
1.80595
1.80644
1.80684
1.80714
1.80734
1.80745
1.80746
1.80738
1.8072
1.80694
1.80658
1.80613
1.8056
1.80497
1.80427
1.80347
1.8026
1.80164
1.80061
1.7995
1.79831
1.79705
1.79572
1.79432
1.79286
1.79133
1.78973
1.78808
1.78637
1.7846
1.78279
1.78092
1.779
1.77704
1.77503
1.77298
1.7709
1.76878
1.76662
1.76444
1.76223
1.75999
1.75773
1.75545
1.75315
1.75083
1.7485
1.74616
1.74381
1.74145
1.73908
1.73671
1.73435
1.73198
1.72961
1.72726
1.72491
1.72256
1.72023
1.71791
1.71561
1.71332
1.71105
1.7088
1.70656
1.70435
1.70216
1.7
1.69786
1.69574
1.69365
1.6916
1.68957
1.68757
1.6856
1.68366
1.68176
1.67989
1.67805
1.67624
1.67448
1.67274
1.67105
1.66939
1.66777
1.66618
1.66464
1.66314
1.66167
1.66025
1.65886
1.65752
1.65622
1.65497
1.65376
1.65259
1.65148
1.65041
1.64938
1.64841
1.64749
1.64662
1.64581
1.64504
1.64433
1.64368
1.64308
1.64254
1.64206
1.64163
1.64127
1.64096
1.64071
1.64052
1.64039
1.64032
1.64031
1.64036
1.64046
1.64062
1.64084
1.64111
1.64144
1.64181
1.64224
1.64271
1.64322
1.64378
1.64438
1.64501
1.64568
1.64638
1.6471
1.64785
1.64862
1.64941
1.65021
1.65103
1.65185
1.65267
1.6535
1.65432
1.65514
1.65595
1.65675
1.65753
1.6583
1.65905
1.65977
1.66047
1.66115
1.66179
1.66241
1.66299
1.66355
1.66407
1.66455
1.665
1.66541
1.66579
1.66613
1.66643
1.6667
1.66693
1.66712
1.66728
1.6674
1.66748
1.66752
1.66753
1.6675
1.66744
1.66734
1.6672
1.66703
1.66682
1.66657
1.66629
1.66597
1.66562
1.66522
1.66479
1.66431
1.6638
1.66325
1.66265
1.66202
1.66134
1.66062
1.65985
1.65904
1.65818
1.65728
1.65633
1.65533
1.65428
1.65319
1.65204
1.65085
1.64961
1.64831
1.64697
1.64558
1.64414
1.64266
1.64112
1.63954
1.63792
1.63625
1.63454
1.63279
1.631
1.62917
1.6273
1.6254
1.62347
1.62151
1.61953
1.61752
1.61549
1.61345
1.61139
1.60932
1.60725
1.60517
1.60309
1.60101
1.59894
1.59689
1.59484
1.59282
1.59082
1.58884
1.5869
1.58499
1.58312
1.58129
1.5795
1.57776
1.57607
1.57443
1.57285
1.57133
1.56987
1.56848
1.56715
1.56588
1.56469
1.56357
1.56252
1.56155
1.56065
1.55982
1.55907
1.55839
1.55779
1.55726
1.55681
1.55643
1.55613
1.5559
1.55573
1.55564
1.55562
1.55566
1.55576
1.55593
1.55616
1.55645
1.55679
1.55719
1.55765
1.55816
1.55872
1.55933
1.55998
1.56068
1.56143
1.56221
1.56304
1.56391
1.56482
1.56577
1.56675
1.56777
1.56883
1.56992
1.57105
1.57221
1.57341
1.57464
1.57591
1.57722
1.57856
1.57993
1.58134
1.58279
1.58427
1.58579
1.58735
1.58894
1.59057
1.59224
1.59395
1.59569
1.59748
1.5993
1.60115
1.60305
1.60498
1.60695
1.60895
1.61099
1.61307
1.61518
1.61732
1.61949
1.6217
1.62393
1.6262
1.62849
1.63082
1.63317
1.63554
1.63794
1.64037
1.64281
1.64528
1.64777
1.65028
1.65281
1.65536
1.65792
1.66049
1.66309
1.66569
1.66831
1.67094
1.67358
1.67623
1.67888
1.68154
1.6842
1.68687
1.68953
1.69219
1.69485
1.6975
1.70015
1.70278
1.7054
1.708
1.71059
1.71315
1.71569
1.7182
1.72068
1.72313
1.72554
1.72791
1.73023
1.73251
1.73475
1.73693
1.73905
1.74112
1.74313
1.74507
1.74695
1.74876
1.7505
1.75217
1.75376
1.75528
1.75672
1.75809
1.75938
1.76059
1.76172
1.76278
1.76375
1.76465
1.76548
1.76622
1.7669
1.7675
1.76803
1.7685
1.7689
1.76923
1.76951
1.76973
1.7699
1.77001
1.77008
1.77011
1.7701
1.77005
1.76997
1.76986
1.76973
1.76958
1.76941
1.76924
1.76906
1.76887
1.76869
1.76852
1.76835
1.7682
1.76807
1.76796
1.76787
1.76781
1.76778
1.76778
1.76782
1.7679
1.76801
1.76817
1.76836
1.7686
1.76888
1.7692
1.76957
1.76998
1.77043
1.77092
1.77145
1.77203
1.77263
1.77327
1.77395
1.77465
1.77539
1.77615
1.77693
1.77774
1.77856
1.7794
1.78025
1.78111
1.78197
1.78285
1.78372
1.7846
1.78547
1.78634
1.7872
1.78806
1.78891
1.78975
1.79057
1.79139
1.79219
1.79298
1.79375
1.79452
1.79526
1.796
1.79672
1.79743
1.79812
1.7988
1.79948
1.80014
1.8008
1.80145
1.80209
1.80273
1.80337
1.804
1.80464
1.80527
1.80591
1.80656
1.80721
1.80787
1.80854
1.80921
1.8099
1.8106
1.81131
1.81204
1.81278
1.81354
1.81431
1.8151
1.8159
1.81671
1.81754
1.81839
1.81925
1.82012
1.821
1.82189
1.8228
1.82371
1.82463
1.82556
1.82649
1.82742
1.82836
1.82929
1.83022
1.83114
1.83206
1.83296
1.83386
1.83474
1.8356
1.83644
1.83726
1.83805
1.83882
1.83957
1.84028
1.84096
1.8416
1.84221
1.84278
1.84331
1.8438
1.84424
1.84464
1.845
1.84531
1.84557
1.84578
1.84595
1.84606
1.84613
1.84614
1.84611
1.84602
1.84588
1.84569
1.84545
1.84516
1.84482
1.84443
1.84399
1.84351
1.84297
1.84239
1.84176
1.84108
1.84036
1.8396
1.83879
1.83794
1.83704
1.83611
1.83513
1.83411
1.83306
1.83197
1.83084
1.82967
1.82847
1.82723
1.82596
1.82466
1.82332
1.82196
1.82056
1.81914
1.81768
1.8162
1.81468
1.81314
1.81158
1.80998
1.80837
1.80672
1.80506
1.80336
1.80165
1.79991
1.79815
1.79636
1.79455
1.79273
1.79087
1.789
1.78711
1.7852
1.78326
1.78131
1.77933
1.77733
1.77531
1.77327
1.7712
1.76912
1.76702
1.76489
1.76274
1.76057
1.75838
1.75617
1.75393
1.75168
1.7494
1.74709
1.74477
1.74242
1.74005
1.73767
1.73526
1.73283
1.73039
1.72793
1.72545
1.72296
1.72045
1.71794
1.71542
1.71289
1.71036
1.70782
1.70529
1.70276
1.70024
1.69774
1.69524
1.69276
1.6903
1.68787
1.68547
1.6831
1.68076
1.67846
1.6762
1.67399
1.67183
1.66972
1.66767
1.66568
1.66375
1.66188
1.66008
1.65835
1.6567
1.65512
1.65361
1.65218
1.65083
1.64955
1.64836
1.64725
1.64622
1.64526
1.64439
1.64359
1.64287
1.64223
1.64166
1.64117
1.64074
1.64039
1.64009
1.63987
1.6397
1.63959
1.63953
1.63952
1.63956
1.63965
1.63977
1.63993
1.64012
1.64034
1.64059
1.64086
1.64114
1.64144
1.64175
1.64206
1.64237
1.64269
1.64299
1.64329
1.64357
1.64384
1.64409
1.64432
1.64453
1.6447
1.64485
1.64496
1.64504
1.64508
1.64508
1.64504
1.64496
1.64484
1.64466
1.64445
1.64418
1.64387
1.64351
1.64311
1.64265
1.64215
1.6416
1.64101
1.64037
1.63968
1.63895
1.63818
1.63736
1.63651
1.63561
1.63468
1.6337
1.63269
1.63165
1.63057
1.62946
1.62832
1.62715
1.62595
1.62472
1.62346
1.62217
1.62086
1.61953
1.61817
1.61678
1.61537
1.61393
1.61248
1.61099
1.60949
1.60797
1.60642
1.60485
1.60326
1.60165
1.60001
1.59836
1.59668
1.59498
1.59326
1.59153
1.58977
1.58799
1.58619
1.58438
1.58254
1.58069
1.57882
1.57694
1.57504
1.57313
1.5712
1.56927
1.56732
1.56537
1.56341
1.56145
1.55948
1.55752
1.55555
1.55359
1.55163
1.54969
1.54775
1.54582
1.54391
1.54202
1.54015
1.5383
1.53648
1.53468
1.53292
1.53118
1.52948
1.52781
1.52618
1.5246
1.52305
1.52155
1.52009
1.51868
1.51732
1.516
1.51474
1.51353
1.51237
1.51126
1.5102
1.5092
1.50825
1.50734
1.50649
1.50569
1.50495
1.50424
1.50359
1.50298
1.50242
1.5019
1.50142
1.50098
1.50059
1.50023
1.4999
1.49961
1.49936
1.49913
1.49894
1.49877
1.49864
1.49853
1.49845
1.49839
1.49836
1.49835
1.49837
1.49841
1.49847
1.49856
1.49867
1.49881
1.49897
1.49916
1.49937
1.49961
1.49988
1.50017
1.5005
1.50085
1.50124
1.50166
1.50212
1.50261
1.50314
1.50372
1.50433
1.50498
1.50568
1.50642
1.50721
1.50804
1.50893
1.50986
1.51084
1.51188
1.51297
1.51411
1.5153
1.51654
1.51784
1.5192
1.52061
1.52207
1.52358
1.52515
1.52677
1.52844
1.53017
1.53194
1.53376
1.53563
1.53755
1.53951
1.54152
1.54356
1.54565
1.54777
1.54994
1.55213
1.55436
1.55662
1.5589
1.56121
1.56355
1.56591
1.56829
1.57068
1.5731
1.57552
1.57797
1.58042
1.58288
1.58534
1.58781
1.59028
1.59276
1.59523
1.5977
1.60017
1.60263
1.60508
1.60753
1.60997
1.6124
1.61482
1.61722
1.61961
1.62198
1.62434
1.62669
1.62902
1.63133
1.63362
1.6359
1.63815
1.64039
1.64261
1.64481
1.64699
1.64916
1.6513
1.65342
1.65552
1.65761
1.65967
1.66172
1.66375
1.66575
1.66775
1.66972
1.67167
1.67361
1.67553
1.67743
1.67932
1.68119
1.68305
1.68489
1.68672
1.68853
1.69033
1.69211
1.69389
1.69565
1.69739
1.69913
1.70086
1.70257
1.70427
1.70597
1.70765
1.70933
1.711
1.71266
1.71431
1.71595
1.71758
1.71921
1.72083
1.72244
1.72404
1.72564
1.72723
1.72881
1.73039
1.73196
1.73352
1.73508
1.73663
1.73816
1.7397
1.74122
1.74273
1.74423
1.74572
1.7472
1.74866
1.75012
1.75156
1.75298
1.75439
1.75578
1.75715
1.7585
1.75984
1.76115
1.76244
1.76371
1.76495
1.76617
1.76736
1.76852
1.76965
1.77075
1.77182
1.77285
1.77385
1.77481
1.77572
1.7766
1.77744
1.77824
1.77899
1.77969
1.78035
1.78096
1.78152
1.78203
1.78248
1.78289
1.78323
1.78352
1.78376
1.78393
1.78405
1.78411
1.7841
1.78403
1.7839
1.78371
1.78346
1.78314
1.78275
1.7823
1.78179
1.78121
1.78056
1.77985
1.77907
1.77823
1.77733
1.77636
1.77533
1.77423
1.77307
1.77185
1.77057
1.76923
1.76783
1.76638
1.76487
1.7633
1.76167
1.76
1.75827
1.75649
1.75467
1.7528
1.75088
1.74892
1.74692
1.74489
1.74281
1.7407
1.73856
1.73639
1.73419
1.73196
1.72971
1.72744
1.72514
1.72284
1.72051
1.71818
1.71583
1.71348
1.71112
1.70875
1.70639
1.70403
1.70167
1.69932
1.69697
1.69464
1.69232
1.69001
1.68772
1.68545
1.68319
1.68096
1.67876
1.67658
1.67443
1.6723
1.67021
1.66815
1.66612
1.66413
1.66218
1.66026
1.65838
1.65654
1.65474
1.65298
1.65127
1.6496
1.64797
1.64639
1.64485
1.64335
1.6419
1.6405
1.63914
1.63783
1.63657
1.63535
1.63418
1.63305
1.63198
1.63094
1.62996
1.62902
1.62813
1.62728
1.62648
1.62572
1.625
1.62434
1.62371
1.62313
1.62259
1.6221
1.62164
1.62123
1.62087
1.62054
1.62026
1.62002
1.61982
1.61966
1.61954
1.61947
1.61944
1.61946
1.61952
1.61962
1.61977
1.61996
1.6202
1.62048
1.62081
1.62119
1.62162
1.6221
1.62263
1.62321
1.62384
1.62453
1.62527
1.62606
1.62691
1.62782
1.62879
1.62981
1.6309
1.63205
1.63326
1.63453
1.63586
1.63727
1.63873
1.64026
1.64186
1.64353
1.64526
1.64706
1.64893
1.65087
1.65287
1.65494
1.65708
1.65928
1.66155
1.66389
1.66629
1.66875
1.67128
1.67387
1.67651
1.67921
1.68197
1.68478
1.68764
1.69055
1.69351
1.69651
1.69955
1.70263
1.70575
1.70889
1.71207
1.71526
1.71849
1.72172
1.72497
1.72824
1.73151
1.73478
1.73805
1.74132
1.74458
1.74782
1.75106
1.75427
1.75745
1.76061
1.76374
1.76683
1.76989
1.7729
1.77586
1.77878
1.78164
1.78445
1.78719
1.78988
1.7925
1.79505
1.79752
1.79993
1.80226
1.80451
1.80668
1.80877
1.81077
1.81268
1.81451
1.81625
1.81789
1.81945
1.82091
1.82227
1.82354
1.82472
1.8258
1.82678
1.82766
1.82844
1.82913
1.82972
1.83021
1.8306
1.8309
1.8311
1.8312
1.83121
1.83112
1.83094
1.83066
1.83029
1.82982
1.82927
1.82862
1.82789
1.82707
1.82616
1.82516
1.82408
1.82292
1.82167
1.82034
1.81894
1.81746
1.8159
1.81427
1.81256
1.81078
1.80894
1.80702
1.80504
1.803
1.80089
1.79872
1.79649
1.7942
1.79185
1.78945
1.787
1.7845
1.78195
1.77936
1.77672
1.77404
1.77132
1.76856
1.76577
1.76295
1.76009
1.75721
1.7543
1.75136
1.74841
1.74543
1.74244
1.73944
1.73643
1.7334
1.73037
1.72734
1.7243
1.72127
1.71823
1.7152
1.71218
1.70917
1.70616
1.70317
1.7002
1.69724
1.6943
1.69138
1.68849
1.68562
1.68277
1.67996
1.67717
1.67441
1.67168
1.66899
1.66633
1.6637
1.66111
1.65855
1.65603
1.65355
1.6511
1.64869
1.64632
1.64399
1.64169
1.63944
1.63722
1.63503
1.63288
1.63077
1.62869
1.62665
1.62463
1.62265
1.6207
1.61878
1.61689
1.61502
1.61318
1.61136
1.60957
1.6078
1.60605
1.60431
1.6026
1.6009
1.59921
1.59754
1.59587
1.59422
1.59258
1.59094
1.58931
1.58768
1.58606
1.58444
1.58282
1.58121
1.57959
1.57797
1.57635
1.57473
1.57311
1.57148
1.56986
1.56823
1.56659
1.56496
1.56332
1.56168
1.56005
1.55841
1.55677
1.55513
1.5535
1.55186
1.55024
1.54862
1.54701
1.54541
1.54382
1.54224
1.54068
1.53914
1.53762
1.53611
1.53464
1.53319
1.53177
1.53039
1.52903
1.52772
1.52645
1.52522
1.52405
1.52292
1.52184
1.52083
1.51987
1.51897
1.51814
1.51739
1.5167
1.51609
1.51556
1.51511
1.51474
1.51446
1.51427
1.51417
1.51417
1.51426
1.51444
1.51473
1.51511
1.5156
1.51619
1.51688
1.51767
1.51857
1.51956
1.52066
1.52187
1.52317
1.52456
1.52606
1.52765
1.52932
1.53109
1.53295
1.53489
1.5369
1.539
1.54116
1.5434
1.5457
1.54806
1.55047
1.55294
1.55545
1.55801
1.56061
1.56323
1.56589
1.56857
1.57127
1.57398
1.5767
1.57942
1.58215
1.58487
1.58758
1.59028
1.59296
1.59562
1.59826
1.60087
1.60344
1.60598
1.60848
1.61094
1.61336
1.61574
1.61806
1.62033
1.62255
1.62472
1.62683
1.62888
1.63087
1.6328
1.63468
1.63649
1.63824
1.63993
1.64156
1.64313
1.64464
1.64608
1.64746
1.64879
1.65005
1.65126
1.6524
1.65349
1.65452
1.6555
1.65643
1.6573
1.65813
1.6589
1.65962
1.6603
1.66093
1.66152
1.66207
1.66258
1.66305
1.66348
1.66388
1.66424
1.66458
1.66488
1.66515
1.6654
1.66563
1.66583
1.66601
1.66617
1.66631
1.66643
1.66654
1.66664
1.66672
1.66679
1.66685
1.6669
1.66694
1.66698
1.66701
1.66704
1.66706
1.66708
1.6671
1.66712
1.66714
1.66716
1.66717
1.66719
1.66721
1.66723
1.66726
1.66728
1.66731
1.66734
1.66737
1.66741
1.66745
1.66749
1.66753
1.66758
1.66762
1.66767
1.66772
1.66776
1.66781
1.66785
1.66789
1.66794
1.66797
1.66801
1.66804
1.66807
1.66809
1.66811
1.66811
1.66812
1.66811
1.66809
1.66807
1.66803
1.66798
1.66792
1.66785
1.66776
1.66765
1.66753
1.66739
1.66724
1.66706
1.66687
1.66665
1.66642
1.66616
1.66588
1.66558
1.66525
1.66489
1.66452
1.66411
1.66368
1.66322
1.66273
1.66221
1.66166
1.66109
1.66048
1.65983
1.65916
1.65845
1.65771
1.65693
1.65612
1.65527
1.65439
1.65347
1.65251
1.65152
1.65049
1.64942
1.64831
1.64717
1.64598
1.64476
1.64349
1.64219
1.64085
1.63947
1.63805
1.63659
1.63509
1.63355
1.63198
1.63037
1.62872
1.62704
1.62532
1.62358
1.6218
1.61999
1.61815
1.61629
1.6144
1.6125
1.61057
1.60863
1.60668
1.60472
1.60275
1.60077
1.5988
1.59684
1.59489
1.59295
1.59103
1.58913
1.58726
1.58543
1.58363
1.58188
1.58019
1.57855
1.57697
1.57546
1.57402
1.57267
1.5714
1.57022
1.56913
1.56815
1.56727
1.5665
1.56585
1.56532
1.56491
1.56463
1.56447
1.56444
1.56454
1.56478
1.56515
1.56565
1.56629
1.56705
1.56794
1.56896
1.57011
1.57138
1.57276
1.57425
1.57586
1.57756
1.57937
1.58127
1.58325
1.58532
1.58746
1.58967
1.59194
1.59427
1.59665
1.59908
1.60154
1.60404
1.60657
1.60912
1.61169
1.61427
1.61687
1.61947
1.62208
1.62468
1.62729
1.62988
1.63247
1.63505
1.63761
1.64016
1.6427
1.64522
1.64773
1.65021
1.65268
1.65514
1.65757
1.65999
1.66239
1.66477
1.66713
1.66947
1.67179
1.6741
1.67638
1.67864
1.68089
1.68311
1.68532
1.6875
1.68966
1.6918
1.69391
1.696
1.69806
1.7001
1.70211
1.70409
1.70604
1.70795
1.70983
1.71167
1.71348
1.71525
1.71697
1.71865
1.72028
1.72186
1.72339
1.72487
1.7263
1.72767
1.72898
1.73023
1.73141
1.73254
1.7336
1.73459
1.73551
1.73636
1.73715
1.73786
1.7385
1.73906
1.73955
1.73996
1.74029
1.74055
1.74073
1.74083
1.74085
1.74079
1.74066
1.74045
1.74016
1.7398
1.73936
1.73884
1.73825
1.73759
1.73685
1.73605
1.73517
1.73423
1.73323
1.73216
1.73102
1.72983
1.72858
1.72727
1.72591
1.7245
1.72304
1.72154
1.72
1.71841
1.71679
1.71514
1.71345
1.71174
1.71001
1.70825
1.70647
1.70469
1.70289
1.70108
1.69927
1.69746
1.69565
1.69384
1.69205
1.69027
1.6885
1.68675
1.68503
1.68333
1.68165
1.68001
1.6784
1.67682
1.67528
1.67379
1.67233
1.67092
1.66956
1.66825
1.667
1.66579
1.66464
1.66355
1.66251
1.66153
1.66061
1.65975
1.65895
1.65821
1.65753
1.65692
1.65636
1.65587
1.65543
1.65506
1.65475
1.65449
1.65429
1.65414
1.65405
1.65402
1.65403
1.65409
1.6542
1.65436
1.65455
1.65479
1.65507
1.65538
1.65572
1.65609
1.6565
1.65692
1.65737
1.65785
1.65834
1.65885
1.65937
1.6599
1.66044
1.66099
1.66155
1.66211
1.66267
1.66323
1.66379
1.66434
1.6649
1.66545
1.66599
1.66653
1.66707
1.66759
1.66811
1.66863
1.66914
1.66964
1.67014
1.67063
1.67111
1.6716
1.67208
1.67255
1.67303
1.6735
1.67398
1.67445
1.67493
1.67541
1.67589
1.67637
1.67686
1.67736
1.67786
1.67836
1.67887
1.67939
1.67991
1.68044
1.68098
1.68152
1.68207
1.68262
1.68318
1.68374
1.6843
1.68486
1.68542
1.68598
1.68654
1.68709
1.68764
1.68818
1.68871
1.68923
1.68974
1.69023
1.69071
1.69116
1.6916
1.69201
1.69239
1.69275
1.69308
1.69338
1.69365
1.69389
1.69409
1.69425
1.69438
1.69446
1.69451
1.69451
1.69447
1.69439
1.69427
1.6941
1.69388
1.69363
1.69332
1.69297
1.69258
1.69214
1.69166
1.69113
1.69056
1.68995
1.6893
1.6886
1.68787
1.68709
1.68628
1.68544
1.68455
1.68363
1.68268
1.68169
1.68068
1.67964
1.67856
1.67747
1.67635
1.6752
1.67403
1.67284
1.67163
1.6704
1.66915
1.66788
1.6666
1.66531
1.66401
1.66269
1.66137
1.66004
1.6587
1.65735
1.656
1.65465
1.65329
1.65193
1.65058
1.64922
1.64787
1.64653
1.64519
1.64385
1.64253
1.64122
1.63992
1.63864
1.63738
1.63613
1.6349
1.63369
1.63251
1.63135
1.63022
1.62911
1.62803
1.62699
1.62598
1.625
1.62406
1.62315
1.62229
1.62146
1.62068
1.61994
1.61925
1.6186
1.618
1.61744
1.61693
1.61647
1.61606
1.6157
1.61539
1.61513
1.61492
1.61476
1.61464
1.61458
1.61456
1.61459
1.61467
1.6148
1.61497
1.61519
1.61545
1.61575
1.6161
1.61649
1.61691
1.61738
1.61788
1.61842
1.61899
1.6196
1.62024
1.62091
1.62161
1.62234
1.6231
1.62388
1.62469
1.62552
1.62638
1.62725
1.62815
1.62906
1.62999
1.63094
1.6319
1.63288
1.63387
1.63487
1.63588
1.6369
1.63792
1.63895
1.63999
1.64102
1.64206
1.6431
1.64413
1.64516
1.64618
1.6472
1.6482
1.64919
1.65016
1.65112
1.65206
1.65298
1.65387
1.65474
1.65558
1.65639
1.65716
1.65791
1.65862
1.65929
1.65992
1.6605
1.66105
1.66155
1.662
1.6624
1.66276
1.66306
1.66331
1.66351
1.66365
1.66373
1.66376
1.66374
1.66365
1.66351
1.66332
1.66306
1.66275
1.66237
1.66194
1.66146
1.66092
1.66032
1.65967
1.65896
1.6582
1.65738
1.65651
1.6556
1.65463
1.65361
1.65254
1.65143
1.65028
1.64908
1.64784
1.64656
1.64525
1.64389
1.6425
1.64108
1.63963
1.63815
1.63664
1.63511
1.63355
1.63197
1.63038
1.62876
1.62714
1.62549
1.62384
1.62218
1.62052
1.61884
1.61717
1.61549
1.61381
1.61213
1.61046
1.6088
1.60714
1.60549
1.60385
1.60222
1.60061
1.59901
1.59742
1.59586
1.59431
1.59278
1.59127
1.58978
1.58832
1.58687
1.58546
1.58406
1.58269
1.58135
1.58003
1.57874
1.57748
1.57624
1.57504
1.57386
1.57271
1.57159
1.57049
1.56943
1.5684
1.5674
1.56642
1.56548
1.56457
1.56368
1.56283
1.56201
1.56122
1.56046
1.55973
1.55903
1.55837
1.55773
1.55712
1.55655
1.556
1.55548
1.555
1.55454
1.55411
1.5537
1.55333
1.55297
1.55265
1.55234
1.55206
1.55179
1.55155
1.55132
1.55111
1.55092
1.55074
1.55056
1.5504
1.55024
1.55009
1.54994
1.5498
1.54965
1.5495
1.54934
1.54917
1.54899
1.5488
1.5486
1.54837
1.54813
1.54786
1.54757
1.54725
1.5469
1.54652
1.54611
1.54566
1.54518
1.54465
1.54409
1.54348
1.54282
1.54212
1.54137
1.54058
1.53973
1.53883
1.53788
1.53687
1.53581
1.53469
1.53352
1.53229
1.531
1.52966
1.52826
1.5268
1.52529
1.52372
1.52209
1.52041
1.51868
1.51689
1.51506
1.51317
1.51123
1.50925
1.50723
1.50516
1.50305
1.50091
1.49873
1.49652
1.49429
1.49203
1.48975
1.48745
1.48514
1.48282
1.48049
1.47817
1.47585
1.47354
1.47124
1.46896
1.46671
1.46448
1.46229
1.46013
1.45802
1.45596
1.45396
1.45201
1.45013
1.44832
1.44658
1.44492
1.44334
1.44185
1.44045
1.43915
1.43795
1.43686
1.43587
1.435
1.43425
1.43361
1.4331
1.43271
1.43245
1.43232
1.43232
1.43245
1.43273
1.43314
1.43369
1.43437
1.4352
1.43617
1.43728
1.43852
1.43991
1.44144
1.4431
1.44491
1.44685
1.44892
1.45113
1.45347
1.45594
1.45853
1.46125
1.46409
1.46705
1.47013
1.47332
1.47662
1.48003
1.48354
1.48715
1.49085
1.49465
1.49854
1.5025
1.50655
1.51067
1.51487
1.51913
1.52345
1.52782
1.53225
1.53673
1.54125
1.54581
1.5504
1.55502
1.55966
1.56432
1.569
1.57369
1.57838
1.58307
1.58775
1.59242
1.59708
1.60172
1.60633
1.61092
1.61547
1.61998
1.62445
1.62887
1.63324
1.63756
1.64182
1.64601
1.65013
1.65419
1.65817
1.66207
1.66589
1.66962
1.67326
1.67682
1.68028
1.68364
1.6869
1.69007
1.69313
1.69608
1.69892
1.70166
1.70428
1.70679
1.70919
1.71147
1.71364
1.71569
1.71763
1.71945
1.72115
1.72274
1.72421
1.72557
1.72681
1.72794
1.72895
1.72986
1.73066
1.73134
1.73193
1.73241
1.73279
1.73307
1.73325
1.73334
1.73334
1.73325
1.73308
1.73282
1.73249
1.73208
1.73161
1.73106
1.73046
1.72979
1.72908
1.72831
1.72749
1.72664
1.72574
1.72481
1.72385
1.72287
1.72186
1.72084
1.7198
1.71875
1.71769
1.71663
1.71557
1.7145
1.71345
1.71239
1.71135
1.71032
1.7093
1.7083
1.70731
1.70634
1.70539
1.70445
1.70353
1.70264
1.70176
1.70089
1.70005
1.69922
1.69841
1.69762
1.69684
1.69607
1.69532
1.69458
1.69385
1.69312
1.6924
1.69168
1.69097
1.69026
1.68955
1.68884
1.68812
1.6874
1.68668
1.68594
1.6852
1.68445
1.68369
1.68292
1.68214
1.68134
1.68053
1.67971
1.67888
1.67803
1.67717
1.67629
1.67541
1.67451
1.67359
1.67267
1.67174
1.67079
1.66984
1.66888
1.66791
1.66694
1.66597
1.66499
1.66401
1.66303
1.66206
1.66109
1.66013
1.65917
1.65822
1.65729
1.65637
1.65546
1.65457
1.6537
1.65286
1.65203
1.65123
1.65046
1.64972
1.64901
1.64833
1.64769
1.64708
1.64651
1.64598
1.6455
1.64505
1.64465
1.6443
1.644
1.64374
1.64354
1.64338
1.64328
1.64324
1.64325
1.64331
1.64343
1.64361
1.64384
1.64414
1.64449
1.6449
1.64537
1.6459
1.64649
1.64714
1.64785
1.64862
1.64945
1.65034
1.65128
1.65229
1.65336
1.65448
1.65567
1.65691
1.65821
1.65957
1.66099
1.66247
1.664
1.6656
1.66725
1.66895
1.67071
1.67253
1.6744
1.67633
1.67832
1.68036
1.68245
1.6846
1.6868
1.68906
1.69137
1.69373
1.69615
1.69861
1.70113
1.7037
1.70632
1.70898
1.71168
1.71443
1.71723
1.72006
1.72293
1.72584
1.72878
1.73174
1.73474
1.73776
1.74081
1.74387
1.74694
1.75002
1.75311
1.7562
1.75929
1.76238
1.76545
1.76851
1.77155
1.77456
1.77754
1.7805
1.78341
1.78628
1.7891
1.79188
1.79459
1.79725
1.79984
1.80237
1.80482
1.8072
1.8095
1.81172
1.81385
1.81589
1.81784
1.8197
1.82146
1.82312
1.82468
1.82613
1.82748
1.82873
1.82987
1.8309
1.83183
1.83264
1.83335
1.83395
1.83444
1.83482
1.83509
1.83525
1.83531
1.83526
1.8351
1.83484
1.83448
1.83401
1.83345
1.83279
1.83203
1.83117
1.83022
1.82918
1.82805
1.82683
1.82552
1.82412
1.82265
1.82109
1.81945
1.81773
1.81594
1.81407
1.81213
1.81011
1.80803
1.80588
1.80365
1.80137
1.79901
1.7966
1.79412
1.79158
1.78898
1.78632
1.7836
1.78083
1.77801
1.77513
1.77219
1.76921
1.76617
1.76308
1.75995
1.75676
1.75353
1.75025
1.74693
1.74357
1.74016
1.73671
1.73322
1.72969
1.72612
1.72251
1.71887
1.71519
1.71148
1.70774
1.70397
1.70017
1.69634
1.69249
1.68861
1.68471
1.68079
1.67686
1.6729
1.66893
1.66495
1.66096
1.65696
1.65295
1.64894
1.64493
1.64092
1.63691
1.6329
1.62891
1.62492
1.62094
1.61697
1.61302
1.60909
1.60518
1.6013
1.59744
1.59361
1.58982
1.58605
1.58233
1.57864
1.57499
1.57139
1.56784
1.56433
1.56088
1.55749
1.55415
1.55088
1.54767
1.54453
1.54145
1.53846
1.53553
1.53269
1.52992
1.52724
1.52465
1.52215
1.51974
1.51743
1.51522
1.5131
1.5111
1.50919
1.5074
1.50572
1.50415
1.5027
1.50137
1.50016
1.49907
1.49811
1.49727
1.49656
1.49598
1.49552
1.4952
1.49501
1.49494
1.49501
1.49521
1.49555
1.49601
1.4966
1.49732
1.49817
1.49914
1.50024
1.50146
1.5028
1.50426
1.50583
1.50752
1.50931
1.51121
1.51321
1.51531
1.51751
1.5198
1.52218
1.52464
1.52717
1.52978
1.53247
1.53521
1.53802
1.54088
1.54379
1.54675
1.54974
1.55278
1.55584
1.55893
1.56203
1.56515
1.56828
1.57141
1.57454
1.57766
1.58077
1.58386
1.58694
1.58998
1.59299
1.59597
1.59891
1.6018
1.60464
1.60744
1.61017
1.61285
1.61546
1.61801
1.62048
1.62289
1.62522
1.62748
1.62966
1.63176
1.63379
1.63573
1.63759
1.63937
1.64108
1.6427
1.64424
1.6457
1.64709
1.6484
1.64964
1.65081
1.65191
1.65294
1.6539
1.65481
1.65566
1.65645
1.65718
1.65787
1.65852
1.65912
1.65967
1.6602
1.66068
1.66114
1.66157
1.66198
1.66236
1.66272
1.66307
1.6634
1.66372
1.66403
1.66433
1.66462
1.66491
1.6652
1.66548
1.66576
1.66603
1.66631
1.66659
1.66686
1.66714
1.66742
1.6677
1.66797
1.66825
1.66853
1.6688
1.66907
1.66934
1.66961
1.66986
1.67012
1.67036
1.6706
1.67082
1.67104
1.67124
1.67143
1.6716
1.67176
1.6719
1.67202
1.67213
1.67222
1.67228
1.67233
1.67235
1.67235
1.67232
1.67228
1.6722
1.6721
1.67198
1.67183
1.67165
1.67145
1.67123
1.67097
1.67069
1.67038
1.67005
1.66969
1.6693
1.66888
1.66844
1.66797
1.66748
1.66695
1.66641
1.66583
1.66523
1.66461
1.66396
1.66329
1.66259
1.66186
1.66111
1.66034
1.65954
1.65872
1.65787
1.657
1.6561
1.65518
1.65423
1.65326
1.65226
1.65125
1.6502
1.64914
1.64805
1.64694
1.64581
1.64466
1.64349
1.6423
1.64109
1.63986
1.63862
1.63736
1.63609
1.63481
1.63352
1.63223
1.63093
1.62962
1.62832
1.62701
1.62572
1.62443
1.62315
1.62189
1.62064
1.61942
1.61822
1.61704
1.6159
1.61479
1.61372
1.61269
1.61171
1.61077
1.60988
1.60904
1.60826
1.60754
1.60688
1.60628
1.60574
1.60527
1.60486
1.60453
1.60425
1.60405
1.60391
1.60384
1.60384
1.6039
1.60403
1.60422
1.60446
1.60477
1.60513
1.60554
1.60601
1.60652
1.60707
1.60767
1.6083
1.60896
1.60966
1.61038
1.61113
1.6119
1.61268
1.61348
1.61429
1.61511
1.61593
1.61675
1.61758
1.6184
1.61921
1.62003
1.62083
1.62163
1.62241
1.62319
1.62395
1.62471
1.62545
1.62618
1.62689
1.6276
1.62829
1.62897
1.62964
1.6303
1.63095
1.6316
1.63223
1.63286
1.63348
1.6341
1.63472
1.63533
1.63594
1.63654
1.63715
1.63776
1.63836
1.63897
1.63958
1.64019
1.64081
1.64142
1.64204
1.64266
1.64328
1.6439
1.64452
1.64514
1.64576
1.64638
1.647
1.64762
1.64823
1.64884
1.64944
1.65003
1.65062
1.65119
1.65176
1.65231
1.65285
1.65337
1.65388
1.65438
1.65485
1.65531
1.65574
1.65616
1.65655
1.65692
1.65727
1.65759
1.65788
1.65815
1.65839
1.6586
1.65879
1.65895
1.65907
1.65917
1.65924
1.65928
1.65929
1.65927
1.65922
1.65914
1.65904
1.6589
1.65873
1.65854
1.65832
1.65807
1.65779
1.65748
1.65716
1.6568
1.65643
1.65602
1.6556
1.65516
1.65469
1.6542
1.65369
1.65316
1.65261
1.65204
1.65146
1.65085
1.65023
1.6496
1.64894
1.64827
1.64759
1.64689
1.64617
1.64544
1.64469
1.64393
1.64316
1.64237
1.64156
1.64074
1.6399
1.63904
1.63816
1.63727
1.63635
1.63541
1.63445
1.63347
1.63246
1.63143
1.63037
1.62928
1.62816
1.627
1.62582
1.6246
1.62334
1.62205
1.62071
1.61934
1.61792
1.61646
1.61495
1.61339
1.61178
1.61013
1.60842
1.60666
1.60485
1.60299
1.60107
1.59909
1.59706
1.59498
1.59284
1.59065
1.58841
1.58611
1.58377
1.58137
1.57893
1.57644
1.57391
1.57133
1.56872
1.56608
1.56341
1.56071
1.55799
1.55525
1.5525
1.54974
1.54698
1.54422
1.54148
1.53874
1.53603
1.53335
1.5307
1.5281
1.52553
1.52303
1.52058
1.5182
1.51588
1.51365
1.5115
1.50943
1.50745
1.50557
1.5038
1.50212
1.50055
1.49909
1.49773
1.49649
1.49536
1.49435
1.49345
1.49266
1.49198
1.49141
1.49095
1.49059
1.49034
1.49019
1.49014
1.49017
1.4903
1.49052
1.49082
1.49119
1.49164
1.49217
1.49276
1.49341
1.49412
1.49489
1.49571
1.49659
1.49751
1.49847
1.49947
1.50052
1.5016
1.50271
1.50386
1.50503
1.50624
1.50748
1.50874
1.51003
1.51134
1.51267
1.51403
1.51542
1.51682
1.51825
1.51969
1.52116
1.52264
1.52415
1.52567
1.52722
1.52878
1.53035
1.53195
1.53355
1.53518
1.53681
1.53846
1.54012
1.54179
1.54347
1.54516
1.54685
1.54854
1.55024
1.55193
1.55363
1.55531
1.55699
1.55865
1.56031
1.56194
1.56355
1.56515
1.56671
1.56825
1.56975
1.57121
1.57264
1.57402
1.57535
1.57663
1.57786
1.57903
1.58014
1.58118
1.58216
1.58306
1.58389
1.58464
1.5853
1.58589
1.58639
1.5868
1.58711
1.58734
1.58747
1.58751
1.58745
1.5873
1.58704
1.58669
1.58624
1.5857
1.58506
1.58432
1.5835
1.58258
1.58157
1.58049
1.57932
1.57807
1.57675
1.57537
1.57392
1.57242
1.57087
1.56928
1.56766
1.566
1.56433
1.56264
1.56095
1.55927
1.55759
1.55594
1.55431
1.55273
1.55118
1.54969
1.54826
1.54689
1.5456
1.54438
1.54324
1.54219
1.54124
1.54037
1.5396
1.53892
1.53835
1.53787
1.53749
1.5372
1.537
1.5369
1.53687
1.53693
1.53707
1.53727
1.53753
1.53785
1.53822
1.53864
1.53908
1.53956
1.54005
1.54056
1.54108
1.54159
1.5421
1.54259
1.54307
1.54352
1.54393
1.54431
1.54465
1.54494
1.54517
1.54536
1.54548
1.54555
1.54555
1.54549
1.54536
1.54516
1.5449
1.54456
1.54415
1.54368
1.54313
1.54252
1.54183
1.54108
1.54027
1.53938
1.53843
1.53742
1.53635
1.53522
1.53403
1.53279
1.53149
1.53014
1.52874
1.52728
1.52579
1.52424
1.52265
1.52102
1.51935
1.51763
1.51588
1.51409
1.51226
1.5104
1.50851
1.50658
1.50462
1.50263
1.5006
1.49855
1.49647
1.49436
1.49222
1.49006
1.48787
1.48565
1.48341
1.48114
1.47885
1.47653
1.4742
1.47183
1.46945
1.46704
1.46461
1.46216
1.45969
1.45721
1.4547
1.45218
1.44964
1.44709
1.44453
1.44195
1.43937
1.43678
1.43418
1.43157
1.42896
1.42635
1.42374
1.42114
1.41854
1.41595
1.41337
1.4108
1.40824
1.40571
1.40319
1.40069
1.39822
1.39577
1.39336
1.39097
1.38862
1.3863
1.38402
1.38178
1.37958
1.37742
1.37531
1.37324
1.37122
1.36926
1.36734
1.36547
1.36366
1.3619
1.36019
1.35854
1.35695
1.35542
1.35394
1.35252
1.35116
1.34986
1.34863
1.34745
1.34633
1.34528
1.34429
1.34336
1.3425
1.3417
1.34097
1.3403
1.3397
1.33917
1.3387
1.3383
1.33797
1.33772
1.33753
1.33741
1.33737
1.3374
1.3375
1.33767
1.33793
1.33825
1.33865
1.33913
1.33969
1.34032
1.34104
1.34182
1.34269
1.34364
1.34466
1.34576
1.34693
1.34818
1.34951
1.35091
1.35239
1.35393
1.35555
1.35723
1.35898
1.36079
1.36267
1.36461
1.36661
1.36866
1.37077
1.37293
1.37513
1.37739
1.37968
1.38202
1.38439
1.3868
1.38924
1.39171
1.39421
1.39672
1.39926
1.40181
1.40438
1.40695
1.40954
1.41212
1.41471
1.4173
1.41989
1.42247
1.42503
1.42759
1.43013
1.43265
1.43515
1.43763
1.44009
1.44251
1.44491
1.44727
1.4496
1.4519
1.45415
1.45637
1.45854
1.46067
1.46275
1.46479
1.46678
1.46872
1.4706
1.47244
1.47421
1.47594
1.4776
1.47921
1.48077
1.48226
1.48369
1.48506
1.48637
1.48762
1.48881
1.48993
1.491
1.492
1.49294
1.49381
1.49463
1.49538
1.49607
1.4967
1.49727
1.49777
1.49822
1.49861
1.49894
1.49921
1.49943
1.49958
1.49969
1.49973
1.49973
1.49967
1.49955
1.49939
1.49918
1.49891
1.4986
1.49825
1.49785
1.4974
1.49692
1.49639
1.49583
1.49522
1.49458
1.49391
1.4932
1.49246
1.49168
1.49088
1.49005
1.4892
1.48833
1.48743
1.48651
1.48558
1.48463
1.48366
1.48269
1.48171
1.48072
1.47973
1.47873
1.47774
1.47675
1.47577
1.47479
1.47383
1.47288
1.47195
1.47104
1.47014
1.46928
1.46844
1.46763
1.46686
1.46612
1.46542
1.46476
1.46415
1.46358
1.46307
1.46261
1.4622
1.46185
1.46156
1.46133
1.46116
1.46106
1.46103
1.46107
1.46118
1.46136
1.46162
1.46195
1.46235
1.46283
1.46339
1.46402
1.46473
1.46551
1.46637
1.46731
1.46831
1.46939
1.47054
1.47176
1.47305
1.47439
1.4758
1.47727
1.4788
1.48038
1.48201
1.48369
1.48541
1.48717
1.48897
1.4908
1.49267
1.49456
1.49647
1.4984
1.50035
1.50231
1.50427
1.50624
1.50821
1.51018
1.51214
1.51409
1.51603
1.51796
1.51987
1.52176
1.52363
1.52547
1.52729
1.52908
1.53084
1.53258
1.53428
1.53595
1.53759
1.5392
1.54077
1.54232
1.54383
1.54532
1.54677
1.5482
1.5496
1.55098
1.55233
1.55366
1.55497
1.55626
1.55754
1.55881
1.56006
1.56131
1.56255
1.56378
1.56502
1.56625
1.56749
1.56873
1.56998
1.57124
1.5725
1.57378
1.57506
1.57636
1.57768
1.579
1.58034
1.5817
1.58307
1.58445
1.58585
1.58725
1.58867
1.59009
1.59152
1.59296
1.5944
1.59583
1.59727
1.59871
1.60013
1.60155
1.60296
1.60436
1.60573
1.60709
1.60842
1.60973
1.61102
1.61227
1.61349
1.61468
1.61583
1.61694
1.61801
1.61904
1.62002
1.62096
1.62185
1.6227
1.6235
1.62425
1.62495
1.6256
1.62619
1.62674
1.62723
1.62767
1.62806
1.6284
1.62869
1.62892
1.62911
1.62924
1.62933
1.62936
1.62935
1.6293
1.62919
1.62904
1.62885
1.62862
1.62834
1.62802
1.62767
1.62727
1.62684
1.62638
1.62588
1.62534
1.62478
1.62418
1.62356
1.62291
1.62223
1.62153
1.62081
1.62007
1.6193
1.61852
1.61771
1.61689
1.61606
1.6152
1.61434
1.61346
1.61257
1.61166
1.61075
1.60983
1.6089
1.60796
1.60702
1.60606
1.60511
1.60415
1.60319
1.60222
1.60125
1.60028
1.59931
1.59834
1.59736
1.59639
1.59541
1.59444
1.59347
1.5925
1.59154
1.59057
1.58961
1.58864
1.58768
1.58673
1.58577
1.58482
1.58387
1.58293
1.58199
1.58105
1.58011
1.57918
1.57825
1.57733
1.57641
1.5755
1.57459
1.57368
1.57279
1.5719
1.57101
1.57014
1.56927
1.56841
1.56756
1.56671
1.56588
1.56506
1.56425
1.56346
1.56268
1.56191
1.56116
1.56043
1.55971
1.55902
1.55834
1.55769
1.55706
1.55646
1.55589
1.55534
1.55482
1.55434
1.55389
1.55347
1.55309
1.55274
1.55244
1.55218
1.55197
1.55179
1.55167
1.55159
1.55155
1.55157
1.55165
1.55177
1.55195
1.55219
1.55249
1.55284
1.55325
1.55372
1.55425
1.55485
1.5555
1.55622
1.557
1.55784
1.55875
1.55971
1.56074
1.56183
1.56299
1.5642
1.56547
1.56681
1.5682
1.56964
1.57115
1.5727
1.57432
1.57598
1.57769
1.57945
1.58125
1.58311
1.585
1.58693
1.5889
1.59091
1.59295
1.59503
1.59713
1.59926
1.60142
1.6036
1.6058
1.60801
1.61025
1.61249
1.61475
1.61701
1.61928
1.62155
1.62382
1.62609
1.62836
1.63061
1.63286
1.63509
1.6373
1.6395
1.64168
1.64383
1.64596
1.64805
1.65012
1.65215
1.65415
1.6561
1.65801
1.65988
1.6617
1.66348
1.6652
1.66687
1.66848
1.67004
1.67153
1.67297
1.67433
1.67564
1.67687
1.67803
1.67913
1.68015
1.68109
1.68197
1.68276
1.68348
1.68412
1.68468
1.68516
1.68556
1.68588
1.68612
1.68627
1.68635
1.68634
1.68625
1.68609
1.68584
1.68551
1.6851
1.68462
1.68405
1.68342
1.68271
1.68192
1.68107
1.68015
1.67916
1.67811
1.677
1.67583
1.6746
1.67332
1.67199
1.67062
1.6692
1.66774
1.66625
1.66473
1.66318
1.6616
1.66
1.65839
1.65676
1.65512
1.65348
1.65184
1.65021
1.64858
1.64696
1.64537
1.64379
1.64223
1.64071
1.63922
1.63777
1.63636
1.63499
1.63367
1.63241
1.6312
1.63005
1.62897
1.62795
1.627
1.62613
1.62533
1.6246
1.62396
1.6234
1.62292
1.62253
1.62223
1.62202
1.62189
1.62186
1.62192
1.62207
1.62231
1.62265
1.62308
1.62361
1.62422
1.62493
1.62573
1.62662
1.6276
1.62866
1.62981
1.63105
1.63237
1.63377
1.63524
1.6368
1.63842
1.64012
1.64189
1.64372
1.64561
1.64757
1.64958
1.65164
1.65375
1.65591
1.6581
1.66034
1.66262
1.66492
1.66725
1.66961
1.67199
1.67438
1.67678
1.6792
1.68162
1.68403
1.68645
1.68886
1.69125
1.69364
1.696
1.69835
1.70067
1.70295
1.70521
1.70743
1.70961
1.71175
1.71384
1.71588
1.71787
1.7198
1.72168
1.72349
1.72524
1.72693
1.72854
1.73009
1.73156
1.73295
1.73426
1.7355
1.73665
1.73772
1.73871
1.73961
1.74042
1.74114
1.74177
1.74231
1.74276
1.74312
1.74338
1.74355
1.74363
1.74361
1.74349
1.74329
1.74299
1.74259
1.74211
1.74153
1.74086
1.7401
1.73924
1.7383
1.73727
1.73616
1.73495
1.73367
1.7323
1.73085
1.72932
1.72771
1.72603
1.72427
1.72244
1.72054
1.71858
1.71655
1.71446
1.71231
1.71011
1.70785
1.70554
1.70319
1.70079
1.69835
1.69587
1.69335
1.69081
1.68824
1.68565
1.68304
1.68041
1.67777
1.67513
1.67248
1.66984
1.66721
1.66459
1.66199
1.65941
1.65686
1.65435
1.65187
1.64944
1.64706
1.64473
1.64247
1.64028
1.63816
1.63612
1.63417
1.63231
1.63055
1.62889
1.62734
1.62591
1.62459
1.62339
1.62233
1.6214
1.6206
1.61995
1.61944
1.61907
1.61886
1.61879
1.61888
1.61912
1.61951
1.62006
1.62076
1.62161
1.62261
1.62376
1.62505
1.62648
1.62805
1.62975
1.63157
1.63352
1.63558
1.63776
1.64003
1.6424
1.64486
1.6474
1.65002
1.6527
1.65545
1.65825
1.66109
1.66397
1.66687
1.6698
1.67275
1.67569
1.67864
1.68158
1.6845
1.6874
1.69028
1.69312
1.69592
1.69868
1.70139
1.70404
1.70663
1.70916
1.71162
1.71401
1.71632
1.71856
1.72072
1.72279
1.72477
1.72667
1.72847
1.73018
1.7318
1.73333
1.73475
1.73608
1.73732
1.73846
1.73949
1.74044
1.74128
1.74203
1.74267
1.74323
1.74368
1.74405
1.74431
1.74449
1.74457
1.74457
1.74447
1.74429
1.74402
1.74366
1.74322
1.7427
1.7421
1.74143
1.74067
1.73984
1.73893
1.73795
1.7369
1.73578
1.7346
1.73334
1.73202
1.73063
1.72918
1.72767
1.7261
1.72447
1.72278
1.72103
1.71922
1.71736
1.71544
1.71347
1.71144
1.70936
1.70723
1.70504
1.70281
1.70052
1.69817
1.69578
1.69334
1.69085
1.68831
1.68573
1.68309
1.68041
1.67769
1.67492
1.6721
1.66925
1.66635
1.6634
1.66042
1.6574
1.65434
1.65124
1.64811
1.64494
1.64174
1.63851
1.63525
1.63196
1.62865
1.62532
1.62196
1.61859
1.6152
1.6118
1.60838
1.60496
1.60153
1.59809
1.59466
1.59122
1.58779
1.58437
1.58095
1.57755
1.57416
1.57078
1.56743
1.56409
1.56078
1.5575
1.55425
1.55102
1.54783
1.54468
1.54157
1.5385
1.53547
1.53248
1.52955
1.52666
1.52382
1.52104
1.51831
1.51564
1.51302
1.51046
1.50797
1.50553
1.50316
1.50085
1.4986
1.49642
1.4943
1.49225
1.49027
1.48836
1.48651
1.48473
1.48302
1.48137
1.47979
1.47827
1.47683
1.47545
1.47413
1.47288
1.47169
1.47057
1.46951
1.46851
1.46757
1.4667
1.46588
1.46512
1.46442
1.46378
1.46319
1.46266
1.46218
1.46176
1.46139
1.46107
1.4608
1.46058
1.46041
1.46029
1.46022
1.46019
1.46022
1.46029
1.46041
1.46057
1.46078
1.46104
1.46135
1.4617
1.46209
1.46254
1.46303
1.46356
1.46415
1.46478
1.46546
1.46618
1.46696
1.46778
1.46866
1.46958
1.47055
1.47158
1.47265
1.47378
1.47496
1.47619
1.47748
1.47883
1.48022
1.48168
1.48318
1.48475
1.48637
1.48805
1.48978
1.49157
1.49342
1.49532
1.49728
1.4993
1.50138
1.5035
1.50569
1.50793
1.51022
1.51257
1.51497
1.51742
1.51992
1.52247
1.52506
1.52771
1.5304
1.53313
1.53591
1.53872
1.54158
1.54447
1.5474
1.55036
1.55335
1.55637
1.55942
1.56249
1.56558
1.5687
1.57183
1.57498
1.57815
1.58132
1.5845
1.58769
1.59088
1.59408
1.59727
1.60046
1.60364
1.60681
1.60998
1.61313
1.61627
1.61939
1.6225
1.62558
1.62864
1.63168
1.63469
1.63768
1.64064
1.64357
1.64647
1.64933
1.65217
1.65497
1.65773
1.66046
1.66315
1.6658
1.66841
1.67099
1.67353
1.67603
1.67849
1.68091
1.68329
1.68564
1.68794
1.69021
1.69244
1.69463
1.69678
1.6989
1.70098
1.70302
1.70503
1.707
1.70893
1.71083
1.71269
1.71452
1.71631
1.71807
1.7198
1.72149
1.72314
1.72476
1.72634
1.72789
1.7294
1.73087
1.7323
1.73369
1.73505
1.73636
1.73762
1.73885
1.74002
1.74115
1.74223
1.74326
1.74424
1.74517
1.74603
1.74685
1.7476
1.74829
1.74892
1.74948
1.74998
1.75042
1.75078
1.75107
1.75129
1.75143
1.7515
1.7515
1.75141
1.75125
1.75101
1.75069
1.75029
1.74981
1.74925
1.74861
1.74788
1.74708
1.74619
1.74523
1.74418
1.74306
1.74186
1.74058
1.73922
1.73779
1.73629
1.73472
1.73307
1.73135
1.72957
1.72772
1.72581
1.72383
1.7218
1.7197
1.71755
1.71535
1.7131
1.71079
1.70844
1.70605
1.70361
1.70114
1.69863
1.69608
1.69351
1.6909
1.68827
1.68561
1.68294
1.68025
1.67754
1.67482
1.67208
1.66935
1.66661
1.66386
1.66113
1.65839
1.65567
1.65295
1.65025
1.64757
1.64491
1.64227
1.63966
1.63707
1.63452
1.632
1.62952
1.62708
1.62468
1.62233
1.62003
1.61778
1.61558
1.61343
1.61135
1.60932
1.60736
1.60545
1.60362
1.60184
1.60014
1.5985
1.59693
1.59544
1.59401
1.59266
1.59137
1.59016
1.58903
1.58796
1.58697
1.58604
1.58519
1.58441
1.58371
1.58307
1.5825
1.582
1.58157
1.5812
1.58091
1.58068
1.58052
1.58042
1.58038
1.58041
1.58051
1.58066
1.58088
1.58115
1.58149
1.58189
1.58235
1.58286
1.58343
1.58406
1.58474
1.58548
1.58627
1.58712
1.58802
1.58897
1.58996
1.59101
1.59211
1.59325
1.59444
1.59567
1.59694
1.59826
1.59962
1.60102
1.60245
1.60393
1.60543
1.60698
1.60855
1.61016
1.6118
1.61346
1.61516
1.61688
1.61863
1.6204
1.62219
1.62401
1.62585
1.62772
1.6296
1.63151
1.63343
1.63538
1.63734
1.63933
1.64133
1.64334
1.64538
1.64743
1.6495
1.65159
1.65369
1.6558
1.65794
1.66008
1.66225
1.66442
1.66661
1.66882
1.67104
1.67327
1.67552
1.67777
1.68005
1.68233
1.68462
1.68693
1.68925
1.69157
1.69391
1.69625
1.69861
1.70097
1.70333
1.7057
1.70808
1.71046
1.71283
1.71522
1.71759
1.71997
1.72235
1.72472
1.72708
1.72944
1.73178
1.73412
1.73644
1.73874
1.74103
1.7433
1.74555
1.74777
1.74997
1.75214
1.75428
1.75639
1.75847
1.7605
1.7625
1.76446
1.76637
1.76823
1.77005
1.77182
1.77353
1.77519
1.77678
1.77832
1.7798
1.78121
1.78256
1.78384
1.78505
1.78619
1.78726
1.78825
1.78917
1.79002
1.79078
1.79147
1.79208
1.79261
1.79306
1.79343
1.79371
1.79392
1.79404
1.79408
1.79404
1.79392
1.79372
1.79344
1.79308
1.79264
1.79212
1.79152
1.79085
1.7901
1.78928
1.78838
1.78742
1.78638
1.78528
1.78411
1.78288
1.78158
1.78022
1.77881
1.77733
1.7758
1.77422
1.77258
1.7709
1.76917
1.76739
1.76557
1.76371
1.76181
1.75988
1.75791
1.7559
1.75387
1.75181
1.74972
1.74761
1.74548
1.74332
1.74115
1.73896
1.73676
1.73454
1.73231
1.73006
1.72781
1.72555
1.72329
1.72101
1.71874
1.71645
1.71417
1.71188
1.7096
1.70731
1.70502
1.70274
1.70045
1.69817
1.69589
1.69361
1.69134
1.68906
1.68679
1.68453
1.68226
1.68
1.67774
1.67548
1.67322
1.67097
1.66872
1.66646
1.66422
1.66197
1.65973
1.65748
1.65524
1.653
1.65076
1.64853
1.64629
1.64406
1.64183
1.63961
1.63738
1.63516
1.63295
1.63074
1.62854
1.62634
1.62416
1.62198
1.61982
1.61767
1.61553
1.61341
1.6113
1.60921
1.60714
1.60509
1.60306
1.60106
1.59909
1.59714
1.59523
1.59335
1.5915
1.58969
1.58792
1.58619
1.5845
1.58286
1.58127
1.57972
1.57823
1.57679
1.5754
1.57408
1.57281
1.5716
1.57045
1.56937
1.56836
1.56741
1.56653
1.56572
1.56498
1.56432
1.56372
1.5632
1.56275
1.56238
1.56208
1.56185
1.5617
1.56163
1.56163
1.5617
1.56184
1.56205
1.56234
1.56269
1.56311
1.56359
1.56413
1.56473
1.56539
1.56611
1.56687
1.56769
1.56854
1.56944
1.57037
1.57134
1.57233
1.57335
1.57438
1.57543
1.57649
1.57756
1.57863
1.57969
1.58075
1.58179
1.58281
1.58381
1.58478
1.58571
1.5866
1.58745
1.58825
1.589
1.5897
1.59033
1.59089
1.59139
1.59181
1.59216
1.59243
1.59261
1.5927
1.5927
1.59261
1.59243
1.59215
1.59176
1.59128
1.59069
1.59
1.5892
1.58829
1.58728
1.58615
1.58491
1.58357
1.58211
1.58054
1.57886
1.57706
1.57516
1.57315
1.57103
1.5688
1.56647
1.56402
1.56148
1.55883
1.55608
1.55322
1.55027
1.54723
1.54409
1.54086
1.53753
1.53413
1.53064
1.52707
1.52342
1.51971
1.51592
1.51206
1.50814
1.50416
1.50013
1.49605
1.49192
1.48775
1.48354
1.4793
1.47503
1.47075
1.46645
1.46214
1.45783
1.45352
1.44923
1.44495
1.4407
1.43648
1.4323
1.42817
1.4241
1.42009
1.41616
1.41231
1.40854
1.40488
1.40132
1.39788
1.39456
1.39138
1.38833
1.38544
1.3827
1.38013
1.37773
1.37552
1.37349
1.37165
1.37002
1.36859
1.36737
1.36637
1.36559
1.36504
1.36471
1.36462
1.36475
1.36511
1.36571
1.36654
1.36761
1.3689
1.37041
1.37215
1.37411
1.37628
1.37866
1.38124
1.38401
1.38698
1.39012
1.39344
1.39693
1.40057
1.40436
1.40829
1.41235
1.41653
1.42082
1.42522
1.4297
1.43427
1.43891
1.44362
1.44839
1.4532
1.45805
1.46293
1.46784
1.47276
1.47768
1.48261
1.48754
1.49245
1.49734
1.50221
1.50704
1.51185
1.51661
1.52133
1.526
1.53062
1.53518
1.53969
1.54413
1.5485
1.55281
1.55705
1.56121
1.5653
1.56932
1.57325
1.57711
1.58089
1.58459
1.58821
1.59175
1.5952
1.59857
1.60187
1.60508
1.60821
1.61126
1.61423
1.61713
1.61995
1.62269
1.62536
1.62797
1.6305
1.63296
1.63536
1.6377
1.63998
1.64221
1.64438
1.6465
1.64858
1.65061
1.65261
1.65457
1.6565
1.6584
1.66027
1.66213
1.66397
1.6658
1.66763
1.66945
1.67127
1.6731
1.67493
1.67678
1.67865
1.68054
1.68245
1.68439
1.68636
1.68836
1.69041
1.69249
1.69462
1.69679
1.69901
1.70128
1.70359
1.70596
1.70838
1.71086
1.71338
1.71596
1.71859
1.72127
1.72401
1.72679
1.72962
1.73249
1.73541
1.73837
1.74136
1.74439
1.74745
1.75053
1.75364
1.75677
1.75991
1.76306
1.76621
1.76936
1.77251
1.77566
1.77878
1.78189
1.78498
1.78804
1.79107
1.79407
1.79702
1.79992
1.80277
1.80557
1.80831
1.81099
1.81361
1.81615
1.81862
1.82102
1.82334
1.82557
1.82773
1.8298
1.83178
1.83367
1.83547
1.83717
1.83879
1.84031
1.84174
1.84307
1.8443
1.84544
1.84649
1.84744
1.8483
1.84906
1.84974
1.85032
1.8508
1.8512
1.85151
1.85173
1.85186
1.85191
1.85187
1.85175
1.85154
1.85126
1.85089
1.85045
1.84992
1.84932
1.84865
1.8479
1.84707
1.84618
1.84521
1.84416
1.84305
1.84187
1.84062
1.8393
1.83792
1.83647
1.83495
1.83337
1.83172
1.83002
1.82824
1.82641
1.82452
1.82257
1.82055
1.81848
1.81636
1.81418
1.81194
1.80966
1.80732
1.80493
1.8025
1.80002
1.7975
1.79493
1.79232
1.78967
1.78699
1.78427
1.78152
1.77874
1.77593
1.7731
1.77024
1.76735
1.76445
1.76153
1.75859
1.75564
1.75267
1.7497
1.74673
1.74374
1.74076
1.73777
1.73478
1.73179
1.72881
1.72583
1.72287
1.71991
1.71696
1.71402
1.7111
1.70819
1.7053
1.70242
1.69957
1.69673
1.69392
1.69112
1.68835
1.6856
1.68288
1.68019
1.67752
1.67487
1.67226
1.66968
1.66712
1.6646
1.6621
1.65964
1.65722
1.65482
1.65247
1.65014
1.64785
1.6456
1.64339
1.64122
1.63908
1.63698
1.63493
1.63291
1.63094
1.62901
1.62712
1.62528
1.62348
1.62173
1.62002
1.61836
1.61674
1.61518
1.61366
1.61219
1.61077
1.6094
1.60808
1.60681
1.60558
1.60441
1.60329
1.60222
1.6012
1.60023
1.59932
1.59845
1.59763
1.59686
1.59614
1.59547
1.59485
1.59427
1.59374
1.59326
1.59282
1.59242
1.59206
1.59175
1.59147
1.59123
1.59103
1.59087
1.59074
1.59064
1.59057
1.59053
1.59052
1.59054
1.59058
1.59064
1.59072
1.59082
1.59095
1.59108
1.59123
1.59139
1.59156
1.59174
1.59193
1.59211
1.5923
1.5925
1.59269
1.59288
1.59306
1.59324
1.59341
1.59357
1.59372
1.59386
1.59399
1.5941
1.5942
1.59428
1.59434
1.59438
1.5944
1.59439
1.59437
1.59432
1.59425
1.59415
1.59403
1.59389
1.59372
1.59352
1.5933
1.59306
1.59279
1.5925
1.59218
1.59184
1.59148
1.5911
1.59069
1.59027
1.58983
1.58937
1.5889
1.58841
1.58791
1.5874
1.58688
1.58636
1.58582
1.58529
1.58475
1.58421
1.58368
1.58315
1.58263
1.58211
1.58161
1.58111
1.58064
1.58017
1.57973
1.57931
1.57891
1.57853
1.57818
1.57786
1.57757
1.57731
1.57709
1.57689
1.57674
1.57662
1.57654
1.5765
1.5765
1.57654
1.57663
1.57675
1.57692
1.57714
1.5774
1.57771
1.57806
1.57845
1.5789
1.57938
1.57991
1.58049
1.58111
1.58178
1.58249
1.58324
1.58403
1.58486
1.58573
1.58664
1.58758
1.58856
1.58957
1.59061
1.59168
1.59278
1.59391
1.59507
1.59624
1.59744
1.59866
1.59989
1.60114
1.6024
1.60368
1.60496
1.60625
1.60755
1.60886
1.61017
1.61148
1.61278
1.61409
1.6154
1.6167
1.61799
1.61928
1.62055
1.62182
1.62308
1.62432
1.62556
1.62678
1.62798
1.62917
1.63035
1.63151
1.63265
1.63378
1.63489
1.63598
1.63705
1.63811
1.63915
1.64018
1.64118
1.64217
1.64315
1.6441
1.64504
1.64597
1.64688
1.64777
1.64865
1.64951
1.65036
1.6512
1.65202
1.65284
1.65364
1.65443
1.65521
1.65598
1.65675
1.65751
1.65826
1.659
1.65974
1.66048
1.66122
1.66195
1.66269
1.66343
1.66416
1.66491
1.66565
1.6664
1.66716
1.66793
1.66871
1.66949
1.67029
1.6711
1.67193
1.67277
1.67363
1.6745
1.67539
1.67631
1.67725
1.67821
1.67919
1.68019
1.68123
1.68228
1.68336
1.68447
1.6856
1.68675
1.68793
1.68914
1.69037
1.69163
1.69291
1.69421
1.69553
1.69688
1.69824
1.69961
1.70101
1.70241
1.70383
1.70525
1.70669
1.70812
1.70955
1.71099
1.71241
1.71383
1.71524
1.71663
1.71801
1.71936
1.72069
1.72198
1.72325
1.72448
1.72567
1.72681
1.72791
1.72896
1.72996
1.7309
1.73178
1.7326
1.73335
1.73404
1.73466
1.73521
1.73569
1.73609
1.73641
1.73666
1.73682
1.73691
1.73692
1.73685
1.73669
1.73646
1.73615
1.73576
1.7353
1.73475
1.73414
1.73344
1.73268
1.73185
1.73095
1.72999
1.72897
1.72789
1.72676
1.72557
1.72434
1.72306
1.72174
1.72039
1.719
1.71758
1.71614
1.71468
1.7132
1.71171
1.71021
1.7087
1.7072
1.70569
1.7042
1.70271
1.70124
1.69979
1.69836
1.69695
1.69557
1.69422
1.69291
1.69163
1.69038
1.68918
1.68803
1.68691
1.68585
1.68483
1.68386
1.68295
1.68208
1.68127
1.68051
1.6798
1.67915
1.67855
1.678
1.67751
1.67707
1.67668
1.67634
1.67606
1.67583
1.67564
1.6755
1.67541
1.67537
1.67537
1.67541
1.67549
1.67561
1.67577
1.67596
1.67619
1.67645
1.67674
1.67707
1.67742
1.67779
1.67819
1.67862
1.67906
1.67952
1.68
1.6805
1.681
1.68152
1.68205
1.68259
1.68314
1.68369
1.68425
1.68481
1.68537
1.68593
1.68649
1.68705
1.6876
1.68815
1.68869
1.68922
1.68975
1.69026
1.69077
1.69126
1.69174
1.69221
1.69266
1.6931
1.69352
1.69393
1.69432
1.6947
1.69505
1.69539
1.69571
1.69602
1.6963
1.69657
1.69681
1.69704
1.69725
1.69744
1.69761
1.69777
1.6979
1.69802
1.69811
1.69819
1.69825
1.69829
1.69832
1.69832
1.69831
1.69828
1.69823
1.69817
1.69809
1.698
1.69788
1.69775
1.69761
1.69745
1.69727
1.69707
1.69686
1.69663
1.69638
1.69612
1.69584
1.69555
1.69524
1.69491
1.69456
1.6942
1.69382
1.69342
1.69301
1.69258
1.69214
1.69168
1.6912
1.6907
1.69019
1.68967
1.68913
1.68858
1.68801
1.68743
1.68684
1.68623
1.68562
1.68499
1.68435
1.6837
1.68305
1.68239
1.68172
1.68104
1.68037
1.67969
1.679
1.67832
1.67763
1.67695
1.67627
1.6756
1.67493
1.67426
1.67361
1.67296
1.67233
1.6717
1.67109
1.67049
1.6699
1.66933
1.66878
1.66824
1.66772
1.66722
1.66674
1.66629
1.66585
1.66544
1.66504
1.66467
1.66433
1.664
1.6637
1.66343
1.66318
1.66295
1.66275
1.66257
1.66241
1.66228
1.66216
1.66208
1.66201
1.66197
1.66194
1.66194
1.66195
1.66198
1.66203
1.6621
1.66218
1.66227
1.66238
1.6625
1.66263
1.66278
1.66293
1.66309
1.66325
1.66342
1.6636
1.66378
1.66396
1.66414
1.66432
1.66449
1.66467
1.66483
1.665
1.66515
1.6653
1.66544
1.66557
1.66569
1.66579
1.66589
1.66596
1.66602
1.66606
1.66609
1.66609
1.66608
1.66605
1.66599
1.66591
1.66581
1.66569
1.66554
1.66536
1.66516
1.66493
1.66468
1.66439
1.66408
1.66374
1.66337
1.66297
1.66254
1.66208
1.66159
1.66107
1.66052
1.65994
1.65933
1.65868
1.65801
1.6573
1.65656
1.6558
1.655
1.65417
1.65331
1.65243
1.65151
1.65058
1.64961
1.64862
1.64761
1.64658
1.64552
1.64445
1.64336
1.64225
1.64113
1.63999
1.63884
1.63769
1.63653
1.63536
1.63419
1.63303
1.63186
1.63071
1.62956
1.62842
1.6273
1.62619
1.6251
1.62403
1.62299
1.62197
1.62098
1.62002
1.6191
1.61821
1.61737
1.61656
1.6158
1.61509
1.61442
1.6138
1.61324
1.61272
1.61226
1.61186
1.61151
1.61122
1.61098
1.6108
1.61068
1.61062
1.61061
1.61066
1.61077
1.61093
1.61115
1.61141
1.61173
1.61209
1.61251
1.61296
1.61346
1.61399
1.61456
1.61517
1.6158
1.61647
1.61715
1.61786
1.61858
1.61932
1.62006
1.62081
1.62157
1.62233
1.62308
1.62382
1.62456
1.62528
1.62599
1.62668
1.62734
1.62798
1.6286
1.62918
1.62973
1.63025
1.63073
1.63118
1.63159
1.63196
1.63229
1.63258
1.63282
1.63302
1.63318
1.6333
1.63337
1.6334
1.63338
1.63333
1.63323
1.63309
1.63291
1.63269
1.63243
1.63213
1.63179
1.63142
1.63102
1.63058
1.63011
1.62961
1.62908
1.62853
1.62794
1.62734
1.62671
1.62605
1.62538
1.62468
1.62397
1.62324
1.6225
1.62173
1.62096
1.62017
1.61937
1.61856
1.61773
1.6169
1.61605
1.6152
1.61434
1.61348
1.61261
1.61173
1.61086
1.60997
1.60909
1.6082
1.60731
1.60642
1.60553
1.60464
1.60375
1.60286
1.60197
1.60109
1.60021
1.59934
1.59847
1.59761
1.59675
1.5959
1.59507
1.59424
1.59342
1.59261
1.59182
1.59104
1.59028
1.58953
1.5888
1.58808
1.58739
1.58672
1.58607
1.58544
1.58484
1.58427
1.58372
1.58319
1.5827
1.58223
1.5818
1.5814
1.58103
1.5807
1.5804
1.58013
1.5799
1.57971
1.57956
1.57944
1.57937
1.57933
1.57934
1.57939
1.57947
1.5796
1.57977
1.57999
1.58024
1.58053
1.58087
1.58124
1.58166
1.58211
1.5826
1.58313
1.5837
1.5843
1.58494
1.58561
1.58632
1.58705
1.58782
1.58861
1.58943
1.59028
1.59115
1.59205
1.59296
1.5939
1.59485
1.59581
1.59679
1.59778
1.59878
1.59978
1.60079
1.60181
1.60282
1.60384
1.60485
1.60585
1.60685
1.60784
1.60882
1.60978
1.61073
1.61166
1.61257
1.61346
1.61433
1.61517
1.61599
1.61677
1.61753
1.61825
1.61895
1.6196
1.62022
1.6208
1.62134
1.62184
1.62229
1.62271
1.62307
1.62339
1.62366
1.62388
1.62405
1.62417
1.62424
1.62425
1.62421
1.62412
1.62397
1.62376
1.6235
1.62318
1.6228
1.62236
1.62187
1.62131
1.6207
1.62004
1.61931
1.61853
1.61769
1.6168
1.61585
1.61485
1.61379
1.61268
1.61153
1.61032
1.60907
1.60777
1.60643
1.60505
1.60363
1.60217
1.60068
1.59916
1.59762
1.59605
1.59445
1.59284
1.59121
1.58957
1.58792
1.58626
1.5846
1.58294
1.58128
1.57963
1.57798
1.57635
1.57473
1.57313
1.57154
1.56998
1.56844
1.56693
1.56544
1.56399
1.56256
1.56116
1.5598
1.55847
1.55717
1.55591
1.55468
1.55348
1.55232
1.55119
1.5501
1.54904
1.54801
1.54701
1.54604
1.5451
1.54418
1.5433
1.54244
1.54161
1.5408
1.54002
1.53926
1.53853
1.53782
1.53713
1.53646
1.53582
1.5352
1.5346
1.53402
1.53347
1.53295
1.53245
1.53198
1.53154
1.53113
1.53075
1.53041
1.5301
1.52982
1.52959
1.5294
1.52925
1.52914
1.52908
1.52907
1.5291
1.52919
1.52932
1.52951
1.52974
1.53003
1.53038
1.53078
1.53122
1.53173
1.53228
1.53289
1.53354
1.53425
1.535
1.5358
1.53663
1.53751
1.53843
1.53937
1.54035
1.54136
1.54239
1.54344
1.5445
1.54558
1.54667
1.54776
1.54885
1.54994
1.55102
1.55209
1.55314
1.55416
1.55517
1.55614
1.55709
1.55799
1.55886
1.55968
1.56045
1.56118
1.56185
1.56246
1.56301
1.56351
1.56393
1.56429
1.56458
1.5648
1.56495
1.56503
1.56503
1.56495
1.5648
1.56458
1.56427
1.56389
1.56343
1.56289
1.56228
1.56159
1.56083
1.55999
1.55909
1.55811
1.55706
1.55595
1.55477
1.55353
1.55223
1.55087
1.54945
1.54799
1.54647
1.54491
1.5433
1.54165
1.53997
1.53825
1.5365
1.53472
1.53292
1.5311
1.52927
1.52742
1.52556
1.52369
1.52182
1.51996
1.51809
1.51623
1.51439
1.51255
1.51074
1.50894
1.50716
1.50541
1.50369
1.50201
1.50035
1.49873
1.49715
1.49561
1.49412
1.49267
1.49127
1.48991
1.48861
1.48737
1.48618
1.48504
1.48397
1.48295
1.482
1.48111
1.48028
1.47952
1.47883
1.4782
1.47765
1.47716
1.47674
1.47639
1.47611
1.47591
1.47577
1.47571
1.47572
1.47579
1.47594
1.47616
1.47645
1.4768
1.47723
1.47772
1.47827
1.4789
1.47958
1.48033
1.48114
1.482
1.48293
1.4839
1.48493
1.48601
1.48714
1.48831
1.48953
1.49079
1.49208
1.49342
1.49478
1.49617
1.49759
1.49904
1.50051
1.502
1.5035
1.50502
1.50654
1.50808
1.50962
1.51116
1.5127
1.51424
1.51577
1.51729
1.51881
1.5203
1.52178
1.52324
1.52468
1.52609
1.52748
1.52884
1.53017
1.53146
1.53271
1.53393
1.5351
1.53623
1.53732
1.53835
1.53934
1.54028
1.54117
1.542
1.54278
1.54349
1.54415
1.54475
1.54529
1.54576
1.54616
1.54651
1.54678
1.54699
1.54713
1.54721
1.54722
1.54717
1.54704
1.54686
1.5466
1.54629
1.54592
1.54549
1.545
1.54445
1.54385
1.54321
1.54251
1.54178
1.541
1.5402
1.53936
1.5385
1.53761
1.53672
1.53581
1.5349
1.534
1.5331
1.53221
1.53135
1.53051
1.5297
1.52894
1.52822
1.52755
1.52694
1.52639
1.52591
1.5255
1.52516
1.52491
1.52474
1.52465
1.52465
1.52473
1.52491
1.52517
1.52552
1.52596
1.52648
1.52709
1.52777
1.52853
1.52935
1.53025
1.5312
1.5322
1.53326
1.53435
1.53548
1.53663
1.53781
1.539
1.5402
1.5414
1.54259
1.54378
1.54495
1.54609
1.54721
1.54829
1.54933
1.55033
1.55129
1.55219
1.55305
1.55385
1.55459
1.55527
1.5559
1.55646
1.55697
1.55741
1.5578
1.55813
1.55841
1.55863
1.5588
1.55892
1.559
1.55903
1.55903
1.559
1.55893
1.55884
1.55873
1.55861
1.55848
1.55834
1.5582
1.55807
1.55795
1.55785
1.55777
1.55771
1.55769
1.5577
1.55776
1.55786
1.55801
1.55822
1.55849
1.55882
1.55921
1.55968
1.56021
1.56082
1.56151
1.56228
1.56313
1.56406
1.56507
1.56616
1.56734
1.5686
1.56994
1.57136
1.57287
1.57445
1.57611
1.57784
1.57964
1.58151
1.58344
1.58544
1.58749
1.5896
1.59176
1.59396
1.59621
1.59849
1.6008
1.60315
1.60551
1.6079
1.6103
1.61271
1.61512
1.61754
1.61995
1.62234
1.62473
1.6271
1.62944
1.63175
1.63404
1.63628
1.63849
1.64065
1.64277
1.64483
1.64684
1.64878
1.65066
1.65248
1.65423
1.65591
1.65751
1.65903
1.66047
1.66183
1.66311
1.6643
1.6654
1.66642
1.66734
1.66816
1.6689
1.66954
1.67008
1.67052
1.67087
1.67112
1.67127
1.67132
1.67128
1.67113
1.67089
1.67055
1.67011
1.66957
1.66893
1.6682
1.66737
1.66645
1.66544
1.66433
1.66313
1.66185
1.66047
1.65901
1.65746
1.65584
1.65413
1.65234
1.65048
1.64854
1.64653
1.64445
1.64231
1.6401
1.63783
1.6355
1.63312
1.63069
1.62821
1.62569
1.62312
1.62052
1.61788
1.61521
1.61251
1.6098
1.60706
1.60431
1.60155
1.59878
1.59601
1.59324
1.59048
1.58774
1.58501
1.5823
1.57963
1.57698
1.57437
1.5718
1.56928
1.56681
1.56439
1.56204
1.55976
1.55754
1.5554
1.55334
1.55137
1.54948
1.54769
1.54599
1.5444
1.5429
1.54152
1.54024
1.53908
1.53803
1.5371
1.53629
1.5356
1.53504
1.5346
1.53429
1.5341
1.53404
1.53411
1.53431
1.53463
1.53508
1.53565
1.53634
1.53716
1.5381
1.53915
1.54032
1.54159
1.54298
1.54448
1.54608
1.54777
1.54957
1.55146
1.55344
1.5555
1.55764
1.55986
1.56215
1.56451
1.56694
1.56942
1.57196
1.57456
1.5772
1.57988
1.5826
1.58536
1.58815
1.59097
1.5938
1.59666
1.59953
1.60242
1.60531
1.60821
1.61111
1.614
1.61689
1.61977
1.62265
1.6255
1.62834
1.63115
1.63394
1.63671
1.63944
1.64215
1.64482
1.64745
1.65004
1.6526
1.65511
1.65757
1.65998
1.66235
1.66466
1.66692
1.66913
1.67127
1.67336
1.67539
1.67736
1.67927
1.68111
1.68288
1.68459
1.68623
1.6878
1.68931
1.69074
1.6921
1.69339
1.6946
1.69574
1.69681
1.69781
1.69873
1.69957
1.70034
1.70104
1.70166
1.70221
1.70268
1.70308
1.70341
1.70366
1.70384
1.70394
1.70398
1.70395
1.70384
1.70367
1.70343
1.70313
1.70276
1.70232
1.70182
1.70126
1.70064
1.69995
1.69921
1.69841
1.69756
1.69665
1.69569
1.69468
1.69363
1.69252
1.69137
1.69018
1.68894
1.68767
1.68636
1.68501
1.68363
1.68221
1.68077
1.6793
1.6778
1.67627
1.67473
1.67316
1.67158
1.66998
1.66836
1.66674
1.6651
1.66346
1.66181
1.66016
1.65851
1.65685
1.6552
1.65356
1.65192
1.6503
1.64869
1.64709
1.64551
1.64395
1.64241
1.6409
1.63941
1.63795
1.63652
1.63513
1.63377
1.63245
1.63117
1.62993
1.62873
1.62758
1.62647
1.62541
1.62439
1.62343
1.62251
1.62164
1.62083
1.62006
1.61934
1.61867
1.61806
1.61748
1.61696
1.61648
1.61605
1.61566
1.61531
1.615
1.61473
1.6145
1.6143
1.61413
1.61399
1.61388
1.61379
1.61372
1.61368
1.61365
1.61364
1.61363
1.61364
1.61366
1.61368
1.61371
1.61374
1.61377
1.6138
1.61383
1.61385
1.61387
1.61388
1.61389
1.61389
1.61388
1.61386
1.61384
1.6138
1.61376
1.61372
1.61366
1.6136
1.61354
1.61347
1.6134
1.61332
1.61325
1.61318
1.6131
1.61304
1.61298
1.61292
1.61288
1.61284
1.61282
1.61282
1.61282
1.61285
1.6129
1.61296
1.61305
1.61317
1.61331
1.61347
1.61366
1.61389
1.61414
1.61443
1.61475
1.6151
1.61549
1.61591
1.61636
1.61686
1.61739
1.61796
1.61858
1.61923
1.61991
1.62064
1.62141
1.62222
1.62307
1.62396
1.62489
1.62586
1.62687
1.62792
1.62901
1.63013
1.63129
1.6325
1.63373
1.63501
1.63632
1.63767
1.63905
1.64047
1.64191
1.64339
1.64491
1.64645
1.64802
1.64962
1.65125
1.6529
1.65458
1.65628
1.65801
1.65976
1.66153
1.66332
1.66513
1.66696
1.6688
1.67066
1.67253
1.67442
1.67632
1.67824
1.68016
1.6821
1.68404
1.68599
1.68795
1.68992
1.69189
1.69386
1.69584
1.69782
1.69981
1.70179
1.70377
1.70575
1.70773
1.70971
1.71168
1.71365
1.71561
1.71756
1.7195
1.72143
1.72336
1.72527
1.72716
1.72905
1.73092
1.73277
1.7346
1.73641
1.73821
1.73997
1.74172
1.74344
1.74513
1.74679
1.74842
1.75002
1.75159
1.75313
1.75463
1.75609
1.75752
1.7589
1.76025
1.76155
1.76281
1.76402
1.76518
1.7663
1.76737
1.76839
1.76936
1.77028
1.77115
1.77197
1.77273
1.77343
1.77409
1.77468
1.77523
1.77571
1.77615
1.77652
1.77684
1.77711
1.77732
1.77748
1.77758
1.77764
1.77764
1.77759
1.7775
1.77735
1.77716
1.77693
1.77664
1.77632
1.77595
1.77555
1.77511
1.77462
1.77411
1.77356
1.77298
1.77237
1.77173
1.77106
1.77037
1.76965
1.76891
1.76814
1.76736
1.76655
1.76573
1.76489
1.76403
1.76315
1.76225
1.76134
1.76041
1.75947
1.75851
1.75753
1.75653
1.75551
1.75447
1.75341
1.75233
1.75122
1.75009
1.74893
1.74775
1.74653
1.74528
1.74399
1.74267
1.74131
1.73991
1.73846
1.73697
1.73543
1.73383
1.73219
1.73049
1.72873
1.72691
1.72503
1.72308
1.72107
1.719
1.71685
1.71463
1.71234
1.70998
1.70755
1.70503
1.70244
1.69978
1.69704
1.69422
1.69132
1.68835
1.6853
1.68218
1.67898
1.67571
1.67237
1.66896
1.66548
1.66194
1.65833
1.65466
1.65094
1.64715
1.64331
1.63943
1.63549
1.63151
1.62749
1.62344
1.61935
1.61523
1.61108
1.60692
1.60273
1.59854
1.59433
1.59012
1.58591
1.5817
1.5775
1.57331
1.56913
1.56498
1.56084
1.55674
1.55267
1.54864
1.54464
1.54069
1.53679
1.53294
1.52914
1.52541
1.52174
1.51813
1.5146
1.51114
1.50776
1.50445
1.50123
1.4981
1.49506
1.49211
1.48926
1.4865
1.48384
1.48129
1.47884
1.4765
1.47427
1.47215
1.47014
1.46825
1.46647
1.4648
1.46326
1.46183
1.46051
1.45932
1.45824
1.45728
1.45644
1.45572
1.45511
1.45461
1.45423
1.45396
1.45381
1.45376
1.45382
1.45398
1.45425
1.45461
1.45508
1.45564
1.45629
1.45704
1.45787
1.45878
1.45978
1.46085
1.462
1.46322
1.46451
1.46586
1.46727
1.46874
1.47026
1.47184
1.47346
1.47512
1.47682
1.47856
1.48033
1.48213
1.48395
1.4858
1.48767
1.48955
1.49145
1.49335
1.49526
1.49718
1.4991
1.50101
1.50293
1.50484
1.50674
1.50863
1.51051
1.51239
1.51424
1.51609
1.51791
1.51972
1.52152
1.52329
1.52505
1.52679
1.52851
1.53022
1.5319
1.53357
1.53522
1.53685
1.53847
1.54007
1.54166
1.54324
1.54481
1.54636
1.54791
1.54945
1.55098
1.5525
1.55402
1.55554
1.55706
1.55858
1.5601
1.56162
1.56314
1.56467
1.5662
1.56773
1.56928
1.57082
1.57238
1.57394
1.57552
1.5771
1.57869
1.58028
1.58189
1.5835
1.58513
1.58676
1.58839
1.59004
1.59169
1.59335
1.59502
1.59669
1.59836
1.60004
1.60172
1.6034
1.60509
1.60677
1.60846
1.61014
1.61182
1.6135
1.61518
1.61685
1.61851
1.62017
1.62182
1.62346
1.62509
1.62671
1.62832
1.62992
1.6315
1.63307
1.63463
1.63616
1.63769
1.63919
1.64068
1.64215
1.6436
1.64503
1.64644
1.64783
1.64919
1.65054
1.65186
1.65316
1.65443
1.65568
1.65691
1.65811
1.65928
1.66043
1.66156
1.66265
1.66372
1.66477
1.66578
1.66677
1.66773
1.66866
1.66957
1.67044
1.67129
1.67211
1.6729
1.67365
1.67438
1.67508
1.67575
1.67638
1.67699
1.67756
1.6781
1.67861
1.67909
1.67953
1.67994
1.68032
1.68066
1.68098
1.68126
1.68151
1.68173
1.68191
1.68206
1.68218
1.68227
1.68232
1.68235
1.68234
1.6823
1.68224
1.68214
1.68202
1.68186
1.68169
1.68148
1.68125
1.681
1.68072
1.68042
1.6801
1.67977
1.67941
1.67904
1.67865
1.67825
1.67784
1.67742
1.677
1.67656
1.67612
1.67568
1.67524
1.67479
1.67435
1.67391
1.67347
1.67305
1.67262
1.67221
1.6718
1.67141
1.67103
1.67066
1.67031
1.66997
1.66964
1.66933
1.66904
1.66877
1.66851
1.66827
1.66804
1.66784
1.66765
1.66747
1.66732
1.66718
1.66705
1.66694
1.66684
1.66675
1.66667
1.6666
1.66654
1.66649
1.66643
1.66638
1.66634
1.66629
1.66623
1.66618
1.66611
1.66604
1.66596
1.66587
1.66576
1.66563
1.66549
1.66533
1.66514
1.66493
1.66469
1.66442
1.66413
1.6638
1.66344
1.66305
1.66262
1.66215
1.66164
1.66109
1.66051
1.65987
1.6592
1.65848
1.65772
1.65692
1.65607
1.65517
1.65423
1.65325
1.65221
1.65114
1.65002
1.64885
1.64764
1.64639
1.6451
1.64377
1.6424
1.64099
1.63955
1.63807
1.63656
1.63502
1.63345
1.63186
1.63024
1.62859
1.62693
1.62525
1.62355
1.62184
1.62012
1.61838
1.61665
1.61491
1.61316
1.61142
1.60969
1.60796
1.60623
1.60452
1.60282
1.60114
1.59947
1.59782
1.5962
1.59459
1.59301
1.59146
1.58993
1.58844
1.58697
1.58554
1.58414
1.58278
1.58144
1.58015
1.57889
1.57767
1.57649
1.57535
1.57424
1.57317
1.57215
1.57116
1.57021
1.5693
1.56842
1.56759
1.56679
1.56603
1.5653
1.56462
1.56396
1.56334
1.56276
1.5622
1.56168
1.56119
1.56073
1.5603
1.5599
1.55952
1.55917
1.55885
1.55855
1.55827
1.55801
1.55777
1.55756
1.55736
1.55718
1.55701
1.55686
1.55672
1.55659
1.55647
1.55636
1.55626
1.55616
1.55608
1.55599
1.55592
1.55584
1.55577
1.55569
1.55562
1.55555
1.55547
1.55539
1.55531
1.55523
1.55515
1.55506
1.55497
1.55487
1.55477
1.55467
1.55456
1.55444
1.55433
1.55421
1.55408
1.55395
1.55381
1.55367
1.55353
1.55338
1.55322
1.55306
1.5529
1.55273
1.55256
1.55238
1.5522
1.55201
1.55182
1.55162
1.55141
1.5512
1.55099
1.55076
1.55053
1.5503
1.55005
1.5498
1.54954
1.54927
1.54899
1.5487
1.5484
1.54809
1.54778
1.54745
1.54711
1.54675
1.54639
1.54602
1.54564
1.54524
1.54484
1.54442
1.544
1.54356
1.54312
1.54267
1.54221
1.54175
1.54128
1.5408
1.54033
1.53985
1.53938
1.53891
1.53844
1.53797
1.53752
1.53707
1.53664
1.53622
1.53581
1.53542
1.53505
1.5347
1.53438
1.53407
1.5338
1.53355
1.53334
1.53315
1.533
1.53289
1.53281
1.53277
1.53278
1.53282
1.53291
1.53304
1.53322
1.53344
1.53372
1.53404
1.53441
1.53483
1.5353
1.53582
1.53639
1.53702
1.5377
1.53843
1.53921
1.54004
1.54093
1.54187
1.54286
1.54389
1.54498
1.54612
1.54731
1.54854
1.54982
1.55115
1.55252
1.55393
1.55538
1.55688
1.55841
1.55998
1.56159
1.56322
1.56489
1.56659
1.56832
1.57007
1.57185
1.57365
1.57547
1.5773
1.57915
1.58101
1.58288
1.58476
1.58665
1.58854
1.59042
1.59231
1.5942
1.59607
1.59794
1.5998
1.60164
1.60347
1.60529
1.60708
1.60886
1.61061
1.61234
1.61405
1.61573
1.61738
1.61901
1.6206
1.62216
1.6237
1.6252
1.62666
1.62809
1.62949
1.63086
1.63219
1.63348
1.63475
1.63597
1.63717
1.63833
1.63945
1.64054
1.6416
1.64263
1.64362
1.64458
1.64551
1.64642
1.64729
1.64813
1.64894
1.64972
1.65048
1.65121
1.65191
1.65258
1.65323
1.65385
1.65446
1.65503
1.65559
1.65612
1.65663
1.65712
1.65759
1.65805
1.65848
1.65889
1.65929
1.65967
1.66003
1.66037
1.6607
1.66102
1.66131
1.6616
1.66187
1.66213
1.66237
1.66261
1.66283
1.66303
1.66323
1.66341
1.66358
1.66375
1.6639
1.66404
1.66416
1.66428
1.66439
1.66448
1.66456
1.66463
1.66469
1.66473
1.66476
1.66478
1.66478
1.66476
1.66473
1.66467
1.6646
1.66452
1.66441
1.66427
1.66412
1.66394
1.66374
1.66351
1.66325
1.66296
1.66265
1.6623
1.66192
1.66151
1.66106
1.66057
1.66005
1.65949
1.65889
1.65824
1.65756
1.65684
1.65607
1.65525
1.6544
1.65349
1.65255
1.65156
1.65052
1.64944
1.64831
1.64713
1.6459
1.64463
1.64332
1.64196
1.64055
1.6391
1.63761
1.63608
1.6345
1.63289
1.63124
1.62956
1.62784
1.62609
1.62431
1.6225
1.62066
1.6188
1.61692
1.61502
1.6131
1.61117
1.60922
1.60727
1.60531
1.60334
1.60138
1.59941
1.59746
1.5955
1.59356
1.59164
1.58973
1.58784
1.58597
1.58412
1.5823
1.58052
1.57876
1.57704
1.57536
1.57371
1.57211
1.57056
1.56905
1.56759
1.56618
1.56482
1.56352
1.56227
1.56107
1.55993
1.55885
1.55783
1.55687
1.55597
1.55513
1.55436
1.55364
1.55299
1.55239
1.55186
1.55139
1.55098
1.55063
1.55033
1.5501
1.54991
1.54979
1.54971
1.54969
1.54972
1.5498
1.54992
1.55009
1.5503
1.55055
1.55085
1.55118
1.55154
1.55193
1.55236
1.55281
1.55329
1.55379
1.55431
1.55485
1.5554
1.55597
1.55655
1.55715
1.55775
1.55836
1.55897
1.55958
1.56019
1.56081
1.56142
1.56202
1.56262
1.56322
1.56381
1.56439
1.56495
1.56551
1.56605
1.56658
1.5671
1.5676
1.56808
1.56855
1.569
1.56943
1.56984
1.57022
1.57059
1.57094
1.57126
1.57155
1.57183
1.57207
1.57229
1.57248
1.57264
1.57277
1.57287
1.57293
1.57296
1.57296
1.57292
1.57285
1.57273
1.57258
1.57238
1.57215
1.57187
1.57155
1.57119
1.57079
1.57034
1.56985
1.56931
1.56873
1.56811
1.56745
1.56675
1.56601
1.56524
1.56443
1.56358
1.5627
1.5618
1.56086
1.55991
1.55893
1.55793
1.55692
1.55589
1.55485
1.55381
1.55277
1.55173
1.55069
1.54966
1.54864
1.54764
1.54666
1.5457
1.54477
1.54387
1.543
1.54216
1.54137
1.54061
1.5399
1.53923
1.53861
1.53804
1.53752
1.53706
1.53664
1.53628
1.53598
1.53573
1.53553
1.53538
1.53529
1.53525
1.53526
1.53532
1.53543
1.53558
1.53578
1.53602
1.53631
1.53663
1.53699
1.53738
1.5378
1.53826
1.53873
1.53923
1.53976
1.54029
1.54085
1.54142
1.54199
1.54258
1.54316
1.54375
1.54434
1.54492
1.5455
1.54607
1.54663
1.54718
1.54771
1.54822
1.54872
1.54919
1.54964
1.55007
1.55048
1.55085
1.5512
1.55152
1.55181
1.55208
1.55231
1.55251
1.55268
1.55283
1.55294
1.55303
1.55308
1.55312
1.55312
1.55311
1.55307
1.553
1.55293
1.55283
1.55272
1.5526
1.55247
1.55234
1.5522
1.55206
1.55193
1.55181
1.5517
1.5516
1.55152
1.55146
1.55143
1.55143
1.55147
1.55154
1.55166
1.55182
1.55203
1.5523
1.55262
1.553
1.55344
1.55395
1.55453
1.55518
1.5559
1.5567
1.55758
1.55853
1.55957
1.56068
1.56188
1.56316
1.56452
1.56597
1.5675
1.5691
1.57079
1.57256
1.5744
1.57632
1.57832
1.58039
1.58253
1.58473
1.587
1.58934
1.59173
1.59418
1.59668
1.59924
1.60184
1.60449
1.60718
1.6099
1.61266
1.61546
1.61828
1.62112
1.62399
1.62688
1.62978
1.63269
1.63561
1.63854
1.64147
1.64439
1.64732
1.65024
1.65314
1.65604
1.65892
1.66178
1.66462
1.66743
1.67022
1.67297
1.6757
1.67839
1.68105
1.68366
1.68624
1.68877
1.69125
1.69369
1.69608
1.69842
1.7007
1.70293
1.70511
1.70723
1.70928
1.71128
1.71322
1.71509
1.7169
1.71865
1.72033
1.72195
1.7235
1.72498
1.72639
1.72774
1.72902
1.73024
1.73138
1.73246
1.73347
1.73442
1.7353
1.73611
1.73686
1.73754
1.73816
1.73871
1.7392
1.73963
1.74
1.7403
1.74055
1.74073
1.74086
1.74093
1.74095
1.74091
1.74082
1.74067
1.74047
1.74023
1.73993
1.73959
1.7392
1.73876
1.73828
1.73776
1.73719
1.73658
1.73593
1.73524
1.73451
1.73375
1.73294
1.7321
1.73122
1.73031
1.72937
1.72839
1.72737
1.72633
1.72525
1.72413
1.72299
1.72181
1.7206
1.71936
1.71809
1.71678
1.71545
1.71408
1.71268
1.71124
1.70978
1.70828
1.70675
1.70519
1.7036
1.70198
1.70032
1.69863
1.6969
1.69515
1.69335
1.69153
1.68967
1.68778
1.68586
1.6839
1.68191
1.67988
1.67783
1.67574
1.67362
1.67146
1.66928
1.66707
1.66482
1.66255
1.66025
1.65793
1.65558
1.6532
1.6508
1.64837
1.64592
1.64346
1.64097
1.63846
1.63593
1.63339
1.63084
1.62827
1.62569
1.6231
1.6205
1.61789
1.61528
1.61266
1.61004
1.60742
1.6048
1.60219
1.59958
1.59697
1.59438
1.59179
1.58921
1.58665
1.5841
1.58157
1.57906
1.57657
1.57411
1.57167
1.56925
1.56687
1.56452
1.56219
1.55991
1.55766
1.55546
1.55329
1.55117
1.54909
1.54706
1.54508
1.54316
1.54128
1.53947
1.53771
1.53602
1.53439
1.53282
1.53132
1.52989
1.52853
1.52723
1.52602
1.52488
1.52381
1.52282
1.52191
1.52108
1.52033
1.51965
1.51906
1.51855
1.51812
1.51777
1.51749
1.5173
1.51718
1.51713
1.51717
1.51727
1.51744
1.51769
1.518
1.51837
1.5188
1.5193
1.51985
1.52045
1.5211
1.5218
1.52255
1.52333
1.52415
1.525
1.52589
1.5268
1.52773
1.52868
1.52965
1.53063
1.53162
1.53261
1.5336
1.53458
1.53556
1.53653
1.53749
1.53843
1.53935
1.54025
1.54112
1.54197
1.54278
1.54356
1.5443
1.545
1.54566
1.54628
1.54686
1.54739
1.54788
1.54831
1.5487
1.54904
1.54933
1.54957
1.54976
1.54989
1.54998
1.55002
1.55001
1.54996
1.54986
1.54972
1.54953
1.54931
1.54904
1.54874
1.5484
1.54803
1.54764
1.54721
1.54676
1.54629
1.54581
1.5453
1.54479
1.54427
1.54374
1.5432
1.54267
1.54214
1.54162
1.5411
1.5406
1.54011
1.53963
1.53918
1.53874
1.53833
1.53795
1.53759
1.53726
1.53697
1.53671
1.53648
1.53628
1.53613
1.53601
1.53593
1.53589
1.53589
1.53593
1.536
1.53612
1.53628
1.53648
1.53672
1.537
1.53732
1.53769
1.53809
1.53852
1.539
1.53951
1.54006
1.54064
1.54126
1.54191
1.54259
1.54331
1.54405
1.54483
1.54564
1.54647
1.54733
1.54822
1.54913
1.55007
1.55103
1.55202
1.55303
1.55406
1.5551
1.55617
1.55726
1.55837
1.55949
1.56063
1.56179
1.56295
1.56413
1.56533
1.56653
1.56775
1.56897
1.57021
1.57145
1.5727
1.57395
1.5752
1.57646
1.57772
1.57899
1.58025
1.58151
1.58278
1.58404
1.58529
1.58654
1.58779
1.58904
1.59028
1.59151
1.59274
1.59396
1.59517
1.59637
1.59757
1.59876
1.59994
1.60112
1.60228
1.60345
1.6046
1.60575
1.6069
1.60804
1.60918
1.61032
1.61145
1.61258
1.61372
1.61485
1.61599
1.61713
1.61827
1.61943
1.62058
1.62175
1.62293
1.62411
1.62531
1.62653
1.62775
1.629
1.63025
1.63153
1.63282
1.63413
1.63546
1.63681
1.63819
1.63958
1.64099
1.64242
1.64388
1.64535
1.64685
1.64837
1.64991
1.65148
1.65306
1.65467
1.6563
1.65794
1.65961
1.6613
1.663
1.66472
1.66646
1.66821
1.66998
1.67176
1.67355
1.67536
1.67718
1.679
1.68084
1.68268
1.68452
1.68638
1.68823
1.69009
1.69194
1.6938
1.69565
1.6975
1.69934
1.70118
1.703
1.70481
1.70661
1.70839
1.71016
1.7119
1.71363
1.71533
1.717
1.71864
1.72026
1.72184
1.72339
1.7249
1.72636
1.72779
1.72917
1.7305
1.73178
1.733
1.73417
1.73528
1.73633
1.73732
1.73823
1.73908
1.73986
1.74056
1.74118
1.74172
1.74218
1.74255
1.74284
1.74304
1.74314
1.74315
1.74307
1.74289
1.74261
1.74223
1.74175
1.74117
1.74048
1.73969
1.7388
1.73781
1.73672
1.73552
1.73423
1.73284
1.73135
1.72978
1.72811
1.72636
1.72453
1.72262
1.72064
1.7186
1.71649
1.71434
1.71213
1.70989
1.70761
1.70531
1.70299
1.70067
1.69835
1.69605
1.69376
1.69151
1.68929
1.68713
1.68503
1.68299
1.68103
1.67916
1.67738
1.6757
1.67413
1.67267
1.67133
1.67012
1.66903
1.66807
1.66725
1.66656
1.66601
1.66558
1.6653
1.66514
1.66511
1.6652
1.66542
1.66575
1.66618
1.66672
1.66736
1.66809
1.6689
1.66979
1.67074
1.67176
1.67283
1.67394
1.67509
1.67627
1.67748
1.6787
1.67994
1.68117
1.68241
1.68364
1.68485
1.68605
1.68722
1.68836
1.68947
1.69054
1.69157
1.69256
1.69349
1.69438
1.69521
1.69598
1.69669
1.69734
1.69793
1.69845
1.69891
1.6993
1.69961
1.69986
1.70003
1.70013
1.70016
1.70011
1.69998
1.69978
1.6995
1.69914
1.6987
1.69819
1.69759
1.69691
1.69616
1.69533
1.69441
1.69342
1.69234
1.69119
1.68996
1.68865
1.68726
1.6858
1.68425
1.68264
1.68094
1.67918
1.67733
1.67542
1.67343
1.67138
1.66925
1.66706
1.6648
1.66248
1.6601
1.65766
1.65517
1.65261
1.65001
1.64735
1.64465
1.6419
1.63911
1.63628
1.63342
1.63052
1.62759
1.62463
1.62165
1.61865
1.61562
1.61258
1.60954
1.60648
1.60341
1.60035
1.59728
1.59423
1.59118
1.58814
1.58511
1.58211
1.57912
1.57616
1.57323
1.57033
1.56747
1.56464
1.56186
1.55912
1.55642
1.55378
1.55119
1.54865
1.54617
1.54376
1.5414
1.53912
1.5369
1.53475
1.53267
1.53067
1.52875
1.5269
1.52514
1.52346
1.52186
1.52035
1.51892
1.51759
1.51635
1.51519
1.51413
1.51317
1.5123
1.51152
1.51085
1.51027
1.50978
1.5094
1.50912
1.50893
1.50885
1.50886
1.50897
1.50918
1.50949
1.5099
1.5104
1.511
1.51169
1.51248
1.51337
1.51434
1.5154
1.51656
1.51779
1.51912
1.52052
1.52201
1.52357
1.52521
1.52692
1.5287
1.53055
1.53246
1.53444
1.53648
1.53858
1.54073
1.54294
1.54519
1.5475
1.54984
1.55224
1.55467
1.55714
1.55964
1.56218
1.56475
1.56735
1.56998
1.57263
1.5753
1.578
1.58072
1.58346
1.58621
1.58899
1.59177
1.59457
1.59738
1.60021
1.60304
1.60588
1.60873
1.61158
1.61444
1.6173
1.62016
1.62302
1.62588
1.62874
1.6316
1.63445
1.63729
1.64012
1.64295
1.64576
