-6.36475
-6.36473
-6.36468
-6.3646
-6.36449
-6.36435
-6.36417
-6.36397
-6.36373
-6.36346
-6.36316
-6.36283
-6.36247
-6.36207
-6.36164
-6.36118
-6.36069
-6.36017
-6.35961
-6.35902
-6.3584
-6.35775
-6.35706
-6.35634
-6.35558
-6.35479
-6.35397
-6.35311
-6.35221
-6.35129
-6.35032
-6.34932
-6.34828
-6.34721
-6.3461
-6.34495
-6.34376
-6.34253
-6.34127
-6.33996
-6.33861
-6.33708
-6.33565
-6.33418
-6.33267
-6.33112
-6.32937
-6.32758
-6.32559
-6.32371
-6.32178
-6.31996
-6.31809
-6.31587
-6.31376
-6.31144
-6.30923
-6.30651
-6.30419
-6.30168
-6.29926
-6.29648
-6.29396
-6.29093
-6.28844
-6.2856
-6.283
-6.27989
-6.27717
-6.27409
-6.27035
-6.26685
-6.26344
-6.25967
-6.25659
-6.25314
-6.24962
-6.24604
-6.24224
-6.23853
-6.23474
-6.23074
-6.22681
-6.22297
-6.2186
-6.21477
-6.21086
-6.20672
-6.20251
-6.19793
-6.19326
-6.18883
-6.18416
-6.17972
-6.17475
-6.17
-6.16502
-6.15996
-6.15498
-6.14991
-6.14491
-6.13923
-6.13362
-6.12823
-6.1229
-6.11735
-6.11156
-6.106
-6.1005
-6.09477
-6.08851
-6.08232
-6.07635
-6.0703
-6.06403
-6.05722
-6.05094
-6.04428
-6.03754
-6.03058
-6.02384
-6.01719
-6.01046
-6.00382
-5.9968
-5.98987
-5.98287
-5.97626
-5.96914
-5.96181
-5.95457
-5.94713
-5.93963
-5.93239
-5.92494
-5.91745
-5.90976
-5.90204
-5.89442
-5.88663
-5.87895
-5.87109
-5.86336
-5.85561
-5.84769
-5.8399
-5.83226
-5.82431
-5.81665
-5.809
-5.80075
-5.79295
-5.78457
-5.77696
-5.76907
-5.76135
-5.75366
-5.746
-5.73838
-5.7308
-5.72311
-5.71547
-5.70789
-5.70082
-5.6935
-5.68625
-5.67937
-5.67212
-5.66539
-5.65859
-5.65173
-5.64511
-5.63813
-5.63184
-5.62551
-5.61912
-5.61269
-5.60682
-5.60106
-5.59496
-5.58913
-5.58342
-5.57798
-5.57252
-5.56733
-5.56211
-5.55718
-5.55208
-5.54726
-5.54257
-5.53817
-5.53361
-5.52933
-5.52534
-5.52134
-5.51748
-5.51405
-5.51062
-5.50718
-5.50387
-5.50086
-5.49768
-5.49494
-5.49234
-5.48972
-5.48679
-5.48475
-5.48238
-5.48015
-5.47821
-5.47654
-5.47485
-5.47359
-5.47215
-5.47083
-5.46994
-5.46901
-5.46805
-5.46706
-5.46648
-5.46616
-5.46595
-5.46569
-5.46554
-5.46549
-5.46585
-5.46554
-5.46548
-5.46581
-5.46623
-5.46643
-5.46672
-5.46679
-5.46693
-5.46761
-5.46836
-5.46933
-5.47007
-5.47102
-5.47219
-5.47311
-5.4744
-5.47559
-5.47728
-5.47857
-5.48006
-5.48175
-5.48333
-5.48465
-5.48615
-5.48784
-5.48942
-5.49102
-5.49266
-5.49462
-5.4963
-5.49801
-5.49988
-5.50148
-5.50339
-5.50501
-5.50679
-5.50843
-5.51023
-5.51219
-5.51385
-5.51535
-5.51702
-5.51898
-5.52109
-5.52289
-5.52469
-5.52633
-5.52811
-5.53018
-5.53194
-5.53369
-5.53542
-5.53714
-5.53929
-5.54083
-5.54264
-5.54414
-5.54561
-5.54722
-5.54895
-5.55036
-5.55204
-5.5534
-5.55489
-5.5565
-5.55794
-5.55935
-5.56088
-5.56239
-5.56372
-5.56501
-5.56613
-5.56738
-5.56874
-5.56993
-5.57154
-5.57266
-5.57391
-5.57513
-5.57633
-5.57719
-5.57802
-5.57868
-5.5796
-5.58051
-5.58123
-5.58238
-5.58335
-5.58414
-5.58521
-5.5858
-5.58667
-5.58736
-5.58818
-5.58867
-5.5893
-5.58974
-5.59047
-5.59087
-5.59171
-5.59237
-5.59317
-5.59349
-5.5947
-5.59499
-5.59541
-5.59581
-5.5962
-5.59642
-5.59693
-5.59772
-5.5982
-5.59837
-5.59897
-5.59911
-5.59954
-5.5998
-5.59991
-5.60015
-5.60054
-5.60076
-5.60097
-5.60103
-5.60122
-5.60171
-5.6019
-5.60207
-5.60208
-5.60224
-5.60254
-5.60269
-5.60282
-5.60296
-5.60293
-5.60304
-5.603
-5.60311
-5.6035
-5.60344
-5.60368
-5.60375
-5.60337
-5.60343
-5.60348
-5.60323
-5.60326
-5.60299
-5.60271
-5.60258
-5.60258
-5.60228
-5.60226
-5.60239
-5.60221
-5.60216
-5.60196
-5.60189
-5.60181
-5.60171
-5.60146
-5.60134
-5.60105
-5.6009
-5.60074
-5.60056
-5.60036
-5.60015
-5.59992
-5.60013
-5.59986
-5.59958
-5.59927
-5.5991
-5.5989
-5.59854
-5.59815
-5.59729
-5.59686
-5.59626
-5.59578
-5.59528
-5.59476
-5.59421
-5.59364
-5.59304
-5.59242
-5.59208
-5.59156
-5.59086
-5.59014
-5.58939
-5.58847
-5.58767
-5.58729
-5.58644
-5.58557
-5.58467
-5.58359
-5.58264
-5.58166
-5.58035
-5.57887
-5.57782
-5.57675
-5.5758
-5.57467
-5.57353
-5.57236
-5.57117
-5.56981
-5.56857
-5.56747
-5.56605
-5.56476
-5.56345
-5.56212
-5.56093
-5.55941
-5.55789
-5.55665
-5.5551
-5.55368
-5.55256
-5.55112
-5.54968
-5.54837
-5.54691
-5.54529
-5.54351
-5.54203
-5.5407
-5.53936
-5.53787
-5.53638
-5.53459
-5.53311
-5.53162
-5.52999
-5.52866
-5.52704
-5.52557
-5.52427
-5.52312
-5.52183
-5.5204
-5.51898
-5.51757
-5.51633
-5.5148
-5.51298
-5.51163
-5.51045
-5.50914
-5.50784
-5.50596
-5.50485
-5.50347
-5.50255
-5.50121
-5.50004
-5.49905
-5.49762
-5.49637
-5.495
-5.49395
-5.49263
-5.4921
-5.49098
-5.49005
-5.48899
-5.48811
-5.48712
-5.4866
-5.48581
-5.48506
-5.48418
-5.48349
-5.48298
-5.48266
-5.48191
-5.4815
-5.48097
-5.48078
-5.48062
-5.48004
-5.47979
-5.47943
-5.47911
-5.47866
-5.47855
-5.47833
-5.47814
-5.47798
-5.47785
-5.47761
-5.4774
-5.47753
-5.47754
-5.47758
-5.4778
-5.47806
-5.47805
-5.47822
-5.47842
-5.47865
-5.47876
-5.4792
-5.47967
-5.48017
-5.48055
-5.48142
-5.48185
-5.48231
-5.4825
-5.48287
-5.48371
-5.48427
-5.48501
-5.48578
-5.48641
-5.48722
-5.48775
-5.48845
-5.48917
-5.49005
-5.49096
-5.49159
-5.49238
-5.49334
-5.49431
-5.49515
-5.49615
-5.49716
-5.49789
-5.49877
-5.49982
-5.50073
-5.50165
-5.50257
-5.5035
-5.50444
-5.50553
-5.50663
-5.50758
-5.50838
-5.50979
-5.51044
-5.51155
-5.51251
-5.51346
-5.51411
-5.51521
-5.51616
-5.51725
-5.51818
-5.51926
-5.52003
-5.52125
-5.52231
-5.52305
-5.52394
-5.52481
-5.52568
-5.52638
-5.52752
-5.52834
-5.52915
-5.52995
-5.53073
-5.53149
-5.53224
-5.53281
-5.53338
-5.53422
-5.53504
-5.5354
-5.53603
-5.5365
-5.5371
-5.53737
-5.53777
-5.53846
-5.53882
-5.53931
-5.53962
-5.54007
-5.54049
-5.5409
-5.54127
-5.54163
-5.54212
-5.54273
-5.54272
-5.54284
-5.54309
-5.54331
-5.54397
-5.5443
-5.54416
-5.5443
-5.54427
-5.54453
-5.54461
-5.54497
-5.54486
-5.54489
-5.54489
-5.54488
-5.5444
-5.5445
-5.54444
-5.54451
-5.54472
-5.54491
-5.54479
-5.54465
-5.5445
-5.54418
-5.54401
-5.54397
-5.54347
-5.54326
-5.54319
-5.54282
-5.54258
-5.54264
-5.54224
-5.54183
-5.54142
-5.541
-5.54073
-5.54061
-5.54033
-5.5402
-5.53992
-5.53963
-5.53919
-5.53906
-5.53877
-5.53848
-5.5382
-5.53807
-5.53748
-5.5369
-5.53633
-5.53621
-5.53609
-5.53583
-5.53527
-5.53502
-5.53477
-5.53453
-5.53415
-5.53392
-5.5334
-5.53289
-5.53299
-5.53295
-5.53261
-5.53244
-5.53213
-5.53197
-5.53183
-5.5317
-5.53142
-5.53116
-5.53107
-5.53114
-5.53091
-5.53071
-5.53036
-5.53033
-5.53047
-5.53047
-5.53048
-5.53051
-5.52996
-5.52986
-5.52994
-5.53003
-5.53014
-5.53027
-5.53071
-5.53102
-5.53135
-5.53154
-5.5316
-5.53198
-5.53238
-5.53249
-5.53278
-5.53262
-5.53294
-5.53312
-5.53347
-5.53339
-5.53393
-5.53448
-5.53505
-5.53549
-5.53624
-5.53656
-5.53734
-5.53784
-5.53866
-5.53919
-5.53973
-5.54013
-5.5407
-5.54143
-5.54233
-5.54278
-5.54339
-5.54402
-5.54465
-5.5453
-5.54595
-5.54661
-5.54697
-5.54794
-5.54832
-5.549
-5.54984
-5.55084
-5.55153
-5.55238
-5.55338
-5.55409
-5.55494
-5.55549
-5.55619
-5.55689
-5.55758
-5.55827
-5.55896
-5.5601
-5.56063
-5.56131
-5.56213
-5.56264
-5.56315
-5.56395
-5.56474
-5.56553
-5.56585
-5.56632
-5.56693
-5.56798
-5.56857
-5.5687
-5.56928
-5.56938
-5.57024
-5.57078
-5.57116
-5.57183
-5.5728
-5.57315
-5.57378
-5.57426
-5.57488
-5.57534
-5.57593
-5.57637
-5.57679
-5.57751
-5.57776
-5.57815
-5.57854
-5.57861
-5.57882
-5.57918
-5.57937
-5.57956
-5.58019
-5.58036
-5.58053
-5.58113
-5.58143
-5.58157
-5.58171
-5.58214
-5.58241
-5.58283
-5.58294
-5.5832
-5.58361
-5.5837
-5.58395
-5.58419
-5.58443
-5.58482
-5.5852
-5.58513
-5.58536
-5.58559
-5.58612
-5.5862
-5.58657
-5.58695
-5.58703
-5.5871
-5.58733
-5.58756
-5.58779
-5.58802
-5.58795
-5.58818
-5.58842
-5.58851
-5.58875
-5.58899
-5.58909
-5.58919
-5.58944
-5.58984
-5.5901
-5.59021
-5.59033
-5.59059
-5.59086
-5.59114
-5.59141
-5.592
-5.59243
-5.59257
-5.5927
-5.59285
-5.59299
-5.59344
-5.59374
-5.59375
-5.59375
-5.59391
-5.59422
-5.59453
-5.59485
-5.59517
-5.59503
-5.59535
-5.59567
-5.59584
-5.59601
-5.59648
-5.59741
-5.59773
-5.5979
-5.59807
-5.59839
-5.59886
-5.59918
-5.59934
-5.59965
-5.59996
-5.60027
-5.60057
-5.60118
-5.60147
-5.60207
-5.60236
-5.6025
-5.60247
-5.60245
-5.60272
-5.60298
-5.60324
-5.60364
-5.60389
-5.60413
-5.60406
-5.60428
-5.6045
-5.6047
-5.6049
-5.60494
-5.60482
-5.60484
-5.60486
-5.60501
-5.60516
-5.60544
-5.60542
-5.60538
-5.60549
-5.60573
-5.60581
-5.60573
-5.60579
-5.60584
-5.60603
-5.60605
-5.60606
-5.60606
-5.6059
-5.60573
-5.60584
-5.60549
-5.60558
-5.60536
-5.60527
-5.60503
-5.60507
-5.60495
-5.60466
-5.60437
-5.60421
-5.60404
-5.60371
-5.60337
-5.60301
-5.6028
-5.60242
-5.60218
-5.60194
-5.60168
-5.60156
-5.60129
-5.601
-5.60086
-5.60071
-5.60039
-5.59992
-5.59944
-5.59926
-5.59922
-5.59902
-5.59882
-5.59846
-5.5984
-5.59819
-5.59812
-5.59789
-5.59766
-5.59774
-5.5975
-5.59727
-5.59688
-5.5965
-5.59611
-5.59573
-5.59519
-5.59481
-5.59443
-5.59405
-5.59367
-5.5936
-5.59277
-5.59211
-5.5922
-5.59184
-5.59149
-5.591
-5.59066
-5.59048
-5.59015
-5.58968
-5.58937
-5.58922
-5.58893
-5.58864
-5.58851
-5.58824
-5.58798
-5.58773
-5.58719
-5.58695
-5.58643
-5.58621
-5.58601
-5.58597
-5.58563
-5.58561
-5.58529
-5.58544
-5.58529
-5.58545
-5.58548
-5.58521
-5.5851
-5.5847
-5.58445
-5.58452
-5.58444
-5.58437
-5.58431
-5.58441
-5.58436
-5.58431
-5.58427
-5.58439
-5.58421
-5.58419
-5.58417
-5.58415
-5.58429
-5.58443
-5.58458
-5.58472
-5.58487
-5.58487
-5.58486
-5.58501
-5.58486
-5.5847
-5.58454
-5.58469
-5.58452
-5.58466
-5.58449
-5.58462
-5.58445
-5.58457
-5.58423
-5.58419
-5.58459
-5.58454
-5.58417
-5.58456
-5.58448
-5.5844
-5.58401
-5.58391
-5.58395
-5.58369
-5.58341
-5.58328
-5.58283
-5.58253
-5.58267
-5.5825
-5.58247
-5.58243
-5.58223
-5.58217
-5.58195
-5.58172
-5.58148
-5.58139
-5.58113
-5.58086
-5.58104
-5.58091
-5.58092
-5.58046
-5.58031
-5.57969
-5.57951
-5.57918
-5.57884
-5.57834
-5.57798
-5.57747
-5.57695
-5.57627
-5.57573
-5.57534
-5.57479
-5.57439
-5.57398
-5.57357
-5.5733
-5.57287
-5.57214
-5.57185
-5.57141
-5.57066
-5.5699
-5.56959
-5.56912
-5.56865
-5.56817
-5.56768
-5.56689
-5.56624
-5.56573
-5.56522
-5.56485
-5.56417
-5.56363
-5.56294
-5.56223
-5.56167
-5.56125
-5.56067
-5.55962
-5.55902
-5.5584
-5.55778
-5.55729
-5.5568
-5.55614
-5.55576
-5.55508
-5.55438
-5.55367
-5.55279
-5.55205
-5.55129
-5.55037
-5.54943
-5.54863
-5.54781
-5.54683
-5.54598
-5.54496
-5.54393
-5.54303
-5.54182
-5.54089
-5.54025
-5.53928
-5.53831
-5.53746
-5.53631
-5.53498
-5.53394
-5.53243
-5.53152
-5.53059
-5.52949
-5.52808
-5.52695
-5.52536
-5.52421
-5.52305
-5.52203
-5.52099
-5.5198
-5.51859
-5.51723
-5.516
-5.51462
-5.51338
-5.51229
-5.51134
-5.51008
-5.50882
-5.50726
-5.50584
-5.50457
-5.503
-5.50173
-5.50047
-5.49935
-5.49809
-5.49698
-5.49572
-5.49447
-5.49338
-5.49214
-5.49106
-5.48968
-5.48847
-5.48727
-5.48562
-5.48445
-5.48343
-5.48228
-5.48114
-5.47972
-5.47861
-5.47737
-5.476
-5.47494
-5.47391
-5.4729
-5.47236
-5.47154
-5.47029
-5.46936
-5.46861
-5.46788
-5.46703
-5.4662
-5.46539
-5.46477
-5.46371
-5.46314
-5.4626
-5.46193
-5.46144
-5.46068
-5.46024
-5.45999
-5.45946
-5.45897
-5.4585
-5.45821
-5.4578
-5.45742
-5.45707
-5.45675
-5.45646
-5.45604
-5.45566
-5.45545
-5.45558
-5.45558
-5.45546
-5.45536
-5.45529
-5.4551
-5.45508
-5.45555
-5.45558
-5.45579
-5.45572
-5.45598
-5.45626
-5.45626
-5.45658
-5.45692
-5.45713
-5.45706
-5.45761
-5.45803
-5.45846
-5.45861
-5.45907
-5.4594
-5.45974
-5.46009
-5.46061
-5.46083
-5.46122
-5.46131
-5.46172
-5.46243
-5.46255
-5.46298
-5.46341
-5.46384
-5.46429
-5.46488
-5.46548
-5.46578
-5.46624
-5.46684
-5.46715
-5.46776
-5.46822
-5.46868
-5.46929
-5.46959
-5.4699
-5.47035
-5.4705
-5.47111
-5.47156
-5.47185
-5.47215
-5.47259
-5.47318
-5.47347
-5.47421
-5.47449
-5.47492
-5.47504
-5.47532
-5.47574
-5.47646
-5.47688
-5.47699
-5.4774
-5.47781
-5.47822
-5.47862
-5.47888
-5.47943
-5.47968
-5.48069
-5.48109
-5.48149
-5.48205
-5.4823
-5.483
-5.48371
-5.48426
-5.48437
-5.48492
-5.48533
-5.4856
-5.48601
-5.48688
-5.48745
-5.48788
-5.48831
-5.48919
-5.48948
-5.48977
-5.49006
-5.49051
-5.49082
-5.49158
-5.49205
-5.49252
-5.49315
-5.49364
-5.49413
-5.49463
-5.49529
-5.4961
-5.49647
-5.497
-5.49753
-5.49807
-5.49862
-5.49918
-5.49974
-5.50047
-5.5009
-5.50148
-5.50223
-5.50298
-5.50344
-5.50406
-5.50484
-5.50562
-5.50626
-5.5069
-5.50755
-5.50836
-5.50887
-5.50954
-5.51022
-5.51135
-5.51204
-5.51288
-5.51372
-5.51457
-5.51512
-5.51613
-5.51654
-5.51725
-5.51781
-5.51852
-5.51923
-5.5201
-5.52082
-5.52198
-5.52285
-5.52326
-5.52383
-5.52469
-5.5254
-5.52626
-5.52712
-5.52782
-5.52852
-5.52921
-5.5299
-5.53059
-5.53142
-5.53209
-5.53276
-5.53342
-5.53407
-5.53487
-5.53567
-5.5363
-5.53647
-5.53709
-5.53771
-5.53816
-5.53891
-5.5395
-5.54008
-5.54065
-5.54106
-5.54162
-5.54187
-5.54226
-5.54264
-5.54317
-5.54338
-5.54359
-5.5444
-5.54535
-5.5457
-5.54588
-5.54636
-5.54668
-5.54761
-5.54807
-5.54853
-5.54898
-5.54943
-5.55003
-5.55047
-5.55106
-5.55134
-5.55162
-5.55189
-5.55247
-5.55289
-5.553
-5.55342
-5.55368
-5.55409
-5.5545
-5.55506
-5.55547
-5.55572
-5.55627
-5.55652
-5.55676
-5.55716
-5.55755
-5.55809
-5.55863
-5.55901
-5.55985
-5.56053
-5.56075
-5.56112
-5.56164
-5.56185
-5.56251
-5.56286
-5.5632
-5.56324
-5.56357
-5.56405
-5.56437
-5.56453
-5.56499
-5.56528
-5.56557
-5.566
-5.56627
-5.56638
-5.56662
-5.56686
-5.56724
-5.5673
-5.56751
-5.56755
-5.56773
-5.5679
-5.5679
-5.56849
-5.56832
-5.56844
-5.56839
-5.56833
-5.56855
-5.56877
-5.56881
-5.569
-5.56902
-5.56917
-5.56916
-5.56914
-5.56925
-5.56904
-5.56898
-5.5692
-5.56925
-5.569
-5.56872
-5.56874
-5.56844
-5.56828
-5.5681
-5.56822
-5.56832
-5.56841
-5.56818
-5.56779
-5.56739
-5.56698
-5.56671
-5.56643
-5.56628
-5.56598
-5.56567
-5.5655
-5.56516
-5.56497
-5.56493
-5.56487
-5.56496
-5.56459
-5.56421
-5.56413
-5.56344
-5.5629
-5.56236
-5.56181
-5.56156
-5.5613
-5.5609
-5.56049
-5.56023
-5.55922
-5.55882
-5.55856
-5.55816
-5.55761
-5.55737
-5.55713
-5.5566
-5.55592
-5.5557
-5.55564
-5.55574
-5.5551
-5.55477
-5.5546
-5.55429
-5.55399
-5.55401
-5.55405
-5.55379
-5.55371
-5.5538
-5.5536
-5.55312
-5.55265
-5.55252
-5.5524
-5.552
-5.55193
-5.55204
-5.55202
-5.55202
-5.5519
-5.55196
-5.55205
-5.55231
-5.55246
-5.55279
-5.55314
-5.55353
-5.55411
-5.55411
-5.5546
-5.55497
-5.55537
-5.55581
-5.55613
-5.55664
-5.55704
-5.55762
-5.55808
-5.55873
-5.55942
-5.5603
-5.56121
-5.562
-5.56253
-5.5634
-5.56415
-5.56524
-5.56636
-5.56722
-5.56825
-5.56917
-5.57013
-5.57111
-5.57243
-5.57377
-5.57499
-5.57655
-5.57768
-5.57898
-5.58016
-5.58151
-5.58243
-5.58383
-5.5851
-5.58653
-5.58799
-5.58931
-5.59079
-5.59214
-5.59365
-5.59487
-5.5964
-5.59778
-5.59932
-5.60057
-5.60182
-5.60337
-5.60492
-5.60632
-5.60817
-5.60956
-5.61155
-5.61308
-5.6146
-5.6158
-5.61745
-5.61878
-5.62055
-5.62231
-5.62359
-5.62516
-5.62686
-5.62808
-5.62929
-5.63062
-5.63177
-5.6329
-5.63431
-5.63553
-5.63673
-5.63805
-5.63904
-5.63985
-5.64077
-5.64167
-5.64268
-5.64381
-5.64491
-5.64552
-5.6467
-5.64754
-5.64835
-5.64912
-5.64986
-5.65056
-5.65153
-5.652
-5.65275
-5.6533
-5.65382
-5.65431
-5.65491
-5.65517
-5.65554
-5.65573
-5.65634
-5.65661
-5.6567
-5.6569
-5.65707
-5.6572
-5.65776
-5.65752
-5.65756
-5.65756
-5.65753
-5.65778
-5.65784
-5.65772
-5.65757
-5.65724
-5.65703
-5.65664
-5.65668
-5.65654
-5.65622
-5.65573
-5.65582
-5.65558
-5.65501
-5.65427
-5.65366
-5.65332
-5.65297
-5.6523
-5.65175
-5.65165
-5.65137
-5.65092
-5.65031
-5.64938
-5.64889
-5.64808
-5.64725
-5.64642
-5.64633
-5.64547
-5.64475
-5.64402
-5.64328
-5.64223
-5.64148
-5.64041
-5.63934
-5.63857
-5.63794
-5.63701
-5.63607
-5.63528
-5.63448
-5.63338
-5.63274
-5.63194
-5.63115
-5.63005
-5.62941
-5.62847
-5.62753
-5.62659
-5.62581
-5.62504
-5.62427
-5.62335
-5.62274
-5.62184
-5.62109
-5.62021
-5.61933
-5.6186
-5.61789
-5.61719
-5.6162
-5.61582
-5.61485
-5.61419
-5.61369
-5.61306
-5.61213
-5.61137
-5.61078
-5.61005
-5.60948
-5.60892
-5.60853
-5.608
-5.60764
-5.60699
-5.60651
-5.60604
-5.60589
-5.60545
-5.60487
-5.60446
-5.60377
-5.60339
-5.60303
-5.60268
-5.60235
-5.60203
-5.60173
-5.60144
-5.60147
-5.60122
-5.60128
-5.60105
-5.60114
-5.6011
-5.60091
-5.60059
-5.60014
-5.60015
-5.59987
-5.5999
-5.5998
-5.59987
-5.59994
-5.60018
-5.60013
-5.59979
-5.59976
-5.59958
-5.59958
-5.59942
-5.59943
-5.5993
-5.59902
-5.59906
-5.5991
-5.5993
-5.59951
-5.59942
-5.59949
-5.59942
-5.59949
-5.59973
-5.59997
-5.59976
-5.59985
-5.6001
-5.6002
-5.60015
-5.60025
-5.60035
-5.6003
-5.60041
-5.60051
-5.60061
-5.60101
-5.60096
-5.6012
-5.60145
-5.60139
-5.60117
-5.6011
-5.60133
-5.60141
-5.60133
-5.60124
-5.60115
-5.60181
-5.60186
-5.60191
-5.60164
-5.60182
-5.6017
-5.60172
-5.60173
-5.60174
-5.60173
-5.60157
-5.60171
-5.60138
-5.60135
-5.60147
-5.60157
-5.60167
-5.60131
-5.60094
-5.60087
-5.60064
-5.6007
-5.60061
-5.60066
-5.601
-5.60089
-5.60092
-5.60064
-5.60081
-5.60052
-5.60037
-5.60007
-5.59991
-5.59975
-5.59958
-5.59986
-5.59969
-5.59935
-5.59886
-5.59867
-5.59863
-5.59828
-5.59808
-5.59788
-5.59782
-5.59761
-5.5974
-5.59749
-5.59727
-5.59705
-5.59668
-5.59677
-5.5964
-5.59618
-5.59596
-5.59574
-5.59567
-5.5953
-5.59509
-5.59503
-5.59497
-5.59476
-5.59456
-5.59436
-5.59387
-5.59383
-5.59364
-5.59316
-5.59254
-5.59237
-5.59221
-5.59206
-5.59177
-5.59163
-5.59165
-5.59169
-5.59158
-5.59148
-5.59109
-5.59087
-5.59065
-5.5906
-5.5904
-5.59038
-5.59036
-5.59036
-5.59021
-5.58994
-5.59043
-5.59064
-5.59055
-5.59064
-5.59089
-5.59131
-5.59129
-5.59144
-5.5916
-5.59194
-5.59213
-5.59235
-5.59258
-5.59298
-5.59325
-5.59338
-5.59368
-5.594
-5.59418
-5.59453
-5.59504
-5.59542
-5.59582
-5.59563
-5.59591
-5.5965
-5.59681
-5.59713
-5.59762
-5.59842
-5.59878
-5.5993
-5.59984
-5.60038
-5.60109
-5.6018
-5.60238
-5.60281
-5.60325
-5.60369
-5.6043
-5.6043
-5.60506
-5.60538
-5.606
-5.60647
-5.60709
-5.60771
-5.60864
-5.60942
-5.61004
-5.61081
-5.61143
-5.61204
-5.61265
-5.61356
-5.61416
-5.61445
-5.61504
-5.61577
-5.61635
-5.61691
-5.61732
-5.61787
-5.6184
-5.61908
-5.61959
-5.62009
-5.62058
-5.62137
-5.62183
-5.62213
-5.62258
-5.623
-5.62357
-5.62412
-5.62526
-5.62548
-5.62569
-5.62574
-5.62591
-5.62623
-5.62668
-5.62712
-5.6277
-5.62796
-5.6282
-5.62873
-5.6288
-5.62885
-5.62889
-5.62906
-5.62937
-5.62907
-5.6292
-5.62933
-5.62944
-5.62968
-5.63007
-5.63014
-5.63036
-5.63056
-5.63075
-5.63078
-5.63094
-5.6308
-5.63065
-5.63079
-5.63076
-5.63073
-5.631
-5.6311
-5.63105
-5.63129
-5.63107
-5.631
-5.63077
-5.63083
-5.63059
-5.63064
-5.63054
-5.63044
-5.63033
-5.63022
-5.63025
-5.63028
-5.63031
-5.63065
-5.63052
-5.63024
-5.63012
-5.62999
-5.62956
-5.62928
-5.629
-5.62857
-5.62875
-5.62832
-5.6282
-5.62793
-5.62796
-5.62769
-5.62728
-5.62717
-5.62676
-5.62665
-5.62655
-5.62661
-5.62651
-5.62642
-5.62634
-5.62626
-5.62648
-5.62671
-5.6268
-5.62674
-5.62653
-5.62648
-5.62613
-5.62594
-5.62606
-5.62588
-5.626
-5.62584
-5.62582
-5.62597
-5.62612
-5.62643
-5.62644
-5.62676
-5.62694
-5.62697
-5.62685
-5.62674
-5.62694
-5.62714
-5.62704
-5.6271
-5.62717
-5.62724
-5.62731
-5.62769
-5.62763
-5.62756
-5.62765
-5.62805
-5.62785
-5.6281
-5.62805
-5.62801
-5.62812
-5.62823
-5.6285
-5.62876
-5.62903
-5.62915
-5.62927
-5.62923
-5.62935
-5.62917
-5.62914
-5.62925
-5.62922
-5.62933
-5.62929
-5.62926
-5.62952
-5.62963
-5.62973
-5.62968
-5.63008
-5.63033
-5.63027
-5.63021
-5.63014
-5.63022
-5.63029
-5.63036
-5.63027
-5.63048
-5.63038
-5.63042
-5.63046
-5.6305
-5.63068
-5.63085
-5.63071
-5.63072
-5.63072
-5.63086
-5.63069
-5.63052
-5.63034
-5.63
-5.62995
-5.62975
-5.62953
-5.62961
-5.62938
-5.62915
-5.62951
-5.62955
-5.62975
-5.62948
-5.6292
-5.62906
-5.62892
-5.62877
-5.6283
-5.62783
-5.62751
-5.62747
-5.62713
-5.62678
-5.62657
-5.62636
-5.62583
-5.6253
-5.62521
-5.62497
-5.62487
-5.62446
-5.62435
-5.62408
-5.6238
-5.62367
-5.62308
-5.62263
-5.62234
-5.62203
-5.62157
-5.62141
-5.62124
-5.62062
-5.62014
-5.61981
-5.61947
-5.61898
-5.61834
-5.61815
-5.61765
-5.6173
-5.6171
-5.61675
-5.61654
-5.61618
-5.61552
-5.61501
-5.6145
-5.61429
-5.61378
-5.61341
-5.6132
-5.61283
-5.61247
-5.61195
-5.61144
-5.61107
-5.61116
-5.6108
-5.61043
-5.60992
-5.60956
-5.60919
-5.60898
-5.60877
-5.60841
-5.60789
-5.60738
-5.60702
-5.60651
-5.6063
-5.60609
-5.60542
-5.60491
-5.60424
-5.60372
-5.60335
-5.60314
-5.60277
-5.60239
-5.60202
-5.60149
-5.60156
-5.60133
-5.60094
-5.60055
-5.6
-5.5999
-5.59949
-5.59892
-5.5985
-5.59808
-5.59794
-5.5975
-5.59721
-5.59705
-5.59674
-5.59611
-5.59578
-5.59559
-5.59509
-5.59458
-5.59391
-5.59367
-5.59313
-5.59242
-5.592
-5.59142
-5.59083
-5.58977
-5.589
-5.58837
-5.58788
-5.58723
-5.58641
-5.58558
-5.58489
-5.58418
-5.58362
-5.58289
-5.58215
-5.5814
-5.58064
-5.57987
-5.57894
-5.57815
-5.5775
-5.57654
-5.57588
-5.57536
-5.57438
-5.57401
-5.57332
-5.57249
-5.57165
-5.57065
-5.56981
-5.56897
-5.56813
-5.56715
-5.56662
-5.56549
-5.56467
-5.56371
-5.56321
-5.56242
-5.56164
-5.56087
-5.56027
-5.55938
-5.5585
-5.55779
-5.55725
-5.55658
-5.55608
-5.5556
-5.55499
-5.55455
-5.55413
-5.55344
-5.55292
-5.55257
-5.5524
-5.55196
-5.55168
-5.55114
-5.55076
-5.55042
-5.5504
-5.55025
-5.55013
-5.54988
-5.54966
-5.54946
-5.54944
-5.54959
-5.54931
-5.5492
-5.54911
-5.54905
-5.54885
-5.54883
-5.54882
-5.54853
-5.54856
-5.5489
-5.54881
-5.54889
-5.54882
-5.54908
-5.54919
-5.54947
-5.54976
-5.54975
-5.54976
-5.54992
-5.55025
-5.55028
-5.55032
-5.55052
-5.55072
-5.55047
-5.55069
-5.5503
-5.55053
-5.55091
-5.55129
-5.55123
-5.55147
-5.55186
-5.55211
-5.55237
-5.55262
-5.55304
-5.55315
-5.55327
-5.55339
-5.55382
-5.55425
-5.55454
-5.55484
-5.55514
-5.5559
-5.55636
-5.55668
-5.55702
-5.55751
-5.55801
-5.55867
-5.55919
-5.55957
-5.56012
-5.56067
-5.56139
-5.56168
-5.56152
-5.56183
-5.56231
-5.56266
-5.56333
-5.56386
-5.56471
-5.56498
-5.56542
-5.56573
-5.56636
-5.56716
-5.56784
-5.56854
-5.56926
-5.57
-5.57047
-5.57096
-5.57192
-5.57276
-5.57378
-5.57467
-5.57604
-5.57698
-5.57795
-5.57894
-5.5798
-5.58145
-5.58252
-5.58391
-5.58503
-5.58632
-5.58763
-5.58897
-5.59003
-5.59126
-5.59251
-5.59408
-5.59538
-5.59699
-5.59832
-5.59966
-5.60163
-5.60286
-5.60395
-5.60521
-5.60647
-5.60775
-5.60934
-5.61064
-5.6124
-5.61386
-5.61518
-5.61681
-5.61843
-5.61976
-5.62123
-5.62256
-5.62403
-5.62534
-5.62711
-5.62856
-5.62985
-5.63174
-5.63302
-5.63458
-5.63598
-5.63722
-5.63874
-5.64009
-5.64112
-5.64258
-5.64372
-5.64499
-5.64609
-5.64731
-5.64851
-5.64983
-5.65081
-5.65193
-5.65331
-5.65436
-5.65553
-5.65637
-5.65733
-5.65825
-5.65959
-5.66014
-5.66126
-5.66188
-5.66263
-5.66333
-5.6643
-5.66478
-5.66552
-5.66562
-5.66613
-5.66676
-5.6675
-5.66774
-5.6681
-5.66841
-5.66884
-5.66893
-5.66912
-5.66973
-5.67
-5.67008
-5.67011
-5.67011
-5.67037
-5.6703
-5.67033
-5.67017
-5.66998
-5.66975
-5.66948
-5.66948
-5.66929
-5.66892
-5.66836
-5.66776
-5.66744
-5.66693
-5.66638
-5.66596
-5.66551
-5.66457
-5.66376
-5.66306
-5.66234
-5.66174
-5.66082
-5.66002
-5.65934
-5.6588
-5.65793
-5.65688
-5.65612
-5.65518
-5.65453
-5.65341
-5.65257
-5.65141
-5.65039
-5.64951
-5.64846
-5.64724
-5.64617
-5.64508
-5.64399
-5.64258
-5.64132
-5.64005
-5.63923
-5.6381
-5.63682
-5.63569
-5.6344
-5.63311
-5.63167
-5.63069
-5.6294
-5.62842
-5.62714
-5.62602
-5.6252
-5.62408
-5.62298
-5.62172
-5.62063
-5.61954
-5.61831
-5.61725
-5.61604
-5.61499
-5.61411
-5.61323
-5.61222
-5.61107
-5.60994
-5.60881
-5.60785
-5.60691
-5.60613
-5.60521
-5.60431
-5.60372
-5.60255
-5.60184
-5.601
-5.60017
-5.59935
-5.59871
-5.59792
-5.5973
-5.5967
-5.59596
-5.59538
-5.59482
-5.59398
-5.59314
-5.59247
-5.59197
-5.59118
-5.5907
-5.58994
-5.58934
-5.58875
-5.58803
-5.58762
-5.58692
-5.58638
-5.58571
-5.5852
-5.585
-5.58452
-5.58389
-5.58358
-5.58298
-5.58254
-5.58196
-5.58155
-5.58115
-5.5806
-5.58022
-5.57986
-5.57935
-5.57916
-5.57898
-5.57836
-5.57805
-5.57776
-5.57748
-5.57721
-5.5771
-5.57701
-5.57663
-5.57642
-5.57637
-5.57618
-5.57601
-5.5757
-5.57556
-5.57558
-5.57531
-5.57506
-5.57497
-5.5749
-5.575
-5.57496
-5.57478
-5.57493
-5.57508
-5.57541
-5.57545
-5.5755
-5.57542
-5.57535
-5.57545
-5.57556
-5.57554
-5.57583
-5.57599
-5.576
-5.57604
-5.57623
-5.57659
-5.57696
-5.57705
-5.57744
-5.57739
-5.57766
-5.57794
-5.57837
-5.57867
-5.57897
-5.57913
-5.5796
-5.57993
-5.5798
-5.57999
-5.58033
-5.58082
-5.58117
-5.58152
-5.58172
-5.58192
-5.58243
-5.58293
-5.58344
-5.58364
-5.58384
-5.58388
-5.58423
-5.58472
-5.58521
-5.58569
-5.58602
-5.58649
-5.5868
-5.58711
-5.58741
-5.58801
-5.5886
-5.58872
-5.58899
-5.5891
-5.5892
-5.58945
-5.58968
-5.58976
-5.58997
-5.59033
-5.59053
-5.59072
-5.59105
-5.59123
-5.59154
-5.59185
-5.59215
-5.59214
-5.59212
-5.5921
-5.59207
-5.59219
-5.59245
-5.59256
-5.59297
-5.59246
-5.59256
-5.59236
-5.5923
-5.5927
-5.59279
-5.59274
-5.59299
-5.59354
-5.5938
-5.59405
-5.59416
-5.59443
-5.59471
-5.59468
-5.59482
-5.59482
-5.59482
-5.59499
-5.59516
-5.59535
-5.59524
-5.59561
-5.59568
-5.59562
-5.59602
-5.59629
-5.59627
-5.59642
-5.59659
-5.59662
-5.59697
-5.59719
-5.59743
-5.59768
-5.59826
-5.59885
-5.59931
-5.60009
-5.60059
-5.60095
-5.60148
-5.60219
-5.6026
-5.60319
-5.6038
-5.60442
-5.6049
-5.60555
-5.60638
-5.60721
-5.60791
-5.60862
-5.60935
-5.61023
-5.61113
-5.61189
-5.61251
-5.61314
-5.61408
-5.61487
-5.61552
-5.61633
-5.61684
-5.6175
-5.61832
-5.61899
-5.61996
-5.62079
-5.62176
-5.62258
-5.62295
-5.62392
-5.62488
-5.62554
-5.62619
-5.62699
-5.62763
-5.62842
-5.6292
-5.62981
-5.63057
-5.63132
-5.63221
-5.63264
-5.63351
-5.63452
-5.63521
-5.6359
-5.63657
-5.63722
-5.63787
-5.63834
-5.63895
-5.63955
-5.63983
-5.6404
-5.64126
-5.64179
-5.64231
-5.64267
-5.64315
-5.64347
-5.64393
-5.64422
-5.64494
-5.64519
-5.64543
-5.64565
-5.64585
-5.64604
-5.6462
-5.64635
-5.64694
-5.64751
-5.64791
-5.64814
-5.64806
-5.64811
-5.64844
-5.6486
-5.6489
-5.64888
-5.64884
-5.64833
-5.64871
-5.64847
-5.64882
-5.6487
-5.64916
-5.64916
-5.64914
-5.64955
-5.64919
-5.64912
-5.64918
-5.64968
-5.6491
-5.64927
-5.64926
-5.64939
-5.6489
-5.64885
-5.64878
-5.64854
-5.64829
-5.64802
-5.64789
-5.64758
-5.64727
-5.64723
-5.64703
-5.64652
-5.64628
-5.64573
-5.64532
-5.64474
-5.64399
-5.64352
-5.64304
-5.64255
-5.64219
-5.64151
-5.64052
-5.63996
-5.63924
-5.63865
-5.63805
-5.63713
-5.63635
-5.6357
-5.63489
-5.63421
-5.63352
-5.63281
-5.63209
-5.63135
-5.63075
-5.62984
-5.62906
-5.62812
-5.62731
-5.62695
-5.62612
-5.62528
-5.62442
-5.6231
-5.62207
-5.62118
-5.62028
-5.61936
-5.61829
-5.61765
-5.61671
-5.61575
-5.61463
-5.61381
-5.61298
-5.61228
-5.61128
-5.61027
-5.60911
-5.60793
-5.6069
-5.60586
-5.60482
-5.60377
-5.60272
-5.60212
-5.60106
-5.59984
-5.59862
-5.59785
-5.59663
-5.59556
-5.59449
-5.59341
-5.59219
-5.59112
-5.59005
-5.58883
-5.58761
-5.58639
-5.58549
-5.58443
-5.58338
-5.58218
-5.58114
-5.58026
-5.57923
-5.57821
-5.5772
-5.57604
-5.57519
-5.57421
-5.57323
-5.57211
-5.57145
-5.57035
-5.56926
-5.56833
-5.56727
-5.56621
-5.56547
-5.56459
-5.56388
-5.56302
-5.56218
-5.56135
-5.56069
-5.55989
-5.55955
-5.55878
-5.55817
-5.55758
-5.557
-5.55643
-5.55588
-5.55504
-5.55452
-5.55431
-5.55352
-5.55258
-5.55212
-5.55122
-5.55063
-5.5502
-5.54949
-5.54864
-5.54811
-5.54744
-5.54723
-5.54674
-5.54611
-5.54564
-5.54563
-5.54519
-5.54476
-5.54449
-5.54408
-5.54369
-5.5433
-5.54293
-5.54242
-5.54237
-5.54188
-5.5414
-5.54154
-5.54123
-5.54094
-5.5408
-5.54052
-5.54056
-5.54031
-5.54006
-5.53983
-5.5396
-5.53939
-5.53918
-5.53884
-5.53865
-5.53848
-5.53832
-5.53817
-5.53818
-5.5379
-5.53763
-5.53737
-5.53743
-5.53734
-5.53727
-5.53721
-5.53716
-5.53713
-5.5371
-5.53724
-5.53725
-5.53711
-5.53699
-5.53673
-5.53694
-5.53686
-5.5371
-5.53721
-5.53732
-5.53746
-5.53761
-5.53792
-5.5381
-5.5383
-5.53866
-5.53874
-5.53883
-5.53909
-5.53967
-5.54027
-5.54073
-5.54105
-5.5414
-5.54175
-5.54198
-5.54222
-5.54247
-5.54289
-5.54333
-5.54363
-5.5441
-5.54473
-5.54492
-5.54542
-5.54609
-5.54677
-5.54732
-5.54772
-5.54828
-5.549
-5.54989
-5.55048
-5.55092
-5.55152
-5.55244
-5.55305
-5.55367
-5.55429
-5.55476
-5.55584
-5.55662
-5.55769
-5.55817
-5.55879
-5.55956
-5.55988
-5.56049
-5.5611
-5.56185
-5.5626
-5.56288
-5.56346
-5.56403
-5.56475
-5.56515
-5.56569
-5.56637
-5.56704
-5.56755
-5.56804
-5.56838
-5.56885
-5.56915
-5.5696
-5.57003
-5.57045
-5.57071
-5.5711
-5.57148
-5.57185
-5.57237
-5.57271
-5.57305
-5.57338
-5.57355
-5.57355
-5.57401
-5.5743
-5.57459
-5.57488
-5.57501
-5.57529
-5.57587
-5.57599
-5.57642
-5.57685
-5.57713
-5.57757
-5.57786
-5.57831
-5.57847
-5.57908
-5.57926
-5.5796
-5.58025
-5.58062
-5.581
-5.58124
-5.58181
-5.58194
-5.58239
-5.58286
-5.5835
-5.58386
-5.58439
-5.58494
-5.58552
-5.58611
-5.58658
-5.58706
-5.58772
-5.58824
-5.58879
-5.58935
-5.58993
-5.59052
-5.59128
-5.59191
-5.59284
-5.59379
-5.59475
-5.59556
-5.59653
-5.59765
-5.59862
-5.59959
-5.60041
-5.60122
-5.60188
-5.60283
-5.60346
-5.60423
-5.60498
-5.60572
-5.60674
-5.60744
-5.60811
-5.60875
-5.60937
-5.60981
-5.61068
-5.61105
-5.61155
-5.61186
-5.61214
-5.61253
-5.61334
-5.61366
-5.61409
-5.61448
-5.61453
-5.61484
-5.61482
-5.6146
-5.61495
-5.6148
-5.61478
-5.61456
-5.61415
-5.61386
-5.61353
-5.61348
-5.61308
-5.61281
-5.61295
-5.61246
-5.6118
-5.6114
-5.61083
-5.61024
-5.60977
-5.60928
-5.60892
-5.6084
-5.60801
-5.6076
-5.60718
-5.60659
-5.60614
-5.60539
-5.60478
-5.60416
-5.60353
-5.60306
-5.60228
-5.60165
-5.60103
-5.60056
-5.59995
-5.59904
-5.59874
-5.598
-5.59711
-5.59639
-5.59584
-5.59529
-5.59507
-5.59425
-5.59376
-5.59344
-5.59283
-5.59255
-5.59213
-5.59174
-5.59137
-5.59102
-5.59085
-5.5907
-5.59072
-5.59062
-5.59024
-5.59004
-5.58987
-5.58987
-5.58975
-5.58965
-5.58958
-5.58968
-5.58951
-5.58952
-5.5894
-5.58945
-5.58953
-5.58979
-5.58992
-5.59007
-5.59025
-5.59045
-5.59082
-5.59107
-5.59103
-5.59132
-5.59147
-5.59165
-5.5926
-5.59281
-5.59274
-5.59314
-5.5937
-5.59398
-5.59427
-5.59487
-5.59534
-5.59551
-5.59615
-5.5968
-5.5973
-5.59827
-5.59879
-5.59961
-5.60014
-5.60067
-5.60105
-5.60143
-5.60181
-5.60234
-5.60287
-5.60339
-5.60406
-5.60488
-5.60493
-5.60543
-5.60577
-5.60626
-5.60688
-5.60734
-5.60779
-5.60853
-5.60941
-5.60982
-5.61037
-5.61075
-5.61096
-5.61175
-5.61223
-5.61254
-5.61283
-5.61279
-5.61289
-5.61312
-5.61317
-5.6132
-5.61321
-5.6129
-5.61317
-5.61356
-5.61378
-5.61413
-5.61416
-5.61416
-5.61428
-5.61438
-5.61446
-5.61437
-5.6141
-5.61365
-5.61333
-5.61314
-5.61293
-5.61239
-5.61228
-5.61215
-5.61185
-5.61122
-5.61087
-5.6105
-5.60981
-5.6097
-5.60927
-5.60882
-5.6082
-5.60756
-5.60706
-5.60653
-5.60569
-5.60513
-5.60441
-5.60382
-5.60352
-5.60276
-5.60198
-5.60149
-5.60098
-5.60002
-5.59919
-5.59836
-5.59782
-5.59712
-5.59626
-5.59554
-5.59467
-5.5941
-5.59337
-5.59278
-5.59189
-5.59146
-5.59056
-5.58997
-5.58908
-5.58834
-5.5879
-5.58701
-5.58628
-5.58554
-5.58497
-5.5847
-5.58398
-5.58327
-5.58272
-5.58202
-5.58118
-5.58035
-5.57953
-5.57872
-5.57777
-5.57698
-5.57636
-5.57574
-5.57514
-5.57471
-5.57414
-5.57388
-5.57334
-5.57281
-5.57215
-5.57165
-5.57132
-5.57116
-5.57087
-5.57029
-5.56988
-5.56949
-5.56866
-5.56786
-5.56752
-5.5675
-5.56706
-5.56678
-5.56652
-5.56628
-5.5659
-5.5657
-5.56567
-5.56581
-5.56582
-5.5654
-5.56545
-5.56566
-5.5656
-5.56571
-5.56553
-5.56522
-5.56509
-5.56497
-5.56533
-5.56555
-5.56564
-5.56544
-5.56557
-5.56587
-5.56603
-5.56621
-5.56656
-5.56648
-5.56656
-5.56696
-5.56723
-5.56751
-5.56766
-5.56797
-5.56845
-5.56895
-5.56961
-5.56999
-5.57038
-5.57078
-5.5712
-5.57148
-5.57163
-5.57224
-5.57256
-5.57304
-5.57354
-5.5742
-5.57487
-5.5754
-5.5761
-5.5768
-5.57722
-5.57779
-5.57808
-5.57852
-5.57882
-5.57913
-5.57975
-5.58053
-5.58117
-5.58151
-5.58232
-5.58283
-5.58349
-5.58416
-5.58484
-5.58552
-5.58621
-5.58691
-5.5876
-5.58831
-5.58901
-5.59002
-5.59073
-5.5913
-5.59201
-5.59288
-5.59375
-5.59477
-5.59549
-5.59621
-5.59647
-5.59719
-5.59775
-5.59831
-5.59902
-5.59988
-5.60073
-5.60143
-5.60213
-5.60266
-5.60274
-5.60342
-5.60409
-5.60521
-5.60557
-5.60622
-5.60671
-5.6072
-5.60782
-5.60814
-5.60859
-5.60934
-5.60993
-5.61066
-5.61107
-5.61177
-5.61216
-5.61285
-5.61336
-5.61372
-5.61391
-5.61454
-5.61501
-5.61561
-5.61605
-5.61632
-5.61674
-5.61728
-5.61752
-5.61773
-5.61809
-5.61843
-5.61846
-5.61862
-5.61892
-5.61905
-5.61917
-5.61942
-5.61982
-5.6202
-5.62026
-5.62061
-5.62095
-5.62112
-5.62144
-5.62159
-5.62172
-5.62169
-5.62195
-5.6219
-5.62214
-5.62221
-5.62243
-5.62248
-5.62252
-5.62255
-5.62227
-5.62258
-5.62258
-5.62257
-5.6227
-5.62313
-5.62309
-5.62305
-5.62285
-5.62279
-5.62273
-5.6225
-5.62288
-5.6228
-5.62301
-5.62276
-5.62251
-5.6224
-5.62229
-5.62233
-5.62206
-5.62194
-5.62196
-5.62214
-5.62215
-5.62187
-5.62173
-5.62144
-5.6213
-5.62116
-5.62087
-5.62088
-5.62103
-5.62074
-5.6206
-5.62061
-5.62017
-5.62003
-5.61974
-5.6196
-5.61931
-5.61888
-5.61875
-5.61877
-5.61864
-5.61852
-5.6184
-5.61844
-5.61832
-5.61821
-5.61795
-5.61799
-5.61789
-5.61764
-5.61754
-5.61745
-5.6172
-5.61711
-5.61703
-5.61694
-5.61686
-5.61663
-5.61685
-5.61678
-5.6164
-5.61633
-5.6158
-5.61573
-5.61551
-5.61544
-5.61552
-5.61561
-5.61569
-5.61561
-5.61539
-5.61562
-5.61539
-5.61561
-5.61538
-5.61514
-5.6149
-5.6148
-5.6144
-5.6143
-5.61419
-5.61361
-5.6141
-5.61366
-5.61338
-5.61323
-5.61308
-5.61276
-5.61259
-5.61226
-5.61207
-5.61172
-5.61196
-5.61189
-5.61165
-5.61156
-5.6113
-5.61103
-5.6109
-5.6103
-5.61014
-5.60982
-5.60994
-5.60914
-5.60878
-5.6084
-5.60801
-5.60761
-5.60734
-5.6069
-5.60646
-5.60569
-5.60537
-5.60472
-5.60422
-5.60415
-5.60362
-5.60307
-5.60251
-5.60193
-5.60134
-5.60074
-5.59982
-5.59934
-5.59854
-5.59789
-5.59722
-5.59654
-5.59584
-5.59544
-5.59488
-5.5943
-5.59356
-5.59297
-5.59221
-5.59129
-5.59036
-5.58942
-5.58877
-5.58782
-5.5867
-5.58588
-5.58506
-5.58422
-5.58323
-5.58238
-5.58152
-5.58051
-5.57934
-5.57832
-5.57744
-5.57625
-5.57536
-5.57431
-5.57326
-5.57251
-5.5716
-5.57069
-5.56962
-5.5684
-5.56763
-5.5667
-5.56578
-5.56469
-5.56375
-5.56266
-5.56172
-5.56093
-5.56013
-5.55918
-5.55823
-5.55742
-5.55631
-5.5552
-5.55439
-5.55342
-5.55245
-5.55118
-5.55005
-5.54908
-5.5481
-5.54727
-5.54628
-5.54529
-5.54445
-5.54361
-5.54276
-5.54161
-5.54046
-5.5393
-5.53828
-5.53712
-5.53655
-5.53537
-5.53434
-5.5333
-5.53226
-5.53152
-5.53047
-5.52941
-5.52835
-5.52727
-5.52589
-5.52466
-5.52356
-5.52231
-5.5212
-5.52038
-5.51926
-5.51797
-5.51682
-5.51567
-5.5145
-5.51348
-5.51229
-5.51109
-5.50973
-5.50865
-5.50727
-5.50617
-5.50506
-5.50364
-5.50235
-5.50121
-5.49974
-5.49857
-5.49723
-5.49573
-5.49452
-5.49299
-5.4916
-5.49035
-5.48909
-5.48766
-5.48638
-5.48478
-5.48362
-5.4823
-5.48083
-5.47919
-5.4777
-5.4762
-5.47485
-5.47319
-5.47167
-5.47016
-5.46864
-5.46713
-5.46561
-5.4641
-5.4626
-5.4614
-5.46006
-5.45797
-5.45634
-5.45488
-5.45329
-5.45171
-5.44999
-5.44845
-5.44693
-5.44589
-5.44442
-5.44298
-5.44156
-5.44033
-5.43914
-5.43798
-5.43685
-5.43546
-5.43412
-5.43326
-5.4323
-5.43139
-5.43037
-5.42955
-5.42879
-5.42807
-5.42741
-5.42679
-5.42624
-5.42574
-5.42529
-5.42506
-5.42457
-5.42445
-5.42439
-5.42409
-5.42415
-5.42411
-5.42414
-5.42453
-5.42467
-5.42488
-5.42545
-5.42577
-5.4263
-5.42659
-5.42679
-5.42749
-5.4281
-5.42892
-5.42949
-5.43056
-5.43123
-5.43211
-5.43318
-5.43431
-5.43518
-5.43624
-5.43735
-5.43836
-5.4397
-5.44124
-5.44252
-5.44414
-5.44534
-5.44688
-5.44845
-5.4499
-5.45138
-5.45305
-5.45429
-5.45585
-5.45744
-5.45906
-5.4607
-5.4622
-5.46388
-5.46557
-5.46728
-5.46916
-5.47075
-5.4722
-5.47412
-5.47574
-5.47722
-5.47886
-5.48066
-5.48246
-5.48441
-5.48637
-5.48833
-5.49044
-5.49224
-5.49405
-5.49554
-5.49734
-5.49898
-5.50076
-5.50239
-5.504
-5.5056
-5.5075
-5.50938
-5.5111
-5.51281
-5.5148
-5.51617
-5.51768
-5.51916
-5.52108
-5.52268
-5.52426
-5.52612
-5.52736
-5.52887
-5.53036
-5.53182
-5.53326
-5.53452
-5.53591
-5.53726
-5.53859
-5.54005
-5.54132
-5.54241
-5.54333
-5.54451
-5.54581
-5.54694
-5.54803
-5.54909
-5.55012
-5.55127
-5.55208
-5.55317
-5.55392
-5.55464
-5.55548
-5.55628
-5.55706
-5.55795
-5.55882
-5.5595
-5.5603
-5.56107
-5.56151
-5.56177
-5.5623
-5.5628
-5.56327
-5.56387
-5.56413
-5.56467
-5.56503
-5.56552
-5.56568
-5.56597
-5.56668
-5.56677
-5.56684
-5.56703
-5.56736
-5.56751
-5.56764
-5.56775
-5.56784
-5.56807
-5.56828
-5.56832
-5.56834
-5.5685
-5.56865
-5.56833
-5.56829
-5.56825
-5.56804
-5.56812
-5.56789
-5.5678
-5.56786
-5.5679
-5.56763
-5.56721
-5.56708
-5.56664
-5.56619
-5.56589
-5.56589
-5.56603
-5.56602
-5.56585
-5.56583
-5.5655
-5.56548
-5.56545
-5.56541
-5.56523
-5.56519
-5.56484
-5.5645
-5.56431
-5.56351
-5.56316
-5.56281
-5.56276
-5.56271
-5.56251
-5.56215
-5.56194
-5.56174
-5.56168
-5.56177
-5.56156
-5.56149
-5.56112
-5.56076
-5.56069
-5.56061
-5.56069
-5.56031
-5.56008
-5.55985
-5.55961
-5.55906
-5.55897
-5.55872
-5.55862
-5.55836
-5.5584
-5.55813
-5.55801
-5.55773
-5.55745
-5.55731
-5.55716
-5.55686
-5.55656
-5.55609
-5.55577
-5.55544
-5.55496
-5.55507
-5.55473
-5.55407
-5.55371
-5.55289
-5.55267
-5.55229
-5.55205
-5.55181
-5.5514
-5.55084
-5.55027
-5.5497
-5.54942
-5.54899
-5.54839
-5.54794
-5.54734
-5.54718
-5.54687
-5.54624
-5.54577
-5.54529
-5.54481
-5.54447
-5.54398
-5.54349
-5.54299
-5.54234
-5.54184
-5.54104
-5.54054
-5.54019
-5.53983
-5.53888
-5.53853
-5.53803
-5.53784
-5.53735
-5.53701
-5.53668
-5.53635
-5.53588
-5.53571
-5.53525
-5.53465
-5.53435
-5.53406
-5.53379
-5.53307
-5.53281
-5.53241
-5.53172
-5.53134
-5.53083
-5.53048
-5.53014
-5.52997
-5.52966
-5.52921
-5.52878
-5.52852
-5.52827
-5.52788
-5.52736
-5.52731
-5.52713
-5.52696
-5.52696
-5.52697
-5.52685
-5.5266
-5.52666
-5.52659
-5.52653
-5.52634
-5.52632
-5.52646
-5.52647
-5.52679
-5.52698
-5.52672
-5.52693
-5.52731
-5.5274
-5.52734
-5.5276
-5.52756
-5.52754
-5.52767
-5.52782
-5.52781
-5.52797
-5.52813
-5.52815
-5.52832
-5.52879
-5.52897
-5.52914
-5.52947
-5.52965
-5.52983
-5.52985
-5.53002
-5.53034
-5.53081
-5.53082
-5.53082
-5.53097
-5.53112
-5.5314
-5.53153
-5.53196
-5.53207
-5.53233
-5.53242
-5.53236
-5.53213
-5.5322
-5.53241
-5.5323
-5.53234
-5.53221
-5.53223
-5.53238
-5.53268
-5.53296
-5.53309
-5.53305
-5.533
-5.53279
-5.53273
-5.53295
-5.53272
-5.53263
-5.53268
-5.53257
-5.5323
-5.53263
-5.53266
-5.53207
-5.53194
-5.5315
-5.53151
-5.53136
-5.53122
-5.53122
-5.53123
-5.53108
-5.53094
-5.53064
-5.53036
-5.53037
-5.53055
-5.53027
-5.53031
-5.53035
-5.53025
-5.53
-5.52977
-5.52985
-5.52979
-5.52974
-5.5297
-5.52952
-5.52951
-5.52951
-5.52968
-5.52986
-5.53006
-5.52998
-5.53006
-5.53016
-5.53027
-5.5307
-5.53085
-5.53072
-5.5309
-5.53111
-5.53148
-5.53172
-5.53197
-5.53225
-5.53269
-5.53299
-5.53332
-5.53366
-5.53401
-5.53438
-5.53477
-5.53502
-5.53543
-5.53586
-5.53615
-5.5363
-5.53677
-5.53724
-5.53788
-5.53838
-5.53873
-5.53924
-5.53961
-5.54028
-5.54066
-5.5412
-5.54159
-5.54213
-5.54328
-5.54368
-5.54408
-5.54478
-5.54532
-5.54602
-5.54671
-5.54755
-5.54778
-5.54861
-5.54913
-5.54964
-5.54984
-5.55019
-5.55037
-5.55084
-5.55161
-5.55205
-5.55249
-5.55291
-5.55317
-5.55356
-5.55393
-5.55398
-5.55432
-5.55464
-5.5551
-5.55523
-5.55565
-5.55589
-5.55596
-5.55586
-5.55619
-5.55634
-5.55648
-5.55659
-5.55667
-5.55673
-5.55647
-5.55663
-5.55647
-5.55643
-5.55622
-5.55598
-5.55587
-5.55558
-5.55572
-5.55553
-5.55531
-5.55477
-5.5545
-5.55451
-5.55464
-5.55415
-5.55378
-5.55338
-5.55281
-5.55237
-5.55175
-5.5508
-5.55028
-5.54959
-5.54902
-5.54829
-5.54767
-5.54689
-5.54623
-5.54571
-5.54501
-5.54399
-5.54341
-5.54265
-5.54202
-5.54108
-5.54012
-5.53944
-5.53875
-5.53804
-5.53701
-5.53628
-5.53523
-5.53431
-5.53323
-5.53215
-5.53135
-5.53054
-5.52943
-5.5283
-5.52732
-5.52634
-5.5255
-5.5248
-5.52411
-5.52326
-5.52211
-5.5211
-5.52056
-5.51941
-5.51826
-5.51712
-5.51613
-5.51516
-5.51418
-5.51322
-5.51211
-5.51117
-5.51024
-5.50932
-5.50872
-5.50783
-5.50696
-5.5061
-5.50527
-5.50476
-5.50411
-5.50334
-5.50244
-5.50172
-5.50087
-5.50005
-5.49941
-5.4988
-5.49821
-5.49751
-5.49684
-5.49636
-5.4959
-5.49549
-5.49526
-5.49446
-5.49415
-5.49389
-5.49381
-5.49377
-5.49347
-5.49336
-5.49345
-5.49312
-5.49298
-5.49304
-5.49299
-5.49344
-5.49378
-5.494
-5.49443
-5.49474
-5.4948
-5.49505
-5.49564
-5.49612
-5.4965
-5.49706
-5.49767
-5.49847
-5.49915
-5.49988
-5.50064
-5.50144
-5.50227
-5.50299
-5.5039
-5.50499
-5.50611
-5.50727
-5.5083
-5.50876
-5.50986
-5.51098
-5.51227
-5.5136
-5.51479
-5.51616
-5.51755
-5.51911
-5.52024
-5.52138
-5.52285
-5.52447
-5.52612
-5.52747
-5.52868
-5.53005
-5.53144
-5.53282
-5.53422
-5.53577
-5.53717
-5.53857
-5.53998
-5.54153
-5.54309
-5.54449
-5.54558
-5.54727
-5.5485
-5.54988
-5.55125
-5.55261
-5.55396
-5.55529
-5.55662
-5.55808
-5.55923
-5.56051
-5.56177
-5.56302
-5.5644
-5.56562
-5.56681
-5.56753
-5.56883
-5.57011
-5.57107
-5.57186
-5.57292
-5.57411
-5.57513
-5.57597
-5.57693
-5.57787
-5.57878
-5.57982
-5.58083
-5.58166
-5.58246
-5.58294
-5.58353
-5.5841
-5.58479
-5.58545
-5.58638
-5.58713
-5.5877
-5.58794
-5.58845
-5.58893
-5.58998
-5.59055
-5.59064
-5.59084
-5.59102
-5.59146
-5.59172
-5.59195
-5.59231
-5.59247
-5.59261
-5.59287
-5.59264
-5.59298
-5.59314
-5.59297
-5.59292
-5.59299
-5.59288
-5.59258
-5.59271
-5.59235
-5.59227
-5.5917
-5.59201
-5.59168
-5.59178
-5.59124
-5.59097
-5.59068
-5.5902
-5.58954
-5.58916
-5.58875
-5.58815
-5.58753
-5.58734
-5.58666
-5.58595
-5.58552
-5.58491
-5.58412
-5.58376
-5.58307
-5.58236
-5.58147
-5.5804
-5.57946
-5.5785
-5.57721
-5.5762
-5.57502
-5.57381
-5.57289
-5.57195
-5.57098
-5.5697
-5.5684
-5.56723
-5.56589
-5.56469
-5.56332
-5.56209
-5.56099
-5.55958
-5.55831
-5.55719
-5.55605
-5.5546
-5.55315
-5.55153
-5.55037
-5.54905
-5.54758
-5.54641
-5.54509
-5.54361
-5.54215
-5.54083
-5.53937
-5.53777
-5.53617
-5.53489
-5.53391
-5.53265
-5.53155
-5.53047
-5.5294
-5.5282
-5.52671
-5.52555
-5.5244
-5.52313
-5.52188
-5.52081
-5.52006
-5.51904
-5.51774
-5.51693
-5.51614
-5.51523
-5.51405
-5.5132
-5.51239
-5.51146
-5.51071
-5.50999
-5.50901
-5.50806
-5.50715
-5.50657
-5.50588
-5.50522
-5.5046
-5.50402
-5.50377
-5.5031
-5.50262
-5.50232
-5.50191
-5.50183
-5.50164
-5.50148
-5.50135
-5.5011
-5.50089
-5.50085
-5.501
-5.50102
-5.50108
-5.50116
-5.50127
-5.50125
-5.50141
-5.50175
-5.50181
-5.50205
-5.50215
-5.50243
-5.50243
-5.50305
-5.50355
-5.50391
-5.50429
-5.50453
-5.50494
-5.50537
-5.50581
-5.50597
-5.50644
-5.50662
-5.50712
-5.50747
-5.50784
-5.50867
-5.50936
-5.51006
-5.51061
-5.51117
-5.51205
-5.51247
-5.5129
-5.51349
-5.51408
-5.51483
-5.51543
-5.51603
-5.51664
-5.5174
-5.51786
-5.51847
-5.51908
-5.5197
-5.52016
-5.52093
-5.5214
-5.52186
-5.52263
-5.52325
-5.52402
-5.52463
-5.52525
-5.52616
-5.52692
-5.52738
-5.52814
-5.52875
-5.5295
-5.53026
-5.53086
-5.53131
-5.5322
-5.5328
-5.53339
-5.53398
-5.53456
-5.5353
-5.53603
-5.53646
-5.53688
-5.5376
-5.53817
-5.53844
-5.53901
-5.53972
-5.54028
-5.54069
-5.54124
-5.5424
-5.5431
-5.5435
-5.54434
-5.54459
-5.54513
-5.54536
-5.5462
-5.54689
-5.54727
-5.5478
-5.54817
-5.5484
-5.54877
-5.54959
-5.54995
-5.55047
-5.55083
-5.55119
-5.55169
-5.55205
-5.5527
-5.55335
-5.55384
-5.55434
-5.55498
-5.55561
-5.5561
-5.55643
-5.5566
-5.55722
-5.55739
-5.5577
-5.55832
-5.55878
-5.55923
-5.55953
-5.55982
-5.56026
-5.56085
-5.56113
-5.56186
-5.56213
-5.56285
-5.56311
-5.56321
-5.56362
-5.56401
-5.5644
-5.56478
-5.56516
-5.56568
-5.56604
-5.5664
-5.5666
-5.56649
-5.56728
-5.56761
-5.56808
-5.56839
-5.5684
-5.5687
-5.56884
-5.56928
-5.56985
-5.57012
-5.56993
-5.57048
-5.57103
-5.57141
-5.57179
-5.57186
-5.57221
-5.57241
-5.57275
-5.57293
-5.57295
-5.57281
-5.57297
-5.57311
-5.57324
-5.57322
-5.57318
-5.57359
-5.57369
-5.57377
-5.574
-5.57453
-5.57444
-5.57434
-5.57408
-5.57411
-5.57399
-5.574
-5.57401
-5.57431
-5.5743
-5.57414
-5.57411
-5.57423
-5.57403
-5.57368
-5.57378
-5.57371
-5.57379
-5.5734
-5.57362
-5.57367
-5.57372
-5.57361
-5.57379
-5.57336
-5.57323
-5.57309
-5.5731
-5.57325
-5.57324
-5.57307
-5.5732
-5.57302
-5.57268
-5.57248
-5.57228
-5.57207
-5.572
-5.57178
-5.57125
-5.57101
-5.57092
-5.57067
-5.57027
-5.56985
-5.56943
-5.56915
-5.56887
-5.56858
-5.56843
-5.56797
-5.56766
-5.56734
-5.56701
-5.56667
-5.56633
-5.56598
-5.56547
-5.56495
-5.56473
-5.5642
-5.56381
-5.56371
-5.5633
-5.56289
-5.56246
-5.56203
-5.56189
-5.56144
-5.56098
-5.56067
-5.56019
-5.55956
-5.55937
-5.55902
-5.55866
-5.55784
-5.55717
-5.55648
-5.55594
-5.55509
-5.55453
-5.55412
-5.55354
-5.55296
-5.55237
-5.55178
-5.55117
-5.55041
-5.54979
-5.54902
-5.54824
-5.5476
-5.54696
-5.54632
-5.54566
-5.54531
-5.5448
-5.54414
-5.54332
-5.5425
-5.54183
-5.541
-5.54003
-5.53935
-5.53867
-5.538
-5.53763
-5.5371
-5.53628
-5.53516
-5.53449
-5.53383
-5.53302
-5.53282
-5.53217
-5.53138
-5.53044
-5.52997
-5.52934
-5.52888
-5.52843
-5.52769
-5.5271
-5.52668
-5.52597
-5.52557
-5.52518
-5.52466
-5.5243
-5.52395
-5.52332
-5.52285
-5.5224
-5.52166
-5.52079
-5.52038
-5.52
-5.52008
-5.51988
-5.5197
-5.51953
-5.51939
-5.51896
-5.51885
-5.51861
-5.51854
-5.51834
-5.51816
-5.51799
-5.518
-5.51787
-5.51776
-5.51753
-5.51746
-5.5171
-5.51722
-5.51706
-5.51691
-5.51693
-5.51697
-5.51718
-5.51755
-5.51749
-5.51729
-5.51726
-5.5174
-5.51755
-5.51772
-5.51805
-5.51824
-5.51829
-5.51866
-5.51874
-5.51913
-5.51953
-5.51949
-5.51946
-5.51943
-5.51972
-5.52002
-5.52032
-5.52032
-5.52064
-5.5208
-5.52113
-5.52161
-5.52178
-5.52242
-5.52275
-5.52309
-5.52327
-5.52376
-5.52424
-5.52457
-5.5246
-5.52492
-5.52539
-5.52586
-5.52632
-5.52648
-5.52663
-5.52692
-5.52766
-5.52778
-5.5279
-5.52831
-5.5287
-5.52894
-5.52916
-5.52922
-5.52942
-5.5299
-5.52977
-5.52992
-5.53022
-5.53034
-5.53029
-5.53053
-5.53076
-5.53081
-5.53085
-5.53087
-5.53101
-5.53099
-5.53095
-5.53058
-5.5302
-5.52995
-5.52982
-5.52998
-5.52951
-5.52947
-5.52941
-5.52903
-5.52863
-5.5282
-5.52745
-5.52729
-5.5268
-5.52614
-5.52562
-5.52507
-5.5248
-5.52467
-5.52421
-5.52389
-5.5234
-5.52289
-5.52237
-5.52183
-5.52128
-5.52071
-5.51997
-5.51953
-5.51878
-5.51816
-5.51738
-5.51706
-5.51627
-5.51577
-5.51528
-5.51448
-5.51382
-5.51332
-5.51252
-5.51157
-5.51092
-5.51059
-5.50996
-5.50918
-5.50856
-5.50796
-5.50737
-5.50664
-5.50562
-5.50522
-5.50454
-5.50418
-5.50369
-5.50322
-5.50278
-5.50236
-5.50196
-5.50189
-5.5014
-5.50093
-5.5008
-5.50039
-5.50032
-5.50043
-5.50026
-5.49999
-5.49974
-5.49953
-5.49935
-5.49951
-5.49955
-5.49948
-5.49959
-5.49974
-5.49992
-5.49999
-5.50039
-5.50098
-5.50145
-5.5018
-5.50219
-5.50291
-5.50321
-5.50354
-5.50421
-5.5046
-5.50533
-5.50578
-5.50657
-5.50723
-5.50761
-5.50817
-5.50861
-5.50937
-5.50986
-5.51082
-5.5118
-5.51265
-5.51351
-5.5141
-5.51501
-5.51578
-5.51687
-5.51797
-5.51909
-5.52007
-5.52136
-5.52206
-5.52308
-5.5241
-5.52513
-5.52617
-5.52691
-5.52796
-5.52932
-5.53038
-5.53175
-5.53281
-5.53373
-5.5351
-5.53632
-5.53739
-5.53876
-5.53983
-5.54089
-5.54195
-5.54316
-5.54421
-5.54526
-5.5466
-5.54763
-5.54896
-5.54999
-5.55085
-5.55215
-5.5533
-5.55429
-5.55541
-5.55638
-5.55718
-5.55812
-5.55905
-5.55967
-5.56042
-5.56131
-5.56219
-5.5629
-5.5639
-5.56473
-5.56554
-5.56634
-5.56712
-5.56773
-5.56848
-5.56921
-5.56992
-5.57046
-5.57113
-5.57178
-5.57256
-5.57317
-5.57421
-5.57493
-5.57563
-5.5763
-5.57695
-5.57743
-5.57789
-5.57847
-5.57902
-5.5794
-5.57976
-5.57979
-5.57979
-5.57976
-5.57971
-5.57994
-5.58014
-5.5803
-5.58045
-5.58056
-5.58064
-5.58055
-5.58057
-5.58041
-5.58038
-5.58016
-5.58007
-5.57994
-5.58009
-5.57975
-5.57953
-5.57912
-5.57884
-5.57852
-5.57818
-5.57795
-5.57739
-5.57694
-5.57662
-5.57596
-5.57527
-5.57484
-5.57424
-5.57375
-5.57293
-5.57223
-5.5715
-5.57058
-5.56978
-5.56895
-5.56824
-5.56719
-5.56627
-5.56532
-5.56448
-5.56346
-5.56242
-5.56104
-5.56008
-5.5591
-5.55809
-5.55689
-5.55582
-5.55442
-5.5533
-5.552
-5.55082
-5.54961
-5.54823
-5.54683
-5.5454
-5.54425
-5.54293
-5.54143
-5.53991
-5.53837
-5.53666
-5.53448
-5.53303
-5.53141
-5.52978
-5.52813
-5.52631
-5.52493
-5.52323
-5.52137
-5.51965
-5.51791
-5.51616
-5.51426
-5.51219
-5.51071
-5.50893
-5.50729
-5.5052
-5.50325
-5.50175
-5.5001
-5.49814
-5.49633
-5.49468
-5.49303
-5.49138
-5.48928
-5.48749
-5.4857
-5.48393
-5.48186
-5.47995
-5.4782
-5.47646
-5.47459
-5.47288
-5.47104
-5.46891
-5.46725
-5.46562
-5.46415
-5.46255
-5.46113
-5.45958
-5.45805
-5.45686
-5.45508
-5.45364
-5.45177
-5.45053
-5.44918
-5.44786
-5.44672
-5.44547
-5.44395
-5.44276
-5.44162
-5.44021
-5.43944
-5.43841
-5.43742
-5.43632
-5.43541
-5.43454
-5.43357
-5.43264
-5.4319
-5.43136
-5.43041
-5.4298
-5.42909
-5.42858
-5.42811
-5.42739
-5.42702
-5.42669
-5.42686
-5.42662
-5.42644
-5.42644
-5.42635
-5.42645
-5.42645
-5.42634
-5.42643
-5.42656
-5.42674
-5.42697
-5.42723
-5.4277
-5.42806
-5.42846
-5.4289
-5.42938
-5.43006
-5.43094
-5.4314
-5.43205
-5.43289
-5.43362
-5.43424
-5.43505
-5.4359
-5.43723
-5.438
-5.4385
-5.4395
-5.44067
-5.44188
-5.44312
-5.44424
-5.4454
-5.44628
-5.44749
-5.44873
-5.45015
-5.45145
-5.45292
-5.45427
-5.45579
-5.45703
-5.45845
-5.46004
-5.46135
-5.46283
-5.46447
-5.46569
-5.46692
-5.46832
-5.47004
-5.47162
-5.47306
-5.47466
-5.47628
-5.47791
-5.4794
-5.48104
-5.48254
-5.4839
-5.48557
-5.48739
-5.48891
-5.49059
-5.49212
-5.49395
-5.49548
-5.49731
-5.49884
-5.50052
-5.50204
-5.50355
-5.50506
-5.50687
-5.50852
-5.51001
-5.51179
-5.51357
-5.51503
-5.51678
-5.51837
-5.5201
-5.52167
-5.52352
-5.52521
-5.52673
-5.52838
-5.52972
-5.53104
-5.53265
-5.53423
-5.53534
-5.53689
-5.53842
-5.53978
-5.54111
-5.54212
-5.54341
-5.54483
-5.54607
-5.54729
-5.54819
-5.54936
-5.55035
-5.55147
-5.55257
-5.55348
-5.55453
-5.55554
-5.55638
-5.55749
-5.55858
-5.55948
-5.56021
-5.56106
-5.56188
-5.56268
-5.56329
-5.56403
-5.56488
-5.56556
-5.56621
-5.56683
-5.56741
-5.56797
-5.5682
-5.5687
-5.56917
-5.56961
-5.57047
-5.571
-5.57135
-5.57212
-5.57256
-5.57297
-5.57305
-5.5731
-5.57328
-5.57342
-5.57323
-5.57332
-5.57368
-5.57355
-5.5734
-5.57338
-5.57347
-5.57369
-5.57374
-5.5736
-5.57344
-5.57355
-5.57333
-5.57294
-5.57252
-5.57223
-5.57191
-5.57142
-5.57106
-5.57067
-5.56996
-5.56983
-5.56922
-5.5689
-5.56841
-5.56774
-5.56721
-5.5665
-5.56578
-5.56535
-5.56475
-5.56428
-5.5638
-5.563
-5.56234
-5.56197
-5.56128
-5.56074
-5.56018
-5.55932
-5.55859
-5.55786
-5.55713
-5.55638
-5.55564
-5.55489
-5.55443
-5.55398
-5.55307
-5.55231
-5.55156
-5.5511
-5.5505
-5.55006
-5.54931
-5.54842
-5.54754
-5.54696
-5.54624
-5.54538
-5.54469
-5.544
-5.54332
-5.5425
-5.54185
-5.54152
-5.54105
-5.54044
-5.53985
-5.53928
-5.53857
-5.53804
-5.53752
-5.53687
-5.5364
-5.53595
-5.53552
-5.53541
-5.53503
-5.53482
-5.53479
-5.53448
-5.5345
-5.53425
-5.53402
-5.53381
-5.53364
-5.53364
-5.53367
-5.53358
-5.53367
-5.53348
-5.53347
-5.53334
-5.53324
-5.53348
-5.53374
-5.53387
-5.53419
-5.53438
-5.5343
-5.53455
-5.53498
-5.53514
-5.53532
-5.53568
-5.53592
-5.53663
-5.53707
-5.53738
-5.53787
-5.53838
-5.53892
-5.53948
-5.53991
-5.54036
-5.54098
-5.54162
-5.54228
-5.54311
-5.54381
-5.54422
-5.54494
-5.54569
-5.54644
-5.54721
-5.54799
-5.54879
-5.54974
-5.55055
-5.55122
-5.55205
-5.55288
-5.55432
-5.55532
-5.55602
-5.55702
-5.55803
-5.55888
-5.55989
-5.5609
-5.56175
-5.56245
-5.5633
-5.56399
-5.56514
-5.56597
-5.5668
-5.56762
-5.56843
-5.56939
-5.57019
-5.57113
-5.5719
-5.57282
-5.57358
-5.57447
-5.57505
-5.57577
-5.57633
-5.57687
-5.57755
-5.57852
-5.57916
-5.57995
-5.58041
-5.58086
-5.5813
-5.58171
-5.58226
-5.5831
-5.58377
-5.58396
-5.58459
-5.58506
-5.58535
-5.58593
-5.58618
-5.58642
-5.58679
-5.587
-5.58764
-5.5878
-5.58795
-5.58793
-5.58834
-5.58874
-5.58912
-5.58933
-5.58953
-5.58971
-5.58972
-5.59002
-5.59014
-5.59026
-5.59051
-5.59074
-5.59065
-5.59055
-5.59044
-5.59061
-5.59063
-5.59062
-5.59076
-5.59058
-5.59069
-5.59064
-5.59074
-5.59097
-5.59089
-5.5908
-5.59055
-5.5906
-5.59048
-5.59037
-5.59024
-5.58996
-5.58952
-5.58923
-5.58924
-5.58909
-5.58879
-5.58894
-5.58878
-5.58878
-5.58862
-5.58832
-5.58846
-5.58846
-5.58831
-5.58801
-5.58787
-5.58757
-5.58728
-5.58715
-5.58687
-5.58689
-5.58663
-5.58636
-5.58626
-5.58631
-5.58622
-5.58629
-5.58622
-5.5857
-5.58595
-5.58576
-5.58557
-5.5857
-5.58568
-5.58553
-5.58554
-5.58555
-5.58558
-5.58532
-5.58537
-5.58558
-5.58551
-5.58544
-5.58509
-5.58534
-5.58562
-5.5856
-5.58574
-5.58605
-5.58636
-5.58639
-5.58657
-5.58662
-5.58652
-5.58704
-5.58712
-5.5872
-5.58775
-5.58816
-5.58842
-5.58884
-5.58927
-5.58956
-5.58985
-5.59
-5.59046
-5.59077
-5.59108
-5.59125
-5.59172
-5.59205
-5.59223
-5.59256
-5.5929
-5.59338
-5.59372
-5.59405
-5.59423
-5.59457
-5.5949
-5.59492
-5.59525
-5.59542
-5.59573
-5.59574
-5.59635
-5.59649
-5.59663
-5.59677
-5.59674
-5.59746
-5.59787
-5.59796
-5.59805
-5.59827
-5.59864
-5.59884
-5.59903
-5.5992
-5.59921
-5.5992
-5.59918
-5.59929
-5.59969
-5.59961
-5.59967
-5.59987
-5.59989
-5.60004
-5.59972
-5.59983
-5.59992
-5.59984
-5.59944
-5.59916
-5.59917
-5.5993
-5.59926
-5.59934
-5.5991
-5.59883
-5.59809
-5.59777
-5.59743
-5.59721
-5.59667
-5.59624
-5.5961
-5.59578
-5.59512
-5.5946
-5.59419
-5.59361
-5.593
-5.59207
-5.5911
-5.59011
-5.58939
-5.58849
-5.58772
-5.58692
-5.58594
-5.58494
-5.58391
-5.58315
-5.58192
-5.58065
-5.57952
-5.57835
-5.57746
-5.5767
-5.57546
-5.57435
-5.57321
-5.57174
-5.57025
-5.56935
-5.56811
-5.56701
-5.56573
-5.56458
-5.56326
-5.56146
-5.5601
-5.55872
-5.55747
-5.55575
-5.55371
-5.55241
-5.55109
-5.5496
-5.54825
-5.54659
-5.54491
-5.54337
-5.54181
-5.54025
-5.53852
-5.53679
-5.53565
-5.5339
-5.53214
-5.53083
-5.52936
-5.52759
-5.52582
-5.52419
-5.52271
-5.52108
-5.51915
-5.51753
-5.51606
-5.51459
-5.51298
-5.51122
-5.50977
-5.50817
-5.50674
-5.50486
-5.50345
-5.50205
-5.50051
-5.49913
-5.49732
-5.49598
-5.49465
-5.49319
-5.4916
-5.49018
-5.48892
-5.48754
-5.48603
-5.48469
-5.48308
-5.48179
-5.48082
-5.47958
-5.47866
-5.47732
-5.47601
-5.47487
-5.47376
-5.47268
-5.47192
-5.47105
-5.47005
-5.46908
-5.46829
-5.46723
-5.46619
-5.46504
-5.46391
-5.46296
-5.4622
-5.46146
-5.46105
-5.46052
-5.46001
-5.45939
-5.45879
-5.45822
-5.45767
-5.45715
-5.45666
-5.4562
-5.4556
-5.45518
-5.45464
-5.45457
-5.45438
-5.45406
-5.45375
-5.45347
-5.45322
-5.45328
-5.45306
-5.45287
-5.45269
-5.45207
-5.45208
-5.4515
-5.45139
-5.45145
-5.45152
-5.45131
-5.45111
-5.45107
-5.4512
-5.45119
-5.45104
-5.4512
-5.45123
-5.45141
-5.4513
-5.45136
-5.45127
-5.45103
-5.45111
-5.45089
-5.45114
-5.45124
-5.45134
-5.4513
-5.45157
-5.45153
-5.45181
-5.45179
-5.45192
-5.45175
-5.45205
-5.45204
-5.45203
-5.45233
-5.45248
-5.45294
-5.45294
-5.45325
-5.4531
-5.45311
-5.45358
-5.45389
-5.45405
-5.45437
-5.45453
-5.45484
-5.45501
-5.45517
-5.45519
-5.45565
-5.45582
-5.45613
-5.45629
-5.45631
-5.45632
-5.45633
-5.4565
-5.45666
-5.45652
-5.45668
-5.45685
-5.45701
-5.45717
-5.45703
-5.45734
-5.4575
-5.45767
-5.45768
-5.45754
-5.4577
-5.45787
-5.45788
-5.45819
-5.45851
-5.45883
-5.4593
-5.45977
-5.45994
-5.46041
-5.46043
-5.46061
-5.46124
-5.46141
-5.46144
-5.46177
-5.46226
-5.46229
-5.46263
-5.46267
-5.46271
-5.46305
-5.4634
-5.46375
-5.4641
-5.46415
-5.46436
-5.46456
-5.46492
-5.46468
-5.46519
-5.4651
-5.46517
-5.46538
-5.46575
-5.46613
-5.46635
-5.46657
-5.46695
-5.46718
-5.46755
-5.46778
-5.46801
-5.46839
-5.46877
-5.4687
-5.46893
-5.46947
-5.46985
-5.47023
-5.47031
-5.47023
-5.47046
-5.47053
-5.47076
-5.47113
-5.47135
-5.47172
-5.47178
-5.47185
-5.47206
-5.47257
-5.47232
-5.47252
-5.47272
-5.47306
-5.47325
-5.47344
-5.47377
-5.47364
-5.47412
-5.47428
-5.47445
-5.4746
-5.47491
-5.4749
-5.47504
-5.47518
-5.47546
-5.47558
-5.4757
-5.47596
-5.47576
-5.47571
-5.47595
-5.47619
-5.47627
-5.47635
-5.47641
-5.47648
-5.47668
-5.47703
-5.47708
-5.47742
-5.4773
-5.47733
-5.4769
-5.47706
-5.47707
-5.47708
-5.47723
-5.47692
-5.47691
-5.47689
-5.47687
-5.47745
-5.47742
-5.47738
-5.47734
-5.4773
-5.47741
-5.47735
-5.4773
-5.47694
-5.47688
-5.47651
-5.47629
-5.47622
-5.47615
-5.47607
-5.47584
-5.47576
-5.47598
-5.47574
-5.47581
-5.47587
-5.47562
-5.47553
-5.47544
-5.47549
-5.47524
-5.4753
-5.4752
-5.47479
-5.47439
-5.47459
-5.47449
-5.47454
-5.47459
-5.47433
-5.47438
-5.47443
-5.47418
-5.47392
-5.47412
-5.47402
-5.47392
-5.47398
-5.47388
-5.47348
-5.47324
-5.47314
-5.4729
-5.47297
-5.47288
-5.47265
-5.47287
-5.47295
-5.47288
-5.47296
-5.47305
-5.473
-5.47279
-5.47275
-5.47271
-5.47268
-5.47265
-5.47294
-5.47338
-5.47338
-5.47354
-5.47356
-5.47358
-5.47377
-5.47367
-5.47388
-5.47396
-5.47404
-5.47399
-5.4741
-5.47453
-5.47437
-5.47453
-5.47455
-5.47475
-5.47525
-5.47518
-5.47512
-5.47538
-5.47566
-5.47596
-5.47628
-5.47662
-5.47714
-5.47752
-5.47807
-5.47849
-5.47894
-5.47925
-5.47959
-5.48025
-5.48094
-5.48149
-5.48207
-5.48267
-5.48329
-5.48393
-5.48445
-5.48544
-5.4863
-5.48718
-5.48823
-5.48885
-5.4898
-5.49076
-5.49174
-5.49259
-5.49346
-5.4945
-5.49541
-5.49678
-5.49772
-5.49852
-5.49934
-5.50033
-5.50132
-5.50233
-5.50351
-5.50454
-5.50573
-5.50618
-5.50725
-5.50817
-5.50924
-5.51033
-5.51127
-5.51221
-5.51347
-5.51442
-5.51583
-5.51709
-5.51819
-5.51946
-5.52087
-5.52197
-5.52293
-5.52403
-5.52543
-5.52653
-5.52762
-5.52886
-5.52994
-5.53101
-5.53193
-5.53314
-5.53419
-5.53524
-5.53642
-5.53745
-5.53862
-5.53978
-5.54078
-5.54176
-5.54274
-5.54386
-5.54466
-5.5453
-5.54609
-5.54716
-5.54807
-5.54912
-5.54971
-5.55089
-5.55176
-5.55261
-5.55361
-5.55459
-5.55526
-5.55622
-5.55688
-5.55782
-5.55845
-5.55922
-5.55984
-5.56059
-5.56164
-5.56253
-5.56295
-5.56367
-5.56453
-5.56509
-5.56593
-5.56678
-5.56761
-5.56814
-5.56911
-5.56993
-5.57013
-5.57049
-5.57129
-5.57209
-5.57273
-5.57337
-5.574
-5.57464
-5.57526
-5.57589
-5.57636
-5.57698
-5.5776
-5.57822
-5.57913
-5.57975
-5.58021
-5.58081
-5.58157
-5.58248
-5.58309
-5.58369
-5.58415
-5.5849
-5.5855
-5.5861
-5.58685
-5.58775
-5.5885
-5.5891
-5.58984
-5.59044
-5.59103
-5.59162
-5.59221
-5.5928
-5.59324
-5.59412
-5.59455
-5.59483
-5.59556
-5.59644
-5.59686
-5.59742
-5.59799
-5.5984
-5.59865
-5.5989
-5.5996
-5.59953
-5.60022
-5.60075
-5.60083
-5.60135
-5.60201
-5.60282
-5.60317
-5.60351
-5.60385
-5.60417
-5.60464
-5.6051
-5.60555
-5.60615
-5.60658
-5.60685
-5.60727
-5.60783
-5.60822
-5.60801
-5.60854
-5.60876
-5.60896
-5.60931
-5.60965
-5.60998
-5.61045
-5.61076
-5.61091
-5.6112
-5.61148
-5.6116
-5.61247
-5.61257
-5.61266
-5.61275
-5.61312
-5.61349
-5.61385
-5.6142
-5.61424
-5.61442
-5.6146
-5.61491
-5.61507
-5.61537
-5.61582
-5.61595
-5.61608
-5.6162
-5.61646
-5.61672
-5.61681
-5.61705
-5.61713
-5.61735
-5.61741
-5.61761
-5.61766
-5.61754
-5.61742
-5.61698
-5.61668
-5.61653
-5.61667
-5.61665
-5.61661
-5.61657
-5.61666
-5.6166
-5.61622
-5.61612
-5.61602
-5.61575
-5.61546
-5.61532
-5.615
-5.61468
-5.61464
-5.61443
-5.61421
-5.61382
-5.61356
-5.61329
-5.613
-5.61284
-5.61252
-5.61232
-5.61196
-5.61204
-5.61164
-5.61108
-5.61064
-5.61019
-5.60987
-5.60968
-5.60978
-5.60941
-5.60886
-5.60845
-5.60788
-5.60743
-5.60697
-5.60649
-5.60569
-5.60502
-5.60404
-5.60335
-5.60264
-5.60191
-5.60147
-5.60057
-5.6001
-5.59947
-5.59838
-5.59758
-5.59722
-5.59655
-5.59572
-5.59487
-5.59433
-5.59332
-5.59216
-5.59114
-5.59041
-5.58954
-5.5885
-5.58777
-5.58688
-5.58584
-5.58465
-5.58391
-5.58302
-5.58213
-5.58124
-5.5802
-5.57917
-5.5786
-5.57788
-5.57701
-5.57615
-5.57545
-5.5746
-5.57406
-5.57293
-5.57211
-5.57084
-5.57004
-5.56894
-5.56786
-5.56739
-5.56663
-5.56603
-5.56545
-5.56487
-5.56416
-5.56346
-5.56278
-5.56196
-5.56115
-5.5605
-5.55987
-5.55926
-5.55851
-5.55792
-5.5575
-5.55679
-5.55625
-5.55588
-5.55537
-5.55488
-5.5544
-5.55378
-5.55333
-5.55305
-5.55279
-5.55239
-5.552
-5.55133
-5.55098
-5.55064
-5.55062
-5.55062
-5.55064
-5.55036
-5.55026
-5.54987
-5.54949
-5.54913
-5.54894
-5.54861
-5.54845
-5.54816
-5.54788
-5.54791
-5.54797
-5.54804
-5.54797
-5.54792
-5.54803
-5.54801
-5.54771
-5.54787
-5.54804
-5.54793
-5.54814
-5.54821
-5.54799
-5.54779
-5.5479
-5.54803
-5.54802
-5.54787
-5.54789
-5.54807
-5.54826
-5.54847
-5.54869
-5.54892
-5.54917
-5.54942
-5.54954
-5.54982
-5.55011
-5.55056
-5.55087
-5.55104
-5.55122
-5.55172
-5.55191
-5.55242
-5.55294
-5.55286
-5.55309
-5.55348
-5.55417
-5.55457
-5.55513
-5.55539
-5.55551
-5.55577
-5.55605
-5.55663
-5.55706
-5.55764
-5.55822
-5.55881
-5.55939
-5.56013
-5.56056
-5.56099
-5.56142
-5.562
-5.56242
-5.56284
-5.5634
-5.56351
-5.56407
-5.56432
-5.56471
-5.5651
-5.56547
-5.56584
-5.56635
-5.56656
-5.56735
-5.56768
-5.56785
-5.56816
-5.56831
-5.5686
-5.56887
-5.56928
-5.56983
-5.57007
-5.57029
-5.57004
-5.57054
-5.57072
-5.57073
-5.57073
-5.57071
-5.57053
-5.57063
-5.57042
-5.57034
-5.5707
-5.57059
-5.57062
-5.57063
-5.57077
-5.57076
-5.57087
-5.57083
-5.57062
-5.57009
-5.57
-5.57006
-5.56994
-5.56982
-5.56984
-5.56969
-5.56968
-5.56952
-5.56934
-5.56916
-5.56912
-5.56877
-5.56857
-5.56836
-5.56784
-5.56763
-5.56711
-5.56688
-5.56666
-5.56644
-5.56637
-5.566
-5.56578
-5.56556
-5.56565
-5.5653
-5.5648
-5.56461
-5.56472
-5.5647
-5.56469
-5.56468
-5.56469
-5.56425
-5.56398
-5.56387
-5.56378
-5.56355
-5.56348
-5.56374
-5.56385
-5.56384
-5.56338
-5.56355
-5.56343
-5.56378
-5.564
-5.56378
-5.56389
-5.56431
-5.56444
-5.5646
-5.56492
-5.5648
-5.56485
-5.56507
-5.5653
-5.5654
-5.56581
-5.56578
-5.56622
-5.56682
-5.56714
-5.56731
-5.5678
-5.56829
-5.56865
-5.56901
-5.56923
-5.5696
-5.56999
-5.57068
-5.57092
-5.57161
-5.57201
-5.57241
-5.57266
-5.57261
-5.57285
-5.57325
-5.5738
-5.57404
-5.57442
-5.5748
-5.57503
-5.57555
-5.57591
-5.57641
-5.57691
-5.57709
-5.57711
-5.57742
-5.57757
-5.57786
-5.57828
-5.57824
-5.57864
-5.57917
-5.57939
-5.57989
-5.57977
-5.57963
-5.57993
-5.57991
-5.57988
-5.57997
-5.58004
-5.5801
-5.58013
-5.58014
-5.57998
-5.57995
-5.5799
-5.57998
-5.58003
-5.58007
-5.57948
-5.57946
-5.57913
-5.57877
-5.57854
-5.57859
-5.57831
-5.57801
-5.57784
-5.57735
-5.57698
-5.57674
-5.57648
-5.57604
-5.57543
-5.57495
-5.5749
-5.57468
-5.57413
-5.57371
-5.57297
-5.57252
-5.57189
-5.57109
-5.57042
-5.57004
-5.56919
-5.56832
-5.56759
-5.56668
-5.56577
-5.56499
-5.56405
-5.5631
-5.56228
-5.56146
-5.56048
-5.55979
-5.55894
-5.55839
-5.55738
-5.55652
-5.55566
-5.55449
-5.55363
-5.55292
-5.55207
-5.55106
-5.55022
-5.54969
-5.54886
-5.5482
-5.54755
-5.54677
-5.54599
-5.54569
-5.54496
-5.5444
-5.54355
-5.54288
-5.54224
-5.54147
-5.54103
-5.54046
-5.53977
-5.53927
-5.53894
-5.5385
-5.53824
-5.53771
-5.53736
-5.5369
-5.53632
-5.53593
-5.53573
-5.53541
-5.53527
-5.53532
-5.53526
-5.53538
-5.53538
-5.53542
-5.53579
-5.53589
-5.53586
-5.53602
-5.53621
-5.53627
-5.53651
-5.53692
-5.53721
-5.53721
-5.53738
-5.53727
-5.53732
-5.53724
-5.53776
-5.5383
-5.53854
-5.53879
-5.53964
-5.54018
-5.54072
-5.54126
-5.54209
-5.54231
-5.54266
-5.543
-5.54332
-5.54361
-5.54389
-5.54399
-5.54421
-5.54455
-5.54471
-5.54483
-5.54477
-5.54482
-5.54498
-5.54464
-5.54426
-5.54399
-5.54382
-5.54376
-5.54334
-5.54302
-5.5428
-5.54223
-5.54175
-5.54122
-5.54079
-5.53985
-5.53915
-5.53855
-5.53774
-5.53703
-5.53596
-5.53498
-5.5338
-5.53287
-5.53173
-5.5307
-5.52976
-5.52847
-5.52714
-5.52576
-5.52448
-5.52301
-5.5215
-5.51995
-5.51836
-5.51674
-5.51509
-5.51341
-5.51185
-5.51011
-5.50806
-5.50628
-5.50449
-5.50269
-5.50118
-5.49952
-5.4977
-5.49587
-5.49436
-5.49224
-5.49044
-5.48834
-5.48641
-5.48465
-5.48291
-5.48134
-5.47965
-5.47798
-5.4765
-5.47445
-5.47273
-5.4712
-5.46941
-5.46827
-5.46671
-5.4652
-5.46389
-5.46263
-5.46141
-5.4601
-5.45929
-5.45808
-5.45737
-5.45657
-5.45583
-5.45544
-5.45465
-5.45421
-5.45338
-5.45276
-5.45234
-5.45228
-5.45166
-5.45095
-5.45045
-5.44999
-5.44989
-5.44969
-5.44953
-5.44913
-5.44892
-5.44907
-5.44896
-5.44904
-5.44902
-5.44934
-5.44941
-5.44936
-5.44966
-5.45
-5.45022
-5.45124
-5.45169
-5.45217
-5.45315
-5.4537
-5.45444
-5.45506
-5.45556
-5.45639
-5.45709
-5.45783
-5.4589
-5.45954
-5.4599
-5.46074
-5.46145
-5.46249
-5.46386
-5.46479
-5.46574
-5.46671
-5.46771
-5.46887
-5.4702
-5.47124
-5.47246
-5.47353
-5.47493
-5.47634
-5.47731
-5.47829
-5.47973
-5.48089
-5.4819
-5.48323
-5.48457
-5.48561
-5.48666
-5.48787
-5.48923
-5.4903
-5.49152
-5.49304
-5.49412
-5.49519
-5.49642
-5.49765
-5.49887
-5.50024
-5.50146
-5.50267
-5.50418
-5.50538
-5.50642
-5.50745
-5.50863
-5.50994
-5.51094
-5.51208
-5.5132
-5.51416
-5.51495
-5.51602
-5.51708
-5.51812
-5.51898
-5.51998
-5.52095
-5.5219
-5.52297
-5.52372
-5.52504
-5.52604
-5.5267
-5.52764
-5.5284
-5.52927
-5.52996
-5.53062
-5.5311
-5.53169
-5.53195
-5.53232
-5.53281
-5.53357
-5.53368
-5.53391
-5.53395
-5.53411
-5.53453
-5.53506
-5.53526
-5.53557
-5.53584
-5.53638
-5.53643
-5.53614
-5.53612
-5.53606
-5.53567
-5.53555
-5.53539
-5.53536
-5.53514
-5.53474
-5.53447
-5.53416
-5.53368
-5.53332
-5.53279
-5.53224
-5.53167
-5.53107
-5.53076
-5.53029
-5.52964
-5.52914
-5.52862
-5.52809
-5.52785
-5.52731
-5.5263
-5.52574
-5.52503
-5.52447
-5.52376
-5.5232
-5.52279
-5.52224
-5.52199
-5.52145
-5.52091
-5.52053
-5.52002
-5.51951
-5.51886
-5.51807
-5.5176
-5.51729
-5.51715
-5.51656
-5.5163
-5.51574
-5.51535
-5.51498
-5.51462
-5.51443
-5.51425
-5.51394
-5.51364
-5.51335
-5.51278
-5.51297
-5.51258
-5.5128
-5.51258
-5.51268
-5.51263
-5.51245
-5.51212
-5.51181
-5.51165
-5.5115
-5.51151
-5.51153
-5.51095
-5.51083
-5.51071
-5.51075
-5.5105
-5.51024
-5.51045
-5.50975
-5.50951
-5.50957
-5.50933
-5.50909
-5.50886
-5.50892
-5.50884
-5.50846
-5.50852
-5.50844
-5.50866
-5.50843
-5.50834
-5.50826
-5.50803
-5.50749
-5.5074
-5.50732
-5.50724
-5.5073
-5.50722
-5.50728
-5.5075
-5.50742
-5.50733
-5.50785
-5.50732
-5.50754
-5.50776
-5.50768
-5.50745
-5.50752
-5.50745
-5.50737
-5.5073
-5.50738
-5.507
-5.50694
-5.50702
-5.50695
-5.50674
-5.50622
-5.50616
-5.5061
-5.50574
-5.50568
-5.50577
-5.50587
-5.50551
-5.50531
-5.50541
-5.50535
-5.5053
-5.50539
-5.50519
-5.50498
-5.50507
-5.50501
-5.50479
-5.50442
-5.5045
-5.50443
-5.5042
-5.50397
-5.50404
-5.50395
-5.50415
-5.50405
-5.50394
-5.50382
-5.50385
-5.50372
-5.50357
-5.50342
-5.50327
-5.50295
-5.50262
-5.50243
-5.50223
-5.50187
-5.50165
-5.50157
-5.50117
-5.50092
-5.50065
-5.50052
-5.49992
-5.49977
-5.4996
-5.49926
-5.49891
-5.49825
-5.49772
-5.49733
-5.49708
-5.49667
-5.49623
-5.49564
-5.49503
-5.4944
-5.49377
-5.49312
-5.49276
-5.49223
-5.4917
-5.491
-5.49029
-5.48957
-5.48914
-5.48855
-5.4878
-5.48719
-5.48627
-5.48579
-5.48531
-5.48467
-5.48418
-5.48353
-5.48332
-5.48266
-5.482
-5.48118
-5.48052
-5.47985
-5.47933
-5.47836
-5.4777
-5.47734
-5.47668
-5.47572
-5.47492
-5.47383
-5.47334
-5.47287
-5.4721
-5.47164
-5.47089
-5.47031
-5.46973
-5.46917
-5.46877
-5.46824
-5.46773
-5.46723
-5.46689
-5.46643
-5.46598
-5.46556
-5.465
-5.46506
-5.4647
-5.46421
-5.46388
-5.46374
-5.46347
-5.46322
-5.46299
-5.46324
-5.46307
-5.46307
-5.46294
-5.46299
-5.46277
-5.46288
-5.46286
-5.46316
-5.46335
-5.46341
-5.46334
-5.46331
-5.4636
-5.46376
-5.46395
-5.46432
-5.46471
-5.46498
-5.46543
-5.46559
-5.46578
-5.46599
-5.46623
-5.46679
-5.46737
-5.46798
-5.46845
-5.4691
-5.46991
-5.47029
-5.47069
-5.47141
-5.472
-5.47275
-5.47322
-5.47385
-5.47449
-5.47515
-5.47612
-5.47696
-5.47781
-5.47836
-5.47923
-5.4798
-5.48083
-5.48172
-5.48262
-5.48308
-5.48399
-5.4849
-5.48552
-5.48645
-5.48723
-5.48801
-5.4888
-5.48943
-5.48992
-5.49086
-5.4918
-5.49275
-5.49369
-5.49449
-5.49529
-5.49608
-5.49703
-5.49798
-5.49862
-5.49942
-5.50006
-5.50071
-5.5015
-5.502
-5.50264
-5.50344
-5.50439
-5.50503
-5.50598
-5.50648
-5.50698
-5.50763
-5.50844
-5.50939
-5.5105
-5.51132
-5.51258
-5.51325
-5.51422
-5.51535
-5.51633
-5.51717
-5.51816
-5.51885
-5.5197
-5.52071
-5.52157
-5.52274
-5.52377
-5.5248
-5.52584
-5.52658
-5.52779
-5.52885
-5.52976
-5.53084
-5.53176
-5.5327
-5.53395
-5.5352
-5.53601
-5.53683
-5.53735
-5.53833
-5.53946
-5.54046
-5.54145
-5.54246
-5.54346
-5.54433
-5.54519
-5.54591
-5.54694
-5.54812
-5.549
-5.55033
-5.55137
-5.55226
-5.55344
-5.55418
-5.55506
-5.55625
-5.55713
-5.55832
-5.55905
-5.56007
-5.56094
-5.56166
-5.56283
-5.56368
-5.56468
-5.56568
-5.56666
-5.56779
-5.56891
-5.57002
-5.57081
-5.57175
-5.57298
-5.57405
-5.5748
-5.57568
-5.57641
-5.57712
-5.57781
-5.57864
-5.57945
-5.58024
-5.58117
-5.58193
-5.58237
-5.58324
-5.58379
-5.58462
-5.58559
-5.58653
-5.5873
-5.58805
-5.58848
-5.58888
-5.58911
-5.58977
-5.59026
-5.59057
-5.5907
-5.59127
-5.59181
-5.59233
-5.59267
-5.59298
-5.59357
-5.59384
-5.59393
-5.59399
-5.59402
-5.59418
-5.59431
-5.59442
-5.5945
-5.5941
-5.59382
-5.59412
-5.59424
-5.59419
-5.59411
-5.59415
-5.59401
-5.59385
-5.59366
-5.59329
-5.59289
-5.59247
-5.59217
-5.59184
-5.59119
-5.59096
-5.59041
-5.59013
-5.58983
-5.5892
-5.5887
-5.58787
-5.58731
-5.58689
-5.58629
-5.58566
-5.58487
-5.58405
-5.58336
-5.58264
-5.58206
-5.58146
-5.58054
-5.5799
-5.57924
-5.57826
-5.57741
-5.57655
-5.57582
-5.57463
-5.57372
-5.5728
-5.57187
-5.57092
-5.56996
-5.56915
-5.56802
-5.56718
-5.56619
-5.56518
-5.56387
-5.56286
-5.56124
-5.56022
-5.55935
-5.55802
-5.557
-5.55597
-5.55495
-5.55377
-5.5529
-5.55174
-5.55042
-5.54957
-5.54857
-5.54758
-5.5463
-5.54547
-5.54436
-5.54326
-5.54217
-5.54109
-5.54003
-5.53913
-5.53824
-5.53753
-5.53653
-5.53554
-5.53473
-5.53394
-5.53302
-5.53272
-5.53184
-5.53113
-5.53045
-5.52933
-5.52885
-5.52839
-5.5278
-5.52694
-5.52656
-5.52591
-5.52529
-5.52484
-5.52442
-5.52404
-5.52353
-5.52321
-5.52276
-5.52265
-5.52257
-5.52237
-5.52236
-5.52237
-5.52227
-5.52206
-5.52232
-5.52248
-5.52311
-5.52318
-5.52328
-5.52327
-5.52313
-5.52334
-5.52357
-5.52369
-5.52414
-5.52447
-5.52499
-5.52569
-5.52612
-5.52643
-5.52692
-5.52744
-5.52799
-5.52857
-5.52918
-5.52982
-5.53048
-5.53117
-5.53204
-5.53309
-5.5337
-5.53465
-5.53531
-5.53615
-5.53701
-5.53789
-5.53879
-5.53971
-5.5405
-5.54115
-5.54212
-5.54311
-5.54381
-5.54467
-5.54585
-5.54704
-5.54824
-5.5493
-5.55037
-5.55159
-5.55267
-5.55391
-5.55485
-5.55594
-5.55688
-5.55798
-5.55908
-5.56048
-5.56142
-5.56236
-5.5636
-5.56469
-5.56562
-5.56714
-5.56836
-5.56957
-5.57062
-5.57165
-5.57223
-5.57309
-5.57379
-5.57493
-5.57606
-5.57717
-5.57781
-5.57874
-5.5798
-5.58085
-5.58202
-5.58272
-5.58356
-5.58437
-5.58486
-5.58563
-5.58638
-5.5871
-5.5878
-5.58863
-5.58928
-5.59021
-5.59096
-5.59123
-5.59193
-5.59245
-5.59279
-5.59326
-5.59355
-5.59381
-5.59419
-5.59455
-5.59503
-5.59532
-5.59559
-5.59614
-5.59635
-5.59668
-5.59683
-5.59681
-5.5966
-5.59681
-5.59685
-5.5967
-5.59698
-5.59693
-5.597
-5.59689
-5.59675
-5.59674
-5.59669
-5.59662
-5.59637
-5.59624
-5.59578
-5.5953
-5.59509
-5.595
-5.59429
-5.59385
-5.59339
-5.5929
-5.59223
-5.59184
-5.59143
-5.591
-5.59024
-5.58976
-5.58926
-5.58859
-5.58805
-5.58734
-5.58691
-5.58631
-5.5854
-5.58462
-5.58397
-5.58301
-5.58188
-5.58119
-5.58049
-5.57962
-5.57905
-5.57817
-5.57728
-5.57638
-5.57532
-5.57441
-5.57335
-5.57212
-5.57135
-5.57028
-5.56966
-5.56859
-5.56767
-5.56691
-5.56599
-5.56494
-5.56404
-5.56315
-5.56241
-5.56124
-5.56038
-5.55953
-5.55869
-5.55832
-5.55721
-5.55626
-5.55534
-5.55428
-5.55354
-5.55282
-5.55212
-5.55144
-5.55109
-5.55046
-5.54985
-5.54926
-5.54901
-5.54862
-5.54827
-5.54748
-5.54718
-5.54675
-5.54635
-5.54568
-5.54549
-5.54518
-5.54489
-5.54449
-5.54456
-5.54422
-5.54405
-5.54376
-5.5438
-5.54387
-5.54397
-5.54364
-5.5438
-5.54383
-5.54388
-5.54396
-5.54392
-5.5442
-5.54435
-5.54438
-5.54442
-5.54464
-5.54503
-5.54513
-5.54555
-5.54584
-5.54614
-5.54645
-5.54663
-5.54696
-5.5473
-5.5478
-5.54815
-5.54851
-5.54902
-5.54938
-5.54989
-5.55009
-5.55029
-5.55033
-5.55051
-5.55069
-5.55085
-5.551
-5.55128
-5.5514
-5.5515
-5.55188
-5.55179
-5.55197
-5.55198
-5.55182
-5.55193
-5.55186
-5.55206
-5.55238
-5.55222
-5.55203
-5.55211
-5.552
-5.552
-5.55182
-5.55146
-5.55091
-5.55047
-5.55014
-5.54963
-5.54893
-5.54849
-5.54802
-5.54766
-5.54727
-5.54684
-5.54622
-5.54542
-5.54474
-5.54432
-5.54372
-5.54278
-5.54181
-5.54081
-5.53994
-5.53934
-5.53841
-5.53745
-5.53662
-5.53562
-5.53414
-5.5331
-5.53203
-5.53095
-5.53015
-5.52919
-5.52807
-5.52678
-5.52549
-5.52388
-5.52257
-5.52141
-5.52024
-5.51892
-5.51776
-5.51644
-5.51543
-5.51428
-5.51343
-5.51198
-5.511
-5.50943
-5.50832
-5.50737
-5.50629
-5.50507
-5.50417
-5.50329
-5.50242
-5.50158
-5.50045
-5.49935
-5.49872
-5.49766
-5.49677
-5.49606
-5.49522
-5.49425
-5.49331
-5.49269
-5.4918
-5.49109
-5.49039
-5.48973
-5.48878
-5.48847
-5.48788
-5.48671
-5.48616
-5.48565
-5.485
-5.48483
-5.48453
-5.48455
-5.48414
-5.48361
-5.48339
-5.4832
-5.48272
-5.48256
-5.48212
-5.48184
-5.48174
-5.4815
-5.48112
-5.48106
-5.48071
-5.48068
-5.48051
-5.4802
-5.48021
-5.47993
-5.47981
-5.4797
-5.47944
-5.47905
-5.47882
-5.4786
-5.47869
-5.47849
-5.47799
-5.47795
-5.47793
-5.4776
-5.47759
-5.47773
-5.47773
-5.47744
-5.47775
-5.47777
-5.4778
-5.47782
-5.47786
-5.47774
-5.47794
-5.47798
-5.47788
-5.47793
-5.47814
-5.47819
-5.4784
-5.47861
-5.47867
-5.47888
-5.47894
-5.47914
-5.4792
-5.4794
-5.47975
-5.47979
-5.48013
-5.48
-5.48003
-5.47989
-5.47959
-5.47959
-5.47972
-5.47954
-5.4795
-5.4796
-5.47954
-5.47945
-5.47936
-5.47939
-5.47941
-5.47926
-5.47894
-5.47875
-5.47855
-5.47817
-5.47792
-5.47765
-5.47766
-5.4775
-5.47701
-5.4765
-5.47627
-5.47602
-5.4756
-5.4753
-5.47514
-5.47465
-5.47414
-5.47346
-5.47306
-5.47235
-5.47161
-5.47101
-5.47039
-5.4696
-5.4688
-5.46799
-5.46716
-5.46633
-5.46548
-5.46462
-5.46376
-5.46305
-5.46217
-5.46145
-5.46057
-5.46
-5.45958
-5.45871
-5.45784
-5.45714
-5.45674
-5.4562
-5.45552
-5.45486
-5.45421
-5.45342
-5.4528
-5.45236
-5.45163
-5.45107
-5.45068
-5.45017
-5.44984
-5.44923
-5.44849
-5.44809
-5.44787
-5.44752
-5.44736
-5.44738
-5.44728
-5.44692
-5.44673
-5.44643
-5.44616
-5.44608
-5.44603
-5.44601
-5.44603
-5.44593
-5.44586
-5.44597
-5.44596
-5.44614
-5.44619
-5.44658
-5.447
-5.44714
-5.44746
-5.44766
-5.44803
-5.44857
-5.44899
-5.44928
-5.44973
-5.45021
-5.45055
-5.45106
-5.45114
-5.45183
-5.45238
-5.45294
-5.45351
-5.45393
-5.45452
-5.45556
-5.4563
-5.45735
-5.45764
-5.45839
-5.45913
-5.45972
-5.46046
-5.46119
-5.46176
-5.46232
-5.46287
-5.46326
-5.46394
-5.46445
-5.46465
-5.46514
-5.46561
-5.46607
-5.46636
-5.46663
-5.46703
-5.46756
-5.46808
-5.46827
-5.46874
-5.46919
-5.46902
-5.46943
-5.46952
-5.46973
-5.46992
-5.47009
-5.47039
-5.47051
-5.47061
-5.47054
-5.4706
-5.47064
-5.47065
-5.47065
-5.47077
-5.47088
-5.47082
-5.47059
-5.47064
-5.47067
-5.47024
-5.47009
-5.47008
-5.46991
-5.46972
-5.46937
-5.46901
-5.46879
-5.46856
-5.46833
-5.46779
-5.46755
-5.46715
-5.4669
-5.4665
-5.46594
-5.46554
-5.4653
-5.46521
-5.46482
-5.46474
-5.46452
-5.46461
-5.46441
-5.46422
-5.46419
-5.46403
-5.46388
-5.4639
-5.46394
-5.46369
-5.46362
-5.46326
-5.46323
-5.46337
-5.46353
-5.46372
-5.46378
-5.46372
-5.46368
-5.46367
-5.46384
-5.46404
-5.46412
-5.46453
-5.46466
-5.46528
-5.46563
-5.46571
-5.46597
-5.46656
-5.46704
-5.46754
-5.46839
-5.46911
-5.46987
-5.4705
-5.47163
-5.47233
-5.47307
-5.47384
-5.47479
-5.47577
-5.47648
-5.47738
-5.47831
-5.47942
-5.48041
-5.48128
-5.48233
-5.48341
-5.48452
-5.48566
-5.48698
-5.48818
-5.48925
-5.49081
-5.49209
-5.4934
-5.49458
-5.49594
-5.49748
-5.49919
-5.50093
-5.50239
-5.50388
-5.50569
-5.50707
-5.50877
-5.51035
-5.51194
-5.51371
-5.51534
-5.517
-5.51822
-5.51976
-5.52132
-5.52334
-5.52523
-5.52699
-5.52876
-5.53069
-5.53249
-5.53445
-5.53627
-5.5381
-5.53994
-5.54179
-5.54365
-5.54522
-5.54709
-5.54897
-5.55115
-5.55304
-5.55509
-5.55744
-5.55949
-5.56124
-5.56283
-5.56458
-5.56648
-5.56822
-5.56996
-5.572
-5.57404
-5.57591
-5.57778
-5.57964
-5.58149
-5.58333
-5.58501
-5.58683
-5.58863
-5.59057
-5.5925
-5.59396
-5.59585
-5.59758
-5.59929
-5.60128
-5.6028
-5.6043
-5.60592
-5.60782
-5.6094
-5.61126
-5.61278
-5.61398
-5.61515
-5.61644
-5.61755
-5.61879
-5.61999
-5.62132
-5.62276
-5.62402
-5.62524
-5.62643
-5.62758
-5.6287
-5.63008
-5.63128
-5.63198
-5.6331
-5.63388
-5.63462
-5.63547
-5.63628
-5.63674
-5.63747
-5.63831
-5.63896
-5.63986
-5.64012
-5.64049
-5.64081
-5.64125
-5.64164
-5.64184
-5.64229
-5.64271
-5.64277
-5.6431
-5.64323
-5.64317
-5.64307
-5.64292
-5.64273
-5.6428
-5.64268
-5.64251
-5.64215
-5.64175
-5.64162
-5.64144
-5.64077
-5.64036
-5.63991
-5.63928
-5.63875
-5.63834
-5.6376
-5.63681
-5.63614
-5.63499
-5.6344
-5.63394
-5.63314
-5.63231
-5.63145
-5.63056
-5.62964
-5.62914
-5.62832
-5.62702
-5.6263
-5.62571
-5.62464
-5.6234
-5.62244
-5.62117
-5.62002
-5.61886
-5.61768
-5.61633
-5.61513
-5.61361
-5.61253
-5.61159
-5.6105
-5.6091
-5.60814
-5.60673
-5.60561
-5.60404
-5.60307
-5.6018
-5.60083
-5.59957
-5.59831
-5.59705
-5.59595
-5.59455
-5.59361
-5.59239
-5.59162
-5.59026
-5.58891
-5.58788
-5.58686
-5.5857
-5.58456
-5.58343
-5.58232
-5.58153
-5.58
-5.57894
-5.5779
-5.57704
-5.57619
-5.57506
-5.5741
-5.57316
-5.57224
-5.57104
-5.57016
-5.56915
-5.56847
-5.5675
-5.56671
-5.56579
-5.56504
-5.56431
-5.56344
-5.56306
-5.56269
-5.56219
-5.5614
-5.56079
-5.56004
-5.55946
-5.5589
-5.55881
-5.55858
-5.55837
-5.55787
-5.55754
-5.55692
-5.55646
-5.55601
-5.55543
-5.55485
-5.55459
-5.55449
-5.55409
-5.55355
-5.55271
-5.55249
-5.55181
-5.5516
-5.55123
-5.55087
-5.55052
-5.55016
-5.54995
-5.54945
-5.54909
-5.54858
-5.54822
-5.54801
-5.54749
-5.54697
-5.54629
-5.54591
-5.54583
-5.54513
-5.54488
-5.54463
-5.54437
-5.54395
-5.54367
-5.54308
-5.54218
-5.54172
-5.54125
-5.54078
-5.54044
-5.53995
-5.53959
-5.53923
-5.5387
-5.53846
-5.53792
-5.53721
-5.5368
-5.53652
-5.53594
-5.53564
-5.53504
-5.53457
-5.53395
-5.53332
-5.53283
-5.53218
-5.53137
-5.53071
-5.52989
-5.52906
-5.52838
-5.5277
-5.52715
-5.52646
-5.52576
-5.5249
-5.5242
-5.52334
-5.52248
-5.52192
-5.52121
-5.52035
-5.51949
-5.51909
-5.51838
-5.51768
-5.51713
-5.51629
-5.5156
-5.51462
-5.51424
-5.51358
-5.51307
-5.51226
-5.51192
-5.51129
-5.51082
-5.5102
-5.50945
-5.50871
-5.50813
-5.50772
-5.50717
-5.50648
-5.5061
-5.50575
-5.50525
-5.50462
-5.50416
-5.50372
-5.50329
-5.50287
-5.50248
-5.50195
-5.50159
-5.5011
-5.50077
-5.50062
-5.50003
-5.49961
-5.49921
-5.49883
-5.49847
-5.49828
-5.49811
-5.49795
-5.49782
-5.4974
-5.49746
-5.49738
-5.49763
-5.49759
-5.49742
-5.49757
-5.49774
-5.49777
-5.49783
-5.49805
-5.49784
-5.49794
-5.49807
-5.49821
-5.49867
-5.49899
-5.49918
-5.49924
-5.49931
-5.4994
-5.49965
-5.49992
-5.50035
-5.50065
-5.50081
-5.50128
-5.50162
-5.50197
-5.50233
-5.50255
-5.50294
-5.50334
-5.5036
-5.50402
-5.5043
-5.5049
-5.50535
-5.50597
-5.50659
-5.50738
-5.50742
-5.50777
-5.50828
-5.50866
-5.50904
-5.50988
-5.51043
-5.51113
-5.5114
-5.51197
-5.51255
-5.51314
-5.51374
-5.51434
-5.51495
-5.51542
-5.51619
-5.51683
-5.51746
-5.51811
-5.51846
-5.51897
-5.51964
-5.52017
-5.521
-5.52184
-5.52269
-5.5234
-5.52411
-5.52468
-5.52556
-5.5263
-5.52704
-5.52794
-5.5287
-5.52932
-5.53024
-5.53118
-5.53197
-5.53277
-5.53358
-5.53425
-5.53507
-5.53591
-5.5366
-5.53761
-5.53847
-5.53934
-5.54023
-5.54112
-5.54187
-5.54278
-5.5434
-5.54403
-5.54497
-5.54592
-5.54688
-5.5477
-5.54852
-5.54951
-5.55036
-5.55182
-5.55283
-5.55386
-5.55489
-5.55593
-5.55729
-5.55834
-5.55941
-5.56048
-5.56141
-5.56265
-5.56374
-5.56484
-5.56594
-5.5672
-5.56831
-5.56958
-5.571
-5.57197
-5.57309
-5.57437
-5.57564
-5.57676
-5.57788
-5.579
-5.58027
-5.58123
-5.58234
-5.58389
-5.58544
-5.58623
-5.58746
-5.58868
-5.58989
-5.59093
-5.59212
-5.59314
-5.5943
-5.59484
-5.59551
-5.59662
-5.5974
-5.59832
-5.59922
-5.6001
-5.60096
-5.60194
-5.6029
-5.60384
-5.60459
-5.60563
-5.60618
-5.60701
-5.60782
-5.60844
-5.60904
-5.60945
-5.60998
-5.61079
-5.61112
-5.61141
-5.61167
-5.6119
-5.61225
-5.61257
-5.61332
-5.61357
-5.6141
-5.61429
-5.6146
-5.61474
-5.61483
-5.6149
-5.61524
-5.6151
-5.61508
-5.61503
-5.61464
-5.61468
-5.61439
-5.61407
-5.61403
-5.61381
-5.61341
-5.61313
-5.61283
-5.61281
-5.61246
-5.61224
-5.61199
-5.61158
-5.61098
-5.61052
-5.61004
-5.60969
-5.60886
-5.60832
-5.60791
-5.60748
-5.60704
-5.60642
-5.6058
-5.6053
-5.60465
-5.60412
-5.60359
-5.60289
-5.60218
-5.6016
-5.60086
-5.59996
-5.59905
-5.59813
-5.59735
-5.59657
-5.59562
-5.59451
-5.59385
-5.59288
-5.5919
-5.59107
-5.59023
-5.58954
-5.589
-5.588
-5.58714
-5.58644
-5.58558
-5.58487
-5.58416
-5.5833
-5.58258
-5.58187
-5.58086
-5.5803
-5.57944
-5.57859
-5.57789
-5.57673
-5.57604
-5.5752
-5.57452
-5.57354
-5.57271
-5.57205
-5.57109
-5.57044
-5.56964
-5.56886
-5.56793
-5.56716
-5.5664
-5.56581
-5.56507
-5.5642
-5.56379
-5.56309
-5.56225
-5.56127
-5.56061
-5.5598
-5.55902
-5.55855
-5.55809
-5.5575
-5.55676
-5.5562
-5.5555
-5.55496
-5.55459
-5.55424
-5.5536
-5.55313
-5.55267
-5.55238
-5.55225
-5.55184
-5.55129
-5.55076
-5.55039
-5.54989
-5.5497
-5.54938
-5.54908
-5.54894
-5.54881
-5.54884
-5.54859
-5.54851
-5.54813
-5.54777
-5.54742
-5.54723
-5.5472
-5.54719
-5.54688
-5.54688
-5.5466
-5.54647
-5.54635
-5.54624
-5.54613
-5.54603
-5.54594
-5.5457
-5.54577
-5.54539
-5.54547
-5.5451
-5.54503
-5.54527
-5.54521
-5.54514
-5.54463
-5.54456
-5.54465
-5.54474
-5.54467
-5.5446
-5.54437
-5.54429
-5.5439
-5.54397
-5.54402
-5.54377
-5.54366
-5.54384
-5.54342
-5.54328
-5.54329
-5.54314
-5.54312
-5.5428
-5.54262
-5.54257
-5.54252
-5.54199
-5.54192
-5.54167
-5.54097
-5.5404
-5.54012
-5.53984
-5.53938
-5.53907
-5.5389
-5.53887
-5.53868
-5.53818
-5.53781
-5.53729
-5.53722
-5.53683
-5.53629
-5.5359
-5.53535
-5.53449
-5.53379
-5.53323
-5.53268
-5.53213
-5.53158
-5.53134
-5.53081
-5.53043
-5.53006
-5.52986
-5.52936
-5.52919
-5.52903
-5.52904
-5.52861
-5.52806
-5.52783
-5.52763
-5.5273
-5.52716
-5.52704
-5.52695
-5.52674
-5.52657
-5.52673
-5.52678
-5.52686
-5.52714
-5.52745
-5.52765
-5.52788
-5.52771
-5.52803
-5.52854
-5.52878
-5.52937
-5.52985
-5.53037
-5.53077
-5.53152
-5.53215
-5.53281
-5.53351
-5.53379
-5.53426
-5.53505
-5.53588
-5.53673
-5.53791
-5.53867
-5.54005
-5.54084
-5.54166
-5.54279
-5.54379
-5.54465
-5.54598
-5.54701
-5.5482
-5.5494
-5.55045
-5.5515
-5.55255
-5.55344
-5.55449
-5.55553
-5.55656
-5.55788
-5.5589
-5.55975
-5.56074
-5.56172
-5.56268
-5.56408
-5.56486
-5.56577
-5.56666
-5.56768
-5.56853
-5.56951
-5.57017
-5.57081
-5.57127
-5.57231
-5.57288
-5.57342
-5.57379
-5.57429
-5.57491
-5.57536
-5.57623
-5.57678
-5.57731
-5.57781
-5.57829
-5.57859
-5.57902
-5.57943
-5.57996
-5.58002
-5.58036
-5.58067
-5.58082
-5.58139
-5.58164
-5.58188
-5.58224
-5.58258
-5.58261
-5.58261
-5.58275
-5.58302
-5.58313
-5.58352
-5.58375
-5.58365
-5.5837
-5.58373
-5.58375
-5.58361
-5.58375
-5.58358
-5.58371
-5.58368
-5.58348
-5.58343
-5.58307
-5.58315
-5.58323
-5.58315
-5.58306
-5.58297
-5.58273
-5.58248
-5.58238
-5.58227
-5.58217
-5.58206
-5.58196
-5.58185
-5.5816
-5.5818
-5.58184
-5.58114
-5.58059
-5.58035
-5.58026
-5.58017
-5.58024
-5.58017
-5.5804
-5.58048
-5.58027
-5.58037
-5.58047
-5.58058
-5.58055
-5.58037
-5.58035
-5.58034
-5.58079
-5.58079
-5.58095
-5.58082
-5.58085
-5.58133
-5.58137
-5.58173
-5.58178
-5.582
-5.58207
-5.58215
-5.58224
-5.58248
-5.58243
-5.58253
-5.58295
-5.58321
-5.58363
-5.58361
-5.58374
-5.58387
-5.58385
-5.58384
-5.58398
-5.58428
-5.58427
-5.58457
-5.58486
-5.58486
-5.5847
-5.58484
-5.58499
-5.58497
-5.58526
-5.58539
-5.58553
-5.5858
-5.58562
-5.58604
-5.58615
-5.5864
-5.58634
-5.58658
-5.58666
-5.58673
-5.58679
-5.58668
-5.58657
-5.58675
-5.58661
-5.58661
-5.5866
-5.58703
-5.587
-5.58694
-5.58688
-5.58649
-5.58609
-5.58598
-5.586
-5.586
-5.58583
-5.5858
-5.5856
-5.58507
-5.58498
-5.58472
-5.58414
-5.58384
-5.58352
-5.58317
-5.58296
-5.58272
-5.58216
-5.58142
-5.58111
-5.58048
-5.58028
-5.58005
-5.57949
-5.57891
-5.57815
-5.57767
-5.57686
-5.57603
-5.57546
-5.57457
-5.57396
-5.57301
-5.57219
-5.57104
-5.57016
-5.56895
-5.56802
-5.56705
-5.56621
-5.56519
-5.56414
-5.56291
-5.5615
-5.56036
-5.55904
-5.55755
-5.55617
-5.55492
-5.55349
-5.55219
-5.55085
-5.54949
-5.5481
-5.54669
-5.5454
-5.54394
-5.54245
-5.54124
-5.53985
-5.5386
-5.53702
-5.53527
-5.5338
-5.53216
-5.53066
-5.52883
-5.52699
-5.52514
-5.52328
-5.52155
-5.51981
-5.51807
-5.51677
-5.51516
-5.51325
-5.51149
-5.50972
-5.50811
-5.50635
-5.50459
-5.50269
-5.50095
-5.49891
-5.49704
-5.49518
-5.49349
-5.49152
-5.48986
-5.48838
-5.48662
-5.48504
-5.48333
-5.48196
-5.48091
-5.4796
-5.47818
-5.47664
-5.47529
-5.47398
-5.47256
-5.47148
-5.47076
-5.46962
-5.46854
-5.4678
-5.46667
-5.46558
-5.4647
-5.46388
-5.46341
-5.46284
-5.46203
-5.46128
-5.46043
-5.46009
-5.45982
-5.459
-5.45899
-5.45874
-5.45855
-5.45842
-5.45849
-5.45817
-5.45806
-5.45801
-5.45816
-5.45867
-5.45894
-5.45926
-5.45948
-5.46005
-5.46067
-5.4612
-5.46192
-5.46253
-5.46304
-5.4639
-5.46419
-5.46498
-5.46581
-5.46667
-5.46772
-5.46866
-5.46962
-5.47062
-5.47164
-5.47254
-5.47346
-5.47456
-5.47553
-5.47667
-5.47767
-5.479
-5.48003
-5.48123
-5.48229
-5.48366
-5.48488
-5.48581
-5.48705
-5.48844
-5.48968
-5.49091
-5.49245
-5.49368
-5.49491
-5.49613
-5.49735
-5.4984
-5.4996
-5.50049
-5.50212
-5.50343
-5.50458
-5.50557
-5.50684
-5.50825
-5.50919
-5.50981
-5.51087
-5.51191
-5.51308
-5.51408
-5.51522
-5.51603
-5.51683
-5.51775
-5.51851
-5.51939
-5.52026
-5.52111
-5.52194
-5.5229
-5.52384
-5.52491
-5.52567
-5.52626
-5.52713
-5.52783
-5.52852
-5.52888
-5.52969
-5.53048
-5.53126
-5.53203
-5.53278
-5.53352
-5.53409
-5.53451
-5.53522
-5.53592
-5.53631
-5.53699
-5.53737
-5.53789
-5.53825
-5.53876
-5.53942
-5.53992
-5.54027
-5.54077
-5.54127
-5.54162
-5.54212
-5.54261
-5.54297
-5.54332
-5.54382
-5.54418
-5.54454
-5.54506
-5.54574
-5.54641
-5.54695
-5.54764
-5.54818
-5.54888
-5.54988
-5.5506
-5.55131
-5.55204
-5.55277
-5.5535
-5.55409
-5.55453
-5.55543
-5.55604
-5.55665
-5.55726
-5.55818
-5.5588
-5.55928
-5.5599
-5.56023
-5.56071
-5.56164
-5.56212
-5.5626
-5.56323
-5.56386
-5.56449
-5.56512
-5.56589
-5.5665
-5.56712
-5.56803
-5.56878
-5.56922
-5.56996
-5.57024
-5.57097
-5.57168
-5.57224
-5.57278
-5.57332
-5.57399
-5.5745
-5.57515
-5.57595
-5.57642
-5.57658
-5.57688
-5.57702
-5.57759
-5.578
-5.57839
-5.57877
-5.57944
-5.57994
-5.58012
-5.58044
-5.58074
-5.58102
-5.58129
-5.58154
-5.58178
-5.58215
-5.5822
-5.58209
-5.58195
-5.58211
-5.5824
-5.58252
-5.58263
-5.58257
-5.58295
-5.58316
-5.5829
-5.58308
-5.58325
-5.58295
-5.58278
-5.5826
-5.5824
-5.5825
-5.58242
-5.58218
-5.58193
-5.58182
-5.58169
-5.5814
-5.58169
-5.58153
-5.5812
-5.58085
-5.58065
-5.58043
-5.5802
-5.58011
-5.57986
-5.57944
-5.57871
-5.57797
-5.57768
-5.57722
-5.57674
-5.57626
-5.57592
-5.57571
-5.57535
-5.57512
-5.57473
-5.57448
-5.57407
-5.57305
-5.57246
-5.57157
-5.57126
-5.5711
-5.57077
-5.57028
-5.56978
-5.56926
-5.56874
-5.56789
-5.56734
-5.56662
-5.5662
-5.56576
-5.56516
-5.56469
-5.56406
-5.56327
-5.56261
-5.5618
-5.56112
-5.56057
-5.55942
-5.5587
-5.55827
-5.55752
-5.55677
-5.55585
-5.55567
-5.55503
-5.55407
-5.55341
-5.55258
-5.55189
-5.55104
-5.54972
-5.549
-5.54828
-5.54723
-5.54634
-5.54543
-5.54421
-5.54329
-5.54237
-5.54158
-5.54049
-5.53955
-5.53861
-5.53751
-5.53656
-5.53561
-5.53466
-5.53371
-5.53292
-5.53168
-5.53059
-5.52981
-5.52888
-5.52827
-5.52751
-5.52661
-5.52587
-5.525
-5.52398
-5.52298
-5.522
-5.52133
-5.52053
-5.51975
-5.51899
-5.51795
-5.51723
-5.51668
-5.51601
-5.51537
-5.51445
-5.51385
-5.51329
-5.51291
-5.5121
-5.51163
-5.51149
-5.51093
-5.5104
-5.51006
-5.5099
-5.50978
-5.50969
-5.50949
-5.50932
-5.50904
-5.5091
-5.50889
-5.50888
-5.50845
-5.5085
-5.50815
-5.50828
-5.50861
-5.50912
-5.50937
-5.5095
-5.50937
-5.50973
-5.51043
-5.51086
-5.51133
-5.51183
-5.51237
-5.51294
-5.51355
-5.51418
-5.51485
-5.5154
-5.51613
-5.51673
-5.51752
-5.51818
-5.51902
-5.52003
-5.52092
-5.52198
-5.52292
-5.52387
-5.52454
-5.52508
-5.52609
-5.52697
-5.52786
-5.52876
-5.52983
-5.53106
-5.53199
-5.53309
-5.53419
-5.53485
-5.53597
-5.53694
-5.53806
-5.53933
-5.5403
-5.54157
-5.54269
-5.54395
-5.54506
-5.54616
-5.54726
-5.54865
-5.54957
-5.55033
-5.55124
-5.55228
-5.55346
-5.55417
-5.55516
-5.55614
-5.55665
-5.5576
-5.55852
-5.55958
-5.56046
-5.56102
-5.5617
-5.56252
-5.56301
-5.56363
-5.56437
-5.56554
-5.56623
-5.56689
-5.56783
-5.56845
-5.56888
-5.56913
-5.56996
-5.57061
-5.57108
-5.57167
-5.57223
-5.57246
-5.57281
-5.57313
-5.57358
-5.57384
-5.57407
-5.57397
-5.57415
-5.57429
-5.57471
-5.5751
-5.57516
-5.5752
-5.5752
-5.57502
-5.57512
-5.57474
-5.57449
-5.5739
-5.57375
-5.57357
-5.57336
-5.57328
-5.57288
-5.5726
-5.57245
-5.57198
-5.57164
-5.57142
-5.57089
-5.57049
-5.57007
-5.56948
-5.56902
-5.56855
-5.56807
-5.56772
-5.5666
-5.56607
-5.56538
-5.56513
-5.56442
-5.56415
-5.56342
-5.56268
-5.56208
-5.56133
-5.56103
-5.56041
-5.56025
-5.55933
-5.55856
-5.55808
-5.55685
-5.55638
-5.55561
-5.55513
-5.55451
-5.55374
-5.55312
-5.55266
-5.5522
-5.5519
-5.5513
-5.55086
-5.55042
-5.54969
-5.54896
-5.54854
-5.54813
-5.54758
-5.54703
-5.54649
-5.54611
-5.54559
-5.54507
-5.54457
-5.54437
-5.54388
-5.54324
-5.54277
-5.54215
-5.54153
-5.54078
-5.54033
-5.53989
-5.53945
-5.53903
-5.53845
-5.53818
-5.53762
-5.5372
-5.5368
-5.53639
-5.53614
-5.53573
-5.53533
-5.53478
-5.53438
-5.53427
-5.53402
-5.53361
-5.53304
-5.53293
-5.53266
-5.53208
-5.5315
-5.53106
-5.53046
-5.53015
-5.52938
-5.52921
-5.52903
-5.52823
-5.52757
-5.5272
-5.52666
-5.52611
-5.5257
-5.52512
-5.52422
-5.52377
-5.52299
-5.52219
-5.52153
-5.52085
-5.52015
-5.51943
-5.519
-5.51839
-5.51762
-5.51667
-5.51601
-5.51517
-5.51447
-5.51375
-5.51286
-5.51195
-5.51087
-5.50992
-5.5088
-5.50766
-5.50666
-5.50579
-5.50475
-5.50415
-5.50308
-5.50185
-5.50076
-5.4998
-5.49883
-5.49785
-5.49671
-5.49571
-5.49454
-5.49353
-5.49205
-5.49072
-5.48984
-5.48866
-5.48747
-5.48628
-5.48494
-5.4836
-5.48257
-5.48139
-5.48022
-5.47906
-5.4782
-5.4772
-5.47637
-5.47524
-5.47352
-5.47227
-5.47103
-5.46996
-5.46906
-5.46833
-5.46716
-5.46631
-5.46504
-5.46423
-5.46329
-5.46238
-5.46164
-5.46047
-5.45947
-5.4588
-5.45801
-5.45754
-5.45664
-5.45576
-5.45492
-5.45424
-5.4536
-5.45282
-5.45237
-5.45165
-5.4511
-5.45043
-5.45008
-5.44946
-5.44901
-5.44858
-5.44818
-5.44765
-5.44729
-5.44712
-5.44696
-5.44652
-5.44611
-5.44572
-5.44566
-5.44531
-5.44529
-5.44515
-5.44502
-5.44477
-5.44468
-5.44463
-5.44489
-5.44488
-5.44474
-5.44462
-5.44482
-5.44475
-5.445
-5.44498
-5.44498
-5.4453
-5.4455
-5.44557
-5.44581
-5.44609
-5.44638
-5.4467
-5.4472
-5.44758
-5.44783
-5.44826
-5.44872
-5.4492
-5.44987
-5.45071
-5.45128
-5.45188
-5.45251
-5.45363
-5.45402
-5.4549
-5.45565
-5.45644
-5.45726
-5.45827
-5.45915
-5.45992
-5.46072
-5.4617
-5.46271
-5.46407
-5.46515
-5.46596
-5.46711
-5.46814
-5.4692
-5.47015
-5.47158
-5.47274
-5.47423
-5.47561
-5.47702
-5.4786
-5.48007
-5.48157
-5.48294
-5.48465
-5.48578
-5.48724
-5.48887
-5.49039
-5.49207
-5.49363
-5.49521
-5.49696
-5.49874
-5.50083
-5.50264
-5.50432
-5.50631
-5.50832
-5.51019
-5.51207
-5.51381
-5.51557
-5.51748
-5.51924
-5.52071
-5.52263
-5.52456
-5.52649
-5.52842
-5.53064
-5.53256
-5.53448
-5.53639
-5.53814
-5.54018
-5.54206
-5.54378
-5.54579
-5.54763
-5.54931
-5.55127
-5.55291
-5.55453
-5.55583
-5.55771
-5.55912
-5.5608
-5.56261
-5.5641
