-3.9161
-3.9158
-3.91565
-3.9152
-3.9152
-3.9152
-3.9152
-3.91505
-3.9152
-3.9152
-3.91505
-3.91489
-3.91489
-3.91474
-3.91459
-3.91459
-3.91459
-3.91474
-3.91459
-3.91474
-3.91489
-3.91504
-3.91535
-3.9155
-3.9155
-3.9158
-3.91565
-3.9155
-3.91535
-3.91535
-3.91535
-3.91535
-3.9155
-3.9155
-3.9155
-3.9155
-3.91565
-3.91535
-3.91535
-3.91519
-3.91519
-3.91519
-3.91519
-3.91519
-3.91519
-3.91534
-3.91519
-3.9155
-3.9155
-3.91534
-3.91534
-3.91565
-3.9158
-3.9155
-3.91565
-3.91595
-3.9161
-3.9161
-3.9158
-3.91549
-3.91534
-3.91519
-3.91489
-3.91504
-3.91504
-3.91534
-3.91534
-3.91519
-3.91519
-3.91534
-3.91534
-3.91534
-3.91504
-3.91519
-3.91504
-3.91504
-3.91519
-3.91519
-3.91489
-3.91504
-3.91504
-3.91504
-3.91534
-3.91534
-3.91549
-3.91549
-3.91549
-3.91549
-3.91564
-3.91595
-3.9161
-3.9161
-3.9164
-3.9167
-3.91655
-3.9164
-3.9164
-3.9167
-3.9167
-3.9167
-3.91685
-3.91685
-3.917
-3.91685
-3.917
-3.91685
-3.91685
-3.9167
-3.91685
-3.91685
-3.91685
-3.91685
-3.9167
-3.91655
-3.9164
-3.9164
-3.91685
-3.9167
-3.9167
-3.91685
-3.91655
-3.91655
-3.91655
-3.9167
-3.91655
-3.91639
-3.91639
-3.91639
-3.91655
-3.9167
-3.9167
-3.91685
-3.9167
-3.91685
-3.9167
-3.917
-3.91685
-3.91639
-3.91655
-3.91655
-3.91639
-3.9167
-3.91685
-3.9167
-3.91655
-3.91655
-3.91655
-3.91655
-3.91685
-3.9167
-3.9167
-3.91655
-3.91685
-3.9167
-3.91655
-3.91655
-3.9167
-3.91655
-3.91655
-3.91655
-3.91655
-3.91655
-3.91685
-3.917
-3.91716
-3.91716
-3.917
-3.91716
-3.91701
-3.91701
-3.91685
-3.91716
-3.91746
-3.91746
-3.91776
-3.91791
-3.91791
-3.91791
-3.91806
-3.91822
-3.91867
-3.91852
-3.91807
-3.91807
-3.91791
-3.91807
-3.91807
-3.91807
-3.91807
-3.91792
-3.91776
-3.91761
-3.91776
-3.91777
-3.91807
-3.91792
-3.91777
-3.91761
-3.91761
-3.91792
-3.91792
-3.91792
-3.91792
-3.91777
-3.91777
-3.91792
-3.91822
-3.91837
-3.91837
-3.91807
-3.91807
-3.91822
-3.91792
-3.91792
-3.91822
-3.91807
-3.91807
-3.91807
-3.91822
-3.91807
-3.91807
-3.91822
-3.91822
-3.91822
-3.91837
-3.91806
-3.91791
-3.91791
-3.91806
-3.91806
-3.91806
-3.91791
-3.91791
-3.91806
-3.91806
-3.91867
-3.91836
-3.91821
-3.91821
-3.91821
-3.91836
-3.91866
-3.91836
-3.91836
-3.91836
-3.91836
-3.91836
-3.91836
-3.91821
-3.91821
-3.91851
-3.91866
-3.91866
-3.91912
-3.91912
-3.91927
-3.91927
-3.91911
-3.91881
-3.91881
-3.91866
-3.91881
-3.91911
-3.91927
-3.91942
-3.91896
-3.91896
-3.91896
-3.91896
-3.91896
-3.91896
-3.91881
-3.91896
-3.91927
-3.91927
-3.91927
-3.91912
-3.91942
-3.91942
-3.91942
-3.91942
-3.91942
-3.91957
-3.91942
-3.91927
-3.91912
-3.91912
-3.91897
-3.91867
-3.91882
-3.91882
-3.91882
-3.91867
-3.91867
-3.91852
-3.91882
-3.91867
-3.91867
-3.91867
-3.91882
-3.91882
-3.91882
-3.91882
-3.91882
-3.91882
-3.91897
-3.91897
-3.91912
-3.91882
-3.91867
-3.91867
-3.91867
-3.91867
-3.91867
-3.91852
-3.91852
-3.91822
-3.91776
-3.91776
-3.91776
-3.91807
-3.91807
-3.91807
-3.91807
-3.91807
-3.91807
-3.91822
-3.91822
-3.91822
-3.91822
-3.91822
-3.91822
-3.91807
-3.91792
-3.91777
-3.91762
-3.91762
-3.91777
-3.91777
-3.91777
-3.91792
-3.91777
-3.91747
-3.91731
-3.91701
-3.91732
-3.91716
-3.91716
-3.91701
-3.91731
-3.91731
-3.91716
-3.91701
-3.91701
-3.91686
-3.91686
-3.91701
-3.91701
-3.91701
-3.91746
-3.91777
-3.91792
-3.91807
-3.91807
-3.91822
-3.91777
-3.91807
-3.91852
-3.91852
-3.91837
-3.91837
-3.91837
-3.91822
-3.91852
-3.91852
-3.91867
-3.91882
-3.91882
-3.91852
-3.91852
-3.91852
-3.91867
-3.91867
-3.91867
-3.91852
-3.91867
-3.91867
-3.91867
-3.91852
-3.91822
-3.91822
-3.91852
-3.91867
-3.91852
-3.91837
-3.91837
-3.91837
-3.91852
-3.91882
-3.91852
-3.91852
-3.91852
-3.91867
-3.91852
-3.91882
-3.91852
-3.91836
-3.91836
-3.91852
-3.91852
-3.91852
-3.91852
-3.91852
-3.91852
-3.91852
-3.91867
-3.91867
-3.91867
-3.91882
-3.91897
-3.91882
-3.91897
-3.91897
-3.91927
-3.91927
-3.91927
-3.91927
-3.91972
-3.91972
-3.91972
-3.91927
-3.91927
-3.91927
-3.91988
-3.92003
-3.92003
-3.91972
-3.91942
-3.91912
-3.91927
-3.91927
-3.91942
-3.91957
-3.91957
-3.91957
-3.91957
-3.91942
-3.91942
-3.91912
-3.91912
-3.91897
-3.91927
-3.91942
-3.91912
-3.91867
-3.91867
-3.91867
-3.91882
-3.91897
-3.91897
-3.91942
-3.91942
-3.91943
-3.91897
-3.91927
-3.91973
-3.91988
-3.91973
-3.91958
-3.91943
-3.91912
-3.91912
-3.91912
-3.91897
-3.91867
-3.91867
-3.91882
-3.91928
-3.91943
-3.91912
-3.91897
-3.91882
-3.91882
-3.91882
-3.91897
-3.91897
-3.91882
-3.91897
-3.91928
-3.91913
-3.91943
-3.91943
-3.91943
-3.91928
-3.91913
-3.91928
-3.91898
-3.91943
-3.91973
-3.91973
-3.91988
-3.92003
-3.91973
-3.91973
-3.91958
-3.91958
-3.91943
-3.91913
-3.91928
-3.91958
-3.91943
-3.91913
-3.91897
-3.91882
-3.91867
-3.91867
-3.91867
-3.91837
-3.91852
-3.91837
-3.91852
-3.91852
-3.91882
-3.91882
-3.91852
-3.91852
-3.91852
-3.91806
-3.91806
-3.91806
-3.91791
-3.91791
-3.91791
-3.91791
-3.91791
-3.91806
-3.91822
-3.91806
-3.91806
-3.91791
-3.91806
-3.91821
-3.91837
-3.91822
-3.91837
-3.91837
-3.91837
-3.91852
-3.91867
-3.91852
-3.91837
-3.91852
-3.91837
-3.91822
-3.91837
-3.91852
-3.91852
-3.91852
-3.91837
-3.91852
-3.91852
-3.91867
-3.91867
-3.91867
-3.91852
-3.91852
-3.91822
-3.91837
-3.91852
-3.91852
-3.91852
-3.91867
-3.91867
-3.91867
-3.91852
-3.91867
-3.91867
-3.91882
-3.91897
-3.91927
-3.91897
-3.91867
-3.91837
-3.91822
-3.91822
-3.91806
-3.91806
-3.91791
-3.91806
-3.91791
-3.91791
-3.91822
-3.91822
-3.91822
-3.91822
-3.91822
-3.91867
-3.91867
-3.91852
-3.91837
-3.91837
-3.91852
-3.91852
-3.91867
-3.91852
-3.91822
-3.91852
-3.91852
-3.91852
-3.91882
-3.91897
-3.91927
-3.91927
-3.91912
-3.91942
-3.91942
-3.91943
-3.91958
-3.91988
-3.91988
-3.91988
-3.91943
-3.91927
-3.91943
-3.91943
-3.91973
-3.91988
-3.92003
-3.91988
-3.91988
-3.91988
-3.91958
-3.91973
-3.91973
-3.91988
-3.91973
-3.91943
-3.91973
-3.91973
-3.91973
-3.91943
-3.91943
-3.91943
-3.91973
-3.91943
-3.91927
-3.91912
-3.91912
-3.91912
-3.91927
-3.91927
-3.91927
-3.91927
-3.91927
-3.91912
-3.91927
-3.91927
-3.91927
-3.91927
-3.91897
-3.91943
-3.91958
-3.91988
-3.91958
-3.91943
-3.91958
-3.91958
-3.91943
-3.91973
-3.91973
-3.91973
-3.91943
-3.91927
-3.91958
-3.91928
-3.91912
-3.91912
-3.91897
-3.91882
-3.91897
-3.91912
-3.91897
-3.91897
-3.91897
-3.91882
-3.91882
-3.91882
-3.91912
-3.91912
-3.91928
-3.91943
-3.91913
-3.91928
-3.91943
-3.91973
-3.92003
-3.92003
-3.92003
-3.91988
-3.92018
-3.92049
-3.92049
-3.92049
-3.92079
-3.92064
-3.92079
-3.92079
-3.92094
-3.92079
-3.92094
-3.92094
-3.92079
-3.92064
-3.92079
-3.92109
-3.92109
-3.92064
-3.92064
-3.92064
-3.92064
-3.92064
-3.92063
-3.92048
-3.92048
-3.92063
-3.92048
-3.91973
-3.91973
-3.91973
-3.91973
-3.91988
-3.91973
-3.91973
-3.91973
-3.91957
-3.91973
-3.91973
-3.91927
-3.91912
-3.91927
-3.91897
-3.91912
-3.91912
-3.91882
-3.91897
-3.91882
-3.91867
-3.91867
-3.91867
-3.91851
-3.91836
-3.91836
-3.91851
-3.91882
-3.91897
-3.91882
-3.91882
-3.91867
-3.91867
-3.91927
-3.91972
-3.91957
-3.91957
-3.91942
-3.91927
-3.91927
-3.91912
-3.91927
-3.91927
-3.91927
-3.91942
-3.91912
-3.91897
-3.91882
-3.91852
-3.91867
-3.91867
-3.91867
-3.91867
-3.91882
-3.91867
-3.91867
-3.91852
-3.91882
-3.91897
-3.91852
-3.91852
-3.91852
-3.91867
-3.91882
-3.91912
-3.91912
-3.91867
-3.91897
-3.91837
-3.91837
-3.91837
-3.91807
-3.91792
-3.91792
-3.91792
-3.91807
-3.91822
-3.91807
-3.91822
-3.91822
-3.91822
-3.91792
-3.91807
-3.91822
-3.91822
-3.91822
-3.91807
-3.91822
-3.91792
-3.91776
-3.91746
-3.91761
-3.91761
-3.91761
-3.91807
-3.91807
-3.91792
-3.91807
-3.91822
-3.91792
-3.91776
-3.91746
-3.91731
-3.91746
-3.91716
-3.91731
-3.91731
-3.91731
-3.91746
-3.91776
-3.91761
-3.91746
-3.91761
-3.91777
-3.91777
-3.91777
-3.91777
-3.91761
-3.91777
-3.91807
-3.91807
-3.91822
-3.91807
-3.91807
-3.91807
-3.91777
-3.91761
-3.91777
-3.91792
-3.91761
-3.91807
-3.91822
-3.91777
-3.91761
-3.91746
-3.91731
-3.91701
-3.91701
-3.91701
-3.91686
-3.91716
-3.91716
-3.91701
-3.91716
-3.91716
-3.91716
-3.91701
-3.91716
-3.91716
-3.91701
-3.91701
-3.91686
-3.91671
-3.91656
-3.91671
-3.91671
-3.91671
-3.91716
-3.91716
-3.91731
-3.91716
-3.91746
-3.91746
-3.91776
-3.91746
-3.91761
-3.91731
-3.91716
-3.91731
-3.91746
-3.91761
-3.91731
-3.91746
-3.91746
-3.91746
-3.91761
-3.91776
-3.91761
-3.91776
-3.91791
-3.91776
-3.91776
-3.91791
-3.91776
-3.91806
-3.91806
-3.91806
-3.91806
-3.91806
-3.91821
-3.91836
-3.91821
-3.91836
-3.91806
-3.91836
-3.91836
-3.91821
-3.91836
-3.91836
-3.91866
-3.91881
-3.91896
-3.91896
-3.91881
-3.91851
-3.91866
-3.91881
-3.91927
-3.91957
-3.91957
-3.91957
-3.91957
-3.91927
-3.91912
-3.91881
-3.91851
-3.91851
-3.91851
-3.91882
-3.91882
-3.91867
-3.91882
-3.91882
-3.91882
-3.91867
-3.91882
-3.91867
-3.91867
-3.91867
-3.91867
-3.91897
-3.91912
-3.91927
-3.91943
-3.91958
-3.91973
-3.91988
-3.91988
-3.92018
-3.92003
-3.92018
-3.91988
-3.91988
-3.92003
-3.92064
-3.92064
-3.92034
-3.92018
-3.92003
-3.91973
-3.91973
-3.91958
-3.91943
-3.91943
-3.91928
-3.91898
-3.91928
-3.91913
-3.91928
-3.91928
-3.91867
-3.91837
-3.91837
-3.91852
-3.91898
-3.91852
-3.91867
-3.91882
-3.91882
-3.91882
-3.91867
-3.91897
-3.91882
-3.91867
-3.91867
-3.91897
-3.91897
-3.91882
-3.91912
-3.91897
-3.91897
-3.91897
-3.91912
-3.91897
-3.91882
-3.91897
-3.91882
-3.91897
-3.91912
-3.91912
-3.91927
-3.91912
-3.91897
-3.91897
-3.91912
-3.91927
-3.91942
-3.91927
-3.91942
-3.91927
-3.91942
-3.91942
-3.91957
-3.91942
-3.91942
-3.91942
-3.91912
-3.91912
-3.91897
-3.91882
-3.91866
-3.91851
-3.91836
-3.91806
-3.91806
-3.91836
-3.91851
-3.91881
-3.91896
-3.91866
-3.91881
-3.91881
-3.91881
-3.91881
-3.91836
-3.91836
-3.91836
-3.91791
-3.91791
-3.91745
-3.91776
-3.91791
-3.91776
-3.91776
-3.91806
-3.91806
-3.91806
-3.91821
-3.91806
-3.91806
-3.91806
-3.91821
-3.91851
-3.91851
-3.91851
-3.91836
-3.91866
-3.91851
-3.91821
-3.91821
-3.91836
-3.91851
-3.91851
-3.91851
-3.91836
-3.91791
-3.91776
-3.91776
-3.91746
-3.91776
-3.91791
-3.91776
-3.91746
-3.91776
-3.91716
-3.91731
-3.91716
-3.91716
-3.91716
-3.91731
-3.91731
-3.91746
-3.91761
-3.91731
-3.91731
-3.91761
-3.91822
-3.91807
-3.91791
-3.91822
-3.91807
-3.91792
-3.91837
-3.91837
-3.91792
-3.91776
-3.91776
-3.91776
-3.91761
-3.91761
-3.91761
-3.91746
-3.91777
-3.91777
-3.91777
-3.91746
-3.91716
-3.91716
-3.91686
-3.91671
-3.91671
-3.91701
-3.91716
-3.91731
-3.91701
-3.91701
-3.91716
-3.91716
-3.91716
-3.91731
-3.91731
-3.91716
-3.91716
-3.91716
-3.91731
-3.91731
-3.91716
-3.91686
-3.91671
-3.91686
-3.91671
-3.91671
-3.91686
-3.91671
-3.91761
-3.91746
-3.91746
-3.91746
-3.91716
-3.91731
-3.91731
-3.91746
-3.91731
-3.91731
-3.91731
-3.91701
-3.91685
-3.9167
-3.91655
-3.91655
-3.91625
-3.9161
-3.9158
-3.9158
-3.9158
-3.9161
-3.91625
-3.9164
-3.9164
-3.9161
-3.91625
-3.9161
-3.91625
-3.91655
-3.9164
-3.91625
-3.91625
-3.9164
-3.9164
-3.9164
-3.91625
-3.9161
-3.91625
-3.91655
-3.9164
-3.9164
-3.9167
-3.9164
-3.9164
-3.9164
-3.91625
-3.91625
-3.9164
-3.91655
-3.91685
-3.9164
-3.91655
-3.91655
-3.91685
-3.91685
-3.917
-3.917
-3.91731
-3.91746
-3.91761
-3.91731
-3.91731
-3.91731
-3.91715
-3.917
-3.917
-3.91715
-3.91715
-3.91715
-3.91715
-3.91715
-3.917
-3.91715
-3.91731
-3.91776
-3.91791
-3.91716
-3.91716
-3.91731
-3.91731
-3.91746
-3.91746
-3.91731
-3.917
-3.917
-3.91685
-3.91685
-3.91685
-3.917
-3.91716
-3.91731
-3.91731
-3.91761
-3.91761
-3.91776
-3.91746
-3.91746
-3.91761
-3.91761
-3.91746
-3.91731
-3.91731
-3.917
-3.91685
-3.91685
-3.91685
-3.91716
-3.91731
-3.91731
-3.917
-3.91716
-3.917
-3.917
-3.91716
-3.91716
-3.91731
-3.91746
-3.91746
-3.91746
-3.91761
-3.91731
-3.91731
-3.91731
-3.91746
-3.91746
-3.91746
-3.91761
-3.91776
-3.91776
-3.91761
-3.91761
-3.91746
-3.91746
-3.91731
-3.91761
-3.91761
-3.91731
-3.91746
-3.91731
-3.91746
-3.91761
-3.91746
-3.91731
-3.91715
-3.91715
-3.91746
-3.91731
-3.91731
-3.91731
-3.91731
-3.91715
-3.917
-3.917
-3.91715
-3.91731
-3.91731
-3.91731
-3.91731
-3.9173
-3.91715
-3.9173
-3.917
-3.917
-3.917
-3.9167
-3.91685
-3.91655
-3.91685
-3.91655
-3.9164
-3.9164
-3.9167
-3.9167
-3.9167
-3.9167
-3.91655
-3.9164
-3.9164
-3.91685
-3.91685
-3.91685
-3.91685
-3.917
-3.91715
-3.91715
-3.917
-3.91685
-3.917
-3.917
-3.917
-3.917
-3.917
-3.917
-3.917
-3.91731
-3.91731
-3.91716
-3.91716
-3.91716
-3.91746
-3.91731
-3.9167
-3.91655
-3.91655
-3.91655
-3.91655
-3.9164
-3.9161
-3.91625
-3.91625
-3.9164
-3.9164
-3.9164
-3.9164
-3.91595
-3.9158
-3.9158
-3.9155
-3.91535
-3.91565
-3.91565
-3.9155
-3.91565
-3.9155
-3.9155
-3.9155
-3.9155
-3.9155
-3.9155
-3.9155
-3.9155
-3.9152
-3.91504
-3.91565
-3.9158
-3.91565
-3.91565
-3.91565
-3.91519
-3.9155
-3.91565
-3.91595
-3.91595
-3.9158
-3.91625
-3.9161
-3.9161
-3.91625
-3.9158
-3.9158
-3.9158
-3.9158
-3.91595
-3.91595
-3.9161
-3.91625
-3.9161
-3.91595
-3.9158
-3.91595
-3.91595
-3.91565
-3.91565
-3.91565
-3.9155
-3.9155
-3.91565
-3.9155
-3.91565
-3.91565
-3.91565
-3.91565
-3.9155
-3.91535
-3.91535
-3.91519
-3.91504
-3.91504
-3.91489
-3.91489
-3.91489
-3.91459
-3.91459
-3.91474
-3.91474
-3.91459
-3.91474
-3.91489
-3.91474
-3.91459
-3.91459
-3.91474
-3.91504
-3.91474
-3.91474
-3.91459
-3.91474
-3.91459
-3.91429
-3.91459
-3.91474
-3.91474
-3.91474
-3.91459
-3.91444
-3.91459
-3.91474
-3.91444
-3.91413
-3.91428
-3.91398
-3.91398
-3.91398
-3.91413
-3.91413
-3.91368
-3.91383
-3.91353
-3.91368
-3.91383
-3.91413
-3.91428
-3.91398
-3.91398
-3.91383
-3.91398
-3.91413
-3.91383
-3.91398
-3.91443
-3.91458
-3.91458
-3.91458
-3.91443
-3.91443
-3.91413
-3.91428
-3.91443
-3.91443
-3.91413
-3.91413
-3.91443
-3.91443
-3.91459
-3.91443
-3.91443
-3.91413
-3.91443
-3.91459
-3.91459
-3.91459
-3.91474
-3.91428
-3.91413
-3.91443
-3.91443
-3.91459
-3.91489
-3.91519
-3.91519
-3.91474
-3.91443
-3.91474
-3.91459
-3.91459
-3.91504
-3.91504
-3.91489
-3.91489
-3.91489
-3.91474
-3.91504
-3.91504
-3.91489
-3.91459
-3.91444
-3.91459
-3.91429
-3.91413
-3.91398
-3.91383
-3.91368
-3.91323
-3.91338
-3.91353
-3.91353
-3.91323
-3.91338
-3.91323
-3.91323
-3.91353
-3.91353
-3.91368
-3.91368
-3.91353
-3.91353
-3.91368
-3.91368
-3.91384
-3.91399
-3.91414
-3.91369
-3.91369
-3.91369
-3.91338
-3.91338
-3.91353
-3.91338
-3.91369
-3.91384
-3.91369
-3.91399
-3.91414
-3.91399
-3.91399
-3.91399
-3.91399
-3.91384
-3.91384
-3.91399
-3.91414
-3.91414
-3.91414
-3.91384
-3.91384
-3.91384
-3.91369
-3.91369
-3.91369
-3.91369
-3.91369
-3.91354
-3.91369
-3.91399
-3.91429
-3.91399
-3.91399
-3.91399
-3.91414
-3.91429
-3.91459
-3.91459
-3.91444
-3.91444
-3.91459
-3.91459
-3.91474
-3.91474
-3.91489
-3.91474
-3.91474
-3.91504
-3.91504
-3.91474
-3.91459
-3.91459
-3.91489
-3.91504
-3.91474
-3.91474
-3.91474
-3.91459
-3.91489
-3.91474
-3.91489
-3.91489
-3.91458
-3.91443
-3.91443
-3.91428
-3.91428
-3.91443
-3.91443
-3.91443
-3.91443
-3.91413
-3.91428
-3.91428
-3.91458
-3.91458
-3.91458
-3.91458
-3.91458
-3.91413
-3.91413
-3.91413
-3.91443
-3.91489
-3.91474
-3.91459
-3.91459
-3.91459
-3.91459
-3.91489
-3.91459
-3.91474
-3.91489
-3.91474
-3.91474
-3.91474
-3.91459
-3.91459
-3.91459
-3.91444
-3.91429
-3.91444
-3.91444
-3.91444
-3.91444
-3.91444
-3.91459
-3.91459
-3.91459
-3.91474
-3.9149
-3.91565
-3.9158
-3.9158
-3.91535
-3.9152
-3.91535
-3.9152
-3.9149
-3.9149
-3.9149
-3.9149
-3.91474
-3.91474
-3.91474
-3.91459
-3.91459
-3.91444
-3.91429
-3.91444
-3.91429
-3.91399
-3.91384
-3.91384
-3.91369
-3.91369
-3.91369
-3.91399
-3.91429
-3.91444
-3.91444
-3.91489
-3.91459
-3.91474
-3.91489
-3.91535
-3.9152
-3.91505
-3.91504
-3.91489
-3.91474
-3.91489
-3.91489
-3.91504
-3.91474
-3.91459
-3.91489
-3.91489
-3.91489
-3.91504
-3.91519
-3.91489
-3.91489
-3.91489
-3.91459
-3.91444
-3.91444
-3.91429
-3.91414
-3.91414
-3.91414
-3.91444
-3.91444
-3.91459
-3.91459
-3.91459
-3.91459
-3.91459
-3.91459
-3.91459
-3.91459
-3.91444
-3.91444
-3.91459
-3.91474
-3.91489
-3.91504
-3.91489
-3.91489
-3.91489
-3.91504
-3.91534
-3.91549
-3.91564
-3.91549
-3.91549
-3.91534
-3.91534
-3.91549
-3.91564
-3.91564
-3.91549
-3.91594
-3.91579
-3.91564
-3.91564
-3.91564
-3.91549
-3.91549
-3.91579
-3.91564
-3.91579
-3.91549
-3.91549
-3.91534
-3.91534
-3.91534
-3.91534
-3.91504
-3.91474
-3.91443
-3.91428
-3.91398
-3.91413
-3.91413
-3.91398
-3.91398
-3.91383
-3.91383
-3.91398
-3.91398
-3.91383
-3.91383
-3.91383
-3.91368
-3.91383
-3.91368
-3.91368
-3.91398
-3.91398
-3.91383
-3.91368
-3.91383
-3.91398
-3.91413
-3.91398
-3.91383
-3.91429
-3.91429
-3.91444
-3.91429
-3.91444
-3.91429
-3.91444
-3.91429
-3.91414
-3.91383
-3.91368
-3.91338
-3.91338
-3.91338
-3.91323
-3.91338
-3.91368
-3.91384
-3.91414
-3.91399
-3.91414
-3.91384
-3.91368
-3.91368
-3.91353
-3.91338
-3.91338
-3.91338
-3.91338
-3.91353
-3.91338
-3.91338
-3.91338
-3.91338
-3.91293
-3.91338
-3.91323
-3.91308
-3.91263
-3.91233
-3.91218
-3.91218
-3.91202
-3.91202
-3.91218
-3.91202
-3.91202
-3.91202
-3.91202
-3.91202
-3.91248
-3.91233
-3.91202
-3.91202
-3.91202
-3.91202
-3.91187
-3.91202
-3.91187
-3.91233
-3.91233
-3.91248
-3.91217
-3.91232
-3.91248
-3.91232
-3.91263
-3.91248
-3.91263
-3.91248
-3.91293
-3.91278
-3.91278
-3.91278
-3.91263
-3.91278
-3.91248
-3.91217
-3.91232
-3.91232
-3.91232
-3.91263
-3.91247
-3.91278
-3.91263
-3.91293
-3.91323
-3.91338
-3.91338
-3.91353
-3.91353
-3.91353
-3.91368
-3.91353
-3.91338
-3.91323
-3.91323
-3.91323
-3.91338
-3.91308
-3.91308
-3.91308
-3.91323
-3.91323
-3.91308
-3.91308
-3.91308
-3.91308
-3.91323
-3.91353
-3.91338
-3.91353
-3.91323
-3.91323
-3.91338
-3.91293
-3.91278
-3.91293
-3.91308
-3.91338
-3.91338
-3.91323
-3.91323
-3.91323
-3.91353
-3.91338
-3.91338
-3.91353
-3.91353
-3.91369
-3.91384
-3.91369
-3.91384
-3.91384
-3.91384
-3.91369
-3.91369
-3.91353
-3.91369
-3.91369
-3.91399
-3.91399
-3.91384
-3.91369
-3.91354
-3.91354
-3.91369
-3.91399
-3.91384
-3.91399
-3.91414
-3.91414
-3.91444
-3.91444
-3.91444
-3.91444
-3.91459
-3.91429
-3.91429
-3.91444
-3.91429
-3.91414
-3.91414
-3.91384
-3.91339
-3.91308
-3.91323
-3.91323
-3.91323
-3.91323
-3.91323
-3.91308
-3.91323
-3.91339
-3.91369
-3.91369
-3.91354
-3.91384
-3.91339
-3.91339
-3.91354
-3.91369
-3.91354
-3.91323
-3.91293
-3.91308
-3.91308
-3.91308
-3.91293
-3.91293
-3.91308
-3.91339
-3.91323
-3.91323
-3.91339
-3.91339
-3.91338
-3.91338
-3.91338
-3.91338
-3.91384
-3.91369
-3.91414
-3.91414
-3.91429
-3.91444
-3.91474
-3.9149
-3.9149
-3.9152
-3.9152
-3.9152
-3.91535
-3.91535
-3.91505
-3.91505
-3.9149
-3.91475
-3.91505
-3.91505
-3.9149
-3.9149
-3.91535
-3.9152
-3.9152
-3.9155
-3.9155
-3.91565
-3.9155
-3.91565
-3.91565
-3.9158
-3.91565
-3.91595
-3.91611
-3.91595
-3.91595
-3.91611
-3.91626
-3.91611
-3.91626
-3.91626
-3.91641
-3.91641
-3.91641
-3.91656
-3.91641
-3.91641
-3.91626
-3.91626
-3.91656
-3.91686
-3.91671
-3.91641
-3.91626
-3.91641
-3.91656
-3.91656
-3.91656
-3.91626
-3.91626
-3.91611
-3.91596
-3.91581
-3.91581
-3.91565
-3.9155
-3.9155
-3.9155
-3.91535
-3.9155
-3.9155
-3.91581
-3.91626
-3.91626
-3.91611
-3.91626
-3.91611
-3.91596
-3.91596
-3.91611
-3.91595
-3.91595
-3.91595
-3.91611
-3.91641
-3.91641
-3.91626
-3.91641
-3.91671
-3.91671
-3.91656
-3.91656
-3.91656
-3.91641
-3.91641
-3.91641
-3.91686
-3.91656
-3.91656
-3.91641
-3.91625
-3.91625
-3.91625
-3.9161
-3.91641
-3.91656
-3.91641
-3.91641
-3.91656
-3.91641
-3.91641
-3.91641
-3.91656
-3.91641
-3.91626
-3.91626
-3.91626
-3.9161
-3.9161
-3.9161
-3.91595
-3.91595
-3.91626
-3.91595
-3.9158
-3.91565
-3.91535
-3.91535
-3.91505
-3.91535
-3.91535
-3.91535
-3.9152
-3.9152
-3.9149
-3.91535
-3.91565
-3.91566
-3.91535
-3.9152
-3.91505
-3.91535
-3.91535
-3.9155
-3.9152
-3.91535
-3.9155
-3.91535
-3.9152
-3.91535
-3.9149
-3.91475
-3.91475
-3.9149
-3.91475
-3.91475
-3.91505
-3.91505
-3.91505
-3.9152
-3.9152
-3.9152
-3.91535
-3.91551
-3.91551
-3.91581
-3.91551
-3.91551
-3.91581
-3.91596
-3.91581
-3.91581
-3.91596
-3.91611
-3.91611
-3.91656
-3.91656
-3.91671
-3.91671
-3.91686
-3.91671
-3.91686
-3.91732
-3.91731
-3.91747
-3.91731
-3.91731
-3.91701
-3.91731
-3.91716
-3.91701
-3.91701
-3.91716
-3.91731
-3.91777
-3.91807
-3.91792
-3.91776
-3.91761
-3.91776
-3.91776
-3.91791
-3.91791
-3.91807
-3.91807
-3.91837
-3.91837
-3.91852
-3.91852
-3.91837
-3.91837
-3.91806
-3.91791
-3.91776
-3.91822
-3.91791
-3.91791
-3.91776
-3.91776
-3.91791
-3.91776
-3.91761
-3.91791
-3.91791
-3.91791
-3.91821
-3.91806
-3.91806
-3.91821
-3.91837
-3.91837
-3.91821
-3.91837
-3.91852
-3.91836
-3.91791
-3.91791
-3.91776
-3.91716
-3.91716
-3.91716
-3.91701
-3.91716
-3.91746
-3.91701
-3.91731
-3.91746
-3.91746
-3.91731
-3.91701
-3.91716
-3.91746
-3.91746
-3.91746
-3.91716
-3.91731
-3.91746
-3.91761
-3.91776
-3.91746
-3.91746
-3.91761
-3.91746
-3.91761
-3.91761
-3.91791
-3.91776
-3.91791
-3.91791
-3.91791
-3.91807
-3.91852
-3.91882
-3.91867
-3.91882
-3.91897
-3.91882
-3.91882
-3.91928
-3.91928
-3.91928
-3.91913
-3.91897
-3.91882
-3.91882
-3.91913
-3.91913
-3.91897
-3.91898
-3.91898
-3.91898
-3.91867
-3.91867
-3.91852
-3.91852
-3.91837
-3.91837
-3.91852
-3.91852
-3.91867
-3.91852
-3.91882
-3.91898
-3.91913
-3.91913
-3.91913
-3.91928
-3.91928
-3.91928
-3.91928
-3.91943
-3.91943
-3.91913
-3.91928
-3.91943
-3.91943
-3.91973
-3.91973
-3.92003
-3.92034
-3.92049
-3.92064
-3.92049
-3.92049
-3.92003
-3.92018
-3.92003
-3.91988
-3.92034
-3.92034
-3.92033
-3.92018
-3.92018
-3.92033
-3.92033
-3.92033
-3.92049
-3.92049
-3.92049
-3.92049
-3.92018
-3.91988
-3.91973
-3.91943
-3.91943
-3.91958
-3.91943
-3.91928
-3.91958
-3.91958
-3.91958
-3.91958
-3.91973
-3.91973
-3.91958
-3.91958
-3.91958
-3.91943
-3.91973
-3.91958
-3.91958
-3.91928
-3.91943
-3.91958
-3.91943
-3.91897
-3.91943
-3.91958
-3.91958
-3.91973
-3.92018
-3.92033
-3.92033
-3.92018
-3.92033
-3.92048
-3.92048
-3.92033
-3.92018
-3.92048
-3.92063
-3.92063
-3.92048
-3.92063
-3.92018
-3.92033
-3.92033
-3.92033
-3.92048
-3.92048
-3.92033
-3.92079
-3.92078
-3.92063
-3.92048
-3.92033
-3.92018
-3.92018
-3.92048
-3.92033
-3.92033
-3.92048
-3.92063
-3.92048
-3.92048
-3.92078
-3.92124
-3.92139
-3.92093
-3.92063
-3.92078
-3.92078
-3.92078
-3.92078
-3.92078
-3.92093
-3.92109
-3.92108
-3.92078
-3.92048
-3.92063
-3.92063
-3.92093
-3.92093
-3.92078
-3.92078
-3.92018
-3.92003
-3.92003
-3.92018
-3.92018
-3.92063
-3.92093
-3.92093
-3.92139
-3.92154
-3.92154
-3.92169
-3.92184
-3.92169
-3.92154
-3.92154
-3.92139
-3.92139
-3.92139
-3.92154
-3.92214
-3.92214
-3.92199
-3.92214
-3.92245
-3.9229
-3.9226
-3.9226
-3.92305
-3.92305
-3.92305
-3.92275
-3.9226
-3.9226
-3.9229
-3.9226
-3.92275
-3.9226
-3.9226
-3.9226
-3.9229
-3.9229
-3.9229
-3.92275
-3.9226
-3.92275
-3.92275
-3.92275
-3.9226
-3.9229
-3.9229
-3.9229
-3.9229
-3.9229
-3.9226
-3.9226
-3.9226
-3.92275
-3.9226
-3.92245
-3.9223
-3.92215
-3.92215
-3.92185
-3.922
-3.92185
-3.92169
-3.9223
-3.922
-3.922
-3.922
-3.92215
-3.92184
-3.92184
-3.92169
-3.92184
-3.92184
-3.92199
-3.92184
-3.92184
-3.92184
-3.92214
-3.92199
-3.9223
-3.92214
-3.92199
-3.92199
-3.92184
-3.92184
-3.92184
-3.92184
-3.92184
-3.92199
-3.92199
-3.92184
-3.92184
-3.92169
-3.92139
-3.92124
-3.92124
-3.92108
-3.92108
-3.92108
-3.92108
-3.92078
-3.92078
-3.92048
-3.92018
-3.92003
-3.91988
-3.92003
-3.91957
-3.91988
-3.91972
-3.91957
-3.91972
-3.91988
-3.91957
-3.91957
-3.91973
-3.91973
-3.91957
-3.91973
-3.91988
-3.91988
-3.92003
-3.91973
-3.91988
-3.92003
-3.91988
-3.91973
-3.91973
-3.91943
-3.91958
-3.91958
-3.91943
-3.91912
-3.91912
-3.91928
-3.91928
-3.91928
-3.91928
-3.91958
-3.91973
-3.91973
-3.91958
-3.91988
-3.91988
-3.91988
-3.91988
-3.92003
-3.92003
-3.92003
-3.92049
-3.92064
-3.92079
-3.92064
-3.92064
-3.92049
-3.92049
-3.92034
-3.92034
-3.92079
-3.92049
-3.92034
-3.92049
-3.91988
-3.91988
-3.92004
-3.91973
-3.91943
-3.91943
-3.91943
-3.91958
-3.91973
-3.91988
-3.91973
-3.91958
-3.91958
-3.91973
-3.91973
-3.91973
-3.91958
-3.91973
-3.91973
-3.91988
-3.91973
-3.91958
-3.91958
-3.91958
-3.91943
-3.91958
-3.91973
-3.91943
-3.91943
-3.91913
-3.91913
-3.91882
-3.91867
-3.91867
-3.91867
-3.91882
-3.91897
-3.91882
-3.91897
-3.91897
-3.91927
-3.91943
-3.91912
-3.91867
-3.91867
-3.91852
-3.91852
-3.91867
-3.91882
-3.91867
-3.91837
-3.91852
-3.91852
-3.91852
-3.91882
-3.91882
-3.91882
-3.91836
-3.91821
-3.91791
-3.91776
-3.91791
-3.91791
-3.91776
-3.91761
-3.91776
-3.91746
-3.91746
-3.91791
-3.91806
-3.91791
-3.91776
-3.91776
-3.91776
-3.91776
-3.91746
-3.91746
-3.91746
-3.91761
-3.91746
-3.91761
-3.91746
-3.91761
-3.91761
-3.91761
-3.91746
-3.91746
-3.91746
-3.91746
-3.91701
-3.91701
-3.91685
-3.9167
-3.9167
-3.91685
-3.91655
-3.9164
-3.91655
-3.9167
-3.91686
-3.91701
-3.91701
-3.91716
-3.91701
-3.91731
-3.91746
-3.91761
-3.91761
-3.91746
-3.91731
-3.91701
-3.91716
-3.91701
-3.91686
-3.91655
-3.91686
-3.91671
-3.91655
-3.91655
-3.91655
-3.91625
-3.9161
-3.91595
-3.9158
-3.9158
-3.9158
-3.9158
-3.9158
-3.91565
-3.9158
-3.9161
-3.91595
-3.9161
-3.9161
-3.9164
-3.9164
-3.9167
-3.9167
-3.91655
-3.91655
-3.9164
-3.91655
-3.91625
-3.91595
-3.9161
-3.9161
-3.91595
-3.9161
-3.9164
-3.91671
-3.91655
-3.91671
-3.91671
-3.91671
-3.91655
-3.91655
-3.91701
-3.91686
-3.91701
-3.91716
-3.91731
-3.91686
-3.91686
-3.91686
-3.91686
-3.91671
-3.91671
-3.91656
-3.91656
-3.91656
-3.91671
-3.91671
-3.91671
-3.9161
-3.91595
-3.9161
-3.91641
-3.91671
-3.91641
-3.9161
-3.91641
-3.91641
-3.91686
-3.91671
-3.91671
-3.91716
-3.91746
-3.91762
-3.91746
-3.91746
-3.91746
-3.91731
-3.91701
-3.91701
-3.91716
-3.91716
-3.91716
-3.91731
-3.91731
-3.91731
-3.91716
-3.91731
-3.91731
-3.91731
-3.91731
-3.91731
-3.91731
-3.91716
-3.91716
-3.91716
-3.91716
-3.91731
-3.91701
-3.91731
-3.91716
-3.91762
-3.91777
-3.91746
-3.91761
-3.91777
-3.91761
-3.91731
-3.91716
-3.91716
-3.91731
-3.91731
-3.91731
-3.91746
-3.91761
-3.91761
-3.91791
-3.91791
-3.91746
-3.91701
-3.91716
-3.91731
-3.91746
-3.91746
-3.91731
-3.91731
-3.91731
-3.91746
-3.91761
-3.91776
-3.91776
-3.91746
-3.9173
-3.9173
-3.917
-3.91685
-3.91685
-3.91685
-3.917
-3.91685
-3.91685
-3.91685
-3.91715
-3.91655
-3.91624
-3.91639
-3.91639
-3.91624
-3.91624
-3.91609
-3.91624
-3.91655
-3.917
-3.917
-3.917
-3.91685
-3.91685
-3.91715
-3.91715
-3.9173
-3.9176
-3.91745
-3.91745
-3.91761
-3.91761
-3.91745
-3.91761
-3.91776
-3.91761
-3.91761
-3.9173
-3.91715
-3.91715
-3.91731
-3.91731
-3.917
-3.91715
-3.9167
-3.917
-3.917
-3.917
-3.91716
-3.91701
-3.91731
-3.91716
-3.91731
-3.91746
-3.91791
-3.91791
-3.91791
-3.91806
-3.91822
-3.91776
-3.91761
-3.91791
-3.91822
-3.91791
-3.91822
-3.91822
-3.91852
-3.91867
-3.91837
-3.91822
-3.91822
-3.91807
-3.91791
-3.91791
-3.91807
-3.91791
-3.91837
-3.91837
-3.91852
-3.91882
-3.91882
-3.91867
-3.91912
-3.91897
-3.91897
-3.91897
-3.91897
-3.91897
-3.91912
-3.91897
-3.91897
-3.91897
-3.91852
-3.91837
-3.91837
-3.91837
-3.91807
-3.91837
-3.91867
-3.91867
-3.91867
-3.91867
-3.91837
-3.91852
-3.91867
-3.91867
-3.91882
-3.91882
-3.91852
-3.91837
-3.91822
-3.91822
-3.91807
-3.91822
-3.91837
-3.91806
-3.91776
-3.91791
-3.91791
-3.91806
-3.91806
-3.91837
-3.91791
-3.91806
-3.91806
-3.91806
-3.91837
-3.91867
-3.91867
-3.91867
-3.91837
-3.91852
-3.91822
-3.91761
-3.91746
-3.91746
-3.91761
-3.91761
-3.91761
-3.91761
-3.91761
-3.91761
-3.91791
-3.91791
-3.91776
-3.91776
-3.91791
-3.91761
-3.91761
-3.91761
-3.91791
-3.91761
-3.91746
-3.91776
-3.91746
-3.91716
-3.91716
-3.91701
-3.9167
-3.91686
-3.91655
-3.91686
-3.91655
-3.91655
-3.9161
-3.91625
-3.91625
-3.91655
-3.91655
-3.91701
-3.91701
-3.91701
-3.91685
-3.91716
-3.91731
-3.91685
-3.91685
-3.9167
-3.9167
-3.91655
-3.9167
-3.91655
-3.9167
-3.91655
-3.91655
-3.91655
-3.91655
-3.9164
-3.9164
-3.9164
-3.91655
-3.91625
-3.91595
-3.9158
-3.9158
-3.91595
-3.9161
-3.9161
-3.9161
-3.9158
-3.9158
-3.91579
-3.91564
-3.91564
-3.9161
-3.9161
-3.91595
-3.91549
-3.91534
-3.91519
-3.91549
-3.91564
-3.91579
-3.91595
-3.91579
-3.91595
-3.91595
-3.91564
-3.91579
-3.91595
-3.91579
-3.91594
-3.91579
-3.91594
-3.91579
-3.91564
-3.91564
-3.91564
-3.91564
-3.91549
-3.91564
-3.91564
-3.91564
-3.91579
-3.9161
-3.91595
-3.91595
-3.91594
-3.9161
-3.9161
-3.91625
-3.91625
-3.91594
-3.91595
-3.91579
-3.91579
-3.91595
-3.91579
-3.91564
-3.91564
-3.91564
-3.91564
-3.91564
-3.91564
-3.91564
-3.91564
-3.9158
-3.9158
-3.91549
-3.91549
-3.91549
-3.91549
-3.91534
-3.91549
-3.91549
-3.91564
-3.9158
-3.9158
-3.9158
-3.91564
-3.91595
-3.9158
-3.9158
-3.9158
-3.9158
-3.91595
-3.9158
-3.91595
-3.91595
-3.91565
-3.91534
-3.91534
-3.91534
-3.91489
-3.91474
-3.91549
-3.9155
-3.9155
-3.91519
-3.91504
-3.91504
-3.91504
-3.91519
-3.9155
-3.9155
-3.91565
-3.91534
-3.9155
-3.91565
-3.91565
-3.9161
-3.9158
-3.91565
-3.91595
-3.91565
-3.91595
-3.91625
-3.91595
-3.9158
-3.91595
-3.91625
-3.91565
-3.91535
-3.91535
-3.91535
-3.91504
-3.91519
-3.91519
-3.91519
-3.91519
-3.91519
-3.91534
-3.9155
-3.9155
-3.9155
-3.9155
-3.9155
-3.9155
-3.9155
-3.91565
-3.9158
-3.9158
-3.91549
-3.91504
-3.91489
-3.91489
-3.91459
-3.91474
-3.91429
-3.91444
-3.91429
-3.91398
-3.91413
-3.91444
-3.91459
-3.91474
-3.91489
-3.91489
-3.91519
-3.91534
-3.91534
-3.91504
-3.91504
-3.91549
-3.91549
-3.91549
-3.91579
-3.91579
-3.91609
-3.91594
-3.91594
-3.91594
-3.9161
-3.91609
-3.9161
-3.91609
-3.9161
-3.9161
-3.91625
-3.9161
-3.9161
-3.91625
-3.9164
-3.91655
-3.91625
-3.91625
-3.9161
-3.91595
-3.91595
-3.91595
-3.9158
-3.9161
-3.9158
-3.9158
-3.91565
-3.91565
-3.91565
-3.91565
-3.91565
-3.91565
-3.9161
-3.91625
-3.9161
-3.91625
-3.9164
-3.91655
-3.91655
-3.91625
-3.91655
-3.91671
-3.91686
-3.91686
-3.91731
-3.91746
-3.91746
-3.91746
-3.91731
-3.91746
-3.91746
-3.91731
-3.91716
-3.91731
-3.91746
-3.91716
-3.91671
-3.91656
-3.9164
-3.91595
-3.91595
-3.91595
-3.9161
-3.9161
-3.91595
-3.9158
-3.9158
-3.9158
-3.91595
-3.91595
-3.91595
-3.91565
-3.9155
-3.9155
-3.9155
-3.91535
-3.91565
-3.91565
-3.91595
-3.9155
-3.9155
-3.91535
-3.9155
-3.9155
-3.91565
-3.9155
-3.9155
-3.91535
-3.91535
-3.91565
-3.91595
-3.91595
-3.91595
-3.91625
-3.9161
-3.9161
-3.9161
-3.9161
-3.9161
-3.9161
-3.9161
-3.91595
-3.91595
-3.91595
-3.91595
-3.91595
-3.91595
-3.9164
-3.9167
-3.91685
-3.91685
-3.91685
-3.91685
-3.91685
-3.91685
-3.91685
-3.9167
-3.9167
-3.9167
-3.91685
-3.9167
-3.91625
-3.9161
-3.91595
-3.91579
-3.91564
-3.91564
-3.91564
-3.91579
-3.91579
-3.91564
-3.91564
-3.91579
-3.91564
-3.91579
-3.91579
-3.91594
-3.91579
-3.91625
-3.91594
-3.91564
-3.91549
-3.91564
-3.91564
-3.91534
-3.91504
-3.91489
-3.91474
-3.91474
-3.91474
-3.91458
-3.91474
-3.91489
-3.91489
-3.91504
-3.91519
-3.91534
-3.91534
-3.91534
-3.91489
-3.91489
-3.91489
-3.91489
-3.91474
-3.91443
-3.91459
-3.91458
-3.91459
-3.91459
-3.91459
-3.91489
-3.91489
-3.91489
-3.91489
-3.91504
-3.91504
-3.91489
-3.91504
-3.91489
-3.91474
-3.91489
-3.91504
-3.91489
-3.91504
-3.91504
-3.91504
-3.91534
-3.9158
-3.91595
-3.91595
-3.91595
-3.91595
-3.9161
-3.9161
-3.91595
-3.91595
-3.9158
-3.9158
-3.91565
-3.9155
-3.91534
-3.91534
-3.91504
-3.91504
-3.91504
-3.91474
-3.91489
-3.91489
-3.91489
-3.91489
-3.91474
-3.91474
-3.91489
-3.91519
-3.91519
-3.91519
-3.91519
-3.91534
-3.91549
-3.91549
-3.91565
-3.91519
-3.91504
-3.91489
-3.91459
-3.91459
-3.91459
-3.91459
-3.91489
-3.91504
-3.91489
-3.91474
-3.91489
-3.91474
-3.91474
-3.91489
-3.91474
-3.91489
-3.91489
-3.91489
-3.91489
-3.91489
-3.91474
-3.91504
-3.91504
-3.91504
-3.91519
-3.91549
-3.91534
-3.91534
-3.91489
-3.91519
-3.91534
-3.91519
-3.91504
-3.91504
-3.91489
-3.91459
-3.91474
-3.91474
-3.91474
-3.91489
-3.91459
-3.91459
-3.91459
-3.91474
-3.91444
-3.91459
-3.91459
-3.91459
-3.91444
-3.91398
-3.91383
-3.91398
-3.91383
-3.91398
-3.91414
-3.91414
-3.91444
-3.91459
-3.91459
-3.91444
-3.91429
-3.91413
-3.91444
-3.91429
-3.91444
-3.91429
-3.91444
-3.91459
-3.91429
-3.91429
-3.91398
-3.91413
-3.91429
-3.91459
-3.91474
-3.91459
-3.91444
-3.91474
-3.91474
-3.91474
-3.91534
-3.91534
-3.91519
-3.91504
-3.91474
-3.91474
-3.91459
-3.91459
-3.91429
-3.91429
-3.91429
-3.91383
-3.91429
-3.91429
-3.91459
-3.91414
-3.91429
-3.91444
-3.91444
-3.91474
-3.91474
-3.91474
-3.91489
-3.91504
-3.91519
-3.91504
-3.91504
-3.91504
-3.91489
-3.91489
-3.91489
-3.91489
-3.91489
-3.91489
-3.91459
-3.91444
-3.91459
-3.91474
-3.91489
-3.91489
-3.91474
-3.91505
-3.91489
-3.91505
-3.91505
-3.91565
-3.91595
-3.91641
-3.91641
-3.91656
-3.91686
-3.91686
-3.91671
-3.91656
-3.91671
-3.91671
-3.91656
-3.91656
-3.91686
-3.91671
-3.91656
-3.91641
-3.91641
-3.91656
-3.91656
-3.91671
-3.91656
-3.91686
-3.9161
-3.91595
-3.91595
-3.91595
-3.91595
-3.9161
-3.9161
-3.91656
-3.91656
-3.91625
-3.9161
-3.9161
-3.91595
-3.9158
-3.9158
-3.91595
-3.91595
-3.91595
-3.9158
-3.91595
-3.9161
-3.91595
-3.91625
-3.91625
-3.91595
-3.9158
-3.91595
-3.91565
-3.91535
-3.9155
-3.9158
-3.9158
-3.9155
-3.91519
-3.91504
-3.91534
-3.91504
-3.91489
-3.91504
-3.91474
-3.91489
-3.91504
-3.91504
-3.91534
-3.91549
-3.91549
-3.91534
-3.91519
-3.91534
-3.91534
-3.91549
-3.91549
-3.91549
-3.91564
-3.9158
-3.9158
-3.91564
-3.91549
-3.91549
-3.91519
-3.91519
-3.91519
-3.91519
-3.91534
-3.91504
-3.91519
-3.91519
-3.91549
-3.91549
-3.91564
-3.91595
-3.91595
-3.91595
-3.9161
-3.9158
-3.91595
-3.91595
-3.9158
-3.9158
-3.91565
-3.91565
-3.91549
-3.91534
-3.91504
-3.91504
-3.91504
-3.91489
-3.91459
-3.91459
-3.91444
-3.91444
-3.91474
-3.91489
-3.91489
-3.91459
-3.91474
-3.91459
-3.91444
-3.91414
-3.91429
-3.91444
-3.91444
-3.91429
-3.91474
-3.91489
-3.91504
-3.91504
-3.91474
-3.91474
-3.91474
-3.91504
-3.91504
-3.91489
-3.91489
-3.91489
-3.91504
-3.91504
-3.91504
-3.91519
-3.91519
-3.91519
-3.91519
-3.91519
-3.9155
-3.91549
-3.9158
-3.9158
-3.91565
-3.91549
-3.91549
-3.91565
-3.9158
-3.91549
-3.91549
-3.91549
-3.91534
-3.91534
-3.91534
-3.91549
-3.91549
-3.91549
-3.91549
-3.91534
-3.91504
-3.91504
-3.91504
-3.91504
-3.91474
-3.91489
-3.91489
-3.91474
-3.91474
-3.91474
-3.91459
-3.91474
-3.91474
-3.91489
-3.91489
-3.91534
-3.91534
-3.91519
-3.91489
-3.91504
-3.91504
-3.91534
-3.91504
-3.91504
-3.91504
-3.91504
-3.91519
-3.91519
-3.91534
-3.91535
-3.9155
-3.9155
-3.9155
-3.9155
-3.91565
-3.9155
-3.91535
-3.91565
-3.91565
-3.91565
-3.9152
-3.9155
-3.9155
-3.9152
-3.9152
-3.91535
-3.9152
-3.9152
-3.9155
-3.91565
-3.91565
-3.9158
-3.9158
-3.9158
-3.9155
-3.9158
-3.91565
-3.91595
-3.91625
-3.9164
-3.9164
-3.9164
-3.91671
-3.91686
-3.91716
-3.91701
-3.91716
-3.91686
-3.91686
-3.91701
-3.91701
-3.91701
-3.91686
-3.9167
-3.91686
-3.91655
-3.9167
-3.91655
-3.91655
-3.9167
-3.9167
-3.91655
-3.91686
-3.91716
-3.91731
-3.91761
-3.91731
-3.91701
-3.91701
-3.91716
-3.91685
-3.91685
-3.9167
-3.91685
-3.91655
-3.9164
-3.9164
-3.9164
-3.91625
-3.9164
-3.91625
-3.9164
-3.91625
-3.9161
-3.91625
-3.9161
-3.9161
-3.9164
-3.9164
-3.91625
-3.9161
-3.91594
-3.91594
-3.91594
-3.91549
-3.91549
-3.91564
-3.91564
-3.91549
-3.91549
-3.91549
-3.91564
-3.91549
-3.91564
-3.91564
-3.91549
-3.91549
-3.91579
-3.91564
-3.91579
-3.91564
-3.91564
-3.91579
-3.91564
-3.91564
-3.91534
-3.91534
-3.91489
-3.91519
-3.91564
-3.91564
-3.91564
-3.91549
-3.91564
-3.91564
-3.91549
-3.91564
-3.91579
-3.9161
-3.91625
-3.91625
-3.9161
-3.91579
-3.91564
-3.91549
-3.91549
-3.91504
-3.91474
-3.91489
-3.91489
-3.91474
-3.91489
-3.91474
-3.91474
-3.91489
-3.91474
-3.91474
-3.91474
-3.91459
-3.91474
-3.91474
-3.91489
-3.91474
-3.91489
-3.91474
-3.91474
-3.91489
-3.91489
-3.91474
-3.91489
-3.91489
-3.91489
-3.91474
-3.91504
-3.91504
-3.91504
-3.91519
-3.91519
-3.91519
-3.91519
-3.91504
-3.91504
-3.91474
-3.91489
-3.91489
-3.91489
-3.91519
-3.91549
-3.91549
-3.91564
-3.9158
-3.9158
-3.9161
-3.9158
-3.9158
-3.9161
-3.91625
-3.91625
-3.91625
-3.91625
-3.9161
-3.91655
-3.9164
-3.91625
-3.9161
-3.91625
-3.9164
-3.91625
-3.9161
-3.91625
-3.9167
-3.9164
-3.9161
-3.9161
-3.9161
-3.91625
-3.91655
-3.91655
-3.91655
-3.9167
-3.9167
-3.91655
-3.91625
-3.91655
-3.9167
-3.9161
-3.91625
-3.9164
-3.91625
-3.91655
-3.9167
-3.91655
-3.91625
-3.9161
-3.91565
-3.91549
-3.91549
-3.9158
-3.91595
-3.91625
-3.91625
-3.9161
-3.91595
-3.91595
-3.91595
-3.91595
-3.9161
-3.91655
-3.91701
-3.91701
-3.91701
-3.91701
-3.91716
-3.91685
-3.91731
-3.91716
-3.91701
-3.91685
-3.9167
-3.9167
-3.91655
-3.9167
-3.9167
-3.91655
-3.9167
-3.9167
-3.9167
-3.9167
-3.91685
-3.91685
-3.9167
-3.91655
-3.9164
-3.91625
-3.91625
-3.91595
-3.91595
-3.91595
-3.9158
-3.9158
-3.91549
-3.91565
-3.91565
-3.91549
-3.91549
-3.91549
-3.91549
-3.91519
-3.91504
-3.91519
-3.91519
-3.91504
-3.91504
-3.91489
-3.91504
-3.91504
-3.91504
-3.91489
-3.91489
-3.91489
-3.91474
-3.91459
-3.91474
-3.91443
-3.91459
-3.91428
-3.91474
-3.91443
-3.91443
-3.91413
-3.91413
-3.91368
-3.91383
-3.91383
-3.91413
-3.91398
-3.91383
-3.91398
-3.91383
-3.91398
-3.91398
-3.91383
-3.91338
-3.91353
-3.91307
-3.91307
-3.91307
-3.91307
-3.91338
-3.91353
-3.91338
-3.91323
-3.91338
-3.91338
-3.91338
-3.91338
-3.91338
-3.91353
-3.91368
-3.91398
-3.91413
-3.91428
-3.91413
-3.91443
-3.91459
-3.91443
-3.91444
-3.91459
-3.91459
-3.91444
-3.91459
-3.91489
-3.91444
-3.91459
-3.91459
-3.91459
-3.91444
-3.91444
-3.91474
-3.91489
-3.91459
-3.91459
-3.91474
-3.91489
-3.91504
-3.91519
-3.91519
-3.9155
-3.91565
-3.9155
-3.91519
-3.91519
-3.91489
-3.91474
-3.91489
-3.91474
-3.91459
-3.91459
-3.91474
-3.91474
-3.91489
-3.91504
-3.91504
-3.9152
-3.91504
-3.91444
-3.91444
-3.91444
-3.91444
-3.91414
-3.91384
-3.91353
-3.91353
-3.91323
-3.91323
-3.91293
-3.91308
-3.91308
-3.91323
-3.91293
-3.91293
-3.91278
-3.91293
-3.91293
-3.91308
-3.91323
-3.91293
-3.91323
-3.91308
-3.91323
-3.91293
-3.91293
-3.91278
-3.91278
-3.91308
-3.91308
-3.91263
-3.91232
-3.91217
-3.91202
-3.91202
-3.91187
-3.91217
-3.91247
-3.91263
-3.91247
-3.91232
-3.91217
-3.91202
-3.91247
-3.91278
-3.91262
-3.91262
-3.91262
-3.91277
-3.91262
-3.91247
-3.91262
-3.91277
-3.91277
-3.91262
-3.91262
-3.91247
-3.91247
-3.91247
-3.91247
-3.91262
-3.91262
-3.91262
-3.91308
-3.91308
-3.91308
-3.91308
-3.91292
-3.91277
-3.91262
-3.91277
-3.91277
-3.91292
-3.91277
-3.91308
-3.91308
-3.91308
-3.91308
-3.91338
-3.91353
-3.91353
-3.91323
-3.91308
-3.91323
-3.91338
-3.91338
-3.91323
-3.91308
-3.91308
-3.91308
-3.91323
-3.91338
-3.91338
-3.91308
-3.91308
-3.91323
-3.91323
-3.91323
-3.91338
-3.91323
-3.91308
-3.91308
-3.91293
-3.91308
-3.91293
-3.91278
-3.91278
-3.91262
-3.91232
-3.91278
-3.91232
-3.91247
-3.91293
-3.91293
-3.91278
-3.91263
-3.91308
-3.91293
-3.91308
-3.91293
-3.91308
-3.91308
-3.91293
-3.91278
-3.91278
-3.91278
-3.91278
-3.91293
-3.91308
-3.91293
-3.91277
-3.91277
-3.91293
-3.91293
-3.91293
-3.91323
-3.91338
-3.91383
-3.91413
-3.91428
-3.91428
-3.91428
-3.91459
-3.91474
-3.91489
-3.91504
-3.91474
-3.91459
-3.91474
-3.91489
-3.91504
-3.91504
-3.91504
-3.91504
-3.91549
-3.91549
-3.91564
-3.91564
-3.91564
-3.91564
-3.91579
-3.91579
-3.9161
-3.91594
-3.91625
-3.91579
-3.91579
-3.91564
-3.91549
-3.91579
-3.91564
-3.91549
-3.91549
-3.91549
-3.91564
-3.91579
-3.91595
-3.91564
-3.91564
-3.91564
-3.91549
-3.91564
-3.91564
-3.91595
-3.9161
-3.91595
-3.91579
-3.9164
-3.91625
-3.9164
-3.91655
-3.91625
-3.9164
-3.9161
-3.91579
-3.91595
-3.91579
-3.91595
-3.91595
-3.91595
-3.91594
-3.91594
-3.91594
-3.9161
-3.9161
-3.9164
-3.9164
-3.9164
-3.9164
-3.91655
-3.9167
-3.91685
-3.917
-3.917
-3.917
-3.9167
-3.9167
-3.91655
-3.91625
-3.91609
-3.91594
-3.91594
-3.91579
-3.91579
-3.91579
-3.91564
-3.91564
-3.91549
-3.91564
-3.91549
-3.91549
-3.91519
-3.91519
-3.91549
-3.91549
-3.91579
-3.91594
-3.9161
-3.9161
-3.91594
-3.91579
-3.91564
-3.91579
-3.91579
-3.91564
-3.91595
-3.91549
-3.91549
-3.91564
-3.91549
-3.91549
-3.91549
-3.91549
-3.91564
-3.9158
-3.9161
-3.9161
-3.9161
-3.91625
-3.9161
-3.9161
-3.91625
-3.9161
-3.9161
-3.9161
-3.91595
-3.91595
-3.91595
-3.9158
-3.91565
-3.91534
-3.9155
-3.9155
-3.9155
-3.91534
-3.9155
-3.9155
-3.91534
-3.91565
-3.9158
-3.91625
-3.91625
-3.9161
-3.91595
-3.91595
-3.91595
-3.91595
-3.9161
-3.9158
-3.91625
-3.9167
-3.9167
-3.9167
-3.9167
-3.91655
-3.91686
-3.91701
-3.91655
-3.91655
-3.91655
-3.9167
-3.91655
-3.9164
-3.9167
-3.91716
-3.91716
-3.91761
-3.91746
-3.91716
-3.91716
-3.9167
-3.9167
-3.91655
-3.9164
-3.9164
-3.9167
-3.91685
-3.91685
-3.91701
-3.91716
-3.917
-3.91716
-3.917
-3.91685
-3.91685
-3.91685
-3.9167
-3.9167
-3.9164
-3.91655
-3.91655
-3.91655
-3.91655
-3.91655
-3.9164
-3.9164
-3.91625
-3.9164
-3.91625
-3.9164
-3.9164
-3.9164
-3.91655
-3.91655
-3.91655
-3.91655
-3.9164
-3.91625
-3.91625
-3.9164
-3.91625
-3.9161
-3.91595
-3.91595
-3.9161
-3.91595
-3.91625
-3.91655
-3.91655
-3.91655
-3.9167
-3.9167
-3.9167
-3.91655
-3.91655
-3.9164
-3.9164
-3.91655
-3.9164
-3.9161
-3.91625
-3.91595
-3.91565
-3.91519
-3.9155
-3.91595
-3.91595
-3.9161
-3.9161
-3.9161
-3.9164
-3.91671
-3.91655
-3.9164
-3.91595
-3.91625
-3.9161
-3.9161
-3.9164
-3.91625
-3.91595
-3.9155
-3.91565
-3.91565
-3.9158
-3.9158
-3.91595
-3.91625
-3.91625
-3.9161
-3.91625
-3.91625
-3.91655
-3.91655
-3.91625
-3.91625
-3.91625
-3.91625
-3.9167
-3.91685
-3.917
-3.91746
-3.91731
-3.91731
-3.91731
-3.91715
-3.91715
-3.91715
-3.91715
-3.91715
-3.91731
-3.91715
-3.9167
-3.91655
-3.9167
-3.9167
-3.9167
-3.91685
-3.917
-3.91685
-3.91715
-3.91685
-3.917
-3.917
-3.9167
-3.9167
-3.9167
-3.91655
-3.9164
-3.91655
-3.91655
-3.9167
-3.9167
-3.9167
-3.91625
-3.91625
-3.91624
-3.9164
-3.91655
-3.9164
-3.91625
-3.91655
-3.91655
-3.9167
-3.91685
-3.91655
-3.9164
-3.91594
-3.91579
-3.91579
-3.91564
-3.91534
-3.91564
-3.91549
-3.91594
-3.91609
-3.91609
-3.91624
-3.9164
-3.91624
-3.91624
-3.91624
-3.9164
-3.91655
-3.91655
-3.91655
-3.91624
-3.91655
-3.9167
-3.917
-3.917
-3.917
-3.91685
-3.91685
-3.9167
-3.9164
-3.9164
-3.9164
-3.9164
-3.91655
-3.91655
-3.91655
-3.91685
-3.9167
-3.9164
-3.91685
-3.9173
-3.91745
-3.91761
-3.9173
-3.91746
-3.91746
-3.91715
-3.91715
-3.917
-3.91685
-3.9167
-3.9167
-3.9167
-3.91655
-3.91655
-3.91655
-3.91655
-3.91685
-3.91685
-3.91685
-3.91701
-3.91685
-3.91685
-3.91685
-3.91731
-3.91731
-3.91746
-3.91731
-3.91701
-3.91701
-3.91701
-3.91701
-3.91701
-3.91671
-3.91671
-3.91686
-3.91716
-3.91716
-3.91716
-3.91716
-3.91716
-3.91716
-3.91716
-3.91716
-3.91716
-3.91716
-3.91716
-3.91716
-3.91746
-3.91777
-3.91777
-3.91792
-3.91792
-3.91792
-3.91807
-3.91807
-3.91822
-3.91807
-3.91777
-3.91777
-3.91792
-3.91792
-3.91792
-3.91807
-3.91777
-3.91777
-3.91792
-3.91777
-3.91761
-3.91761
-3.91761
-3.91746
-3.91731
-3.91776
-3.91776
-3.91776
-3.91746
-3.91761
-3.91746
-3.91716
-3.91716
-3.91716
-3.91731
-3.91746
-3.91761
-3.91761
-3.91776
-3.91776
-3.91761
-3.91776
-3.91776
-3.91761
-3.91761
-3.91731
-3.91746
-3.91731
-3.91715
-3.917
-3.9167
-3.9167
-3.91655
-3.9167
-3.9167
-3.91685
-3.91685
-3.917
-3.917
-3.91715
-3.9173
-3.91715
-3.917
-3.91685
-3.91685
-3.917
-3.9167
-3.91655
-3.9164
-3.9164
-3.91655
-3.9164
-3.9164
-3.9167
-3.91655
-3.9167
-3.91685
-3.9167
-3.91685
-3.9167
-3.91685
-3.91685
-3.9167
-3.91655
-3.9164
-3.9167
-3.9164
-3.9164
-3.91655
-3.91655
-3.9164
-3.91655
-3.91685
-3.91715
-3.91685
-3.9167
-3.9167
-3.91655
-3.91685
-3.91685
-3.9167
-3.917
-3.91731
-3.91731
-3.91716
-3.91746
-3.91746
-3.91746
-3.91746
-3.91761
-3.91776
-3.91746
-3.91716
-3.91716
-3.91746
-3.91761
-3.91685
-3.9167
-3.9167
-3.9167
-3.91716
-3.91716
-3.917
-3.91746
-3.91746
-3.91731
-3.91731
-3.91761
-3.91791
-3.91791
-3.91791
-3.91791
-3.91806
-3.91821
-3.91806
-3.91791
-3.91746
-3.91746
-3.91731
-3.91731
-3.91746
-3.91746
-3.91731
-3.91731
-3.91746
-3.91761
-3.91776
-3.91776
-3.91821
-3.91821
-3.91821
-3.91837
-3.91837
-3.91806
-3.91761
-3.91776
-3.91776
-3.91776
-3.91761
-3.91761
-3.91761
-3.91731
-3.91716
-3.91716
-3.91731
-3.91731
-3.91746
-3.917
-3.917
-3.91716
-3.91716
-3.91716
-3.91716
-3.91655
-3.91655
-3.91655
-3.9167
-3.917
-3.917
-3.917
-3.917
-3.917
-3.91715
-3.9173
-3.91746
-3.91761
-3.91791
-3.91791
-3.91821
-3.91806
-3.91806
-3.91836
-3.91821
-3.91836
-3.91866
-3.91866
-3.91896
-3.91927
-3.91957
-3.91972
-3.91957
-3.91957
-3.91957
-3.91957
-3.91957
-3.91957
-3.91957
-3.91987
-3.92002
-3.91972
-3.91972
-3.91957
-3.91972
-3.91972
-3.91957
-3.91972
-3.91972
-3.91957
-3.91957
-3.91957
-3.91972
-3.91972
-3.91972
-3.91972
-3.91987
-3.92017
-3.92017
-3.92033
-3.92033
-3.91987
-3.92002
-3.92002
-3.92002
-3.91987
-3.91957
-3.91942
-3.91942
-3.91957
-3.91912
-3.91912
-3.91942
-3.91927
-3.91897
-3.91882
-3.91866
-3.91851
-3.91851
-3.91851
-3.91836
-3.91851
-3.91821
-3.91821
-3.91806
-3.91836
-3.91867
-3.91882
-3.91882
-3.91897
-3.91882
-3.91882
-3.91852
-3.91852
-3.91852
-3.91852
-3.91867
-3.91821
-3.91806
-3.91791
-3.91776
-3.91776
-3.91776
-3.91761
-3.91791
-3.91791
-3.91806
-3.91776
-3.91776
-3.91761
-3.91761
-3.91761
-3.91761
-3.91731
-3.91715
-3.91715
-3.91746
-3.9173
-3.9173
-3.91761
-3.91776
-3.91761
-3.91761
-3.91761
-3.91745
-3.91761
-3.91761
-3.91761
-3.9176
-3.91776
-3.9176
-3.91776
-3.9173
-3.91745
-3.91745
-3.91745
-3.9173
-3.9173
-3.917
-3.91685
-3.91685
-3.91654
-3.9167
-3.91685
-3.9167
-3.91594
-3.91594
-3.91594
-3.91594
-3.91594
-3.91579
-3.91549
-3.91564
-3.91564
-3.91594
-3.91639
-3.91654
-3.91654
-3.9167
-3.917
-3.91715
-3.9173
-3.9173
-3.91745
-3.9173
-3.91715
-3.91715
-3.91715
-3.91715
-3.91715
-3.91685
-3.9167
-3.9167
-3.917
-3.917
-3.9167
-3.9167
-3.9167
-3.9164
-3.9164
-3.9164
-3.9164
-3.91625
-3.9164
-3.9164
-3.9164
-3.9164
-3.9161
-3.9161
-3.91579
-3.91579
-3.91549
-3.91579
-3.9161
-3.9164
-3.9161
-3.9161
-3.9161
-3.91625
-3.91625
-3.91625
-3.9164
-3.91625
-3.91625
-3.9164
-3.91655
-3.91655
-3.91625
-3.9164
-3.9164
-3.9164
-3.91625
-3.91625
-3.91625
-3.91625
-3.91609
-3.91579
-3.91549
-3.91564
-3.91564
-3.91564
-3.91534
-3.91549
-3.91549
-3.91549
-3.91564
-3.91564
-3.91579
-3.91579
-3.91549
-3.91534
-3.91519
-3.91519
-3.91504
-3.91458
-3.91458
-3.91428
-3.91428
-3.91413
-3.91458
-3.91443
-3.91473
-3.91504
-3.91473
-3.91488
-3.91488
-3.91519
-3.91519
-3.91458
-3.91504
-3.91504
-3.91504
-3.91489
-3.91458
-3.91458
-3.91458
-3.91443
-3.91443
-3.91428
-3.91398
-3.91353
-3.91383
-3.91383
-3.91398
-3.91413
-3.91458
-3.91443
-3.91443
-3.91383
-3.91383
-3.91368
-3.91383
-3.91383
-3.91413
-3.91398
-3.91398
-3.91413
-3.91383
-3.91398
-3.91398
-3.91413
-3.91428
-3.91428
-3.91428
-3.91428
-3.91413
-3.91443
-3.91458
-3.91458
-3.91489
-3.91504
-3.91504
-3.91504
-3.91489
-3.91489
-3.91519
-3.91504
-3.91504
-3.91489
-3.91504
-3.91504
-3.91519
-3.91534
-3.91519
-3.91504
-3.91549
-3.91564
-3.91564
-3.91625
-3.91609
-3.91625
-3.91594
-3.91594
-3.91594
-3.91609
-3.9164
-3.91625
-3.91609
-3.91609
-3.91609
-3.91609
-3.91609
-3.91594
-3.91579
-3.91594
-3.91594
-3.91594
-3.91579
-3.91564
-3.91564
-3.91564
-3.91549
-3.91549
-3.91549
-3.91549
-3.91549
-3.91564
-3.91549
-3.91549
-3.91549
-3.91519
-3.91549
-3.91564
-3.91564
-3.91564
-3.91579
-3.91564
-3.91564
-3.91534
-3.91519
-3.91549
-3.91534
-3.91519
-3.91534
-3.91519
-3.91503
-3.91534
-3.91549
-3.91549
-3.91533
-3.91549
-3.91564
-3.91579
-3.91549
-3.91533
-3.91533
-3.91533
-3.91548
-3.91533
-3.91503
-3.91488
-3.91488
-3.91488
-3.91488
-3.91473
-3.91458
-3.91427
-3.91427
-3.91428
-3.91427
-3.91443
-3.91443
-3.91443
-3.91443
-3.91443
-3.91428
-3.91443
-3.91412
-3.91412
-3.91382
-3.91397
-3.91382
-3.91352
-3.91337
-3.91352
-3.91337
-3.91367
-3.91413
-3.91428
-3.91428
-3.91413
-3.91413
-3.91398
-3.91382
-3.91413
-3.91443
-3.91428
-3.91413
-3.91413
-3.91383
-3.91383
-3.91353
-3.91368
-3.91368
-3.91368
-3.91368
-3.91353
-3.91338
-3.91322
-3.91307
-3.91307
-3.91307
-3.91307
-3.91323
-3.91308
-3.91277
-3.91308
-3.91323
-3.91323
-3.91323
-3.91338
-3.91338
-3.91308
-3.91338
-3.91338
-3.91368
-3.91368
-3.91353
-3.91353
-3.91353
-3.91338
-3.91338
-3.91308
-3.91338
-3.91323
-3.91338
-3.91308
-3.91293
-3.91263
-3.91308
-3.91293
-3.91308
-3.91308
-3.91308
-3.91308
-3.91308
-3.91278
-3.91263
-3.91247
-3.91232
-3.91232
-3.91232
-3.91247
-3.91247
-3.91247
-3.91232
-3.91232
-3.91232
-3.91247
-3.91262
-3.91277
-3.91277
-3.91232
-3.91247
-3.91247
-3.91247
-3.91232
-3.91232
-3.91187
-3.91172
-3.91187
-3.91187
-3.91187
-3.91217
-3.91202
-3.91186
-3.91171
-3.91141
-3.91141
-3.91141
-3.91171
-3.91171
-3.91171
-3.91186
-3.91216
-3.91201
-3.91201
-3.91201
-3.91246
-3.91231
-3.91201
-3.91261
-3.91261
-3.91261
-3.91246
-3.91231
-3.91216
-3.91201
-3.91231
-3.91231
-3.91231
-3.91231
-3.91231
-3.91261
-3.91291
-3.91291
-3.91291
-3.91261
-3.91261
-3.91276
-3.91291
-3.91322
-3.91382
-3.91397
-3.91397
-3.91382
-3.91397
-3.91397
-3.91412
-3.91412
-3.91382
-3.91352
-3.91367
-3.91367
-3.91382
-3.91382
-3.91412
-3.91443
-3.91458
-3.91473
-3.91458
-3.91458
-3.91443
-3.91428
-3.91428
-3.91412
-3.91367
-3.91367
-3.91352
-3.91337
-3.91337
-3.91307
-3.91292
-3.91247
-3.91231
-3.91307
-3.91307
-3.91307
-3.91307
-3.91307
-3.91322
-3.91322
-3.91307
-3.91322
-3.91338
-3.91322
-3.91322
-3.91338
-3.91338
-3.91353
-3.91353
-3.91353
-3.91338
-3.91338
-3.91353
-3.91353
-3.91353
-3.91308
-3.91262
-3.91277
-3.91277
-3.91292
-3.91262
-3.91308
-3.91338
-3.91323
-3.91338
-3.91368
-3.91338
-3.91308
-3.91277
-3.91277
-3.91308
-3.91323
-3.91353
-3.91383
-3.91398
-3.91413
-3.91428
-3.91428
-3.91459
-3.91444
-3.91444
-3.91444
-3.91444
-3.91459
-3.91474
-3.91504
-3.91504
-3.91504
-3.91489
-3.91489
-3.91504
-3.91504
-3.91489
-3.91489
-3.91459
-3.91474
-3.91474
-3.91459
-3.91459
-3.91459
-3.91459
-3.91459
-3.91459
-3.91443
-3.91443
-3.91428
-3.91413
-3.91383
-3.91353
-3.91338
-3.91353
-3.91353
-3.91323
-3.91338
-3.91338
-3.91307
-3.91322
-3.91322
-3.91322
-3.91292
-3.91277
-3.91232
-3.91217
-3.91232
-3.91217
-3.91186
-3.91202
-3.91186
-3.91202
-3.91217
-3.91217
-3.91186
-3.91201
-3.91201
-3.91171
-3.91186
-3.91171
-3.91186
-3.91186
-3.91186
-3.91186
-3.91216
-3.91201
-3.91186
-3.91186
-3.91156
-3.91156
-3.91126
-3.91141
-3.91171
-3.91171
-3.91156
-3.91156
-3.91141
-3.91141
-3.91156
-3.91171
-3.91156
-3.91171
-3.91171
-3.91186
-3.91186
-3.91171
-3.91171
-3.91186
-3.91171
-3.91171
-3.91186
-3.91186
-3.91171
-3.91156
-3.91171
-3.91186
-3.91201
-3.91201
-3.91217
-3.91232
-3.91232
-3.91232
-3.91277
-3.91247
-3.91262
-3.91277
-3.91322
-3.91322
-3.91337
-3.91383
-3.91383
-3.91383
-3.91398
-3.91413
-3.91473
-3.91458
-3.91443
-3.91473
-3.91443
-3.91398
-3.91383
-3.91383
-3.91383
-3.91413
-3.91413
-3.91383
-3.91352
-3.91337
-3.91352
-3.91337
-3.91337
-3.91277
-3.91277
-3.91292
-3.91292
-3.91277
-3.91277
-3.91307
-3.91292
-3.91307
-3.91322
-3.91337
-3.91337
-3.91337
-3.91382
-3.91367
-3.91398
-3.91413
-3.91458
-3.91413
-3.91458
-3.91443
-3.91413
-3.91398
-3.91398
-3.91413
-3.91413
-3.91398
-3.91398
-3.91413
-3.91428
-3.91428
-3.91443
-3.91428
-3.91398
-3.91428
-3.91443
-3.91413
-3.91413
-3.91428
-3.91413
-3.91413
-3.91428
-3.91413
-3.91413
-3.91413
-3.91443
-3.91443
-3.91473
-3.91473
-3.91473
-3.91473
-3.91488
-3.91534
-3.91549
-3.91519
-3.91519
-3.91534
-3.91503
-3.91473
-3.91458
-3.91473
-3.91503
-3.91518
-3.91518
-3.91549
-3.91549
-3.91534
-3.91549
-3.91534
-3.91549
-3.91549
-3.91533
-3.91549
-3.91549
-3.91549
-3.91533
-3.91533
-3.91533
-3.91533
-3.91518
-3.91518
-3.91488
-3.91488
-3.91518
-3.91518
-3.91518
-3.91533
-3.91533
-3.91549
-3.91549
-3.91564
-3.91579
-3.91594
-3.91594
-3.91579
-3.91564
-3.91594
-3.91624
-3.91639
-3.91624
-3.91609
-3.91579
-3.91579
-3.91579
-3.91594
-3.91609
-3.91624
-3.9167
-3.917
-3.917
-3.91715
-3.91715
-3.91715
-3.91715
-3.9173
-3.91745
-3.91775
-3.91745
-3.91745
-3.9173
-3.91715
-3.9173
-3.9176
-3.91775
-3.91805
-3.91805
-3.9179
-3.9179
-3.91821
-3.91805
-3.91805
-3.91821
-3.91851
-3.91836
-3.91836
-3.91836
-3.91821
-3.91821
-3.91836
-3.91836
-3.9182
-3.9182
-3.91805
-3.9179
-3.9182
-3.9179
-3.91775
-3.91805
-3.91805
-3.91805
-3.91836
-3.91851
-3.91851
-3.91836
-3.9182
-3.9179
-3.91805
-3.9179
-3.91805
-3.9179
-3.9179
-3.9179
-3.9179
-3.9182
-3.9182
-3.9182
-3.91836
-3.9182
-3.91836
-3.91851
-3.91836
-3.91836
-3.9182
-3.9179
-3.9182
-3.91851
-3.91851
-3.91851
-3.91866
-3.91866
-3.9182
-3.91866
-3.91881
-3.91911
-3.91941
-3.91941
-3.91941
-3.91941
-3.91941
-3.91911
-3.91911
-3.91911
-3.91911
-3.91896
-3.91881
-3.91851
-3.91835
-3.91835
-3.9182
-3.91805
-3.9179
-3.91745
-3.9173
-3.91745
-3.9176
-3.9173
-3.9173
-3.9173
-3.9173
-3.91745
-3.91745
-3.9176
-3.9176
-3.91775
-3.91775
-3.9176
-3.91745
-3.91745
-3.9176
-3.91775
-3.9176
-3.9179
-3.91775
-3.91775
-3.91745
-3.91745
-3.91745
-3.9173
-3.91745
-3.91775
-3.91745
-3.91745
-3.91745
-3.9173
-3.91715
-3.917
-3.9173
-3.91745
-3.9173
-3.9173
-3.9176
-3.9176
-3.91775
-3.9176
-3.91775
-3.9173
-3.9173
-3.9173
-3.9176
-3.91806
-3.9179
-3.9179
-3.91821
-3.91805
-3.91805
-3.9179
-3.91775
-3.91775
-3.91775
-3.91775
-3.91745
-3.9176
-3.9176
-3.9176
-3.9176
-3.91775
-3.91775
-3.9179
-3.91805
-3.9179
-3.9182
-3.91805
-3.91805
-3.9179
-3.91805
-3.91836
-3.9182
-3.9182
-3.9182
-3.91805
-3.91805
-3.91805
-3.9182
-3.91775
-3.9179
-3.91775
-3.9176
-3.91775
-3.9179
-3.9176
-3.9176
-3.9173
-3.91699
-3.91669
-3.91669
-3.91684
-3.91669
-3.91654
-3.91669
-3.91654
-3.91609
-3.91639
-3.91624
-3.91609
-3.91609
-3.91624
-3.91594
-3.91579
-3.91579
-3.91564
-3.91579
-3.91564
-3.91594
-3.91594
-3.91609
-3.91624
-3.91639
-3.91654
-3.91639
-3.91639
-3.91639
-3.91639
-3.91624
-3.91594
-3.91609
-3.91624
-3.91624
-3.91624
-3.91655
-3.91685
-3.917
-3.91685
-3.917
-3.917
-3.917
-3.91685
-3.91715
-3.917
-3.917
-3.91685
-3.9167
-3.9167
-3.91685
-3.91655
-3.9167
-3.9167
-3.91685
-3.91685
-3.91685
-3.91685
-3.91655
-3.9167
-3.91655
-3.91655
-3.91655
-3.91624
-3.91624
-3.91609
-3.91639
-3.91624
-3.91579
-3.91579
-3.91579
-3.91579
-3.91579
-3.91549
-3.91549
-3.91594
-3.91579
-3.91579
-3.91549
-3.91549
-3.91488
-3.91488
-3.91488
-3.91488
-3.91503
-3.91488
-3.91473
-3.91488
-3.91503
-3.91503
-3.91518
-3.91534
-3.91549
-3.91549
-3.91549
-3.91518
-3.91518
-3.91488
-3.91503
-3.91473
-3.91473
-3.91503
-3.91488
-3.91488
-3.91473
-3.91473
-3.91488
-3.91488
-3.91488
-3.91488
-3.91488
-3.91488
-3.91488
-3.91473
-3.91518
-3.91533
-3.91533
-3.91533
-3.91533
-3.91533
-3.91533
-3.91503
-3.91503
-3.91488
-3.91503
-3.91533
-3.91518
-3.91518
-3.91488
-3.91488
-3.91503
-3.91473
-3.91488
-3.91473
-3.91503
-3.91473
-3.91458
-3.91488
-3.91503
-3.91518
-3.91503
-3.91518
-3.91503
-3.91518
-3.91488
-3.91488
-3.91488
-3.91458
-3.91473
-3.91458
-3.91488
-3.91473
-3.91458
-3.91488
-3.91503
-3.91503
-3.91549
-3.91564
-3.91534
-3.91549
-3.91534
-3.91549
-3.91534
-3.91534
-3.91534
-3.91504
-3.91519
-3.91519
-3.91519
-3.91519
-3.91504
-3.91504
-3.91519
-3.91504
-3.91504
-3.91519
-3.91549
-3.91549
-3.91549
-3.91549
-3.91549
-3.91504
-3.91519
-3.91504
-3.91519
-3.91519
-3.91519
-3.91504
-3.91519
-3.91519
-3.91504
-3.91504
-3.91488
-3.91488
-3.91488
-3.91458
-3.91443
-3.91488
-3.91519
-3.91519
-3.91519
-3.91503
-3.91518
-3.91518
-3.91503
-3.91503
-3.91458
-3.91458
-3.91458
-3.91443
-3.91473
-3.91473
-3.91473
-3.91488
-3.91473
-3.91473
-3.91488
-3.91473
-3.91473
-3.91473
-3.91443
-3.91427
-3.91412
-3.91412
-3.91427
-3.91427
-3.91412
-3.91382
-3.91382
-3.91397
-3.91382
-3.91397
-3.91427
-3.91427
-3.91458
-3.91458
-3.91473
-3.91427
-3.91427
-3.91458
-3.91458
-3.91458
-3.91442
-3.91397
-3.91382
-3.91412
-3.91397
-3.91382
-3.91412
-3.91442
-3.91442
-3.91442
-3.91473
-3.91427
-3.91427
-3.91412
-3.91442
-3.91458
-3.91473
-3.91458
-3.91442
-3.91503
-3.91488
-3.91473
-3.91503
-3.91488
-3.91503
-3.91503
-3.91518
-3.91518
-3.91518
-3.91518
-3.91533
-3.91518
-3.91518
-3.91518
-3.91533
-3.91518
-3.91488
-3.91488
-3.91488
-3.91443
-3.91443
-3.91443
-3.91443
-3.91428
-3.91458
-3.91473
-3.91534
-3.91534
-3.91549
-3.91534
-3.91534
-3.91534
-3.91503
-3.91488
-3.91519
-3.91549
-3.91549
-3.91564
-3.91549
-3.91549
-3.91534
-3.91519
-3.91534
-3.91549
-3.91534
-3.91519
-3.91519
-3.91519
-3.91488
-3.91458
-3.91458
-3.91458
-3.91458
-3.91458
-3.91428
-3.91413
-3.91398
-3.91398
-3.91383
-3.91383
-3.91398
-3.91428
-3.91428
-3.91428
-3.91443
-3.91428
-3.91458
-3.91458
-3.91443
-3.91458
-3.91473
-3.91458
-3.91443
-3.91428
-3.91428
-3.91413
-3.91428
-3.91428
-3.91428
-3.91397
-3.91413
-3.91428
-3.91413
-3.91428
-3.91443
-3.91443
-3.91428
-3.91428
-3.91443
-3.91473
-3.91458
-3.91458
-3.91488
-3.91488
-3.91488
-3.91488
-3.91488
-3.91473
-3.91488
-3.91488
-3.91443
-3.91428
-3.91412
-3.91397
-3.91397
-3.91412
-3.91428
-3.91412
-3.91413
-3.91428
-3.91397
-3.91382
-3.91382
-3.91367
-3.91382
-3.91382
-3.91352
-3.91352
-3.91382
-3.91398
-3.91367
-3.91352
-3.91352
-3.91322
-3.91322
-3.91322
-3.91352
-3.91367
-3.91352
-3.91322
-3.91322
-3.91337
-3.91337
-3.91337
-3.91292
-3.91247
-3.91231
-3.91231
-3.91247
-3.91216
-3.91216
-3.91247
-3.91186
-3.91171
-3.91186
-3.91216
-3.91231
-3.91216
-3.91231
-3.91201
-3.91186
-3.91186
-3.91186
-3.91201
-3.91186
-3.91186
-3.91186
-3.91186
-3.91246
-3.91246
-3.91262
-3.91277
-3.91292
-3.91292
-3.91292
-3.91262
-3.91231
-3.91216
-3.91231
-3.91216
-3.91216
-3.91201
-3.91201
-3.91156
-3.91171
-3.91156
-3.91156
-3.91156
-3.91141
-3.91141
-3.91126
-3.91126
-3.91126
-3.91141
-3.91171
-3.91171
-3.91216
-3.91201
-3.91201
-3.91216
-3.91216
-3.91216
-3.91201
-3.91201
-3.91201
-3.91201
-3.91171
-3.91171
-3.91156
-3.91171
-3.91156
-3.91156
-3.91156
-3.91141
-3.91156
-3.91171
-3.91171
-3.91171
-3.91171
-3.91171
-3.91186
-3.91201
-3.91201
-3.91232
-3.91201
-3.91186
-3.91186
-3.91156
-3.91156
-3.91186
-3.91186
-3.91231
-3.91231
-3.91231
-3.91216
-3.91216
-3.91201
-3.91201
-3.91231
-3.91201
-3.91201
-3.91201
-3.91216
-3.91201
-3.91171
-3.91171
-3.91201
-3.91201
-3.91201
-3.91201
-3.91231
-3.91231
-3.91231
-3.91262
-3.91262
-3.91246
-3.91246
-3.91231
-3.91231
-3.91201
-3.91216
-3.91201
-3.91201
-3.91231
-3.91201
-3.91231
-3.91231
-3.91262
-3.91277
-3.91277
-3.91277
-3.91262
-3.91277
-3.91262
-3.91262
-3.91262
-3.91277
-3.91246
-3.91231
-3.91231
-3.91201
-3.91247
-3.91247
-3.91262
-3.91247
-3.91247
-3.91262
-3.91216
-3.91216
-3.91201
-3.91186
-3.91186
-3.91216
-3.91232
-3.91277
-3.91292
-3.91307
-3.91322
-3.91367
-3.91337
-3.91352
-3.91337
-3.91352
-3.91367
-3.91367
-3.91352
-3.91337
-3.91322
-3.91337
-3.91322
-3.91352
-3.91352
-3.91352
-3.91368
-3.91337
-3.91352
-3.91352
-3.91383
-3.91352
-3.91398
-3.91383
-3.91413
-3.91398
-3.91428
-3.91428
-3.91443
-3.91443
-3.91413
-3.91428
-3.91443
-3.91428
-3.91443
-3.91428
-3.91428
-3.91443
-3.91443
-3.91443
-3.91413
-3.91413
-3.91413
-3.91428
-3.91428
-3.91443
-3.91428
-3.91398
-3.91398
-3.91398
-3.91398
-3.91443
-3.91443
-3.91443
-3.91428
-3.91443
-3.91443
-3.91443
-3.91428
-3.91428
-3.91413
-3.91413
-3.91413
-3.91398
-3.91413
-3.91398
-3.91398
-3.91398
-3.91383
-3.91383
-3.91398
-3.91413
-3.91398
-3.91398
-3.91383
-3.91337
-3.91322
-3.91322
-3.91322
-3.91322
-3.91307
-3.91322
-3.91337
-3.91337
-3.91307
-3.91307
-3.91307
-3.91307
-3.91307
-3.91292
-3.91277
-3.91292
-3.91292
-3.91277
-3.91262
-3.91231
-3.91216
-3.91216
-3.91216
-3.91231
-3.91231
-3.91231
-3.91186
-3.91171
-3.91141
-3.91156
-3.9111
-3.91126
-3.91171
-3.91201
-3.91201
-3.91171
-3.91171
-3.91141
-3.91156
-3.91141
-3.91141
-3.91186
-3.91186
-3.91171
-3.91186
-3.91201
-3.91201
-3.91186
-3.91186
-3.91186
-3.91171
-3.91171
-3.91171
-3.91171
-3.91171
-3.91171
-3.91141
-3.91141
-3.91171
-3.91156
-3.91186
-3.91201
-3.91201
-3.91201
-3.91201
-3.91201
-3.91231
-3.91231
-3.91171
-3.9114
-3.91125
-3.91156
-3.91186
-3.91171
-3.91186
-3.91186
-3.91171
-3.91201
-3.91201
-3.91216
-3.91231
-3.91261
-3.91261
-3.91246
-3.91246
-3.91261
-3.91276
-3.91322
-3.91322
-3.91307
-3.91291
-3.91307
-3.91322
-3.91307
-3.91307
-3.91307
-3.91322
-3.91337
-3.91307
-3.91307
-3.91307
-3.91276
-3.91292
-3.91291
-3.91322
-3.91307
-3.91307
-3.91322
-3.91322
-3.91322
-3.91322
-3.91307
-3.91337
-3.91322
-3.91337
-3.91352
-3.91352
-3.91352
-3.91352
-3.91352
-3.91367
-3.91367
-3.91397
-3.91397
-3.91367
-3.91352
-3.91397
-3.91397
-3.91367
-3.91382
-3.91398
-3.91398
-3.91413
-3.91428
-3.91428
-3.91443
-3.91443
-3.91413
-3.91428
-3.91428
-3.91443
-3.91443
-3.91458
-3.91458
-3.91458
-3.91473
-3.91473
-3.91458
-3.91473
-3.91488
-3.91488
-3.91488
-3.91488
-3.91504
-3.91504
-3.91488
-3.91504
-3.91504
-3.91519
-3.91504
-3.91504
-3.91504
-3.91519
-3.91534
-3.91534
-3.91519
-3.91534
-3.91549
-3.91564
-3.91564
-3.91579
-3.91579
-3.91594
-3.91609
-3.91594
-3.91594
-3.91579
-3.91519
-3.91504
-3.91488
-3.91534
-3.91549
-3.91549
-3.91579
-3.91564
-3.91579
-3.91579
-3.91579
-3.91624
-3.91624
-3.91624
-3.91609
-3.91609
-3.91609
-3.91624
-3.91655
-3.91685
-3.9167
-3.91685
-3.91715
-3.91685
-3.917
-3.91685
-3.9167
-3.91654
-3.91685
-3.91685
-3.91685
-3.917
-3.917
-3.91715
-3.91685
-3.91685
-3.91685
-3.9167
-3.91685
-3.917
-3.91715
-3.917
-3.9173
-3.91715
-3.91745
-3.91745
-3.9173
-3.91745
-3.9173
-3.9173
-3.91715
-3.9173
-3.9173
-3.91715
-3.91715
-3.9167
-3.91654
-3.91654
-3.9167
-3.91639
-3.91639
-3.91655
-3.91639
-3.9167
-3.91654
-3.91639
-3.91639
-3.91639
-3.91639
-3.91624
-3.91655
-3.91655
-3.917
-3.91745
-3.91715
-3.917
-3.91715
-3.91715
-3.9173
-3.91715
-3.91685
-3.9167
-3.917
-3.91685
-3.9167
-3.91685
-3.9167
-3.9167
-3.9167
-3.917
-3.91685
-3.917
-3.91715
-3.91685
-3.917
-3.917
-3.917
-3.91745
-3.91745
-3.91745
-3.91715
-3.9176
-3.91791
-3.91836
-3.91821
-3.91806
-3.91821
-3.91821
-3.91791
-3.91776
-3.91745
-3.91745
-3.91791
-3.91791
-3.91776
-3.91791
-3.91821
-3.91806
-3.91836
-3.91836
-3.91821
-3.91791
-3.91791
-3.91806
-3.91806
-3.91806
-3.91791
-3.91806
-3.91806
-3.91791
-3.91791
-3.91791
-3.91806
-3.91821
-3.91821
-3.91806
-3.91821
-3.91821
-3.9179
-3.9179
-3.91775
-3.91775
-3.91775
-3.9176
-3.91775
-3.9176
-3.91745
-3.9173
-3.9173
-3.91669
-3.91654
-3.91639
-3.91609
-3.91609
-3.91594
-3.91579
-3.91579
-3.91564
-3.91549
-3.91549
-3.91518
-3.91503
-3.91549
-3.91564
-3.91518
-3.91518
-3.91503
-3.91503
-3.91518
-3.91503
-3.91533
-3.91533
-3.91518
-3.91503
-3.91503
-3.91518
-3.91503
-3.91503
-3.91488
-3.91503
-3.91503
-3.91473
-3.91488
-3.91488
-3.91488
-3.91473
-3.91473
-3.91488
-3.91488
-3.91473
-3.91473
-3.91458
-3.91443
-3.91458
-3.91458
-3.91443
-3.91473
-3.91458
-3.91458
-3.91488
-3.91473
-3.91488
-3.91458
-3.91458
-3.91473
-3.91488
-3.91503
-3.91518
-3.91519
-3.91549
-3.91519
-3.91519
-3.91549
-3.91564
-3.91579
-3.91579
-3.91594
-3.91579
-3.91594
-3.91579
-3.91579
-3.91609
-3.91609
-3.91624
-3.91609
-3.91594
-3.91594
-3.91564
-3.91579
-3.91609
-3.91609
-3.91609
-3.91624
-3.91594
-3.91594
-3.91609
-3.91594
-3.91609
-3.91609
-3.91609
-3.91609
-3.91609
-3.91609
-3.91594
-3.91624
-3.91624
-3.91624
-3.91609
-3.9164
-3.91655
-3.91685
-3.917
-3.91715
-3.9167
-3.91655
-3.91624
-3.91624
-3.91624
-3.91609
-3.91594
-3.91609
-3.91579
-3.91624
-3.91639
-3.91639
-3.91609
-3.91624
-3.91639
-3.91594
-3.91594
-3.91609
-3.91564
-3.91594
-3.91594
-3.91594
-3.91594
-3.91594
-3.91609
-3.91624
-3.91594
-3.91639
-3.91594
-3.91594
-3.91594
-3.91594
-3.91579
-3.91579
-3.91579
-3.91564
-3.91579
-3.91579
-3.91594
-3.91639
-3.91639
-3.91624
-3.91624
-3.91624
-3.91624
-3.91639
-3.91639
-3.91669
-3.91669
-3.91669
-3.91669
-3.91624
-3.91639
-3.91639
-3.91639
-3.91624
-3.91624
-3.91624
-3.91654
-3.91654
-3.91685
-3.917
-3.917
-3.917
-3.91685
-3.91685
-3.91685
-3.91685
-3.91685
-3.9167
-3.91685
-3.91685
-3.9167
-3.91654
-3.91624
-3.91624
-3.91624
-3.91639
-3.91639
-3.91639
-3.91639
-3.91609
-3.91609
-3.91624
-3.91624
-3.9164
-3.91609
-3.91594
-3.91579
-3.91564
-3.91579
-3.91594
-3.91609
-3.91624
-3.9164
-3.91624
-3.91609
-3.9164
-3.91624
-3.91624
-3.91624
-3.91624
-3.91609
-3.91609
-3.91594
-3.91609
-3.91625
-3.9164
-3.9167
-3.9167
-3.9167
-3.9167
-3.91715
-3.91715
-3.91715
-3.91715
-3.917
-3.9167
-3.9167
-3.91655
-3.9167
-3.9164
-3.91655
-3.91685
-3.91655
-3.91655
-3.9167
-3.91685
-3.91685
-3.917
-3.91685
-3.917
-3.917
-3.9173
-3.91745
-3.91776
-3.9176
-3.91791
-3.91806
-3.91806
-3.91821
-3.91836
-3.91866
-3.91866
-3.91881
-3.91881
-3.91911
-3.91866
-3.91866
-3.91896
-3.91896
-3.91911
-3.91911
-3.91881
-3.91881
-3.91896
-3.91911
-3.91911
-3.91896
-3.91896
-3.91881
-3.91881
-3.91881
-3.91896
-3.91866
-3.91881
-3.91881
-3.91866
-3.9182
-3.9182
-3.91851
-3.91851
-3.91881
-3.91881
-3.91851
-3.91835
-3.91835
-3.91835
-3.91835
-3.91851
-3.91881
-3.91881
-3.91881
-3.91881
-3.91835
-3.91851
-3.91866
-3.91851
-3.91836
-3.91836
-3.91836
-3.91851
-3.91866
-3.91896
-3.91911
-3.91926
-3.91926
-3.91926
-3.91926
-3.91926
-3.91926
-3.91926
-3.91926
-3.91926
-3.91941
-3.91957
-3.91957
-3.91972
-3.92002
-3.91987
-3.92002
-3.92002
-3.91972
-3.91957
-3.91942
-3.91942
-3.91942
-3.91926
-3.91926
-3.91926
-3.91911
-3.91942
-3.91942
-3.91927
-3.91926
-3.91942
-3.91972
-3.91957
-3.91942
-3.91957
-3.91942
-3.91942
-3.91911
-3.91881
-3.91896
-3.91912
-3.91896
-3.91851
-3.91836
-3.91851
-3.91866
-3.91866
-3.91851
-3.91866
-3.91851
-3.91851
-3.91851
-3.91851
-3.91881
-3.91851
-3.91866
-3.91836
-3.91821
-3.91821
-3.91821
-3.91821
-3.91821
-3.91806
-3.91791
-3.91791
-3.91791
-3.91775
-3.91806
-3.91806
-3.91791
-3.91806
-3.91806
-3.91806
-3.91806
-3.91806
-3.91806
-3.91806
-3.91806
-3.91821
-3.91821
-3.91821
-3.91836
-3.91836
-3.91821
-3.91821
-3.91821
-3.91836
-3.91836
-3.91851
-3.91866
-3.91866
-3.91866
-3.91851
-3.91866
-3.91866
-3.91911
-3.91911
-3.91896
-3.91896
-3.91881
-3.91866
-3.91851
-3.91866
-3.91866
-3.91866
-3.91866
-3.91866
-3.91896
-3.91911
-3.91896
-3.91866
-3.91851
-3.91881
-3.91881
-3.91881
-3.91851
-3.91851
-3.91881
-3.91881
-3.91896
-3.91896
-3.91911
-3.91911
-3.91911
-3.91881
-3.91851
-3.91866
-3.91866
-3.91821
-3.91821
-3.91881
-3.91881
-3.91881
-3.91896
-3.91836
-3.91851
-3.91851
-3.91821
-3.91805
-3.91805
-3.91775
-3.91805
-3.9179
-3.91805
-3.91821
-3.91821
-3.91805
-3.9179
-3.9179
-3.9179
-3.9179
-3.9179
-3.91821
-3.91805
-3.91805
-3.91805
-3.91805
-3.91775
-3.9179
-3.9176
-3.91745
-3.917
-3.917
-3.91685
-3.91685
-3.9167
-3.91685
-3.91654
-3.91654
-3.91654
-3.91654
-3.91654
-3.91639
-3.91624
-3.91609
-3.91624
-3.91639
-3.91639
-3.91655
-3.91655
-3.91655
-3.91655
-3.91639
-3.91624
-3.91609
-3.91639
-3.91685
-3.91685
-3.91685
-3.917
-3.917
-3.91715
-3.917
-3.91715
-3.91715
-3.91715
-3.91715
-3.9173
-3.9173
-3.91745
-3.91745
-3.9173
-3.917
-3.91715
-3.91715
-3.917
-3.91715
-3.91745
-3.91745
-3.9179
-3.91775
-3.9179
-3.9179
-3.91775
-3.91775
-3.91745
-3.91745
-3.9176
-3.91745
-3.91745
-3.91745
-3.9176
-3.91775
-3.9176
-3.91745
-3.91745
-3.9173
-3.9179
-3.9179
-3.91775
-3.9179
-3.91775
-3.9176
-3.9176
-3.9176
-3.91775
-3.9179
-3.9179
-3.9179
-3.9176
-3.91745
-3.9176
-3.91745
-3.91745
-3.9173
-3.91699
-3.91699
-3.91684
-3.91669
-3.91669
-3.91654
-3.91639
-3.91654
-3.91669
-3.91684
-3.91684
-3.91699
-3.91669
-3.91669
-3.91654
-3.91594
-3.91609
-3.91639
-3.91639
-3.91654
-3.91654
-3.91654
-3.91669
-3.91669
-3.91684
-3.917
-3.91715
-3.917
-3.91715
-3.91715
-3.91715
-3.917
-3.917
-3.91685
-3.91654
-3.91654
-3.91654
-3.91685
-3.9167
-3.9167
-3.9167
-3.91685
-3.9173
-3.91715
-3.91715
-3.91715
-3.91715
-3.91715
-3.91715
-3.917
-3.91715
-3.9173
-3.91715
-3.91715
-3.91715
-3.9173
-3.91745
-3.9173
-3.9176
-3.9176
-3.91791
-3.91806
-3.91836
-3.91821
-3.91821
-3.91806
-3.91791
-3.91806
-3.91791
-3.9176
-3.91776
-3.9176
-3.91776
-3.91776
-3.91776
-3.91791
-3.91791
-3.91775
-3.9176
-3.91745
-3.9176
-3.9176
-3.91776
-3.91791
-3.91776
-3.91791
-3.91821
-3.91821
-3.91821
-3.91821
-3.91791
-3.91806
-3.91836
-3.91836
-3.91821
-3.91866
-3.91881
-3.91851
-3.91851
-3.91851
-3.91821
-3.91836
-3.91836
-3.91836
-3.91851
-3.91866
-3.91866
-3.91881
-3.91881
-3.91851
-3.91851
-3.91836
-3.91806
-3.91821
-3.91866
-3.91866
-3.91851
-3.91836
-3.91821
-3.91821
-3.91836
-3.91836
-3.91836
-3.91851
-3.91836
-3.9182
-3.91851
-3.91836
-3.91835
-3.91896
-3.91866
-3.91881
-3.91881
-3.91851
-3.91851
-3.91835
-3.9182
-3.9182
-3.91835
-3.91805
-3.9179
-3.91805
-3.9182
-3.91805
-3.9185
-3.91866
-3.91881
-3.91881
-3.91835
-3.9182
-3.9182
-3.91805
-3.9179
-3.91805
-3.91805
-3.9182
-3.9182
-3.91866
-3.91881
-3.91911
-3.91896
-3.91911
-3.91881
-3.91896
-3.91881
-3.91881
-3.91881
-3.91881
-3.91866
-3.91866
-3.91866
-3.91866
-3.91881
-3.91926
-3.91941
-3.91941
-3.91956
-3.91972
-3.91972
-3.91972
-3.91926
-3.91926
-3.91941
-3.91926
-3.91941
-3.91926
-3.91911
-3.91881
-3.91896
-3.91896
-3.91896
-3.91896
-3.91881
-3.91851
-3.91851
-3.91851
-3.91851
-3.91866
-3.91881
-3.91881
-3.91851
-3.91851
-3.91881
-3.91896
-3.91866
-3.91866
-3.91866
-3.91881
-3.91942
-3.91942
-3.91942
-3.91957
-3.91957
-3.91957
-3.91941
-3.91941
-3.91941
-3.91926
-3.91941
-3.91972
-3.91972
-3.91957
-3.91957
-3.91941
-3.91957
-3.91957
-3.91957
-3.91972
-3.91957
-3.91926
-3.91911
-3.91896
-3.91881
-3.91911
-3.91926
-3.91926
-3.91941
-3.91957
-3.91987
-3.91957
-3.91957
-3.91972
-3.91926
-3.91926
-3.91926
-3.91926
-3.91941
-3.91941
-3.91956
-3.91987
-3.92032
-3.92032
-3.92032
-3.92002
-3.92002
-3.92002
-3.92002
-3.91987
-3.92017
-3.92002
-3.91987
-3.92002
-3.92017
-3.92002
-3.92017
-3.92032
-3.92047
-3.92032
-3.92032
-3.92032
-3.92032
-3.92017
-3.92032
-3.92032
-3.92032
-3.92047
-3.92002
-3.92002
-3.92002
-3.92002
-3.92002
-3.92032
-3.92017
-3.92017
-3.92002
-3.92017
-3.92032
-3.92032
-3.91987
-3.91987
-3.91987
-3.91987
-3.91972
-3.91956
-3.91956
-3.91971
-3.91971
-3.91987
-3.92017
-3.91987
-3.91987
-3.92002
-3.92002
-3.91971
-3.91956
-3.91941
-3.91972
-3.91987
-3.91987
-3.91972
-3.91987
-3.92002
-3.92032
-3.92002
-3.92002
-3.92002
-3.91987
-3.92017
-3.91987
-3.92032
-3.92032
-3.92002
-3.91987
-3.92002
-3.92032
-3.92062
-3.92047
-3.92032
-3.92032
-3.92017
-3.91957
-3.91941
-3.91972
-3.92017
-3.92032
-3.92032
-3.92047
-3.92047
-3.92047
-3.92062
-3.92078
-3.92138
-3.92153
-3.92153
-3.92153
-3.92138
-3.92138
-3.92198
-3.92198
-3.92198
-3.92168
-3.92183
-3.92183
-3.92168
-3.92138
-3.92123
-3.92108
-3.92123
-3.92138
-3.92168
-3.92153
-3.92153
-3.92153
-3.92153
-3.92138
-3.92138
-3.92183
-3.92123
-3.92077
-3.92062
-3.92062
-3.92062
-3.92062
-3.92062
-3.92062
-3.92047
-3.92047
-3.92062
-3.92047
-3.92047
-3.92032
-3.92017
-3.92017
-3.92017
-3.92032
-3.92017
-3.92032
-3.92032
-3.92032
-3.92032
-3.92002
-3.91972
-3.91957
-3.91957
-3.91972
-3.91926
-3.91942
-3.91926
-3.91911
-3.91911
-3.91911
-3.91926
-3.91926
-3.91911
-3.91911
-3.91911
-3.91881
-3.91881
-3.91896
-3.91896
-3.91896
-3.91881
-3.91896
-3.91896
-3.91881
-3.91881
-3.91926
-3.91911
-3.91942
-3.91987
-3.91972
-3.91957
-3.91972
-3.91987
-3.92017
-3.92017
-3.92017
-3.92017
-3.92017
-3.92017
-3.91987
-3.91987
-3.92002
-3.91987
-3.92002
-3.91987
-3.91987
-3.92002
-3.92017
-3.92017
-3.92048
-3.92048
-3.92032
-3.92017
-3.92032
-3.92017
-3.92002
-3.92002
-3.92002
-3.91972
-3.91972
-3.91972
-3.92002
-3.92002
-3.92017
-3.92017
-3.92002
-3.91987
-3.91987
-3.91972
-3.91957
-3.91972
-3.91972
-3.91972
-3.91972
-3.91957
-3.91957
-3.91942
-3.91942
-3.91957
-3.91957
-3.91927
-3.91927
-3.91911
-3.91911
-3.91926
-3.91926
-3.91911
-3.91911
-3.91941
-3.91941
-3.91957
-3.91972
-3.91972
-3.91972
-3.91972
-3.91972
-3.91956
-3.91972
-3.91972
-3.91987
-3.91956
-3.91941
-3.91941
-3.91926
-3.91941
-3.91881
-3.91881
-3.91896
-3.91896
-3.91926
-3.91926
-3.91911
-3.91896
-3.91896
-3.91896
-3.91941
-3.91941
-3.91941
-3.91926
-3.91926
-3.91926
-3.91926
-3.91941
-3.91957
-3.92017
-3.92047
-3.92062
-3.92047
-3.92062
-3.92078
-3.92062
-3.92062
-3.92047
-3.92062
-3.92078
-3.92078
-3.92032
-3.92032
-3.92063
-3.92063
-3.92063
-3.92047
-3.92032
-3.92017
-3.92017
-3.92032
-3.92063
-3.92078
-3.92078
-3.92078
-3.92078
-3.92047
-3.92032
-3.92017
-3.92017
-3.92002
-3.92017
-3.92032
-3.92017
-3.92017
-3.92047
-3.92032
-3.92078
-3.92078
-3.92078
-3.92078
-3.92108
-3.92108
-3.92093
-3.92093
-3.92063
-3.92032
-3.92017
-3.92017
-3.92032
-3.92032
-3.92032
-3.92032
-3.92078
-3.92093
-3.92093
-3.92093
-3.92078
-3.92062
-3.92078
-3.92078
-3.92123
-3.92123
-3.92123
-3.92108
-3.92153
-3.92168
-3.92168
-3.92183
-3.92153
-3.92153
-3.92123
-3.92108
-3.92093
-3.92093
-3.92108
-3.92108
-3.92093
-3.92093
-3.92108
-3.92093
-3.92093
-3.92093
-3.92123
-3.92138
-3.92138
-3.92183
-3.92198
-3.92198
-3.92198
-3.92274
-3.92259
-3.92274
-3.92274
-3.92259
-3.92244
-3.92244
-3.92229
-3.92214
-3.92229
-3.92259
-3.92229
-3.92199
-3.92214
-3.92229
-3.92214
-3.92214
-3.92229
-3.92199
-3.92184
-3.92199
-3.92153
-3.92123
-3.92123
-3.92108
-3.92093
-3.92093
-3.92108
-3.92108
-3.92078
-3.92093
-3.92078
-3.92078
-3.92093
-3.92093
-3.92108
-3.92093
-3.92093
-3.92108
-3.92093
-3.92093
-3.92078
-3.92093
-3.92078
-3.92063
-3.92093
-3.92063
-3.92063
-3.92063
-3.92078
-3.92078
-3.92078
-3.92093
-3.92078
-3.92063
-3.92063
-3.92078
-3.92078
-3.92093
-3.92093
-3.92063
-3.92048
-3.92033
-3.92018
-3.91972
-3.91942
-3.91957
-3.91897
-3.91897
-3.91897
-3.91912
-3.91912
-3.91942
-3.91927
-3.91942
-3.91942
-3.91957
-3.91987
-3.91972
-3.91987
-3.91987
-3.91987
-3.92018
-3.92048
-3.92048
-3.92063
-3.92063
-3.92063
-3.92033
-3.92033
-3.92002
-3.91987
-3.91972
-3.91987
-3.91987
-3.91987
-3.92017
-3.92002
-3.92002
-3.91987
-3.92032
-3.92047
-3.92002
-3.91987
-3.91957
-3.91972
-3.91987
-3.91957
-3.91942
-3.91972
-3.91972
-3.91926
-3.91911
-3.91942
-3.91942
-3.91926
-3.91926
-3.91926
-3.91911
-3.91911
-3.91896
-3.91896
-3.91926
-3.91926
-3.91941
-3.91957
-3.91972
-3.91972
-3.91957
-3.91957
-3.92002
-3.92002
-3.91987
-3.91972
-3.91987
-3.91987
-3.92002
-3.92047
-3.92062
-3.92077
-3.92077
-3.92093
-3.92108
-3.92138
-3.92153
-3.92153
-3.92168
-3.92168
-3.92138
-3.92153
-3.92168
-3.92183
-3.92214
-3.92214
-3.92244
-3.92244
-3.92244
-3.92229
-3.92274
-3.92274
-3.92274
-3.92289
-3.92259
-3.92259
-3.92274
-3.92259
-3.92259
-3.92259
-3.92259
-3.92259
-3.92274
-3.92289
-3.92274
-3.92274
-3.92289
-3.92304
-3.92304
-3.92289
-3.92289
-3.92304
-3.92304
-3.92304
-3.92304
-3.92304
-3.92335
-3.92335
-3.92289
-3.92289
-3.92304
-3.92289
-3.92289
-3.92274
-3.92244
-3.92259
-3.92244
-3.92259
-3.92259
-3.92259
-3.92259
-3.92259
-3.92244
-3.92259
-3.92213
-3.92228
-3.92228
-3.92228
-3.92274
-3.92289
-3.92274
-3.92259
-3.92274
-3.92289
-3.92289
-3.92304
-3.92319
-3.92319
-3.92319
-3.92319
-3.92349
-3.92319
-3.92319
-3.92319
-3.92334
-3.92319
-3.92319
-3.92304
-3.92304
-3.92304
-3.92289
-3.92304
-3.92289
-3.92244
-3.92229
-3.92244
-3.92259
-3.92259
-3.92244
-3.92214
-3.92229
-3.92304
-3.92289
-3.92289
-3.92304
-3.92304
-3.92304
-3.92304
-3.9232
-3.92304
-3.9232
-3.92304
-3.92305
-3.92335
-3.92335
-3.9238
-3.92365
-3.9232
-3.9232
-3.92335
-3.9235
-3.92365
-3.9238
-3.92411
-3.92411
-3.92411
-3.92411
-3.92426
-3.92411
-3.92411
-3.92411
-3.92426
-3.92426
-3.92441
-3.92456
-3.92441
-3.92471
-3.92471
-3.92486
-3.92486
-3.92501
-3.92471
-3.92486
-3.92486
-3.92471
-3.92471
-3.92471
-3.92456
-3.92426
-3.92441
-3.9241
-3.9241
-3.92395
-3.92395
-3.92395
-3.92395
-3.92395
-3.9238
-3.9241
-3.92441
-3.92456
-3.92471
-3.9244
-3.9244
-3.92486
-3.92486
-3.92501
-3.92456
-3.92456
-3.92425
-3.92425
-3.9241
-3.92395
-3.9238
-3.9241
-3.92395
-3.92395
-3.9241
-3.9241
-3.9241
-3.9235
-3.92319
-3.92319
-3.92319
-3.92304
-3.92289
-3.92304
-3.92304
-3.92289
-3.92274
-3.92304
-3.92304
-3.92289
-3.92304
-3.92274
-3.92289
-3.92244
-3.92244
-3.92244
-3.92244
-3.92229
-3.92229
-3.92214
-3.92198
-3.92213
-3.92229
-3.92213
-3.92213
-3.92244
-3.92244
-3.92244
-3.92213
-3.92198
-3.92198
-3.92244
-3.92274
-3.92259
-3.92274
-3.92274
-3.92319
-3.92319
-3.92289
-3.92304
-3.92334
-3.92304
-3.92289
-3.92304
-3.92319
-3.92319
-3.92319
-3.92319
-3.92289
-3.92289
-3.92304
-3.92304
-3.92274
-3.92289
-3.92304
-3.92304
-3.92319
-3.92349
-3.92334
-3.92334
-3.92334
-3.92274
-3.92274
-3.92289
-3.92304
-3.92304
-3.92244
-3.92274
-3.92259
-3.92198
-3.92168
-3.92183
-3.92183
-3.92183
-3.92168
-3.92168
-3.92168
-3.92183
-3.92168
-3.92138
-3.92138
-3.92093
-3.92123
-3.92123
-3.92093
-3.92093
-3.92078
-3.92048
-3.92017
-3.92017
-3.92033
-3.92033
-3.91987
-3.91987
-3.91942
-3.91942
-3.91912
-3.91927
-3.91897
-3.91882
-3.91897
-3.91897
-3.91897
-3.91927
-3.91927
-3.91927
-3.91912
-3.91927
-3.91927
-3.91912
-3.91912
-3.91897
-3.91821
-3.91836
-3.91866
-3.91866
-3.91882
-3.91897
-3.91866
-3.91866
-3.91866
-3.91836
-3.91806
-3.91821
-3.91821
-3.91821
-3.91821
-3.91806
-3.91791
-3.91776
-3.91776
-3.91776
-3.91806
-3.91851
-3.91851
-3.91851
-3.91851
-3.91851
-3.91836
-3.91821
-3.91836
-3.91821
-3.91821
-3.91851
-3.91836
-3.91836
-3.91821
-3.91821
-3.91821
-3.91851
-3.91851
-3.91851
-3.91851
-3.91851
-3.91836
-3.9179
-3.91775
-3.9173
-3.917
-3.91715
-3.9173
-3.917
-3.917
-3.91685
-3.9167
-3.917
-3.91715
-3.91715
-3.917
-3.9173
-3.91745
-3.9176
-3.91745
-3.91715
-3.91715
-3.9173
-3.9173
-3.91715
-3.9173
-3.9173
-3.91715
-3.9173
-3.91715
-3.917
-3.91715
-3.91715
-3.917
-3.91685
-3.917
-3.9173
-3.9176
-3.91776
-3.91776
-3.91791
-3.91821
-3.91821
-3.91851
-3.91851
-3.91866
-3.91881
-3.91866
-3.91881
-3.91881
-3.91912
-3.91927
-3.91942
-3.91957
-3.91987
-3.92018
-3.92002
-3.91987
-3.91987
-3.91942
-3.91942
-3.91957
-3.91897
-3.91897
-3.91927
-3.91897
-3.91897
-3.91897
-3.91942
-3.91957
-3.91957
-3.91957
-3.91957
-3.91957
-3.91957
-3.91957
-3.91942
-3.91942
-3.91927
-3.91912
-3.91927
-3.91897
-3.91897
-3.91897
-3.91867
-3.91882
-3.91852
-3.91867
-3.91852
-3.91867
-3.91882
-3.91897
-3.91942
-3.91942
-3.91942
-3.91973
-3.92003
-3.91988
-3.91988
-3.91988
-3.92003
-3.92003
-3.92003
-3.92063
-3.92078
-3.92093
-3.92109
-3.92093
-3.92063
-3.92033
-3.92003
-3.92003
-3.92003
-3.92003
-3.92048
-3.92048
-3.92003
-3.92048
-3.92018
-3.92033
-3.92048
-3.92048
-3.92063
-3.92063
-3.92078
-3.92063
-3.92093
-3.92093
-3.92063
-3.92093
-3.92108
-3.92108
-3.92108
-3.92093
-3.92078
-3.92078
-3.92078
-3.92078
-3.92078
-3.92093
-3.92063
-3.92002
-3.92002
-3.91942
-3.91897
-3.91897
-3.91912
-3.91897
-3.91912
-3.91912
-3.91882
-3.91851
-3.91851
-3.91836
-3.91866
-3.91881
-3.91881
-3.91897
-3.91927
-3.91927
-3.91942
-3.91957
-3.91942
-3.91942
-3.91942
-3.91927
-3.91881
-3.91836
-3.91821
-3.91806
-3.91791
-3.91791
-3.91776
-3.9176
-3.9176
-3.9176
-3.91791
-3.91791
-3.91806
-3.91806
-3.91866
-3.91866
-3.91851
-3.91836
-3.91821
-3.91821
-3.91821
-3.91821
-3.91851
-3.91866
-3.91881
-3.91881
-3.91881
-3.91866
-3.91851
-3.91866
-3.91881
-3.91851
-3.91851
-3.91866
-3.91866
-3.91866
-3.91866
-3.91836
-3.91836
-3.91806
-3.91821
-3.91821
-3.91851
-3.91821
-3.91836
-3.91851
-3.91896
-3.91896
-3.91911
-3.91911
-3.91911
-3.91896
-3.91896
-3.91896
-3.91881
-3.91896
-3.91836
-3.91836
-3.91836
-3.91851
-3.91851
-3.91866
-3.91851
-3.91851
-3.91836
-3.91836
-3.91821
-3.91836
-3.91836
-3.91821
-3.91821
-3.91806
-3.9179
-3.9179
-3.9179
-3.9179
-3.9179
-3.9179
-3.91775
-3.9176
-3.91775
-3.9176
-3.9176
-3.9173
-3.91745
-3.91745
-3.91745
-3.91745
-3.91745
-3.91775
-3.9176
-3.9176
-3.91745
-3.9173
-3.91685
-3.91685
-3.91685
-3.91685
-3.917
-3.91685
-3.917
-3.917
-3.91715
-3.9173
-3.91715
-3.9173
-3.9173
-3.9173
-3.917
-3.91685
-3.91655
-3.91655
-3.91655
-3.91655
-3.9164
-3.91625
-3.91625
-3.91625
-3.9164
-3.91625
-3.91625
-3.91625
-3.9164
-3.91655
-3.91655
-3.91655
-3.9164
-3.9164
-3.91685
-3.91685
-3.91685
-3.91686
-3.91686
-3.91701
-3.9167
-3.9167
-3.9167
-3.91671
-3.91716
-3.91746
-3.91791
-3.91791
-3.91791
-3.91806
-3.91837
-3.91822
-3.91806
-3.91837
-3.91837
-3.91852
-3.91882
-3.91882
-3.91867
-3.91852
-3.91867
-3.91912
-3.91897
-3.91882
-3.91852
-3.91852
-3.91852
-3.91791
-3.91776
-3.91806
-3.91761
-3.91761
-3.91806
-3.91821
-3.91806
-3.91806
-3.91806
-3.91791
-3.91791
-3.91791
-3.91761
-3.91791
-3.91761
-3.91746
-3.91746
-3.91761
-3.91745
-3.91745
-3.91761
-3.91776
-3.91776
-3.91791
-3.91806
-3.91806
-3.91821
-3.91836
-3.91851
-3.91866
-3.91866
-3.91851
-3.91836
-3.91866
-3.91851
-3.91836
-3.91851
-3.91851
-3.91836
-3.91836
-3.91821
-3.91821
-3.91806
-3.9176
-3.91745
-3.91745
-3.91745
-3.9173
-3.917
-3.9173
-3.9173
-3.9173
-3.9176
-3.9173
-3.9173
-3.91776
-3.91776
-3.91776
-3.91791
-3.91821
-3.91821
-3.91851
-3.91866
-3.91881
-3.91821
-3.91836
-3.91836
-3.91851
-3.91851
-3.91866
-3.91881
-3.91881
-3.91912
-3.91927
-3.91927
-3.91927
-3.91927
-3.91912
-3.91927
-3.91942
-3.91942
-3.91942
-3.91942
-3.91896
-3.91896
-3.91912
-3.91942
-3.91912
-3.91927
-3.91896
-3.91896
-3.91912
-3.91912
-3.91912
-3.91927
-3.91927
-3.91957
-3.91957
-3.91957
-3.91972
-3.91987
-3.92002
-3.92032
-3.92032
-3.92032
-3.92017
-3.92002
-3.91972
-3.91987
-3.91987
-3.92002
-3.91972
-3.91972
-3.91957
-3.91942
-3.91942
-3.91942
-3.91957
-3.91972
-3.91957
-3.91912
-3.91912
-3.91912
-3.91897
-3.91897
-3.91912
-3.91912
-3.91927
-3.91927
-3.91927
-3.91912
-3.91927
-3.91927
-3.91912
-3.91927
-3.91927
-3.91927
-3.91897
-3.91897
-3.91942
-3.91957
-3.91942
-3.91942
-3.91957
-3.91957
-3.91942
-3.91927
-3.91957
-3.91988
-3.91972
-3.91957
-3.91972
-3.91988
-3.91988
-3.92003
-3.91988
-3.91972
-3.91957
-3.91957
-3.92003
-3.91988
-3.92018
-3.92033
-3.92033
-3.92033
-3.92018
-3.92003
-3.92003
-3.91988
-3.91957
-3.91972
-3.91972
-3.91988
-3.91957
-3.91972
-3.91957
-3.91942
-3.91957
-3.91972
-3.92003
-3.92003
-3.92018
-3.92033
-3.92033
-3.92048
-3.92063
-3.92078
-3.92108
-3.92093
-3.92078
-3.92048
-3.92048
-3.92048
-3.92063
-3.92063
-3.92078
-3.92033
-3.92002
-3.92017
-3.92002
-3.92002
-3.92002
-3.91972
-3.91972
-3.91957
-3.91957
-3.91957
-3.91957
-3.91987
-3.91987
-3.91987
-3.91987
-3.91987
-3.92018
-3.92018
-3.92018
-3.92033
-3.92033
-3.92033
-3.92033
-3.92033
-3.92003
-3.92003
-3.92018
-3.91988
-3.92033
-3.92033
-3.92048
-3.92048
-3.92003
-3.92003
-3.91988
-3.91972
-3.91957
-3.91957
-3.91942
-3.91957
-3.91957
-3.91957
-3.91957
-3.91988
-3.91988
-3.91957
-3.91972
-3.91957
-3.91972
-3.92003
-3.92033
-3.92018
-3.92003
-3.92048
-3.92048
-3.92048
-3.92033
-3.92002
-3.91987
-3.92002
-3.91987
-3.91987
-3.91957
-3.91972
-3.91942
-3.91942
-3.91957
-3.91942
-3.91972
-3.91911
-3.91942
-3.91942
-3.91957
-3.91957
-3.91957
-3.91987
-3.92002
-3.92002
-3.92002
-3.92017
-3.92017
-3.92017
-3.92017
-3.91972
-3.91957
-3.91941
-3.91941
-3.91941
-3.91957
-3.91972
-3.92002
-3.91972
-3.91972
-3.91972
-3.91972
-3.91957
-3.91957
-3.91957
-3.91942
-3.91911
-3.91926
-3.91926
-3.91942
-3.91957
-3.91957
-3.91942
-3.91911
-3.91911
-3.91927
-3.91927
-3.91927
-3.91942
-3.91942
-3.91957
-3.91972
-3.91957
-3.91972
-3.91972
-3.91957
-3.91957
-3.91987
-3.91972
-3.91987
-3.91972
-3.91972
-3.91942
-3.91942
-3.91942
-3.91942
-3.91942
-3.91942
-3.91942
-3.91927
-3.91942
-3.91973
-3.91942
-3.91942
-3.91927
-3.91927
-3.91927
-3.91973
-3.91942
-3.91943
-3.91943
-3.91943
-3.91958
-3.91943
-3.91943
-3.91943
-3.91912
-3.91912
-3.91912
-3.91928
-3.91928
-3.91912
-3.91912
-3.91928
-3.91943
-3.91973
-3.91973
-3.91958
-3.92003
-3.92003
-3.91988
-3.92018
-3.92003
-3.91988
-3.91988
-3.91943
-3.91943
-3.91943
-3.91958
-3.91943
-3.91973
-3.91973
-3.91943
-3.91958
-3.91958
-3.91912
-3.91927
-3.91897
-3.91867
-3.91852
-3.91822
-3.91822
-3.91837
-3.91867
-3.91852
-3.91837
-3.91852
-3.91867
-3.91912
-3.91912
-3.91927
-3.91942
-3.91927
-3.91927
-3.91912
-3.91912
-3.91897
-3.91927
-3.91942
-3.91973
-3.91957
-3.91973
-3.91927
-3.91912
-3.91882
-3.91882
-3.91897
-3.91897
-3.91897
-3.91912
-3.91897
-3.91882
-3.91852
-3.91897
-3.91897
-3.91912
-3.91927
-3.91912
-3.91927
-3.91957
-3.91987
-3.91972
-3.91987
-3.91987
-3.91972
-3.92003
-3.91987
-3.91987
-3.92003
-3.91987
-3.91987
-3.91972
-3.91957
-3.91987
-3.91972
-3.91972
-3.91972
-3.92002
-3.92018
-3.92018
-3.92018
-3.92018
-3.92033
-3.92018
-3.92033
-3.92018
-3.92033
-3.92033
-3.92048
-3.92018
-3.92033
-3.92018
-3.92003
-3.91972
-3.91927
-3.91927
-3.91912
-3.91927
-3.91957
-3.91972
-3.91987
-3.92003
-3.91988
-3.91988
-3.91988
-3.92018
-3.92003
-3.92003
-3.91988
-3.91988
-3.92003
-3.92033
-3.92033
-3.92033
-3.92018
-3.92018
-3.92003
-3.92003
-3.92003
-3.91988
-3.91972
-3.91957
-3.91972
-3.91972
-3.91927
-3.91942
-3.91957
-3.91942
-3.91942
-3.91912
-3.91927
-3.91942
-3.91927
-3.91912
-3.91882
-3.91867
-3.91912
-3.91897
-3.91897
-3.91882
-3.91897
-3.91897
-3.91897
-3.91927
-3.91957
-3.91972
-3.91957
-3.91957
-3.91957
-3.91987
-3.92002
-3.92002
-3.91987
-3.91987
-3.92033
-3.92017
-3.92033
-3.92033
-3.92063
-3.92063
-3.92063
-3.92048
-3.92033
-3.92063
-3.92078
-3.92078
-3.92078
-3.92078
-3.92078
-3.92093
-3.92138
-3.92153
-3.92153
-3.92153
-3.92153
-3.92168
-3.92153
-3.92153
-3.92108
-3.92093
-3.92093
-3.92108
-3.92063
-3.92048
-3.92048
-3.92017
-3.92017
-3.92017
-3.92033
-3.92048
-3.92002
-3.91972
-3.91972
-3.92017
-3.92017
-3.92002
-3.92018
-3.92018
-3.92033
-3.92033
-3.91972
-3.91957
-3.91957
-3.91942
-3.91987
-3.92003
-3.92018
-3.92018
-3.92048
-3.92048
-3.92048
-3.92093
-3.92093
-3.92093
-3.92109
-3.92109
-3.92094
-3.92109
-3.92109
-3.92094
-3.92094
-3.92094
-3.92109
-3.92094
-3.92064
-3.92064
-3.92048
-3.92033
-3.92018
-3.92033
-3.92033
-3.92049
-3.92034
-3.92018
-3.92018
-3.92049
-3.92034
-3.92064
-3.92079
-3.92109
-3.92094
-3.92109
-3.92094
-3.92109
-3.92094
-3.92094
-3.92079
-3.92079
-3.92109
-3.92109
-3.92124
-3.92124
-3.92139
-3.92109
-3.92094
-3.92139
-3.92139
-3.92124
-3.92094
-3.92079
-3.92079
-3.92079
-3.92094
-3.92064
-3.92064
-3.92033
-3.92033
-3.92033
-3.92033
-3.92003
-3.92033
-3.92048
-3.92048
-3.92048
-3.92063
-3.92079
-3.92094
-3.92078
-3.92094
-3.92124
-3.92124
-3.92124
-3.92154
-3.92139
-3.92139
-3.92124
-3.92108
-3.92139
-3.92154
-3.92139
-3.92139
-3.92139
-3.92139
-3.92139
-3.92123
-3.92123
-3.92078
-3.92093
-3.92123
-3.92123
-3.92108
-3.92078
-3.92093
-3.92078
-3.92048
-3.92033
-3.92017
-3.92017
-3.92033
-3.92048
-3.92063
-3.92048
-3.92048
-3.92048
-3.92048
-3.92017
-3.92033
-3.92002
-3.92002
-3.92002
-3.92048
-3.92048
-3.92048
-3.92032
-3.92048
-3.92063
-3.92063
-3.92063
-3.92078
-3.92078
-3.92078
-3.92093
-3.92093
-3.92093
-3.92123
-3.92108
-3.92123
-3.92138
-3.92123
-3.92093
-3.92093
-3.92093
-3.92108
-3.92108
-3.92138
-3.92123
-3.92108
-3.92093
-3.92108
-3.92093
-3.92093
-3.92078
-3.92078
-3.92078
-3.92078
-3.92078
-3.92063
-3.92078
-3.92108
-3.92108
-3.92093
-3.92108
-3.92093
-3.92093
-3.92108
-3.92093
-3.92108
-3.92123
-3.92093
-3.92078
-3.92078
-3.92063
-3.92033
-3.92018
-3.92018
-3.92003
-3.91942
-3.91942
-3.91987
-3.91972
-3.91972
-3.91987
-3.91972
-3.91987
-3.91972
-3.91987
-3.91987
-3.91987
-3.91957
-3.91957
-3.91972
-3.91972
-3.91987
-3.91972
-3.91957
-3.91927
-3.91912
-3.91927
-3.91927
-3.91942
-3.91927
-3.91927
-3.91912
-3.91897
-3.91882
-3.91912
-3.91942
-3.91927
-3.91912
-3.91912
-3.91927
-3.91897
-3.91897
-3.91897
-3.91867
-3.91852
-3.91837
-3.91882
-3.91867
-3.91897
-3.91912
-3.91897
-3.91867
-3.91882
-3.91867
-3.91852
-3.91867
-3.91867
-3.91852
-3.91852
-3.91822
-3.91807
-3.91791
-3.91807
-3.91807
-3.91807
-3.91807
-3.91822
-3.91822
-3.91792
-3.91807
-3.91792
-3.91776
-3.91792
-3.91807
-3.91867
-3.91852
-3.91822
-3.91822
-3.91822
-3.91837
-3.91837
-3.91837
-3.91867
-3.91822
-3.91822
-3.91837
-3.91822
-3.91807
-3.91792
-3.91792
-3.91792
-3.91776
-3.91776
-3.91761
-3.91761
-3.91776
-3.91822
-3.91822
-3.91807
-3.91791
-3.91761
-3.91761
-3.91746
-3.91746
-3.91731
-3.91731
-3.91731
-3.91746
-3.91761
-3.91731
-3.91731
-3.91716
-3.91746
-3.91731
-3.91746
-3.91761
-3.91776
-3.91791
-3.91776
-3.91761
-3.91746
-3.91761
-3.91776
-3.91791
-3.91791
-3.91776
-3.91761
-3.91746
-3.91761
-3.91776
-3.91776
-3.91761
-3.91776
-3.91761
-3.91746
-3.91761
-3.91761
-3.91746
-3.91761
-3.91761
-3.91761
-3.91746
-3.91761
-3.91761
-3.91746
-3.91761
-3.91761
-3.91776
-3.91761
-3.91791
-3.91806
-3.91791
-3.91836
-3.91821
-3.91791
-3.91776
-3.91776
-3.91791
-3.91776
-3.91791
-3.91806
-3.91775
-3.91745
-3.9176
-3.91745
-3.91745
-3.9176
-3.91775
-3.9176
-3.9176
-3.9173
-3.917
-3.91715
-3.91745
-3.91745
-3.9176
-3.9176
-3.91806
-3.91806
-3.9179
-3.9179
-3.91775
-3.9179
-3.9179
-3.91806
-3.91775
-3.9176
-3.91745
-3.9176
-3.91745
-3.91745
-3.91775
-3.91791
-3.91791
-3.91806
-3.91821
-3.91821
-3.91836
-3.91821
-3.91836
-3.91836
-3.91806
-3.91821
-3.91791
-3.91821
-3.91821
-3.91836
-3.91836
-3.91836
-3.91806
-3.91791
-3.91791
-3.91776
-3.91791
-3.91791
-3.91791
-3.91806
-3.91836
-3.91821
-3.91821
-3.91821
-3.91836
-3.91806
-3.91791
-3.91806
-3.91791
-3.91791
-3.91791
-3.91776
-3.91746
-3.91746
-3.91731
-3.91746
-3.91791
-3.91821
-3.91821
-3.91806
-3.91776
-3.91806
-3.91821
-3.91821
-3.91791
-3.91821
-3.91851
-3.91821
-3.91806
-3.91806
-3.91791
-3.91791
-3.91761
-3.91761
-3.91731
-3.91685
-3.9167
-3.91655
-3.9167
-3.91655
-3.9164
-3.91655
-3.917
-3.917
-3.917
-3.91685
-3.917
-3.917
-3.91715
-3.91715
-3.91715
-3.9173
-3.9173
-3.9173
-3.9173
-3.91715
-3.91715
-3.9173
-3.9173
-3.9173
-3.9173
-3.91745
-3.91745
-3.91745
-3.91745
-3.917
-3.91715
-3.9173
-3.9176
-3.9176
-3.91745
-3.91761
-3.91745
-3.91761
-3.91761
-3.9173
-3.9173
-3.9173
-3.9173
-3.9173
-3.91715
-3.91746
-3.91715
-3.91715
-3.9173
-3.9173
-3.91761
-3.91776
-3.91776
-3.91791
-3.91791
-3.91806
-3.91821
-3.91806
-3.91821
-3.91821
-3.91791
-3.91776
-3.91791
-3.91776
-3.91806
-3.91776
-3.91761
-3.91731
-3.91746
-3.91731
-3.91731
-3.91685
-3.91685
-3.91685
-3.91685
-3.91685
-3.9167
-3.9167
-3.91655
-3.9164
-3.91625
-3.91625
-3.9161
-3.9164
-3.9161
-3.91625
-3.91625
-3.9164
-3.9164
-3.9161
-3.9161
-3.91625
-3.91609
-3.91625
-3.9164
-3.91655
-3.9164
-3.91625
-3.91655
-3.91625
-3.91609
-3.91594
-3.91579
-3.91609
-3.91609
-3.91625
-3.91609
-3.9164
-3.91685
-3.9167
-3.91655
-3.91655
-3.91655
-3.91655
-3.91655
-3.91655
-3.9167
-3.91685
-3.9167
-3.91685
-3.91685
-3.91685
-3.917
-3.91685
-3.917
-3.91715
-3.91715
-3.91715
-3.9173
-3.91745
-3.91745
-3.91761
-3.91761
-3.91761
-3.91761
-3.9173
-3.91761
-3.91761
-3.91776
-3.91761
-3.9173
-3.91745
-3.91745
-3.91745
-3.91715
-3.91715
-3.917
-3.917
-3.91685
-3.9167
-3.91685
-3.91655
-3.9167
-3.9164
-3.91655
-3.91625
-3.91655
-3.91685
-3.9167
-3.91655
-3.91685
-3.91685
-3.917
-3.917
-3.91685
-3.91685
-3.91685
-3.91685
-3.91685
-3.9167
-3.91655
-3.9164
-3.91625
-3.9161
-3.91595
-3.91625
-3.91595
-3.91564
-3.91534
-3.91534
-3.91534
-3.91519
-3.91534
-3.91504
-3.91549
-3.91519
-3.91489
-3.91474
-3.91474
-3.91504
-3.91489
-3.91504
-3.91489
-3.91504
-3.91519
-3.91519
-3.91504
-3.91519
-3.91519
-3.91519
-3.91519
-3.91519
-3.91504
-3.91489
-3.91489
-3.91489
-3.91504
-3.91489
-3.91504
-3.91519
-3.91504
-3.91504
-3.91504
-3.91504
-3.91489
-3.91519
-3.91519
-3.91519
-3.91489
-3.91474
-3.91459
-3.91443
-3.91443
-3.91428
-3.91459
-3.91459
-3.91489
-3.91474
-3.91474
-3.91459
-3.91459
-3.91504
-3.91489
-3.91504
-3.91504
-3.91504
-3.91489
-3.91489
-3.91504
-3.91519
-3.91519
-3.91519
-3.91519
-3.91519
-3.91504
-3.91534
-3.91549
-3.91564
-3.91564
-3.9161
-3.9161
-3.9161
-3.91564
-3.91564
-3.91549
-3.91549
-3.91549
-3.91549
-3.91549
-3.91564
-3.91564
-3.91594
-3.9161
-3.9161
-3.91625
-3.91625
-3.91625
-3.91625
-3.91625
-3.9164
