-5.0725
-5.07298
-5.07328
-5.0737
-5.07408
-5.07413
-5.07445
-5.07427
-5.07421
-5.07457
-5.07489
-5.07486
-5.0751
-5.07515
-5.0753
-5.07542
-5.07504
-5.07477
-5.07491
-5.07471
-5.07461
-5.07448
-5.0737
-5.07349
-5.07323
-5.07263
-5.07169
-5.07117
-5.07015
-5.0694
-5.06846
-5.06778
-5.06707
-5.06648
-5.06586
-5.06505
-5.06467
-5.0638
-5.06291
-5.06184
-5.06105
-5.06009
-5.05911
-5.05857
-5.0574
-5.05683
-5.05534
-5.0543
-5.05325
-5.05205
-5.05114
-5.05009
-5.04889
-5.04784
-5.04681
-5.04594
-5.04493
-5.04394
-5.04282
-5.04202
-5.04095
-5.0396
-5.03919
-5.03851
-5.03742
-5.03696
-5.0361
-5.03527
-5.03449
-5.0339
-5.03336
-5.03287
-5.03242
-5.03188
-5.03168
-5.03109
-5.03099
-5.03064
-5.0305
-5.0304
-5.03035
-5.0302
-5.03039
-5.03017
-5.0303
-5.03031
-5.03037
-5.03075
-5.03117
-5.03147
-5.0321
-5.03229
-5.03251
-5.03274
-5.03328
-5.03369
-5.0341
-5.03451
-5.03477
-5.03502
-5.03556
-5.03594
-5.03586
-5.03621
-5.03653
-5.03728
-5.03755
-5.03779
-5.038
-5.03787
-5.0377
-5.03779
-5.03753
-5.03754
-5.03749
-5.03755
-5.03726
-5.03722
-5.03667
-5.03653
-5.03649
-5.0361
-5.03565
-5.03515
-5.03475
-5.0343
-5.03365
-5.03295
-5.03221
-5.03141
-5.03057
-5.02969
-5.02876
-5.02779
-5.02709
-5.02574
-5.02496
-5.024
-5.02301
-5.02214
-5.02109
-5.01956
-5.01817
-5.01705
-5.01577
-5.01447
-5.01331
-5.01198
-5.01065
-5.00931
-5.00812
-5.00692
-5.00527
-5.00378
-5.00244
-5.00096
-4.99948
-4.99786
-4.99656
-4.99512
-4.99369
-4.99243
-4.99119
-4.98937
-4.98832
-4.98729
-4.98644
-4.98532
-4.98422
-4.98345
-4.98226
-4.98125
-4.98043
-4.97994
-4.97933
-4.97876
-4.97792
-4.97711
-4.97605
-4.97532
-4.97434
-4.9737
-4.97325
-4.97269
-4.97218
-4.97201
-4.97144
-4.97107
-4.97059
-4.97077
-4.97054
-4.97052
-4.97069
-4.97032
-4.9703
-4.97033
-4.97026
-4.9704
-4.97044
-4.97053
-4.97082
-4.97117
-4.97172
-4.97218
-4.97238
-4.97233
-4.97324
-4.97359
-4.97413
-4.97472
-4.97551
-4.97633
-4.97765
-4.97855
-4.97963
-4.98059
-4.98158
-4.98229
-4.98318
-4.98408
-4.98529
-4.98592
-4.9867
-4.98778
-4.98916
-4.99024
-4.9916
-4.9928
-4.99368
-4.99439
-4.99582
-4.99677
-4.99753
-4.9984
-4.99923
-4.99971
-5.00074
-5.00141
-5.00187
-5.00258
-5.00307
-5.00349
-5.00384
-5.00427
-5.00448
-5.00447
-5.00453
-5.00436
-5.00412
-5.00396
-5.00417
-5.00401
-5.00378
-5.00348
-5.00282
-5.00254
-5.00175
-5.00106
-5.00017
-4.99924
-4.99841
-4.99741
-4.99652
-4.99562
-4.99456
-4.99334
-4.99258
-4.99168
-4.99126
-4.99056
-4.9899
-4.98898
-4.98796
-4.98716
-4.98643
-4.98563
-4.98521
-4.98488
-4.98495
-4.98452
-4.98451
-4.98445
-4.98497
-4.98545
-4.98606
-4.98648
-4.98733
-4.98815
-4.98909
-4.99031
-4.99148
-4.99232
-4.99342
-4.99477
-4.99637
-4.99822
-5
-5.00202
-5.00395
-5.00565
-5.00801
-5.01012
-5.01197
-5.014
-5.01605
-5.01843
-5.02067
-5.02306
-5.0256
-5.02783
-5.03003
-5.03206
-5.03421
-5.03618
-5.03825
-5.04057
-5.04239
-5.04445
-5.04645
-5.04793
-5.04949
-5.05113
-5.05269
-5.05417
-5.05512
-5.05643
-5.05766
-5.05866
-5.05941
-5.06037
-5.06109
-5.06172
-5.0624
-5.06299
-5.06334
-5.06389
-5.06405
-5.06426
-5.06378
-5.06396
-5.06419
-5.06388
-5.06363
-5.06329
-5.06286
-5.06234
-5.06143
-5.06073
-5.0601
-5.05938
-5.05858
-5.0574
-5.05614
-5.0548
-5.05338
-5.05203
-5.05046
-5.04912
-5.0474
-5.04607
-5.04452
-5.04276
-5.04123
-5.03948
-5.03783
-5.03597
-5.03421
-5.03209
-5.02993
-5.02771
-5.02544
-5.02299
-5.02034
-5.0178
-5.01553
-5.01292
-5.01044
-5.00809
-5.00571
-5.00316
-5.00104
-4.99877
-4.99603
-4.99344
-4.99039
-4.98765
-4.98506
-4.98249
-4.97978
-4.97724
-4.97457
-4.97193
-4.96947
-4.96765
-4.96541
-4.96277
-4.96079
-4.9584
-4.95638
-4.95396
-4.95191
-4.94994
-4.94774
-4.94576
-4.94433
-4.94252
-4.94096
-4.93934
-4.93827
-4.93715
-4.93644
-4.93537
-4.93427
-4.93387
-4.93284
-4.93222
-4.93202
-4.93163
-4.93151
-4.93151
-4.93147
-4.93171
-4.93191
-4.93208
-4.93266
-4.93336
-4.93388
-4.9342
-4.93509
-4.93624
-4.93749
-4.93855
-4.93971
-4.94111
-4.94261
-4.9442
-4.94618
-4.94809
-4.95008
-4.95185
-4.95338
-4.95544
-4.95756
-4.95958
-4.96197
-4.96425
-4.96673
-4.9691
-4.97167
-4.97411
-4.97628
-4.97863
-4.981
-4.98384
-4.98639
-4.98911
-4.99123
-4.99366
-4.99624
-4.99867
-5.0014
-5.00397
-5.00654
-5.00879
-5.01133
-5.01402
-5.01608
-5.01858
-5.02092
-5.02354
-5.02615
-5.02859
-5.03116
-5.03386
-5.03594
-5.0383
-5.04095
-5.04313
-5.04559
-5.04773
-5.05001
-5.05242
-5.05482
-5.0569
-5.05911
-5.06131
-5.0635
-5.06553
-5.06724
-5.06954
-5.07184
-5.07367
-5.0758
-5.07792
-5.08017
-5.08227
-5.08421
-5.08629
-5.08822
-5.09043
-5.09264
-5.09469
-5.09688
-5.09891
-5.10079
-5.10235
-5.10421
-5.1062
-5.10834
-5.11047
-5.11259
-5.11455
-5.11634
-5.11827
-5.11989
-5.12194
-5.12399
-5.12632
-5.12833
-5.13018
-5.13216
-5.13413
-5.13579
-5.13757
-5.13919
-5.14109
-5.14282
-5.14469
-5.14669
-5.14867
-5.15018
-5.15182
-5.15359
-5.15519
-5.15678
-5.15819
-5.15959
-5.16066
-5.16217
-5.16351
-5.16514
-5.16674
-5.16833
-5.16975
-5.17115
-5.17238
-5.17375
-5.17525
-5.17659
-5.17852
-5.17937
-5.18082
-5.1818
-5.18292
-5.18448
-5.18557
-5.18666
-5.18788
-5.18894
-5.19
-5.19119
-5.19237
-5.19309
-5.1938
-5.1951
-5.19625
-5.19708
-5.19805
-5.19901
-5.20026
-5.20119
-5.20257
-5.20378
-5.20482
-5.2063
-5.20747
-5.20861
-5.20958
-5.21052
-5.2116
-5.21219
-5.21305
-5.21404
-5.21469
-5.21515
-5.21573
-5.21626
-5.21645
-5.2169
-5.21745
-5.2181
-5.21839
-5.21893
-5.21926
-5.21937
-5.21973
-5.22001
-5.21977
-5.21947
-5.21924
-5.21878
-5.2187
-5.21838
-5.21814
-5.21766
-5.2174
-5.21675
-5.21616
-5.21533
-5.21442
-5.21326
-5.212
-5.21081
-5.20968
-5.2083
-5.20653
-5.20526
-5.2036
-5.20185
-5.19986
-5.19808
-5.19606
-5.19394
-5.19159
-5.18931
-5.18723
-5.18493
-5.18209
-5.17947
-5.17678
-5.17416
-5.17146
-5.1687
-5.16557
-5.16237
-5.15911
-5.15594
-5.15257
-5.14929
-5.14612
-5.14275
-5.13934
-5.13589
-5.1327
-5.12949
-5.12564
-5.12223
-5.11865
-5.1152
-5.11144
-5.10783
-5.10467
-5.1009
-5.09745
-5.09386
-5.09044
-5.08704
-5.08381
-5.08031
-5.077
-5.07373
-5.0702
-5.06672
-5.06344
-5.06022
-5.05705
-5.05395
-5.05107
-5.04841
-5.04538
-5.04243
-5.03971
-5.03722
-5.03483
-5.03268
-5.03033
-5.02807
-5.02576
-5.02401
-5.02207
-5.02023
-5.01851
-5.01689
-5.01555
-5.01416
-5.01275
-5.0119
-5.01087
-5.01011
-5.00917
-5.00851
-5.00796
-5.00754
-5.00708
-5.00675
-5.00653
-5.00674
-5.00706
-5.00765
-5.00821
-5.00812
-5.00875
-5.00964
-5.01034
-5.01114
-5.01189
-5.01335
-5.01445
-5.01595
-5.01753
-5.01876
-5.02036
-5.02205
-5.02381
-5.02564
-5.0277
-5.02966
-5.03169
-5.03392
-5.03605
-5.03793
-5.04045
-5.04256
-5.04516
-5.04748
-5.04938
-5.0519
-5.05429
-5.05668
-5.05924
-5.06149
-5.06435
-5.06689
-5.06928
-5.07195
-5.07461
-5.07679
-5.07924
-5.08121
-5.08345
-5.08565
-5.0878
-5.09022
-5.09198
-5.09385
-5.09611
-5.09756
-5.09956
-5.10134
-5.10321
-5.10502
-5.1066
-5.10827
-5.10956
-5.11093
-5.11207
-5.11344
-5.11459
-5.11565
-5.11679
-5.11785
-5.11868
-5.11944
-5.12026
-5.12086
-5.12138
-5.12212
-5.12249
-5.12278
-5.123
-5.12346
-5.12339
-5.1234
-5.12335
-5.12338
-5.12305
-5.12267
-5.12238
-5.12203
-5.12164
-5.1212
-5.12056
-5.12004
-5.11947
-5.11888
-5.1181
-5.1176
-5.11662
-5.11577
-5.11506
-5.11419
-5.11331
-5.11258
-5.1117
-5.11082
-5.11026
-5.1094
-5.10857
-5.1079
-5.10711
-5.10649
-5.10592
-5.10552
-5.10502
-5.10426
-5.10385
-5.10364
-5.10319
-5.10264
-5.10185
-5.10172
-5.10197
-5.10213
-5.10221
-5.10207
-5.1023
-5.10261
-5.10299
-5.10391
-5.10446
-5.10523
-5.10594
-5.10688
-5.1079
-5.10886
-5.10989
-5.111
-5.1122
-5.11302
-5.11482
-5.1161
-5.11745
-5.11902
-5.12035
-5.12175
-5.12367
-5.12474
-5.12663
-5.12856
-5.13039
-5.13227
-5.13464
-5.13675
-5.13905
-5.14092
-5.14326
-5.14518
-5.14726
-5.14966
-5.15191
-5.15417
-5.15627
-5.15868
-5.16122
-5.16314
-5.1652
-5.16785
-5.16986
-5.172
-5.17441
-5.17648
-5.17866
-5.1802
-5.18199
-5.18404
-5.18604
-5.18784
-5.18974
-5.19142
-5.19305
-5.19446
-5.19581
-5.19695
-5.19847
-5.19963
-5.20102
-5.20173
-5.20298
-5.204
-5.20511
-5.20599
-5.20679
-5.20737
-5.20817
-5.20905
-5.20986
-5.21013
-5.21048
-5.21014
-5.21048
-5.21045
-5.21063
-5.21044
-5.21032
-5.21011
-5.20983
-5.20947
-5.20903
-5.20851
-5.20776
-5.20708
-5.20617
-5.20563
-5.20501
-5.20386
-5.20277
-5.20161
-5.20006
-5.19888
-5.19747
-5.19613
-5.1947
-5.19289
-5.191
-5.18932
-5.18726
-5.18526
-5.18349
-5.18133
-5.17953
-5.17766
-5.17524
-5.17274
-5.17016
-5.16764
-5.16458
-5.16144
-5.15837
-5.15566
-5.15257
-5.14939
-5.14629
-5.14325
-5.13968
-5.13634
-5.13276
-5.1291
-5.12553
-5.12142
-5.11784
-5.1139
-5.10988
-5.10611
-5.10197
-5.09746
-5.09321
-5.0892
-5.08485
-5.08044
-5.07585
-5.07108
-5.06657
-5.06174
-5.05734
-5.05293
-5.04851
-5.04409
-5.03998
-5.03543
-5.0309
-5.0264
-5.02208
-5.0178
-5.01328
-5.00896
-5.00455
-5.00023
-4.99643
-4.99213
-4.98838
-4.98428
-4.9806
-4.9772
-4.97378
-4.97064
-4.9675
-4.96422
-4.96139
-4.95874
-4.9564
-4.95394
-4.95182
-4.95003
-4.94798
-4.94643
-4.94478
-4.94377
-4.94313
-4.94238
-4.94183
-4.9415
-4.94136
-4.94188
-4.94215
-4.94262
-4.94329
-4.9443
-4.94535
-4.9466
-4.94802
-4.94947
-4.95125
-4.9532
-4.95501
-4.95759
-4.96017
-4.96259
-4.96516
-4.96816
-4.97114
-4.97425
-4.97763
-4.98081
-4.9838
-4.98719
-4.99097
-4.99484
-4.99894
-5.00282
-5.00676
-5.01061
-5.01482
-5.01878
-5.02293
-5.02743
-5.03151
-5.03547
-5.03975
-5.0442
-5.04867
-5.0533
-5.05763
-5.06211
-5.06614
-5.07047
-5.07478
-5.07863
-5.08306
-5.08732
-5.09171
-5.09607
-5.1004
-5.10439
-5.1085
-5.11302
-5.1172
-5.12118
-5.12496
-5.1287
-5.13238
-5.13601
-5.13958
-5.1431
-5.14686
-5.15041
-5.15375
-5.15732
-5.16052
-5.16411
-5.16718
-5.17063
-5.1731
-5.17595
-5.17888
-5.18203
-5.18495
-5.18764
-5.19041
-5.19248
-5.19523
-5.19804
-5.20047
-5.20296
-5.20551
-5.20752
-5.20959
-5.21111
-5.21285
-5.21449
-5.21634
-5.2178
-5.21901
-5.22027
-5.22144
-5.22221
-5.22319
-5.22406
-5.22515
-5.22614
-5.22657
-5.22752
-5.22791
-5.22821
-5.22856
-5.22837
-5.22838
-5.2283
-5.22782
-5.22771
-5.2272
-5.22675
-5.22591
-5.22484
-5.22382
-5.22318
-5.22246
-5.22181
-5.22077
-5.21966
-5.21832
-5.21691
-5.21528
-5.21373
-5.21227
-5.21073
-5.20914
-5.20749
-5.20563
-5.20386
-5.20189
-5.20002
-5.1981
-5.19629
-5.19429
-5.19224
-5.1903
-5.18849
-5.18603
-5.18385
-5.18133
-5.17879
-5.17608
-5.1738
-5.1718
-5.16948
-5.16715
-5.16481
-5.16245
-5.16009
-5.15758
-5.15521
-5.15299
-5.15032
-5.14766
-5.1453
-5.14295
-5.14045
-5.13797
-5.13611
-5.1335
-5.13121
-5.12909
-5.12669
-5.12461
-5.12239
-5.1202
-5.11819
-5.11605
-5.11439
-5.11215
-5.11039
-5.10882
-5.10697
-5.1047
-5.10291
-5.10116
-5.09929
-5.0976
-5.09565
-5.09433
-5.0926
-5.09135
-5.08969
-5.08792
-5.08634
-5.0848
-5.08344
-5.08198
-5.08055
-5.07902
-5.07783
-5.07668
-5.07573
-5.07437
-5.0732
-5.07193
-5.07102
-5.06984
-5.06917
-5.0681
-5.06708
-5.06641
-5.06595
-5.06539
-5.06474
-5.06414
-5.06315
-5.06282
-5.06254
-5.06218
-5.06172
-5.06162
-5.06143
-5.0613
-5.06093
-5.06077
-5.06097
-5.06107
-5.06123
-5.0616
-5.06172
-5.06235
-5.06288
-5.06345
-5.06422
-5.06459
-5.06515
-5.06574
-5.06638
-5.06674
-5.06729
-5.06817
-5.06892
-5.06923
-5.06972
-5.07037
-5.07149
-5.07201
-5.07283
-5.07366
-5.07448
-5.0753
-5.07656
-5.07721
-5.0783
-5.07906
-5.07966
-5.08038
-5.08108
-5.08176
-5.08225
-5.08272
-5.08346
-5.08386
-5.08453
-5.08501
-5.08546
-5.08588
-5.08625
-5.08644
-5.08705
-5.08777
-5.08815
-5.08819
-5.0885
-5.08847
-5.0887
-5.08874
-5.0889
-5.08857
-5.08851
-5.08826
-5.08782
-5.08779
-5.08774
-5.08749
-5.08736
-5.08734
-5.08714
-5.08644
-5.08601
-5.08553
-5.08532
-5.08477
-5.08402
-5.08354
-5.08286
-5.08168
-5.08092
-5.08026
-5.07955
-5.07835
-5.07739
-5.0764
-5.07565
-5.07471
-5.07341
-5.07222
-5.07082
-5.06923
-5.06789
-5.0665
-5.06506
-5.06327
-5.06189
-5.06031
-5.05899
-5.05732
-5.05591
-5.05386
-5.05222
-5.05008
-5.04852
-5.04662
-5.04439
-5.04258
-5.04029
-5.03814
-5.03581
-5.03361
-5.03125
-5.02918
-5.02711
-5.02518
-5.0231
-5.02102
-5.01895
-5.0172
-5.0153
-5.01313
-5.01128
-5.0096
-5.00766
-5.00545
-5.00343
-5.00159
-4.99996
-4.99806
-4.99668
-4.99519
-4.99361
-4.99224
-4.99078
-4.98939
-4.9879
-4.98634
-4.985
-4.98403
-4.98283
-4.98185
-4.98156
-4.98058
-4.98013
-4.97945
-4.97855
-4.97802
-4.97772
-4.97689
-4.97628
-4.97635
-4.97589
-4.9758
-4.97562
-4.97551
-4.97531
-4.97548
-4.97571
-4.976
-4.97619
-4.9766
-4.9772
-4.97786
-4.97797
-4.97843
-4.97908
-4.97978
-4.98053
-4.98116
-4.98169
-4.98256
-4.98346
-4.98441
-4.98555
-4.98626
-4.98732
-4.98841
-4.98954
-4.99071
-4.99206
-4.99314
-4.99456
-4.99586
-4.9972
-4.99888
-5.00014
-5.00173
-5.00292
-5.00459
-5.00599
-5.00789
-5.00952
-5.01119
-5.01335
-5.01479
-5.01642
-5.0184
-5.02056
-5.02275
-5.02499
-5.02696
-5.02896
-5.03085
-5.03292
-5.03518
-5.03717
-5.03905
-5.04125
-5.04334
-5.0456
-5.04775
-5.04992
-5.05212
-5.05434
-5.05704
-5.05947
-5.06161
-5.06423
-5.06672
-5.06923
-5.07176
-5.0743
-5.07687
-5.07944
-5.08204
-5.08495
-5.08711
-5.08989
-5.09253
-5.09518
-5.09798
-5.10064
-5.10285
-5.10536
-5.10818
-5.11084
-5.1135
-5.1163
-5.11895
-5.12143
-5.1242
-5.12695
-5.12999
-5.13301
-5.13615
-5.13866
-5.14114
-5.14359
-5.146
-5.14867
-5.15085
-5.15253
-5.15446
-5.15649
-5.15891
-5.16098
-5.16299
-5.16478
-5.16651
-5.16832
-5.17021
-5.17173
-5.17332
-5.17484
-5.17644
-5.1778
-5.17909
-5.1803
-5.18144
-5.18249
-5.18316
-5.18421
-5.18489
-5.18578
-5.18661
-5.18751
-5.1882
-5.18866
-5.18921
-5.1897
-5.18997
-5.19035
-5.19066
-5.19048
-5.19055
-5.19057
-5.19041
-5.19051
-5.19058
-5.19032
-5.19019
-5.18959
-5.18942
-5.18925
-5.18906
-5.18933
-5.18915
-5.18883
-5.18866
-5.18866
-5.18853
-5.18857
-5.18818
-5.18842
-5.18794
-5.18794
-5.18813
-5.18821
-5.18832
-5.18817
-5.18837
-5.18845
-5.18904
-5.18921
-5.18957
-5.19014
-5.19059
-5.19108
-5.19176
-5.19218
-5.19264
-5.19313
-5.19365
-5.19436
-5.19509
-5.196
-5.19694
-5.19789
-5.19856
-5.1994
-5.20025
-5.20126
-5.20243
-5.2033
-5.20403
-5.20475
-5.20578
-5.2071
-5.20812
-5.20897
-5.20967
-5.21021
-5.21118
-5.212
-5.2128
-5.21359
-5.21436
-5.21512
-5.21617
-5.21691
-5.21763
-5.21849
-5.21918
-5.22002
-5.22069
-5.22151
-5.22216
-5.22296
-5.22391
-5.22409
-5.22473
-5.22537
-5.22615
-5.22649
-5.22743
-5.22807
-5.22857
-5.22908
-5.2296
-5.23027
-5.23096
-5.23211
-5.23268
-5.2331
-5.23384
-5.23445
-5.23537
-5.23616
-5.23711
-5.23792
-5.23875
-5.2396
-5.24106
-5.24193
-5.24266
-5.24341
-5.24446
-5.24568
-5.24675
-5.24798
-5.24876
-5.24939
-5.25032
-5.25156
-5.25219
-5.25281
-5.25342
-5.25463
-5.25552
-5.25625
-5.25742
-5.25826
-5.25908
-5.26033
-5.26095
-5.26139
-5.26195
-5.26278
-5.26342
-5.26403
-5.2646
-5.26528
-5.26577
-5.26606
-5.26616
-5.26636
-5.26652
-5.26648
-5.2667
-5.26671
-5.26698
-5.26704
-5.26706
-5.26717
-5.26678
-5.26649
-5.26661
-5.26637
-5.26578
-5.26543
-5.26504
-5.26446
-5.26412
-5.26358
-5.263
-5.26252
-5.26169
-5.26127
-5.26126
-5.2603
-5.25945
-5.25841
-5.25732
-5.25635
-5.25548
-5.25458
-5.25348
-5.2525
-5.25134
-5.25044
-5.2489
-5.24763
-5.24632
-5.24484
-5.24348
-5.24223
-5.24065
-5.23905
-5.23726
-5.23574
-5.2339
-5.23234
-5.23105
-5.22928
-5.22794
-5.22642
-5.22443
-5.22271
-5.22082
-5.21906
-5.21727
-5.21531
-5.21349
-5.21179
-5.20992
-5.20787
-5.20611
-5.20433
-5.20237
-5.20024
-5.19824
-5.19622
-5.19448
-5.19257
-5.19034
-5.18823
-5.18611
-5.18351
-5.18164
-5.1799
-5.17723
-5.175
-5.17274
-5.17001
-5.16785
-5.16538
-5.16288
-5.16051
-5.15798
-5.15572
-5.15329
-5.151
-5.14839
-5.14576
-5.14311
-5.14016
-5.13779
-5.13542
-5.13304
-5.13081
-5.12828
-5.12575
-5.12337
-5.1207
-5.11819
-5.11555
-5.11307
-5.11046
-5.10803
-5.10593
-5.10355
-5.10121
-5.09876
-5.09681
-5.09445
-5.09229
-5.09018
-5.08797
-5.08583
-5.0839
-5.08203
-5.08024
-5.07866
-5.07715
-5.07557
-5.07406
-5.07248
-5.07128
-5.06971
-5.06867
-5.06755
-5.06622
-5.06542
-5.06454
-5.0636
-5.06303
-5.06223
-5.06136
-5.06057
-5.05999
-5.05963
-5.05889
-5.05866
-5.05849
-5.05823
-5.05817
-5.05832
-5.05836
-5.05844
-5.05872
-5.05903
-5.05862
-5.05869
-5.05878
-5.0592
-5.05934
-5.05948
-5.05949
-5.0598
-5.05981
-5.06013
-5.06058
-5.06088
-5.06086
-5.06128
-5.06153
-5.06176
-5.06197
-5.06214
-5.06259
-5.06271
-5.06324
-5.06313
-5.06267
-5.06263
-5.0627
-5.06243
-5.06225
-5.06158
-5.06102
-5.06071
-5.06005
-5.05934
-5.05918
-5.05868
-5.05859
-5.05784
-5.05751
-5.05682
-5.05564
-5.05471
-5.05405
-5.05304
-5.05184
-5.05091
-5.04978
-5.04847
-5.04743
-5.0465
-5.04539
-5.04485
-5.04338
-5.04263
-5.0414
-5.04029
-5.03916
-5.03815
-5.03666
-5.03545
-5.03391
-5.03265
-5.03122
-5.02961
-5.02798
-5.02678
-5.0251
-5.02371
-5.02214
-5.02039
-5.01893
-5.0173
-5.01579
-5.01427
-5.01227
-5.0104
-5.00821
-5.0063
-5.00452
-5.00288
-5.00121
-4.99953
-4.99752
-4.99566
-4.99377
-4.99187
-4.98996
-4.98788
-4.98595
-4.98385
-4.98205
-4.98039
-4.97798
-4.97601
-4.97405
-4.97223
-4.97012
-4.96801
-4.96606
-4.96352
-4.96175
-4.95984
-4.9581
-4.95592
-4.95392
-4.95195
-4.95015
-4.94869
-4.94695
-4.9451
-4.94313
-4.9415
-4.93991
-4.93837
-4.93671
-4.93526
-4.93324
-4.93158
-4.93057
-4.929
-4.92764
-4.92678
-4.92567
-4.92461
-4.92346
-4.92266
-4.92176
-4.9206
-4.91965
-4.9189
-4.9182
-4.9177
-4.91724
-4.91653
-4.91601
-4.91523
-4.91509
-4.91439
-4.91388
-4.91356
-4.91312
-4.91301
-4.91294
-4.9132
-4.91304
-4.9129
-4.91294
-4.91256
-4.9131
-4.91307
-4.91322
-4.91338
-4.91327
-4.91334
-4.91343
-4.91339
-4.91337
-4.91369
-4.91372
-4.91393
-4.91417
-4.91429
-4.91443
-4.91446
-4.91481
-4.9155
-4.91623
-4.91668
-4.91763
-4.91846
-4.91903
-4.91979
-4.9203
-4.92099
-4.92158
-4.92252
-4.92321
-4.92409
-4.92487
-4.92601
-4.92689
-4.92798
-4.92927
-4.93046
-4.93156
-4.93316
-4.93451
-4.93592
-4.93738
-4.93875
-4.94016
-4.94148
-4.94285
-4.94458
-4.94635
-4.94847
-4.9505
-4.95226
-4.95422
-4.95638
-4.95828
-4.96051
-4.96279
-4.96495
-4.96715
-4.96937
-4.97163
-4.97392
-4.97638
-4.97871
-4.98092
-4.983
-4.98494
-4.98781
-4.99024
-4.99238
-4.99483
-4.99698
-4.9996
-5.00192
-5.00439
-5.00672
-5.00934
-5.01196
-5.01458
-5.0175
-5.0198
-5.0224
-5.02484
-5.02742
-5.02968
-5.03193
-5.03448
-5.03715
-5.03966
-5.04231
-5.04494
-5.04725
-5.05
-5.05242
-5.05514
-5.05737
-5.05959
-5.06195
-5.06398
-5.06629
-5.06798
-5.07025
-5.07235
-5.07474
-5.07711
-5.07855
-5.08058
-5.08289
-5.08503
-5.08685
-5.08896
-5.09074
-5.09251
-5.09457
-5.0963
-5.09802
-5.09988
-5.10157
-5.10339
-5.10551
-5.10746
-5.10909
-5.11117
-5.11308
-5.11483
-5.11641
-5.11814
-5.1197
-5.12141
-5.12295
-5.12463
-5.12646
-5.12798
-5.12979
-5.13189
-5.13338
-5.13502
-5.13634
-5.13811
-5.13972
-5.14132
-5.14307
-5.14451
-5.14609
-5.14812
-5.14969
-5.15126
-5.15296
-5.15466
-5.1565
-5.15758
-5.15895
-5.16046
-5.16212
-5.16361
-5.16509
-5.1664
-5.16785
-5.16899
-5.17056
-5.17197
-5.17351
-5.17489
-5.17594
-5.17742
-5.17888
-5.18018
-5.18144
-5.18269
-5.18406
-5.1851
-5.18641
-5.18769
-5.18879
-5.18986
-5.19104
-5.19219
-5.19315
-5.19407
-5.19479
-5.19563
-5.19688
-5.19793
-5.19894
-5.19945
-5.19991
-5.20047
-5.20113
-5.20158
-5.20213
-5.20263
-5.20338
-5.20361
-5.20394
-5.20406
-5.20411
-5.20426
-5.20434
-5.20451
-5.20447
-5.20422
-5.2036
-5.20336
-5.20291
-5.20225
-5.20152
-5.20072
-5.20046
-5.19938
-5.19869
-5.19824
-5.19727
-5.19624
-5.19484
-5.19398
-5.19261
-5.19118
-5.19
-5.18845
-5.18699
-5.18563
-5.18406
-5.18274
-5.18091
-5.17903
-5.17725
-5.17558
-5.17356
-5.17179
-5.17029
-5.16814
-5.16625
-5.16448
-5.16297
-5.16098
-5.15896
-5.15676
-5.15469
-5.15213
-5.14986
-5.14757
-5.14495
-5.14263
-5.14044
-5.13825
-5.1359
-5.13354
-5.13102
-5.12851
-5.12615
-5.12334
-5.12098
-5.11834
-5.1157
-5.11307
-5.11092
-5.10817
-5.10575
-5.1035
-5.10142
-5.09906
-5.09688
-5.09473
-5.09276
-5.09051
-5.08861
-5.08658
-5.08474
-5.08263
-5.08056
-5.07913
-5.07745
-5.0755
-5.07344
-5.07187
-5.0702
-5.06857
-5.06684
-5.0653
-5.06381
-5.06251
-5.06126
-5.0599
-5.05859
-5.05732
-5.0558
-5.05463
-5.05366
-5.05243
-5.05185
-5.05087
-5.04993
-5.04918
-5.04803
-5.04738
-5.04693
-5.04606
-5.0457
-5.04522
-5.04464
-5.04426
-5.04376
-5.04316
-5.04275
-5.04253
-5.0419
-5.04162
-5.04122
-5.04118
-5.04132
-5.04106
-5.04068
-5.04065
-5.04052
-5.04103
-5.04113
-5.04128
-5.04147
-5.04171
-5.04229
-5.04247
-5.04286
-5.04344
-5.04392
-5.04429
-5.04487
-5.0452
-5.04589
-5.04663
-5.04727
-5.04812
-5.04888
-5.04954
-5.05072
-5.0518
-5.05295
-5.05386
-5.05528
-5.05647
-5.05787
-5.05949
-5.06087
-5.06261
-5.06368
-5.06571
-5.06721
-5.06893
-5.07086
-5.07287
-5.07494
-5.07768
-5.07973
-5.08185
-5.08434
-5.08689
-5.08936
-5.09218
-5.09477
-5.09802
-5.10042
-5.10303
-5.10584
-5.10915
-5.11206
-5.11487
-5.11772
-5.12031
-5.12339
-5.1265
-5.12965
-5.13297
-5.13647
-5.13969
-5.14278
-5.14588
-5.14899
-5.15272
-5.15584
-5.15926
-5.16268
-5.16594
-5.16904
-5.17227
-5.17563
-5.17882
-5.18183
-5.18526
-5.18865
-5.19186
-5.19517
-5.19798
-5.2009
-5.20376
-5.20672
-5.20962
-5.2123
-5.21492
-5.21762
-5.2204
-5.22281
-5.22468
-5.22708
-5.2291
-5.23104
-5.23289
-5.2348
-5.23678
-5.23806
-5.23986
-5.24187
-5.24303
-5.24439
-5.24566
-5.24669
-5.24777
-5.2489
-5.24993
-5.25117
-5.25186
-5.25259
-5.25339
-5.25363
-5.25408
-5.25443
-5.25438
-5.25424
-5.254
-5.25366
-5.25368
-5.25301
-5.25285
-5.25214
-5.2518
-5.25092
-5.25024
-5.24949
-5.24834
-5.24741
-5.24594
-5.24485
-5.24352
-5.24197
-5.24033
-5.23877
-5.23684
-5.23513
-5.23336
-5.23136
-5.2293
-5.22747
-5.22557
-5.22346
-5.22129
-5.21876
-5.21632
-5.21397
-5.21173
-5.20912
-5.20692
-5.20453
-5.20223
-5.19959
-5.19691
-5.1945
-5.19159
-5.18849
-5.18552
-5.18296
-5.17993
-5.17702
-5.17408
-5.17128
-5.16816
-5.16532
-5.16246
-5.15945
-5.15627
-5.15355
-5.15021
-5.14733
-5.14444
-5.14141
-5.13838
-5.1352
-5.13219
-5.12934
-5.12665
-5.12367
-5.12071
-5.11778
-5.11486
-5.11196
-5.10909
-5.10625
-5.10328
-5.10064
-5.09804
-5.09531
-5.09292
-5.09041
-5.08793
-5.08549
-5.08308
-5.07996
-5.07778
-5.07533
-5.07277
-5.0704
-5.06807
-5.06608
-5.06397
-5.0619
-5.05972
-5.05742
-5.05561
-5.05368
-5.05163
-5.04992
-5.04809
-5.04629
-5.04437
-5.04248
-5.04031
-5.03832
-5.03665
-5.03471
-5.03324
-5.03134
-5.02945
-5.02759
-5.02589
-5.0242
-5.02222
-5.02041
-5.01921
-5.01756
-5.01578
-5.0143
-5.01267
-5.01075
-5.00898
-5.00736
-5.00605
-5.00443
-5.00281
-5.00104
-4.99927
-4.9975
-4.99587
-4.99454
-4.99261
-4.99068
-4.98889
-4.98741
-4.98577
-4.98413
-4.98234
-4.9807
-4.97861
-4.97697
-4.97504
-4.97342
-4.97195
-4.97034
-4.96873
-4.96745
-4.96587
-4.96431
-4.96262
-4.96109
-4.95959
-4.95872
-4.95757
-4.95631
-4.95507
-4.95357
-4.95241
-4.95098
-4.94945
-4.94843
-4.9473
-4.94637
-4.94506
-4.9441
-4.94335
-4.94222
-4.94146
-4.94123
-4.94062
-4.94024
-4.93979
-4.93927
-4.93899
-4.93865
-4.9387
-4.9387
-4.93833
-4.93852
-4.93881
-4.93919
-4.94028
-4.94072
-4.94156
-4.9419
-4.94279
-4.94379
-4.9455
-4.94655
-4.9477
-4.94894
-4.95059
-4.95233
-4.95401
-4.95578
-4.95763
-4.95957
-4.96174
-4.96368
-4.96585
-4.96808
-4.97053
-4.97274
-4.97531
-4.97793
-4.98074
-4.9833
-4.98605
-4.98852
-4.99072
-4.99356
-4.99625
-4.99881
-5.00169
-5.00441
-5.00699
-5.00971
-5.01257
-5.01512
-5.0178
-5.02046
-5.02325
-5.02571
-5.02828
-5.03082
-5.03317
-5.03488
-5.0376
-5.04012
-5.04245
-5.04487
-5.04724
-5.04941
-5.05151
-5.05341
-5.05556
-5.05749
-5.05922
-5.06133
-5.06339
-5.06478
-5.06625
-5.06782
-5.06918
-5.07047
-5.07185
-5.07318
-5.07429
-5.07519
-5.07618
-5.07712
-5.07846
-5.07944
-5.08051
-5.08139
-5.08221
-5.08268
-5.0831
-5.08393
-5.08441
-5.08485
-5.08525
-5.08591
-5.08653
-5.08696
-5.08736
-5.08772
-5.08805
-5.08821
-5.08893
-5.08903
-5.08926
-5.08946
-5.08964
-5.08964
-5.08948
-5.08961
-5.08972
-5.08981
-5.08989
-5.08981
-5.08972
-5.08932
-5.08951
-5.08985
-5.09004
-5.09021
-5.09024
-5.09026
-5.09043
-5.09015
-5.09047
-5.09033
-5.09065
-5.09067
-5.09099
-5.09071
-5.09074
-5.09061
-5.09064
-5.09021
-5.0901
-5.08983
-5.08972
-5.08961
-5.08965
-5.08954
-5.08959
-5.08964
-5.08983
-5.09018
-5.09023
-5.09027
-5.09016
-5.09021
-5.09024
-5.09028
-5.09016
-5.09004
-5.08976
-5.08977
-5.09008
-5.08993
-5.08962
-5.08976
-5.08973
-5.0897
-5.0898
-5.08989
-5.08981
-5.08957
-5.08962
-5.08995
-5.08981
-5.08966
-5.08948
-5.08944
-5.08893
-5.08869
-5.08843
-5.08815
-5.088
-5.08752
-5.08732
-5.08709
-5.08653
-5.0864
-5.08624
-5.0856
-5.08509
-5.08454
-5.08396
-5.08351
-5.08286
-5.08204
-5.08148
-5.08074
-5.07981
-5.079
-5.07815
-5.07727
-5.0762
-5.07479
-5.07379
-5.07276
-5.0717
-5.07029
-5.06884
-5.06765
-5.06673
-5.06577
-5.06447
-5.06312
-5.06144
-5.06017
-5.05901
-5.05736
-5.05583
-5.05425
-5.05234
-5.05099
-5.04962
-5.0479
-5.04615
-5.04407
-5.04226
-5.03997
-5.03751
-5.03577
-5.03372
-5.03164
-5.0297
-5.0279
-5.02608
-5.02411
-5.02214
-5.02017
-5.01821
-5.0161
-5.01446
-5.01285
-5.01095
-5.00908
-5.00725
-5.00545
-5.00355
-5.00125
-4.99976
-4.99803
-4.99637
-4.99478
-4.99388
-4.99231
-4.99097
-4.98989
-4.98891
-4.98773
-4.98756
-4.98706
-4.98653
-4.98627
-4.98568
-4.98583
-4.98595
-4.98636
-4.98659
-4.98696
-4.98747
-4.9881
-4.98886
-4.98991
-4.99078
-4.99177
-4.99319
-4.99457
-4.99607
-4.99752
-4.99893
-5.00073
-5.00263
-5.00477
-5.00683
-5.00852
-5.01028
-5.013
-5.01533
-5.01787
-5.02029
-5.02306
-5.02556
-5.02824
-5.03094
-5.03336
-5.03564
-5.03809
-5.04084
-5.04329
-5.04575
-5.0485
-5.05125
-5.05368
-5.05641
-5.05898
-5.06123
-5.06346
-5.06629
-5.06864
-5.07113
-5.07405
-5.07681
-5.07954
-5.08151
-5.08421
-5.08659
-5.0891
-5.09144
-5.09391
-5.09592
-5.09775
-5.10031
-5.10256
-5.10478
-5.10653
-5.10871
-5.11087
-5.11331
-5.11543
-5.11752
-5.11973
-5.12192
-5.12408
-5.12651
-5.12846
-5.13098
-5.13271
-5.13485
-5.13666
-5.13827
-5.14015
-5.14168
-5.14331
-5.14474
-5.14642
-5.1479
-5.14933
-5.151
-5.15231
-5.15371
-5.15475
-5.15587
-5.15708
-5.15777
-5.15885
-5.15985
-5.16033
-5.16104
-5.16168
-5.16239
-5.16288
-5.16344
-5.16408
-5.16434
-5.16421
-5.16431
-5.16434
-5.16413
-5.16399
-5.16378
-5.16365
-5.16283
-5.16254
-5.16187
-5.16143
-5.16077
-5.15973
-5.15878
-5.15806
-5.15711
-5.15611
-5.15504
-5.15375
-5.15226
-5.15101
-5.14955
-5.14804
-5.14663
-5.14532
-5.14382
-5.14257
-5.14084
-5.13937
-5.13771
-5.13618
-5.13462
-5.13303
-5.13128
-5.12935
-5.12771
-5.12606
-5.12441
-5.1226
-5.12094
-5.11928
-5.11763
-5.11568
-5.11345
-5.11153
-5.10993
-5.10836
-5.10666
-5.10513
-5.10349
-5.10188
-5.10015
-5.09861
-5.09681
-5.09551
-5.09425
-5.09304
-5.09158
-5.09032
-5.08927
-5.08797
-5.08687
-5.08584
-5.08425
-5.08333
-5.08202
-5.08152
-5.08108
-5.08086
-5.07994
-5.07939
-5.07874
-5.07831
-5.07793
-5.07762
-5.07721
-5.07701
-5.07702
-5.07663
-5.07614
-5.07615
-5.07621
-5.07647
-5.07678
-5.07698
-5.07721
-5.07749
-5.0778
-5.07829
-5.07882
-5.07937
-5.0795
-5.0801
-5.08088
-5.08122
-5.08142
-5.0821
-5.08248
-5.08287
-5.08342
-5.08367
-5.08423
-5.08464
-5.0849
-5.08546
-5.08586
-5.08657
-5.08727
-5.08782
-5.08836
-5.08889
-5.08926
-5.08978
-5.09015
-5.09096
-5.09146
-5.09181
-5.09215
-5.09263
-5.09312
-5.0936
-5.09392
-5.09425
-5.09472
-5.09534
-5.09567
-5.09645
-5.09708
-5.09725
-5.09804
-5.09868
-5.09918
-5.09953
-5.10003
-5.10039
-5.10076
-5.10128
-5.10181
-5.1025
-5.10319
-5.10359
-5.10414
-5.10485
-5.1054
-5.10597
-5.10608
-5.10649
-5.1072
-5.10791
-5.10831
-5.10855
-5.10894
-5.10872
-5.10954
-5.1099
-5.11039
-5.11087
-5.11117
-5.11145
-5.11171
-5.11255
-5.11291
-5.11355
-5.114
-5.11457
-5.11496
-5.115
-5.11562
-5.11605
-5.11598
-5.11588
-5.11588
-5.11554
-5.11546
-5.11518
-5.11517
-5.1151
-5.11469
-5.11424
-5.11374
-5.11335
-5.11291
-5.11227
-5.11175
-5.11133
-5.11087
-5.11051
-5.10967
-5.10939
-5.10846
-5.10765
-5.10696
-5.10622
-5.1053
-5.10465
-5.10352
-5.1025
-5.10161
-5.10009
-5.09914
-5.09787
-5.09672
-5.09555
-5.09436
-5.09284
-5.09161
-5.09052
-5.0894
-5.08858
-5.08728
-5.08613
-5.08436
-5.08319
-5.08171
-5.08067
-5.07932
-5.07812
-5.07662
-5.07511
-5.07375
-5.0724
-5.07104
-5.06969
-5.0685
-5.06701
-5.06552
-5.06375
-5.06259
-5.06114
-5.05986
-5.05844
-5.05704
-5.05581
-5.05461
-5.05297
-5.05181
-5.05052
-5.04957
-5.04849
-5.04729
-5.04643
-5.04561
-5.04451
-5.04376
-5.0429
-5.04162
-5.04038
-5.03949
-5.0388
-5.03815
-5.03755
-5.03699
-5.03633
-5.03603
-5.03546
-5.0351
-5.0354
-5.03514
-5.03492
-5.03476
-5.0345
-5.03458
-5.03457
-5.03445
-5.03468
-5.0348
-5.03498
-5.03489
-5.03531
-5.03516
-5.03535
-5.03559
-5.03616
-5.03663
-5.03698
-5.03752
-5.03839
-5.0387
-5.03904
-5.03986
-5.04041
-5.04084
-5.04159
-5.04238
-5.04334
-5.04417
-5.04487
-5.04575
-5.04649
-5.04741
-5.04804
-5.04913
-5.0501
-5.05123
-5.05222
-5.05291
-5.05408
-5.05494
-5.05612
-5.05715
-5.05834
-5.05937
-5.06056
-5.06145
-5.06263
-5.06351
-5.06453
-5.06539
-5.06609
-5.06708
-5.06806
-5.06871
-5.06965
-5.07027
-5.07116
-5.07218
-5.07257
-5.07338
-5.07416
-5.0749
-5.07561
-5.07658
-5.07721
-5.07765
-5.07819
-5.07839
-5.07884
-5.07925
-5.0796
-5.08005
-5.0806
-5.08095
-5.08109
-5.08118
-5.08091
-5.08118
-5.08125
-5.08126
-5.08106
-5.08081
-5.08019
-5.07952
-5.07894
-5.07754
-5.07715
-5.07626
-5.07515
-5.07444
-5.07368
-5.07286
-5.07184
-5.07093
-5.07026
-5.06924
-5.06833
-5.06737
-5.06621
-5.06486
-5.06362
-5.06189
-5.06073
-5.05937
-5.05798
-5.05641
-5.05526
-5.05363
-5.05227
-5.05074
-5.04918
-5.0473
-5.04616
-5.04454
-5.04322
-5.04128
-5.03977
-5.03781
-5.0363
-5.03477
-5.0331
-5.03142
-5.02974
-5.02822
-5.02609
-5.02442
-5.02277
-5.02142
-5.01978
-5.01815
-5.01684
-5.01509
-5.01381
-5.01254
-5.01084
-5.00916
-5.0078
-5.00632
-5.00515
-5.00356
-5.00214
-5.0006
-4.99908
-4.99773
-4.99642
-4.99482
-4.99371
-4.99248
-4.99112
-4.98994
-4.98879
-4.98797
-4.98673
-4.98581
-4.98493
-4.98393
-4.98311
-4.98247
-4.98155
-4.98082
-4.97982
-4.97885
-4.97806
-4.9773
-4.97672
-4.97572
-4.9749
-4.97457
-4.97441
-4.97384
-4.97344
-4.97292
-4.97274
-4.97228
-4.97215
-4.9716
-4.97122
-4.97057
-4.97009
-4.96978
-4.9695
-4.96924
-4.96899
-4.96862
-4.96841
-4.96806
-4.96788
-4.96755
-4.96709
-4.96693
-4.96663
-4.96648
-4.96664
-4.96679
-4.96664
-4.96663
-4.96677
-4.96674
-4.9667
-4.96634
-4.96627
-4.96618
-4.96621
-4.96592
-4.96545
-4.96495
-4.96503
-4.96492
-4.96462
-4.96429
-4.96376
-4.9632
-4.96259
-4.96178
-4.96153
-4.96033
-4.95938
-4.95884
-4.95779
-4.95683
-4.95628
-4.95537
-4.95426
-4.95293
-4.9517
-4.95072
-4.94983
-4.94843
-4.94667
-4.94515
-4.94358
-4.94196
-4.94013
-4.93839
-4.93646
-4.93492
-4.93288
-4.93095
-4.92867
-4.92664
-4.92472
-4.92262
-4.92047
-4.91845
-4.91624
-4.91339
-4.91129
-4.90916
-4.90686
-4.90455
-4.90208
-4.8999
-4.89788
-4.89556
-4.8931
-4.89065
-4.88852
-4.88626
-4.88404
-4.88215
-4.87939
-4.87698
-4.87461
-4.87261
-4.87021
-4.86787
-4.86576
-4.86417
-4.86236
-4.86078
-4.85944
-4.85804
-4.85689
-4.85539
-4.85415
-4.85316
-4.85274
-4.85199
-4.85135
-4.85083
-4.85045
-4.84958
-4.8493
-4.8493
-4.84959
-4.85001
-4.85057
-4.85097
-4.85151
-4.85233
-4.85315
-4.85441
-4.85611
-4.8575
-4.85887
-4.86039
-4.86219
-4.86443
-4.86681
-4.86902
-4.87136
-4.87413
-4.87687
-4.87959
-4.88228
-4.88524
-4.88847
-4.89151
-4.89496
-4.89822
-4.90143
-4.90489
-4.90844
-4.91239
-4.91628
-4.92024
-4.92459
-4.92887
-4.93321
-4.93747
-4.94164
-4.94602
-4.9503
-4.95508
-4.95945
-4.96385
-4.96814
-4.97276
-4.97741
-4.98162
-4.98644
-4.99098
-4.99552
-5.00036
-5.00504
-5.00987
-5.01453
-5.01917
-5.02363
-5.02821
-5.03291
-5.03743
-5.0419
-5.04632
-5.05054
-5.0547
-5.05896
-5.06315
-5.06773
-5.07148
-5.07561
-5.07982
-5.08364
-5.08752
-5.09101
-5.09427
-5.09773
-5.10139
-5.1045
-5.10752
-5.11088
-5.11383
-5.11667
-5.11971
-5.12233
-5.12499
-5.12754
-5.12983
-5.13169
-5.13359
-5.13568
-5.13735
-5.13905
-5.14094
-5.14257
-5.14377
-5.14501
-5.14629
-5.14731
-5.14821
-5.14886
-5.14955
-5.15074
-5.15137
-5.15159
-5.15187
-5.15176
-5.15169
-5.15184
-5.15175
-5.15203
-5.15178
-5.15145
-5.15134
-5.15102
-5.15047
-5.15002
-5.14951
-5.14864
-5.14817
-5.14751
-5.14665
-5.14545
-5.14437
-5.14341
-5.14303
-5.14233
-5.141
-5.14026
-5.13921
-5.13831
-5.13725
-5.13618
-5.13467
-5.13361
-5.13256
-5.13197
-5.13079
-5.12992
-5.12891
-5.12777
-5.1265
-5.1257
-5.12461
-5.12369
-5.12265
-5.12177
-5.1209
-5.12006
-5.11908
-5.11842
-5.11778
-5.11685
-5.11608
-5.11563
-5.11489
-5.11401
-5.11343
-5.11271
-5.112
-5.11159
-5.11118
-5.11047
-5.10976
-5.10934
-5.10877
-5.1079
-5.10746
-5.10687
-5.10612
-5.10536
-5.10505
-5.10411
-5.10362
-5.10296
-5.10169
-5.10085
-5.10001
-5.09899
-5.09797
-5.09723
-5.09648
-5.09557
-5.09464
-5.09356
-5.09277
-5.09181
-5.091
-5.09019
-5.08937
-5.08855
-5.08742
-5.08644
-5.08546
-5.08434
-5.08336
-5.0824
-5.08145
-5.08065
-5.07971
-5.07849
-5.07759
-5.0767
-5.07583
-5.07498
-5.07431
-5.07366
-5.07259
-5.07154
-5.07053
-5.06985
-5.06905
-5.0683
-5.06773
-5.0669
-5.06641
-5.06612
-5.06542
-5.06491
-5.06461
-5.06465
-5.0643
-5.06399
-5.06389
-5.06415
-5.06416
-5.06422
-5.06449
-5.06422
-5.0643
-5.06475
-5.0657
-5.06626
-5.06689
-5.06711
-5.06801
-5.06851
-5.06952
-5.07029
-5.07127
-5.07215
-5.07325
-5.07426
-5.07518
-5.0763
-5.07749
-5.07843
-5.07943
-5.08094
-5.08236
-5.08353
-5.08507
-5.08666
-5.08801
-5.08971
-5.09162
-5.09329
-5.09516
-5.09755
-5.09953
-5.10157
-5.10366
-5.10566
-5.10786
-5.10982
-5.11258
-5.1151
-5.11766
-5.12013
-5.1225
-5.12522
-5.12783
-5.13064
-5.13335
-5.1358
-5.13844
-5.14157
-5.1446
-5.1475
-5.15029
-5.15326
-5.15626
-5.15898
-5.16202
-5.16523
-5.16815
-5.17109
-5.17387
-5.17712
-5.18036
-5.18329
-5.18621
-5.18927
-5.19231
-5.19548
-5.19846
-5.20126
-5.20448
-5.2072
-5.20987
-5.21234
-5.21521
-5.21787
-5.22046
-5.22299
-5.22544
-5.22767
-5.22951
-5.23173
-5.23371
-5.2353
-5.2374
-5.23986
-5.24177
-5.24343
-5.24544
-5.24675
-5.24795
-5.2492
-5.25049
-5.25167
-5.2529
-5.25371
-5.25412
-5.25487
-5.2552
-5.25543
-5.25601
-5.25602
-5.25607
-5.25587
-5.25572
-5.25561
-5.25494
-5.25433
-5.25361
-5.2528
-5.25189
-5.25073
-5.24978
-5.24828
-5.24715
-5.24593
-5.24447
-5.24323
-5.24205
-5.24035
-5.23856
-5.23684
-5.23444
-5.23227
-5.23063
-5.22892
-5.22668
-5.22453
-5.22261
-5.22032
-5.21797
-5.21525
-5.21277
-5.20992
-5.20748
-5.20482
-5.20225
-5.19979
-5.19681
-5.19393
-5.1913
-5.18831
-5.18512
-5.18234
-5.17935
-5.17647
-5.17294
-5.16996
-5.16649
-5.16327
-5.15987
-5.15596
-5.15232
-5.14879
-5.14537
-5.14191
-5.13857
-5.13475
-5.13104
-5.1276
-5.12383
-5.12002
-5.1162
-5.11219
-5.10862
-5.10472
-5.1005
-5.09611
-5.09201
-5.08804
-5.08421
-5.07991
-5.07591
-5.0716
-5.06774
-5.06358
-5.05987
-5.05556
-5.05155
-5.04756
-5.04356
-5.03974
-5.03532
-5.03152
-5.02774
-5.02368
-5.01965
-5.01579
-5.01211
-5.00831
-5.0044
-5.00097
-4.99744
-4.99379
-4.99004
-4.98649
-4.98313
-4.97968
-4.97674
-4.97356
-4.97013
-4.96677
-4.96348
-4.96055
-4.9571
-4.95418
-4.95163
-4.94932
-4.94604
-4.94345
-4.9411
-4.93854
-4.93638
-4.93416
-4.9319
-4.92989
-4.92784
-4.9262
-4.92436
-4.9225
-4.9212
-4.91971
-4.9185
-4.91696
-4.91615
-4.91531
-4.9143
-4.91402
-4.91371
-4.91324
-4.91305
-4.91298
-4.91305
-4.91356
-4.91404
-4.9148
-4.9154
-4.91627
-4.91696
-4.91824
-4.91949
-4.92071
-4.92175
-4.92321
-4.92463
-4.92616
-4.92826
-4.93001
-4.93171
-4.93426
-4.93661
-4.9389
-4.94113
-4.94343
-4.94627
-4.94889
-4.95111
-4.95401
-4.95652
-4.95953
-4.96244
-4.9654
-4.96824
-4.97097
-4.97358
-4.97667
-4.97963
-4.98305
-4.98618
-4.98916
-4.99229
-4.99541
-4.99882
-5.00176
-5.00468
-5.00788
-5.01074
-5.01387
-5.01681
-5.01955
-5.02239
-5.02519
-5.02777
-5.02984
-5.0326
-5.0353
-5.03793
-5.04034
-5.04297
-5.04508
-5.04711
-5.04921
-5.05124
-5.05333
-5.05519
-5.05728
-5.05898
-5.0606
-5.06214
-5.06376
-5.0653
-5.06676
-5.068
-5.06916
-5.07026
-5.07129
-5.07196
-5.07301
-5.07386
-5.0748
-5.07584
-5.07683
-5.07762
-5.07822
-5.07833
-5.0787
-5.07934
-5.07964
-5.08023
-5.08078
-5.08147
-5.08198
-5.08233
-5.08251
-5.08343
-5.08404
-5.08419
-5.08463
-5.08492
-5.08521
-5.08549
-5.08592
-5.08635
-5.08693
-5.08735
-5.08778
-5.08806
-5.08803
-5.08831
-5.08844
-5.08856
-5.08884
-5.08911
-5.08954
-5.08996
-5.09022
-5.09018
-5.09028
-5.09052
-5.09076
-5.09128
-5.0915
-5.0917
-5.09189
-5.09206
-5.09207
-5.09236
-5.09279
-5.0929
-5.09298
-5.09305
-5.09325
-5.09327
-5.09296
-5.09279
-5.09274
-5.09297
-5.09272
-5.09244
-5.0929
-5.09287
-5.09282
-5.0926
-5.09249
-5.09221
-5.09175
-5.09172
-5.09121
-5.09067
-5.08995
-5.08951
-5.08904
-5.08839
-5.08787
-5.08717
-5.08645
-5.08585
-5.08553
-5.08503
-5.08435
-5.0835
-5.08233
-5.08128
-5.0802
-5.07955
-5.07858
-5.07773
-5.07701
-5.07596
-5.07504
-5.07409
-5.07342
-5.07243
-5.07141
-5.07037
-5.06915
-5.06821
-5.06725
-5.06612
-5.06527
-5.0644
-5.06337
-5.06216
-5.06078
-5.05939
-5.05783
-5.05641
-5.05528
-5.05399
-5.05269
-5.05124
-5.04963
-5.04848
-5.04733
-5.04588
-5.04474
-5.04331
-5.0419
-5.0402
-5.03897
-5.03762
-5.0363
-5.03515
-5.03435
-5.03343
-5.0321
-5.03126
-5.03017
-5.02883
-5.02769
-5.02691
-5.02634
-5.02568
-5.02523
-5.02499
-5.02467
-5.02411
-5.02393
-5.02396
-5.02391
-5.02377
-5.0237
-5.02339
-5.0233
-5.02343
-5.02377
-5.02417
-5.02432
-5.02483
-5.0251
-5.02541
-5.02607
-5.02632
-5.02692
-5.0274
-5.02776
-5.02846
-5.02918
-5.02963
-5.0307
-5.03133
-5.03213
-5.03294
-5.0339
-5.03488
-5.03585
-5.03683
-5.03765
-5.03832
-5.03898
-5.03978
-5.04058
-5.04167
-5.04229
-5.04291
-5.04396
-5.04485
-5.04573
-5.0466
-5.0476
-5.04799
-5.04883
-5.0495
-5.05016
-5.05066
-5.0513
-5.05194
-5.05272
-5.05334
-5.05411
-5.05442
-5.05488
-5.05519
-5.0558
-5.05625
-5.05671
-5.05732
-5.05792
-5.05853
-5.05929
-5.0596
-5.05992
-5.06053
-5.06115
-5.06162
-5.06224
-5.06271
-5.06364
-5.06426
-5.06473
-5.0655
-5.06612
-5.06688
-5.06779
-5.06839
-5.06883
-5.06927
-5.06969
-5.07025
-5.07081
-5.07135
-5.07172
-5.07238
-5.07288
-5.07365
-5.07411
-5.07439
-5.07451
-5.0749
-5.07527
-5.07562
-5.07609
-5.07638
-5.07665
-5.07704
-5.07695
-5.07699
-5.07714
-5.07727
-5.07722
-5.07744
-5.07718
-5.07719
-5.07732
-5.07712
-5.07704
-5.07678
-5.07664
-5.07663
-5.07643
-5.07621
-5.07611
-5.07598
-5.07598
-5.0755
-5.07545
-5.07538
-5.07467
-5.0741
-5.07381
-5.07349
-5.0733
-5.07279
-5.07226
-5.07156
-5.07099
-5.07041
-5.07011
-5.06934
-5.06855
-5.06805
-5.06738
-5.06669
-5.06614
-5.06558
-5.06484
-5.06395
-5.06334
-5.06271
-5.06177
-5.06066
-5.05999
-5.05915
-5.05799
-5.05711
-5.05622
-5.05485
-5.05391
-5.05295
-5.05167
-5.05051
-5.04963
-5.04857
-5.04747
-5.04666
-5.04581
-5.04477
-5.0434
-5.0423
-5.04085
-5.03967
-5.03829
-5.03687
-5.03541
-5.03375
-5.03204
-5.03044
-5.02893
-5.02738
-5.02562
-5.02366
-5.02194
-5.02002
-5.01805
-5.01617
-5.01409
-5.01195
-5.01006
-5.00767
-5.00522
-5.00317
-5.00048
-4.99803
-4.99524
-4.99241
-4.99014
-4.98783
-4.98504
-4.98206
-4.97951
-4.97679
-4.97405
-4.9713
-4.96839
-4.96533
-4.96242
-4.95952
-4.95694
-4.95438
-4.95155
-4.9489
-4.94614
-4.94358
-4.94183
-4.93938
-4.93699
-4.93483
-4.9326
-4.93029
-4.92853
-4.92655
-4.92452
-4.92259
-4.92076
-4.91919
-4.91758
-4.91608
-4.91499
-4.91386
-4.91284
-4.91224
-4.91145
-4.91047
-4.90975
-4.90929
-4.90924
-4.90883
-4.90868
-4.90863
-4.90822
-4.90834
-4.90886
-4.90946
-4.90999
-4.91029
-4.91081
-4.9114
-4.91191
-4.91262
-4.91369
-4.91466
-4.91569
-4.91661
-4.91742
-4.91842
-4.91917
-4.9201
-4.92106
-4.92221
-4.92323
-4.92399
-4.92537
-4.92663
-4.92777
-4.92908
-4.92996
-4.93178
-4.93316
-4.93502
-4.93659
-4.93804
-4.9395
-4.94114
-4.94234
-4.94372
-4.94526
-4.94667
-4.94825
-4.94969
-4.95145
-4.95307
-4.95456
-4.95605
-4.95802
-4.95999
-4.96137
-4.9629
-4.96459
-4.96629
-4.96844
-4.97013
-4.97182
-4.97381
-4.97564
-4.97746
-4.97911
-4.98104
-4.98251
-4.9841
-4.98582
-4.98705
-4.98855
-4.98986
-4.99144
-4.99297
-4.99446
-4.99574
-4.99697
-4.99829
-4.9994
-5.00044
-5.00157
-5.00202
-5.00284
-5.00359
-5.00441
-5.00485
-5.00489
-5.00545
-5.00577
-5.0057
-5.00568
-5.00526
-5.0052
-5.0049
-5.00434
-5.00414
-5.00384
-5.00315
-5.00251
-5.00192
-5.00094
-5.00003
-4.99887
-4.99793
-4.99676
-4.99567
-4.9942
-4.99281
-4.99152
-4.99017
-4.98877
-4.98703
-4.9854
-4.9839
-4.98238
-4.98069
-4.979
-4.97746
-4.97579
-4.97429
-4.97296
-4.97198
-4.97074
-4.96925
-4.96781
-4.9666
-4.96515
-4.96378
-4.96295
-4.9619
-4.96079
-4.96007
-4.95945
-4.95878
-4.9582
-4.95757
-4.95719
-4.95705
-4.95716
-4.9572
-4.95718
-4.95754
-4.95737
-4.95773
-4.95799
-4.95831
-4.95869
-4.9591
-4.95955
-4.96002
-4.96052
-4.96103
-4.96169
-4.96251
-4.96332
-4.96351
-4.96429
-4.96459
-4.96485
-4.96523
-4.96557
-4.96586
-4.9661
-4.96628
-4.96641
-4.96647
-4.96632
-4.96626
-4.96613
-4.96578
-4.96536
-4.96488
-4.96462
-4.9643
-4.96405
-4.96359
-4.96275
-4.96231
-4.96149
-4.9606
-4.95951
-4.95865
-4.95773
-4.9566
-4.95571
-4.95462
-4.95301
-4.95181
-4.95056
-4.94941
-4.94776
-4.94622
-4.94478
-4.94315
-4.94147
-4.94006
-4.93846
-4.93682
-4.93484
-4.93313
-4.93109
-4.92961
-4.9278
-4.92566
-4.92364
-4.92158
-4.9195
-4.91739
-4.91541
-4.91324
-4.9112
-4.90914
-4.9069
-4.90478
-4.90264
-4.90032
-4.89813
-4.89592
-4.89323
-4.89037
-4.88779
-4.88565
-4.88348
-4.88069
-4.87834
-4.87566
-4.87252
-4.86997
-4.86756
-4.86514
-4.8624
-4.85981
-4.85736
-4.8546
-4.85214
-4.84999
-4.84738
-4.84493
-4.84248
-4.83989
-4.83745
-4.83458
-4.83188
-4.82889
-4.82652
-4.82357
-4.8208
-4.8185
-4.81608
-4.814
-4.8118
-4.80948
-4.8075
-4.80511
-4.80291
-4.80045
-4.79834
-4.79612
-4.7941
-4.79213
-4.79022
-4.7882
-4.78623
-4.78462
-4.78292
-4.78127
-4.77937
-4.77814
-4.77636
-4.77479
-4.77344
-4.77214
-4.7706
-4.76927
-4.76815
-4.76695
-4.76611
-4.76518
-4.76417
-4.76322
-4.76234
-4.76137
-4.76091
-4.76053
-4.76007
-4.75952
-4.75919
-4.75863
-4.75844
-4.75832
-4.75828
-4.75801
-4.75841
-4.75828
-4.75838
-4.75886
-4.75911
-4.75944
-4.76
-4.76063
-4.76164
-4.76259
-4.7636
-4.76455
-4.76512
-4.76576
-4.76694
-4.76819
-4.76952
-4.77077
-4.77209
-4.77348
-4.7754
-4.77724
-4.77899
-4.7805
-4.78207
-4.78371
-4.78586
-4.78807
-4.79017
-4.79218
-4.79423
-4.79709
-4.79909
-4.80142
-4.80395
-4.80621
-4.80865
-4.81127
-4.81376
-4.81613
-4.81881
-4.82152
-4.82423
-4.82651
-4.82909
-4.83168
-4.83442
-4.83701
-4.83944
-4.84217
-4.84444
-4.84699
-4.84938
-4.85206
-4.85441
-4.85689
-4.85919
-4.86162
-4.86432
-4.86683
-4.86916
-4.87131
-4.87326
-4.87578
-4.87765
-4.88023
-4.88262
-4.8848
-4.88679
-4.88873
-4.89062
-4.89215
-4.89408
-4.8958
-4.89792
-4.89968
-4.90123
-4.90272
-4.90416
-4.90522
-4.90699
-4.90839
-4.90942
-4.91025
-4.91161
-4.91277
-4.91371
-4.91473
-4.91539
-4.916
-4.91638
-4.91686
-4.91743
-4.91794
-4.91808
-4.91877
-4.9191
-4.91922
-4.91959
-4.9199
-4.92
-4.9199
-4.91974
-4.91968
-4.91956
-4.91925
-4.91904
-4.91893
-4.91831
-4.91811
-4.91771
-4.91772
-4.91784
-4.91716
-4.91644
-4.91614
-4.91535
-4.91467
-4.91381
-4.91307
-4.91245
-4.9118
-4.91097
-4.91042
-4.9097
-4.9088
-4.90788
-4.90695
-4.9057
-4.90458
-4.90376
-4.90262
-4.90148
-4.90034
-4.89919
-4.8982
-4.89736
-4.89623
-4.89495
-4.89399
-4.89304
-4.89196
-4.89135
-4.8903
-4.88959
-4.88845
-4.88764
-4.88701
-4.88612
-4.88512
-4.88447
-4.88385
-4.88329
-4.88262
-4.88231
-4.88175
-4.88125
-4.88081
-4.88073
-4.88041
-4.88016
-4.88043
-4.88047
-4.88058
-4.88091
-4.88117
-4.88165
-4.88175
-4.88223
-4.88324
-4.88387
-4.88458
-4.88552
-4.88607
-4.88656
-4.88756
-4.88849
-4.88934
-4.89041
-4.89184
-4.89289
-4.8943
-4.89592
-4.8976
-4.89918
-4.90111
-4.90294
-4.90466
-4.90657
-4.90807
-4.90975
-4.91147
-4.91351
-4.91572
-4.91765
-4.91975
-4.92186
-4.92383
-4.92579
-4.92776
-4.92973
-4.93154
-4.93365
-4.93544
-4.93737
-4.93927
-4.94132
-4.94288
-4.94473
-4.94655
-4.94864
-4.95025
-4.95183
-4.95354
-4.95521
-4.95685
-4.9583
-4.96018
-4.96173
-4.96324
-4.96458
-4.96588
-4.96761
-4.96901
-4.97008
-4.97159
-4.97307
-4.97438
-4.97552
-4.97695
-4.97837
-4.97962
-4.98087
-4.98195
-4.98319
-4.98458
-4.98566
-4.98705
-4.98814
-4.98939
-4.99064
-4.99206
-4.99333
-4.99432
-4.99562
-4.99693
-4.99765
-4.99884
-5.00035
-5.00157
-5.00295
-5.00434
-5.00575
-5.00747
-5.00874
-5.01017
-5.01191
-5.01304
-5.01479
-5.01622
-5.01751
-5.01939
-5.02096
-5.02237
-5.02346
-5.02514
-5.02665
-5.02783
-5.02914
-5.03073
-5.03168
-5.0329
-5.03393
-5.03508
-5.03604
-5.03696
-5.03754
-5.03852
-5.03961
-5.04081
-5.04181
-5.04306
-5.04411
-5.0445
-5.0453
-5.0459
-5.0466
-5.04694
-5.04753
-5.04807
-5.04871
-5.04885
-5.04939
-5.04972
-5.04986
-5.04994
-5.04998
-5.04982
-5.04961
-5.04966
-5.04936
-5.04901
-5.04878
-5.0482
-5.04773
-5.04722
-5.04683
-5.0464
-5.04593
-5.04528
-5.04505
-5.04433
-5.04374
-5.04297
-5.04262
-5.04179
-5.04094
-5.04052
-5.03978
-5.03916
-5.03822
-5.03742
-5.03675
-5.03607
-5.03506
-5.03435
-5.03347
-5.03243
-5.03167
-5.03046
-5.02908
-5.02815
-5.02721
-5.02627
-5.02502
-5.02361
-5.02265
-5.02184
-5.02087
-5.02005
-5.01923
-5.01826
-5.01714
-5.01616
-5.01519
-5.01452
-5.014
-5.01257
-5.0113
-5.00988
-5.00877
-5.00765
-5.00654
-5.00543
-5.00447
-5.00337
-5.00272
-5.00177
-5.00097
-5.00003
-4.99924
-4.99876
-4.99768
-4.99675
-4.99568
-4.99476
-4.99384
-4.99263
-4.99158
-4.99068
-4.98964
-4.98876
-4.98788
-4.98716
-4.98615
-4.9853
-4.98416
-4.98317
-4.98235
-4.98185
-4.9809
-4.97997
-4.97905
-4.97815
-4.97741
-4.9767
-4.976
-4.97518
-4.97438
-4.97375
-4.97315
-4.97212
-4.97202
-4.97151
-4.97117
-4.97087
-4.97046
-4.96992
-4.96943
-4.96928
-4.96902
-4.96865
-4.96817
-4.96805
-4.96812
-4.96839
-4.96841
-4.96848
-4.96891
-4.96909
-4.96978
-4.96992
-4.97028
-4.97069
-4.97131
-4.97184
-4.97274
-4.97339
-4.97411
-4.97444
-4.97543
-4.97634
-4.97685
-4.97788
-4.97927
-4.98027
-4.98133
-4.98246
-4.98364
-4.98473
-4.98602
-4.98768
-4.98939
-4.99115
-4.99281
-4.99452
-4.99643
-4.99824
-4.99979
-5.00138
-5.00346
-5.00574
-5.00759
-5.00964
-5.01156
-5.01381
-5.01549
-5.0178
-5.01998
-5.02188
-5.02409
-5.02663
-5.02872
-5.03098
-5.03355
-5.03596
-5.03839
-5.04036
-5.04278
-5.04519
-5.0473
-5.04969
-5.05208
-5.05414
-5.05634
-5.05852
-5.06082
-5.06295
-5.06474
-5.06711
-5.06914
-5.07113
-5.07339
-5.0753
-5.07732
-5.07884
-5.08017
-5.08189
-5.08356
-5.08502
-5.08627
-5.08777
-5.08905
-5.09027
-5.09187
-5.09326
-5.09457
-5.09597
-5.09714
-5.09809
-5.09911
-5.09975
-5.10017
-5.10066
-5.10107
-5.1017
-5.1018
-5.10212
-5.1022
-5.10251
-5.10274
-5.10273
-5.10249
-5.10262
-5.10237
-5.10204
-5.10209
-5.10161
-5.1012
-5.10071
-5.1
-5.09922
-5.09866
-5.09759
-5.09661
-5.09555
-5.09444
-5.09327
-5.09204
-5.09076
-5.08928
-5.08806
-5.08679
-5.08564
-5.0843
-5.08262
-5.08092
-5.07919
-5.07759
-5.07567
-5.07435
-5.07271
-5.07092
-5.06958
-5.06795
-5.06632
-5.0647
-5.06325
-5.06168
-5.06043
-5.0589
-5.05741
-5.05596
-5.05455
-5.05333
-5.05231
-5.05105
-5.04954
-5.04855
-5.04746
-5.04659
-5.04565
-5.04477
-5.04427
-5.04385
-5.04336
-5.04295
-5.04217
-5.04163
-5.04163
-5.04141
-5.04129
-5.04125
-5.04146
-5.04116
-5.04156
-5.0416
-5.04203
-5.0424
-5.04286
-5.04372
-5.04452
-5.04541
-5.04669
-5.04791
-5.04891
-5.0503
-5.05161
-5.05301
-5.05464
-5.05635
-5.05797
-5.05982
-5.06144
-5.06312
-5.06471
-5.06666
-5.06852
-5.07043
-5.07254
-5.07455
-5.07705
-5.07959
-5.08171
-5.08417
-5.08665
-5.08901
-5.09169
-5.09438
-5.09679
-5.0992
-5.10177
-5.10404
-5.10676
-5.10901
-5.11141
-5.11349
-5.11571
-5.1182
-5.12037
-5.12266
-5.12507
-5.12759
-5.12947
-5.13176
-5.134
-5.13604
-5.13788
-5.13981
-5.14169
-5.1435
-5.14541
-5.14739
-5.14916
-5.151
-5.15262
-5.15402
-5.15533
-5.15702
-5.15802
-5.15894
-5.15947
-5.16022
-5.16119
-5.16191
-5.16239
-5.16278
-5.16292
-5.16313
-5.16309
-5.16371
-5.16364
-5.16362
-5.16351
-5.16315
-5.16285
-5.16245
-5.16242
-5.16214
-5.16147
-5.16101
-5.16016
-5.15937
-5.15849
-5.15768
-5.15663
-5.15534
-5.15382
-5.15252
-5.15099
-5.14953
-5.14785
-5.14624
-5.14396
-5.14191
-5.1401
-5.13807
-5.13613
-5.13413
-5.13163
-5.12937
-5.12706
-5.12471
-5.12231
-5.12002
-5.11769
-5.11548
-5.11308
-5.11066
-5.10792
-5.10531
-5.10253
-5.09989
-5.09695
-5.09461
-5.09212
-5.08948
-5.08716
-5.08456
-5.08229
-5.07989
-5.07722
-5.07459
-5.07216
-5.06978
-5.06746
-5.06535
-5.06315
-5.06149
-5.0596
-5.05765
-5.05594
-5.05387
-5.05207
-5.05067
-5.04938
-5.04806
-5.04687
-5.04626
-5.04533
-5.04438
-5.04372
-5.04321
-5.04285
-5.04278
-5.04272
-5.04311
-5.04305
-5.04344
-5.04384
-5.04469
-5.04524
-5.04654
-5.04738
-5.04837
-5.0498
-5.05137
-5.05247
-5.05429
-5.05639
-5.05846
-5.06063
-5.06305
-5.06543
-5.06804
-5.07073
-5.0732
-5.07588
-5.07893
-5.08158
-5.08442
-5.087
-5.0896
-5.09253
-5.09532
-5.09842
-5.10137
-5.10431
-5.10723
-5.10968
-5.11256
-5.1157
-5.1182
-5.12096
-5.12351
-5.12617
-5.12891
-5.13159
-5.1339
-5.13629
-5.1386
-5.14084
-5.14284
-5.14492
-5.14705
-5.14864
-5.15045
-5.15216
-5.15378
-5.15546
-5.15643
-5.15791
-5.15899
-5.16043
-5.16162
-5.16287
-5.16371
-5.16461
-5.16526
-5.16551
-5.16566
-5.16633
-5.16644
-5.16677
-5.16685
-5.16685
-5.1669
-5.16672
-5.16614
-5.16564
-5.1652
-5.16483
-5.16469
-5.16386
-5.16264
-5.16166
-5.16076
-5.15978
-5.15888
-5.15761
-5.15642
-5.15516
-5.15369
-5.15291
-5.15146
-5.14995
-5.14838
-5.1469
-5.14505
-5.14376
-5.1418
-5.13979
-5.13802
-5.13605
-5.13417
-5.13209
-5.12981
-5.12762
-5.12553
-5.1234
-5.12106
-5.11851
-5.11622
-5.11358
-5.11059
-5.10831
-5.10552
-5.10284
-5.10027
-5.09704
-5.09408
-5.09107
-5.08832
-5.08523
-5.08239
-5.07967
-5.07661
-5.07367
-5.07038
-5.06706
-5.06401
-5.06063
-5.05737
-5.05424
-5.05078
-5.04714
-5.04394
-5.04071
-5.03732
-5.03362
-5.0299
-5.02663
-5.02335
-5.01991
-5.01648
-5.01304
-5.00946
-5.00604
-5.00247
-4.99891
-4.99567
-4.99215
-4.98879
-4.98531
-4.982
-4.97871
-4.97561
-4.97239
-4.96935
-4.96635
-4.96293
-4.95986
-4.95698
-4.954
-4.95106
-4.94787
-4.94503
-4.94225
-4.93967
-4.93745
-4.93469
-4.93213
-4.92963
-4.92689
-4.92452
-4.92236
-4.92011
-4.91763
-4.91536
-4.91362
-4.91164
-4.90957
-4.90772
-4.90609
-4.90438
-4.90273
-4.901
-4.89964
-4.89804
-4.89726
-4.89595
-4.89454
-4.89336
-4.89223
-4.89132
-4.89033
-4.88939
-4.88821
-4.88755
-4.88664
-4.88594
-4.88499
-4.88471
-4.88448
-4.88431
-4.88388
-4.88351
-4.88319
-4.88247
-4.88255
-4.88238
-4.88226
-4.88264
-4.88262
-4.88294
-4.88302
-4.88298
-4.8833
-4.88351
-4.88362
-4.88422
-4.88488
-4.88512
-4.88572
-4.88621
-4.88674
-4.88718
-4.8875
-4.88818
-4.88891
-4.88968
-4.89051
-4.89123
-4.892
-4.89328
-4.8943
-4.89553
-4.89635
-4.89769
-4.89892
-4.90021
-4.90125
-4.9025
-4.90395
-4.90531
-4.90672
-4.90849
-4.90972
-4.91145
-4.91294
-4.91494
-4.91699
-4.91895
-4.92067
-4.92259
-4.92472
-4.9269
-4.9296
-4.93144
-4.93393
-4.93633
-4.93878
-4.94128
-4.94383
-4.94643
-4.94923
-4.95222
-4.9551
-4.95788
-4.96024
-4.96294
-4.96584
-4.96876
-4.97157
-4.97471
-4.97774
-4.98108
-4.98401
-4.98695
-4.99022
-4.9932
-4.99605
-4.99982
-5.00299
-5.00617
-5.00921
-5.01255
-5.01575
-5.01848
-5.02198
-5.02516
-5.02818
-5.0312
-5.0345
-5.03764
-5.04107
-5.04417
-5.0471
-5.05062
-5.05381
-5.05712
-5.05981
-5.06292
-5.066
-5.06935
-5.07207
-5.0749
-5.0777
-5.08031
-5.08273
-5.08542
-5.08808
-5.09039
-5.09327
-5.09611
-5.09891
-5.10152
-5.10379
-5.10648
-5.10867
-5.11128
-5.11339
-5.11577
-5.11827
-5.12042
-5.12284
-5.12507
-5.12711
-5.12897
-5.13094
-5.13287
-5.13492
-5.13678
-5.13876
-5.14056
-5.14201
-5.14374
-5.14573
-5.14723
-5.149
-5.15074
-5.15273
-5.15439
-5.15571
-5.157
-5.15824
-5.15974
-5.16075
-5.16247
-5.16354
-5.16487
-5.166
-5.16723
-5.16826
-5.16939
-5.17047
-5.17149
-5.17185
-5.1723
-5.17299
-5.17362
-5.17449
-5.17499
-5.17511
-5.17548
-5.17607
-5.17599
-5.17613
-5.17635
-5.17604
-5.17596
-5.1758
-5.17586
-5.17569
-5.17544
-5.17466
-5.17425
-5.17361
-5.17258
-5.17178
-5.17104
-5.17008
-5.16903
-5.16821
-5.16716
-5.16573
-5.16437
-5.16279
-5.16099
-5.15956
-5.15777
-5.1562
-5.15442
-5.15242
-5.1502
-5.14808
-5.14604
-5.14395
-5.14195
-5.13975
-5.13764
-5.13534
-5.13314
-5.13105
-5.12876
-5.12598
-5.12332
-5.12078
-5.11835
-5.1156
-5.11296
-5.11046
-5.10778
-5.10509
-5.10193
-5.09906
-5.09648
-5.09389
-5.0913
-5.08856
-5.08567
-5.08278
-5.08021
-5.07719
-5.07434
-5.07136
-5.06839
-5.06575
-5.06314
-5.06056
-5.058
-5.05564
-5.05316
-5.05072
-5.04832
-5.04582
-5.04366
-5.04156
-5.03921
-5.03707
-5.03468
-5.0325
-5.03069
-5.02879
-5.02695
-5.02502
-5.02347
-5.02168
-5.01966
-5.01832
-5.01689
-5.01523
-5.0141
-5.01274
-5.01175
-5.01054
-5.00969
-5.00862
-5.00807
-5.00744
-5.00658
-5.00595
-5.00538
-5.00473
-5.00445
-5.00408
-5.00379
-5.00371
-5.00355
-5.0036
-5.00326
-5.00329
-5.00308
-5.00324
-5.00345
-5.00373
-5.00437
-5.00477
-5.00507
-5.00559
-5.00601
-5.00664
-5.00732
-5.00806
-5.00946
-5.01015
-5.01135
-5.01215
-5.013
-5.01389
-5.01514
-5.01628
-5.01732
-5.01855
-5.01967
-5.02129
-5.0225
-5.02375
-5.02503
-5.02696
-5.02847
-5.03001
-5.03143
-5.03319
-5.03498
-5.03649
-5.03834
-5.03976
-5.04151
-5.04313
-5.04492
-5.04659
-5.04828
-5.05
-5.05158
-5.05364
-5.05556
-5.0569
-5.05917
-5.061
-5.0633
-5.06517
-5.06751
-5.06971
-5.07163
-5.07371
-5.07597
-5.07808
-5.08022
-5.08251
-5.08468
-5.087
-5.0895
-5.09185
-5.09437
-5.09645
-5.0987
-5.10111
-5.10368
-5.10597
-5.10826
-5.11072
-5.11288
-5.11536
-5.11755
-5.11944
-5.12194
-5.1243
-5.12652
-5.12889
-5.13096
-5.13319
-5.13557
-5.1381
-5.14078
-5.14346
-5.14583
-5.1482
-5.15027
-5.15277
-5.15512
-5.1573
-5.15962
-5.16177
-5.16406
-5.16648
-5.16873
-5.17096
-5.17331
-5.17578
-5.17792
-5.17973
-5.1818
-5.18399
-5.18599
-5.18779
-5.18986
-5.19172
-5.19354
-5.195
-5.19671
-5.19822
-5.19982
-5.20121
-5.20253
-5.20364
-5.20484
-5.20612
-5.20763
-5.20893
-5.20984
-5.21084
-5.21145
-5.21214
-5.21291
-5.2136
-5.21436
-5.21489
-5.21504
-5.2154
-5.21554
-5.21604
-5.21632
-5.21606
-5.21647
-5.21666
-5.21615
-5.21632
-5.21566
-5.21491
-5.21424
-5.21319
-5.21237
-5.21208
-5.21171
-5.21066
-5.20985
-5.20866
-5.20771
-5.20669
-5.20561
-5.20416
-5.20295
-5.20123
-5.19961
-5.19793
-5.19634
-5.19455
-5.19272
-5.19099
-5.18936
-5.18739
-5.18553
-5.18394
-5.18185
-5.17988
-5.17757
-5.17539
-5.17333
-5.17139
-5.16913
-5.16715
-5.16529
-5.16297
-5.16093
-5.15858
-5.15636
-5.15397
-5.15203
-5.14993
-5.14752
-5.14541
-5.14313
-5.14086
-5.13827
-5.13599
-5.13355
-5.13142
-5.12898
-5.12639
-5.1241
-5.12182
-5.11969
-5.11741
-5.11513
-5.11255
-5.11013
-5.10801
-5.10559
-5.10348
-5.10121
-5.0988
-5.09654
-5.09474
-5.09248
-5.09008
-5.08768
-5.08528
-5.08319
-5.08079
-5.07855
-5.07631
-5.07361
-5.07122
-5.06914
-5.06691
-5.06467
-5.06214
-5.05991
-5.05754
-5.05502
-5.05281
-5.05045
-5.04824
-5.04605
-5.04432
-5.04244
-5.04043
-5.03783
-5.03554
-5.03341
-5.03146
-5.02937
-5.0273
-5.02525
-5.02292
-5.02092
-5.01894
-5.017
-5.01508
-5.0132
-5.01135
-5.0097
-5.00792
-5.00619
-5.00451
-5.00286
-5.00127
-4.99942
-4.99763
-4.99619
-4.99495
-4.99347
-4.9919
-4.99085
-4.98955
-4.98802
-4.9873
-4.98636
-4.98548
-4.98467
-4.98378
-4.98311
-4.98251
-4.98199
-4.98154
-4.98102
-4.98072
-4.9805
-4.9802
-4.97982
-4.97966
-4.97974
-4.97958
-4.97979
-4.98008
-4.98073
-4.98115
-4.98163
-4.98217
-4.98277
-4.98343
-4.98369
-4.98446
-4.98512
-4.98583
-4.98672
-4.98766
-4.98862
-4.98977
-4.99078
-4.99197
-4.99287
-4.99408
-4.99485
-4.99562
-4.99683
-4.99819
-4.99908
-5.00025
-5.00125
-5.00206
-5.003
-5.00404
-5.0052
-5.006
-5.0069
-5.00744
-5.00837
-5.00849
-5.00913
-5.00971
-5.01006
-5.01032
-5.0105
-5.0106
-5.0109
-5.01081
-5.01048
-5.01035
-5.00966
-5.00903
-5.00844
-5.0082
-5.0074
-5.0068
-5.00578
-5.00481
-5.00327
-5.00207
-5.00061
-4.99874
-4.99721
-4.99511
-4.99336
-4.99105
-4.98923
-4.987
-4.98437
-4.98208
-4.97953
-4.97688
-4.97413
-4.97127
-4.96848
-4.96528
-4.96183
-4.9586
-4.95528
-4.95172
-4.94808
-4.94497
-4.94102
-4.9373
-4.93336
-4.92935
-4.92513
-4.92161
-4.91772
-4.91349
-4.90966
-4.90549
-4.90128
-4.89704
-4.89293
-4.88834
-4.88404
-4.87973
-4.87527
-4.87096
-4.86697
-4.863
-4.85889
-4.85468
-4.84989
-4.84576
-4.84184
-4.83753
-4.8336
-4.83004
-4.82628
-4.82247
-4.81906
-4.81577
-4.8123
-4.80896
-4.80562
-4.80272
-4.79998
-4.79726
-4.79501
-4.79295
-4.79122
-4.78938
-4.78775
-4.78632
-4.7851
-4.78395
-4.78348
-4.78307
-4.78259
-4.78219
-4.78218
-4.78239
-4.78299
-4.78382
-4.78518
-4.78663
-4.78814
-4.79003
-4.79199
-4.79401
-4.79624
-4.79897
-4.80175
-4.80456
-4.8074
-4.81057
-4.81406
-4.8177
-4.82119
-4.82527
-4.82949
-4.83367
-4.83766
-4.84205
-4.84654
-4.85141
-4.8559
-4.86061
-4.86507
-4.86958
-4.87443
-4.87962
-4.88483
-4.8899
-4.89498
-4.89991
-4.90498
-4.91034
-4.91524
-4.92026
-4.92525
-4.92975
-4.93436
-4.93893
-4.9433
-4.94791
-4.95202
-4.95668
-4.96173
-4.96595
-4.97011
-4.97449
-4.97866
-4.9829
-4.98707
-4.9907
-4.99471
-4.99849
-5.00189
-5.00551
-5.00889
-5.0122
-5.01542
-5.01886
-5.02177
-5.0249
-5.0281
-5.03138
-5.03427
-5.03709
-5.03984
-5.04251
-5.04496
-5.04749
-5.04996
-5.05236
-5.05454
-5.05652
-5.05875
-5.06107
-5.06319
-5.06542
-5.0673
-5.0693
-5.07126
-5.07319
-5.07493
-5.07681
-5.07897
-5.08111
-5.08264
-5.08386
-5.08568
-5.0875
-5.08948
-5.09117
-5.09286
-5.09473
-5.09662
-5.09838
-5.10032
-5.10229
-5.10429
-5.10649
-5.10827
-5.11055
-5.11287
-5.11509
-5.11781
-5.12028
-5.12265
-5.12522
-5.12769
-5.13037
-5.13264
-5.13543
-5.13811
-5.14039
-5.14302
-5.1457
-5.14857
-5.15149
-5.15415
-5.15699
-5.16017
-5.16323
-5.16616
-5.16972
-5.17285
-5.17599
-5.17914
-5.18229
-5.18545
-5.1886
-5.19189
-5.19517
-5.19768
-5.20061
-5.20337
-5.20655
-5.2094
-5.21235
-5.21525
-5.2181
-5.2212
-5.22364
-5.22617
-5.22939
-5.23163
-5.23441
-5.23681
-5.23912
-5.24136
-5.24367
-5.24603
-5.24801
-5.24991
-5.25125
-5.25326
-5.25503
-5.25655
-5.25858
-5.26006
-5.26145
-5.26244
-5.26349
-5.26459
-5.26545
-5.26651
-5.26718
-5.26791
-5.26825
-5.26865
-5.26896
-5.26902
-5.2687
-5.26875
-5.26887
-5.26874
-5.26824
-5.26765
-5.26713
-5.26669
-5.26647
-5.26617
-5.2658
-5.26474
-5.26407
-5.26302
-5.26205
-5.26116
-5.2599
-5.25826
-5.25686
-5.25554
-5.2537
-5.2521
-5.25119
-5.24946
-5.24796
-5.24656
-5.24494
-5.24325
-5.24151
-5.23941
-5.2374
-5.23533
-5.23335
-5.23117
-5.22909
-5.22695
-5.22462
-5.22208
-5.21995
-5.21747
-5.21509
-5.21268
-5.20992
-5.20742
-5.20459
-5.20187
-5.19912
-5.19634
-5.19322
-5.19039
-5.18753
-5.18464
-5.18174
-5.17867
-5.17543
-5.17278
-5.17057
-5.1673
-5.16402
-5.16118
-5.15805
-5.15506
-5.15222
-5.14848
-5.14534
-5.14207
-5.1388
-5.13569
-5.13259
-5.12965
-5.12688
-5.12427
-5.12138
-5.11866
-5.1158
-5.11281
-5.11015
-5.1072
-5.10428
-5.10184
-5.09926
-5.09642
-5.09345
-5.0908
-5.08834
-5.08561
-5.0829
-5.08022
-5.07788
-5.07482
-5.07239
-5.07
-5.06794
-5.06577
-5.06333
-5.06093
-5.05871
-5.05669
-5.05471
-5.05261
-5.05025
-5.04809
-5.04626
-5.04448
-5.04275
-5.04075
-5.03865
-5.03705
-5.03549
-5.03383
-5.03207
-5.03035
-5.02898
-5.02751
-5.02579
-5.02442
-5.02325
-5.02198
-5.02076
-5.01973
-5.01861
-5.01754
-5.01653
-5.01556
-5.01434
-5.01332
-5.0125
-5.01219
-5.01147
-5.01065
-5.01002
-5.0099
-5.00952
-5.00888
-5.00829
-5.00819
-5.00784
-5.00783
-5.00725
-5.00686
-5.00651
-5.00649
-5.00651
-5.00641
-5.00635
-5.00631
-5.0066
-5.00646
-5.0062
-5.00627
-5.0062
-5.0066
-5.00687
-5.00716
-5.00716
-5.00747
-5.00794
-5.00812
-5.00846
-5.0085
-5.00854
-5.00918
-5.00953
-5.00971
-5.0099
-5.00962
-5.00949
-5.00965
-5.00995
-5.00994
-5.00977
-5.01033
-5.01043
-5.01081
-5.01072
-5.01061
-5.01078
-5.01078
-5.0106
-5.01055
-5.01048
-5.01039
-5.01042
-5.00997
-5.00995
-5.0096
-5.00953
-5.00914
-5.00917
-5.00888
-5.00857
-5.00823
-5.00802
-5.00748
-5.00723
-5.00696
-5.00652
-5.00606
-5.00558
-5.00479
-5.00414
-5.00363
-5.00296
-5.00244
-5.0019
-5.00152
-5.00143
-5.0006
-4.99976
-4.99923
-4.99871
-4.99819
-4.99784
-4.99719
-4.99626
-4.9958
-4.99566
-4.99524
-4.99484
-4.99446
-4.99441
-4.99424
-4.9941
-4.99369
-4.99317
-4.99297
-4.99297
-4.99315
-4.99307
-4.99303
-4.99273
-4.99277
-4.99286
-4.99298
-4.99315
-4.99352
-4.99363
-4.99379
-4.99429
-4.99484
-4.99543
-4.99592
-4.99675
-4.99763
-4.99825
-4.99892
-4.99962
-5.00022
-5.00056
-5.00109
-5.00151
-5.00241
-5.00351
-5.00464
-5.0061
-5.00699
-5.00791
-5.00932
-5.0106
-5.01205
-5.01338
-5.01458
-5.01564
-5.01688
-5.01797
-5.01954
-5.02066
-5.02225
-5.02354
-5.02499
-5.0263
-5.02746
-5.02876
-5.03007
-5.03168
-5.03269
-5.03399
-5.03528
-5.03672
-5.038
-5.03911
-5.04082
-5.04222
-5.0436
-5.04467
-5.04557
-5.04691
-5.04809
-5.04955
-5.051
-5.05197
-5.05308
-5.05433
-5.0554
-5.05646
-5.05765
-5.05898
-5.05968
-5.06082
-5.06165
-5.06275
-5.06369
-5.06492
-5.06583
-5.06642
-5.06715
-5.06786
-5.06886
-5.0697
-5.07067
-5.07134
-5.07214
-5.07323
-5.07386
-5.07448
-5.07525
-5.07585
-5.07691
-5.07765
-5.07839
-5.07883
-5.07957
-5.0803
-5.08134
-5.08207
-5.08266
-5.08355
-5.08475
-5.08535
-5.08581
-5.08673
-5.08751
-5.08844
-5.08909
-5.0896
-5.09058
-5.09142
-5.09243
-5.09345
-5.09435
-5.09541
-5.0959
-5.0967
-5.09769
-5.09884
-5.09972
-5.10063
-5.10156
-5.10266
-5.10394
-5.1051
-5.10673
-5.10809
-5.10948
-5.11088
-5.11216
-5.11361
-5.11479
-5.11613
-5.11779
-5.11917
-5.12071
-5.12212
-5.12369
-5.12526
-5.12639
-5.12798
-5.12956
-5.13085
-5.13258
-5.1343
-5.1354
-5.13695
-5.13832
-5.13967
-5.1413
-5.1426
-5.14386
-5.14494
-5.14598
-5.14713
-5.14823
-5.14912
-5.15027
-5.15121
-5.15255
-5.15352
-5.15412
-5.15496
-5.15543
-5.15583
-5.15585
-5.15655
-5.15688
-5.15712
-5.15699
-5.15708
-5.15708
-5.15716
-5.15716
-5.15693
-5.15647
-5.15593
-5.15546
-5.15477
-5.15445
-5.15346
-5.153
-5.15217
-5.15112
-5.15031
-5.14959
-5.14851
-5.14737
-5.14649
-5.14495
-5.14413
-5.14281
-5.1413
-5.13992
-5.13865
-5.13721
-5.13545
-5.13351
-5.13217
-5.13082
-5.12932
-5.12781
-5.12661
-5.12511
-5.12363
-5.12231
-5.12101
-5.11957
-5.11832
-5.11709
-5.11559
-5.11427
-5.11314
-5.11175
-5.11055
-5.10939
-5.10813
-5.10676
-5.10574
-5.10463
-5.10401
-5.10315
-5.10233
-5.10172
-5.10102
-5.10051
-5.09976
-5.09952
-5.09887
-5.09828
-5.09774
-5.09695
-5.09682
-5.09674
-5.0964
-5.09611
-5.09587
-5.09568
-5.09568
-5.09602
-5.0964
-5.09637
-5.09653
-5.09657
-5.09695
-5.09691
-5.09736
-5.09783
-5.09863
-5.09886
-5.09865
-5.09908
-5.09967
-5.09998
-5.10061
-5.10111
-5.10162
-5.10214
-5.10267
-5.10381
-5.1039
-5.10461
-5.10501
-5.10542
-5.10629
-5.10685
-5.10725
-5.10766
-5.10821
-5.10846
-5.10885
-5.10938
-5.10976
-5.10982
-5.11017
-5.11097
-5.11145
-5.11191
-5.11282
-5.11281
-5.11338
-5.11394
-5.11433
-5.11486
-5.11506
-5.11525
-5.11557
-5.11572
-5.11601
-5.11627
-5.11667
-5.1169
-5.11711
-5.11745
-5.11732
-5.11748
-5.11761
-5.11788
-5.11797
-5.11805
-5.11841
-5.11845
-5.11832
-5.11833
-5.11802
-5.11799
-5.11779
-5.11773
-5.11765
-5.11785
-5.11804
-5.11791
-5.11762
-5.11745
-5.11727
-5.11723
-5.11702
-5.11679
-5.11685
-5.11658
-5.11615
-5.11586
-5.11539
-5.11522
-5.11532
-5.11496
-5.11398
-5.11343
-5.11302
-5.11259
-5.1123
-5.11168
-5.11136
-5.11071
-5.1102
-5.10968
-5.10959
-5.10889
-5.10862
-5.10789
-5.10745
-5.107
-5.10638
-5.10575
-5.10527
-5.10477
-5.10427
-5.1036
-5.10294
-5.10211
-5.10113
-5.10045
-5.09977
-5.09878
-5.09794
-5.09666
-5.09598
-5.09515
-5.09448
-5.09367
-5.09271
-5.09236
-5.09158
-5.09095
-5.09064
-5.09004
-5.08916
-5.08859
-5.08803
-5.08734
-5.08667
-5.08663
-5.0863
-5.08554
-5.08556
-5.08544
-5.0846
-5.08438
-5.08403
-5.08386
-5.08356
-5.08313
-5.08243
-5.08205
-5.08169
-5.08136
-5.08136
-5.08107
-5.08096
-5.08133
-5.08126
-5.08122
-5.0815
-5.08164
-5.08166
-5.08154
-5.08159
-5.08165
-5.08188
-5.08198
-5.08224
-5.08236
-5.08294
-5.08309
-5.08294
-5.08294
-5.08296
-5.08298
-5.083
-5.08288
-5.08276
-5.08279
-5.08297
-5.08284
-5.08286
-5.08318
-5.08304
-5.0835
-5.08335
-5.08364
-5.08377
-5.08358
-5.08369
-5.08393
-5.08386
-5.08437
-5.08426
-5.08428
-5.08399
-5.08413
-5.08394
-5.08404
-5.08396
-5.08401
-5.08389
-5.08373
-5.08341
-5.08351
-5.08313
-5.08287
-5.08259
-5.08213
-5.08133
-5.08126
-5.08071
-5.08059
-5.08013
-5.07964
-5.07897
-5.07842
-5.07799
-5.07752
-5.07733
-5.07681
-5.0761
-5.07552
-5.07475
-5.0741
-5.07327
-5.07211
-5.07123
-5.07047
-5.06968
-5.06871
-5.06788
-5.06687
-5.06613
-5.06538
-5.06416
-5.06291
-5.06166
-5.06068
-5.0597
-5.05855
-5.05725
-5.05593
-5.05492
-5.0539
-5.05288
-5.05157
-5.05041
-5.04972
-5.04858
-5.04746
-5.0465
-5.04526
-5.04419
-5.04314
-5.04213
-5.04114
-5.04033
-5.03941
-5.03852
-5.03783
-5.03702
-5.03611
-5.0354
-5.03473
-5.03381
-5.03309
-5.03273
-5.03227
-5.03186
-5.03151
-5.03137
-5.03099
-5.03081
-5.03084
-5.03062
-5.03077
-5.03112
-5.03138
-5.03154
-5.03161
-5.03202
-5.03234
-5.03316
-5.03342
-5.03372
-5.03422
-5.03491
-5.03548
-5.03593
-5.03672
-5.03783
-5.03837
-5.03907
-5.03965
-5.04053
-5.04128
-5.04188
-5.04249
-5.04324
-5.04415
-5.04474
-5.04487
-5.04575
-5.0463
-5.04699
-5.04765
-5.04845
-5.04891
-5.04934
-5.04989
-5.05011
-5.05044
-5.05074
-5.051
-5.05107
-5.05139
-5.05168
-5.05193
-5.05243
-5.05244
-5.05225
-5.05232
-5.05295
-5.05294
-5.05273
-5.05248
-5.05219
-5.05186
-5.05164
-5.05168
-5.05169
-5.05105
-5.05068
-5.05012
-5.04969
-5.04906
-5.04872
-5.04804
-5.04763
-5.04705
-5.04629
-5.04566
-5.04516
-5.04433
-5.04333
-5.04262
-5.04204
-5.0413
-5.04069
-5.03976
-5.03897
-5.03802
-5.03751
-5.03699
-5.03615
-5.03531
-5.03446
-5.0339
-5.03273
-5.03171
-5.03054
-5.02966
-5.02893
-5.02789
-5.0273
-5.02626
-5.02492
-5.02433
-5.02344
-5.0224
-5.02196
-5.02108
-5.02004
-5.01932
-5.01814
-5.01727
-5.01611
-5.01525
-5.0141
-5.01311
-5.01228
-5.01177
-5.01096
-5.00987
-5.00909
-5.00847
-5.00787
-5.00729
-5.00628
-5.00559
-5.00492
-5.00412
-5.00379
-5.00364
-5.00276
-5.00252
-5.00184
-5.0015
-5.00103
-5.00045
-5.00035
-5.00013
-4.9998
-4.9995
-4.99938
-4.999
-4.99881
-4.99851
-4.99824
-4.99832
-4.99859
-4.99844
-4.99849
-4.99858
-4.99901
-4.99918
-4.99939
-4.99964
-4.99993
-5.00042
-5.0011
-5.00166
-5.00212
-5.00246
-5.00299
-5.00325
-5.00386
-5.00465
-5.00532
-5.00602
-5.00691
-5.00798
-5.00892
-5.01005
-5.01105
-5.01207
-5.01311
-5.01448
-5.01542
-5.01622
-5.01733
-5.01831
-5.0193
-5.02045
-5.02176
-5.02307
-5.02393
-5.02495
-5.02596
-5.02697
-5.02813
-5.02913
-5.03012
-5.03125
-5.03206
-5.03286
-5.03394
-5.0347
-5.03559
-5.03646
-5.0373
-5.03827
-5.03905
-5.03981
-5.04084
-5.04123
-5.04188
-5.04265
-5.04308
-5.04332
-5.04412
-5.04473
-5.04514
-5.0455
-5.04597
-5.04655
-5.04692
-5.04679
-5.04676
-5.04682
-5.04684
-5.04664
-5.04655
-5.04655
-5.04634
-5.04623
-5.04576
-5.04538
-5.04479
-5.04445
-5.0442
-5.04374
-5.04307
-5.04235
-5.04126
-5.04058
-5.03953
-5.03889
-5.03803
-5.03713
-5.03617
-5.03502
-5.03366
-5.03226
-5.03081
-5.02947
-5.02793
-5.02636
-5.0246
-5.02266
-5.02129
-5.0199
-5.01833
-5.01658
-5.01482
-5.01289
-5.01124
-5.00974
-5.00794
-5.00628
-5.00461
-5.00295
-5.0013
-5.00011
-4.99863
-4.99701
-4.9954
-4.99337
-4.99165
-4.99027
-4.98905
-4.98742
-4.98566
-4.98423
-4.98298
-4.98147
-4.98044
-4.97869
-4.97773
-4.9768
-4.97576
-4.9749
-4.97423
-4.97328
-4.97237
-4.97089
-4.96989
-4.96892
-4.96783
-4.96706
-4.96618
-4.96532
-4.96449
-4.96338
-4.9626
-4.96184
-4.96126
-4.96055
-4.95955
-4.95874
-4.95809
-4.95762
-4.95702
-4.95645
-4.9559
-4.95522
-4.95472
-4.95425
-4.95412
-4.95386
-4.95393
-4.95359
-4.95343
-4.953
-4.95307
-4.95273
-4.95273
-4.95232
-4.95226
-4.95194
-4.95198
-4.95146
-4.95159
-4.95178
-4.95202
-4.95261
-4.9531
-4.95365
-4.9541
-4.95491
-4.95531
-4.95637
-4.95687
-4.95758
-4.95833
-4.95913
-4.96012
-4.96084
-4.96176
-4.96271
-4.96353
-4.96409
-4.96527
-4.96632
-4.96784
-4.96831
-4.96909
-4.97019
-4.97128
-4.97222
-4.97345
-4.97451
-4.97556
-4.97659
-4.97729
-4.97797
-4.97906
-4.97997
-4.98053
-4.98135
-4.98243
-4.98315
-4.98382
-4.98429
-4.98469
-4.98518
-4.98606
-4.98627
-4.98701
-4.98693
-4.98723
-4.98716
-4.98731
-4.98693
-4.98678
-4.9867
-4.9864
-4.98602
-4.98525
-4.98457
-4.9835
-4.98296
-4.98235
-4.98152
-4.98031
-4.97918
-4.97753
-4.97641
-4.97538
-4.97414
-4.97254
-4.97118
-4.96977
-4.9686
-4.96708
-4.96582
-4.96391
-4.96211
-4.96043
-4.95841
-4.95666
-4.95503
-4.95339
-4.95172
-4.94973
-4.94773
-4.94587
-4.944
-4.94198
-4.94012
-4.9381
-4.93624
-4.9347
-4.93256
-4.93089
-4.92925
-4.92732
-4.92542
-4.92415
-4.92201
-4.92021
-4.91874
-4.91731
-4.91592
-4.91458
-4.91297
-4.91203
-4.91067
-4.90968
-4.90873
-4.90784
-4.90686
-4.90563
-4.90477
-4.90382
-4.90292
-4.90195
-4.90134
-4.90064
-4.90002
-4.89946
-4.89928
-4.89886
-4.89881
-4.89793
-4.89772
-4.89744
-4.89737
-4.89738
-4.89746
-4.89761
-4.89782
-4.89781
-4.89802
-4.89859
-4.89878
-4.89949
-4.90011
-4.90095
-4.90154
-4.9019
-4.90291
-4.90399
-4.90496
-4.90584
-4.90662
-4.90775
-4.90907
-4.91029
-4.912
-4.9133
-4.91448
-4.91569
-4.91709
-4.91866
-4.9198
-4.92127
-4.92291
-4.92456
-4.92638
-4.92791
-4.92945
-4.93099
-4.93208
-4.93377
-4.93531
-4.93699
-4.93881
-4.94033
-4.94167
-4.94315
-4.94461
-4.94605
-4.94762
-4.94885
-4.95021
-4.95169
-4.95268
-4.95393
-4.95499
-4.95602
-4.957
-4.95808
-4.95912
-4.95981
-4.9609
-4.96149
-4.96262
-4.96339
-4.96411
-4.96492
-4.96552
-4.9659
-4.96637
-4.96678
-4.96712
-4.9674
-4.96746
-4.9673
-4.96753
-4.96754
-4.96763
-4.96736
-4.96702
-4.96677
-4.96661
-4.96548
-4.9652
-4.96471
-4.96401
-4.96356
-4.96246
-4.96147
-4.96088
-4.95996
-4.959
-4.95831
-4.95715
-4.95596
-4.95507
-4.95416
-4.95325
-4.95234
-4.95129
-4.95071
-4.94969
-4.9487
-4.94805
-4.94744
-4.94641
-4.94559
-4.94498
-4.94428
-4.9435
-4.94294
-4.94245
-4.94189
-4.94202
-4.94193
-4.94178
-4.94202
-4.94234
-4.94231
-4.94266
-4.94264
-4.94286
-4.94362
-4.94415
-4.94476
-4.94574
-4.94678
-4.94803
-4.94889
-4.95024
-4.95134
-4.95231
-4.95347
-4.95465
-4.95584
-4.95704
-4.95809
-4.95913
-4.96062
-4.96178
-4.96293
-4.9642
-4.96498
-4.96602
-4.96733
-4.96828
-4.96888
-4.97004
-4.97084
-4.97158
-4.97242
-4.97319
-4.97376
-4.97426
-4.97441
-4.97479
-4.97543
-4.9757
-4.97607
-4.97624
-4.97652
-4.9769
-4.97678
-4.97678
-4.97689
-4.97683
-4.97659
-4.97603
-4.97575
-4.97592
-4.97578
-4.97595
-4.97566
-4.9757
-4.97574
-4.97566
-4.97561
-4.97573
-4.97575
-4.9758
-4.97575
-4.97606
-4.97611
-4.97638
-4.97671
-4.9771
-4.97742
-4.97825
-4.97872
-4.97955
-4.98032
-4.98117
-4.9821
-4.98311
-4.9842
-4.98553
-4.98664
-4.98798
-4.9894
-4.99091
-4.99249
-4.99415
-4.99558
-4.99738
-4.99925
-5.00133
-5.00318
-5.00523
-5.00734
-5.00935
-5.01155
-5.0138
-5.01623
-5.01855
-5.02104
-5.02356
-5.0261
-5.0285
-5.03106
-5.03332
-5.03558
-5.03799
-5.04069
-5.04323
-5.0456
-5.04809
-5.05025
-5.05239
-5.05479
-5.05669
-5.05885
-5.06112
-5.06318
-5.06549
-5.06743
-5.06917
-5.07099
-5.07273
-5.07456
-5.07616
-5.07753
-5.07913
-5.08034
-5.08177
-5.08311
-5.08421
-5.08522
-5.08645
-5.08727
-5.08786
-5.08865
-5.08919
-5.08948
-5.09013
-5.09068
-5.09053
-5.09058
-5.09039
-5.0907
-5.0903
-5.09011
-5.08952
-5.08913
-5.0891
-5.08822
-5.08739
-5.08677
-5.08591
-5.0848
-5.0836
-5.08231
-5.08094
-5.07948
-5.07808
-5.07645
-5.0749
-5.07296
-5.07079
-5.06901
-5.06685
-5.06477
-5.06217
-5.05996
-5.05739
-5.05507
-5.05284
-5.05025
-5.04793
-5.0454
-5.04268
-5.04008
-5.03744
-5.03432
-5.03147
-5.02845
-5.02541
-5.02266
-5.02005
-5.01743
-5.01451
-5.01174
-5.00929
-5.00684
-5.00396
-5.00126
-4.99888
-4.99593
-4.99377
-4.99136
-4.98883
-4.98621
-4.9841
-4.98175
-4.97946
-4.9771
-4.97496
-4.97305
-4.97153
-4.96949
-4.96785
-4.96615
-4.96455
-4.96336
-4.96212
-4.96085
-4.95968
-4.95864
-4.95771
-4.95675
-4.95651
-4.95595
-4.95551
-4.95535
-4.95486
-4.9548
-4.95472
-4.95506
-4.95524
-4.95568
-4.95626
-4.95695
-4.95777
-4.95885
-4.9596
-4.96092
-4.9622
-4.96344
-4.96494
-4.96668
-4.96808
-4.97018
-4.97222
-4.97405
-4.97611
-4.9784
-4.98062
-4.98291
-4.98527
-4.98785
-4.99049
-4.99333
-4.99577
-4.99826
-5.0011
-5.00382
-5.00658
-5.00922
-5.01188
-5.01487
-5.01758
-5.02045
-5.02333
-5.02592
-5.02882
-5.03172
-5.03462
-5.0372
-5.04009
-5.04326
-5.04596
-5.0488
-5.05131
-5.05395
-5.05657
-5.05946
-5.06186
-5.06453
-5.06731
-5.0696
-5.07185
-5.07466
-5.07728
-5.07984
-5.08206
-5.08452
-5.08678
-5.08929
-5.09174
-5.09383
-5.09571
-5.09798
-5.10003
-5.10203
-5.1038
-5.10551
-5.10685
-5.10842
-5.10977
-5.1112
-5.11241
-5.1137
-5.11507
-5.11621
-5.11743
-5.11842
-5.11949
-5.12034
-5.12081
-5.12151
-5.12213
-5.12267
-5.1233
-5.124
-5.12448
-5.12458
-5.12461
-5.12471
-5.12475
-5.12457
-5.12461
-5.12414
-5.12345
-5.12344
-5.12337
-5.12309
-5.12244
-5.12157
-5.12065
-5.12012
-5.11953
-5.11873
-5.11803
-5.11697
-5.11586
-5.11515
-5.11379
-5.11269
-5.11199
-5.11095
-5.10986
-5.10859
-5.10712
-5.10578
-5.10439
-5.10313
-5.10184
-5.10021
-5.09887
-5.09719
-5.0958
-5.09438
-5.09264
-5.0912
-5.08973
-5.08826
-5.08663
-5.08498
-5.08348
-5.08183
-5.08018
-5.07853
-5.07688
-5.07553
-5.07405
-5.07242
-5.07096
-5.06936
-5.06794
-5.06653
-5.06499
-5.06362
-5.06229
-5.06083
-5.0594
-5.05831
-5.05695
-5.05563
-5.05435
-5.05296
-5.05176
-5.05061
-5.04935
-5.04814
-5.04727
-5.046
-5.04494
-5.04437
-5.0437
-5.04324
-5.04252
-5.04186
-5.04139
-5.04067
-5.03999
-5.03951
-5.03923
-5.03854
-5.03804
-5.03788
-5.03761
-5.03723
-5.03703
-5.03716
-5.03672
-5.03676
-5.03652
-5.03661
-5.03641
-5.03653
-5.03667
-5.03682
-5.03637
-5.03609
-5.03611
-5.03629
-5.03647
-5.0365
-5.03653
-5.03626
-5.03643
-5.0366
-5.03691
-5.03722
-5.03737
-5.03691
-5.03735
-5.03732
-5.03729
-5.0374
-5.03735
-5.0373
-5.03724
-5.03717
-5.03726
-5.03718
-5.03681
-5.03689
-5.03681
-5.03659
-5.03652
-5.03646
-5.03595
-5.03576
-5.03572
-5.03616
-5.03615
-5.03616
-5.03649
-5.03668
-5.03645
-5.03639
-5.03695
-5.03694
-5.03711
-5.03745
-5.03782
-5.03808
-5.03821
-5.03838
-5.03873
-5.03912
-5.03939
-5.03985
-5.04004
-5.04042
-5.04099
-5.04145
-5.04241
-5.04309
-5.04367
-5.0449
-5.0457
-5.04671
-5.0476
-5.04852
-5.04934
-5.0505
-5.05185
-5.05294
-5.05407
-5.05523
-5.05658
-5.05782
-5.0594
-5.06071
-5.0619
-5.06298
-5.06425
-5.06555
-5.06688
-5.06839
-5.06978
-5.0712
-5.07325
-5.07473
-5.07654
-5.07837
-5.08022
-5.08165
-5.08309
-5.08456
-5.08635
-5.08801
-5.08953
-5.09168
-5.09339
-5.09526
-5.097
-5.09875
-5.10096
-5.10289
-5.10452
-5.10662
-5.10872
-5.11068
-5.11249
-5.11446
-5.11614
-5.11781
-5.11964
-5.12178
-5.12361
-5.12559
-5.12773
-5.12971
-5.13198
-5.1338
-5.13577
-5.13773
-5.13968
-5.14163
-5.14341
-5.14518
-5.14679
-5.14883
-5.15042
-5.15229
-5.15414
-5.15597
-5.15763
-5.15927
-5.16089
-5.16263
-5.16435
-5.16604
-5.16801
-5.16934
-5.17079
-5.17251
-5.1742
-5.176
-5.17746
-5.17904
-5.18012
-5.18162
-5.18322
-5.18448
-5.18554
-5.18701
-5.18782
-5.1892
-5.19007
-5.19104
-5.1918
-5.19282
-5.19379
-5.19455
-5.19541
-5.19591
-5.19651
-5.19705
-5.19754
-5.19797
-5.19819
-5.19851
-5.19878
-5.19914
-5.1993
-5.19956
-5.19931
-5.19886
-5.19881
-5.19902
-5.19887
-5.19853
-5.19814
-5.19771
-5.19739
-5.19717
-5.19677
-5.19632
-5.19569
-5.19517
-5.19417
-5.19329
-5.19253
-5.19189
-5.19107
-5.19023
-5.18936
-5.18846
-5.1877
-5.18691
-5.18581
-5.18483
-5.18429
-5.18313
-5.1821
-5.18105
-5.18014
-5.17891
-5.17797
-5.17746
-5.17648
-5.17548
-5.17446
-5.17312
-5.17221
-5.17098
-5.17002
-5.16889
-5.16728
-5.16594
-5.16472
-5.16302
-5.16189
-5.16071
-5.15935
-5.15825
-5.15681
-5.15531
-5.15377
-5.15248
-5.15084
-5.14914
-5.14723
-5.14541
-5.14338
-5.14143
-5.13927
-5.1372
-5.13505
-5.13283
-5.13084
-5.12878
-5.1265
-5.12414
-5.12125
-5.11873
-5.11554
-5.11287
-5.10998
-5.10715
-5.10396
-5.10083
-5.09718
-5.09421
-5.09102
-5.08777
-5.08399
-5.08059
-5.07698
-5.07316
-5.06989
-5.0661
-5.06242
-5.05853
-5.05444
-5.05046
-5.04644
-5.04224
-5.03845
-5.03463
-5.03049
-5.02647
-5.02229
-5.01824
-5.01404
-5.00998
-5.00561
-5.00156
-4.9975
-4.99301
-4.98884
-4.98468
-4.98055
-4.97629
-4.97207
-4.96804
-4.96419
-4.96009
-4.95619
-4.95219
-4.94854
-4.94466
-4.94083
-4.93708
-4.93354
-4.93023
-4.9267
-4.9231
-4.91973
-4.91629
-4.9134
-4.9103
-4.90729
-4.90499
-4.90233
-4.90008
-4.89764
-4.8956
-4.89322
-4.89094
-4.88924
-4.88719
-4.88526
-4.8836
-4.88205
-4.88032
-4.87946
-4.87856
-4.87719
-4.87608
-4.87523
-4.87436
-4.87345
-4.87295
-4.87242
-4.87215
-4.87199
-4.87194
-4.87215
-4.87217
-4.87228
-4.87265
-4.87281
-4.87338
-4.87418
-4.87508
-4.87591
-4.87667
-4.87782
-4.87904
-4.88095
-4.88217
-4.8833
-4.88481
-4.88607
-4.88754
-4.88891
-4.89033
-4.89195
-4.89376
-4.89562
-4.8972
-4.89883
-4.90047
-4.90245
-4.9046
-4.90647
-4.9085
-4.9104
-4.91215
-4.91391
-4.91613
-4.91789
-4.91966
-4.92142
-4.92349
-4.92509
-4.92713
-4.92947
-4.93179
-4.93335
-4.93534
-4.93732
-4.93943
-4.94092
-4.94285
-4.94476
-4.9465
-4.94837
-4.95007
-4.95176
-4.95328
-4.95477
-4.95656
-4.95818
-4.96008
-4.96137
-4.9628
-4.96436
-4.96622
-4.96776
-4.96915
-4.97053
-4.97191
-4.97297
-4.97404
-4.97571
-4.97738
-4.97875
-4.98027
-4.98194
-4.98332
-4.985
-4.98668
-4.98823
-4.98977
-4.99133
-4.99304
-4.99431
-4.99589
-4.99748
-4.99908
-5.00084
-5.00245
-5.00438
-5.00616
-5.00795
-5.01005
-5.0117
-5.01321
-5.01487
-5.01654
-5.01822
-5.02004
-5.02142
-5.02296
-5.02464
-5.02633
-5.02786
-5.02939
-5.03107
-5.03275
-5.03458
-5.03579
-5.03761
-5.03927
-5.04092
-5.04271
-5.04465
-5.04642
-5.04803
-5.04977
-5.05121
-5.05278
-5.05418
-5.05572
-5.05724
-5.05844
-5.05978
-5.0611
-5.06224
-5.06367
-5.06508
-5.06647
-5.06799
-5.06948
-5.07096
-5.07195
-5.07323
-5.07478
-5.07616
-5.07721
-5.07838
-5.07938
-5.08035
-5.0813
-5.08237
-5.08371
-5.08503
-5.08602
-5.08728
-5.08822
-5.08897
-5.08985
-5.09054
-5.09166
-5.0926
-5.09336
-5.09424
-5.09493
-5.0956
-5.09639
-5.09714
-5.09742
-5.09796
-5.09846
-5.09879
-5.09938
-5.0998
-5.09972
-5.09992
-5.10053
-5.10066
-5.10076
-5.10113
-5.10131
-5.10177
-5.10189
-5.10197
-5.10233
-5.10251
-5.10265
-5.10261
-5.1027
-5.1026
-5.10233
-5.10233
-5.1023
-5.10194
-5.10186
-5.10146
-5.10148
-5.10119
-5.10102
-5.10068
-5.10033
-5.10011
-5.09987
-5.09932
-5.09876
-5.09834
-5.09836
-5.09778
-5.09719
-5.09659
-5.09615
-5.09571
-5.09496
-5.09467
-5.09439
-5.09381
-5.09369
-5.09327
-5.09302
-5.09278
-5.09224
-5.09188
-5.09167
-5.09118
-5.09086
-5.09085
-5.09071
-5.09028
-5.09002
-5.09009
-5.08986
-5.0895
-5.08931
-5.08914
-5.08944
-5.08899
-5.08902
-5.08875
-5.0882
-5.08826
-5.08834
-5.08812
-5.08821
-5.08785
-5.0878
-5.08775
-5.08755
-5.0875
-5.08775
-5.08769
-5.08778
-5.08756
-5.08763
-5.08769
-5.08728
-5.08745
-5.08746
-5.08745
-5.08726
-5.08705
-5.08636
-5.08594
-5.08534
-5.08502
-5.08466
-5.08411
-5.08338
-5.08291
-5.0821
-5.08141
-5.08097
-5.08034
-5.07966
-5.07865
-5.07788
-5.07693
-5.07593
-5.07503
-5.07409
-5.07295
-5.07192
-5.071
-5.06988
-5.06841
-5.0672
-5.0661
-5.06435
-5.06272
-5.0618
-5.0604
-5.05895
-5.05718
-5.05536
-5.05397
-5.0524
-5.05051
-5.04904
-5.04739
-5.04573
-5.04374
-5.0419
-5.04003
-5.03831
-5.03703
-5.03514
-5.03325
-5.03211
-5.03022
-5.02848
-5.02645
-5.02443
-5.02272
-5.02102
-5.01918
-5.01751
-5.01556
-5.01363
-5.01233
-5.01075
-5.0089
-5.00737
-5.00572
-5.00471
-5.00328
-5.00203
-5.00051
-4.99949
-4.99834
-4.99693
-4.99571
-4.99438
-4.99354
-4.99243
-4.99137
-4.99049
-4.9895
-4.98855
-4.98734
-4.98631
-4.98578
-4.98498
-4.98467
-4.9841
-4.98326
-4.98261
-4.98199
-4.9811
-4.9807
-4.98003
-4.97984
-4.97923
-4.97834
-4.97779
-4.97711
-4.97676
-4.97659
-4.97644
-4.97631
-4.9762
-4.97581
-4.97575
-4.97555
-4.97582
-4.9755
-4.9755
-4.97536
-4.97523
-4.97511
-4.97516
-4.97475
-4.97466
-4.97427
-4.97404
-4.97396
-4.97418
-4.97411
-4.97434
-4.97427
-4.97434
-4.97427
-4.97419
-4.97381
-4.97358
-4.97349
-4.97355
-4.97301
-4.97261
-4.97206
-4.97256
-4.97215
-4.97218
-4.97192
-4.9721
-4.97212
-4.97214
-4.97216
-4.97262
-4.97202
-4.97202
-4.97172
-4.97171
-4.9717
-4.97168
-4.97136
-4.97103
-4.97054
-4.97035
-4.97016
-4.96996
-4.96946
-4.96955
-4.96918
-4.96911
-4.96888
-4.96894
-4.9684
-4.96799
-4.96743
-4.96716
-4.96673
-4.96629
-4.96584
-4.96553
-4.96521
-4.96458
-4.96424
-4.96359
-4.96277
-4.96225
-4.96217
-4.96178
-4.96107
-4.96096
-4.96068
-4.96025
-4.95965
-4.95905
-4.95859
-4.95798
-4.95766
-4.95703
-4.95626
-4.95548
-4.95516
-4.95483
-4.95421
-4.95435
-4.9536
-4.9527
-4.95257
-4.95215
-4.95174
-4.95105
-4.95068
-4.95033
-4.9497
-4.94925
-4.94897
-4.94857
-4.94835
-4.94847
-4.94848
-4.94836
-4.94843
-4.9487
-4.9487
-4.9489
-4.94944
-4.94957
-4.9502
-4.95058
-4.95085
-4.95102
-4.95139
-4.95196
-4.95243
-4.95295
-4.95383
-4.95446
-4.95483
-4.95511
-4.95589
-4.95703
-4.95806
-4.95855
-4.95954
-4.96073
-4.96166
-4.96265
-4.96384
-4.96477
-4.96605
-4.96753
-4.96874
-4.97001
-4.97176
-4.97311
-4.97434
-4.97636
-4.97812
-4.97976
-4.98128
-4.98313
-4.98486
-4.98676
-4.98884
-4.99079
-4.99215
-4.99384
-4.99553
-4.99724
-4.99942
-5.00145
-5.00318
-5.00507
-5.00651
-5.00885
-5.01058
-5.01246
-5.01463
-5.01633
-5.01818
-5.02001
-5.02213
-5.02407
-5.0257
-5.0273
-5.02933
-5.03104
-5.03272
-5.03453
-5.03615
-5.03759
-5.039
-5.04054
-5.04203
-5.0438
-5.04493
-5.04633
-5.0477
-5.04903
-5.05032
-5.05113
-5.05221
-5.05325
-5.05441
-5.05538
-5.05648
-5.05723
-5.05856
-5.0597
-5.06097
-5.06145
-5.06189
-5.06277
-5.06346
-5.06442
-5.0652
-5.06596
-5.06668
-5.06738
-5.06776
-5.06826
-5.06903
-5.06933
-5.06991
-5.07076
-5.07099
-5.0712
-5.07154
-5.07202
-5.07292
-5.0735
-5.07437
-5.07492
-5.0753
-5.07551
-5.07585
-5.07588
-5.07604
-5.07634
-5.07647
-5.0772
-5.07761
-5.078
-5.07839
-5.0783
-5.07881
-5.07931
-5.07949
-5.07967
-5.08013
-5.08013
-5.07997
-5.08009
-5.08006
-5.08001
-5.08011
-5.08049
-5.08026
-5.08001
-5.08036
-5.08039
-5.08056
-5.08056
-5.08054
-5.08051
-5.08015
-5.08023
-5.07999
-5.07973
-5.07975
-5.07975
-5.07942
-5.07937
-5.07899
-5.07858
-5.07814
-5.07752
-5.07748
-5.07725
-5.07668
-5.07624
-5.07575
-5.07508
-5.07451
-5.07361
-5.07282
-5.07183
-5.07095
-5.07019
-5.06967
-5.06882
-5.06807
-5.06697
-5.06598
-5.06494
-5.06386
-5.06258
-5.06155
-5.06033
-5.05891
-5.05759
-5.05638
-5.05482
-5.05352
-5.05188
-5.05035
-5.04893
-5.04731
-5.04597
-5.04428
-5.04226
-5.04051
-5.03873
-5.03722
-5.03554
-5.03353
-5.0318
-5.03004
-5.02813
-5.02665
-5.0247
-5.02274
-5.02078
-5.01882
-5.01701
-5.01474
-5.01278
-5.01083
-5.00904
-5.00696
-5.0046
-5.00286
-5.00099
-4.99929
-4.99793
-4.99629
-4.99439
-4.99267
-4.99129
-4.98919
-4.98834
-4.98649
-4.98513
-4.98367
-4.98211
-4.9809
-4.9799
-4.97865
-4.97775
-4.97662
-4.97523
-4.97421
-4.97341
-4.97251
-4.97182
-4.97134
-4.97078
-4.96997
-4.96923
-4.96869
-4.96822
-4.96766
-4.96716
-4.96701
-4.96693
-4.96675
-4.96662
-4.96625
-4.96622
-4.96625
-4.96633
-4.9663
-4.96662
-4.96684
-4.96694
-4.96738
-4.96786
-4.96837
-4.96892
-4.9695
-4.96995
-4.97073
-4.97153
-4.9719
-4.97259
-4.97315
-4.97387
-4.97415
-4.97459
-4.97519
-4.9758
-4.97641
-4.97672
-4.97749
-4.9784
-4.97916
-4.97977
-4.98022
-4.98081
-4.9817
-4.98228
-4.98285
-4.98325
-4.98395
-4.98448
-4.98515
-4.98565
-4.98613
-4.98675
-4.98735
-4.98793
-4.98849
-4.98888
-4.98924
-4.98944
-4.98946
-4.99006
-4.99048
-4.99057
-4.99064
-4.99083
-4.99114
-4.99112
-4.99122
-4.99144
-4.99162
-4.99146
-4.99142
-4.9918
-4.99184
-4.99169
-4.99179
-4.99186
-4.99158
-4.99157
-4.99105
-4.9905
-4.99005
-4.98956
-4.98902
-4.9886
-4.98798
-4.98732
-4.98677
-4.98588
-4.9851
-4.98429
-4.98359
-4.98287
-4.98241
-4.98163
-4.98083
-4.98
-4.97885
-4.97783
-4.97696
-4.97577
-4.97473
-4.97369
-4.9728
-4.97161
-4.97058
-4.96926
-4.96841
-4.96743
-4.96662
-4.96538
-4.96463
-4.96421
-4.96353
-4.96288
-4.96228
-4.96126
-4.9609
-4.96043
-4.95971
-4.95934
-4.95873
-4.95877
-4.95841
-4.9584
-4.9583
-4.9581
-4.95796
-4.95801
-4.95828
-4.95829
-4.95835
-4.95876
-4.95906
-4.95926
-4.95951
-4.95964
-4.95981
-4.96032
-4.96071
-4.96129
-4.96144
-4.96191
-4.96257
-4.96294
-4.96363
-4.96418
-4.96505
-4.96533
-4.96591
-4.9668
-4.96754
-4.96828
-4.96886
-4.96929
-4.96956
-4.97012
-4.97051
-4.97119
-4.97156
-4.9719
-4.97253
-4.97298
-4.97341
-4.97381
-4.97419
-4.97454
-4.9744
-4.9747
-4.9745
-4.97474
-4.97464
-4.97481
-4.97465
-4.97507
-4.975
-4.97506
-4.97494
-4.9751
-4.97523
-4.97519
-4.97528
-4.97535
-4.97541
-4.9753
-4.97488
-4.97475
-4.97401
-4.97372
-4.97373
-4.97436
-4.97423
-4.97412
-4.97387
-4.97379
-4.97374
-4.97371
-4.97386
-4.97404
-4.97427
-4.97484
-4.97485
-4.97506
-4.97532
-4.97519
-4.97557
-4.97602
-4.97653
-4.97695
-4.97745
-4.97817
-4.97897
-4.9803
-4.98171
-4.98274
-4.98371
-4.9846
-4.98588
-4.9874
-4.98899
-4.99052
-4.99198
-4.99367
-4.99543
-4.99713
-4.99859
-5.00059
-5.00266
-5.0048
-5.00715
-5.00927
-5.01191
-5.0146
-5.01705
-5.01956
-5.02211
-5.02487
-5.02751
-5.03035
-5.03293
-5.03584
-5.03879
-5.04146
-5.04415
-5.04687
-5.04991
-5.05281
-5.05572
-5.05834
-5.06142
-5.0645
-5.06742
-5.0702
-5.07281
-5.07587
-5.07892
-5.08195
-5.08481
-5.08765
-5.09046
-5.09325
-5.09585
-5.09797
-5.10082
-5.10317
-5.10579
-5.10836
-5.11059
-5.11323
-5.11582
-5.11805
-5.12039
-5.12237
-5.1246
-5.12693
-5.12905
-5.13126
-5.13341
-5.13535
-5.13707
-5.13873
-5.14062
-5.14231
-5.14377
-5.14562
-5.14695
-5.14837
-5.14987
-5.1513
-5.15267
-5.15396
-5.15534
-5.15635
-5.1576
-5.15863
-5.1596
-5.16004
-5.16058
-5.16134
-5.16205
-5.16239
-5.16266
-5.16288
-5.16318
-5.16312
-5.16286
-5.16299
-5.16306
-5.16322
-5.16288
-5.16279
-5.16265
-5.16245
-5.1619
-5.1616
-5.16126
-5.16072
-5.16059
-5.16026
-5.15958
-5.15856
-5.1581
-5.1576
-5.15676
-5.15588
-5.15542
-5.15416
-5.15332
-5.15199
-5.15108
-5.15028
-5.1493
-5.14844
-5.14724
-5.14662
-5.14566
-5.14466
-5.14349
-5.14228
-5.14119
-5.13961
-5.13831
-5.13667
-5.13484
-5.13329
-5.13186
-5.13039
-5.1286
-5.12692
-5.12581
-5.12437
-5.12274
-5.12093
-5.11939
-5.11752
-5.11576
-5.11412
-5.1123
-5.11044
-5.1087
-5.10662
-5.10466
-5.10267
-5.1005
-5.09829
-5.0962
-5.09408
-5.09162
-5.08959
-5.08738
-5.08544
-5.08347
-5.08087
-5.07839
-5.07589
-5.07336
-5.07141
-5.06884
-5.06624
-5.06407
-5.06128
-5.05877
-5.0561
-5.05355
-5.05115
-5.04858
-5.046
-5.04326
-5.04081
-5.0382
-5.03544
-5.03312
-5.03081
-5.02788
-5.02527
-5.0228
-5.02004
-5.01728
-5.01484
-5.01225
-5.00967
-5.00681
-5.00441
-5.00219
-4.99953
-4.99673
-4.99427
-4.99198
-4.98941
-4.98703
-4.98483
-4.98266
-4.98083
-4.97843
-4.97622
-4.97405
-4.97178
-4.96985
-4.96828
-4.96645
-4.96437
-4.9625
-4.96038
-4.95863
-4.95693
-4.9553
-4.95373
-4.95208
-4.95065
-4.94899
-4.948
-4.94648
-4.94564
-4.94442
-4.94358
-4.94267
-4.94154
-4.94079
-4.94027
-4.93952
-4.93901
-4.93873
-4.93853
-4.9381
-4.93836
-4.93854
-4.93865
-4.93883
-4.93924
-4.93941
-4.93966
-4.93981
-4.94004
-4.94077
-4.94112
-4.94167
-4.94227
-4.94292
-4.94347
-4.94437
-4.9453
-4.94612
-4.94713
-4.94786
-4.94862
-4.9497
-4.9505
-4.95162
-4.9523
-4.95329
-4.95413
-4.95512
-4.95641
-4.95739
-4.95836
-4.95931
-4.96071
-4.96148
-4.96253
-4.96325
-4.96409
-4.96475
-4.96523
-4.96627
-4.96698
-4.96794
-4.96841
-4.96853
-4.96907
-4.96925
-4.96953
-4.97023
-4.97071
-4.97085
-4.97094
-4.97098
-4.97127
-4.97151
-4.97155
-4.97154
-4.97118
-4.97093
-4.97063
-4.97045
-4.97022
-4.96981
-4.9695
-4.96886
-4.96865
-4.96795
-4.96767
-4.96707
-4.96615
-4.96551
-4.96501
-4.9645
-4.96382
-4.96314
-4.96291
-4.96253
-4.962
-4.96178
-4.96096
-4.9606
-4.96041
-4.96009
-4.95964
-4.95905
-4.95864
-4.95795
-4.9576
-4.95712
-4.95682
-4.95671
-4.95603
-4.95553
-4.95553
-4.95541
-4.95503
-4.95529
-4.95529
-4.95533
-4.9554
-4.95537
-4.95553
-4.95543
-4.95522
-4.95519
-4.95567
-4.95648
-4.95688
-4.95702
-4.95764
-4.95831
-4.95886
-4.95944
-4.96021
-4.96101
-4.96169
-4.9621
-4.96315
-4.96378
-4.96443
-4.96497
-4.96537
-4.96626
-4.96733
-4.96827
-4.96953
-4.97067
-4.97167
-4.97285
-4.97405
-4.97542
-4.97651
-4.97762
-4.97859
-4.97988
-4.98104
-4.98221
-4.98324
-4.98443
-4.98548
-4.9867
-4.98823
-4.98946
-4.99055
-4.9918
-4.99305
-4.9943
-4.99556
-4.99667
-4.99794
-4.99935
-5.00031
-5.00157
-5.00268
-5.00409
-5.00489
-5.00599
-5.00678
-5.00787
-5.00895
-5.01018
-5.01124
-5.01246
-5.01396
-5.01486
-5.01605
-5.01753
-5.0184
-5.01972
-5.02073
-5.02189
-5.02304
-5.02389
-5.02518
-5.02632
-5.0276
-5.02889
-5.03017
-5.03146
-5.03259
-5.03373
-5.03442
-5.03571
-5.03686
-5.03787
-5.03874
-5.03961
-5.0411
-5.04245
-5.04321
-5.04444
-5.04568
-5.04663
-5.04821
-5.04965
-5.05081
-5.05199
-5.05334
-5.05456
-5.05611
-5.05767
-5.0591
-5.06071
-5.06234
-5.06399
-5.06566
-5.0672
-5.06907
-5.07065
-5.07241
-5.07389
-5.07538
-5.07705
-5.07873
-5.08074
-5.08261
-5.0845
-5.08625
-5.08817
-5.08995
-5.09175
-5.0937
-5.09567
-5.0978
-5.09993
-5.10193
-5.10392
-5.10578
-5.10763
-5.10934
-5.11134
-5.1132
-5.1152
-5.11735
-5.11905
-5.12103
-5.12285
-5.12452
-5.12601
-5.12779
-5.12986
-5.13161
-5.13333
-5.13533
-5.13731
-5.1388
-5.14042
-5.14215
-5.1437
-5.14536
-5.14713
-5.1484
-5.14993
-5.15126
-5.15269
-5.15361
-5.15463
-5.15605
-5.1571
-5.15823
-5.15915
-5.16
-5.16077
-5.16132
-5.16255
-5.16339
-5.16385
-5.16392
-5.16436
-5.16471
-5.16466
-5.16483
-5.16474
-5.16471
-5.16458
-5.1642
-5.16403
-5.16344
-5.16291
-5.16197
-5.16108
-5.15994
-5.15899
-5.15825
-5.15711
-5.15542
-5.15409
-5.15236
-5.15069
-5.14909
-5.14635
-5.1449
-5.14322
-5.14118
-5.13892
-5.13676
-5.13456
-5.13261
-5.13003
-5.12788
-5.12557
-5.12309
-5.12093
-5.11832
-5.11618
-5.11378
-5.11141
-5.1094
-5.1073
-5.10556
-5.10315
-5.10097
-5.09904
-5.09721
-5.09579
-5.09388
-5.09269
-5.09163
-5.09039
-5.08958
-5.08861
-5.08792
-5.08766
-5.08694
-5.0865
-5.08589
-5.08586
-5.08596
-5.08662
-5.08725
-5.08769
-5.08869
-5.08948
-5.09051
-5.09117
-5.09221
-5.09301
-5.09387
-5.09509
-5.09651
-5.09751
-5.09869
-5.10005
-5.10097
-5.10175
-5.10284
-5.10347
-5.10425
-5.10531
-5.10651
-5.10753
-5.10852
-5.10963
-5.1104
-5.11143
-5.11211
-5.11259
-5.11363
-5.11446
-5.11508
-5.11594
-5.1169
-5.11733
-5.11786
-5.11816
-5.11855
-5.11886
-5.11956
-5.11974
-5.12014
-5.12017
-5.12027
-5.12014
-5.11994
-5.11966
-5.1193
-5.11871
-5.11835
-5.11775
-5.11707
-5.11602
-5.11533
-5.11427
-5.11358
-5.11235
-5.11135
-5.11042
-5.10941
-5.10803
-5.10611
-5.10502
-5.10385
-5.10231
-5.10054
-5.0984
-5.09633
-5.0945
-5.09199
-5.09001
-5.08782
-5.08572
-5.08355
-5.08056
-5.07812
-5.07563
-5.07292
-5.07047
-5.06781
-5.06526
-5.06206
-5.05942
-5.05659
-5.05403
-5.05143
-5.0485
-5.04479
-5.0418
-5.0388
-5.03547
-5.03244
-5.02939
-5.02618
-5.02296
-5.02005
-5.01698
-5.01408
-5.01087
-5.00783
-5.00496
-5.0018
-4.99882
-4.99556
-4.99263
-4.98943
-4.98611
-4.98313
-4.98035
-4.97761
-4.97506
-4.97227
-4.96968
-4.96729
-4.96481
-4.96255
-4.96004
-4.95775
-4.95568
-4.95323
-4.95086
-4.94901
-4.94708
-4.94524
-4.94347
-4.94164
-4.94004
-4.93853
-4.93696
-4.93577
-4.93438
-4.93323
-4.93217
-4.9312
-4.93078
-4.92971
-4.92918
-4.9286
-4.92797
-4.92774
-4.92745
-4.92727
-4.92748
-4.9275
-4.92761
-4.92752
-4.92798
-4.92808
-4.92858
-4.92934
-4.93003
-4.93082
-4.93155
-4.93283
-4.93404
-4.93519
-4.93674
-4.93791
-4.93916
-4.9408
-4.94251
-4.9443
-4.94631
-4.94824
-4.95009
-4.95216
-4.95414
-4.95618
-4.95843
-4.96103
-4.96324
-4.96565
-4.9678
-4.9706
-4.97299
-4.97542
-4.97804
-4.9807
-4.98339
-4.98581
-4.98811
-4.99089
-4.99354
-4.99621
-4.99921
-5.00193
-5.00452
-5.00742
-5.01005
-5.01238
-5.01518
-5.01799
-5.02097
-5.0238
-5.02679
-5.02964
-5.03279
-5.03535
-5.0379
-5.04077
-5.04393
-5.04649
-5.0492
-5.05191
-5.05476
-5.0579
-5.06104
-5.06401
-5.06682
