1.65
1.64998
1.64994
1.64986
1.64975
1.6496
1.64943
1.64922
1.64899
1.64872
1.64842
1.64808
1.64772
1.64732
1.6469
1.64644
1.64595
1.64542
1.64486
1.64428
1.64365
1.643
1.64231
1.64159
1.64083
1.64004
1.63922
1.63836
1.63747
1.63654
1.63557
1.63457
1.63353
1.63246
1.63135
1.6302
1.62901
1.62778
1.62652
1.62521
1.62387
1.62248
1.62105
1.61959
1.61807
1.61652
1.61492
1.61328
1.6116
1.60987
1.60809
1.60627
1.6044
1.60248
1.60052
1.59851
1.59644
1.59433
1.59217
1.58995
1.58768
1.58536
1.58299
1.58056
1.57807
1.57553
1.57293
1.57028
1.56756
1.56478
1.56195
1.55905
1.5561
1.55308
1.55
1.54685
1.54364
1.54036
1.53701
1.5336
1.53012
1.52656
1.52294
1.51925
1.51549
1.51165
1.50774
1.50376
1.4997
1.49556
1.49136
1.48707
1.48271
1.47827
1.47375
1.46915
1.46447
1.45972
1.45488
1.44996
1.44497
1.43989
1.43473
1.42949
1.42417
1.41876
1.41328
1.40771
1.40207
1.39634
1.39053
1.38464
1.37867
1.37262
1.3665
1.36029
1.35401
1.34765
1.34122
1.33471
1.32813
1.32147
1.31475
1.30795
1.30109
1.29415
1.28716
1.2801
1.27298
1.2658
1.25856
1.25127
1.24392
1.23652
1.22908
1.22158
1.21405
1.20647
1.19886
1.19122
1.18354
1.17583
1.1681
1.16035
1.15258
1.1448
1.137
1.1292
1.1214
1.11359
1.10579
1.098
1.09022
1.08246
1.07472
1.067
1.05931
1.05165
1.04403
1.03645
1.02891
1.02143
1.01399
1.00662
0.999304
0.992055
0.984875
0.977769
0.970741
0.963795
0.956933
0.95016
0.943479
0.936893
0.930407
0.924022
0.917742
0.91157
0.905509
0.899562
0.893732
0.88802
0.88243
0.876964
0.871624
0.866411
0.861328
0.856376
0.851556
0.84687
0.842319
0.837904
0.833626
0.829486
0.825484
0.821622
0.817899
0.814315
0.81087
0.807565
0.804399
0.801371
0.798481
0.795729
0.793113
0.790632
0.788287
0.786076
0.783998
0.78205
0.780231
0.77854
0.776976
0.775537
0.77422
0.773025
0.771948
0.770988
0.770144
0.769412
0.768791
0.768279
0.767873
0.767571
0.767371
0.767269
0.767264
0.767353
0.767533
0.767802
0.768158
0.768596
0.769117
0.769716
0.770392
0.771141
0.77196
0.772848
0.773801
0.774817
0.775893
0.777027
0.778216
0.779457
0.780749
0.782089
0.783473
0.784901
0.786369
0.787875
0.789416
0.79099
0.792595
0.794229
0.795889
0.797572
0.799277
0.801002
0.802745
0.804503
0.806275
0.808058
0.80985
0.81165
0.813456
0.815265
0.817077
0.818889
0.8207
0.822508
0.824311
0.826109
0.8279
0.829681
0.831452
0.833212
0.834958
0.836691
0.838408
0.840109
0.841792
0.843458
0.845103
0.846729
0.848333
0.849915
0.851474
0.85301
0.854522
0.856008
0.85747
0.858906
0.860315
0.861697
0.863052
0.864379
0.865679
0.86695
0.868192
0.869406
0.87059
0.871747
0.872874
0.873973
0.875042
0.876083
0.877097
0.878081
0.879038
0.879966
0.880867
0.88174
0.882586
0.883406
0.8842
0.884967
0.88571
0.886427
0.887119
0.887787
0.888431
0.889052
0.88965
0.890226
0.89078
0.891314
0.891828
0.892321
0.892795
0.893251
0.89369
0.89411
0.894514
0.894902
0.895273
0.895629
0.895971
0.896299
0.896614
0.896916
0.897205
0.897483
0.897749
0.898003
0.898247
0.89848
0.898703
0.898917
0.899122
0.899319
0.899508
0.899689
0.899862
0.900028
0.900186
0.900337
0.900481
0.900619
0.900749
0.900872
0.900989
0.901099
0.901202
0.901298
0.901387
0.90147
0.901545
0.901614
0.901675
0.901729
0.901775
0.901814
0.901845
0.901868
0.901883
0.901888
0.901884
0.901871
0.901847
0.901814
0.901769
0.901713
0.901645
0.901565
0.901472
0.901366
0.901246
0.901113
0.900964
0.9008
0.90062
0.900424
0.900211
0.899981
0.899733
0.899467
0.899182
0.898877
0.898553
0.898208
0.897842
0.897455
0.897047
0.896617
0.896164
0.895688
0.895189
0.894666
0.894119
0.893547
0.892951
0.89233
0.891684
0.891013
0.890316
0.889594
0.888846
0.888072
0.887272
0.886447
0.885597
0.884721
0.883819
0.882892
0.88194
0.880962
0.879959
0.878932
0.87788
0.876805
0.875705
0.874582
0.873436
0.872268
0.871077
0.869865
0.868632
0.867379
0.866106
0.864815
0.863505
0.862178
0.860833
0.859474
0.858099
0.85671
0.855308
0.853893
0.852467
0.851031
0.849584
0.848129
0.846666
0.845196
0.84372
0.84224
0.840756
0.839269
0.837781
0.836292
0.834803
0.833316
0.831832
0.83035
0.828873
0.827401
0.825935
0.824477
0.823028
0.821587
0.820157
0.818738
0.81733
0.815936
0.814556
0.813191
0.811842
0.81051
0.809196
0.807899
0.806622
0.805366
0.804129
0.802915
0.801723
0.800553
0.799407
0.798285
0.797189
0.796118
0.795072
0.794054
0.793062
0.792099
0.791165
0.790259
0.789382
0.788535
0.787718
0.786931
0.786176
0.785452
0.784759
0.784099
0.783471
0.782877
0.782315
0.781786
0.78129
0.780828
0.7804
0.780005
0.779644
0.779317
0.779024
0.778765
0.77854
0.778348
0.77819
0.778066
0.777974
0.777916
0.777892
0.7779
0.777941
0.778014
0.77812
0.778258
0.778427
0.778627
0.778859
0.77912
0.779412
0.779734
0.780084
0.780463
0.780871
0.781307
0.78177
0.782259
0.782774
0.783315
0.78388
0.784469
0.785082
0.785717
0.786374
0.787052
0.787751
0.788469
0.789207
0.789963
0.790738
0.791529
0.792337
0.793159
0.793996
0.794847
0.79571
0.796586
0.797473
0.798371
0.799278
0.800194
0.801118
0.802049
0.802986
0.803928
0.804875
0.805825
0.806778
0.807733
0.808689
0.809646
0.810602
0.811556
0.812508
0.813457
0.814402
0.815342
0.816276
0.817204
0.818126
0.81904
0.819945
0.820842
0.821729
0.822604
0.823467
0.824318
0.825156
0.825981
0.826791
0.827586
0.828365
0.829129
0.829876
0.830605
0.831317
0.83201
0.832685
0.83334
0.833976
0.834593
0.835188
0.835764
0.836318
0.836852
0.837364
0.837854
0.838322
0.838768
0.839192
0.839593
0.839972
0.840329
0.840664
0.840977
0.841268
0.841537
0.841784
0.842009
0.842213
0.842396
0.842558
0.8427
0.842821
0.842922
0.843003
0.843065
0.843107
0.843131
0.843136
0.843124
0.843094
0.843047
0.842984
0.842905
0.84281
0.842701
0.842577
0.842439
0.842288
0.842124
0.841948
0.841761
0.841563
0.841355
0.841137
0.84091
0.840676
0.840433
0.840184
0.839929
0.839667
0.8394
0.839129
0.838854
0.838575
0.838294
0.83801
0.837725
0.837438
0.837152
0.836865
0.836579
0.836294
0.83601
0.835729
0.835451
0.835175
0.834904
0.834637
0.834375
0.834117
0.833865
0.83362
0.83338
0.833148
0.832922
0.832704
0.832494
0.832292
0.8321
0.831917
0.831743
0.831579
0.831426
0.831283
0.831151
0.83103
0.830921
0.830825
0.830741
0.830671
0.830614
0.830571
0.830543
0.830528
0.830529
0.830544
0.830574
0.830619
0.83068
0.830757
0.83085
0.830959
0.831084
0.831226
0.831386
0.831562
0.831755
0.831966
0.832195
0.832441
0.832704
0.832986
0.833285
0.833602
0.833936
0.834288
0.834657
0.835043
0.835446
0.835866
0.836302
0.836754
0.837222
0.837705
0.838204
0.838717
0.839245
0.839787
0.840342
0.84091
0.84149
0.842083
0.842687
0.843302
0.843927
0.844561
0.845205
0.845856
0.846515
0.84718
0.847853
0.848531
0.849215
0.849903
0.850595
0.85129
0.851988
0.852688
0.853389
0.85409
0.85479
0.85549
0.856188
0.856884
0.857577
0.858265
0.85895
0.859631
0.860307
0.860977
0.86164
0.862298
0.862948
0.863591
0.864226
0.864853
0.865471
0.866081
0.866681
0.867273
0.867855
0.868427
0.868988
0.86954
0.870082
0.870614
0.871135
0.871646
0.872145
0.872634
0.873112
0.873579
0.874035
0.87448
0.874914
0.875338
0.875752
0.876155
0.876549
0.876933
0.877307
0.877672
0.878028
0.878375
0.878713
0.879043
0.879365
0.879678
0.879984
0.880283
0.880575
0.88086
0.881139
0.881412
0.88168
0.881943
0.882202
0.882455
0.882705
0.882951
0.883193
0.883432
0.883668
0.883902
0.884133
0.884363
0.884591
0.884819
0.885046
0.885272
0.885498
0.885725
0.885951
0.886179
0.886407
0.886637
0.886868
0.887101
0.887335
0.887571
0.88781
0.888051
0.888295
0.888541
0.88879
0.889042
0.889297
0.889555
0.889816
0.890081
0.890349
0.890619
0.890893
0.891169
0.891449
0.891732
0.892019
0.892309
0.892602
0.892898
0.893197
0.893499
0.893803
0.894111
0.89442
0.894732
0.895045
0.89536
0.895676
0.895994
0.896314
0.896634
0.896955
0.897276
0.897598
0.89792
0.898242
0.898563
0.898883
0.899203
0.899521
0.899837
0.900152
0.900464
0.900774
0.901082
0.901386
0.901687
0.901985
0.90228
0.90257
0.902855
0.903136
0.903412
0.903682
0.903947
0.904205
0.904457
0.904701
0.904939
0.90517
0.905394
0.90561
0.905817
0.906017
0.906208
0.90639
0.906563
0.906727
0.906881
0.907025
0.90716
0.907286
0.907401
0.907506
0.907599
0.907681
0.907752
0.907811
0.907859
0.907895
0.90792
0.907932
0.907933
0.907921
0.907898
0.907862
0.907814
0.907754
0.907682
0.907597
0.9075
0.907391
0.907269
0.907136
0.906992
0.906835
0.906667
0.906486
0.906294
0.906091
0.905876
0.90565
0.905413
0.905166
0.904909
0.904642
0.904366
0.90408
0.903785
0.903481
0.903169
0.902849
0.902521
0.902186
0.901845
0.901497
0.901144
0.900786
0.900422
0.900055
0.899683
0.899307
0.898928
0.898547
0.898164
0.89778
0.897395
0.897009
0.896623
0.896238
0.895853
0.89547
0.895087
0.894707
0.894329
0.893954
0.893584
0.893219
0.892859
0.892504
0.892153
0.891809
0.89147
0.891138
0.890813
0.890495
0.890185
0.889882
0.889588
0.889301
0.889023
0.888753
0.888492
0.88824
0.887998
0.887764
0.887541
0.887327
0.887123
0.886929
0.886743
0.886568
0.886402
0.886247
0.886101
0.885964
0.885837
0.885719
0.885609
0.885508
0.885416
0.885331
0.885254
0.885185
0.885122
0.885066
0.885016
0.884973
0.884934
0.884902
0.884873
0.88485
0.88483
0.884814
0.884801
0.884791
0.884784
0.884778
0.884774
0.884771
0.884768
0.884764
0.88476
0.884756
0.884749
0.884741
0.884731
0.884717
0.884699
0.884678
0.884652
0.884621
0.884585
0.884543
0.884495
0.884441
0.884379
0.884311
0.884236
0.884152
0.884061
0.883962
0.883856
0.88374
0.883615
0.883481
0.883339
0.883186
0.883025
0.882853
0.882673
0.882483
0.882283
0.882073
0.881853
0.881624
0.881385
0.881138
0.88088
0.880614
0.880338
0.880054
0.879761
0.879461
0.879151
0.878834
0.878509
0.878175
0.877834
0.877485
0.877129
0.876765
0.876395
0.876018
0.875635
0.875245
0.874849
0.874446
0.874038
0.873623
0.873202
0.872776
0.872344
0.871905
0.871462
0.871012
0.870557
0.870096
0.869629
0.869156
0.868676
0.86819
0.867697
0.867198
0.866692
0.866179
0.865658
0.865129
0.864592
0.864047
0.863493
0.862931
0.862358
0.861776
0.861184
0.860581
0.859968
0.859343
0.858706
0.858058
0.857397
0.856724
0.856038
0.855339
0.854626
0.853899
0.853157
0.852401
0.85163
0.850844
0.850042
0.849225
0.848392
0.847543
0.846678
0.845797
0.8449
0.843986
0.843057
0.842112
0.84115
0.840173
0.839179
0.838171
0.837148
0.836109
0.835056
0.833987
0.832905
0.831808
0.830697
0.829573
0.828435
0.827286
0.826124
0.82495
0.823765
0.82257
0.821364
0.820149
0.818926
0.817695
0.816457
0.815212
0.813961
0.812706
0.811446
0.810183
0.808917
0.80765
0.806381
0.805113
0.803845
0.802579
0.801315
0.800055
0.798798
0.797547
0.796301
0.795063
0.793832
0.792609
0.791397
0.790194
0.789003
0.787825
0.786659
0.785507
0.784369
0.783247
0.782141
0.781051
0.77998
0.778927
0.777894
0.77688
0.775887
0.774916
0.773967
0.77304
0.772138
0.771259
0.770405
0.769576
0.768772
0.767995
0.767245
0.766521
0.765825
0.765157
0.764517
0.763904
0.763321
0.762766
0.76224
0.761743
0.761275
0.760837
0.760427
0.760047
0.759696
0.759375
0.759082
0.758819
0.758584
0.758378
0.7582
0.75805
0.757928
0.757833
0.757764
0.757722
0.757706
0.757716
0.75775
0.757809
0.757891
0.757997
0.758125
0.758275
0.758447
0.758638
0.758849
0.759079
0.759328
0.759593
0.759875
0.760173
0.760485
0.760812
0.761153
0.761506
0.76187
0.762246
0.762632
0.763028
0.763432
0.763844
0.764264
0.764691
0.765123
0.76556
0.766002
0.766447
0.766896
0.767347
0.767801
0.768257
0.768715
0.769174
0.769632
0.770091
0.770549
0.771006
0.771463
0.771918
0.772371
0.772823
0.773273
0.773721
0.774166
0.77461
0.77505
0.775488
0.775924
0.776356
0.776786
0.777213
0.777637
0.778059
0.778478
0.778894
0.779308
0.779721
0.780131
0.780539
0.780944
0.781349
0.781752
0.782154
0.782557
0.782959
0.783361
0.783763
0.784165
0.784567
0.78497
0.785374
0.78578
0.786188
0.786597
0.787009
0.787424
0.787842
0.788263
0.788688
0.789116
0.789548
0.789984
0.790425
0.790871
0.791321
0.791777
0.792238
0.792705
0.793179
0.793659
0.794145
0.794638
0.795137
0.795642
0.796155
0.796675
0.797202
0.797736
0.798278
0.798828
0.799385
0.799949
0.800521
0.801101
0.801689
0.802284
0.802887
0.803497
0.804114
0.804739
0.80537
0.806008
0.806654
0.807305
0.807963
0.808627
0.809296
0.809971
0.810651
0.811337
0.812026
0.81272
0.813418
0.81412
0.814824
0.815532
0.816242
0.816953
0.817666
0.818381
0.819096
0.819811
0.820527
0.821242
0.821957
0.82267
0.823382
0.824093
0.824801
0.825507
0.826209
0.826908
0.827602
0.828292
0.828977
0.829656
0.83033
0.830998
0.831659
0.832314
0.832962
0.833604
0.834238
0.834865
0.835485
0.836097
0.836702
0.837298
0.837886
0.838467
0.839039
0.839604
0.840161
0.84071
0.841251
0.841785
0.842312
0.842831
0.843343
0.843849
0.844348
0.844841
0.845328
0.845808
0.846283
0.846752
0.847216
0.847674
0.848128
0.848577
0.849022
0.849463
0.849899
0.850332
0.850762
0.851188
0.851612
0.852033
0.852451
0.852867
0.853281
0.853693
0.854102
0.854509
0.854914
0.855317
0.855717
0.856116
0.856513
0.856907
0.857299
0.857688
0.858075
0.858459
0.85884
0.859218
0.859593
0.859963
0.860329
0.860691
0.861048
0.861399
0.861745
0.862085
0.862418
0.862745
0.863064
0.863376
0.86368
0.863976
0.864264
0.864542
0.86481
0.865069
0.865317
0.865554
0.865781
0.865996
0.8662
0.866392
0.866571
0.866739
0.866893
0.867035
0.867164
0.86728
0.867383
0.867472
0.867547
0.867609
0.867656
0.867689
0.867707
0.867711
0.867701
0.867676
0.867637
0.867584
0.867517
0.867436
0.867342
0.867234
0.867113
0.866977
0.866829
0.866667
0.866492
0.866304
0.866104
0.865891
0.865666
0.865429
0.86518
0.864919
0.864648
0.864365
0.864071
0.863767
0.863454
0.86313
0.862798
0.862457
0.862108
0.861751
0.861387
0.861017
0.860641
0.860259
0.859872
0.85948
0.859084
0.858686
0.858284
0.85788
0.857475
0.857068
0.856661
0.856254
0.855848
0.855444
0.855042
0.854644
0.854251
0.853862
0.853479
0.853103
0.852733
0.852372
0.85202
0.851678
0.851346
0.851025
0.850716
0.85042
0.850137
0.84987
0.849619
0.849385
0.849168
0.848969
0.84879
0.84863
0.848492
0.848375
0.848282
0.848212
0.848166
0.848145
0.84815
0.848182
0.848241
0.848327
0.848443
0.848588
0.848764
0.848971
0.849209
0.84948
0.849783
0.85012
0.85049
0.850895
0.851334
0.851808
0.852317
0.852861
0.853442
0.854058
0.854711
0.855399
0.856124
0.856884
0.857679
0.858511
0.859378
0.86028
0.861217
0.862188
0.863193
0.864231
0.865302
0.866405
0.867539
0.868704
0.869898
0.871121
0.872373
0.873651
0.874955
0.876284
0.877637
0.879012
0.88041
0.881828
0.883265
0.884719
0.886189
0.887674
0.889172
0.890682
0.892202
0.893731
0.895268
0.89681
0.898357
0.899908
0.901459
0.903011
0.904561
0.906107
0.907649
0.909185
0.910713
0.912231
0.913739
0.915236
0.916719
0.918187
0.91964
0.921076
0.922493
0.92389
0.925266
0.926619
0.927949
0.929255
0.930535
0.931789
0.933015
0.934214
0.935383
0.936522
0.937631
0.938709
0.939754
0.940767
0.941747
0.942693
0.943605
0.944482
0.945326
0.946134
0.946906
0.947643
0.948343
0.949008
0.949637
0.95023
0.950786
0.951306
0.95179
0.952237
0.952649
0.953025
0.953366
0.953672
0.953944
0.95418
0.954382
0.95455
0.954685
0.954787
0.954855
0.954891
0.954894
0.954866
0.954807
0.954717
0.954598
0.954448
0.954269
0.954062
0.953825
0.953561
0.953271
0.952954
0.952611
0.952244
0.951852
0.951436
0.950997
0.950536
0.950053
0.94955
0.949026
0.948484
0.947922
0.947343
0.946747
0.946134
0.945505
0.944862
0.944203
0.943531
0.942847
0.94215
0.941443
0.940725
0.939996
0.939257
0.93851
0.937755
0.936993
0.936225
0.935451
0.934671
0.933887
0.9331
0.932309
0.931515
0.93072
0.929924
0.929128
0.928332
0.927537
0.926744
0.925954
0.925166
0.924381
0.923601
0.922825
0.922055
0.92129
0.920531
0.919779
0.919034
0.918297
0.917567
0.916847
0.916135
0.915432
0.91474
0.914059
0.91339
0.912732
0.912086
0.911452
0.91083
0.910221
0.909626
0.909044
0.908475
0.90792
0.907378
0.906851
0.906337
0.905839
0.905355
0.904885
0.904431
0.903992
0.903568
0.903159
0.902766
0.902388
0.902025
0.901677
0.901345
0.901028
0.900727
0.90044
0.900169
0.899912
0.899671
0.899445
0.899233
0.899036
0.898853
0.898684
0.898529
0.898388
0.898261
0.898147
0.898046
0.897958
0.897882
0.897818
0.897766
0.897725
0.897695
0.897676
0.897666
0.897666
0.897675
0.897693
0.897719
0.897754
0.897797
0.897847
0.897904
0.897967
0.898036
0.89811
0.898189
0.898272
0.89836
0.898451
0.898545
0.898642
0.898741
0.898842
0.898944
0.899046
0.899148
0.899251
0.899353
0.899454
0.899553
0.89965
0.899746
0.899839
0.899928
0.900015
0.900099
0.900178
0.900254
0.900324
0.90039
0.90045
0.900506
0.900556
0.900599
0.900637
0.900669
0.900695
0.900714
0.900726
0.900731
0.900729
0.90072
0.900704
0.90068
0.90065
0.900613
0.900568
0.900517
0.900458
0.900392
0.900319
0.900239
0.900151
0.900057
0.899955
0.899847
0.899733
0.899612
0.899484
0.899351
0.899211
0.899065
0.898913
0.898756
0.898593
0.898426
0.898254
0.898076
0.897894
0.897708
0.897518
0.897324
0.897127
0.896926
0.896721
0.896514
0.896304
0.896092
0.895878
0.895662
0.895444
0.895226
0.895006
0.894787
0.894568
0.894348
0.894129
0.893911
0.893695
0.893481
0.893269
0.893059
0.892853
0.892651
0.892452
0.892257
0.892068
0.891883
0.891705
0.891533
0.891368
0.891209
0.891058
0.890914
0.890778
0.890651
0.890534
0.890426
0.890328
0.890241
0.890164
0.890099
0.890046
0.890005
0.889976
0.889959
0.889956
0.889967
0.889991
0.890031
0.890085
0.890155
0.890239
0.890339
0.890455
0.890587
0.890736
0.890901
0.891082
0.891281
0.891496
0.891728
0.891978
0.892244
0.892527
0.892826
0.893143
0.893476
0.893825
0.89419
0.894572
0.894969
0.895382
0.895811
0.896255
0.896713
0.897186
0.897671
0.89817
0.898681
0.899204
0.899739
0.900284
0.90084
0.901405
0.901978
0.90256
0.90315
0.903746
0.904348
0.904955
0.905568
0.906184
0.906804
0.907426
0.908049
0.908673
0.909298
0.909921
0.910543
0.911164
0.911781
0.912395
0.913005
0.913611
0.914211
0.914806
0.915395
0.915977
0.916551
0.917117
0.917673
0.918219
0.918755
0.91928
0.919794
0.920297
0.920787
0.921266
0.921733
0.922187
0.922627
0.923055
0.923469
0.923869
0.924256
0.924629
0.924988
0.925333
0.925664
0.92598
0.926281
0.926568
0.926842
0.927101
0.927345
0.927576
0.927793
0.927996
0.928184
0.928359
0.92852
0.928668
0.928803
0.928925
0.929034
0.929131
0.929216
0.929289
0.929351
0.929401
0.92944
0.929468
0.929485
0.929492
0.929489
0.929478
0.929457
0.929427
0.929389
0.929343
0.929289
0.929228
0.929161
0.929086
0.929006
0.928919
0.928828
0.928732
0.928631
0.928526
0.928417
0.928305
0.928189
0.928071
0.92795
0.927827
0.927703
0.927578
0.927451
0.927324
0.927196
0.927067
0.92694
0.926813
0.926688
0.926564
0.926442
0.926321
0.926203
0.926086
0.925972
0.925862
0.925754
0.925649
0.925548
0.925451
0.925358
0.925268
0.925182
0.925101
0.925025
0.924953
0.924887
0.924826
0.92477
0.924719
0.924673
0.924633
0.924598
0.924569
0.924546
0.924529
0.924518
0.924512
0.924512
0.924518
0.92453
0.924548
0.924572
0.924602
0.924637
0.924677
0.924722
0.924773
0.924829
0.92489
0.924956
0.925026
0.9251
0.925179
0.925262
0.92535
0.925441
0.925536
0.925634
0.925736
0.92584
0.925948
0.926059
0.926171
0.926285
0.926401
0.926517
0.926635
0.926753
0.926871
0.926989
0.927107
0.927225
0.927342
0.927458
0.927573
0.927686
0.927798
0.927909
0.928017
0.928123
0.928225
0.928323
0.928419
0.92851
0.928598
0.928681
0.928759
0.928833
0.9289
0.928963
0.92902
0.929072
0.929118
0.929158
0.929192
0.929219
0.92924
0.929253
0.92926
0.929259
0.929252
0.929237
0.929214
0.929183
0.929145
0.929099
0.929045
0.928983
0.928912
0.928834
0.928747
0.928652
0.928549
0.928438
0.928319
0.928192
0.928057
0.927913
0.927761
0.927601
0.927433
0.927257
0.927073
0.926881
0.926681
0.926474
0.926259
0.926036
0.925806
0.925569
0.925325
0.925075
0.924818
0.924553
0.924283
0.924006
0.923723
0.923435
0.923141
0.922842
0.922537
0.922227
0.921913
0.921595
0.921273
0.920947
0.920616
0.920282
0.919944
0.919603
0.919259
0.918913
0.918564
0.918212
0.917858
0.917502
0.917144
0.916785
0.916425
0.916064
0.915702
0.915339
0.914975
0.914611
0.914247
0.913883
0.913518
0.913153
0.912788
0.912424
0.91206
0.911696
0.911332
0.910969
0.910606
0.910243
0.90988
0.909518
0.909156
0.908795
0.908433
0.908071
0.907709
0.907347
0.906984
0.90662
0.906256
0.90589
0.905523
0.905154
0.904784
0.904411
0.904035
0.903657
0.903276
0.902891
0.902503
0.90211
0.901712
0.901309
0.900901
0.900487
0.900067
0.89964
0.899206
0.898765
0.898316
0.89786
0.897395
0.896922
0.89644
0.895948
0.895446
0.894934
0.89441
0.893876
0.89333
0.892772
0.892204
0.891623
0.89103
0.890425
0.889808
0.889179
0.888537
0.887882
0.887215
0.886536
0.885844
0.88514
0.884425
0.883697
0.882958
0.882208
0.881447
0.880675
0.879894
0.879104
0.878305
0.877499
0.876685
0.875865
0.875039
0.874209
0.873375
0.872538
0.871698
0.870857
0.870015
0.869175
0.868336
0.8675
0.866669
0.865844
0.865026
0.864215
0.863414
0.862623
0.861843
0.861075
0.86032
0.85958
0.858856
0.858148
0.857458
0.856786
0.856134
0.855502
0.854891
0.854301
0.853734
0.85319
0.85267
0.852173
0.851701
0.851254
0.850831
0.850434
0.850062
0.849715
0.849393
0.849096
0.848824
0.848577
0.848353
0.848154
0.847979
0.847826
0.847697
0.84759
0.847504
0.84744
0.847395
0.847369
0.847362
0.847373
0.847401
0.847446
0.847505
0.84758
0.847668
0.847769
0.847883
0.848009
0.848146
0.848293
0.84845
0.848616
0.84879
0.848972
0.849162
0.849358
0.84956
0.849769
0.849982
0.850202
0.850426
0.850654
0.850887
0.851125
0.851367
0.851613
0.851862
0.852116
0.852373
0.852634
0.852899
0.853168
0.853441
0.85372
0.854003
0.854291
0.854585
0.854886
0.855193
0.855508
0.85583
0.856161
0.856501
0.85685
0.85721
0.85758
0.857962
0.858355
0.858761
0.859181
0.859614
0.860062
0.860526
0.861007
0.861504
0.862018
0.862551
0.863101
0.863672
0.864262
0.864873
0.865505
0.866158
0.866833
0.867531
0.868252
0.868996
0.869764
0.870556
0.871372
0.872213
0.873079
0.873969
0.874885
0.875826
0.876792
0.877784
0.8788
0.879842
0.880909
0.882001
0.883116
0.884256
0.885419
0.886606
0.887815
0.889045
0.890297
0.891569
0.892861
0.894172
0.895501
0.896847
0.89821
0.899588
0.900981
0.902388
0.903806
0.905236
0.906677
0.908126
0.909583
0.911046
0.912515
0.913987
0.915462
0.916937
0.918413
0.919887
0.921358
0.922825
0.924286
0.92574
0.927186
0.928622
0.930048
0.931462
0.932862
0.934247
0.935616
0.936967
0.938299
0.939612
0.940904
0.942174
0.943419
0.944641
0.945836
0.947005
0.948145
0.949257
0.950339
0.951391
0.952411
0.953399
0.954355
0.955276
0.956162
0.957014
0.95783
0.95861
0.959352
0.960058
0.960725
0.961355
0.961946
0.962498
0.963012
0.963486
0.963921
0.964317
0.964673
0.964989
0.965265
0.965501
0.965697
0.965853
0.96597
0.966048
0.966085
0.966084
0.966043
0.965964
0.965846
0.965691
0.965497
0.965267
0.965
0.964697
0.964358
0.963983
0.963574
0.96313
0.962652
0.962142
0.9616
0.961026
0.960422
0.959787
0.959124
0.958431
0.95771
0.956962
0.956187
0.955387
0.954561
0.953712
0.95284
0.951947
0.951032
0.950097
0.949143
0.948171
0.947182
0.946176
0.945155
0.944119
0.943069
0.942007
0.940932
0.939848
0.938753
0.93765
0.93654
0.935422
0.934299
0.933172
0.93204
0.930905
0.929768
0.92863
0.927493
0.926357
0.925223
0.924091
0.922963
0.921839
0.920719
0.919605
0.918497
0.917395
0.916301
0.915215
0.914138
0.913071
0.912014
0.910967
0.909931
0.908908
0.907896
0.906897
0.905911
0.904939
0.90398
0.903034
0.902103
0.901185
0.900282
0.899394
0.898521
0.897662
0.896819
0.89599
0.895177
0.894378
0.893593
0.892824
0.892069
0.891329
0.890603
0.889892
0.889195
0.888512
0.887843
0.887188
0.886547
0.88592
0.885306
0.884706
0.884119
0.883546
0.882985
0.882437
0.881902
0.881379
0.880869
0.880371
0.879885
0.879411
0.878949
0.878499
0.878061
0.877635
0.87722
0.876817
0.876426
0.876047
0.875679
0.875323
0.87498
0.874649
0.87433
0.874024
0.873731
0.873449
0.873181
0.872925
0.872683
0.872455
0.87224
0.87204
0.871854
0.871681
0.871522
0.871378
0.871248
0.871133
0.871033
0.870948
0.870877
0.870821
0.870781
0.870757
0.870749
0.870756
0.870778
0.870816
0.870869
0.870938
0.871021
0.871119
0.871232
0.871359
0.871501
0.871656
0.871826
0.872009
0.872205
0.872414
0.872635
0.872868
0.873112
0.873368
0.873634
0.873911
0.874196
0.874491
0.874794
0.875105
0.875423
0.875747
0.876077
0.876413
0.876753
0.877098
0.877446
0.877797
0.878149
0.878502
0.878856
0.879209
0.879562
0.879914
0.880263
0.880611
0.880955
0.881296
0.881632
0.881963
0.88229
0.882612
0.882926
0.883234
0.883536
0.88383
0.884116
0.884394
0.884664
0.884926
0.885178
0.885421
0.885656
0.885881
0.886098
0.886305
0.886503
0.886693
0.886875
0.887047
0.887212
0.887369
0.887518
0.88766
0.887795
0.887924
0.888046
0.888163
0.888275
0.888383
0.888487
0.888587
0.888686
0.888783
0.888879
0.888974
0.88907
0.889166
0.889264
0.889364
0.889467
0.889574
0.889686
0.889803
0.889925
0.890055
0.890193
0.890338
0.890493
0.890658
0.890833
0.891019
0.891218
0.891429
0.891654
0.891893
0.892146
0.892415
0.892699
0.893
0.893318
0.893652
0.894004
0.894374
0.894761
0.895167
0.89559
0.896032
0.896492
0.89697
0.897467
0.897982
0.898516
0.899068
0.899637
0.900224
0.900828
0.901449
0.902086
0.902739
0.903408
0.904092
0.904791
0.905503
0.906228
0.906965
0.907713
0.908473
0.909242
0.91002
0.910807
0.9116
0.912401
0.913208
0.914019
0.914835
0.915653
0.916475
0.917297
0.91812
0.918943
0.919765
0.920585
0.921402
0.922216
0.923026
0.92383
0.924628
0.925421
0.926206
0.926983
0.927752
0.928511
0.92926
0.929999
0.930728
0.931447
0.932155
0.93285
0.933533
0.934203
0.934859
0.935501
0.936129
0.936742
0.93734
0.937923
0.93849
0.939043
0.93958
0.9401
0.940604
0.941092
0.941564
0.942018
0.942456
0.942877
0.943282
0.943669
0.944039
0.944392
0.944729
0.945047
0.945349
0.945634
0.945901
0.946151
0.946384
0.9466
0.946798
0.94698
0.947144
0.947292
0.947421
0.947534
0.947629
0.947708
0.94777
0.947816
0.947844
0.947856
0.947851
0.947829
0.94779
0.947734
0.947661
0.947572
0.947465
0.947343
0.947204
0.947049
0.946877
0.94669
0.946486
0.946265
0.946028
0.945775
0.945506
0.94522
0.944918
0.944599
0.944264
0.943914
0.943547
0.943164
0.942765
0.94235
0.941918
0.941471
0.941008
0.940529
0.940034
0.939523
0.938997
0.938456
0.9379
0.937328
0.936741
0.936138
0.935521
0.934888
0.934241
0.933578
0.932901
0.932209
0.931502
0.930781
0.930045
0.929295
0.928531
0.927753
0.926962
0.926158
0.925341
0.924511
0.923669
0.922814
0.921947
0.921068
0.920177
0.919274
0.91836
0.917434
0.916498
0.915552
0.914596
0.913629
0.912654
0.911669
0.910676
0.909674
0.908665
0.907648
0.906624
0.905594
0.904558
0.903515
0.902467
0.901414
0.900357
0.899296
0.898231
0.897165
0.896095
0.895025
0.893953
0.89288
0.891806
0.890733
0.889661
0.888589
0.88752
0.886454
0.885391
0.884331
0.883276
0.882226
0.88118
0.88014
0.879106
0.878078
0.877057
0.876043
0.875037
0.87404
0.873051
0.872072
0.871102
0.870143
0.869194
0.868256
0.867329
0.866414
0.86551
0.864618
0.863739
0.862872
0.862017
0.861176
0.860348
0.859533
0.858732
0.857945
0.857172
0.856413
0.855667
0.854936
0.854219
0.853517
0.852829
0.852155
0.851496
0.850852
0.850222
0.849606
0.849004
0.848415
0.847841
0.84728
0.846733
0.8462
0.84568
0.845173
0.844678
0.844197
0.843727
0.843271
0.842827
0.842395
0.841975
0.841567
0.841172
0.840789
0.840417
0.840055
0.839706
0.839367
0.839039
0.838722
0.838415
0.838119
0.837833
0.837557
0.837292
0.837037
0.836792
0.836557
0.836332
0.836117
0.835912
0.835717
0.835534
0.835361
0.835199
0.835047
0.834907
0.834778
0.834661
0.834555
0.83446
0.834377
0.834305
0.834245
0.834197
0.83416
0.834137
0.834127
0.834129
0.834145
0.834175
0.834219
0.834278
0.834351
0.83444
0.834542
0.83466
0.834793
0.834941
0.835105
0.835285
0.835481
0.835693
0.835921
0.836166
0.836426
0.836703
0.836997
0.837307
0.837633
0.837976
0.838335
0.838709
0.8391
0.839506
0.839928
0.840364
0.840815
0.84128
0.84176
0.842252
0.842758
0.843276
0.843806
0.844348
0.8449
0.845463
0.846035
0.846617
0.847206
0.847803
0.848406
0.849015
0.849629
0.850247
0.850867
0.85149
0.852115
0.852741
0.853366
0.853991
0.854614
0.855234
0.855851
0.856463
0.85707
0.857672
0.858267
0.858855
0.859435
0.860007
0.860569
0.861121
0.861663
0.862194
0.862713
0.863221
0.863716
0.864199
0.864669
0.865127
0.865572
0.866004
0.866423
0.866831
0.867226
0.867608
0.867979
0.868338
0.868686
0.869024
0.869351
0.86967
0.86998
0.870282
0.870578
0.870868
0.871154
0.871435
0.871713
0.87199
0.872267
0.872545
0.872824
0.873106
0.873393
0.873685
0.873983
0.874289
0.874605
0.874931
0.87527
0.875621
0.875987
0.876368
0.876765
0.877179
0.877611
0.878061
0.878532
0.879022
0.879533
0.880064
0.880617
0.88119
0.881784
0.882399
0.883035
0.883691
0.884366
0.885061
0.885775
0.886505
0.887252
0.888013
0.888787
0.889573
0.890369
0.891173
0.891985
0.892802
0.893623
0.894444
0.895264
0.896082
0.896894
0.897699
0.898495
0.899279
0.90005
0.900805
0.901542
0.902259
0.902954
0.903626
0.904272
0.904891
0.905482
0.906042
0.906572
0.907068
0.90753
0.907957
0.908348
0.908703
0.90902
0.9093
0.90954
0.909742
0.909906
0.91003
0.910115
0.910162
0.91017
0.910141
0.910074
0.90997
0.90983
0.909655
0.909446
0.909203
0.908927
0.90862
0.908283
0.907917
0.907524
0.907105
0.906661
0.906194
0.905706
0.905198
0.904671
0.904128
0.903569
0.902995
0.90241
0.901814
0.901209
0.900596
0.899977
0.899354
0.898729
0.898102
0.897476
0.896852
0.896232
0.895617
0.895008
0.894408
0.893817
0.893236
0.892667
0.89211
0.891568
0.891041
0.89053
0.890037
0.889563
0.889108
0.888673
0.888258
0.887865
0.887494
0.887146
0.886821
0.88652
0.886243
0.885991
0.885765
0.885564
0.885389
0.88524
0.885116
0.885018
0.884946
0.8849
0.88488
0.884885
0.884916
0.884973
0.885054
0.885159
0.885289
0.885443
0.88562
0.88582
0.886042
0.886286
0.886552
0.886838
0.887145
0.887471
0.887816
0.888179
0.88856
0.888958
0.88937
0.889798
0.890239
0.890693
0.891158
0.891635
0.892122
0.892619
0.893123
0.893635
0.894154
0.894677
0.895204
0.895733
0.896264
0.896796
0.897328
0.897858
0.898385
0.898909
0.899428
0.899942
0.90045
0.900951
0.901443
0.901927
0.9024
0.902862
0.903312
0.90375
0.904174
0.904584
0.904979
0.905357
0.905719
0.906063
0.90639
0.906697
0.906985
0.907253
0.907501
0.907728
0.907933
0.908117
0.908278
0.908417
0.908533
0.908627
0.908697
0.908745
0.908768
0.908767
0.908743
0.908694
0.908622
0.908526
0.908406
0.908263
0.908096
0.907906
0.907692
0.907456
0.907196
0.906914
0.906611
0.906285
0.905938
0.905569
0.905179
0.904768
0.904337
0.903887
0.903418
0.90293
0.902425
0.901901
0.901361
0.900804
0.900232
0.899645
0.899042
0.898426
0.897797
0.897156
0.896503
0.895839
0.895165
0.894482
0.89379
0.89309
0.892382
0.891667
0.890947
0.890221
0.88949
0.888755
0.888018
0.887277
0.886535
0.885793
0.885051
0.88431
0.88357
0.882833
0.882098
0.881366
0.880639
0.879917
0.879201
0.87849
0.877787
0.87709
0.876402
0.875722
0.875053
0.874393
0.873745
0.873108
0.872483
0.871869
0.871269
0.870683
0.87011
0.869553
0.86901
0.868482
0.867971
0.867475
0.866996
0.866534
0.866089
0.865662
0.865251
0.864859
0.864486
0.864132
0.863796
0.863479
0.863181
0.862902
0.862642
0.862401
0.86218
0.861979
0.861797
0.861635
0.861493
0.861371
0.861268
0.861185
0.861122
0.861078
0.861053
0.861047
0.861061
0.861095
0.861148
0.861219
0.86131
0.861418
0.861546
0.861691
0.861854
0.862035
0.862234
0.862449
0.862682
0.862932
0.863199
0.863482
0.863781
0.864095
0.864426
0.864772
0.865133
0.865509
0.8659
0.866304
0.866723
0.867156
0.867602
0.868061
0.868533
0.869018
0.869514
0.870023
0.870544
0.871076
0.871619
0.872174
0.872739
0.873314
0.873899
0.874493
0.875097
0.87571
0.876331
0.876961
0.877599
0.878244
0.878896
0.879555
0.880221
0.880893
0.88157
0.882253
0.882942
0.883636
0.884334
0.885036
0.885741
0.88645
0.887161
0.887875
0.88859
0.889307
0.890025
0.890743
0.891462
0.892181
0.892898
0.893615
0.894329
0.895041
0.89575
0.896457
0.89716
0.897859
0.898552
0.899241
0.899925
0.900604
0.901276
0.901941
0.9026
0.903252
0.903895
0.90453
0.905156
0.905772
0.906379
0.906976
0.907563
0.908139
0.908704
0.909257
0.909799
0.910329
0.910846
0.911352
0.911845
0.912325
0.912792
0.913245
0.913684
0.91411
0.914521
0.914918
0.915301
0.915671
0.916026
0.916368
0.916695
0.917008
0.917306
0.91759
0.91786
0.918116
0.918359
0.918587
0.918801
0.919002
0.91919
0.919364
0.919525
0.919674
0.91981
0.919933
0.920043
0.920142
0.920228
0.920303
0.920366
0.920418
0.920459
0.920488
0.920508
0.920518
0.920518
0.920508
0.92049
0.920463
0.920428
0.920384
0.920334
0.920276
0.920211
0.920139
0.920061
0.919977
0.919888
0.919793
0.919692
0.919587
0.919476
0.919361
0.919243
0.91912
0.918994
0.918865
0.918733
0.918598
0.918461
0.918323
0.918183
0.918041
0.917899
0.917756
0.917613
0.91747
0.917328
0.917186
0.917045
0.916906
0.916768
0.916631
0.916496
0.916363
0.916232
0.916104
0.915978
0.915855
0.915735
0.915617
0.915503
0.915391
0.915282
0.915175
0.915072
0.914971
0.914874
0.914779
0.914687
0.914598
0.914511
0.914426
0.914344
0.914264
0.914186
0.91411
0.914036
0.913963
0.913892
0.913822
0.913753
0.913683
0.913613
0.913543
0.913473
0.913401
0.913327
0.913252
0.913174
0.913094
0.913011
0.912925
0.912835
0.91274
0.91264
0.912535
0.912424
0.912307
0.912183
0.912054
0.911916
0.911771
0.911617
0.911454
0.911282
0.911101
0.910911
0.91071
0.910499
0.910276
0.910043
0.909797
0.90954
0.909269
0.908986
0.90869
0.908382
0.90806
0.907725
0.907376
0.907014
0.906638
0.906248
0.905843
0.905424
0.904991
0.904543
0.90408
0.903603
0.903112
0.902606
0.902087
0.901553
0.901005
0.900442
0.899865
0.899275
0.898671
0.898054
0.897423
0.89678
0.896124
0.895455
0.894774
0.894081
0.893377
0.892661
0.891934
0.891196
0.890448
0.889689
0.88892
0.888141
0.887354
0.886558
0.885754
0.884942
0.884122
0.883294
0.88246
0.881618
0.880769
0.879914
0.879051
0.878184
0.87731
0.876431
0.875547
0.874657
0.873762
0.872862
0.871958
0.871051
0.870139
0.869222
0.868303
0.86738
0.866454
0.865524
0.864591
0.863655
0.862715
0.861773
0.860828
0.859881
0.858931
0.857977
0.857022
0.856063
0.855102
0.854138
0.853172
0.852203
0.851231
0.850257
0.84928
0.848301
0.847318
0.846333
0.845345
0.844354
0.843359
0.842361
0.84136
0.840356
0.839347
0.838334
0.837317
0.836296
0.83527
0.83424
0.833205
0.832164
0.831118
0.830066
0.829008
0.827943
0.826871
0.825792
0.824706
0.823612
0.82251
0.8214
0.820282
0.819155
0.818019
0.816873
0.815718
0.814551
0.813375
0.812187
0.810987
0.809776
0.808553
0.807317
0.80607
0.80481
0.803538
0.802252
0.800953
0.799642
0.798317
0.796979
0.795628
0.794265
0.792888
0.791499
0.790098
0.788684
0.787258
0.785821
0.784373
0.782915
0.781447
0.77997
0.778485
0.776993
0.775494
0.773989
0.772481
0.770968
0.769453
0.767937
0.766422
0.764908
0.763397
0.76189
0.760389
0.758896
0.757413
0.755941
0.754481
0.753036
0.751606
0.750195
0.748804
0.747435
0.74609
0.744771
0.743481
0.742219
0.740989
0.739793
0.738631
0.737507
0.736421
0.735376
0.734373
0.733414
0.7325
0.731634
0.730816
0.730048
0.729331
0.728666
0.728055
0.727499
0.726997
0.726553
0.726165
0.725836
0.725565
0.725353
0.7252
0.725107
0.725073
0.725099
0.725185
0.72533
0.725536
0.725801
0.726125
0.726507
0.726947
0.727444
0.727998
0.728608
0.729273
0.729991
0.730763
0.731587
0.732462
0.733386
0.734359
0.735378
0.736445
0.737556
0.73871
0.739907
0.741145
0.742422
0.743737
0.745089
0.746476
0.747896
0.749349
0.750831
0.752343
0.753883
0.755449
0.757041
0.758656
0.760293
0.76195
0.763627
0.765322
0.767033
0.768759
0.770499
0.772251
0.774016
0.77579
0.777573
0.779363
0.781159
0.78296
0.784764
0.78657
0.788377
0.790185
0.791991
0.793794
0.795594
0.797389
0.799179
0.800961
0.802736
0.804502
0.806257
0.808002
0.809734
0.811453
0.813157
0.814847
0.81652
0.818177
0.819815
0.821435
0.823034
0.824613
0.82617
0.827705
0.829218
0.830707
0.832171
0.83361
0.835022
0.836408
0.837765
0.839095
0.840397
0.84167
0.842914
0.844128
0.845313
0.846467
0.84759
0.848682
0.849742
0.850771
0.851769
0.852735
0.853669
0.854572
0.855442
0.85628
0.857087
0.857861
0.858605
0.859317
0.859998
0.860648
0.861268
0.861858
0.862418
0.862949
0.86345
0.863922
0.864367
0.864783
0.865172
0.865535
0.865871
0.866183
0.866469
0.866732
0.866971
0.867188
0.867382
0.867555
0.867707
0.867839
0.867951
0.868044
0.868119
0.868176
0.868217
0.868241
0.86825
0.868244
0.868225
0.868192
0.868147
0.86809
0.868021
0.867942
0.867854
0.867755
0.867648
0.867532
0.867409
0.867278
0.867141
0.866998
0.866849
0.866694
0.866535
0.866371
0.866203
0.866031
0.865856
0.865677
0.865496
0.865312
0.865125
0.864935
0.864744
0.864551
0.864356
0.86416
0.863963
0.863765
0.863565
0.863363
0.86316
0.862956
0.86275
0.862542
0.862333
0.862122
0.861909
0.861694
0.861477
0.861259
0.861038
0.860815
0.86059
0.860361
0.86013
0.859896
0.859658
0.859416
0.859171
0.858922
0.858668
0.85841
0.858147
0.85788
0.857607
0.857329
0.857045
0.856755
0.856459
0.856158
0.85585
0.855536
0.855217
0.85489
0.854557
0.854218
0.853871
0.853519
0.853159
0.852791
0.852417
0.852036
0.851647
0.851251
0.850848
0.850439
0.850022
0.8496
0.84917
0.848734
0.848291
0.847843
0.847388
0.846928
0.846463
0.845993
0.845517
0.845038
0.844554
0.844067
0.843576
0.843083
0.842587
0.842089
0.841589
0.841088
0.840587
0.840085
0.839583
0.839082
0.838582
0.838085
0.83759
0.837098
0.83661
0.836126
0.835647
0.835173
0.834706
0.834245
0.833791
0.833345
0.832907
0.832478
0.832059
0.83165
0.831252
0.830865
0.830489
0.830126
0.829776
0.829438
0.829114
0.828804
0.828508
0.828228
0.827963
0.827714
0.82748
0.827262
0.827061
0.826876
0.826707
0.826554
0.826417
0.826298
0.826195
0.826108
0.826037
0.825981
0.825942
0.825918
0.82591
0.825916
0.825936
0.82597
0.826018
0.826079
0.826153
0.826238
0.826334
0.826441
0.826557
0.826684
0.826818
0.826961
0.82711
0.827265
0.827427
0.827593
0.827762
0.827935
0.828111
0.828288
0.828465
0.828642
0.828818
0.828992
0.829164
0.829333
0.829498
0.829659
0.829814
0.829964
0.830107
0.830244
0.830373
0.830495
0.830609
0.830713
0.830809
0.830895
0.830972
0.831039
0.831097
0.831143
0.83118
0.831205
0.83122
0.831223
0.831217
0.8312
0.831173
0.831135
0.831088
0.831031
0.830964
0.830889
0.830804
0.830712
0.830611
0.830502
0.830387
0.830266
0.83014
0.830009
0.829874
0.829735
0.829593
0.82945
0.829304
0.829158
0.829012
0.828866
0.828722
0.828581
0.828443
0.828309
0.82818
0.828057
0.82794
0.827831
0.82773
0.827638
0.827555
0.827482
0.827421
0.827371
0.827333
0.827308
0.827297
0.827299
0.827316
0.827348
0.827396
0.82746
0.82754
0.827638
0.827753
0.827885
0.828034
0.828202
0.828388
0.828591
0.828812
0.82905
0.829306
0.829579
0.829869
0.830176
0.8305
0.830839
0.831195
0.831566
0.831952
0.832353
0.832767
0.833195
0.833636
0.834089
0.834554
0.83503
0.835516
0.836011
0.836514
0.837026
0.837544
0.838069
0.838601
0.839137
0.839677
0.840221
0.840767
0.841315
0.841864
0.842412
0.842959
0.843503
0.844044
0.844581
0.845112
0.845639
0.846159
0.846671
0.847175
0.847669
0.848154
0.848627
0.849089
0.849538
0.849973
0.850394
0.8508
0.85119
0.851564
0.851921
0.85226
0.852581
0.852884
0.853168
0.853432
0.853675
0.853897
0.854097
0.854276
0.854431
0.854564
0.854673
0.854758
0.854819
0.854855
0.854868
0.854857
0.85482
0.854759
0.854672
0.854559
0.854421
0.854257
0.854067
0.853851
0.853609
0.853341
0.853048
0.85273
0.852386
0.852017
0.851623
0.851203
0.850758
0.850288
0.849794
0.849277
0.848735
0.84817
0.847582
0.846971
0.846337
0.845682
0.845006
0.844308
0.84359
0.842853
0.842096
0.84132
0.840526
0.839715
0.838887
0.838044
0.837185
0.836311
0.835423
0.834522
0.833608
0.832682
0.831745
0.830798
0.829841
0.828876
0.827902
0.826922
0.825936
0.824944
0.823949
0.822951
0.821951
0.820949
0.819948
0.818948
0.817949
0.816954
0.815964
0.814979
0.813999
0.813028
0.812064
0.81111
0.810167
0.809235
0.808317
0.807413
0.806525
0.805653
0.804799
0.803964
0.803148
0.802355
0.801584
0.800837
0.800114
0.799417
0.798748
0.798106
0.797493
0.79691
0.796358
0.795839
0.795353
0.794902
0.794485
0.794104
0.79376
0.793454
0.793186
0.792957
0.792768
0.79262
0.792511
0.792444
0.792419
0.792435
0.792494
0.792594
0.792738
0.792925
0.793154
0.793426
0.793741
0.794098
0.794497
0.794939
0.795423
0.795948
0.796514
0.797121
0.797767
0.798453
0.799178
0.79994
0.800739
0.801575
0.802446
0.803351
0.80429
0.805262
0.806266
0.8073
0.808364
0.809458
0.810578
0.811724
0.812895
0.81409
0.815308
0.816547
0.817805
0.819083
0.820379
0.82169
0.823016
0.824356
0.825709
0.827072
0.828445
0.829827
0.831216
0.83261
0.834009
0.835411
0.836814
0.838218
0.839622
0.841024
0.842423
0.843818
0.845208
0.846593
0.84797
0.849338
0.850697
0.852045
0.853382
0.854706
0.856017
0.857313
0.858595
0.85986
0.861109
0.862339
0.863552
0.864745
0.865918
0.86707
0.868202
0.869311
0.870398
0.871461
0.872501
0.873516
0.874506
0.875471
0.876409
0.877322
0.878208
0.879067
0.879898
0.880701
0.881477
0.882223
0.882941
0.88363
0.884289
0.884919
0.885519
0.886089
0.886629
0.887138
0.887618
0.888067
0.888486
0.888874
0.889231
0.889556
0.88985
0.890113
0.890344
0.890543
0.890711
0.890847
0.890952
0.891025
0.891068
0.891079
0.89106
0.891009
0.890927
0.890814
0.89067
0.890494
0.890289
0.890053
0.889786
0.88949
0.889163
0.888806
0.888419
0.888002
0.887555
0.887079
0.886573
0.886038
0.885474
0.884881
0.884259
0.883609
0.882931
0.882225
0.881491
0.880731
0.879943
0.879129
0.878289
0.877424
0.876534
0.875619
0.87468
0.873716
0.87273
0.871721
0.870689
0.869636
0.868561
0.867466
0.866351
0.865218
0.864066
0.862896
0.86171
0.860507
0.85929
0.858059
0.856814
0.855557
0.854288
0.853009
0.85172
0.850423
0.849119
0.847809
0.846494
0.845176
0.843855
0.842533
0.841211
0.83989
0.838572
0.837258
0.83595
0.834647
0.833353
0.832068
0.830794
0.829532
0.828282
0.827047
0.825828
0.824625
0.823442
0.822279
0.821136
0.820015
0.818917
0.817843
0.816794
0.815772
0.814776
0.813809
0.81287
0.811962
0.811084
0.810239
0.809425
0.808643
0.807895
0.80718
0.806499
0.805852
0.805241
0.804665
0.804124
0.803619
0.803149
0.802713
0.802313
0.801948
0.801618
0.801322
0.801061
0.800833
0.800639
0.800478
0.800349
0.800251
0.800186
0.800151
0.800147
0.800172
0.800225
0.800307
0.800416
0.800552
0.800714
0.8009
0.801112
0.801346
0.801604
0.801884
0.802185
0.802506
0.802848
0.803208
0.803586
0.803982
0.804393
0.80482
0.805263
0.80572
0.806191
0.806675
0.807171
0.807678
0.808196
0.808725
0.809263
0.80981
0.810365
0.810927
0.811496
0.812072
0.812653
0.81324
0.813831
0.814428
0.815028
0.815631
0.816237
0.816846
0.817457
0.81807
0.818684
0.819299
0.819915
0.820532
0.821149
0.821766
0.822384
0.823001
0.823617
0.824232
0.824846
0.825459
0.826071
0.826681
0.827289
0.827895
0.8285
0.829102
0.829703
0.830302
0.830898
0.831492
0.832083
0.832671
0.833257
0.83384
0.834421
0.834998
0.835573
0.836145
0.836716
0.837284
0.83785
0.838413
0.838974
0.839531
0.840087
0.840639
0.84119
0.841737
0.842283
0.842826
0.843367
0.843906
0.844442
0.844976
0.845508
0.846037
0.846564
0.847089
0.847611
0.84813
0.848648
0.849163
0.849675
0.850184
0.85069
0.851194
0.851696
0.852194
0.85269
0.853182
0.853671
0.854157
0.85464
0.855119
0.855595
0.856068
0.856537
0.857002
0.857464
0.857922
0.858375
0.858824
0.859269
0.859709
0.860145
0.860577
0.861004
0.861426
0.861843
0.862255
0.862662
0.863063
0.863459
0.863847
0.86423
0.864606
0.864975
0.865338
0.865695
0.866045
0.866388
0.866725
0.867055
0.867377
0.867692
0.867999
0.868298
0.868591
0.868875
0.869151
0.869419
0.869679
0.86993
0.870173
0.870408
0.870633
0.87085
0.871058
0.871257
0.871447
0.871627
0.871798
0.87196
0.872113
0.872256
0.87239
0.872514
0.872629
0.872735
0.872832
0.87292
0.872998
0.873068
0.873128
0.87318
0.873223
0.873257
0.873283
0.8733
0.873308
0.873308
0.873299
0.873281
0.873256
0.873222
0.87318
0.87313
0.873072
0.873006
0.872932
0.872851
0.872762
0.872665
0.872561
0.87245
0.872332
0.872207
0.872075
0.871936
0.871789
0.871635
0.871475
0.871308
0.871133
0.870952
0.870763
0.870568
0.870365
0.870155
0.869939
0.869717
0.869488
0.869252
0.86901
0.86876
0.868504
0.86824
0.86797
0.867693
0.867408
0.867116
0.866817
0.866511
0.866198
0.865877
0.865549
0.865214
0.864871
0.86452
0.864161
0.863795
0.86342
0.863038
0.862647
0.862248
0.861842
0.861426
0.861002
0.86057
0.860128
0.859679
0.859221
0.858754
0.858279
0.857795
0.857303
0.856803
0.856294
0.855777
0.855252
0.854719
0.854178
0.853628
0.85307
0.852505
0.851931
0.85135
0.850761
0.850164
0.849561
0.848951
0.848334
0.847711
0.847081
0.846446
0.845804
0.845158
0.844506
0.84385
0.84319
0.842527
0.84186
0.841191
0.840519
0.839846
0.839171
0.838496
0.83782
0.837144
0.836469
0.835795
0.835124
0.834455
0.833789
0.833126
0.832468
0.831815
0.831167
0.830525
0.82989
0.829262
0.828641
0.828028
0.827425
0.826831
0.826247
0.825674
0.825112
0.824562
0.824024
0.823499
0.822988
0.822491
0.822009
0.821541
0.821089
0.820653
0.820233
0.81983
0.819443
0.819074
0.818723
0.81839
0.818075
0.817778
0.8175
0.817241
0.817001
0.816779
0.816577
0.816394
0.81623
0.816085
0.815959
0.815852
0.815764
0.815695
0.815644
0.815612
0.815598
0.815602
0.815624
0.815663
0.815719
0.815791
0.815881
0.815986
0.816108
0.816244
0.816395
0.816559
0.816738
0.81693
0.817135
0.817352
0.817581
0.817821
0.818071
0.818332
0.818602
0.81888
0.819167
0.819462
0.819764
0.820072
0.820386
0.820705
0.821029
0.821355
0.821685
0.822017
0.82235
0.822685
0.823019
0.823353
0.823686
0.824017
0.824346
0.824671
0.824992
0.825308
0.82562
0.825925
0.826224
0.826516
0.8268
0.827076
0.827343
0.827601
0.827847
0.828082
0.828305
0.828515
0.828712
0.828895
0.829064
0.829219
0.829358
0.829482
0.829588
0.829678
0.829751
0.829805
0.829841
0.829858
0.829855
0.829833
0.82979
0.829728
0.829645
0.829542
0.829417
0.829272
0.829105
0.828917
0.828708
0.828476
0.828224
0.82795
0.827655
0.82734
0.827004
0.826648
0.826271
0.825874
0.825457
0.825022
0.824567
0.824094
0.823604
0.823096
0.822572
0.822032
0.821477
0.820908
0.820327
0.819733
0.819128
0.818513
0.817889
0.817257
0.816619
0.815976
0.815329
0.814678
0.814026
0.813374
0.812723
0.812074
0.81143
0.81079
0.810158
0.809533
0.808918
0.808313
0.80772
0.807141
0.806577
0.80603
0.8055
0.80499
0.804499
0.804031
0.803585
0.803164
0.802767
0.802397
0.802054
0.80174
0.801454
0.801199
0.800974
0.800781
0.800621
0.800493
0.800399
0.800339
0.800312
0.80032
0.800363
0.800441
0.800553
0.8007
0.800882
0.801099
0.801351
0.801637
0.801957
0.80231
0.802697
0.803116
0.803568
0.804051
0.804566
0.805112
0.805687
0.806291
0.806923
0.807583
0.80827
0.808983
0.809721
0.810484
0.81127
0.812078
0.812907
0.813757
0.814626
0.815514
0.816419
0.817341
0.818279
0.819232
0.820199
0.821179
0.82217
0.823173
0.824187
0.82521
0.826241
0.827279
0.828325
0.829376
0.830432
0.831493
0.832556
0.833622
0.83469
0.835759
0.836828
0.837897
0.838965
0.840031
0.841094
0.842154
0.84321
0.844261
0.845308
0.846349
0.847384
0.848412
0.849433
0.850445
0.85145
0.852445
0.853432
0.854408
0.855373
0.856327
0.857269
0.858199
0.859116
0.86002
0.860911
0.861787
0.862649
0.863495
0.864326
0.865141
0.86594
0.866721
0.867484
0.86823
0.868958
0.869668
0.870358
0.871029
0.87168
0.872311
0.87292
0.873509
0.874077
0.874622
0.875145
0.875646
0.876123
0.876577
0.877007
0.877412
0.877793
0.878148
0.878478
0.878782
0.87906
0.879311
0.879536
0.879733
0.879902
0.880043
0.880156
0.88024
0.880294
0.880319
0.880314
0.880279
0.880214
0.880118
0.879991
0.879834
0.879646
0.879426
0.879174
0.878891
0.878576
0.878228
0.877848
0.877437
0.876993
0.876517
0.876009
0.875468
0.874895
0.87429
0.873653
0.872984
0.872282
0.871547
0.870781
0.869983
0.869152
0.868291
0.867397
0.866473
0.865518
0.864531
0.863515
0.862468
0.861391
0.860285
0.85915
0.857986
0.856793
0.855571
0.854323
0.853047
0.851745
0.850416
0.849061
0.847682
0.846278
0.844851
0.843399
0.841925
0.840428
0.838909
0.837369
0.835808
0.834228
0.83263
0.831013
0.829379
0.827728
0.82606
0.824378
0.822681
0.82097
0.819247
0.817511
0.815764
0.814006
0.812239
0.810465
0.808683
0.806894
0.8051
0.803302
0.8015
0.799696
0.797891
0.796085
0.79428
0.792476
0.790676
0.78888
0.787089
0.785305
0.783528
0.78176
0.780002
0.778254
0.776519
0.774797
0.773089
0.771397
0.769722
0.768065
0.766426
0.764808
0.763212
0.761638
0.760087
0.758561
0.757061
0.755588
0.754144
0.752729
0.751345
0.749992
0.748671
0.747383
0.746129
0.74491
0.743727
0.742581
0.741473
0.740404
0.739373
0.738383
0.737433
0.736525
0.735659
0.734835
0.734054
0.733316
0.732623
0.731974
0.731371
0.730813
0.7303
0.729833
0.729411
0.729037
0.728708
0.728427
0.728192
0.728003
0.727861
0.727765
0.727715
0.727712
0.727755
0.727844
0.727978
0.728157
0.728381
0.72865
0.728963
0.72932
0.72972
0.730164
0.730649
0.731177
0.731747
0.732358
0.73301
0.733702
0.734434
0.735204
0.736012
0.736859
0.737743
0.738663
0.739618
0.740609
0.741634
0.742692
0.743783
0.744905
0.746058
0.747241
0.748453
0.749694
0.750963
0.752259
0.75358
0.754926
0.756297
0.757691
0.759108
0.760546
0.762005
0.763485
0.764983
0.766499
0.768032
0.769582
0.771148
0.772728
0.774322
0.775928
0.777545
0.779172
0.780809
0.782455
0.784108
0.785768
0.787434
0.789105
0.79078
0.792457
0.794137
0.795817
0.797498
0.799179
0.800858
0.802533
0.804206
0.805873
0.807536
0.809192
0.810841
0.812482
0.814114
0.815737
0.81735
0.818952
0.820542
0.82212
0.823684
0.825234
0.82677
0.828291
0.829796
0.831285
0.832756
0.834209
0.835644
0.83706
0.838457
0.839833
0.841189
0.842523
0.843836
0.845126
0.846393
0.847637
0.848856
0.850052
0.851223
0.852369
0.85349
0.854585
0.855653
0.856696
0.857711
0.858699
0.85966
0.860594
0.861501
0.862379
0.86323
0.864052
0.864845
0.865609
0.866344
0.86705
0.867727
0.868375
0.868994
0.869583
0.870141
0.87067
0.87117
0.871639
0.872078
0.872487
0.872866
0.873215
0.873534
0.873824
0.874084
0.874315
0.874517
0.874689
0.874833
0.874947
0.875033
0.87509
0.875118
0.875119
0.875092
0.875038
0.874956
0.874847
0.87471
0.874547
0.874358
0.874142
0.873901
0.873635
0.873343
0.873026
0.872686
0.872321
0.871934
0.871523
0.871091
0.870638
0.870164
0.869669
0.869155
0.868621
0.868069
0.8675
0.866913
0.86631
0.865692
0.865059
0.864412
0.863751
0.863079
0.862394
0.861699
0.860993
0.860279
0.859556
0.858825
0.858087
0.857345
0.856598
0.855847
0.855093
0.854337
0.85358
0.852823
0.852066
0.851311
0.850558
0.849809
0.849064
0.848325
0.847592
0.846866
0.846149
0.84544
0.844742
0.844053
0.843376
0.842711
0.84206
0.841422
0.8408
0.840193
0.839604
0.839031
0.838477
0.837941
0.837425
0.83693
0.836455
0.836003
0.835573
0.835167
0.834784
0.834425
0.834091
0.833784
0.833502
0.833246
0.833016
0.832813
0.832637
0.832489
0.832369
0.832277
0.832213
0.832177
0.832171
0.832192
0.832243
0.832323
0.832432
0.832569
0.832735
0.832929
0.833152
0.833402
0.83368
0.833986
0.834319
0.834679
0.835066
0.835479
0.835917
0.836381
0.83687
0.837382
0.837917
0.838476
0.839056
0.839658
0.84028
0.840921
0.841581
0.84226
0.842956
0.843668
0.844396
0.845139
0.845895
0.846664
0.847445
0.848237
0.849039
0.84985
0.85067
0.851497
0.852331
0.853171
0.854016
0.854865
0.855717
0.856571
0.857427
0.858283
0.859138
0.859992
0.860844
0.861692
0.862537
0.863378
0.864212
0.865041
0.865863
0.866676
0.867482
0.868279
0.869066
0.869843
0.870611
0.871367
0.872111
0.872843
0.873563
0.874269
0.874961
0.87564
0.876303
0.876952
0.877585
0.878202
0.878803
0.879388
0.879956
0.880506
0.881039
0.881555
0.882053
0.882533
0.882996
0.88344
0.883867
0.884275
0.884665
0.885037
0.88539
0.885726
0.886043
0.886342
0.886624
0.886888
0.887135
0.887364
0.887577
0.887772
0.887951
0.888113
0.888258
0.888387
0.8885
0.888596
0.888678
0.888744
0.888796
0.888833
0.888857
0.888868
0.888866
0.888851
0.888824
0.888786
0.888736
0.888676
0.888606
0.888526
0.888437
0.88834
0.888236
0.888123
0.888004
0.887879
0.887748
0.887612
0.887472
0.887328
0.88718
0.88703
0.886878
0.886724
0.886569
0.886413
0.886258
0.886103
0.88595
0.885799
0.88565
0.885504
0.885362
0.885223
0.885089
0.884959
0.884836
0.884718
0.884606
0.884502
0.884404
0.884315
0.884234
0.884161
0.884098
0.884043
0.883999
0.883965
0.883941
0.883928
0.883924
0.883931
0.883949
0.883977
0.884017
0.884068
0.88413
0.884204
0.88429
0.884387
0.884495
0.884615
0.884747
0.88489
0.885045
0.88521
0.885387
0.885573
0.88577
0.885977
0.886194
0.88642
0.886657
0.886902
0.887156
0.887418
0.88769
0.887969
0.888255
0.888548
0.888847
0.889152
0.889462
0.889778
0.890098
0.890422
0.890749
0.891079
0.891411
0.891745
0.892079
0.892414
0.892748
0.893082
0.893414
0.893744
0.894072
0.894396
0.894716
0.895032
0.895342
0.895647
0.895946
0.896237
0.896521
0.896796
0.897062
0.89732
0.897567
0.897803
0.898027
0.898241
0.898441
0.898628
0.898802
0.898961
0.899105
0.899234
0.899346
0.89944
0.899518
0.899577
0.899618
0.899639
0.899641
0.899623
0.899585
0.899526
0.899445
0.899343
0.899219
0.899071
0.898901
0.898707
0.898489
0.898247
0.89798
0.897689
0.897372
0.897029
0.896661
0.896266
0.895845
0.895397
0.894923
0.894422
0.893895
0.893341
0.89276
0.892151
0.891515
0.890852
0.890162
0.889444
0.888699
0.887927
0.887127
0.886301
0.885447
0.884566
0.883659
0.882725
0.881764
0.880778
0.879765
0.878726
0.877662
0.876573
0.875459
0.87432
0.873157
0.87197
0.87076
0.869526
0.86827
0.866992
0.865692
0.86437
0.863028
0.861666
0.860284
0.858883
0.857464
0.856028
0.854575
0.853106
0.851621
0.850122
0.848607
0.847079
0.845538
0.843985
0.84242
0.840846
0.839261
0.837669
0.83607
0.834463
0.832851
0.831233
0.829612
0.827987
0.82636
0.824731
0.823103
0.821475
0.81985
0.818228
0.816609
0.814996
0.813388
0.811787
0.810193
0.808608
0.807033
0.80547
0.803918
0.802378
0.800853
0.799342
0.797848
0.796369
0.794909
0.793468
0.792045
0.790643
0.789261
0.787901
0.786563
0.785248
0.783957
0.78269
0.781448
0.780231
0.77904
0.777875
0.776738
0.775627
0.774545
0.77349
0.772463
0.771466
0.770497
0.769556
0.768644
0.767761
0.766907
0.766082
0.765286
0.764519
0.76378
0.763069
0.762387
0.761733
0.761107
0.760508
0.759936
0.759391
0.758873
0.75838
0.757913
0.757471
0.757054
0.75666
0.756291
0.755945
0.755622
0.755321
0.755041
0.754783
0.754545
0.754328
0.75413
0.753951
0.753791
0.753648
0.753522
0.753413
0.753319
0.753241
0.753177
0.753128
0.753092
0.75307
0.753059
0.75306
0.753073
0.753096
0.753129
0.753172
0.753224
0.753286
0.753355
0.753433
0.753517
0.753609
0.753707
0.753812
0.753922
0.754037
0.754157
0.754282
0.75441
0.754543
0.75468
0.75482
0.754963
0.755109
0.755257
0.755408
0.755561
0.755715
0.755871
0.756029
0.756189
0.75635
0.756512
0.756675
0.756838
0.757002
0.757166
0.75733
0.757493
0.757657
0.757821
0.757985
0.75815
0.758313
0.758477
0.758641
0.758805
0.758968
0.759131
0.759294
0.759457
0.759619
0.759781
0.759943
0.760105
0.760267
0.760429
0.760592
0.760754
0.760917
0.76108
0.761243
0.761407
0.761572
0.761737
0.761904
0.762071
0.762239
0.762409
0.762581
0.762753
0.762927
0.763103
0.76328
0.763459
0.76364
0.763823
0.764009
0.764196
0.764386
0.764577
0.764771
0.764966
0.765164
0.765364
0.765565
0.765769
0.765975
0.766182
0.766392
0.766603
0.766817
0.767033
0.767251
0.767471
0.767692
0.767914
0.768138
0.768363
0.76859
0.768818
0.769046
0.769275
0.769505
0.769735
0.769965
0.770196
0.770426
0.770656
0.770886
0.771115
0.771343
0.77157
0.771795
0.772019
0.772241
0.772462
0.77268
0.772895
0.773108
0.773319
0.773527
0.773731
0.773933
0.774131
0.774324
0.774514
0.774699
0.77488
0.775056
0.775228
0.775396
0.775558
0.775715
0.775866
0.776013
0.776153
0.776288
0.776417
0.776539
0.776656
0.776767
0.776872
0.776971
0.777064
0.777151
0.777232
0.777306
0.777374
0.777436
0.777491
0.777542
0.777587
0.777626
0.777659
0.777685
0.777707
0.777722
0.777733
0.777737
0.777736
0.777731
0.777719
0.777703
0.777681
0.777655
0.777625
0.777589
0.77755
0.777507
0.777459
0.777408
0.777354
0.777295
0.777233
0.777168
0.7771
0.777029
0.776955
0.77688
0.776801
0.776721
0.776637
0.776552
0.776465
0.776375
0.776284
0.776191
0.776096
0.776
0.775903
0.775804
0.775705
0.775604
0.775503
0.775402
0.7753
0.775198
0.775095
0.774993
0.77489
0.774787
0.774684
0.774582
0.774481
0.77438
0.774281
0.774182
0.774084
0.773988
0.773894
0.773801
0.773711
0.773624
0.773539
0.773457
0.773379
0.773305
0.773234
0.773169
0.773107
0.773051
0.773
0.772955
0.772916
0.772883
0.772858
0.77284
0.772831
0.77283
0.772838
0.772856
0.772883
0.772921
0.77297
0.773032
0.773105
0.773191
0.77329
0.773403
0.773531
0.773673
0.773831
0.774005
0.774195
0.774402
0.774628
0.774871
0.775134
0.775415
0.775716
0.776037
0.776377
0.776737
0.777118
0.77752
0.777943
0.778388
0.778855
0.779344
0.779855
0.780388
0.780944
0.781521
0.78212
0.782742
0.783385
0.78405
0.784737
0.785446
0.786176
0.786927
0.787699
0.788491
0.789303
0.790135
0.790986
0.791856
0.792743
0.793649
0.794571
0.79551
0.796465
0.797434
0.798418
0.799415
0.800424
0.801445
0.802478
0.803521
0.804574
0.805638
0.806709
0.807788
0.808873
0.809964
0.81106
0.81216
0.813263
0.814369
0.815477
0.816586
0.817696
0.818805
0.819912
0.821018
0.82212
0.82322
0.824316
0.825407
0.826494
0.827575
0.828649
0.829716
0.830776
0.831829
0.832873
0.833908
0.834935
0.835952
0.83696
0.837958
0.838945
0.839922
0.840888
0.841844
0.842788
0.843722
0.844645
0.845556
0.846456
0.847344
0.848222
0.849089
0.849944
0.850788
0.851622
0.852444
0.853256
0.854058
0.854851
0.855634
0.856407
0.85717
0.857925
0.85867
0.859406
0.860134
0.860854
0.861566
0.86227
0.862967
0.863657
0.864341
0.865018
0.865689
0.866355
0.867016
0.867672
0.868324
0.86897
0.869613
0.870251
0.870886
0.871518
0.872146
0.872772
0.873395
0.874016
0.874634
0.87525
0.875864
0.876477
0.877087
0.877696
0.878304
0.878911
0.879517
0.880121
0.880725
0.881328
0.881929
0.88253
0.883129
0.883727
0.884325
0.884921
0.885516
0.88611
0.886704
0.887296
0.887885
0.888473
0.88906
0.889644
0.890226
0.890806
0.891383
0.891958
0.892529
0.893097
0.89366
0.89422
0.894775
0.895326
0.895873
0.896415
0.896953
0.897485
0.898011
0.898531
0.899045
0.899552
0.900052
0.900544
0.901029
0.901506
0.901974
0.902435
0.902886
0.903329
0.903763
0.904188
0.904604
0.90501
0.905408
0.905795
0.906174
0.906543
0.906902
0.907251
0.907591
0.90792
0.90824
0.90855
0.90885
0.90914
0.909421
0.909692
0.909954
0.910207
0.91045
0.910685
0.91091
0.911127
0.911335
0.911534
0.911725
0.911907
0.912082
0.912248
0.912406
0.912557
0.912699
0.912834
0.912961
0.913079
0.913191
0.913294
0.913389
0.913475
0.913554
0.913624
0.913685
0.913738
0.913782
0.913817
0.913843
0.91386
0.913867
0.913865
0.913853
0.91383
0.913797
0.913753
0.913697
0.913629
0.91355
0.913458
0.913353
0.913234
0.913101
0.912954
0.912792
0.912616
0.912424
0.912217
0.911994
0.911755
0.911499
0.911226
0.910936
0.910629
0.910304
0.909961
0.9096
0.909221
0.908825
0.90841
0.907976
0.907524
0.907053
0.906564
0.906057
0.905533
0.90499
0.904429
0.90385
0.903253
0.902639
0.902008
0.90136
0.900696
0.900016
0.899321
0.89861
0.897884
0.897144
0.89639
0.895623
0.894844
0.894053
0.893251
0.892438
0.891616
0.890784
0.889943
0.889094
0.888238
0.887375
0.886507
0.885633
0.884754
0.883872
0.882986
0.882098
0.881209
0.880318
0.879428
0.878538
0.877649
0.876762
0.875878
0.874997
0.87412
0.873249
0.872382
0.871522
0.870667
0.86982
0.86898
0.868149
0.867326
0.866513
0.86571
0.864917
0.864135
0.863364
0.862604
0.861856
0.86112
0.860397
0.859686
0.858987
0.858302
0.857631
0.856974
0.85633
0.855701
0.855085
0.854484
0.853899
0.853328
0.852772
0.852231
0.851706
0.851196
0.850701
0.850222
0.849758
0.84931
0.848878
0.848461
0.848061
0.847677
0.847309
0.846957
0.84662
0.846299
0.845995
0.845707
0.845435
0.845179
0.844939
0.844715
0.844507
0.844315
0.844138
0.843978
0.843832
0.843703
0.843589
0.843491
0.843409
0.843342
0.843291
0.843254
0.843234
0.843229
0.84324
0.843265
0.843305
0.843359
0.843428
0.843512
0.843611
0.843724
0.843851
0.843992
0.844147
0.844315
0.844497
0.844691
0.844899
0.84512
0.845353
0.845598
0.845855
0.846123
0.846402
0.846693
0.846993
0.847305
0.847626
0.847956
0.848296
0.848645
0.849003
0.849368
0.849742
0.850124
0.850512
0.850906
0.851306
0.851712
0.852123
0.852539
0.852959
0.853383
0.85381
0.85424
0.854671
0.855104
0.855538
0.855971
0.856405
0.856837
0.857268
0.857697
0.858123
0.858546
0.858965
0.85938
0.85979
0.860196
0.860595
0.860988
0.861374
0.861751
0.862121
0.862482
0.862834
0.863176
0.863508
0.863829
0.864139
0.864438
0.864725
0.864999
0.86526
0.865509
0.865743
0.865964
0.866171
0.866364
0.866542
0.866705
0.866854
0.866988
0.867106
0.867209
0.867297
0.86737
0.867428
0.86747
0.867497
0.867509
0.867506
0.867488
0.867455
0.867408
0.867348
0.867275
0.867188
0.867089
0.866977
0.866853
0.866718
0.866572
0.866416
0.86625
0.866075
0.865892
0.865701
0.865504
0.865301
0.865091
0.864878
0.864661
0.864442
0.864221
0.863998
0.863775
0.863553
0.863332
0.863114
0.862899
0.862689
0.862484
0.862285
0.862094
0.86191
0.861735
0.861569
0.861413
0.861268
0.861135
0.861015
0.860908
0.860814
0.860734
0.860669
0.86062
0.860586
0.860568
0.860567
0.860583
0.860616
0.860666
0.860733
0.860818
0.860921
0.86104
0.861176
0.861329
0.861498
0.861684
0.861886
0.862103
0.862335
0.862582
0.862843
0.863118
0.863407
0.863708
0.864021
0.864345
0.86468
0.865025
0.865379
0.865741
0.866111
0.866488
0.866869
0.867256
0.867648
0.868043
0.868441
0.86884
0.86924
0.869639
0.870038
0.870436
0.87083
0.871221
0.871607
0.871989
0.872364
0.872732
0.873093
0.873446
0.873789
0.874123
0.874446
0.874758
0.875058
0.875345
0.875619
0.875879
0.876124
0.876356
0.876571
0.876771
0.876954
0.877121
0.87727
0.877401
0.877513
0.877606
0.877679
0.877733
0.877766
0.877778
0.87777
0.87774
0.877689
0.877615
0.87752
0.877403
0.877263
0.877101
0.876917
0.876709
0.876479
0.876226
0.87595
0.875651
0.875328
0.874983
0.874615
0.874223
0.87381
0.873373
0.872914
0.872433
0.87193
0.871405
0.870859
0.870292
0.869704
0.869096
0.868468
0.86782
0.867154
0.86647
0.865768
0.86505
0.864316
0.863566
0.862802
0.862025
0.861235
0.860432
0.859619
0.858795
0.857962
0.857121
0.856273
0.85542
0.854563
0.853703
0.852841
0.851978
0.851117
0.850258
0.849402
0.848552
0.847708
0.846874
0.846049
0.845235
0.844435
0.843648
0.842877
0.842124
0.84139
0.840676
0.839983
0.839314
0.838668
0.838049
0.837456
0.83689
0.836354
0.835847
0.835371
0.834927
0.834516
0.834138
0.833793
0.833483
0.833208
0.832968
0.832762
0.832592
0.832457
0.832357
0.832292
0.832261
0.832263
0.832299
0.832367
0.832467
0.832597
0.832756
0.832942
0.833156
0.833394
0.833656
0.83394
0.834244
0.834567
0.834907
0.835261
0.835628
0.836006
0.836391
0.836783
0.837178
0.837574
0.837969
0.838361
0.838746
0.839123
0.839489
0.839842
0.840179
0.840498
0.840795
0.84107
0.841319
0.84154
0.84173
0.841889
0.842013
0.8421
0.842149
0.842158
0.842125
0.842048
0.841927
0.841758
0.841541
0.841274
0.840956
0.840587
0.840164
0.839688
0.839158
0.838572
0.837931
0.837235
0.836483
0.835675
0.834811
0.833891
0.832916
0.831887
0.830804
0.829668
0.82848
0.827242
0.825955
0.824619
0.823237
0.82181
0.820341
0.81883
0.817281
0.815694
0.814073
0.81242
0.810737
0.809028
0.807294
0.80554
0.803767
0.801978
0.800177
0.798366
0.796548
0.794727
0.792906
0.791087
0.789274
0.78747
0.785677
0.783898
0.782137
0.780396
0.778678
0.776984
0.77532
0.773686
0.772085
0.770519
0.768992
0.767503
0.766056
0.764653
0.763295
0.761984
0.760721
0.759507
0.758343
0.757231
0.756172
0.755166
0.754214
0.753315
0.752471
0.751682
0.750948
0.750269
0.749644
0.749074
0.748558
0.748096
0.747687
0.747331
0.747027
0.746774
0.746572
0.74642
0.746317
0.746263
0.746255
0.746295
0.746379
0.746508
0.746681
0.746896
0.747153
0.74745
0.747786
0.748161
0.748574
0.749024
0.749509
0.750029
0.750584
0.751171
0.75179
0.752439
0.753118
0.753826
0.754563
0.755326
0.756117
0.756932
0.757773
0.758638
0.759526
0.760436
0.761369
0.762321
0.763294
0.764286
0.765297
0.766325
0.767371
0.768433
0.76951
0.770602
0.771709
0.772829
0.773961
0.775105
0.776261
0.777428
0.778604
0.779789
0.780982
0.782183
0.783389
0.784602
0.785819
0.78704
0.788264
0.789489
0.790716
0.791943
0.793169
0.794393
0.795614
0.796831
0.798044
0.79925
0.80045
0.801642
0.802825
0.803998
0.80516
0.80631
0.807447
0.808571
0.809679
0.810772
0.811846
0.812903
0.81394
0.814956
0.815951
0.816924
0.817872
0.818795
0.819693
0.820564
0.821408
0.822223
0.823009
0.823765
0.82449
0.825183
0.825843
0.82647
0.827063
0.827622
0.828147
0.828636
0.829089
0.829505
0.829886
0.830229
0.830536
0.830805
0.831037
0.831233
0.831391
0.831512
0.831597
0.831646
0.831659
0.831638
0.831582
0.831493
0.831371
0.831216
0.831029
0.830812
0.830564
0.830288
0.829984
0.829654
0.829299
0.82892
0.828518
0.828095
0.827653
0.827193
0.826716
0.826224
0.825717
0.825198
0.824669
0.82413
0.823584
0.823032
0.822475
0.821916
0.821355
0.820793
0.820233
0.819675
0.819121
0.818571
0.818028
0.817493
0.816965
0.816447
0.815938
0.815441
0.814955
0.814482
0.814022
0.813576
0.813144
0.812726
0.812323
0.811935
0.811561
0.811202
0.810859
0.810531
0.810217
0.809917
0.809632
0.809361
0.809103
0.808859
0.808627
0.808408
0.808201
0.808006
0.807821
0.807646
0.807481
0.807325
0.807177
0.807036
0.806903
0.806776
0.806655
0.80654
0.806429
0.806323
0.806221
0.806123
0.806028
0.805937
0.805847
0.80576
0.805674
0.805589
0.805505
0.805422
0.805339
0.805256
0.805173
0.805091
0.805008
0.804925
0.804841
0.804757
0.804674
0.80459
0.804506
0.804421
0.804336
0.804252
0.804167
0.804082
0.803998
0.803914
0.80383
0.803748
0.803666
0.803586
0.803506
0.803428
0.80335
0.803274
0.803199
0.803125
0.803052
0.802981
0.802912
0.802844
0.802777
0.802712
0.802649
0.802588
0.802528
0.802469
0.802412
0.802356
0.8023
0.802246
0.802192
0.802138
0.802084
0.80203
0.801975
0.801918
0.801861
0.801801
0.80174
0.801676
0.801609
0.801539
0.801466
0.801389
0.801308
0.801222
0.801131
0.801034
0.800931
0.800821
0.800704
0.80058
0.800447
0.800306
0.800157
0.799998
0.79983
0.799652
0.799464
0.799266
0.799057
0.798836
0.798604
0.79836
0.798103
0.797834
0.797553
0.797258
0.796951
0.79663
0.796296
0.795948
0.795586
0.795211
0.794822
0.794419
0.794002
0.79357
0.793125
0.792666
0.792194
0.791709
0.79121
0.790698
0.790175
0.789639
0.789092
0.788533
0.787964
0.787384
0.786793
0.786193
0.785584
0.784967
0.784341
0.783708
0.783068
0.782421
0.78177
0.781113
0.780454
0.779791
0.779125
0.778458
0.77779
0.777123
0.776457
0.775792
0.77513
0.774472
0.773818
0.773169
0.772527
0.771892
0.771264
0.770646
0.770038
0.76944
0.768853
0.768279
0.767718
0.767171
0.766639
0.766123
0.765623
0.76514
0.764675
0.764228
0.763801
0.763394
0.763008
0.762643
0.7623
0.761979
0.761682
0.761409
0.761159
0.760933
0.760733
0.760557
0.760406
0.760282
0.760183
0.76011
0.760064
0.760044
0.76005
0.760083
0.760143
0.76023
0.760343
0.760482
0.760647
0.760839
0.761056
0.761299
0.761566
0.761859
0.762175
0.762515
0.762879
0.763266
0.763675
0.764107
0.764561
0.765035
0.765529
0.766043
0.766576
0.767127
0.767695
0.76828
0.768881
0.769498
0.770129
0.770774
0.771432
0.772103
0.772787
0.773482
0.774187
0.774902
0.775626
0.776359
0.777099
0.777846
0.7786
0.779361
0.780126
0.780897
0.781672
0.782451
0.783233
0.784018
0.784805
0.785594
0.786385
0.787177
0.787971
0.788766
0.789561
0.790357
0.791153
0.791948
0.792744
0.793541
0.794337
0.795133
0.795929
0.796725
0.797521
0.798317
0.799114
0.799911
0.800709
0.801508
0.802308
0.803109
0.803912
0.804716
0.805523
0.806331
0.807143
0.807957
0.808776
0.809598
0.810424
0.811254
0.812089
0.812929
0.813774
0.814625
0.815481
0.816343
0.817211
0.818086
0.818967
0.819854
0.820749
0.82165
0.822559
0.823474
0.824397
0.825327
0.826264
0.827208
0.828161
0.82912
0.830086
0.831059
0.832039
0.833025
0.834017
0.835014
0.836018
0.837026
0.838039
0.839056
0.840078
0.841104
0.842132
0.843164
0.844198
0.845233
0.84627
0.847307
0.848344
0.849381
0.850417
0.851451
0.852484
0.853514
0.85454
0.855563
0.856582
0.857595
0.858603
0.859604
0.860597
0.861583
0.862559
0.863527
0.864485
0.865433
0.86637
0.867297
0.868211
0.869113
0.870001
0.870874
0.871733
0.872577
0.873405
0.874216
0.875011
0.875787
0.876546
0.877286
0.878008
0.87871
0.879392
0.880054
0.880695
0.881316
0.881914
0.882491
0.883045
0.883577
0.884086
0.884572
0.885033
0.885472
0.885886
0.886275
0.886641
0.886982
0.887297
0.887588
0.887852
0.88809
0.888302
0.888488
0.888647
0.88878
0.888886
0.888965
0.889016
0.889042
0.889041
0.889013
0.888958
0.888875
0.888765
0.888628
0.888464
0.888273
0.888054
0.887809
0.887537
0.887238
0.886913
0.886562
0.886185
0.885783
0.885355
0.884901
0.884422
0.883918
0.88339
0.882838
0.882261
0.881661
0.881037
0.880391
0.879722
0.879032
0.87832
0.877587
0.876833
0.876061
0.875269
0.874458
0.87363
0.872785
0.871923
0.871046
0.870153
0.869246
0.868325
0.867391
0.866445
0.865487
0.864519
0.863541
0.862554
0.86156
0.860558
0.859551
0.858539
0.857522
0.856502
0.855479
0.854455
0.853429
0.852403
0.851379
0.850356
0.849336
0.848321
0.84731
0.846305
0.845306
0.844315
0.843333
0.84236
0.841397
0.840446
0.839507
0.83858
0.837667
0.836769
0.835885
0.835018
0.834168
0.833337
0.832524
0.831732
0.830959
0.830207
0.829478
0.828771
0.828087
0.827427
0.826792
0.826181
0.825597
0.825039
0.824508
0.824005
0.823531
0.823086
0.82267
0.822283
0.821927
0.821602
0.821308
0.821046
0.820815
0.820617
0.820451
0.820318
0.820218
0.820151
0.820117
0.820117
0.820151
0.820219
0.820321
0.820456
0.820625
0.820827
0.821062
0.82133
0.821631
0.821964
0.822329
0.822727
0.823156
0.823617
0.824108
0.824629
0.82518
0.825761
0.82637
0.827006
0.827671
0.828362
0.82908
0.829823
0.83059
0.831382
0.832197
0.833035
0.833895
0.834776
0.835677
0.836597
0.837535
0.838491
0.839462
0.840449
0.84145
0.842464
0.843491
0.844529
0.845578
0.846637
0.847704
0.848778
0.849858
0.850944
0.852034
0.853127
0.854223
0.855319
0.856416
0.857512
0.858607
0.8597
0.860789
0.861874
0.862953
0.864025
0.865091
0.866149
0.867197
0.868235
0.869262
0.870278
0.871281
0.872271
0.873246
0.874206
0.875151
0.876078
0.876989
0.877881
0.878754
0.879608
0.880441
0.881254
0.882045
0.882815
0.883562
0.884286
0.884985
0.885661
0.886312
0.886938
0.887538
0.888113
0.888661
0.889183
0.889678
0.890145
0.890584
0.890996
0.891379
0.891734
0.892061
0.892359
0.892628
0.892868
0.89308
0.893262
0.893414
0.893537
0.893631
0.893696
0.893732
0.893738
0.893715
0.893663
0.893582
0.893472
0.893334
0.893167
0.892971
0.892748
0.892497
0.892217
0.891911
0.891577
0.891216
0.890828
0.890415
0.889977
0.889513
0.889024
0.88851
0.887971
0.887409
0.886824
0.886216
0.885586
0.884935
0.884263
0.883572
0.882861
0.882131
0.881383
0.880618
0.879836
0.879039
0.878226
0.8774
0.87656
0.875709
0.874846
0.873972
0.87309
0.872198
0.871299
0.870394
0.869482
0.868566
0.867647
0.866726
0.865804
0.864882
0.863961
0.863042
0.862127
0.861216
0.860311
0.859411
0.85852
0.857637
0.856763
0.855901
0.855051
0.854213
0.85339
0.852582
0.851789
0.851014
0.850256
0.849517
0.848798
0.848099
0.847422
0.846766
0.846134
0.845525
0.84494
0.84438
0.843846
0.843339
0.842857
0.842403
0.841976
0.841578
0.841207
0.840866
0.840553
0.840269
0.840014
0.839788
0.839592
0.839425
0.839287
0.839177
0.839096
0.839043
0.839018
0.83902
0.839049
0.839104
0.839185
0.839292
0.839422
0.839576
0.839752
0.839949
0.840166
0.840403
0.840657
0.840928
0.841214
0.841514
0.841827
0.842151
0.842485
0.842826
0.843175
0.843528
0.843885
0.844243
0.844602
0.844959
0.845313
0.845663
0.846005
0.846339
0.846663
0.846976
0.847277
0.847562
0.84783
0.848079
0.848309
0.848518
0.848704
0.848865
0.849001
0.849111
0.849192
0.849244
0.849265
0.849256
0.849214
0.849138
0.849029
0.848885
0.848706
0.84849
0.848239
0.847952
0.847627
0.847266
0.846868
0.846433
0.845961
0.845452
0.844907
0.844326
0.84371
0.843058
0.842372
0.841652
0.840899
0.840114
0.839298
0.838451
0.837576
0.836673
0.835743
0.834787
0.833806
0.832803
0.831778
0.830733
0.829669
0.828587
0.82749
0.826378
0.825254
0.824119
0.822975
0.821822
0.820664
0.819501
0.818335
0.817168
0.816001
0.814836
0.813675
0.812518
0.811368
0.810226
0.809094
0.807973
0.806863
0.805766
0.804684
0.803617
0.802566
0.801533
0.800518
0.799523
0.798548
0.797594
0.796661
0.795752
0.794865
0.794001
0.793161
0.792345
0.791553
0.790787
0.790046
0.789329
0.788638
0.787972
0.787331
0.786715
0.786123
0.785556
0.785013
0.784494
0.783997
0.783524
0.783073
0.782645
0.782238
0.781851
0.781485
0.781138
0.780811
0.780502
0.78021
0.779936
0.779679
0.779438
0.779212
0.779001
0.778805
0.778622
0.778453
0.778296
0.778152
0.778019
0.777898
0.777788
0.777688
0.777599
0.777519
0.777449
0.777388
0.777335
0.777291
0.777255
0.777227
0.777206
0.777193
0.777186
0.777186
0.777193
0.777205
0.777223
0.777247
0.777276
0.777309
0.777347
0.777389
0.777435
0.777484
0.777536
0.77759
0.777646
0.777703
0.777762
0.77782
0.777878
0.777935
0.77799
0.778044
0.778093
0.778139
0.778181
0.778217
0.778246
0.778269
0.778283
0.778288
0.778283
0.778267
0.77824
0.7782
0.778146
0.778079
0.777997
0.777899
0.777784
0.777652
0.777503
0.777334
0.777147
0.776939
0.776711
0.776462
0.776192
0.7759
0.775586
0.77525
0.774893
0.774513
0.774111
0.773688
0.773242
0.772775
0.772287
0.771778
0.771249
0.770701
0.770134
0.769549
0.768946
0.768327
0.767692
0.767043
0.76638
0.765706
0.76502
0.764325
0.763621
0.762911
0.762194
0.761473
0.76075
0.760025
0.7593
0.758577
0.757858
0.757144
0.756436
0.755737
0.755049
0.754371
0.753706
0.753055
0.75242
0.751803
0.751204
0.750625
0.750068
0.749533
0.749022
0.748537
0.748077
0.747645
0.747242
0.746867
0.746523
0.74621
0.745929
0.74568
0.745463
0.745279
0.745128
0.745011
0.744927
0.744877
0.74486
0.744877
0.744926
0.745007
0.745121
0.745266
0.745442
0.745648
0.745884
0.746149
0.746442
0.746762
0.747108
0.747479
0.747873
0.74829
0.748728
0.749187
0.749663
0.750158
0.750668
0.751193
0.751731
0.752281
0.752842
0.753412
0.753989
0.754572
0.755161
0.755753
0.756348
0.756943
0.757538
0.75813
0.758719
0.759303
0.75988
0.76045
0.761012
0.761563
0.762104
0.762632
0.763148
0.763651
0.764138
0.76461
0.765066
0.765504
0.765925
0.766328
0.76671
0.767073
0.767416
0.767738
0.768039
0.768319
0.768577
0.768813
0.769027
0.769218
0.769387
0.769533
0.769657
0.769759
0.769839
0.769898
0.769934
0.76995
0.769945
0.769921
0.769877
0.769814
0.769733
0.769634
0.769518
0.769387
0.76924
0.769078
0.768904
0.768716
0.768517
0.768308
0.76809
0.767863
0.76763
0.767391
0.767147
0.766899
0.76665
0.766399
0.766149
0.7659
0.765654
0.765413
0.765177
0.764947
0.764726
0.764515
0.764314
0.764124
0.763947
0.763785
0.763637
0.763506
0.763393
0.763298
0.763222
0.763168
0.763134
0.763124
0.763136
0.763173
0.763235
0.763324
0.763438
0.763581
0.763751
0.763949
0.764176
0.764433
0.76472
0.765038
0.765386
0.765766
0.766177
0.76662
0.767095
0.767603
0.768143
0.768715
0.76932
0.769958
0.770629
0.771333
0.772068
0.772837
0.773637
0.774469
0.775334
0.77623
0.777157
0.778116
0.779106
0.780126
0.781177
0.782258
0.783369
0.784508
0.785677
0.786875
0.788101
0.789354
0.790636
0.791944
0.793279
0.79464
0.796027
0.797438
0.798875
0.800336
0.801821
0.803329
0.80486
0.806413
0.807988
0.809583
0.811197
0.812832
0.814487
0.816161
0.817852
0.819561
0.821286
0.823026
0.824782
0.826552
0.828335
0.830131
0.83194
0.833761
0.835592
0.837433
0.839283
0.841141
0.843008
0.844881
0.84676
0.848644
0.850533
0.852425
0.854322
0.85622
0.85812
0.86002
0.86192
0.863817
0.865712
0.867603
0.869491
0.871373
0.873248
0.875117
0.876977
0.878828
0.880668
0.882498
0.884316
0.88612
0.887911
0.889687
0.891448
0.893192
0.894919
0.896627
0.898316
0.899985
0.901632
0.903256
0.904858
0.906435
0.907988
0.909514
0.911013
0.912485
0.913929
0.915344
0.91673
0.918085
0.919408
0.920699
0.921956
0.92318
0.924369
0.925522
0.926639
0.92772
0.928763
0.92977
0.930738
0.931667
0.932557
0.933408
0.934218
0.934988
0.935716
0.936403
0.937048
0.937651
0.938212
0.938731
0.939208
0.939642
0.940033
0.940381
0.940686
0.940947
0.941166
0.941341
0.941474
0.941563
0.94161
0.941614
0.941575
0.941494
0.941371
0.941206
0.940999
0.940751
0.940463
0.940134
0.939765
0.939357
0.93891
0.938425
0.937902
0.937341
0.936744
0.936111
0.935444
0.934742
0.934007
0.933239
0.932439
0.931609
0.930747
0.929856
0.928937
0.92799
0.927018
0.926019
0.924997
0.923952
0.922885
0.921796
0.920688
0.91956
0.918414
0.917251
0.916073
0.91488
0.913674
0.912456
0.911228
0.90999
0.908744
0.907491
0.906233
0.904969
0.903703
0.902434
0.901164
0.899895
0.898626
0.89736
0.896097
0.894839
0.893587
0.892341
0.891104
0.889875
0.888655
0.887447
0.88625
0.885066
0.883895
0.882738
0.881596
0.880469
0.879359
0.878265
0.877189
0.876131
0.875092
0.874073
0.873073
0.872093
0.871133
0.870193
0.869274
0.868376
0.867499
0.866643
0.865809
0.864995
0.864202
0.86343
0.862679
0.861948
0.861237
0.860546
0.859875
0.859224
0.858591
0.857977
0.857381
0.856802
0.85624
0.855695
0.855166
0.854653
0.854155
0.85367
0.8532
0.852742
0.852296
0.851861
0.851436
0.851022
0.850616
0.850219
0.84983
0.849447
0.84907
0.848699
0.848332
0.847968
0.847607
0.847249
0.846891
0.846535
0.846179
0.845823
0.845464
0.845104
0.844741
0.844374
0.844004
0.843628
0.843247
0.842861
0.842469
0.84207
0.841664
0.84125
0.840828
0.840398
0.83996
0.839512
0.839056
0.83859
0.838113
0.837627
0.837131
0.836625
0.836109
0.835582
0.835045
0.834499
0.833943
0.833376
0.8328
0.832214
0.831619
0.831014
0.8304
0.829776
0.829144
0.828503
0.827855
0.827199
0.826536
0.825867
0.825192
0.82451
0.823824
0.823132
0.822435
0.821735
0.821031
0.820325
0.819617
0.818909
0.818199
0.817489
0.81678
0.816072
0.815365
0.814661
0.81396
0.813263
0.81257
0.811882
0.8112
0.810525
0.809857
0.809196
0.808544
0.807901
0.807267
0.806644
0.806031
0.80543
0.80484
0.804262
0.803697
0.803145
0.802607
0.802084
0.801575
0.801081
0.800603
0.800141
0.799696
0.799266
0.798853
0.798458
0.79808
0.797719
0.797377
0.797053
0.796748
0.796461
0.796193
0.795945
0.795716
0.795506
0.795315
0.795143
0.79499
0.794857
0.794743
0.794648
0.794572
0.794515
0.794477
0.794458
0.794456
0.794473
0.794509
0.794562
0.794633
0.794721
0.794827
0.794951
0.795092
0.79525
0.795424
0.795616
0.795823
0.796045
0.796283
0.796536
0.796804
0.797087
0.797383
0.797693
0.798016
0.798353
0.798702
0.799064
0.799438
0.799825
0.800224
0.800634
0.801056
0.801489
0.801932
0.802386
0.802851
0.803325
0.803809
0.804303
0.804807
0.805321
0.805843
0.806375
0.806915
0.807463
0.80802
0.808585
0.809158
0.809739
0.810328
0.810923
0.811527
0.812137
0.812755
0.81338
0.814013
0.814652
0.815298
0.815952
0.816614
0.817283
0.817959
0.818642
0.819332
0.82003
0.820736
0.821449
0.82217
0.822898
0.823634
0.824378
0.825129
0.825889
0.826656
0.827432
0.828216
0.829008
0.829808
0.830617
0.831435
0.832262
0.833098
0.833943
0.834797
0.83566
0.836532
0.837414
0.838305
0.839206
0.840118
0.841039
0.84197
0.842911
0.843861
0.844821
0.84579
0.846769
0.847758
0.848755
0.849762
0.850778
0.851803
0.852836
0.853878
0.854928
0.855986
0.857052
0.858125
0.859204
0.860291
0.861384
0.862482
0.863585
0.864692
0.865804
0.866919
0.868037
0.869157
0.870279
0.871402
0.872525
0.873648
0.874769
0.875887
0.877003
0.878115
0.879222
0.880323
0.881418
0.882506
0.883585
0.884654
0.885713
0.88676
0.887794
0.888815
0.889822
0.890813
0.891787
0.892745
0.893684
0.894604
0.895503
0.896381
0.897237
0.898069
0.898877
0.899661
0.90042
0.901152
0.901859
0.902538
0.903189
0.903813
0.904407
0.904973
0.905508
0.906014
0.906489
0.906933
0.907346
0.907729
0.90808
0.9084
0.908688
0.908944
0.909169
0.909362
0.909524
0.909654
0.909753
0.909822
0.90986
0.909868
0.909846
0.909794
0.909712
0.909602
0.909462
0.909295
0.9091
0.908878
0.908629
0.908354
0.908054
0.907729
0.90738
0.907007
0.906611
0.906193
0.905752
0.90529
0.904807
0.904304
0.903781
0.903239
0.902678
0.9021
0.901504
0.900892
0.900264
0.89962
0.898962
0.898289
0.897603
0.896902
0.896189
0.895464
0.894726
0.893978
0.893219
0.892449
0.891671
0.890883
0.890086
0.889281
0.888468
0.887649
0.886823
0.885992
0.885155
0.884313
0.883466
0.882616
0.881762
0.880905
0.880046
0.879185
0.878323
0.877461
0.876598
0.875736
0.874874
0.874014
0.873156
0.8723
0.871447
0.870597
0.869753
0.868913
0.868078
0.867249
0.866426
0.865609
0.864799
0.863997
0.863204
0.862418
0.861642
0.860875
0.860118
0.859371
0.858635
0.85791
0.857197
0.856497
0.855808
0.855133
0.85447
0.85382
0.853184
0.852562
0.851954
0.85136
0.850781
0.850216
0.849666
0.849131
0.848611
0.848106
0.847616
0.847142
0.846683
0.84624
0.845813
0.845401
0.845005
0.844624
0.844258
0.843907
0.84357
0.843249
0.842942
0.84265
0.842371
0.842106
0.841855
0.841618
0.841393
0.841181
0.84098
0.840792
0.840614
0.840448
0.840291
0.840145
0.840009
0.839881
0.839761
0.839648
0.839543
0.839445
0.839353
0.839267
0.839185
0.839108
0.839035
0.838965
0.838898
0.838832
0.838769
0.838705
0.838643
0.838579
0.838515
0.838449
0.838381
0.838309
0.838234
0.838155
0.838071
0.837981
0.837886
0.837784
0.837674
0.837556
0.837431
0.837296
0.837153
0.837
0.836837
0.836663
0.836479
0.836283
0.836076
0.835858
0.835629
0.835387
0.835134
0.834869
0.834592
0.834304
0.834004
0.833693
0.83337
0.833037
0.832694
0.832342
0.831981
0.831611
0.831234
0.83085
0.83046
0.830065
0.829665
0.829264
0.828861
0.828457
0.828054
0.827654
0.827258
0.826867
0.826483
0.826107
0.82574
0.825385
0.825042
0.824715
0.824404
0.824112
0.82384
0.823589
0.823362
0.82316
0.822984
0.822836
0.822717
0.822629
0.822573
0.822551
0.822563
0.822611
0.822695
0.822816
0.822976
0.823175
0.823414
0.823692
0.824011
0.824369
0.824768
0.825206
0.825684
0.826201
0.826756
0.827349
0.827978
0.828643
0.829343
0.830077
0.830843
0.831639
0.832465
0.833318
0.834198
0.835103
0.83603
0.836978
0.837945
0.838929
0.839927
0.840939
0.841961
0.842993
0.844033
0.845078
0.846126
0.847176
0.848226
0.849274
0.850318
0.851357
0.852389
0.853413
0.854427
0.85543
0.85642
0.857396
0.858357
0.859303
0.860232
0.861142
0.862033
0.862905
0.863757
0.864587
0.865396
0.866183
0.866947
0.867688
0.868406
0.8691
0.869771
0.870419
0.871042
0.87164
0.872215
0.872765
0.873291
0.873792
0.87427
0.874723
0.875153
0.875559
0.875942
0.876303
0.876641
0.876957
0.877251
0.877524
0.877776
0.878009
0.878221
0.878415
0.878589
0.878745
0.878884
0.879005
0.87911
0.8792
0.879274
0.879334
0.879379
0.879411
0.87943
0.879437
0.879432
0.879416
0.87939
0.879355
0.879311
0.879259
0.879198
0.879131
0.879058
0.878978
0.878892
0.878802
0.878708
0.878611
0.87851
0.878408
0.878303
0.878199
0.878093
0.877987
0.877882
0.877778
0.877676
0.877577
0.877481
0.877388
0.877299
0.877213
0.877132
0.877056
0.876985
0.876919
0.876859
0.876806
0.876758
0.876718
0.876684
0.876657
0.876637
0.876625
0.87662
0.876623
0.876634
0.876652
0.876678
0.876712
0.876754
0.876804
0.876862
0.876927
0.877
0.877079
0.877164
0.877256
0.877355
0.877459
0.877569
0.877684
0.877804
0.877929
0.878059
0.878192
0.878328
0.878466
0.878607
0.87875
0.878895
0.87904
0.879185
0.87933
0.879475
0.879619
0.87976
0.8799
0.880036
0.88017
0.8803
0.880426
0.880547
0.880662
0.880771
0.880873
0.880968
0.881054
0.881132
0.8812
0.881259
0.881307
0.881345
0.881372
0.881386
0.881389
0.881378
0.881354
0.881317
0.881264
0.881197
0.881114
0.881016
0.880901
0.88077
0.880623
0.880457
0.880273
0.88007
0.879849
0.879608
0.879347
0.879066
0.878765
0.878443
0.878098
0.877732
0.877343
0.876931
0.876496
0.876038
0.875555
0.875049
0.874518
0.873963
0.873382
0.872775
0.872143
0.871484
0.870799
0.870087
0.869348
0.868582
0.867788
0.866966
0.866116
0.865238
0.864331
0.863396
0.862432
0.861438
0.860416
0.859365
0.858286
0.857177
0.85604
0.854874
0.853679
0.852456
0.851205
0.849926
0.84862
0.847286
0.845926
0.844538
0.843125
0.841685
0.840221
0.838732
0.837219
0.835684
0.834126
0.832547
0.830947
0.829328
0.82769
0.826034
0.824362
0.822674
0.820973
0.819258
0.817532
0.815796
0.814051
0.812299
0.810541
0.80878
0.807017
0.805252
0.803488
0.801726
0.799969
0.798218
0.796476
0.794743
0.793023
0.791316
0.789625
0.787952
0.786299
0.784667
0.783058
0.781475
0.779919
0.778393
0.776898
0.775437
0.77401
0.772621
0.77127
0.76996
0.768692
0.767467
0.766287
0.765154
0.764069
0.763034
0.762048
0.761115
0.760235
0.759408
0.758636
0.75792
0.75726
0.756658
0.756113
0.755627
0.7552
0.754832
0.754522
0.754272
0.754081
0.753948
0.753873
0.753856
0.753897
0.753995
0.754148
0.754358
0.754622
0.75494
0.755311
0.755733
0.756206
0.756728
0.757298
0.757914
0.758576
0.759281
0.760028
0.760816
0.761642
0.762506
0.763405
0.764338
0.765303
0.766297
0.76732
0.768371
0.769446
0.770544
0.771663
0.772802
0.773958
0.77513
0.776317
0.777516
0.778725
0.779943
0.781168
0.7824
0.783635
0.784872
0.786111
0.787348
0.788584
0.789816
0.791044
0.792266
0.793481
0.794687
0.795884
0.797071
0.798247
0.799411
0.800561
0.801698
0.80282
0.803927
0.805018
0.806093
0.807151
0.80819
0.809212
0.810215
0.811198
0.812163
0.813108
0.814034
0.81494
0.815827
0.816694
0.817542
0.818371
0.819181
0.819972
0.820745
0.8215
0.822236
0.822956
0.823659
0.824346
0.825017
0.825673
0.826314
0.826941
0.827554
0.828155
0.828744
0.829321
0.829888
0.830445
0.830994
0.831534
0.832066
0.832593
0.833113
0.833628
0.834138
0.834645
0.835148
0.835649
0.836149
0.836647
0.837145
0.837644
0.838144
0.838645
0.839149
0.839655
0.840165
0.840679
0.841196
0.841719
0.842246
0.842778
0.843315
0.843858
0.844406
0.84496
0.84552
0.846087
0.846659
0.847237
0.84782
0.848409
0.849004
0.849604
0.850209
0.850819
0.851433
0.85205
0.852671
0.853295
0.853921
0.85455
0.85518
0.855812
0.856444
0.857075
0.857706
0.858335
0.858963
0.859587
0.860207
0.860824
0.861437
0.862044
0.862646
0.863242
0.86383
0.864411
0.864984
0.865548
0.866103
0.866648
0.867181
0.867705
0.868218
0.868719
0.869208
0.869685
0.870149
0.870599
0.871036
0.871459
0.871867
0.872261
0.872639
0.873002
0.87335
0.873683
0.874
0.874301
0.874585
0.874853
0.875105
0.875341
0.87556
0.875764
0.875951
0.876122
0.876277
0.876416
0.876539
0.876646
0.876737
0.876814
0.876874
0.87692
0.876949
0.876964
0.876963
0.876948
0.876918
0.876874
0.876815
0.876742
0.876654
0.876553
0.876438
0.876309
0.876167
0.876012
0.875845
0.875666
0.875473
0.875269
0.875052
0.874823
0.874582
0.87433
0.874065
0.873789
0.873502
0.873204
0.872894
0.872573
0.87224
0.871897
0.871542
0.871176
0.8708
0.870412
0.870012
0.869601
0.869179
0.868747
0.868303
0.867848
0.867381
0.866903
0.866413
0.86591
0.865395
0.864867
0.864327
0.863775
0.863209
0.862632
0.862042
0.861439
0.860823
0.860194
0.859552
0.858898
0.85823
0.85755
0.856857
0.856152
0.855433
0.854702
0.853959
0.853202
0.852433
0.851652
0.850859
0.850054
0.849236
0.848408
0.847568
0.846717
0.845856
0.844985
0.844105
0.843215
0.842317
0.841411
0.840497
0.839576
0.838648
0.837715
0.836777
0.835836
0.834891
0.833944
0.832995
0.832046
0.831097
0.830149
0.829204
0.828261
0.827324
0.826392
0.825467
0.82455
0.823641
0.822743
0.821855
0.820978
0.820115
0.819266
0.818432
0.817615
0.816815
0.816033
0.815272
0.814532
0.813815
0.81312
0.812449
0.811804
0.811185
0.810593
0.810029
0.809495
0.80899
0.808517
0.808074
0.807665
0.807288
0.806945
0.806637
0.806363
0.806125
0.805923
0.805758
0.805629
0.805537
0.805483
0.805465
0.805486
0.805545
0.805642
0.805777
0.80595
0.806161
0.806409
0.806694
0.807017
0.807376
0.807772
0.808204
0.808672
0.809175
0.809712
0.810284
0.810888
0.811524
0.812192
0.81289
0.813618
0.814375
0.815161
0.815973
0.816812
0.817676
0.818564
0.819475
0.820408
0.821362
0.822336
0.823329
0.824339
0.825365
0.826406
0.82746
0.828527
0.829605
0.830694
0.831791
0.832895
0.834006
0.835122
0.836241
0.837362
0.838484
0.839606
0.840726
0.841843
0.842956
0.844064
0.845166
0.84626
0.847345
0.848422
0.849487
0.850541
0.851582
0.852609
0.853622
0.854618
0.855598
0.856561
0.857505
0.85843
0.859334
0.860216
0.861077
0.861916
0.862731
0.863523
0.86429
0.865033
0.86575
0.866441
0.867106
0.867743
0.868354
0.868936
0.869491
0.870017
0.870515
0.870984
0.871425
0.871835
0.872217
0.872569
0.872891
0.873183
0.873446
0.873679
0.873883
0.874057
0.874203
0.874319
0.874408
0.874468
0.874499
0.874503
0.874478
0.874427
0.874348
0.874243
0.874113
0.873957
0.873776
0.87357
0.87334
0.873086
0.87281
0.872511
0.87219
0.871847
0.871485
0.871102
0.8707
0.870279
0.869841
0.869386
0.868915
0.868428
0.867926
0.867412
0.866885
0.866345
0.865794
0.865233
0.864662
0.864082
0.863494
0.862899
0.862298
0.861691
0.861079
0.860463
0.859844
0.859222
0.858598
0.857974
0.85735
0.856726
0.856102
0.85548
0.85486
0.854243
0.853629
0.85302
0.852415
0.851816
0.851222
0.850634
0.850052
0.849476
0.848907
0.848346
0.847792
0.847245
0.846706
0.846175
0.845651
0.845136
0.844628
0.844129
0.843637
0.843153
0.842677
0.842208
0.841746
0.841292
0.840845
0.840404
0.839969
0.83954
0.839115
0.838696
0.83828
0.837869
0.83746
0.837054
0.83665
0.836247
0.835845
0.835443
0.83504
0.834635
0.834229
0.83382
0.833407
0.83299
0.832568
0.832141
0.831708
0.831268
0.83082
0.830363
0.829897
0.829421
0.828934
0.828437
0.827928
0.827407
0.826872
0.826323
0.82576
0.825181
0.824586
0.823975
0.823348
0.822703
0.822041
0.82136
0.820661
0.819943
0.819206
0.81845
0.817675
0.816881
0.816066
0.815232
0.814379
0.813506
0.812614
0.811703
0.810773
0.809824
0.808857
0.807871
0.806868
0.805848
0.804811
0.803758
0.802691
0.801609
0.800514
0.799405
0.798284
0.797152
0.79601
0.794858
0.793698
0.79253
0.791357
0.790178
0.788995
0.787809
0.786622
0.785433
0.784246
0.78306
0.781878
0.780699
0.779527
0.778361
0.777203
0.776054
0.774916
0.773789
0.772675
0.771576
0.770491
0.769421
0.768368
0.767333
0.766317
0.765319
0.764342
0.763385
0.76245
0.761536
0.760644
0.759776
0.758931
0.75811
0.757314
0.756541
0.755793
0.755071
0.754373
0.7537
0.753052
0.752429
0.751832
0.751259
0.750711
0.750188
0.749689
0.749215
0.748766
0.74834
0.747938
0.74756
0.747205
0.746875
0.746567
0.746283
0.746021
0.745783
0.745567
0.745374
0.745204
0.745056
0.74493
0.744827
0.744745
0.744687
0.74465
0.744637
0.744647
0.744679
0.744734
0.744813
0.744914
0.74504
0.745189
0.745362
0.745559
0.745781
0.746027
0.746298
0.746595
0.746917
0.747266
0.747641
0.748043
0.748472
0.748929
0.749414
0.749927
0.750469
0.751041
0.751643
0.752274
0.752937
0.75363
0.754356
0.755112
0.7559
0.75672
0.757573
0.758457
0.759375
0.760325
0.761308
0.762323
0.763372
0.764455
0.76557
0.766718
0.767899
0.769113
0.77036
0.77164
0.772952
0.774296
0.775671
0.777078
0.778515
0.779982
0.781479
0.783005
0.78456
0.786143
0.787754
0.78939
0.791052
0.792737
0.794446
0.796178
0.797931
0.799704
0.801496
0.803307
0.805134
0.806977
0.808834
0.810705
0.812587
0.814479
0.816381
0.818292
0.820208
0.82213
0.824054
0.825981
0.827909
0.829835
0.83176
0.833681
0.835597
0.837506
0.839407
0.841299
0.84318
0.84505
0.846906
0.848748
0.850574
0.852383
0.854174
0.855946
0.857698
0.859429
0.861138
0.862824
0.864486
0.866123
