1.09978
1.09934
1.09886
1.09834
1.09777
1.09717
1.09652
1.09584
1.09511
1.09433
1.09352
1.09266
1.09176
1.09081
1.08983
1.0888
1.08773
1.08663
1.08548
1.08429
1.08307
1.08181
1.08051
1.07917
1.07781
1.0764
1.07497
1.07351
1.07202
1.07049
1.06895
1.06737
1.06577
1.06415
1.06251
1.06085
1.05917
1.05748
1.05577
1.05404
1.05231
1.05056
1.0488
1.04704
1.04527
1.0435
1.04172
1.03995
1.03817
1.0364
1.03463
1.03286
1.03111
1.02935
1.02761
1.02588
1.02416
1.02246
1.02076
1.01909
1.01743
1.01579
1.01417
1.01257
1.011
1.00944
1.00791
1.0064
1.00492
1.00347
1.00204
1.00064
0.999272
0.997932
0.996623
0.995345
0.994099
0.992885
0.991704
0.990557
0.989444
0.988367
0.987326
0.98632
0.985352
0.984421
0.983528
0.982674
0.981858
0.981081
0.980343
0.979645
0.978987
0.97837
0.977793
0.977258
0.976763
0.97631
0.975899
0.97553
0.975203
0.974917
0.974675
0.974475
0.974318
0.974205
0.974135
0.974107
0.974123
0.974182
0.974284
0.974428
0.974616
0.974847
0.97512
0.975437
0.975796
0.976197
0.976641
0.977126
0.977654
0.978223
0.978834
0.979485
0.980177
0.980908
0.981679
0.98249
0.983339
0.984227
0.985151
0.986112
0.987108
0.988139
0.989205
0.990303
0.991434
0.992596
0.993788
0.995009
0.996257
0.997531
0.99883
1.00015
1.0015
1.00286
1.00424
1.00564
1.00706
1.00849
1.00992
1.01137
1.01283
1.01429
1.01576
1.01723
1.0187
1.02016
1.02162
1.02308
1.02452
1.02595
1.02737
1.02878
1.03016
1.03153
1.03287
1.03419
1.03549
1.03675
1.03799
1.03919
1.04036
1.0415
1.04259
1.04365
1.04466
1.04563
1.04656
1.04744
1.04827
1.04906
1.04979
1.05047
1.05109
1.05166
1.05218
1.05264
1.05304
1.05338
1.05366
1.05388
1.05404
1.05414
1.05418
1.05415
1.05406
1.05391
1.05369
1.05341
1.05307
1.05266
1.05219
1.05165
1.05105
1.05039
1.04967
1.04888
1.04803
1.04712
1.04616
1.04513
1.04405
1.04291
1.04171
1.04046
1.03916
1.03781
1.03641
1.03496
1.03347
1.03194
1.03036
1.02874
1.02709
1.02541
1.02369
1.02195
1.02018
1.01838
1.01657
1.01474
1.0129
1.01105
1.00919
1.00733
1.00547
1.00361
1.00175
0.999913
0.998086
0.996276
0.994487
0.992722
0.990986
0.989281
0.987611
0.985979
0.984388
0.982842
0.981344
0.979896
0.978501
0.977163
0.975884
0.974667
0.973513
0.972424
0.971404
0.970452
0.969572
0.968764
0.96803
0.967371
0.966786
0.966279
0.965848
0.965494
0.965217
0.965017
0.964893
0.964846
0.964875
0.964978
0.965156
0.965406
0.965728
0.966121
0.966584
0.967113
0.967709
0.96837
0.969092
0.969875
0.970717
0.971615
0.972567
0.973571
0.974624
0.975725
0.97687
0.978057
0.979284
0.980548
0.981847
0.983178
0.984538
0.985925
0.987337
0.988771
0.990225
0.991695
0.99318
0.994677
0.996183
0.997697
0.999214
1.00073
1.00225
1.00377
1.00528
1.00678
1.00828
1.00976
1.01123
1.01268
1.01411
1.01553
1.01692
1.01829
1.01963
1.02094
1.02223
1.02348
1.0247
1.02589
1.02704
1.02816
1.02924
1.03028
1.03127
1.03223
1.03314
1.03401
1.03483
1.03561
1.03635
1.03703
1.03767
1.03826
1.03881
1.0393
1.03975
1.04015
1.0405
1.0408
1.04106
1.04127
1.04143
1.04154
1.0416
1.04162
1.0416
1.04152
1.0414
1.04124
1.04103
1.04078
1.04049
1.04016
1.03979
1.03938
1.03894
1.03845
1.03794
1.03739
1.03681
1.0362
1.03556
1.03489
1.0342
1.03348
1.03274
1.03198
1.0312
1.03041
1.0296
1.02877
1.02793
1.02708
1.02622
1.02535
1.02448
1.0236
1.02271
1.02183
1.02094
1.02005
1.01916
1.01828
1.0174
1.01652
1.01565
1.01478
1.01392
1.01307
1.01222
1.01139
1.01056
1.00974
1.00893
1.00813
1.00734
1.00656
1.00579
1.00502
1.00427
1.00353
1.00279
1.00206
1.00135
1.00063
0.999927
0.999226
0.998531
0.997841
0.997156
0.996474
0.995794
0.995115
0.994438
0.99376
0.993082
0.992401
0.991718
0.991032
0.990341
0.989644
0.988941
0.98823
0.987511
0.986783
0.986045
0.985296
0.984535
0.983761
0.982974
0.982172
0.981355
0.980522
0.979672
0.978805
0.97792
0.977017
0.976095
0.975154
0.974194
0.973213
0.972212
0.97119
0.970148
0.969086
0.968003
0.9669
0.965776
0.964633
0.96347
0.962289
0.961089
0.959872
0.958637
0.957387
0.956122
0.954843
0.953552
0.95225
0.950938
0.949618
0.948292
0.946962
0.945629
0.944295
0.942963
0.941636
0.940314
0.939
0.937698
0.93641
0.935137
0.933884
0.932652
0.931445
0.930266
0.929117
0.928001
0.926922
0.925881
0.924882
0.923926
0.923018
0.922158
0.921351
0.920597
0.9199
0.919261
0.918683
0.918165
0.917712
0.917323
0.917
0.916743
0.916553
0.916431
0.916376
0.916389
0.916469
0.916616
0.916829
0.917108
0.91745
0.917856
0.918323
0.91885
0.919435
0.920076
0.920771
0.921517
0.922312
0.923153
0.924039
0.924967
0.925935
0.926939
0.927978
0.929049
0.930149
0.931278
0.932431
0.933606
0.9348
0.936013
0.937242
0.938484
0.939739
0.941004
0.942277
0.943557
0.944843
0.946132
0.947423
0.948715
0.950008
0.9513
0.95259
0.953877
0.955161
0.95644
0.957715
0.958984
0.960248
0.961505
0.962756
0.964
0.965237
0.966468
0.967691
0.968906
0.970115
0.971316
0.972509
0.973695
0.974874
0.976045
0.97721
0.978367
0.979517
0.980661
0.981797
0.982926
0.984049
0.985165
0.986274
0.987378
0.988476
0.989567
0.990653
0.991733
0.992807
0.993876
0.99494
0.996
0.997055
0.998106
0.999153
1.0002
1.00124
1.00227
1.00331
1.00434
1.00537
1.00639
1.00742
1.00844
1.00946
1.01048
1.0115
1.01252
1.01354
1.01455
1.01556
1.01658
1.01759
1.0186
1.01961
1.02061
1.02162
1.02262
1.02362
1.02462
1.02561
1.0266
1.02758
1.02856
1.02954
1.03051
1.03147
1.03242
1.03336
1.0343
1.03523
1.03614
1.03704
1.03793
1.03881
1.03967
1.04051
1.04134
1.04215
1.04294
1.04371
1.04445
1.04518
1.04588
1.04656
1.04721
1.04784
1.04843
1.049
1.04954
1.05005
1.05052
1.05096
1.05137
1.05174
1.05207
1.05236
1.05262
1.05284
1.05301
1.05314
1.05323
1.05328
1.05328
1.05323
1.05314
1.053
1.05281
1.05257
1.05229
1.05195
1.05156
1.05111
1.05062
1.05007
1.04947
1.04881
1.0481
1.04734
1.04651
1.04564
1.0447
1.04371
1.04266
1.04156
1.0404
1.03919
1.03791
1.03658
1.0352
1.03375
1.03225
1.0307
1.02909
1.02743
1.02571
1.02393
1.02211
1.02023
1.0183
1.01633
1.0143
1.01223
1.01011
1.00794
1.00574
1.00349
1.0012
0.998871
0.99651
0.994116
0.991692
0.98924
0.986763
0.984264
0.981747
0.979215
0.97667
0.974117
0.971559
0.969
0.966444
0.963897
0.961362
0.958843
0.956346
0.953875
0.951435
0.949031
0.946667
0.944348
0.94208
0.939867
0.937714
0.935627
0.93361
0.931668
0.929804
0.928025
0.926332
0.924732
0.923226
0.921819
0.920514
0.919314
0.918221
0.917236
0.916363
0.915602
0.914955
0.914423
0.914005
0.913702
0.913513
0.913439
0.913477
0.913627
0.913887
0.914255
0.91473
0.915309
0.91599
0.91677
0.917646
0.918615
0.919674
0.92082
0.922049
0.923358
0.924743
0.926202
0.927729
0.929323
0.930979
0.932693
0.934463
0.936284
0.938154
0.940069
0.942027
0.944022
0.946053
0.948116
0.950207
0.952325
0.954466
0.956627
0.958805
0.960997
0.963201
0.965413
0.967632
0.969854
0.972078
0.9743
0.976519
0.978731
0.980935
0.983127
0.985306
0.987469
0.989615
0.991741
0.993844
0.995924
0.997977
1
1.00199
1.00396
1.00588
1.00777
1.00962
1.01143
1.0132
1.01493
1.01661
1.01824
1.01983
1.02137
1.02286
1.02429
1.02568
1.02701
1.02829
1.02951
1.03068
1.03179
1.03284
1.03384
1.03477
1.03565
1.03648
1.03724
1.03795
1.0386
1.03919
1.03972
1.0402
1.04062
1.04098
1.04129
1.04154
1.04175
1.0419
1.04199
1.04204
1.04204
1.042
1.0419
1.04177
1.04159
1.04136
1.0411
1.0408
1.04046
1.04009
1.03968
1.03924
1.03877
1.03828
1.03775
1.0372
1.03662
1.03602
1.03541
1.03477
1.03411
1.03344
1.03275
1.03205
1.03133
1.0306
1.02987
1.02912
1.02837
1.0276
1.02684
1.02606
1.02529
1.0245
1.02372
1.02293
1.02214
1.02135
1.02056
1.01977
1.01898
1.01819
1.0174
1.01661
1.01582
1.01504
1.01425
1.01347
1.01269
1.01191
1.01113
1.01036
1.00959
1.00882
1.00805
1.00729
1.00653
1.00577
1.00501
1.00426
1.00351
1.00277
1.00203
1.00129
1.00056
0.999828
0.999105
0.998388
0.997676
0.996971
0.996273
0.995582
0.9949
0.994225
0.99356
0.992905
0.992259
0.991624
0.991001
0.99039
0.989792
0.989207
0.988637
0.988082
0.987542
0.987018
0.986512
0.986023
0.985554
0.985104
0.984674
0.984264
0.983876
0.98351
0.983166
0.982846
0.982551
0.98228
0.982035
0.981816
0.981624
0.98146
0.981324
0.981216
0.981138
0.98109
0.981072
0.981085
0.981129
0.981206
0.981315
0.981456
0.98163
0.981837
0.982079
0.982354
0.982663
0.983006
0.983383
0.983794
0.98424
0.98472
0.985234
0.985783
0.986365
0.986981
0.98763
0.988311
0.989025
0.98977
0.990547
0.991354
0.992191
0.993057
0.993951
0.994873
0.995822
0.996796
0.997796
0.99882
0.999867
1.00094
1.00203
1.00314
1.00426
1.00541
1.00657
1.00775
1.00894
1.01015
1.01136
1.01259
1.01382
1.01506
1.01631
1.01756
1.01882
1.02007
1.02133
1.02258
1.02384
1.02508
1.02633
1.02756
1.02879
1.03001
1.03122
1.03241
1.03359
1.03476
1.03591
1.03704
1.03816
1.03925
1.04033
1.04138
1.04241
1.04342
1.0444
1.04536
1.04629
1.0472
1.04808
1.04893
1.04975
1.05054
1.05131
1.05204
1.05274
1.05342
1.05406
1.05467
1.05525
1.0558
1.05633
1.05682
1.05728
1.05771
1.05811
1.05849
1.05883
1.05915
1.05944
1.0597
1.05994
1.06015
1.06034
1.0605
1.06064
1.06076
1.06085
1.06092
1.06097
1.061
1.06101
1.061
1.06098
1.06093
1.06087
1.06079
1.0607
1.06059
1.06047
1.06033
1.06018
1.06001
1.05983
1.05964
1.05944
1.05923
1.059
1.05876
1.05851
1.05825
1.05798
1.0577
1.0574
1.0571
1.05678
1.05645
1.05611
1.05576
1.0554
1.05502
1.05464
1.05424
1.05382
1.0534
1.05296
1.05251
1.05205
1.05157
1.05107
1.05056
1.05004
1.0495
1.04894
1.04837
1.04778
1.04717
1.04654
1.0459
1.04524
1.04455
1.04385
1.04313
1.04238
1.04162
1.04083
1.04003
1.0392
1.03835
1.03747
1.03657
1.03565
1.0347
1.03373
1.03273
1.03171
1.03066
1.02959
1.02849
1.02736
1.02621
1.02504
1.02383
1.0226
1.02134
1.02006
1.01875
1.01741
1.01604
1.01464
1.01322
1.01177
1.0103
1.00879
1.00727
1.00571
1.00413
1.00253
1.0009
0.99924
0.997561
0.995858
0.994133
0.992385
0.990617
0.988829
0.987022
0.985197
0.983355
0.981498
0.979628
0.977745
0.975851
0.973948
0.972037
0.97012
0.9682
0.966278
0.964357
0.962439
0.960526
0.958621
0.956727
0.954846
0.95298
0.951133
0.949306
0.947504
0.945729
0.943985
0.942274
0.940599
0.938965
0.937373
0.935828
0.934332
0.932888
0.931501
0.930173
0.928908
0.927707
0.926574
0.925513
0.924526
0.923616
0.922785
0.922035
0.921369
0.920789
0.920297
0.919894
0.919582
0.919364
0.919238
0.919208
0.919274
0.919436
0.919694
0.92005
0.920504
0.921055
0.921702
0.922447
0.923287
0.924222
0.925251
0.926373
0.927585
0.928886
0.930275
0.931749
0.933306
0.934945
0.936663
0.938457
0.940325
0.942264
0.94427
0.946341
0.948474
0.950666
0.952913
0.955212
0.957559
0.959952
0.962387
0.96486
0.967369
0.969909
0.972478
0.975071
0.977685
0.980317
0.982964
0.985621
0.988285
0.990955
0.993626
0.996294
0.998957
1.00161
1.00425
1.00688
1.00949
1.01208
1.01465
1.01719
1.0197
1.02218
1.02463
1.02704
1.02941
1.03174
1.03403
1.03627
1.03847
1.04061
1.04271
1.04475
1.04674
1.04867
1.05055
1.05236
1.05412
1.05581
1.05744
1.05901
1.06052
1.06195
1.06333
1.06463
1.06587
1.06704
1.06815
1.06918
1.07015
1.07105
1.07187
1.07264
1.07333
1.07395
1.07451
1.075
1.07542
1.07578
1.07607
1.0763
1.07646
1.07656
1.07661
1.07659
1.07651
1.07638
1.07619
1.07595
1.07566
1.07532
1.07493
1.07449
1.07401
1.07348
1.07291
1.0723
1.07166
1.07097
1.07026
1.06952
1.06874
1.06794
1.06712
1.06627
1.0654
1.06451
1.06361
1.06269
1.06176
1.06082
1.05987
1.05891
1.05794
1.05698
1.05601
1.05504
1.05407
1.05311
1.05215
1.0512
1.05025
1.04931
1.04838
1.04746
1.04655
1.04565
1.04477
1.0439
1.04304
1.0422
1.04138
1.04057
1.03978
1.03901
1.03825
1.03751
1.03679
1.03609
1.03541
1.03475
1.03411
1.03349
1.03289
1.03232
1.03176
1.03123
1.03071
1.03022
1.02975
1.02931
1.02889
1.02849
1.02811
1.02776
1.02743
1.02713
1.02685
1.0266
1.02637
1.02616
1.02599
1.02583
1.02571
1.0256
1.02553
1.02548
1.02545
1.02545
1.02548
1.02553
1.02561
1.02571
1.02583
1.02598
1.02615
1.02634
1.02656
1.02679
1.02705
1.02732
1.02761
1.02791
1.02823
1.02856
1.0289
1.02926
1.02962
1.02998
1.03036
1.03073
1.03111
1.03149
1.03187
1.03224
1.03261
1.03298
1.03333
1.03368
1.03401
1.03433
1.03463
1.03492
1.03519
1.03544
1.03567
1.03587
1.03605
1.03621
1.03635
1.03645
1.03653
1.03658
1.03661
1.0366
1.03657
1.03651
1.03641
1.03629
1.03614
1.03596
1.03575
1.03551
1.03525
1.03496
1.03464
1.0343
1.03393
1.03354
1.03313
1.0327
1.03225
1.03178
1.0313
1.0308
1.03029
1.02976
1.02923
1.02869
1.02814
1.02759
1.02703
1.02648
1.02592
1.02537
1.02482
1.02428
1.02375
1.02322
1.02271
1.02222
1.02174
1.02127
1.02083
1.02041
1.02001
1.01963
1.01928
1.01896
1.01866
1.0184
1.01817
1.01797
1.0178
1.01767
1.01757
1.01751
1.01749
1.01751
1.01757
1.01767
1.01781
1.01799
1.01822
1.01849
1.01881
1.01917
1.01958
1.02003
1.02053
1.02107
1.02166
1.0223
1.02298
1.02372
1.0245
1.02533
1.0262
1.02712
1.02809
1.0291
1.03016
1.03127
1.03242
1.03362
1.03486
1.03614
1.03747
1.03883
1.04024
1.04169
1.04317
1.0447
1.04625
1.04785
1.04947
1.05113
1.05281
1.05452
1.05626
1.05803
1.05981
1.06161
1.06343
1.06527
1.06712
1.06899
1.07086
1.07273
1.07462
1.0765
1.07838
1.08026
1.08213
1.084
1.08585
1.0877
1.08952
1.09134
1.09313
1.09489
1.09664
1.09836
1.10005
1.10171
1.10334
1.10494
1.1065
1.10803
1.10952
1.11097
1.11237
1.11374
1.11507
1.11635
1.11758
1.11877
1.11992
1.12101
1.12206
1.12306
1.12401
1.12492
1.12577
1.12658
1.12733
1.12804
1.1287
1.12931
1.12987
1.13038
1.13085
1.13126
1.13164
1.13196
1.13224
1.13248
1.13267
1.13282
1.13292
1.13299
1.13301
1.13299
1.13294
1.13284
1.13271
1.13255
1.13234
1.13211
1.13184
1.13154
1.1312
1.13084
1.13045
1.13003
1.12958
1.1291
1.12861
1.12809
1.12754
1.12697
1.12639
1.12578
1.12515
1.12451
1.12385
1.12317
1.12248
1.12177
1.12105
1.12031
1.11957
1.11881
1.11804
1.11727
1.11648
1.11568
1.11488
1.11407
1.11326
1.11243
1.11161
1.11078
1.10994
1.10911
1.10827
1.10742
1.10658
1.10573
1.10489
1.10404
1.1032
1.10236
1.10152
1.10068
1.09984
1.09901
1.09818
1.09736
1.09654
1.09572
1.09491
1.09411
1.09331
1.09251
1.09173
1.09095
1.09017
1.08941
1.08865
1.0879
1.08715
1.08641
1.08568
1.08496
1.08424
1.08353
1.08283
1.08214
1.08145
1.08077
1.08009
1.07943
1.07877
1.07811
1.07747
1.07683
1.07619
1.07556
1.07493
1.07431
1.0737
1.07309
1.07248
1.07187
1.07127
1.07068
1.07008
1.06949
1.0689
1.06832
1.06774
1.06716
1.06658
1.06601
1.06544
1.06487
1.06431
1.06375
1.06319
1.06265
1.0621
1.06156
1.06103
1.06051
1.05999
1.05949
1.05899
1.05851
1.05804
1.05758
1.05714
1.05671
1.0563
1.05591
1.05554
1.0552
1.05487
1.05457
1.0543
1.05406
1.05385
1.05366
1.05351
1.05339
1.05331
1.05326
1.05324
1.05327
1.05333
1.05343
1.05357
1.05375
1.05396
1.05422
1.05451
1.05484
1.05521
1.05561
1.05605
1.05652
1.05703
1.05756
1.05813
1.05872
1.05934
1.05998
1.06064
1.06131
1.06201
1.06271
1.06343
1.06415
1.06488
1.0656
1.06633
1.06705
1.06777
1.06848
1.06917
1.06985
1.07051
1.07115
1.07177
1.07236
1.07293
1.07347
1.07397
1.07444
1.07488
1.07527
1.07563
1.07595
1.07623
1.07646
1.07665
1.07679
1.07689
1.07694
1.07695
1.0769
1.07681
1.07667
1.07648
1.07623
1.07594
1.0756
1.07521
1.07477
1.07429
1.07375
1.07316
1.07253
1.07185
1.07113
1.07036
1.06954
1.06868
1.06778
1.06683
1.06584
1.06482
1.06375
1.06265
1.06151
1.06033
1.05912
1.05788
1.05661
1.0553
1.05397
1.0526
1.05122
1.0498
1.04836
1.0469
1.04542
1.04392
1.0424
1.04086
1.03931
1.03774
1.03616
1.03458
1.03298
1.03137
1.02976
1.02814
1.02652
1.02489
1.02327
1.02165
1.02003
1.01841
1.0168
1.0152
1.01361
1.01202
1.01045
1.00889
1.00735
1.00582
1.00431
1.00282
1.00135
0.999896
0.998468
0.997064
0.995686
0.994335
0.993011
0.991716
0.990451
0.989216
0.988014
0.986843
0.985706
0.984604
0.983537
0.982505
0.981509
0.980551
0.97963
0.978746
0.977901
0.977093
0.976325
0.975594
0.974902
0.974248
0.973632
0.973053
0.972513
0.97201
0.971544
0.971115
0.970721
0.970362
0.970037
0.969747
0.969489
0.969263
0.969068
0.968904
0.96877
0.968664
0.968585
0.968532
0.968504
0.968499
0.968517
0.968556
0.968616
0.968694
0.96879
0.968904
0.969033
0.969176
0.969334
0.969503
0.969683
0.969874
0.970074
0.970283
0.970499
0.970723
0.970952
0.971187
0.971427
0.971671
0.97192
0.972172
0.972428
0.972687
0.972948
0.973213
0.97348
0.973751
0.974023
0.974299
0.974579
0.974862
0.975149
0.975441
0.975737
0.976039
0.976347
0.976662
0.976985
0.977316
0.977656
0.978004
0.978362
0.978731
0.979111
0.979501
0.979904
0.980319
0.980747
0.981187
0.981641
0.982107
0.982587
0.98308
0.983586
0.984105
0.984637
0.985183
0.98574
0.986309
0.986889
0.987479
0.988079
0.988687
0.989304
0.989927
0.990556
0.991191
0.99183
0.992472
0.993116
0.993762
0.994408
0.995054
0.995698
0.99634
0.996978
0.997611
0.998239
0.998861
0.999477
1.00008
1.00068
1.00128
1.00186
1.00243
1.00299
1.00354
1.00409
1.00461
1.00513
1.00564
1.00614
1.00662
1.0071
1.00756
1.00801
1.00845
1.00888
1.0093
1.0097
1.0101
1.01049
1.01087
1.01125
1.01161
1.01197
1.01232
1.01267
1.013
1.01334
1.01367
1.01399
1.01432
1.01463
1.01495
1.01527
1.01558
1.0159
1.01621
1.01653
1.01685
1.01717
1.01749
1.01782
1.01815
1.01849
1.01883
1.01918
1.01953
1.01989
1.02026
1.02063
1.02102
1.02141
1.02181
1.02222
1.02263
1.02306
1.02349
1.02394
1.02439
1.02485
1.02533
1.02581
1.0263
1.0268
1.02731
1.02783
1.02836
1.0289
1.02945
1.03001
1.03057
1.03114
1.03172
1.03231
1.0329
1.03349
1.0341
1.0347
1.03531
1.03593
1.03654
1.03716
1.03778
1.03841
1.03903
1.03965
1.04026
1.04088
1.04149
1.0421
1.0427
1.04329
1.04388
1.04446
1.04503
1.04559
1.04615
1.04668
1.04721
1.04772
1.04822
1.04871
1.04918
1.04963
1.05006
1.05047
1.05087
1.05124
1.05159
1.05192
1.05223
1.05251
1.05277
1.05301
1.05322
1.0534
1.05356
1.05369
1.05379
1.05386
1.05391
1.05392
1.05391
1.05387
1.0538
1.05369
1.05356
1.0534
1.0532
1.05298
1.05273
1.05244
1.05212
1.05178
1.0514
1.05099
1.05055
1.05009
1.04959
1.04907
1.04851
1.04793
1.04732
1.04668
1.04601
1.04532
1.04459
1.04385
1.04307
1.04227
1.04145
1.0406
1.03972
1.03882
1.0379
1.03695
1.03598
1.03499
1.03398
1.03294
1.03189
1.03081
1.02971
1.02859
1.02745
1.02629
1.02511
1.02392
1.0227
1.02147
1.02022
1.01895
1.01767
1.01637
1.01505
1.01372
1.01238
1.01102
1.00964
1.00825
1.00685
1.00544
1.00402
1.00259
1.00115
0.999704
0.998249
0.996787
0.995321
0.993851
0.992378
0.990904
0.98943
0.987958
0.98649
0.985026
0.983569
0.98212
0.98068
0.979251
0.977834
0.976432
0.975047
0.973681
0.972335
0.971011
0.96971
0.968435
0.967188
0.965971
0.964786
0.963633
0.962515
0.961433
0.960388
0.959383
0.958419
0.957497
0.956618
0.955785
0.954997
0.954255
0.953561
0.952914
0.952316
0.951765
0.951263
0.950809
0.950403
0.950046
0.949736
0.949473
0.949257
0.949087
0.94896
0.948878
0.948837
0.948837
0.948876
0.948953
0.949064
0.949209
0.949386
0.949592
0.949826
0.950084
0.950364
0.950664
0.950981
0.951314
0.951659
0.952014
0.952378
0.952745
0.953115
0.953484
0.95385
0.95421
0.954563
0.954906
0.955236
0.955551
0.955849
0.956128
0.956385
0.95662
0.956831
0.957014
0.95717
0.957295
0.957389
0.95745
0.957478
0.95747
0.957426
0.957346
0.957229
0.957075
0.956881
0.956649
0.956378
0.956068
0.955719
0.955332
0.954906
0.954443
0.953943
0.953407
0.952836
0.952231
0.951593
0.950924
0.950225
0.949499
0.948747
0.94797
0.94717
0.946349
0.945511
0.944657
0.943791
0.942913
0.942027
0.941136
0.940242
0.939348
0.938457
0.937571
0.936695
0.935831
0.934981
0.934148
0.933335
0.932545
0.93178
0.931044
0.930338
0.929665
0.929027
0.928427
0.927867
0.927349
0.926874
0.926444
0.926059
0.925722
0.925434
0.925194
0.925004
0.924865
0.924776
0.924738
0.924752
0.924817
0.924932
0.925097
0.925311
0.925573
0.925883
0.92624
0.926641
0.927087
0.927575
0.928104
0.928672
0.929279
0.929921
0.930598
0.931308
0.932049
0.932819
0.933617
0.93444
0.935286
0.936155
0.937044
0.93795
0.938874
0.939812
0.940763
0.941726
0.942698
0.943679
0.944665
0.945657
0.946651
0.947647
0.948644
0.949639
0.950632
0.951621
0.952607
0.953587
0.95456
0.955526
0.956483
0.95743
0.958367
0.959293
0.960208
0.96111
0.962
0.962875
0.963737
0.964585
0.965418
0.966236
0.967039
0.967826
0.968598
0.969354
0.970094
0.970818
0.971525
0.972216
0.97289
0.973547
0.974186
0.974808
0.975413
0.976001
0.976571
0.977123
0.977656
0.978171
0.978666
0.979141
0.979597
0.980032
0.980446
0.980839
0.98121
0.981558
0.981884
0.982186
0.982464
0.982717
0.982944
0.983146
0.983321
0.983468
0.983588
0.983681
0.983745
0.98378
0.983784
0.983758
0.9837
0.98361
0.983489
0.983336
0.983151
0.982933
0.982684
0.982402
0.982088
0.981743
0.981366
0.980959
0.980523
0.980057
0.979562
0.979039
0.978489
0.977912
0.97731
0.976683
0.976034
0.975363
0.974671
0.973959
0.97323
0.972485
0.971725
0.970951
0.970166
0.969369
0.968564
0.96775
0.96693
0.966105
0.965276
0.964444
0.963611
0.962778
0.961947
0.961118
0.960293
0.959472
0.958655
0.957844
0.95704
0.956242
0.955451
0.954668
0.953894
0.953128
0.95237
0.95162
0.950879
0.950145
0.949419
0.9487
0.947989
0.947285
0.946587
0.945896
0.94521
0.94453
0.943854
0.943184
0.942518
0.941856
0.941197
0.940543
0.939892
0.939244
0.9386
0.93796
0.937325
0.936695
0.936071
0.935454
0.934844
0.934243
0.933652
0.933073
0.932508
0.931958
0.931426
0.930914
0.930423
0.929958
0.92952
0.929112
0.928738
0.928399
0.928098
0.927839
0.927624
0.927457
0.92734
0.927276
0.927267
0.927316
0.927427
0.927599
0.927837
0.928141
0.928512
0.928951
0.929461
0.93004
0.930688
0.931407
0.932194
0.93305
0.933972
0.934959
0.936008
0.937117
0.938283
0.939503
0.940774
0.942092
0.943453
0.944854
0.94629
0.947757
0.949251
0.950766
0.952299
0.953842
0.955394
0.956948
0.958501
0.960047
0.961583
0.963102
0.964602
0.966078
0.967525
0.96894
0.970319
0.97166
0.972957
0.974209
0.975412
0.976564
0.977662
0.978704
0.979689
0.980614
0.981478
0.982279
0.983016
0.983688
0.984294
0.984835
0.985308
0.985716
0.986057
0.986331
0.98654
0.986684
0.986764
0.986781
0.986735
0.986629
0.986464
0.986241
0.985963
0.98563
0.985247
0.984813
0.984332
0.983806
0.983238
0.982631
0.981987
0.981308
0.980599
0.979861
0.979098
0.978313
0.977507
0.976685
0.97585
0.975004
0.974152
0.973296
0.972438
0.971582
0.97073
0.969886
0.96905
0.968226
0.967417
0.966625
0.965851
0.965099
0.964369
0.963663
0.962983
0.962331
0.961707
0.961113
0.960549
0.960016
0.959515
0.959045
0.958608
0.958202
0.957828
0.957486
0.957176
0.956895
0.956643
0.95642
0.956225
0.956056
0.955913
0.955793
0.955696
0.95562
0.955564
0.955526
0.955506
0.955502
0.955512
0.955534
0.955568
0.955611
0.955662
0.955719
0.955781
0.955847
0.955915
0.955984
0.956053
0.95612
0.956185
0.956247
0.956304
0.956357
0.956404
0.956445
0.956479
0.956505
0.956523
0.956533
0.956534
0.956527
0.95651
0.956485
0.956449
0.956405
0.956352
0.95629
0.95622
0.95614
0.956053
0.955958
0.955856
0.955747
0.955632
0.955511
0.955386
0.955256
0.955122
0.954986
0.954847
0.954705
0.954563
0.95442
0.954279
0.954138
0.954
0.953865
0.953734
0.953607
0.953486
0.953371
0.953263
0.953163
0.953071
0.952989
0.952918
0.952858
0.952809
0.952772
0.952748
0.952738
0.952741
0.952759
0.952793
0.952843
0.952909
0.952991
0.953091
0.953207
0.953341
0.953494
0.953666
0.953856
0.954066
0.954295
0.954542
0.954809
0.955094
0.955398
0.955722
0.956063
0.956423
0.956801
0.957197
0.957611
0.958043
0.958492
0.958956
0.959436
0.959931
0.960441
0.960964
0.961501
0.96205
0.962611
0.963183
0.963765
0.964357
0.964958
0.965567
0.966182
0.966803
0.967429
0.96806
0.968693
0.969329
0.969966
0.970602
0.971238
0.971871
0.972502
0.973128
0.97375
0.974365
0.974974
0.975575
0.976167
0.976748
0.977319
0.977878
0.978424
0.978957
0.979477
0.979981
0.980469
0.98094
0.981394
0.98183
0.982247
0.982644
0.983022
0.983379
0.983715
0.98403
0.984323
0.984594
0.984844
0.985071
0.985276
0.98546
0.985621
0.985761
0.985879
0.985975
0.986049
0.986103
0.986135
0.986148
0.986142
0.986117
0.986074
0.986015
0.98594
0.985851
0.985747
0.985631
0.985503
0.985365
0.985217
0.985061
0.984898
0.984731
0.98456
0.984386
0.98421
0.984036
0.983863
0.983693
0.983527
0.983366
0.983212
0.983066
0.98293
0.982806
0.982693
0.982595
0.982511
0.982443
0.982392
0.98236
0.982347
0.982353
0.982381
0.98243
0.982501
0.982596
0.982715
0.982857
0.983024
0.983215
0.983431
0.983671
0.983937
0.984228
0.984545
0.984885
0.985251
0.985639
0.986051
0.986485
0.986941
0.987418
0.987915
0.988431
0.988965
0.989516
0.990081
0.990661
0.991253
0.991856
0.992469
0.993089
0.993716
0.994347
0.994981
0.995615
0.996249
0.996879
0.997505
0.998123
0.998733
0.999333
0.99992
1.00049
1.00105
1.00159
1.0021
1.0026
1.00306
1.00351
1.00392
1.00431
1.00466
1.00498
1.00527
1.00552
1.00573
1.0059
1.00603
1.00612
1.00617
1.00618
1.00614
1.00605
1.00592
1.00575
1.00553
1.00526
1.00494
1.00457
1.00416
1.00369
1.00318
1.00263
1.00202
1.00137
1.00068
0.999935
0.999148
0.998317
0.997443
0.996528
0.995572
0.994577
0.993544
0.992473
0.991368
0.990228
0.989055
0.98785
0.986617
0.985355
0.984068
0.982756
0.981422
0.980066
0.978692
0.9773
0.975893
0.974473
0.973042
0.971601
0.970153
0.968699
0.96724
0.96578
0.96432
0.962862
0.961407
0.959957
0.958514
0.95708
0.955655
0.954242
0.952841
0.951455
0.950085
0.948732
0.947397
0.946082
0.944787
0.943513
0.942263
0.941035
0.939831
0.938653
0.937501
0.936376
0.935277
0.934207
0.933164
0.93215
0.931165
0.93021
0.929284
0.928388
0.927522
0.926686
0.925881
0.925106
0.924361
0.923646
0.92296
0.922305
0.921678
0.92108
0.92051
0.919969
0.919455
0.918969
0.918508
0.918074
0.917665
0.917281
0.916921
0.916585
0.916271
0.915978
0.915708
0.915458
0.915229
0.915018
0.914826
0.914651
0.914493
0.914351
0.914225
0.914114
0.914017
0.913934
0.913864
0.913806
0.913761
0.913726
0.913703
0.91369
0.913688
0.913697
0.913715
0.913744
0.913783
0.913832
0.913892
0.913962
0.914044
0.914137
0.914242
0.914359
0.91449
0.914635
0.914795
0.914971
0.915164
0.915374
0.915603
0.915853
0.916124
0.916417
0.916734
0.917075
0.917443
0.917837
0.918259
0.918711
0.919193
0.919707
0.920253
0.920832
0.921446
0.922095
0.922779
0.923499
0.924255
0.925047
0.925874
0.926739
0.927639
0.928574
0.929545
0.93055
0.931589
0.932661
0.933765
0.934901
0.936067
0.93726
0.93848
0.939725
0.940994
0.942284
0.943594
0.944922
0.946266
0.947624
0.948995
0.950376
0.951765
0.95316
0.954559
0.95596
0.957361
0.958761
0.960157
0.961548
0.962932
0.964308
0.965675
0.96703
0.968372
0.9697
0.971012
0.97231
0.973589
0.974852
0.976095
0.97732
0.978525
0.979711
0.980877
0.982024
0.983152
0.984261
0.98535
0.98642
0.987472
0.988506
0.989523
0.990523
0.991508
0.992478
0.993435
0.994379
0.995312
0.996234
0.997148
0.998054
0.998954
0.999849
1.00074
1.00163
1.00252
1.00341
1.0043
1.0052
1.0061
1.007
1.00792
1.00884
1.00977
1.01072
1.01168
1.01265
1.01363
1.01463
1.01565
1.01668
1.01773
1.0188
1.01989
1.021
1.02212
1.02326
1.02443
1.02561
1.02681
1.02803
1.02927
1.03053
1.0318
1.03309
1.0344
1.03572
1.03705
1.0384
1.03976
1.04113
1.0425
1.04389
1.04528
1.04668
1.04808
1.04948
1.05088
1.05228
1.05368
1.05507
1.05646
1.05783
1.0592
1.06056
1.0619
1.06323
1.06454
1.06583
1.0671
1.06835
1.06957
1.07077
1.07194
1.07308
1.0742
1.07528
1.07632
1.07733
1.07831
1.07925
1.08015
1.08101
1.08183
1.08261
1.08334
1.08403
1.08467
1.08527
1.08582
1.08633
1.08678
1.08719
1.08755
1.08786
1.08812
1.08834
1.0885
1.08861
1.08868
1.08869
1.08866
1.08857
1.08845
1.08827
1.08805
1.08779
1.08748
1.08713
1.08674
1.08631
1.08585
1.08535
1.08481
1.08425
1.08365
1.08303
1.08239
1.08172
1.08103
1.08033
1.07961
1.07887
1.07813
1.07739
1.07664
1.07589
1.07514
1.07439
1.07365
1.07293
1.07221
1.07151
1.07082
1.07016
1.06951
1.06889
1.06829
1.06772
1.06718
1.06666
1.06618
1.06573
1.06531
1.06492
1.06457
1.06425
1.06397
1.06372
1.0635
1.06332
1.06317
1.06305
1.06297
1.06291
1.06289
1.0629
1.06294
1.06301
1.0631
1.06322
1.06337
1.06354
1.06373
1.06395
1.06419
1.06444
1.06472
1.06501
1.06532
1.06564
1.06598
1.06633
1.06668
1.06705
1.06743
1.06781
1.0682
1.06859
1.06899
1.06938
1.06977
1.07016
1.07055
1.07092
1.07129
1.07165
1.07199
1.07232
1.07264
1.07293
1.07321
1.07346
1.07368
1.07388
1.07406
1.0742
1.07431
1.07439
1.07443
1.07443
1.0744
1.07432
1.07421
1.07405
1.07385
1.0736
1.07331
1.07297
1.07258
1.07215
1.07167
1.07114
1.07056
1.06994
1.06926
1.06853
1.06776
1.06694
1.06608
1.06517
1.06421
1.0632
1.06216
1.06107
1.05994
1.05877
1.05756
1.05631
1.05503
1.05372
1.05237
1.05099
1.04959
1.04815
1.0467
1.04522
1.04371
1.04219
1.04066
1.03911
1.03754
1.03596
1.03438
1.03279
1.03119
1.02959
1.02799
1.02638
1.02478
1.02319
1.0216
1.02001
1.01844
1.01687
1.01532
1.01378
1.01225
1.01074
1.00924
1.00777
1.00631
1.00487
1.00345
1.00206
1.00069
0.999336
0.99801
0.996708
0.995431
0.994179
0.992953
0.991754
0.990581
0.989435
0.988316
0.987225
0.986161
0.985124
0.984114
0.983132
0.982177
0.98125
0.980349
0.979476
0.97863
0.97781
0.977017
0.97625
0.975508
0.974792
0.974101
0.973436
0.972794
0.972177
0.971584
0.971014
0.970467
0.969944
0.969442
0.968962
0.968504
0.968066
0.967649
0.967252
0.966876
0.966519
0.966182
0.965863
0.965563
0.96528
0.965015
0.964768
0.964537
0.964324
0.964127
0.963946
0.963782
0.963634
0.963503
0.963387
0.963288
0.963204
0.963137
0.963085
0.96305
0.963031
0.963028
0.963042
0.963072
0.963119
0.963183
0.963265
0.963364
0.963481
0.963616
0.963768
0.963938
0.964127
0.964335
0.964562
0.964808
0.965074
0.965358
0.965662
0.965985
0.966328
0.96669
0.967072
0.967474
0.967895
0.968335
0.968794
0.969272
0.969768
0.970283
0.970816
0.971367
0.971935
0.972519
0.973121
0.973737
0.974369
0.975016
0.975676
0.97635
0.977035
0.977732
0.97844
0.979157
0.979882
0.980614
0.981354
0.982101
0.982852
0.983606
0.984363
0.985121
0.985879
0.986635
0.987388
0.988137
0.98888
0.989617
0.990345
0.991065
0.991774
0.99247
0.993153
0.993821
0.994472
0.995105
0.995718
0.99631
0.99688
0.997425
0.997945
0.998437
0.998902
0.999337
0.999741
1.00011
1.00045
1.00076
1.00103
1.00126
1.00145
1.00161
1.00173
1.0018
1.00184
1.00183
1.00178
1.00169
1.00155
1.00138
1.00115
1.00088
1.00057
1.00022
0.999814
0.999368
0.998877
0.998343
0.997765
0.997143
0.996477
0.995769
0.995018
0.994226
0.993393
0.992518
0.991603
0.990648
0.989655
0.988623
0.987555
0.986451
0.985312
0.984138
0.982931
0.981691
0.98042
0.979118
0.977787
0.976428
0.975042
0.973629
0.97219
0.970727
0.96924
0.96773
0.966199
0.964647
0.963076
0.961487
0.959879
0.958255
0.956615
0.954961
0.953292
0.951611
0.949917
0.948212
0.946496
0.944772
0.943038
0.941297
0.939549
0.937795
0.936037
0.934274
0.93251
0.930743
0.928977
0.927212
0.92545
0.923692
0.921941
0.920197
0.918463
0.916742
0.915034
0.913343
0.91167
0.910018
0.908391
0.90679
0.905219
0.903682
0.902181
0.900721
0.899304
0.897934
0.896616
0.895352
0.894148
0.893007
0.891933
0.89093
0.890001
0.889151
0.888383
0.8877
0.887105
0.886602
0.886192
0.885879
0.885665
0.885551
0.88554
0.885632
0.885829
0.88613
0.886536
0.887047
0.887661
0.888378
0.889195
0.890113
0.891128
0.892238
0.893441
0.894733
0.896112
0.897574
0.899115
0.900732
0.90242
0.904176
0.905997
0.907877
0.909812
0.911799
0.913833
0.91591
0.918026
0.920178
0.922361
0.924571
0.926805
0.929059
0.93133
0.933614
0.935908
0.938208
0.940513
0.942818
0.945122
0.947421
0.949713
0.951996
0.954267
0.956524
0.958765
0.960988
0.963191
0.965373
0.967532
0.969665
0.971773
0.973854
0.975907
0.97793
0.979923
0.981885
0.983814
0.985711
0.987574
0.989404
0.991199
0.992959
0.994684
0.996374
0.998028
0.999646
1.00123
1.00277
1.00429
1.00576
1.0072
1.00861
1.00998
1.01132
1.01262
1.01389
1.01513
1.01633
1.0175
1.01864
1.01975
1.02083
1.02187
1.02289
1.02387
1.02483
1.02576
1.02666
1.02753
1.02837
1.02919
1.02998
1.03075
1.03149
1.0322
1.03289
1.03355
1.03419
1.03481
1.03541
1.03598
1.03653
1.03705
1.03756
1.03804
1.0385
1.03894
1.03937
1.03977
1.04015
1.04051
1.04086
1.04119
1.0415
1.04179
1.04207
1.04233
1.04257
1.04281
1.04302
1.04323
1.04342
1.0436
1.04376
1.04392
1.04406
1.0442
1.04433
1.04444
1.04456
1.04466
1.04476
1.04485
1.04493
1.04501
1.04508
1.04515
1.04522
1.04528
1.04534
1.0454
1.04546
1.04551
1.04557
1.04562
1.04567
1.04572
1.04577
1.04582
1.04587
1.04592
1.04597
1.04602
1.04607
1.04612
1.04616
1.04621
1.04626
1.04631
1.04636
1.04642
1.04647
1.04652
1.04657
1.04663
1.04668
1.04674
1.0468
1.04686
1.04692
1.04699
1.04706
1.04713
1.0472
1.04727
1.04735
1.04744
1.04753
1.04762
1.04772
1.04783
1.04794
1.04806
1.04818
1.04832
1.04846
1.04862
1.04878
1.04896
1.04914
1.04934
1.04955
1.04978
1.05002
1.05028
1.05055
1.05083
1.05114
1.05146
1.0518
1.05216
1.05254
1.05294
1.05336
1.0538
1.05426
1.05474
1.05525
1.05577
1.05632
1.05689
1.05747
1.05808
1.05871
1.05936
1.06003
1.06072
1.06143
1.06215
1.06289
1.06365
1.06442
1.0652
1.066
1.06681
1.06763
1.06845
1.06928
1.07012
1.07095
1.0718
1.07264
1.07347
1.07431
1.07514
1.07597
1.07678
1.07759
1.07839
1.07918
1.07995
1.08071
1.08145
1.08217
1.08287
1.08356
1.08422
1.08485
1.08547
1.08606
1.08662
1.08715
1.08766
1.08814
1.08858
1.089
1.08939
1.08974
1.09006
1.09035
1.09061
1.09083
1.09103
1.09118
1.09131
1.0914
1.09145
1.09148
1.09147
1.09142
1.09135
1.09124
1.0911
1.09092
1.09072
1.09049
1.09022
1.08993
1.08961
1.08926
1.08888
1.08848
1.08805
1.0876
1.08712
1.08662
1.0861
1.08556
1.085
1.08442
1.08383
1.08321
1.08259
1.08195
1.08129
1.08063
1.07996
1.07927
1.07858
1.07788
1.07718
1.07647
1.07576
1.07504
1.07433
1.07362
1.0729
1.0722
1.07149
1.07079
1.0701
1.06941
1.06874
1.06807
1.06742
1.06677
1.06614
1.06553
1.06493
1.06434
1.06378
1.06323
1.0627
1.06219
1.0617
1.06124
1.06079
1.06037
1.05998
1.05961
1.05926
1.05894
1.05865
1.05839
1.05815
1.05794
1.05775
1.0576
1.05747
1.05737
1.0573
1.05725
1.05723
1.05724
1.05728
1.05734
1.05742
1.05753
1.05766
1.05781
1.05798
1.05818
1.05839
1.05862
1.05886
1.05912
1.05939
1.05967
1.05997
1.06027
1.06057
1.06088
1.06119
1.06151
1.06182
1.06213
1.06243
1.06273
1.06302
1.0633
1.06357
1.06382
1.06406
1.06429
1.06449
1.06468
1.06485
1.06499
1.06512
1.06522
1.06529
1.06533
1.06535
1.06535
1.06531
1.06524
1.06515
1.06502
1.06486
1.06468
1.06446
1.06421
1.06393
1.06362
1.06328
1.06291
1.06251
1.06208
1.06162
1.06113
1.06062
1.06008
1.05952
1.05893
1.05833
1.0577
1.05705
1.05638
1.0557
1.055
1.05429
1.05356
1.05283
1.05208
1.05133
1.05057
1.0498
1.04904
1.04827
1.04751
1.04675
1.04599
1.04524
1.0445
1.04376
1.04304
1.04233
1.04164
1.04096
1.0403
1.03966
1.03903
1.03843
1.03786
1.03731
1.03678
1.03628
1.0358
1.03536
1.03494
1.03455
1.03419
1.03386
1.03356
1.03329
1.03306
1.03285
1.03268
1.03254
1.03242
1.03234
1.03229
1.03227
1.03227
1.03231
1.03237
1.03245
1.03257
1.03271
1.03287
1.03306
1.03326
1.03349
1.03373
1.034
1.03428
1.03457
1.03488
1.0352
1.03554
1.03588
1.03624
1.0366
1.03696
1.03733
1.03771
1.03809
1.03847
1.03885
1.03922
1.0396
1.03997
1.04034
1.0407
1.04105
1.0414
1.04173
1.04206
1.04238
1.04268
1.04297
1.04325
1.04352
1.04377
1.04401
1.04423
1.04443
1.04462
1.04479
1.04494
1.04508
1.0452
1.04529
1.04538
1.04544
1.04548
1.0455
1.04551
1.0455
1.04546
1.04541
1.04534
1.04525
1.04515
1.04502
1.04488
1.04472
1.04455
1.04435
1.04415
1.04393
1.04369
1.04344
1.04318
1.0429
1.04261
1.04232
1.04201
1.0417
1.04137
1.04104
1.04071
1.04037
1.04003
1.03968
1.03934
1.03899
1.03864
1.0383
1.03795
1.03762
1.03728
1.03696
1.03664
1.03633
1.03603
1.03574
1.03546
1.0352
1.03495
1.03471
1.03448
1.03428
1.03409
1.03391
1.03375
1.03361
1.03349
1.03339
1.0333
1.03324
1.03319
1.03316
1.03315
1.03316
1.03319
1.03324
1.0333
1.03338
1.03348
1.0336
1.03373
1.03388
1.03404
1.03422
1.03442
1.03462
1.03484
1.03508
1.03532
1.03557
1.03584
1.03612
1.0364
1.03669
1.037
1.03731
1.03762
1.03794
1.03827
1.03861
1.03895
1.03929
1.03964
1.03999
1.04035
1.0407
1.04106
1.04143
1.0418
1.04216
1.04254
1.04291
1.04328
1.04366
1.04403
1.04441
1.04478
1.04516
1.04553
1.04591
1.04628
1.04666
1.04703
1.0474
1.04776
1.04812
1.04848
1.04884
1.04919
1.04953
1.04987
1.0502
1.05053
1.05084
1.05115
1.05145
1.05175
1.05203
1.0523
1.05255
1.0528
1.05303
1.05325
1.05345
1.05364
1.05381
1.05396
1.05409
1.05421
1.05431
1.05439
1.05445
1.05449
1.05451
1.0545
1.05448
1.05443
1.05436
1.05427
1.05415
1.05401
1.05385
1.05366
1.05346
1.05322
1.05297
1.05269
1.05239
1.05206
1.05171
1.05134
1.05095
1.05054
1.0501
1.04965
1.04917
1.04868
1.04816
1.04763
1.04708
1.04651
1.04593
1.04533
1.04471
1.04408
1.04344
1.04279
1.04212
1.04145
1.04076
1.04007
1.03937
1.03866
1.03795
1.03723
1.03651
1.03578
1.03506
1.03433
1.0336
1.03287
1.03214
1.03141
1.03069
1.02997
1.02925
1.02854
1.02783
1.02713
1.02644
1.02576
1.02508
1.02442
1.02376
1.02311
1.02247
1.02184
1.02123
1.02062
1.02003
1.01945
1.01888
1.01832
1.01778
1.01725
1.01674
1.01624
1.01575
1.01528
1.01483
1.01439
1.01396
1.01355
1.01316
1.01278
1.01242
1.01208
1.01175
1.01145
1.01115
1.01088
1.01063
1.01039
1.01017
1.00997
1.00979
1.00963
1.00948
1.00936
1.00926
1.00918
1.00912
1.00908
1.00906
1.00906
1.00908
1.00913
1.0092
1.00928
1.00939
1.00953
1.00968
1.00986
1.01005
1.01027
1.01051
1.01077
1.01105
1.01136
1.01168
1.01202
1.01238
1.01275
1.01315
1.01356
1.01398
1.01442
1.01488
1.01535
1.01582
1.01632
1.01681
1.01732
1.01783
1.01835
1.01887
1.0194
1.01992
1.02045
1.02097
1.0215
1.02201
1.02252
1.02302
1.02352
1.024
1.02446
1.02492
1.02536
1.02578
1.02618
1.02657
1.02693
1.02727
1.02758
1.02787
1.02813
1.02837
1.02858
1.02876
1.02891
1.02903
1.02911
1.02917
1.02919
1.02918
1.02914
1.02906
1.02895
1.02881
1.02863
1.02842
1.02818
1.0279
1.02759
1.02725
1.02688
1.02648
1.02606
1.0256
1.02512
1.02462
1.02409
1.02353
1.02296
1.02237
1.02177
1.02115
1.02051
1.01986
1.01921
1.01855
1.01788
1.01721
1.01655
1.01588
1.01522
1.01456
1.01392
1.01328
1.01266
1.01205
1.01146
1.01089
1.01035
1.00982
1.00932
1.00886
1.00842
1.00801
1.00763
1.00729
1.00699
1.00673
1.0065
1.00632
1.00617
1.00607
1.00601
1.00599
1.00602
1.00609
1.00621
1.00637
1.00657
1.00682
1.00711
1.00745
1.00783
1.00824
1.00871
1.00921
1.00975
1.01032
1.01094
1.01159
1.01227
1.01299
1.01374
1.01452
1.01532
1.01615
1.01701
1.01789
1.01879
1.01971
1.02065
1.0216
1.02256
1.02354
1.02453
1.02553
1.02653
1.02754
1.02855
1.02956
1.03057
1.03158
1.03259
1.03359
1.03458
1.03557
1.03655
1.03753
1.03849
1.03944
1.04037
1.0413
1.04221
1.0431
1.04398
1.04484
1.04568
1.04651
1.04731
1.0481
1.04888
1.04963
1.05036
1.05107
1.05176
1.05243
1.05308
1.05371
1.05432
1.05491
1.05547
1.05602
1.05654
1.05704
1.05751
1.05796
1.05839
1.05879
1.05917
1.05952
1.05984
1.06014
1.06041
1.06065
1.06086
1.06104
1.06119
1.0613
1.06139
1.06143
1.06145
1.06142
1.06136
1.06126
1.06112
1.06094
1.06072
1.06045
1.06015
1.05979
1.0594
1.05896
1.05847
1.05793
1.05735
1.05673
1.05605
1.05533
1.05456
1.05374
1.05288
1.05197
1.05102
1.05002
1.04898
1.04789
1.04677
1.0456
1.04439
1.04315
1.04187
1.04056
1.03922
1.03785
1.03645
1.03502
1.03357
1.03211
1.03062
1.02913
1.02762
1.0261
1.02458
1.02306
1.02153
1.02002
1.01851
1.01701
1.01552
1.01406
1.01261
1.01119
1.0098
1.00843
1.0071
1.00581
1.00456
1.00335
1.00219
1.00108
1.00002
0.999007
0.998055
0.997161
0.996327
0.995556
0.99485
0.994208
0.993635
0.99313
0.992696
0.992332
0.992039
0.991818
0.991669
0.991593
0.991588
0.991655
0.991794
0.992003
0.992282
0.992629
0.993044
0.993525
0.99407
0.994676
0.995342
0.996066
0.996846
0.997679
0.998563
0.999494
1.00047
1.00149
1.00254
1.00364
1.00476
1.00591
1.00709
1.00829
1.00951
1.01074
1.01198
1.01323
1.01448
1.01574
1.01699
1.01824
1.01947
1.0207
1.02191
1.02309
1.02426
1.0254
1.02652
1.0276
1.02865
1.02967
1.03065
1.03159
1.03248
1.03334
1.03415
1.03491
1.03562
1.03629
1.03691
1.03747
1.03799
1.03846
1.03887
1.03924
1.03955
1.03982
1.04003
1.0402
1.04032
1.0404
1.04043
1.04041
1.04036
1.04026
1.04013
1.03996
1.03976
1.03952
1.03926
1.03896
1.03865
1.03831
1.03794
1.03757
1.03717
1.03677
1.03635
1.03593
1.0355
1.03507
1.03464
1.03422
1.03379
1.03338
1.03297
1.03258
1.0322
1.03183
1.03148
1.03114
1.03083
1.03053
1.03026
1.03001
1.02978
1.02957
1.02939
1.02924
1.0291
1.02899
1.02891
1.02885
1.02881
1.0288
1.02881
1.02884
1.02889
1.02896
1.02905
1.02916
1.02929
1.02943
1.02958
1.02974
1.02992
1.03011
1.0303
1.0305
1.03071
1.03091
1.03112
1.03133
1.03153
1.03173
1.03193
1.03212
1.0323
1.03246
1.03262
1.03276
1.03288
1.03299
1.03307
1.03314
1.03318
1.0332
1.03319
1.03316
1.03309
1.033
1.03288
1.03273
1.03255
1.03233
1.03208
1.03179
1.03147
1.03112
1.03073
1.03031
1.02985
1.02935
1.02883
1.02826
1.02767
1.02704
1.02638
1.02569
1.02497
1.02422
1.02344
1.02264
1.02181
1.02097
1.0201
1.01921
1.01831
1.01739
1.01647
1.01553
1.01459
1.01364
1.01269
1.01175
1.01081
1.00987
1.00894
1.00803
1.00713
1.00625
1.00539
1.00455
1.00373
1.00295
1.00219
1.00147
1.00077
1.00012
0.999503
0.998926
0.99839
0.997896
0.997446
0.99704
0.996679
0.996364
0.996095
0.995873
0.995697
0.995568
0.995485
0.995447
0.995454
0.995504
0.995597
0.995732
0.995907
0.99612
0.99637
0.996657
0.996977
0.997329
0.997712
0.998123
0.998559
0.99902
0.999503
1.00001
1.00053
1.00106
1.00161
1.00217
1.00274
1.00332
1.00391
1.0045
1.00509
1.00568
1.00627
1.00686
1.00744
1.00802
1.00859
1.00916
1.00971
1.01025
1.01078
1.0113
1.0118
1.01229
1.01276
1.01322
1.01366
1.01407
1.01447
1.01485
1.01521
1.01555
1.01586
1.01615
1.01642
1.01667
1.01689
1.01708
1.01725
1.0174
1.01752
1.01762
1.01769
1.01773
1.01775
1.01774
1.01771
1.01765
1.01756
1.01745
1.01731
1.01715
1.01696
1.01675
1.01652
1.01626
1.01599
1.01569
1.01537
1.01503
1.01467
1.01429
1.0139
1.01349
1.01307
1.01264
1.01219
1.01173
1.01126
1.01079
1.0103
1.00981
1.00932
1.00882
1.00832
1.00782
1.00731
1.00681
1.00631
1.00582
1.00533
1.00484
1.00437
1.0039
1.00344
1.00298
1.00254
1.00212
1.0017
1.0013
1.00091
1.00053
1.00017
0.999826
0.999498
0.999188
0.998894
0.998619
0.998361
0.998123
0.997904
0.997704
0.997524
0.997363
0.997223
0.997102
0.997002
0.996922
0.996863
0.996825
0.996809
0.996814
0.996841
0.996889
0.996957
0.997047
0.997158
0.99729
0.997443
0.997618
0.997814
0.998031
0.99827
0.998529
0.998809
0.99911
0.999432
0.999774
1.00014
1.00052
1.00092
1.00134
1.00178
1.00224
1.00272
1.00322
1.00374
1.00427
1.00482
1.00539
1.00597
1.00657
1.00719
1.00782
1.00846
1.00912
1.00979
1.01048
1.01117
1.01188
1.0126
1.01333
1.01407
1.01481
1.01557
1.01633
1.0171
1.01788
1.01867
1.01946
1.02025
1.02105
1.02185
1.02266
1.02347
1.02428
1.02509
1.02591
1.02673
1.02755
1.02836
1.02919
1.03001
1.03083
1.03165
1.03246
1.03328
1.0341
1.03492
1.03573
1.03655
1.03736
1.03818
1.03899
1.0398
1.04061
1.04142
1.04224
1.04305
1.04386
1.04467
1.04549
1.0463
1.04712
1.04793
1.04875
1.04957
1.05039
1.05121
1.05203
1.05286
1.05368
1.05451
1.05534
1.05617
1.057
1.05783
1.05867
1.0595
1.06034
1.06118
1.06201
1.06285
1.06369
1.06453
1.06536
1.0662
1.06703
1.06786
1.06869
1.06951
1.07033
1.07115
1.07196
1.07276
1.07356
1.07435
1.07514
1.07592
1.07669
1.07744
1.07819
1.07894
1.07966
1.08038
1.08109
1.08178
1.08246
1.08313
1.08378
1.08442
1.08505
1.08566
1.08625
1.08683
1.08739
1.08794
1.08847
1.08899
1.08949
1.08997
1.09044
1.09089
1.09132
1.09174
1.09214
1.09252
1.09289
1.09324
1.09358
1.09389
1.0942
1.09448
1.09475
1.09501
1.09525
1.09547
1.09568
1.09587
1.09605
1.09621
1.09636
1.0965
1.09662
1.09672
1.09681
1.09689
1.09695
1.097
1.09703
1.09705
1.09705
1.09704
1.09702
1.09698
1.09692
1.09685
1.09676
1.09666
1.09654
1.09641
1.09625
1.09609
1.0959
1.09569
1.09547
1.09523
1.09497
1.09469
1.0944
1.09408
1.09374
1.09338
1.093
1.0926
1.09217
1.09173
1.09126
1.09076
1.09025
1.0897
1.08914
1.08855
1.08793
1.08729
1.08661
1.08592
1.08519
1.08444
1.08366
1.08285
1.08201
1.08114
1.08024
1.07931
1.07835
1.07736
1.07634
1.07528
1.07419
1.07307
1.07192
1.07073
1.06952
1.06826
1.06698
1.06566
1.0643
1.06291
1.06148
1.06003
1.05853
1.057
1.05544
1.05385
1.05222
1.05055
1.04886
1.04713
1.04537
1.04358
1.04176
1.03992
1.03804
1.03614
1.03421
1.03226
1.03028
1.02829
1.02627
1.02425
1.0222
1.02015
1.01809
1.01602
1.01396
1.01189
1.00982
1.00777
1.00572
1.00369
1.00168
0.999686
0.997723
0.995791
0.993893
0.992034
0.990218
0.988449
0.986732
0.98507
0.983469
0.98193
0.98046
0.97906
0.977734
0.976485
0.975316
0.97423
0.973229
0.972314
0.971489
0.970753
0.970109
0.969556
0.969096
0.968729
0.968454
0.96827
0.968177
0.968173
0.968257
0.968426
0.968679
0.969013
0.969426
0.969916
0.970478
0.97111
0.97181
0.972573
0.973397
0.974277
0.975211
0.976194
0.977224
0.978296
0.979407
0.980555
0.981735
0.982945
0.98418
0.98544
0.986719
0.988016
0.989329
0.990653
0.991988
0.993329
0.994676
0.996027
0.997378
0.998729
1.00008
1.00142
1.00276
1.0041
1.00543
1.00675
1.00806
1.00936
1.01065
1.01192
1.01319
1.01444
1.01568
1.01691
1.01813
1.01933
1.02052
1.02169
1.02285
1.024
1.02514
1.02626
1.02737
1.02846
1.02955
1.03062
1.03167
1.03272
1.03375
1.03477
1.03578
1.03677
1.03775
1.03872
1.03968
1.04062
1.04154
1.04245
1.04335
1.04423
1.04509
1.04593
1.04676
1.04757
1.04835
1.04911
1.04985
1.05056
1.05125
1.05191
1.05254
1.05314
1.05371
1.05424
1.05474
1.0552
1.05562
1.056
1.05633
1.05663
1.05688
1.05708
1.05723
1.05733
1.05738
1.05738
1.05733
1.05722
1.05706
1.05685
1.05658
1.05626
1.05588
1.05545
1.05496
1.05442
1.05382
1.05318
1.05248
1.05174
1.05094
1.05011
1.04922
1.0483
1.04734
1.04634
1.04531
1.04425
1.04316
1.04204
1.0409
1.03975
1.03858
1.03739
1.0362
1.035
1.0338
1.03261
1.03141
1.03023
1.02906
1.0279
1.02676
1.02564
1.02455
1.02348
1.02244
1.02143
1.02045
1.01951
1.01861
1.01775
1.01693
1.01615
1.01541
1.01473
1.01408
1.01349
1.01294
1.01245
1.012
1.0116
1.01126
1.01096
1.01072
1.01053
1.01039
1.0103
1.01027
1.01028
1.01035
1.01046
1.01063
1.01084
1.0111
1.01141
1.01177
1.01217
1.01261
1.01309
1.01362
1.01418
1.01478
1.01541
1.01607
1.01676
1.01748
1.01822
1.01898
1.01976
1.02055
1.02136
1.02217
1.02299
1.02381
1.02463
1.02545
1.02626
1.02707
1.02786
1.02864
1.0294
1.03015
1.03087
1.03157
1.03224
1.03288
1.0335
1.03408
1.03464
1.03515
1.03564
1.03608
1.0365
1.03687
1.0372
1.0375
1.03776
1.03798
1.03815
1.03829
1.03839
1.03845
1.03847
1.03846
1.0384
1.03831
1.03818
1.03801
1.0378
1.03756
1.03729
1.03698
1.03664
1.03627
1.03587
1.03544
1.03499
1.03451
1.034
1.03347
1.03292
1.03235
1.03176
1.03115
1.03053
1.02989
1.02924
1.02858
1.02791
1.02724
1.02656
1.02587
1.02519
1.0245
1.02381
1.02313
1.02245
1.02178
1.02111
1.02045
1.0198
1.01917
1.01854
1.01793
1.01733
1.01675
1.01618
1.01563
1.01509
1.01457
1.01406
1.01357
1.0131
1.01264
1.01219
1.01176
1.01134
1.01093
1.01053
1.01014
1.00975
1.00937
1.009
1.00863
1.00825
1.00788
1.0075
1.00712
1.00673
1.00633
1.00592
1.0055
1.00506
1.0046
1.00413
1.00363
1.00312
1.00257
1.00201
1.00141
1.00079
1.00015
0.999468
0.998761
0.998024
0.997255
0.996454
0.995622
0.994758
0.993863
0.992938
0.991982
0.990997
0.989982
0.98894
0.987872
0.986778
0.98566
0.98452
0.98336
0.982181
0.980984
0.979773
0.978548
0.977313
0.97607
0.97482
0.973567
0.972312
0.971057
0.969805
0.968558
0.967318
0.966087
0.964868
0.963662
0.962472
0.961299
0.960144
0.95901
0.957899
0.956812
0.95575
0.954715
0.953706
0.952726
0.951776
0.950856
0.949967
0.94911
0.948286
0.947493
0.946733
0.946006
0.945312
0.944651
0.944023
0.943428
0.942865
0.942335
0.941838
0.941372
0.940939
0.940536
0.940164
0.939822
0.939509
0.939226
0.938971
0.938744
0.938546
0.938374
0.93823
0.938111
0.938017
0.937949
0.937906
0.937887
0.937892
0.937921
0.937972
0.938046
0.938143
0.938261
0.938402
0.938563
0.938746
0.938951
0.939176
0.939421
0.939687
0.939972
0.940278
0.940604
0.94095
0.941317
0.941703
0.94211
0.942537
0.942984
0.943451
0.943939
0.944447
0.944976
0.945525
0.946094
0.946684
0.947295
0.947927
0.94858
0.949254
0.949949
0.950664
0.951401
0.952158
0.952935
0.953733
0.954552
0.95539
0.956249
0.957127
0.958024
0.95894
0.959875
0.960827
0.961796
0.962781
0.963783
0.964799
0.96583
0.966874
0.96793
0.968997
0.970074
0.97116
0.972255
0.973357
0.974464
0.975576
0.976691
0.977808
0.978926
0.980044
0.981161
0.982275
0.983386
0.984492
0.985592
0.986685
0.987769
0.988844
0.989908
0.99096
0.992
0.993027
0.994039
0.995037
0.99602
0.996987
0.997938
0.998872
0.999789
1.00069
1.00157
1.00244
1.00328
1.00411
1.00493
1.00572
1.0065
1.00726
1.00801
1.00873
1.00945
1.01014
1.01083
1.01149
1.01214
1.01278
1.01341
1.01402
1.01461
1.0152
1.01577
1.01633
1.01688
1.01742
1.01795
1.01847
1.01898
1.01947
1.01996
1.02045
1.02092
1.02138
1.02184
1.0223
1.02274
1.02318
1.02361
1.02404
1.02446
1.02487
1.02529
1.02569
1.0261
1.0265
1.02689
1.02729
1.02768
1.02807
1.02846
1.02885
1.02924
1.02963
1.03002
1.03041
1.03081
1.0312
1.0316
1.032
1.03241
1.03282
1.03323
1.03365
1.03407
1.0345
1.03494
1.03538
1.03584
1.03629
1.03676
1.03723
1.03771
1.0382
1.0387
1.0392
1.03972
1.04024
1.04078
1.04132
1.04187
1.04243
1.043
1.04358
1.04417
1.04477
1.04538
1.04599
1.04661
1.04725
1.04789
1.04854
1.04919
1.04986
1.05053
1.05121
1.05189
1.05258
1.05328
1.05398
1.0547
1.05541
1.05614
1.05687
1.0576
1.05834
1.05908
1.05982
1.06057
1.06132
1.06208
1.06284
1.0636
1.06437
1.06513
1.0659
1.06667
1.06744
1.06822
1.06899
1.06977
1.07055
1.07132
1.0721
1.07287
1.07365
1.07442
1.0752
1.07597
1.07674
1.07751
1.07827
1.07903
1.07979
1.08054
1.08128
1.08202
1.08275
1.08347
1.08418
1.08488
1.08557
1.08625
1.08692
1.08757
1.0882
1.08882
1.08943
1.09002
1.09059
1.09113
1.09166
1.09217
1.09265
1.0931
1.09354
1.09394
1.09432
1.09467
1.09499
1.09527
1.09553
1.09575
1.09594
1.0961
1.09622
1.0963
1.09635
1.09636
1.09633
1.09626
1.09615
1.096
1.09581
1.09558
1.09531
1.09499
1.09464
1.09424
1.0938
1.09331
1.09279
1.09222
1.09161
1.09096
1.09026
1.08953
1.08875
1.08794
1.08708
1.08618
1.08525
1.08428
1.08327
1.08223
1.08115
1.08003
1.07888
1.0777
1.07649
1.07524
1.07397
1.07267
1.07134
1.06998
1.0686
1.0672
1.06577
1.06433
1.06286
1.06138
1.05988
1.05836
1.05683
1.05529
1.05374
1.05218
1.05061
1.04904
1.04746
1.04587
1.04429
1.0427
1.04112
1.03953
1.03796
1.03638
1.03482
1.03326
1.03172
1.03018
1.02866
1.02716
1.02567
1.0242
1.02275
1.02132
1.01991
1.01852
1.01717
1.01583
1.01453
1.01325
1.01201
1.0108
1.00962
1.00847
1.00736
1.00628
1.00524
1.00424
1.00328
1.00236
1.00148
1.00063
0.999836
0.999078
0.998363
0.99769
0.99706
0.996474
0.995931
0.995431
0.994974
0.994561
0.99419
0.993863
0.993578
0.993334
0.993132
0.99297
0.992849
0.992766
0.992722
0.992715
0.992744
0.992808
0.992905
0.993034
0.993194
0.993384
0.993603
0.993848
0.994118
0.994413
0.994731
0.995069
0.995428
0.995805
0.9962
0.996609
0.997033
0.99747
0.997918
0.998377
0.998843
0.999317
0.999797
1.00028
1.00077
1.00126
1.00176
1.00225
1.00274
1.00323
1.00372
1.00421
1.0047
1.00518
1.00565
1.00612
1.00658
1.00704
1.00749
1.00794
1.00837
1.0088
1.00923
1.00964
1.01005
1.01045
1.01084
1.01122
1.0116
1.01196
1.01232
1.01267
1.01302
1.01335
1.01368
1.01401
1.01432
1.01463
1.01493
1.01522
1.01551
1.01579
1.01607
1.01634
1.0166
1.01686
1.01711
1.01736
1.01759
1.01783
1.01806
1.01828
1.01849
1.0187
1.01891
1.01911
1.0193
1.01949
1.01968
1.01986
1.02003
1.0202
1.02037
1.02053
1.02069
1.02084
1.02099
1.02114
1.02128
1.02142
1.02156
1.0217
1.02183
1.02197
1.0221
1.02224
1.02238
1.02252
1.02266
1.02281
1.02296
1.02312
1.02329
1.02346
1.02364
1.02383
1.02403
1.02424
1.02447
1.02471
1.02496
1.02523
1.02551
1.02582
1.02613
1.02647
1.02683
1.0272
1.02759
1.02801
1.02844
1.02889
1.02937
1.02986
1.03038
1.03091
1.03146
1.03204
1.03263
1.03324
1.03386
1.0345
1.03515
1.03581
1.03648
1.03716
1.03785
1.03854
1.03924
1.03993
1.04063
1.04132
1.04201
1.04269
1.04336
1.04402
1.04466
1.04529
1.0459
1.04648
1.04704
1.04758
1.04809
1.04857
1.04901
1.04942
1.0498
1.05014
1.05043
1.05069
1.0509
1.05107
1.0512
1.05128
1.05131
1.0513
1.05123
1.05112
1.05096
1.05075
1.05049
1.05018
1.04981
1.0494
1.04894
1.04843
1.04787
1.04726
1.0466
1.0459
1.04515
1.04436
1.04353
1.04265
1.04173
1.04077
1.03978
1.03874
1.03767
1.03657
1.03543
1.03426
1.03306
1.03184
1.03059
1.02932
1.02802
1.02671
1.02538
1.02403
1.02267
1.0213
1.01991
1.01852
1.01713
1.01573
1.01433
1.01293
1.01153
1.01014
1.00875
1.00737
1.00601
1.00466
1.00332
1.002
1.0007
0.999414
0.998156
0.996923
0.995716
0.994538
0.99339
0.992274
0.991192
0.990146
0.989137
0.988166
0.987236
0.986348
0.985503
0.984702
0.983946
0.983236
0.982574
0.981961
0.981397
0.980884
0.980423
0.980013
0.979657
0.979353
0.979104
0.978908
0.978767
0.97868
0.978646
0.978665
0.978738
0.978864
0.979043
0.979273
0.979556
0.979889
0.980272
0.980705
0.981187
0.981715
0.982289
0.982907
0.983569
0.984273
0.985018
0.985801
0.986622
0.987479
0.98837
0.989293
0.990247
0.99123
0.99224
0.993275
0.994333
0.995412
0.996511
0.997626
0.998757
0.999901
1.00106
1.00222
1.00339
1.00457
1.00574
1.00692
1.0081
1.00928
1.01045
1.01161
1.01277
1.01391
1.01504
1.01616
1.01726
1.01834
1.0194
1.02044
1.02146
1.02245
1.02341
1.02434
1.02524
1.02611
1.02695
1.02775
1.02852
1.02924
1.02992
1.03056
1.03116
1.03171
1.03221
1.03267
1.03307
1.03342
1.03372
1.03397
1.03415
1.03428
1.03435
1.03437
1.03432
1.0342
1.03403
1.03378
1.03348
1.0331
1.03266
1.03215
1.03157
1.03093
1.03021
1.02942
1.02857
1.02765
1.02665
1.02559
1.02446
1.02326
1.022
1.02067
1.01928
1.01782
1.01631
1.01473
1.0131
1.01141
1.00966
1.00787
1.00602
1.00413
1.0022
1.00023
0.998213
0.996166
0.994088
0.991982
0.989852
0.987701
0.985534
0.983353
0.981163
0.978969
0.976774
0.974582
0.972397
0.970224
0.968066
0.965927
0.963812
0.961724
0.959668
0.957647
0.955664
0.953725
0.951832
0.949989
0.948198
0.946464
0.944789
0.943175
0.941626
0.940144
0.938731
0.937389
0.936118
0.934922
0.9338
0.932754
0.931785
0.930893
0.930078
0.929341
0.92868
0.928097
0.92759
0.927158
0.926799
0.926512
0.926297
0.92615
0.92607
0.926054
0.926102
0.92621
0.926376
0.926598
0.926873
0.927199
0.927572
0.927991
0.928453
0.928955
0.929494
0.930068
0.930675
0.931311
0.931975
0.932664
0.933376
0.934108
0.934859
0.935626
0.936407
0.937202
0.938008
0.938824
0.939649
0.940481
0.941319
0.942161
0.943008
0.943858
0.94471
0.945564
0.946419
0.947275
0.94813
0.948985
0.94984
0.950693
0.951546
0.952397
0.953247
0.954095
0.954942
0.955788
0.956632
0.957474
0.958315
0.959155
0.959993
0.96083
0.961665
0.962499
0.963331
0.964162
0.964993
0.965822
0.96665
0.967477
0.968303
0.969128
0.969951
0.970773
0.971595
0.972414
0.973233
0.974051
0.974869
0.975685
0.976503
0.977319
0.978134
0.978949
0.979764
0.980578
0.981392
0.982205
0.983019
0.983834
0.98465
0.985467
0.986286
0.987106
0.987927
0.98875
0.989574
0.990401
0.99123
0.992062
0.992896
0.993733
0.994573
0.995416
0.996263
0.997112
0.997966
0.998822
0.999682
1.00055
1.00141
1.00228
1.00315
1.00403
1.00491
1.00579
1.00667
1.00756
1.00845
1.00934
1.01023
1.01112
1.01201
1.01289
1.01378
1.01467
1.01555
1.01643
1.01731
1.01818
1.01904
1.0199
1.02076
1.0216
1.02244
1.02327
1.02408
1.02489
1.02568
1.02646
1.02723
1.02798
1.02872
1.02944
1.03014
1.03082
1.03149
1.03213
1.03275
1.03335
1.03393
1.03448
1.03501
1.03552
1.036
1.03645
1.03688
1.03727
1.03764
1.03798
1.0383
1.03858
1.03883
1.03905
1.03924
1.03939
1.03952
1.03961
1.03967
1.0397
1.03969
1.03965
1.03957
1.03946
1.03932
1.03914
1.03893
1.03868
1.03839
1.03807
1.03772
1.03733
1.0369
1.03644
1.03594
1.03541
1.03484
1.03423
1.03359
1.03291
1.0322
1.03145
1.03066
1.02984
1.02899
1.0281
1.02718
1.02622
1.02523
1.0242
1.02315
1.02206
1.02094
1.01979
1.01861
1.01741
1.01617
1.01492
1.01364
1.01233
1.01101
1.00967
1.00831
1.00694
1.00556
1.00417
1.00277
1.00136
0.999957
0.998554
0.997155
0.995764
0.994385
0.993021
0.991675
0.990352
0.989055
0.987788
0.986553
0.985355
0.984197
0.983083
0.982017
0.981001
0.98004
0.979136
0.978292
0.977512
0.976799
0.976155
0.975582
0.975084
0.974661
0.974314
0.974046
0.973857
0.973749
0.973722
0.973777
0.973913
0.974131
0.974429
0.974809
0.975268
0.975806
0.976421
0.977113
0.977878
0.978717
0.979626
0.980604
0.981648
0.982756
0.983925
0.985154
0.986439
0.987777
0.989165
0.990602
0.992083
0.993606
0.995169
0.996768
0.998401
1.00007
1.00176
1.00348
1.00522
1.00698
1.00875
1.01054
1.01234
1.01415
1.01597
1.01779
1.01961
1.02143
1.02325
1.02506
1.02687
1.02866
1.03044
1.03221
1.03396
1.03569
1.0374
1.03909
1.04076
1.0424
1.04401
1.0456
1.04716
1.04868
1.05018
1.05163
1.05306
1.05445
1.0558
1.05711
1.05838
1.05961
1.0608
1.06194
1.06305
1.06411
1.06512
1.06609
1.06701
1.06789
1.06872
1.0695
1.07023
1.07091
1.07154
1.07213
1.07266
1.07314
1.07357
1.07395
1.07429
1.07457
1.0748
1.07498
1.0751
1.07518
1.07521
1.07519
1.07511
1.07499
1.07482
1.0746
1.07434
1.07402
1.07367
1.07327
1.07282
1.07234
1.07181
1.07125
1.07065
1.07001
1.06935
1.06865
1.06792
1.06717
1.0664
1.0656
1.06479
1.06396
1.06312
1.06228
1.06142
1.06056
1.05971
1.05885
1.058
1.05716
1.05634
1.05553
1.05474
1.05396
1.05322
1.0525
1.05181
1.05115
1.05053
1.04994
1.04939
1.04888
1.04841
1.04798
1.04759
1.04724
1.04694
1.04668
1.04647
1.0463
1.04617
1.04608
1.04604
1.04603
1.04607
1.04615
1.04626
1.04641
1.04659
1.04681
1.04706
1.04734
1.04765
1.04799
1.04835
1.04874
1.04915
1.04958
1.05003
1.05051
1.051
1.05151
1.05203
1.05258
1.05313
1.0537
1.05429
1.05488
1.05549
1.05611
1.05675
1.05739
1.05805
1.05871
1.05939
1.06007
1.06076
1.06147
1.06218
1.0629
1.06362
1.06436
1.0651
1.06585
1.06661
1.06737
1.06814
1.06891
1.06969
1.07047
1.07126
1.07205
1.07285
1.07364
1.07444
1.07524
1.07604
1.07684
1.07763
1.07843
1.07922
1.08001
1.0808
1.08158
1.08235
1.08312
1.08388
1.08463
1.08538
1.08611
1.08683
1.08754
1.08824
1.08892
1.08959
1.09024
1.09088
1.0915
1.0921
1.09269
1.09325
1.0938
1.09432
1.09482
1.0953
1.09575
1.09618
1.09659
1.09696
1.09732
1.09764
1.09793
1.0982
1.09843
1.09863
1.09881
1.09895
1.09905
1.09912
1.09916
1.09916
1.09912
1.09905
1.09895
1.0988
1.09862
1.0984
1.09814
1.09784
1.0975
1.09712
1.0967
1.09624
1.09575
1.09521
1.09464
1.09402
1.09337
1.09268
1.09196
1.0912
1.09041
1.08958
1.08872
1.08782
1.0869
1.08595
1.08498
1.08397
1.08295
1.08191
1.08085
1.07977
1.07867
1.07757
1.07645
1.07533
1.07421
1.07308
1.07195
1.07082
1.0697
1.06859
1.06748
1.06639
1.06531
1.06425
1.06321
1.06219
1.06119
1.06022
1.05928
1.05836
1.05747
1.05661
1.05579
1.05499
1.05424
1.05351
1.05282
1.05217
1.05156
1.05097
1.05043
1.04992
1.04944
1.049
1.04859
1.04822
1.04788
1.04757
1.04729
1.04704
1.04682
1.04663
1.04646
1.04632
1.04619
1.04609
1.04601
1.04594
1.04589
1.04586
1.04584
1.04583
1.04583
1.04584
1.04586
1.04588
1.0459
1.04593
1.04596
1.046
1.04602
1.04605
1.04608
1.0461
1.04611
1.04612
1.04611
1.0461
1.04608
1.04605
1.04601
1.04595
1.04588
1.0458
1.04571
1.04559
1.04547
1.04532
1.04516
1.04499
1.04479
1.04458
1.04435
1.04411
1.04385
1.04356
1.04326
1.04295
1.04261
1.04226
1.04188
1.04149
1.04109
1.04066
1.04022
1.03976
1.03929
1.0388
1.03829
1.03777
1.03723
1.03668
1.03611
1.03553
1.03494
1.03433
1.03371
1.03308
1.03243
1.03178
1.03111
1.03043
1.02974
1.02903
1.02832
1.0276
1.02687
1.02612
1.02537
1.02461
1.02384
1.02306
1.02227
1.02147
1.02067
1.01985
1.01903
1.0182
1.01736
1.01652
1.01566
1.0148
1.01394
1.01306
1.01218
1.0113
1.0104
1.00951
1.0086
1.0077
1.00679
1.00587
1.00495
1.00403
1.00311
1.00218
1.00125
1.00033
0.999401
0.998476
0.997554
0.996634
0.995719
0.99481
0.993906
0.99301
0.992123
0.991245
0.990378
0.989523
0.988682
0.987856
0.987046
0.986253
0.98548
0.984727
0.983996
0.983289
0.982605
0.981948
0.981318
0.980717
0.980145
0.979606
0.979099
0.978626
0.978188
0.977786
0.977421
0.977094
0.976806
0.976557
0.976349
0.976181
0.976055
0.97597
0.975925
0.975922
0.975958
0.976034
0.976148
0.9763
0.976489
0.976714
0.976973
0.977265
0.977589
0.977943
0.978324
0.97873
0.979161
0.979612
0.980082
0.980569
0.98107
0.981582
0.982102
0.982628
0.983156
0.983684
0.98421
0.984729
0.985241
0.985741
0.986228
0.986699
0.987151
0.987583
0.987991
0.988375
0.988731
0.989058
0.989354
0.989617
0.989845
0.990037
0.990192
0.990308
0.990386
0.990422
0.990418
0.990373
0.990286
0.990158
0.989987
0.989774
0.989519
0.989222
0.988885
0.988508
0.98809
0.987634
0.98714
0.986608
0.986042
0.985441
0.984808
0.984145
0.983453
0.982734
0.981989
0.981222
0.980434
0.979627
0.978804
0.977967
0.977119
0.976263
0.9754
0.974533
0.973666
0.9728
0.971939
0.971085
0.970242
0.969412
0.968598
0.967803
0.96703
0.966281
0.96556
0.964868
0.964208
0.963583
0.962993
0.962442
0.961933
0.961466
0.961044
0.960669
0.960341
0.960063
0.959835
0.95966
0.959537
0.959466
0.95945
0.959488
0.959581
0.959728
0.959929
0.960185
0.960494
0.960856
0.961271
0.961738
0.962256
0.962822
0.963437
0.964099
0.964805
0.965555
0.966346
0.967177
0.968045
0.968949
0.969887
0.970856
0.971855
0.972881
0.973933
0.975007
0.976102
0.977215
0.978344
0.979487
0.980642
0.981806
0.982978
0.984155
0.985335
0.986517
0.987698
0.988876
0.990049
0.991216
0.992373
0.993521
0.994656
0.995778
0.996885
0.997975
0.999048
1.0001
1.00114
1.00215
1.00314
1.00411
1.00505
1.00597
1.00686
1.00772
1.00856
1.00937
1.01015
1.01091
1.01163
1.01233
1.013
1.01364
1.01425
1.01483
1.01538
1.0159
1.0164
1.01687
1.01731
1.01773
1.01811
1.01848
1.01881
1.01913
1.01942
1.01968
1.01993
1.02015
1.02035
1.02053
1.02069
1.02084
1.02096
1.02107
1.02116
1.02124
1.0213
1.02135
1.02139
1.02141
1.02142
1.02142
1.02141
1.02139
1.02136
1.02132
1.02127
1.02121
1.02114
1.02106
1.02098
1.02089
1.02079
1.02068
1.02056
1.02043
1.0203
1.02015
1.02
1.01984
1.01966
1.01948
1.01928
1.01908
1.01886
1.01863
1.01839
1.01813
1.01786
1.01758
1.01728
1.01696
1.01663
1.01628
1.01591
1.01552
1.01512
1.0147
1.01426
1.01379
1.01331
1.01281
1.01229
1.01175
1.01119
1.01061
1.01
1.00938
1.00873
1.00807
1.00739
1.00668
1.00596
1.00522
1.00445
1.00368
1.00288
1.00207
1.00124
1.0004
0.999538
0.998668
0.997785
0.99689
0.995984
0.995069
0.994146
0.993215
0.992278
0.991337
0.990392
0.989446
0.9885
0.987554
0.986612
0.985674
0.984743
0.98382
0.982907
0.982004
0.981116
0.980242
0.979386
0.97855
0.977734
0.976942
0.976176
0.975436
0.974726
0.974047
0.973402
0.972793
0.972222
0.97169
0.971199
0.970751
0.970348
0.969992
0.969684
0.969425
0.969218
0.969062
0.96896
0.968912
0.968919
0.968982
0.969101
0.969275
0.969505
0.969792
0.970134
0.970532
0.970983
0.971489
0.972046
0.972655
0.973313
0.97402
0.974772
0.975567
0.976404
0.977279
0.978191
0.979137
0.980114
0.981121
0.982154
0.98321
0.984288
0.985382
0.98649
0.987609
0.988737
0.989869
0.991005
0.99214
0.993273
0.9944
0.995519
0.996629
0.997726
0.998808
0.999873
1.00092
1.00194
1.00295
1.00393
1.00488
1.0058
1.0067
1.00757
1.00841
1.00921
1.00999
1.01073
1.01144
1.01212
1.01276
1.01337
1.01394
1.01448
1.01499
1.01546
1.0159
1.0163
1.01668
1.01702
1.01733
1.0176
1.01785
1.01806
1.01824
1.0184
1.01852
1.01862
1.01869
1.01874
1.01876
1.01875
1.01872
1.01867
1.01859
1.0185
1.01838
1.01824
1.01808
1.01791
1.01771
1.0175
1.01728
1.01704
1.01678
1.01651
1.01623
1.01593
1.01562
1.0153
1.01498
1.01464
1.01429
1.01394
1.01358
1.01322
1.01285
1.01247
1.0121
1.01172
1.01134
1.01096
1.01058
1.01021
1.00983
1.00946
1.00909
1.00873
1.00838
1.00803
1.00769
1.00736
1.00704
1.00674
1.00644
1.00616
1.00589
1.00564
1.0054
1.00518
1.00498
1.0048
1.00464
1.0045
1.00438
1.00429
1.00422
1.00417
1.00415
1.00416
1.00419
1.00425
1.00434
1.00446
1.00461
1.00479
1.005
1.00524
1.00552
1.00582
1.00616
1.00653
1.00693
1.00736
1.00783
1.00833
1.00887
1.00943
1.01003
1.01066
1.01132
1.01201
1.01273
1.01348
1.01426
1.01507
1.01591
1.01677
1.01766
1.01857
1.0195
1.02046
1.02144
1.02243
1.02345
1.02447
1.02552
1.02657
1.02764
1.02871
1.02979
1.03088
1.03197
1.03305
1.03414
1.03522
1.0363
1.03737
1.03843
1.03947
1.0405
1.04152
1.04252
1.04349
1.04445
1.04537
1.04628
1.04715
1.04799
1.0488
1.04958
1.05033
1.05103
1.05171
1.05234
1.05293
1.05348
1.054
1.05447
1.0549
1.05528
1.05563
1.05593
1.05618
1.0564
1.05657
1.0567
1.05679
1.05684
1.05685
1.05682
1.05675
1.05664
1.0565
1.05633
1.05612
1.05587
1.0556
1.0553
1.05497
1.05461
1.05423
1.05383
1.05341
1.05297
1.05251
1.05204
1.05155
1.05105
1.05054
1.05002
1.0495
1.04896
1.04843
1.04789
1.04736
1.04682
1.04629
1.04576
1.04523
1.04472
1.04421
1.0437
1.04321
1.04273
1.04226
1.04181
1.04137
1.04094
1.04053
1.04013
1.03975
1.03939
1.03905
1.03872
1.03842
1.03813
1.03787
1.03762
1.0374
1.0372
1.03702
1.03686
1.03673
1.03661
1.03652
1.03645
1.0364
1.03638
1.03638
1.0364
1.03644
1.0365
1.03659
1.0367
1.03683
1.03698
1.03716
1.03736
1.03758
1.03782
1.03808
1.03837
1.03867
1.039
1.03934
1.03971
1.04009
1.0405
1.04092
1.04136
1.04183
1.04231
1.0428
1.04332
1.04385
1.0444
1.04496
1.04554
1.04613
1.04673
1.04735
1.04798
1.04861
1.04926
1.04992
1.05058
1.05125
1.05192
1.0526
1.05328
1.05396
1.05464
1.05532
1.056
1.05667
1.05733
1.05799
1.05864
1.05927
1.0599
1.06051
1.0611
1.06168
1.06224
1.06278
1.0633
1.06379
1.06426
1.0647
1.06512
1.06551
1.06587
1.0662
1.0665
1.06676
1.06699
1.06719
1.06735
1.06748
1.06757
1.06762
1.06764
1.06761
1.06755
1.06745
1.06732
1.06714
1.06693
1.06667
1.06638
1.06605
1.06569
1.06528
1.06484
1.06436
1.06384
1.06329
1.0627
1.06208
1.06142
1.06073
1.06001
1.05926
1.05847
1.05766
1.05682
1.05595
1.05505
1.05413
1.05319
1.05222
1.05123
1.05022
1.04919
1.04814
1.04708
1.046
1.0449
1.04379
1.04267
1.04154
1.0404
1.03925
1.0381
1.03694
1.03577
1.0346
1.03344
1.03227
1.0311
1.02994
1.02878
1.02763
1.02649
1.02535
1.02422
1.02311
1.02201
1.02092
1.01985
1.01879
1.01776
1.01674
1.01574
1.01476
1.01381
1.01287
1.01197
1.01109
1.01024
1.00941
1.00862
1.00785
1.00712
1.00642
1.00575
1.00511
1.00451
1.00395
1.00342
1.00292
1.00246
1.00204
1.00165
1.0013
1.00099
1.00072
1.00048
1.00028
1.00012
1
0.999913
0.999863
0.999848
0.999869
0.999925
1.00001
1.00014
1.00029
1.00048
1.0007
1.00094
1.00121
1.00151
1.00184
1.00219
1.00256
1.00295
1.00336
1.00379
1.00423
1.00469
1.00515
1.00563
1.00612
1.00661
1.00711
1.00761
1.00811
1.00861
1.0091
1.00959
1.01007
1.01055
1.01101
1.01145
1.01188
1.0123
1.01269
1.01307
1.01342
1.01374
1.01404
1.01432
1.01456
1.01477
1.01494
1.01508
1.01519
1.01526
1.01529
1.01528
1.01522
1.01513
1.01499
1.0148
1.01457
1.01429
1.01397
1.01359
1.01317
1.01269
1.01216
1.01159
1.01096
1.01027
1.00954
1.00875
1.00791
1.00701
1.00606
1.00506
1.004
1.00289
1.00173
1.00051
0.999241
0.99792
0.996547
0.995123
0.993649
0.992125
0.990552
0.988931
0.987263
0.985548
0.983788
0.981984
0.980137
0.978249
0.976322
0.974356
0.972354
0.970318
0.968248
0.966147
0.964017
0.961859
0.959677
0.957471
0.955245
0.953001
0.950741
0.948468
0.946184
0.943891
0.941593
0.939292
0.936991
0.934693
0.9324
0.930115
0.927842
0.925582
0.92334
0.921116
0.918916
0.91674
0.914592
0.912475
0.910391
0.908343
0.906334
0.904367
0.902444
0.900567
0.89874
0.896963
0.89524
0.893572
0.891962
0.890412
0.888922
0.887495
0.886132
0.884834
0.883604
0.882442
0.881349
0.880326
0.879373
0.878492
0.877682
0.876944
0.876277
0.875683
0.875161
0.874711
0.874332
0.874024
0.873786
0.873616
0.873515
0.873481
0.873513
0.87361
0.87377
0.873991
0.874273
0.874614
0.875012
0.875466
0.875973
0.876533
0.877143
0.877801
0.878506
0.879255
0.880047
0.880879
0.88175
0.882657
0.883599
0.884575
0.885581
0.886616
0.887679
0.888767
0.88988
0.891014
0.89217
0.893345
0.894538
0.895748
0.896972
0.898209
0.89946
0.900722
0.901995
0.903278
0.90457
0.90587
0.907177
0.90849
0.90981
0.911135
0.912466
0.913801
0.915141
0.916484
0.917831
0.919182
0.920536
0.921894
0.923256
0.92462
0.925987
0.927356
0.928728
0.930102
0.931478
0.932856
0.934236
0.935617
0.936998
0.93838
0.939762
0.941143
0.942523
0.943902
0.945278
0.946651
0.948021
0.949386
0.950745
0.952097
0.953439
0.954773
0.956096
0.957406
0.958703
0.959986
0.961252
0.9625
0.963728
0.964936
0.966121
0.967281
0.968416
0.969524
0.970603
0.971652
0.97267
0.973656
0.974608
0.975526
0.976407
0.977251
0.978057
0.978825
0.979552
0.980239
0.980885
0.981489
0.982051
0.982572
0.98305
0.983485
0.983878
0.984229
0.984539
0.984808
0.985035
0.985221
0.985368
0.985475
0.985543
0.985574
0.985567
0.985526
0.985449
0.98534
0.985198
0.985026
0.984824
0.984594
0.984337
0.984055
0.983749
0.983422
0.983074
0.982707
0.982324
0.981924
0.981511
0.981086
0.98065
0.980205
0.979752
0.979292
0.978828
0.978361
0.977893
0.977423
0.976955
0.976489
0.976026
0.975567
0.975113
0.974666
0.974226
0.973794
0.973371
0.972958
0.972556
0.972165
0.971786
0.971419
0.971065
0.970724
0.970396
0.970081
0.969781
0.969495
0.969222
0.968964
0.968719
0.968489
0.968272
0.968068
0.967877
0.967698
0.967532
0.967378
0.967234
0.967101
0.966978
0.966864
0.966759
0.966662
0.966572
0.96649
0.966414
0.966343
0.966275
0.966211
0.966149
0.966089
0.966029
0.965969
0.965908
0.965845
0.965779
0.96571
0.965636
0.965557
0.965472
0.96538
0.965282
0.965175
0.96506
0.964936
0.964802
0.964658
0.964503
0.964337
0.96416
0.96397
0.963768
0.963554
0.963326
0.963086
0.962833
0.962566
0.962287
0.961994
0.961689
0.96137
0.961038
0.960694
0.960336
0.959965
0.959582
0.959186
0.958778
0.958358
0.957927
0.957486
0.957033
0.95657
0.956098
0.955617
0.955127
0.95463
0.954125
0.953615
0.953098
0.952577
0.952051
0.951521
0.950988
0.950453
0.949917
0.949381
0.948845
0.94831
0.947778
0.94725
0.946726
0.946206
0.945693
0.945187
0.94469
0.944203
0.943726
0.943261
0.942808
0.942369
0.941944
0.941534
0.941141
0.940765
0.940406
0.940067
0.939747
0.939447
0.939168
0.938912
0.938678
0.938467
0.93828
0.938118
0.93798
0.937868
0.937781
0.93772
0.937686
0.937677
0.937694
0.937737
0.937807
0.937903
0.938025
0.938172
0.938345
0.938543
0.938766
0.939013
0.939284
0.939579
0.939897
0.940237
0.9406
0.940984
0.94139
0.941816
0.942262
0.942727
0.943211
0.943712
0.94423
0.944765
0.945315
0.945881
0.946461
0.947055
0.947663
0.948283
0.948915
0.949559
0.950214
0.95088
0.951556
0.952242
0.952937
0.953641
0.954353
0.955072
0.955799
0.956532
0.957272
0.958018
0.958769
0.959526
0.960287
0.961054
0.961825
0.962599
0.963379
0.964162
0.964949
0.965738
0.966531
0.967326
0.968124
0.968924
0.969728
0.970533
0.97134
0.972149
0.972959
0.97377
0.974582
0.975395
0.976209
0.977023
0.977839
0.978655
0.979471
0.980288
0.981104
0.98192
0.982735
0.98355
0.984363
0.985175
0.985985
0.986795
0.987603
0.988409
0.989215
0.990019
0.990821
0.991621
0.99242
0.993215
0.994009
0.994801
0.995589
0.996375
0.997158
0.997938
0.998714
0.999487
1.00026
1.00102
1.00178
1.00254
1.0033
1.00405
1.0048
1.00554
1.00628
1.00702
1.00775
1.00847
1.0092
1.00991
1.01062
1.01133
1.01203
1.01273
1.01342
1.0141
1.01478
1.01546
1.01613
1.01679
1.01744
1.01809
1.01874
1.01937
1.02
1.02063
1.02124
1.02185
1.02246
1.02305
1.02364
1.02422
1.02479
1.02535
1.0259
1.02645
1.02699
1.02752
1.02804
1.02855
1.02906
1.02955
1.03004
1.03051
1.03098
1.03144
1.03189
1.03232
1.03275
1.03317
1.03357
1.03397
1.03435
1.03473
1.03509
1.03544
1.03578
1.03611
1.03643
1.03673
1.03702
1.0373
1.03756
1.03781
1.03805
1.03827
1.03847
1.03866
1.03884
1.039
1.03915
1.03928
1.03939
1.03949
1.03957
1.03963
1.03967
1.0397
1.03971
1.0397
1.03967
1.03962
1.03955
1.03947
1.03936
1.03924
1.0391
1.03893
1.03875
1.03854
1.03831
1.03806
1.03779
1.03749
1.03718
1.03683
1.03647
1.03608
1.03567
1.03524
1.03478
1.0343
1.03379
1.03325
1.0327
1.03211
1.0315
1.03086
1.0302
1.02951
1.02879
1.02805
1.02727
1.02647
1.02564
1.02479
1.0239
1.02298
1.02204
1.02107
1.02007
1.01904
1.01798
1.01689
1.01577
1.01462
1.01345
1.01225
1.01102
1.00976
1.00848
1.00717
1.00583
1.00448
1.00309
1.00169
1.00026
0.998812
0.997345
0.995862
0.994362
0.992848
0.991321
0.989784
0.988237
0.986684
0.985127
0.983569
0.982011
0.980457
0.978909
0.97737
0.975842
0.974329
0.972835
0.971361
0.969911
0.96849
0.9671
0.965744
0.964426
0.963149
0.961917
0.960732
0.959598
0.958517
0.957494
0.95653
0.955629
0.954794
0.954027
0.95333
0.952705
0.952154
0.951678
0.95128
0.950958
0.950716
0.950552
0.950468
0.950463
0.950538
0.950691
0.950922
0.951229
0.951611
0.952066
0.952592
0.953187
0.953847
0.954572
0.955357
0.9562
0.957097
0.958045
0.959041
0.96008
0.96116
0.962277
0.963426
0.964604
0.965807
0.967031
0.968272
0.969526
0.970791
0.972062
0.973335
0.974607
0.975874
0.977134
0.978382
0.979616
0.980834
0.982031
0.983206
0.984355
0.985476
0.986568
0.987626
0.98865
0.989638
0.990588
0.991498
0.992366
0.993191
0.993972
0.994706
0.995394
0.996034
0.996625
0.997168
0.997661
0.998103
0.998495
0.998835
0.999124
0.999361
0.999547
0.999681
0.999764
0.999796
0.999778
0.999709
0.999591
0.999423
0.999207
0.998943
0.998632
0.998275
0.997873
0.997428
0.996939
0.996409
0.995839
0.995231
0.994587
0.993907
0.993193
0.992448
0.991672
0.990869
0.990039
0.989185
0.98831
0.987415
0.986503
0.985575
0.984635
0.983685
0.982728
0.981765
0.980799
0.979834
0.97887
0.977912
0.976962
0.976022
0.975094
0.974181
0.973286
0.97241
0.971556
0.970726
0.969922
0.969146
0.9684
0.967686
0.967004
0.966358
0.965747
0.965174
0.96464
0.964145
0.96369
0.963276
0.962903
0.962572
0.962282
0.962035
0.961829
0.961666
0.961544
0.961462
0.961421
0.961419
0.961454
0.961527
0.961635
0.961778
0.961954
0.962162
0.9624
0.962668
0.962964
0.963285
0.963631
0.964001
0.964392
0.964803
0.965233
0.965679
0.966142
0.966619
0.967109
0.967611
0.968124
0.968647
0.969178
0.969718
0.970265
0.970817
0.971375
0.971937
0.972504
0.973075
0.973649
0.974226
0.974807
0.975391
0.975978
0.976569
0.977164
0.977762
0.978365
0.978972
0.979584
0.980202
0.980827
0.981459
0.982099
0.982749
0.983407
0.984075
0.984753
0.985443
0.986144
0.986858
0.987584
0.988324
0.989078
0.989847
0.99063
0.991429
0.992244
0.993074
0.993921
0.994785
0.995665
0.996562
0.997474
0.998403
0.999347
1.00031
1.00128
1.00227
1.00327
1.00428
1.00531
1.00634
1.00739
1.00844
1.0095
1.01057
1.01164
1.01272
1.01379
1.01486
1.01594
1.01701
1.01807
1.01913
1.02018
1.02122
1.02225
1.02327
1.02427
1.02526
1.02623
1.02718
1.02811
1.02901
1.0299
1.03076
1.03159
1.0324
1.03318
1.03394
1.03466
1.03536
1.03602
1.03666
1.03726
1.03784
1.03838
1.03889
1.03938
1.03983
1.04025
1.04064
1.04101
1.04134
1.04165
1.04193
1.04218
1.04241
1.04262
1.04281
1.04297
1.04311
1.04323
1.04334
1.04343
1.0435
1.04356
1.04361
1.04364
1.04366
1.04368
1.04368
1.04368
1.04368
1.04367
1.04366
1.04364
1.04362
1.04361
1.04359
1.04357
1.04356
1.04355
1.04354
1.04354
1.04353
1.04354
1.04354
1.04355
1.04357
1.04359
1.04361
1.04364
1.04367
1.0437
1.04374
1.04378
1.04382
1.04387
1.04391
1.04396
1.044
1.04405
1.04409
1.04413
1.04416
1.0442
1.04422
1.04424
1.04425
1.04426
1.04425
1.04424
1.04421
1.04418
1.04413
1.04406
1.04398
1.04389
1.04378
1.04365
1.04351
1.04334
1.04316
1.04296
1.04274
1.04249
1.04223
1.04194
1.04163
1.04129
1.04093
1.04055
1.04015
1.03972
1.03927
1.03879
1.03829
1.03777
1.03723
1.03666
1.03607
1.03546
1.03483
1.03418
1.03351
1.03283
1.03212
1.0314
1.03067
1.02992
1.02917
1.0284
1.02763
1.02685
1.02606
1.02527
1.02449
1.0237
1.02292
1.02215
1.02138
1.02063
1.01989
1.01916
1.01845
1.01776
1.01709
1.01645
1.01583
1.01523
1.01467
1.01413
1.01363
1.01316
1.01272
1.01232
1.01195
1.01162
1.01132
1.01106
1.01084
1.01065
1.01049
1.01037
1.01029
1.01023
1.01021
1.01022
1.01025
1.01031
1.0104
1.01051
1.01064
1.01079
1.01095
1.01114
1.01133
1.01154
1.01175
1.01197
1.0122
1.01243
1.01266
1.01289
1.01312
1.01334
1.01356
1.01377
1.01398
1.01417
1.01435
1.01452
1.01468
1.01483
1.01496
1.01507
1.01517
1.01526
1.01533
1.01538
1.01541
1.01543
1.01543
1.01541
1.01537
1.01532
1.01525
1.01517
1.01507
1.01495
1.01482
1.01468
1.01452
1.01434
1.01416
1.01396
1.01375
1.01352
1.01329
1.01305
1.01279
1.01253
1.01226
1.01198
1.0117
1.0114
1.0111
1.0108
1.01049
1.01017
1.00985
1.00953
1.0092
1.00886
1.00853
1.00819
1.00785
1.0075
1.00716
1.00681
1.00646
1.00611
1.00576
1.00541
1.00506
1.00471
1.00435
1.004
1.00365
1.0033
1.00295
1.0026
1.00225
1.0019
1.00155
1.00121
1.00086
1.00052
1.00017
0.999829
0.999487
0.999146
0.998807
0.99847
0.998134
0.997799
0.997467
0.997136
0.996807
0.996479
0.996153
0.995829
0.995507
0.995186
0.994868
0.994552
0.994239
0.993929
0.993621
0.993316
0.993014
0.992715
0.99242
0.992128
0.991841
0.991557
0.991279
0.991005
0.990735
0.990471
0.990212
0.98996
0.989714
0.989474
0.98924
0.989012
0.988792
0.988578
0.988372
0.988173
0.987981
0.987797
0.98762
0.987451
0.987289
0.987135
0.986988
0.986849
0.986717
0.986592
0.986473
0.98636
0.986254
0.986153
0.986057
0.985967
0.985882
0.985802
0.985724
0.985651
0.98558
0.985513
0.985447
0.985383
0.98532
0.985258
0.985196
0.985135
0.985073
0.985012
0.98495
0.984886
0.984822
0.984755
0.984687
0.984616
0.984544
0.984469
0.984391
0.984312
0.98423
0.984147
0.984061
0.983974
0.983884
0.983793
0.983701
0.983608
0.983514
0.983421
0.983328
0.983236
0.983145
0.983056
0.982969
0.982886
0.982806
0.982731
0.98266
0.982595
0.982535
0.982483
0.982439
0.982403
0.982377
0.982362
0.982358
0.982365
0.982385
0.982419
0.982467
0.982531
0.982611
0.982708
0.982824
0.982959
0.983114
0.983291
0.98349
0.983713
0.983959
0.98423
0.984526
0.984849
0.9852
0.985577
0.985984
0.98642
0.986886
0.987383
0.98791
0.988467
0.989057
0.989677
0.990329
0.991013
0.991728
0.992474
0.993252
0.994059
0.994896
0.995762
0.996656
0.997576
0.998524
0.999496
1.00049
1.00151
1.00255
1.00361
1.00469
1.00578
1.0069
1.00802
1.00915
1.0103
1.01145
1.01261
1.01378
1.01495
1.01612
1.01729
1.01845
1.01962
1.02078
1.02194
1.02308
1.02422
1.02535
1.02647
1.02758
1.02867
1.02975
1.03082
1.03186
1.0329
1.03391
1.03491
1.03589
1.03686
1.03781
1.03873
1.03965
1.04054
1.04142
1.04227
1.04311
1.04393
1.04474
1.04553
1.0463
1.04705
1.04779
1.04851
1.04922
1.04991
1.05058
1.05124
1.05189
1.05252
1.05314
1.05375
1.05434
1.05491
1.05548
1.05603
1.05657
1.0571
1.05761
1.05811
1.0586
1.05907
1.05953
1.05998
1.06041
1.06083
1.06124
1.06163
1.06201
1.06237
1.06272
1.06305
1.06337
1.06368
1.06396
1.06423
1.06449
1.06472
1.06495
1.06515
1.06533
1.0655
1.06565
1.06578
1.06589
1.06599
1.06607
1.06612
1.06616
1.06618
1.06618
1.06616
1.06612
1.06606
1.06598
1.06589
1.06577
1.06564
1.06549
1.06533
1.06515
1.06495
1.06473
1.0645
1.06425
1.06399
1.06372
1.06343
1.06313
1.06282
1.06249
1.06216
1.06182
1.06147
1.06111
1.06075
1.06038
1.06001
1.05964
1.05926
1.05889
1.05851
1.05814
1.05777
1.05741
1.05706
1.05671
1.05638
1.05605
1.05574
1.05545
1.05517
1.0549
1.05466
1.05444
1.05423
1.05405
1.0539
1.05377
1.05367
1.05359
1.05354
1.05353
1.05354
1.05358
1.05365
1.05376
1.05389
1.05405
1.05425
1.05448
1.05473
1.05502
1.05533
1.05567
1.05604
1.05644
1.05686
1.0573
1.05776
1.05824
1.05874
1.05926
1.05979
1.06033
1.06088
1.06144
1.062
1.06258
1.06315
1.06372
1.06429
1.06486
1.06542
1.06598
1.06653
1.06707
1.06759
1.0681
1.0686
1.06907
1.06953
1.06997
1.07039
1.07078
1.07115
1.07149
1.07181
1.0721
1.07237
1.0726
1.07281
1.07298
1.07313
1.07324
1.07333
1.07338
1.07339
1.07338
1.07333
1.07325
1.07313
1.07298
1.0728
1.07258
1.07233
1.07205
1.07173
1.07138
1.07099
1.07057
1.07012
1.06964
1.06912
1.06857
1.06799
1.06738
1.06674
1.06606
1.06536
1.06463
1.06387
1.06308
1.06227
1.06143
1.06056
1.05967
1.05876
1.05782
1.05686
1.05589
1.05489
1.05388
1.05285
1.05181
1.05075
1.04967
1.04859
1.0475
1.0464
1.04529
1.04418
1.04307
1.04196
1.04084
1.03973
1.03862
1.03752
1.03643
1.03535
1.03428
1.03322
1.03217
1.03115
1.03014
1.02915
1.02819
1.02724
1.02633
1.02544
1.02458
1.02375
1.02296
1.02219
1.02146
1.02077
1.02012
1.0195
1.01893
1.0184
1.0179
1.01745
1.01705
1.01669
1.01637
1.0161
1.01587
1.01568
1.01554
1.01544
1.01539
1.01537
1.0154
1.01547
1.01557
1.01571
1.01589
1.01611
1.01635
1.01663
1.01693
1.01726
1.01761
1.01799
1.01838
1.01879
1.01922
1.01965
1.0201
1.02056
1.02102
1.02148
1.02194
1.02241
1.02286
1.02332
1.02376
1.0242
1.02462
1.02503
1.02543
1.02582
1.02619
1.02654
1.02687
1.02719
1.02749
1.02778
1.02804
1.02828
1.02851
1.02872
1.02891
1.02909
1.02924
1.02938
1.0295
1.02961
1.0297
1.02977
1.02983
1.02988
1.02991
1.02993
1.02993
1.02992
1.0299
1.02986
1.02981
1.02975
1.02967
1.02958
1.02948
1.02936
1.02923
1.02908
1.02892
1.02873
1.02854
1.02832
1.02808
1.02783
1.02755
1.02725
1.02693
1.02658
1.02621
1.02581
1.02538
1.02493
1.02444
1.02393
1.02338
1.0228
1.02219
1.02154
1.02086
1.02015
1.01939
1.01861
1.01778
1.01692
1.01602
1.01509
1.01412
1.01311
1.01207
1.01099
1.00988
1.00874
1.00757
1.00636
1.00513
1.00387
1.00258
1.00127
0.999938
0.998587
0.997217
0.995833
0.994434
0.993024
0.991605
0.99018
0.98875
0.987319
0.985888
0.984461
0.98304
0.981627
0.980224
0.978835
0.977461
0.976104
0.974768
0.973453
0.972163
0.970899
0.969664
0.968457
0.967283
0.966142
0.965035
0.963964
0.962929
0.961933
0.960975
0.960057
0.959179
0.958343
0.957548
0.956795
0.956085
0.955418
0.954794
0.954213
0.953675
0.95318
0.952729
0.952321
0.951956
0.951636
0.951357
0.951122
0.950929
0.950779
0.950673
0.950608
0.950585
0.950604
0.950665
0.950767
0.950909
0.951092
0.951316
0.95158
0.951884
0.952229
0.952613
0.953037
0.9535
0.954003
0.954546
0.955128
0.95575
0.956411
0.957112
0.957852
0.958632
0.959452
0.960311
0.961209
0.962147
0.963126
0.964144
0.965202
0.9663
0.967438
0.968616
0.969834
0.971091
0.972388
0.973724
0.975099
0.976514
0.977967
0.979459
0.980988
0.982554
0.984157
0.985796
0.987469
0.989176
0.990917
0.992689
0.994493
0.996327
0.99819
1.00008
1.002
1.00394
1.00591
1.00789
1.0099
1.01192
1.01396
1.01602
1.01809
1.02016
1.02225
1.02434
1.02643
1.02852
1.03062
1.03271
1.03479
1.03687
1.03894
1.041
1.04304
1.04506
1.04706
1.04904
1.051
1.05293
1.05484
1.05671
1.05855
1.06036
1.06213
1.06386
1.06555
1.0672
1.06881
1.07037
1.07188
1.07335
1.07477
1.07613
1.07745
1.07871
1.07991
1.08106
1.08216
1.0832
1.08418
1.0851
1.08596
1.08677
1.08751
1.0882
1.08882
1.08939
1.08989
1.09034
1.09072
1.09104
1.0913
1.0915
1.09164
1.09172
1.09174
1.0917
1.0916
1.09144
1.09123
1.09095
1.09061
1.09022
1.08976
1.08925
1.08869
1.08806
1.08738
1.08665
1.08585
1.08501
1.0841
1.08315
1.08213
1.08107
1.07995
1.07878
1.07755
1.07627
1.07494
1.07356
1.07213
1.07065
1.06911
1.06753
1.0659
1.06422
1.06249
1.06071
1.05889
1.05702
1.0551
1.05314
1.05113
1.04908
1.04699
1.04485
1.04268
1.04046
1.03821
1.03592
1.03359
1.03123
1.02883
1.02641
1.02395
1.02147
1.01896
1.01644
1.01389
1.01132
1.00873
1.00614
1.00353
1.00092
0.998302
0.995683
0.993065
0.990453
0.987849
0.985256
0.982678
0.980118
0.977581
0.975069
0.972586
0.970136
0.967721
0.965345
0.963011
0.960722
0.958482
0.956292
0.954156
0.952077
0.950057
0.948098
0.946203
0.944372
0.942609
0.940914
0.939289
0.937734
0.936251
0.934839
0.933501
0.932235
0.931042
0.929922
0.928875
0.9279
0.926996
0.926162
0.925398
0.924702
0.924074
0.923512
0.923015
0.922582
0.922212
0.921903
0.921655
0.921465
0.921333
0.921256
0.921235
0.921268
0.921355
0.921493
0.921683
0.921923
0.922213
0.922551
0.922937
0.92337
0.923851
0.924379
0.924953
0.925572
0.926237
0.926947
0.927703
0.928503
0.929348
0.930238
0.931173
0.932153
0.933176
0.934244
0.935355
0.936509
0.937705
0.938943
0.940222
0.94154
0.942898
0.944293
0.945726
0.947193
0.948695
0.950229
0.951794
0.953387
0.955007
0.956652
0.958319
0.960006
0.96171
0.96343
0.965161
0.966902
0.968649
0.9704
0.972151
0.9739
0.975643
0.977378
0.979102
0.980812
0.982505
0.984179
0.98583
0.987455
0.989053
0.990621
0.992156
0.993656
0.995118
0.996542
0.997924
0.999263
1.00056
1.00181
1.00301
1.00416
1.00526
1.00631
1.00731
1.00826
1.00915
1.00999
1.01078
1.01151
1.01219
1.01281
1.01338
1.01389
1.01436
1.01476
1.01512
1.01543
1.01569
1.01589
1.01605
1.01616
1.01623
1.01625
1.01623
1.01617
1.01608
1.01594
1.01577
1.01557
1.01533
1.01507
1.01478
1.01446
1.01413
1.01377
1.01339
1.013
1.01259
1.01217
1.01174
1.0113
1.01086
1.01041
1.00995
1.0095
1.00905
1.00859
1.00814
1.0077
1.00726
1.00682
1.00639
1.00597
1.00555
1.00514
1.00474
1.00435
1.00396
1.00358
1.00321
1.00284
1.00248
1.00213
1.00177
1.00142
1.00108
1.00073
1.00039
1.00005
0.999703
0.999357
0.999008
0.998656
0.998301
0.997941
0.997576
0.997206
0.99683
0.996448
0.99606
0.995665
0.995264
0.994856
0.994441
0.99402
0.993594
0.993162
0.992724
0.992282
0.991836
0.991386
0.990933
0.990479
0.990023
0.989566
0.989109
0.988653
0.988199
0.987747
0.987299
0.986855
0.986416
0.985982
0.985555
0.985134
0.984721
0.984316
0.983919
0.983532
0.983154
0.982786
0.982429
0.982082
0.981747
0.981422
0.981109
0.980808
0.980518
0.98024
0.979974
0.979719
0.979477
0.979247
0.97903
0.978823
0.978629
0.978447
0.978276
0.978117
0.97797
0.977836
0.977713
0.977603
0.977506
0.977421
0.977348
0.977288
0.977241
0.977206
0.977184
0.977174
0.977177
0.977193
0.977222
0.977264
0.977318
0.977387
0.977469
0.977565
0.977674
0.977797
0.977935
0.978086
0.978251
0.97843
0.978622
0.978828
0.979046
0.979277
0.97952
0.979776
0.980044
0.980324
0.980615
0.980918
0.981231
0.981554
0.981886
0.982228
0.982577
0.982934
0.983298
0.983668
0.984043
0.984423
0.984808
0.985196
0.985586
0.985978
0.986371
0.986763
0.987155
