1.87985
1.87876
1.87804
1.87721
1.87652
1.87645
1.87605
1.87652
1.8769
1.87671
1.87668
1.87728
1.87756
1.87825
1.87886
1.87963
1.88128
1.88286
1.88388
1.88554
1.88713
1.88887
1.89174
1.8938
1.89602
1.89888
1.90237
1.90528
1.90907
1.91251
1.91634
1.91981
1.92342
1.92692
1.93053
1.9345
1.93785
1.94203
1.94631
1.95092
1.95513
1.95965
1.96425
1.96817
1.97311
1.97713
1.98263
1.98743
1.99225
1.99731
2.00189
2.00669
2.01172
2.01647
2.02118
2.02559
2.03018
2.03469
2.03936
2.04346
2.04794
2.05278
2.05605
2.05968
2.06388
2.06698
2.07064
2.07413
2.07746
2.08037
2.0831
2.08565
2.08801
2.09042
2.09216
2.09443
2.09578
2.09742
2.09863
2.09965
2.10049
2.10139
2.10163
2.10243
2.10258
2.10283
2.10293
2.10241
2.10177
2.10126
2.10016
2.09969
2.09915
2.09854
2.09739
2.09644
2.09547
2.09449
2.09374
2.09301
2.09183
2.09093
2.0908
2.09001
2.0893
2.08795
2.08743
2.08702
2.08672
2.08704
2.0875
2.08763
2.08838
2.08882
2.08943
2.08997
2.09118
2.09208
2.09389
2.09517
2.09639
2.09829
2.10038
2.10266
2.10489
2.10731
2.11015
2.11318
2.1164
2.11979
2.12335
2.12708
2.13097
2.13502
2.13874
2.14356
2.14756
2.15193
2.15642
2.16078
2.1655
2.17103
2.17641
2.1814
2.1867
2.19207
2.19725
2.20273
2.20825
2.2138
2.21914
2.2245
2.23059
2.23644
2.24204
2.24787
2.25368
2.25971
2.26522
2.27093
2.27659
2.28196
2.28727
2.29348
2.29841
2.30327
2.3078
2.31273
2.31757
2.32183
2.3267
2.33123
2.33541
2.33899
2.34269
2.34627
2.3502
2.35399
2.35813
2.36165
2.36551
2.36874
2.37157
2.37449
2.37725
2.37936
2.38203
2.38428
2.3866
2.38779
2.38951
2.39082
2.39169
2.39335
2.39433
2.39513
2.39597
2.39638
2.39685
2.39712
2.39696
2.39661
2.39582
2.3951
2.39467
2.39454
2.3928
2.39184
2.39048
2.38897
2.38706
2.385
2.38209
2.37977
2.3771
2.37456
2.37192
2.36967
2.36712
2.3645
2.36135
2.35913
2.35666
2.35369
2.35025
2.34731
2.34394
2.34085
2.33832
2.33611
2.33279
2.33031
2.32819
2.32598
2.32392
2.32251
2.32032
2.3188
2.31772
2.31638
2.31551
2.31487
2.31446
2.31407
2.31416
2.31475
2.31536
2.31646
2.31783
2.3192
2.32011
2.32175
2.32362
2.32573
2.32854
2.33083
2.33404
2.33718
2.34073
2.34442
2.34799
2.3519
2.35564
2.35943
2.36348
2.36777
2.37131
2.37502
2.37793
2.38119
2.3843
2.38771
2.39115
2.39412
2.39682
2.39946
2.40131
2.40281
2.40347
2.40471
2.40507
2.40525
2.40428
2.40311
2.4015
2.39992
2.39741
2.39469
2.39153
2.38769
2.38367
2.37996
2.37561
2.37064
2.36506
2.35891
2.35268
2.34592
2.33913
2.33258
2.32486
2.31744
2.31035
2.30289
2.29534
2.28723
2.27933
2.27117
2.26279
2.25492
2.24713
2.23967
2.23208
2.22487
2.21757
2.20998
2.2033
2.19636
2.18965
2.18391
2.17819
2.1725
2.1671
2.162
2.15793
2.15346
2.14931
2.14573
2.14273
2.1396
2.13706
2.13486
2.13279
2.13107
2.12995
2.12871
2.12832
2.12804
2.12909
2.1293
2.12962
2.13103
2.13254
2.13441
2.13664
2.1392
2.14259
2.14584
2.14918
2.15284
2.15683
2.16162
2.16673
2.17213
2.17784
2.18361
2.18991
2.196
2.20286
2.20926
2.21616
2.22356
2.23072
2.23836
2.24598
2.25407
2.26213
2.27087
2.2798
2.28891
2.2982
2.3079
2.31798
2.32796
2.33759
2.34782
2.35792
2.36786
2.37788
2.38821
2.39788
2.40782
2.4185
2.42896
2.44014
2.45081
2.46121
2.47155
2.48207
2.49227
2.50261
2.51283
2.52268
2.53142
2.54071
2.55054
2.5592
2.56837
2.57683
2.58575
2.59393
2.60183
2.60991
2.61743
2.62391
2.63077
2.63703
2.64316
2.64819
2.65306
2.65705
2.66135
2.66547
2.66819
2.67167
2.67423
2.67585
2.6775
2.67845
2.67893
2.67919
2.67874
2.67807
2.67718
2.67534
2.67305
2.67078
2.66855
2.66516
2.66109
2.65659
2.65217
2.64733
2.64186
2.63601
2.62979
2.62273
2.61556
2.60806
2.60073
2.59357
2.5854
2.57696
2.56851
2.55933
2.55016
2.54055
2.53098
2.52099
2.51108
2.50149
2.49153
2.48145
2.47054
2.46001
2.44916
2.4392
2.4287
2.4179
2.40732
2.39622
2.38534
2.37445
2.36405
2.35316
2.34204
2.3319
2.32105
2.31047
2.29943
2.28842
2.27769
2.26675
2.2556
2.24546
2.23487
2.22384
2.21357
2.20285
2.19265
2.18225
2.17164
2.16106
2.15099
2.14072
2.13047
2.12026
2.11031
2.10086
2.09047
2.08011
2.07048
2.0604
2.05033
2.04004
2.03001
2.02024
2.01024
2.00051
1.99031
1.98013
1.97021
1.96007
1.9502
1.94059
1.93148
1.92191
1.91214
1.90215
1.8922
1.88228
1.87263
1.86327
1.8537
1.84467
1.83495
1.82528
1.81518
1.80561
1.79634
1.78688
1.77747
1.76862
1.75958
1.75085
1.7417
1.73286
1.72385
1.71467
1.70556
1.69725
1.68878
1.68014
1.67181
1.66357
1.65564
1.64779
1.64051
1.63258
1.62497
1.61696
1.60903
1.60118
1.59365
1.5862
1.57907
1.57178
1.56432
1.55718
1.54915
1.54288
1.53572
1.52935
1.52282
1.51563
1.50923
1.5029
1.4964
1.49022
1.48409
1.4778
1.47158
1.46615
1.46078
1.45453
1.44859
1.44321
1.43766
1.4322
1.42633
1.42103
1.4151
1.40951
1.40425
1.39838
1.39309
1.38793
1.38312
1.37845
1.37367
1.36976
1.36552
1.36121
1.35754
1.35429
1.35099
1.34788
1.34547
1.34279
1.34009
1.33739
1.33542
1.33322
1.33152
1.33035
1.32897
1.32789
1.32783
1.32808
1.3284
1.32929
1.3298
1.33088
1.33207
1.33385
1.33551
1.33801
1.34063
1.34387
1.34748
1.35171
1.35632
1.36106
1.36595
1.37145
1.37782
1.3836
1.39025
1.39727
1.4049
1.41242
1.42054
1.42902
1.4381
1.44729
1.45633
1.46595
1.47662
1.48713
1.49794
1.50882
1.51999
1.53143
1.54363
1.55608
1.56877
1.58146
1.59461
1.60772
1.62078
1.63426
1.64791
1.6617
1.67515
1.68871
1.70333
1.71732
1.73162
1.74573
1.76036
1.77476
1.78844
1.80307
1.81718
1.83147
1.84546
1.85936
1.87291
1.88682
1.90034
1.91371
1.92739
1.94087
1.9539
1.96671
1.97928
1.99159
2.00338
2.01465
2.02634
2.0377
2.0485
2.05872
2.06857
2.07782
2.08716
2.09612
2.10491
2.11256
2.12028
2.12757
2.13441
2.14081
2.14652
2.15201
2.15727
2.16135
2.16543
2.1688
2.17217
2.17483
2.177
2.17869
2.18015
2.18112
2.18163
2.18118
2.18026
2.17864
2.1768
2.17571
2.17322
2.17004
2.16692
2.16338
2.15967
2.1546
2.14986
2.14426
2.1383
2.1327
2.12629
2.11955
2.1125
2.10516
2.0973
2.08941
2.08128
2.07267
2.06408
2.05578
2.04633
2.03743
2.02767
2.01825
2.00944
1.99957
1.98986
1.98009
1.97003
1.96043
1.94984
1.93975
1.92992
1.91964
1.90941
1.89997
1.89014
1.88113
1.87174
1.86248
1.85336
1.84392
1.83559
1.8272
1.81828
1.81076
1.80249
1.79467
1.78684
1.77925
1.77214
1.76505
1.75869
1.75235
1.74652
1.74048
1.73496
1.72972
1.72452
1.7196
1.71521
1.7111
1.70704
1.7035
1.70024
1.69678
1.69407
1.69164
1.68947
1.68708
1.68566
1.68426
1.68309
1.68192
1.68145
1.6812
1.68091
1.68081
1.6809
1.68117
1.68184
1.68241
1.68313
1.68396
1.68516
1.68596
1.68758
1.68902
1.69028
1.69182
1.69338
1.69473
1.69631
1.69787
1.69892
1.70041
1.70183
1.70294
1.7042
1.70512
1.70592
1.70634
1.70686
1.7077
1.70789
1.70766
1.70771
1.70779
1.70814
1.7073
1.70574
1.70417
1.70259
1.70123
1.69911
1.69673
1.69406
1.69038
1.68714
1.68337
1.67955
1.6752
1.67055
1.66585
1.66086
1.65559
1.65003
1.64492
1.63809
1.63196
1.62557
1.61869
1.61206
1.60519
1.59739
1.59083
1.58286
1.57472
1.56665
1.55843
1.54935
1.54063
1.53155
1.52311
1.51388
1.5053
1.49644
1.48707
1.47794
1.46881
1.45994
1.45063
1.44113
1.43266
1.42404
1.41455
1.40614
1.39761
1.38875
1.38052
1.37221
1.36505
1.35759
1.34985
1.34232
1.33526
1.32818
1.32159
1.31524
1.30939
1.30381
1.29873
1.29321
1.28845
1.28349
1.27979
1.27543
1.27161
1.26785
1.26465
1.26176
1.25942
1.25692
1.2545
1.25241
1.25136
1.2504
1.25073
1.25019
1.25046
1.25058
1.25151
1.25254
1.25391
1.25561
1.25765
1.26003
1.26274
1.26604
1.26943
1.27341
1.277
1.28093
1.28593
1.29102
1.29646
1.30272
1.3086
1.31507
1.32163
1.32854
1.33627
1.34435
1.35229
1.36105
1.36991
1.37864
1.38818
1.39735
1.40686
1.41742
1.42833
1.43957
1.45091
1.46331
1.47604
1.48886
1.50128
1.51451
1.52806
1.54169
1.55539
1.57011
1.58466
1.59974
1.61512
1.63053
1.64694
1.66266
1.67911
1.6958
1.71225
1.7294
1.74723
1.76478
1.78203
1.79993
1.81797
1.83638
1.85514
1.87351
1.89243
1.91068
1.92895
1.94722
1.96547
1.98319
2.00155
2.01981
2.03793
2.05566
2.0732
2.091
2.10832
2.12559
2.14255
2.15845
2.17495
2.19031
2.20597
2.22068
2.23466
2.24835
2.26126
2.27384
2.28629
2.29764
2.30833
2.31812
2.32769
2.33632
2.34397
2.35161
2.35801
2.36413
2.36875
2.37234
2.37564
2.37814
2.37985
2.38077
2.38019
2.37954
2.37812
2.37593
2.37275
2.36905
2.36463
2.35949
2.35388
2.34736
2.34016
2.33279
2.32383
2.31451
2.30508
2.29508
2.28406
2.27275
2.26095
2.24844
2.23595
2.22352
2.2102
2.19602
2.18148
2.16637
2.15143
2.1362
2.12095
2.10498
2.08926
2.0731
2.05629
2.04004
2.02389
2.00715
1.99006
1.9729
1.95544
1.93841
1.92111
1.90453
1.88747
1.87044
1.85416
1.83697
1.82009
1.80305
1.7861
1.76926
1.75302
1.73667
1.71974
1.70344
1.68755
1.67207
1.65678
1.64168
1.62679
1.6121
1.59764
1.58293
1.56869
1.55494
1.54097
1.52773
1.51405
1.50136
1.48823
1.47684
1.46502
1.45326
1.44133
1.42996
1.41915
1.40843
1.39901
1.38872
1.37854
1.36919
1.35995
1.35083
1.3428
1.3349
1.3281
1.32119
1.31466
1.30803
1.30227
1.29715
1.29217
1.28759
1.28389
1.2801
1.27672
1.27325
1.27018
1.26823
1.26572
1.26432
1.26333
1.26249
1.26276
1.26295
1.26352
1.26496
1.26606
1.26802
1.27011
1.27305
1.27659
1.28024
1.28353
1.28716
1.29088
1.29542
1.30028
1.3057
1.31142
1.31769
1.324
1.33036
1.33699
1.34388
1.35104
1.35867
1.36631
1.37441
1.38249
1.39078
1.39902
1.4077
1.41655
1.42533
1.43403
1.44384
1.4533
1.46338
1.47357
1.48411
1.49403
1.50356
1.51365
1.52381
1.53403
1.54431
1.55462
1.56521
1.57559
1.58574
1.59662
1.60749
1.61788
1.62825
1.63884
1.64939
1.65894
1.66965
1.67982
1.68968
1.69997
1.7097
1.71959
1.72939
1.73887
1.74849
1.75729
1.76695
1.77577
1.78424
1.79307
1.8025
1.81108
1.81954
1.82809
1.83627
1.8448
1.85221
1.86021
1.86733
1.87501
1.88279
1.89016
1.89737
1.90418
1.91106
1.91776
1.92454
1.93066
1.93659
1.94211
1.94815
1.95376
1.95942
1.9644
1.96966
1.97398
1.97882
1.98344
1.98737
1.99083
1.99431
1.9978
2.00106
2.00481
2.00735
2.00966
2.01197
2.01428
2.01587
2.01745
2.0188
2.02038
2.02149
2.02187
2.02226
2.02242
2.02212
2.02207
2.02108
2.02013
2.01897
2.01738
2.01633
2.01486
2.01322
2.01143
2.00998
2.00814
2.00571
2.0034
2.00172
1.99972
1.9974
1.99429
1.9921
1.98939
1.98666
1.98391
1.98117
1.97771
1.97524
1.97208
1.96944
1.9671
1.96458
1.96213
1.95975
1.9577
1.95574
1.9534
1.95164
1.94951
1.94773
1.94607
1.94452
1.94309
1.94203
1.94037
1.93859
1.93742
1.93686
1.93595
1.93564
1.93499
1.9347
1.9343
1.93476
1.93486
1.93534
1.93619
1.93644
1.93683
1.9376
1.93826
1.93882
1.93975
1.94155
1.94301
1.94462
1.9459
1.94781
1.95012
1.95209
1.95448
1.95774
1.96045
1.96309
1.9659
1.9696
1.973
1.97658
1.97985
1.98355
1.98791
1.99222
1.99695
2.0021
2.00696
2.01199
2.01721
2.02308
2.02841
2.03415
2.03957
2.04563
2.05137
2.05822
2.0645
2.07164
2.07794
2.08484
2.09234
2.09921
2.1069
2.11443
2.12227
2.12992
2.13786
2.14536
2.15287
2.16015
2.16767
2.17516
2.18262
2.18955
2.19666
2.20417
2.2111
2.21769
2.22464
2.23194
2.23885
2.24535
2.25144
2.25783
2.26329
2.26878
2.2743
2.27934
2.28438
2.28916
2.29393
2.29867
2.3029
2.30636
2.31002
2.31315
2.31502
2.3178
2.31956
2.32149
2.32361
2.32495
2.32574
2.3272
2.32812
2.32778
2.32811
2.32768
2.32721
2.32646
2.32568
2.32415
2.32236
2.32032
2.31827
2.31573
2.31272
2.30948
2.30697
2.30377
2.30011
2.29624
2.29217
2.28815
2.28417
2.27952
2.27468
2.26966
2.26423
2.25934
2.2538
2.24808
2.24219
2.23614
2.22968
2.22353
2.21673
2.21001
2.20313
2.1956
2.18862
2.181
2.17393
2.16598
2.15834
2.14981
2.1416
2.13322
2.12396
2.11573
2.10711
2.09783
2.08816
2.07833
2.06835
2.05869
2.04888
2.03917
2.02907
2.01859
2.00846
1.99843
1.9878
1.97728
1.9664
1.95565
1.94479
1.93382
1.92275
1.91087
1.89937
1.88827
1.87637
1.86463
1.85282
1.84094
1.829
1.81701
1.80496
1.79287
1.78026
1.76881
1.75637
1.74415
1.73192
1.71943
1.70718
1.69565
1.68365
1.67119
1.659
1.64684
1.63448
1.62242
1.61065
1.59848
1.5864
1.57392
1.56155
1.54906
1.53765
1.52638
1.51526
1.5043
1.49303
1.48268
1.47324
1.46352
1.45378
1.44355
1.43404
1.42479
1.41603
1.40754
1.39908
1.39067
1.38304
1.37545
1.36818
1.36096
1.3543
1.34795
1.34191
1.33619
1.33078
1.32617
1.32114
1.31691
1.3125
1.30838
1.30432
1.30078
1.29776
1.29477
1.29204
1.2898
1.28755
1.28553
1.28445
1.28308
1.2819
1.28114
1.28006
1.27912
1.27879
1.27834
1.2787
1.27843
1.27822
1.27807
1.27723
1.27714
1.27729
1.27719
1.27683
1.27667
1.27622
1.27644
1.27562
1.27592
1.27541
1.27455
1.27383
1.27299
1.27251
1.27142
1.27045
1.26861
1.26737
1.26575
1.26376
1.26188
1.25987
1.2575
1.25548
1.25335
1.25111
1.24877
1.24609
1.24332
1.24024
1.23708
1.23386
1.23107
1.228
1.2249
1.22152
1.2179
1.21474
1.21182
1.20892
1.20555
1.20172
1.1984
1.19536
1.19259
1.19012
1.18697
1.18411
1.18131
1.17857
1.17588
1.17326
1.17021
1.1677
1.16525
1.16261
1.16027
1.15774
1.15551
1.15307
1.15092
1.14856
1.146
1.14466
1.14263
1.14062
1.13838
1.13687
1.1344
1.13242
1.13067
1.12891
1.12713
1.1251
1.12305
1.12026
1.11839
1.11674
1.11457
1.11262
1.11015
1.10788
1.10535
1.10302
1.10066
1.09828
1.0949
1.09246
1.09024
1.08801
1.08528
1.0823
1.07956
1.07658
1.07434
1.07235
1.0699
1.067
1.0651
1.06325
1.06145
1.05875
1.0566
1.05477
1.0523
1.05041
1.04863
1.04624
1.04493
1.04398
1.04294
1.04155
1.04056
1.03972
1.03905
1.03831
1.03798
1.03808
1.0386
1.03908
1.03975
1.04086
1.04169
1.04297
1.04398
1.04543
1.0471
1.04873
1.05131
1.05385
1.05589
1.05863
1.06205
1.06521
1.06858
1.07239
1.07594
1.07992
1.08411
1.08826
1.09309
1.0974
1.10117
1.10658
1.11193
1.11771
1.12366
1.12956
1.13539
1.14139
1.1478
1.15414
1.16088
1.1673
1.17484
1.18205
1.18941
1.19715
1.2048
1.21235
1.22052
1.22882
1.2375
1.24583
1.25477
1.26335
1.27157
1.28063
1.28909
1.2979
1.30755
1.31683
1.32646
1.33596
1.34556
1.3555
1.3653
1.37497
1.38497
1.39531
1.40527
1.41532
1.42571
1.43643
1.44701
1.45768
1.46796
1.47857
1.48976
1.50079
1.51192
1.52386
1.53469
1.54536
1.55757
1.56914
1.58081
1.59328
1.60487
1.61703
1.62926
1.64134
1.65373
1.66571
1.67799
1.6901
1.70275
1.71545
1.7282
1.74146
1.75379
1.76615
1.77851
1.79064
1.80325
1.81583
1.82815
1.84091
1.85338
1.86602
1.87835
1.89083
1.90296
1.91449
1.92638
1.93812
1.94994
1.96088
1.97235
1.98338
1.9942
2.00504
2.01565
2.02577
2.03564
2.04524
2.05433
2.06314
2.07191
2.08038
2.08879
2.09641
2.10445
2.11146
2.1184
2.1255
2.13158
2.13759
2.14353
2.1487
2.15404
2.15934
2.16435
2.16884
2.17282
2.17727
2.18074
2.18397
2.18721
2.19
2.19233
2.19471
2.19692
2.19871
2.20035
2.20306
2.20491
2.20665
2.20781
2.20937
2.21086
2.21254
2.21369
2.21529
2.2164
2.21727
2.2184
2.22002
2.22097
2.2222
2.2235
2.22486
2.22631
2.22737
2.22901
2.23005
2.23216
2.23488
2.23701
2.23904
2.2417
2.24427
2.2477
2.25106
2.25409
2.25777
2.2616
2.26464
2.26831
2.27143
2.27567
2.27934
2.28365
2.28884
2.29369
2.29821
2.30336
2.30889
2.31407
2.31963
2.32555
2.33112
2.33656
2.34236
2.34732
2.35382
2.35922
2.36545
2.37154
2.37772
2.38376
2.39061
2.39706
2.40408
2.41071
2.41766
2.42493
2.43229
2.43899
2.4465
2.4536
2.46102
2.46876
2.47608
2.48372
2.49119
2.49873
2.50707
2.51523
2.52394
2.53223
2.54034
2.54828
2.55627
2.56432
2.57291
2.5813
2.58974
2.59822
2.60674
2.61553
2.6241
2.63294
2.6413
2.64944
2.65878
2.66739
2.67599
2.68432
2.69311
2.70186
2.71033
2.7197
2.72781
2.73608
2.74403
2.75262
2.76086
2.76899
2.77677
2.78393
2.79144
2.79905
2.80676
2.81382
2.82071
2.82743
2.83421
2.84057
2.84769
2.85414
2.85942
2.86547
2.87106
2.87572
2.88065
2.88537
2.89012
2.89417
2.89825
2.9026
2.9065
2.90995
2.9132
2.91601
2.91862
2.92152
2.924
2.92677
2.9284
2.93082
2.93282
2.93443
2.93611
2.93716
2.93806
2.93834
2.93919
2.93991
2.94025
2.94118
2.94053
2.94073
2.94055
2.94026
2.94032
2.94002
2.93959
2.93928
2.93884
2.9378
2.93711
2.93605
2.93485
2.93376
2.93253
2.93139
2.92962
2.92722
2.92466
2.92241
2.91928
2.91622
2.91346
2.91027
2.90738
2.90406
2.90078
2.89682
2.89314
2.889
2.8849
2.88009
2.87555
2.87055
2.86509
2.85964
2.85421
2.84783
2.8417
2.83535
2.82877
2.82221
2.81543
2.80867
2.80169
2.79402
2.78613
2.77756
2.76903
2.76079
2.75211
2.74301
2.73421
2.72476
2.71514
2.70561
2.69592
2.68609
2.67613
2.66604
2.65558
2.64526
2.63507
2.62502
2.61513
2.60371
2.59293
2.58257
2.57167
2.5612
2.54996
2.53917
2.52811
2.51726
2.50592
2.49456
2.48321
2.47137
2.4605
2.44916
2.43808
2.42678
2.41599
2.40523
2.39402
2.38262
2.37149
2.36017
2.3489
2.33817
2.32676
2.31589
2.30459
2.29408
2.28363
2.273
2.26291
2.25241
2.24293
2.23256
2.2225
2.21202
2.2016
2.1927
2.1829
2.17268
2.16276
2.1534
2.14361
2.13437
2.12519
2.11559
2.10653
2.09754
2.08835
2.07947
2.0704
2.0609
2.0517
2.04303
2.03368
2.02463
2.01586
2.00739
1.99871
1.99033
1.98174
1.97344
1.96493
1.95623
1.94804
1.93942
1.93035
1.92228
1.914
1.90624
1.8978
1.88963
1.8815
1.87317
1.86535
1.85732
1.84861
1.84066
1.83274
1.82462
1.81655
1.80827
1.80124
1.79378
1.78612
1.77827
1.77072
1.76322
1.75602
1.74864
1.7418
1.73431
1.72714
1.71979
1.71277
1.70631
1.69922
1.69222
1.68555
1.67898
1.67252
1.66593
1.65993
1.65358
1.64734
1.64148
1.63576
1.62994
1.62426
1.61898
1.61386
1.60914
1.60434
1.599
1.59408
1.58934
1.58552
1.58189
1.57821
1.5745
1.57125
1.56796
1.56489
1.56157
1.55918
1.55679
1.55487
1.55319
1.55151
1.55007
1.54864
1.54769
1.54723
1.5475
1.5473
1.5476
1.54839
1.54943
1.55073
1.55132
1.55336
1.55493
1.55628
1.55859
1.56115
1.56443
1.56699
1.57051
1.57427
1.57778
1.58199
1.58619
1.59036
1.59499
1.59934
1.60462
1.6101
1.61552
1.62089
1.62692
1.63263
1.63803
1.64455
1.65073
1.65681
1.66255
1.66912
1.67582
1.68286
1.68976
1.69747
1.70479
1.71217
1.72011
1.72761
1.73492
1.74226
1.74987
1.7575
1.76538
1.77327
1.7809
1.78924
1.79683
1.80487
1.81286
1.82081
1.82797
1.83603
1.84354
1.85071
1.85756
1.8648
1.87169
1.87846
1.88488
1.89166
1.89783
1.9041
1.90999
1.91622
1.9223
1.92725
1.93253
1.93813
1.94379
1.94857
1.95341
1.95807
1.9628
1.9671
1.97122
1.97491
1.97841
1.98197
1.98533
1.9885
1.99197
1.99475
1.99711
1.99976
2.00124
2.00326
2.00509
2.00648
2.0084
2.00941
2.00999
2.0111
2.0113
2.01156
2.01186
2.01174
2.01168
2.01167
2.01124
2.01039
2.01007
2.00909
2.00816
2.00657
2.00455
2.00307
2.00165
1.99956
1.99752
1.99433
1.99167
1.98882
1.98577
1.98253
1.97861
1.97521
1.97136
1.96706
1.9628
1.95857
1.95388
1.94946
1.94434
1.93899
1.93365
1.92785
1.92205
1.91626
1.9095
1.90274
1.89574
1.88897
1.88122
1.87371
1.8657
1.85719
1.84891
1.83988
1.8318
1.82202
1.81293
1.80335
1.79327
1.78292
1.77233
1.76051
1.74965
1.73855
1.72671
1.71464
1.70258
1.6898
1.67729
1.6636
1.65114
1.63825
1.62492
1.61069
1.597
1.5834
1.56964
1.55623
1.54196
1.52758
1.51309
1.49827
1.48313
1.46841
1.45389
1.43932
1.42474
1.40919
1.39461
1.37957
1.36456
1.34986
1.33546
1.32091
1.30622
1.29188
1.27791
1.26336
1.24898
1.23501
1.22099
1.20789
1.19477
1.18188
1.16899
1.15636
1.14423
1.13239
1.1206
1.10887
1.09793
1.08804
1.07752
1.06783
1.05848
1.0495
1.04064
1.03192
1.02454
1.01658
1.00853
1.00209
0.995558
0.989436
0.983965
0.978666
0.973542
0.968837
0.964068
0.960442
0.956996
0.95373
0.951608
0.949423
0.947657
0.946792
0.946345
0.946313
0.946696
0.946767
0.948209
0.949092
0.9511
0.952784
0.955586
0.958297
0.961394
0.965355
0.969212
0.974163
0.978759
0.983958
0.989755
0.995903
1.00216
1.00923
1.01615
1.0234
1.03121
1.03934
1.04729
1.05555
1.06433
1.07341
1.08325
1.09312
1.10301
1.11292
1.12356
1.13372
1.14435
1.15497
1.16628
1.1778
1.18903
1.20118
1.21374
1.22624
1.23818
1.25099
1.2637
1.27654
1.28926
1.30258
1.31553
1.32856
1.34192
1.35559
1.3686
1.38263
1.39598
1.40937
1.42302
1.43669
1.45061
1.46429
1.47771
1.49088
1.50449
1.51808
1.53161
1.5451
1.55852
1.57188
1.58516
1.5986
1.61148
1.62426
1.63719
1.64953
1.662
1.67436
1.68661
1.69873
1.71194
1.72357
1.73556
1.74766
1.75938
1.77098
1.78195
1.79304
1.80399
1.81505
1.82622
1.83653
1.84696
1.8575
1.86744
1.87749
1.88743
1.89749
1.90745
1.91777
1.92775
1.93715
1.94694
1.95591
1.96552
1.97504
1.98449
1.99363
2.0027
2.01219
2.02138
2.02955
2.03839
2.04742
2.05594
2.06465
2.07381
2.0827
2.09132
2.09943
2.108
2.11655
2.12533
2.13408
2.14282
2.1513
2.15928
2.1682
2.17711
2.18576
2.19391
2.20228
2.21063
2.21919
2.22748
2.23645
2.24467
2.25333
2.26146
2.2693
2.27732
2.28528
2.29269
2.3005
2.30823
2.3161
2.32364
2.33106
2.33741
2.34411
2.35091
2.35757
2.36455
2.37089
2.37753
2.38423
2.39
2.39581
2.40116
2.40699
2.41211
2.41673
2.42181
2.42613
2.42944
2.43318
2.43637
2.43949
2.44252
2.44498
2.44734
2.44887
2.45028
2.45205
2.45274
2.45305
2.45298
2.45157
2.45098
2.44952
2.44865
2.44667
2.44431
2.44061
2.43773
2.43449
2.43088
2.42644
2.42165
2.41676
2.41153
2.40599
2.40015
2.39377
2.38759
2.38089
2.37395
2.36653
2.35937
2.35152
2.34348
2.33502
2.3269
2.31839
2.31025
2.30248
2.29367
2.28503
2.27658
2.26761
2.25888
2.25038
2.24166
2.23274
2.22434
2.21577
2.20728
2.19865
2.1906
2.18243
2.1744
2.16675
2.16021
2.15216
2.14452
2.1373
2.13003
2.12297
2.11634
2.10993
2.10398
2.09777
2.09202
2.08674
2.08096
2.07542
2.07107
2.06672
2.06236
2.05847
2.05482
2.05116
2.04773
2.04476
2.04227
2.03975
2.03745
2.03464
2.03252
2.03037
2.02865
2.02714
2.02629
2.02563
2.02443
2.02388
2.0235
2.02329
2.02274
2.02234
2.02233
2.02246
2.02271
2.02309
2.02383
2.02371
2.02466
2.02546
2.02636
2.02735
2.02865
2.03027
2.03148
2.03275
2.03407
2.03545
2.03712
2.03883
2.04105
2.04235
2.04343
2.04478
2.04615
2.04778
2.04942
2.05083
2.05297
2.05415
2.05606
2.05724
2.0589
2.06008
2.06222
2.06387
2.06575
2.06738
2.06973
2.07159
2.07368
2.07551
2.07734
2.07892
2.08073
2.0823
2.08386
2.08518
2.08625
2.08781
2.08936
2.09116
2.09273
2.0943
2.09588
2.09771
2.09955
2.10166
2.1033
2.10448
2.1064
2.1086
2.1101
2.11188
2.11369
2.1153
2.11695
2.11889
2.12113
2.12293
2.1243
2.12645
2.12866
2.13094
2.13304
2.13594
2.13843
2.14099
2.14363
2.14611
2.14915
2.1518
2.15454
2.15785
2.16053
2.16331
2.16691
2.17037
2.17392
2.17759
2.18112
2.185
2.18924
2.19311
2.19733
2.20192
2.20638
2.21096
2.21566
2.22073
2.2264
2.23148
2.23668
2.242
2.24794
2.254
2.25972
2.26508
2.27056
2.27666
2.28289
2.28972
2.29595
2.30207
2.30903
2.31587
2.32282
2.33037
2.33706
2.34385
2.35123
2.35869
2.36673
2.37436
2.38279
2.39153
2.39911
2.40723
2.41538
2.42331
2.43102
2.43872
2.44666
2.45456
2.46243
2.47024
2.47822
2.48538
2.49243
2.49984
2.50711
2.51421
2.52113
2.52808
2.53553
2.54153
2.54774
2.55367
2.55929
2.56361
2.56879
2.57336
2.57731
2.58084
2.58444
2.58614
2.58812
2.58986
2.59088
2.59214
2.59192
2.59144
2.5902
2.58893
2.58714
2.58483
2.582
2.57865
2.57456
2.57045
2.56586
2.5603
2.55453
2.5483
2.54189
2.5353
2.52783
2.51999
2.51156
2.50303
2.49491
2.4865
2.47637
2.46672
2.4566
2.44653
2.43578
2.42536
2.41455
2.40361
2.39305
2.38264
2.37192
2.36064
2.34981
2.33894
2.32757
2.31618
2.30528
2.2939
2.28277
2.27215
2.26155
2.25002
2.23925
2.22827
2.21662
2.20525
2.19393
2.18387
2.17265
2.16196
2.15109
2.14052
2.12977
2.1198
2.11014
2.09933
2.08907
2.07889
2.06949
2.05945
2.04949
2.03913
2.02934
2.01965
2.00981
2.00007
1.99044
1.98044
1.97129
1.9613
1.95265
1.94342
1.93482
1.92662
1.91811
1.91025
1.90233
1.89484
1.88707
1.87974
1.87262
1.86525
1.85858
1.85191
1.84595
1.84001
1.83409
1.82914
1.82374
1.81861
1.81448
1.81015
1.8061
1.80211
1.79864
1.79524
1.79188
1.78932
1.78753
1.78556
1.7839
1.78278
1.78173
1.78097
1.78027
1.78084
1.78073
1.7814
1.78187
1.78287
1.78463
1.78642
1.78801
1.79009
1.79244
1.79503
1.7981
1.80166
1.80496
1.80871
1.81268
1.81661
1.82048
1.82478
1.82876
1.83363
1.83816
1.84307
1.84786
1.85277
1.85778
1.86312
1.86878
1.87402
1.87931
1.88465
1.89025
1.89563
1.90102
1.90639
1.91222
1.9185
1.92426
1.92948
1.93463
1.93994
1.94493
1.95006
1.95507
1.96021
1.96498
1.97009
1.97433
1.97842
1.98234
1.98657
1.99038
1.99377
1.99745
2.0007
2.00375
2.00756
2.0102
2.01335
2.01509
2.01662
2.01769
2.01975
2.02112
2.02251
2.02346
2.02419
2.02472
2.0253
2.02543
2.02513
2.02536
2.02565
2.02504
2.02427
2.02309
2.02175
2.02051
2.01913
2.01762
2.01599
2.01401
2.01192
2.00974
2.00819
2.00584
2.00319
2.00119
1.99938
1.99681
1.99468
1.99253
1.99011
1.98816
1.98572
1.98352
1.98156
1.97914
1.97696
1.97432
1.9717
1.96934
1.96701
1.96471
1.96267
1.96042
1.95844
1.95577
1.9536
1.95171
1.94983
1.94774
1.94567
1.94362
1.94182
1.94004
1.93802
1.93578
1.93402
1.93153
1.92929
1.92777
1.92527
1.92301
1.92098
1.91917
1.91712
1.91528
1.91344
1.91133
1.90921
1.90684
1.90445
1.90253
1.90035
1.89793
1.89574
1.89355
1.89208
1.89013
1.88772
1.88532
1.88342
1.88178
1.87993
1.87908
1.87659
1.87487
1.87297
1.87113
1.86959
1.86814
1.86676
1.86451
1.86308
1.86127
1.85981
1.85822
1.85699
1.85636
1.8549
1.85381
1.85358
1.8535
1.85332
1.85376
1.85388
1.85438
1.85456
1.8549
1.85587
1.85699
1.85828
1.85947
1.86082
1.86256
1.86422
1.86578
1.86748
1.86909
1.87156
1.87319
1.87593
1.87855
1.88105
1.88368
1.88666
1.88927
1.89271
1.89601
1.89916
1.90336
1.90669
1.91058
1.91431
1.9181
1.92197
1.92637
1.93035
1.93415
1.93799
1.94138
1.94554
1.94949
1.95443
1.95842
1.96292
1.96671
1.97098
1.97502
1.97954
1.98405
1.98831
1.99255
1.99677
2.00097
2.00489
2.00925
2.01357
2.01832
2.02205
2.0262
2.03005
2.03406
2.03799
2.04159
2.0451
2.04924
2.05255
2.056
2.05884
2.06181
2.06489
2.06736
2.06968
2.07235
2.07438
2.0765
2.07919
2.0817
2.08357
2.08503
2.08631
2.08741
2.08833
2.08931
2.08963
2.09023
2.09041
2.08943
2.08923
2.08884
2.08827
2.08775
2.08656
2.08543
2.08435
2.08262
2.08095
2.07911
2.07758
2.07517
2.07355
2.0713
2.0689
2.06587
2.06293
2.0601
2.0569
2.05308
2.0501
2.04701
2.04307
2.03952
2.0361
2.0321
2.028
2.02358
2.01932
2.01522
2.01081
2.00657
2.00203
1.99792
1.99303
1.98834
1.98336
1.97859
1.97428
1.96922
1.96462
1.95953
1.95467
1.94957
1.94473
1.93965
1.93508
1.93006
1.92556
1.92086
1.91645
1.91234
1.90782
1.90338
1.8995
1.89523
1.89154
1.88748
1.8833
1.88021
1.87653
1.87299
1.8696
1.86637
1.86282
1.85992
1.85745
1.85491
1.85306
1.85091
1.84897
1.84724
1.84549
1.84371
1.84239
1.84154
1.84092
1.84102
1.84038
1.84022
1.8403
1.84086
1.84166
1.84317
1.84493
1.84668
1.84987
1.8516
1.8543
1.85746
1.86013
1.86302
1.86613
1.8697
1.87324
1.8765
1.88045
1.88436
1.88846
1.89298
1.89793
1.90281
1.90857
1.91353
1.91889
1.9244
1.93028
1.93558
1.94172
1.9475
1.95363
1.95986
1.96666
1.97235
1.97883
1.98491
1.992
1.99843
2.00563
2.01214
2.01869
2.0255
2.03233
2.03916
2.04576
2.05331
2.06014
2.06694
2.07323
2.07998
2.08669
2.09288
2.09975
2.10584
2.11187
2.11856
2.12518
2.13126
2.1375
2.14318
2.1495
2.1555
2.16165
2.16771
2.17343
2.17906
2.18508
2.19027
2.19561
2.20108
2.2062
2.21122
2.21566
2.2207
2.22516
2.2295
2.23398
2.2381
2.24187
2.24601
2.24979
2.25394
2.25798
2.26166
2.26523
2.26844
2.27226
2.27572
2.27834
2.28062
2.2835
2.28603
2.28869
2.29077
2.29321
2.29508
2.29756
2.29971
2.30224
2.30445
2.30633
2.30812
2.30984
2.31149
2.31331
2.31483
2.31654
2.31796
2.31958
2.3214
2.32271
2.32425
2.32553
2.32632
2.32711
2.3284
2.32947
2.33032
2.33145
2.33262
2.33432
2.33561
2.33696
2.33815
2.33991
2.342
2.34419
2.34553
2.34722
2.34928
2.35147
2.35403
2.35674
2.3596
2.36286
2.36531
2.36938
2.37313
2.37634
2.38045
2.3845
2.38801
2.39219
2.39681
2.40186
2.40687
2.41159
2.41626
2.42186
2.42812
2.4341
2.44027
2.44662
2.4534
2.46012
2.46725
2.47383
2.4813
2.48869
2.4967
2.50438
2.51195
2.51988
2.52793
2.53584
2.54408
2.55337
2.56151
2.56971
2.57818
2.58668
2.59543
2.60369
2.61169
2.62012
2.62874
2.63729
2.64526
2.65335
2.66132
2.66866
2.67727
2.68522
2.69296
2.69999
2.70751
2.71476
2.72149
2.7272
2.73307
2.73838
2.74309
2.74768
2.75165
2.75594
2.75958
2.76255
2.76436
2.76643
2.76804
2.76918
2.76983
2.77094
2.77083
2.76997
2.76834
2.76619
2.76351
2.76077
2.7575
2.75344
2.74909
2.74371
2.73731
2.73109
2.72458
2.71753
2.7097
2.70087
2.69152
2.68213
2.67224
2.66136
2.65023
2.63887
2.62727
2.61497
2.60198
2.58903
2.57517
2.56138
2.54742
2.53285
2.5179
2.50211
2.48622
2.47
2.453
2.43594
2.41861
2.40126
2.38391
2.36609
2.34831
2.32962
2.31149
2.2932
2.27502
2.25624
2.23737
2.21914
2.1999
2.18109
2.16227
2.14296
2.12391
2.10466
2.0857
2.06682
2.04827
2.02958
2.01079
1.99237
1.97412
1.95605
1.93842
1.92099
1.90355
1.88636
1.8687
1.85252
1.8359
1.81935
1.80359
1.78791
1.77306
1.7588
1.74443
1.72994
1.71656
1.70357
1.69026
1.67785
1.66585
1.65379
1.64265
1.6317
1.62119
1.61137
1.60248
1.5938
1.58508
1.57731
1.56974
1.56215
1.55526
1.54929
1.54354
1.53799
1.53312
1.52868
1.52492
1.52135
1.51723
1.51424
1.51214
1.51019
1.50911
1.50816
1.50709
1.50662
1.50577
1.50597
1.50649
1.50684
1.50771
1.5091
1.51051
1.51218
1.51455
1.51643
1.51874
1.52149
1.5249
1.52822
1.53144
1.53384
1.53683
1.54089
1.54407
1.54781
1.55137
1.55523
1.55913
1.56378
1.56772
1.57168
1.57491
1.5791
1.58279
1.58671
1.59085
1.59519
1.59878
1.60282
1.60657
1.61053
1.61421
1.61785
1.62145
1.62526
1.62855
1.6318
1.63551
1.63895
1.64189
1.64529
1.64892
1.65206
1.65544
1.65882
1.66173
1.66464
1.66806
1.67149
1.67447
1.67773
1.68149
1.68458
1.68794
1.69159
1.69528
1.6983
1.70234
1.70571
1.70936
1.71404
1.71805
1.7221
1.72646
1.73086
1.73483
1.73885
1.74316
1.7475
1.75212
1.75629
1.76074
1.76496
1.76921
1.77347
1.77773
1.78248
1.78698
1.79148
1.79619
1.80064
1.80505
1.80943
1.81351
1.81778
1.82248
1.82661
1.83067
1.83464
1.83852
1.84205
1.84547
1.84949
1.85339
1.85715
1.86029
1.86351
1.86658
1.86924
1.87222
1.87453
1.87642
1.87883
1.88081
1.88234
1.88318
1.88453
1.88566
1.88632
1.88627
1.88646
1.88642
1.8859
1.8861
1.88557
1.88431
1.88207
1.88031
1.87829
1.87673
1.87396
1.87165
1.86836
1.8653
1.86173
1.85815
1.85408
1.84998
1.84587
1.84127
1.83641
1.83178
1.8269
1.82104
1.81518
1.80955
1.80319
1.79659
1.79022
1.78313
1.77556
1.76824
1.76044
1.75168
1.74341
1.73491
1.72619
1.71748
1.70831
1.6994
1.68907
1.679
1.66873
1.65849
1.6483
1.63742
1.6266
1.61536
1.60418
1.59332
1.58206
1.56992
1.55788
1.54595
1.53414
1.52198
1.50972
1.49786
1.48544
1.47273
1.46046
1.44816
1.43609
1.4233
1.41053
1.39828
1.38609
1.37373
1.36146
1.34905
1.33702
1.32536
1.31315
1.30184
1.29073
1.28007
1.26892
1.25825
1.24786
1.23774
1.22791
1.21863
1.21016
1.2013
1.19303
1.1856
1.17758
1.16922
1.16197
1.15537
1.14845
1.14291
1.13779
1.13286
1.12813
1.12382
1.11972
1.11654
1.11428
1.11175
1.11015
1.10899
1.10755
1.10728
1.1072
1.10781
1.10861
1.1096
1.11174
1.11406
1.1168
1.11994
1.1235
1.1277
1.13181
1.13703
1.14191
1.14717
1.15304
1.15879
1.16465
1.17159
1.17887
1.18624
1.19491
1.20342
1.21128
1.21946
1.22866
1.23791
1.24698
1.25682
1.26693
1.27781
1.28847
1.29987
1.31081
1.32225
1.33369
1.34513
1.35753
1.36992
1.38205
1.3949
1.4082
1.42099
1.43423
1.44743
1.46179
1.47538
1.48987
1.50407
1.51869
1.5342
1.5494
1.56451
1.57954
1.59472
1.6098
1.62574
1.64157
1.65704
1.6731
1.68928
1.70556
1.72217
1.73815
1.75469
1.77178
1.78917
1.80614
1.82292
1.83949
1.85682
1.87369
1.89104
1.90768
1.92479
1.94117
1.95848
1.97527
1.99202
2.00872
2.02511
2.0424
2.05863
2.07477
2.09129
2.10769
2.12372
2.13938
2.15513
2.17097
2.18592
2.20093
2.21599
2.23109
2.24575
2.25994
2.27414
2.28737
2.30083
2.31451
2.32791
2.34103
2.35336
2.36635
2.37829
2.38942
2.39997
2.41185
2.42241
2.43234
2.44238
2.45154
2.46053
2.46935
2.4775
2.48545
2.49248
2.49954
2.50638
2.51202
2.51767
2.52259
2.52774
2.53144
2.53487
2.53828
2.54021
2.54187
2.54349
2.54436
2.54471
2.54454
2.54338
2.54193
2.53974
2.53751
2.53454
2.53155
2.52735
2.5229
2.51821
2.51354
2.50793
2.5021
2.49584
2.48843
2.48133
2.47407
2.46522
2.45648
2.44763
2.43868
2.4294
2.4191
2.40899
2.39933
2.38845
2.37807
2.36674
2.35546
2.344
2.33263
2.32136
2.31022
2.29825
2.28645
2.27387
2.26173
2.24982
2.23767
2.22555
2.21299
2.20121
2.18951
2.17744
2.16595
2.15412
2.14268
2.13165
2.12057
2.10968
2.09924
2.08976
2.0793
2.0691
2.05916
2.04972
2.04009
2.03147
2.02314
2.01486
2.00689
1.99899
1.99164
1.98411
1.97737
1.97095
1.96483
1.95877
1.95301
1.94755
1.94261
1.93796
1.93358
1.92947
1.9261
1.92225
1.91889
1.91551
1.91211
1.90891
1.90615
1.90382
1.90238
1.90063
1.89854
1.89708
1.89526
1.89357
1.89175
1.89027
1.88912
1.8883
1.88635
1.88495
1.88433
1.88329
1.88254
1.88183
1.88117
1.88031
1.87948
1.87844
1.87767
1.87694
1.87647
1.87651
1.8761
1.87597
1.87586
1.87554
1.87526
1.87478
1.87433
1.87417
1.87454
1.87471
1.8747
1.87474
1.87436
1.87453
1.87477
1.87507
1.87545
1.87615
1.87645
1.87659
1.8773
1.8781
1.87899
1.87974
1.88083
1.8825
1.88403
1.88542
1.88644
1.88829
1.89024
1.89109
1.89278
1.89457
1.89672
1.89873
1.90109
1.9038
1.90589
1.90881
1.91184
1.91522
1.91821
1.92132
1.92476
1.92807
1.93171
1.93545
1.93905
1.94227
1.94582
1.9497
1.95392
1.95871
1.96335
1.96807
1.97217
1.97683
1.98134
1.98569
1.99061
1.99537
2.00022
2.00466
2.00966
2.01474
2.0199
2.02537
2.03043
2.03556
2.04099
2.046
2.05107
2.05644
2.0621
2.06804
2.07402
2.08028
2.08633
2.09192
2.09776
2.10361
2.10969
2.11601
2.12158
2.12713
2.13311
2.13856
2.14443
2.15023
2.15642
2.16179
2.1673
2.17268
2.17768
2.18206
2.18653
2.19154
2.19565
2.20005
2.20473
2.20896
2.21247
2.21552
2.21857
2.22114
2.22321
2.22526
2.22754
2.22907
2.2301
2.2311
2.23208
2.2328
2.23374
2.23418
2.23413
2.23359
2.23282
2.2323
2.23108
2.23013
2.22897
2.22715
2.22587
2.22395
2.22211
2.22037
2.21802
2.21555
2.21346
2.21032
2.20782
2.20501
2.20214
2.19899
2.1958
2.19259
2.18936
2.18637
2.18362
2.18087
2.17789
2.17494
2.17153
2.16886
2.16623
2.16291
2.15986
2.15685
2.15388
2.1507
2.14853
2.14567
2.14309
2.14054
2.13826
2.13577
2.13331
2.13064
2.12823
2.12559
2.1237
2.12158
2.11972
2.11739
2.1153
2.11323
2.11092
2.10861
2.10631
2.10377
2.10195
2.10014
2.09785
2.09557
2.09353
2.09126
2.08924
2.08651
2.08427
2.08229
2.07985
2.07768
2.07529
2.0727
2.07062
2.06882
2.06706
2.06536
2.06346
2.06163
2.05985
2.05838
2.0565
2.05493
2.05296
2.05156
2.05048
2.04973
2.04859
2.04755
2.04661
2.04554
2.0448
2.04418
2.04343
2.04351
2.04346
2.04329
2.04323
2.04354
2.04347
2.04425
2.04466
2.04495
2.04584
2.04661
2.04773
2.04873
2.0496
2.05082
2.05215
2.05335
2.05465
2.05582
2.05781
2.05918
2.06065
2.06317
2.06554
2.06752
2.06958
2.07149
2.07397
2.07652
2.07939
2.08209
2.08486
2.08723
2.09038
2.0936
2.0964
2.09951
2.10268
2.10567
2.10872
2.11207
2.11572
2.11894
2.12223
2.12606
2.1302
2.13367
2.13745
2.14178
2.1457
2.1497
2.15448
2.15863
2.16286
2.16766
2.17231
2.17658
2.18118
2.18589
2.19023
2.19469
2.1995
2.20492
2.20999
2.21568
2.22103
2.22677
2.23266
2.23871
2.24516
2.25177
2.25832
2.2648
2.27145
2.27853
2.28603
2.29323
2.30087
2.30868
2.31645
2.32464
2.33302
2.34109
2.35007
2.35922
2.36782
2.37754
2.38693
2.39696
2.40712
2.41644
2.42588
2.43615
2.44674
2.45669
2.46694
2.47722
2.48753
2.49809
2.50887
2.51937
2.52982
2.5397
2.54948
2.55962
2.56937
2.57919
2.58857
2.59654
2.60547
2.61414
2.62228
2.63037
2.63837
2.64532
2.65239
2.65932
2.66587
2.67203
2.67753
2.68286
2.68776
2.69175
2.69554
2.69891
2.70135
2.70384
2.70638
2.70825
2.70947
2.70978
2.71042
2.71042
2.71004
2.71001
2.7089
2.70697
2.7047
2.70235
2.70019
2.69749
2.69451
2.69151
2.68803
2.68382
2.67962
2.67521
2.67084
2.66653
2.66179
2.65736
2.65253
2.64754
2.64217
2.6369
2.63198
2.62597
2.62009
2.61433
2.60822
2.60272
2.59568
2.58927
2.58204
2.5752
2.56852
2.56175
2.55466
2.54822
2.54146
2.5344
2.52751
2.52031
2.5133
2.50576
2.49841
2.49125
2.48406
2.47612
2.46815
2.46112
2.45384
2.44632
2.4388
2.43057
2.42309
2.41564
2.40775
2.40015
2.39262
2.3854
2.37779
2.371
2.36408
2.35704
2.35086
2.34435
2.33824
2.33183
2.32561
2.31959
2.31403
2.30869
2.30336
2.29853
2.29397
2.28945
2.28618
2.2825
2.27913
2.27585
2.27339
2.27175
2.26951
2.26787
2.26708
2.26642
2.26663
2.26649
2.26698
2.2681
2.26888
2.27005
2.27208
2.27425
2.27656
2.27972
2.28299
2.28685
2.29056
2.29485
2.29919
2.30432
2.30947
2.31464
2.32004
2.32565
2.33193
2.33813
2.34422
2.35043
2.35695
2.36352
2.36988
2.37647
2.38278
2.38879
2.39423
2.40003
2.40616
2.41212
2.41765
2.42345
2.429
2.43358
2.43838
2.44313
2.44711
2.45078
2.45439
2.45769
2.46093
2.46361
2.46576
2.46738
2.46895
2.4705
2.47132
2.47286
2.47347
2.47413
2.47461
2.47495
2.47517
2.47529
2.47534
2.47534
2.47531
2.47505
2.47457
2.47414
2.47475
2.47448
2.47505
2.47576
2.47638
2.47717
2.47815
2.47933
2.48072
2.48234
2.48419
2.48653
2.48888
2.49148
2.49459
2.49796
2.50159
2.50502
2.50871
2.51243
2.51666
2.52164
2.52615
2.5314
2.53691
2.5429
2.54865
2.55465
2.56111
2.56732
2.574
2.5816
2.58869
2.59599
2.60323
2.61139
2.61948
2.62752
2.63596
2.64457
2.65285
2.66153
2.67036
2.67981
2.68893
2.69865
2.70755
2.71705
2.72716
2.73715
2.74725
2.75746
2.76779
2.77798
2.78852
2.79891
2.80941
2.82024
2.83092
2.8417
2.8528
2.86375
2.87478
2.88661
2.89876
2.9105
2.92159
2.93274
2.94491
2.95642
2.96847
2.98128
2.99317
3.00485
3.01656
3.02878
3.04077
3.05253
3.06478
3.07654
3.0878
3.09976
3.11145
3.1231
3.13495
3.14649
3.15869
3.17058
3.18286
3.19408
3.20616
3.21789
3.22878
3.23978
3.25015
3.26062
3.27117
3.28107
3.29153
3.30156
3.31189
3.32154
3.33123
3.34048
3.34951
3.35832
3.36715
3.37575
3.38363
3.39152
3.39917
3.40706
3.41374
3.42112
3.42801
3.43441
3.44054
3.44689
3.45274
3.45808
3.4634
3.46796
3.47248
3.47697
3.48118
3.48512
3.48901
3.49189
3.49448
3.49703
3.49952
3.50147
3.50361
3.50496
3.50601
3.50676
3.50768
3.50732
3.50762
3.50736
3.5063
3.5054
3.50419
3.50241
3.50032
3.49741
3.49443
3.49113
3.48775
3.48477
3.48148
3.47715
3.47251
3.46756
3.46255
3.45724
3.45164
3.44503
3.43839
3.43171
3.42524
3.41852
3.41155
3.40361
3.39545
3.3873
3.37918
3.37086
3.36115
3.3527
3.34359
3.33409
3.32492
3.31538
3.30547
3.29569
3.28605
3.27584
3.26555
3.25519
3.24551
3.2353
3.22506
3.21456
3.20429
3.19426
3.18377
3.17403
3.16384
3.15393
3.1436
3.13382
3.12388
3.11426
3.10449
3.09435
3.08456
3.07513
3.06607
3.0574
3.0479
3.03952
3.0301
3.02108
3.01248
3.00429
2.9963
2.98849
2.98136
2.97371
2.9665
2.95879
2.95177
2.9452
2.93886
2.93274
2.92733
2.92094
2.91526
2.9103
2.90581
2.90059
2.89584
2.89157
2.8873
2.88374
2.88041
2.87755
2.87469
2.87181
2.86916
2.86722
2.86454
2.86256
2.86103
2.85924
2.85767
2.85654
2.85586
2.85538
2.85485
2.85452
2.85462
2.85467
2.85465
2.85553
2.85586
2.85659
2.85676
2.85685
2.85828
2.85986
2.86086
2.8627
2.86443
2.86652
2.86849
2.87031
2.87224
2.87449
2.87635
2.87853
2.88102
2.88357
2.88617
2.8893
2.89222
2.89469
2.89766
2.90064
2.90363
2.9066
2.90931
2.91175
2.91463
2.91771
2.92024
2.92271
2.92534
2.92716
2.92959
2.93144
2.93389
2.93572
2.93717
2.93894
2.94079
2.94199
2.94299
2.94381
2.94466
2.94481
2.94522
2.9454
2.94534
2.94455
2.94398
2.94314
2.94132
2.9397
2.93779
2.93536
2.93288
2.92987
2.92728
2.92391
2.91952
2.91556
2.91129
2.90649
2.90211
2.89769
2.89225
2.88677
2.88126
2.87523
2.86846
2.86216
2.85513
2.84762
2.83989
2.83219
2.82379
2.81545
2.80717
2.79847
2.79035
2.78184
2.77321
2.76398
2.75441
2.74524
2.73575
2.7262
2.71685
2.70747
2.69806
2.68865
2.67949
2.66986
2.66074
2.65142
2.64215
2.63269
2.62403
2.61496
2.60597
2.59659
2.58802
2.57955
2.57095
2.56245
2.55406
2.54602
2.53736
2.5293
2.52135
2.51374
2.50624
2.49811
2.49056
2.48359
2.47598
2.46845
2.46124
2.45433
2.447
2.43973
2.43274
2.42579
2.41911
2.41222
2.4051
2.39847
2.39136
2.38473
2.37785
2.37095
2.3638
2.35686
2.35037
2.34337
2.33634
2.33025
2.32339
2.31602
2.3091
2.30191
2.29469
2.28746
2.27972
2.2727
2.26543
2.25767
2.25089
2.24317
2.23595
2.229
2.22113
2.2138
2.20676
2.20028
2.19292
2.18588
2.17943
2.17284
2.16589
2.16003
2.15383
2.148
2.14209
2.13658
2.13123
2.12653
2.12129
2.11599
2.11063
2.10571
2.10051
2.09574
2.09213
2.08801
2.08434
2.08063
2.07761
2.07431
2.07123
2.06811
2.06593
2.06322
2.06096
2.05914
2.05753
2.05611
2.05512
2.05433
2.05324
2.05281
2.05257
2.05226
2.05261
2.05288
2.05331
2.05366
2.05417
2.05482
2.05586
2.05632
2.05763
2.05884
2.0604
2.06137
2.06317
2.06508
2.06637
2.06825
2.06998
2.07228
2.07443
2.07642
2.07848
2.08111
2.08331
2.08583
2.08865
2.09104
2.09422
2.09768
2.10046
2.10329
2.10617
2.10956
2.11322
2.11619
2.11895
2.12197
2.12478
2.1276
2.13069
2.13403
2.13715
2.14028
2.14294
2.14536
2.14924
2.15288
2.15676
2.16017
2.16357
2.16698
2.17039
2.17356
2.17696
2.17964
2.18279
2.1857
2.18884
2.19174
2.19414
2.1975
2.2006
2.20393
2.20701
2.21007
2.21359
2.21686
2.21986
2.22308
2.22603
2.22896
2.23162
2.23472
2.23755
2.24083
2.24382
2.24653
2.24871
2.25156
2.25436
2.25709
2.25976
2.26213
2.26442
2.26663
2.26901
2.27129
2.27324
2.2751
2.27757
2.27849
2.28001
2.28117
2.28221
2.28335
2.2846
2.2857
2.28616
2.28671
2.28734
2.28803
2.28807
2.28769
2.28689
2.28637
2.28566
2.28426
2.28314
2.28108
2.27978
2.27801
2.27602
2.27357
2.27113
2.26799
2.26509
2.26196
2.25932
2.25548
2.25165
2.24831
2.24402
2.23902
2.23451
2.22977
2.22482
2.21964
2.21449
2.20889
2.2026
2.19611
2.18943
2.18279
2.17598
2.16875
2.16159
2.15474
2.14775
2.13988
2.13163
2.12398
2.11596
2.10806
2.09958
2.09197
2.0833
2.0748
2.06671
2.05807
2.04891
2.04042
2.03167
2.02241
2.01338
2.00435
1.99605
1.98705
1.97807
1.96962
1.96073
1.9519
1.94363
1.93519
1.92684
1.91835
1.91021
1.90267
1.8943
1.88654
1.87894
1.87102
1.86374
1.8564
1.84997
1.84397
1.83746
1.83116
1.82532
1.81995
1.81434
1.80921
1.80434
1.799
1.79417
1.78962
1.7851
1.7811
1.77764
1.77422
1.77159
1.7695
1.76747
1.76575
1.76386
1.763
1.76198
1.76151
1.76087
1.76055
1.76079
1.76158
1.76196
1.76313
1.7646
1.76565
1.76772
1.76985
1.77226
1.7752
1.77841
1.7814
1.78538
1.78937
1.7936
1.79807
1.80276
1.80766
1.81276
1.81829
1.82352
1.82891
1.83421
1.83988
1.84616
1.85255
1.85904
1.86536
1.87224
1.87819
1.88467
1.8914
1.89741
1.90389
1.91034
1.91674
1.92284
1.92911
1.9348
1.94086
1.9468
1.9526
1.95824
1.96348
1.96829
1.97338
1.97874
1.98315
1.98757
1.99149
1.9954
1.99903
2.0019
2.00448
2.007
2.00921
2.01182
2.01387
2.01487
2.01601
2.01681
2.01727
2.01713
2.01762
2.01678
2.01632
2.01502
2.01361
2.01185
2.00925
2.00656
2.00352
1.99966
1.99571
1.99192
1.98732
1.98265
1.97767
1.97214
1.96633
1.96048
1.95412
1.94797
1.94158
1.93518
1.92808
1.921
1.91371
1.90599
1.89834
1.88979
1.8811
1.87298
1.86426
1.85543
1.84675
1.8375
1.82818
1.81929
1.81036
1.80117
1.79245
1.78301
1.77431
1.76541
1.75703
1.74848
1.73952
1.73113
1.72261
1.71396
1.7052
1.69755
1.68933
1.68128
1.67365
1.66645
1.65922
1.6522
1.64541
1.63861
1.63182
1.62553
1.61926
1.61351
1.60828
1.60334
1.59798
1.59389
1.59011
1.58712
1.58398
1.58068
1.57796
1.57582
1.57402
1.57281
1.5717
1.57118
1.56981
1.56975
1.56981
1.57022
1.57122
1.57234
1.5738
1.57489
1.57657
1.57908
1.58145
1.58464
1.58792
1.59153
1.59523
1.59949
1.6043
1.60967
1.61486
1.62058
1.62635
1.63264
1.63897
1.64653
1.65385
1.66095
1.66852
1.67608
1.68385
1.69255
1.70096
1.70956
1.71833
1.72726
1.73609
1.74506
1.75391
1.7631
1.77239
1.78223
1.79189
1.80184
1.81157
1.8218
1.83106
1.84054
1.85022
1.85935
1.86889
1.87785
1.88693
1.89635
1.90561
1.91446
1.9231
1.93152
1.93945
1.94736
1.95427
1.96134
1.96833
1.97472
1.98147
1.98758
1.9928
1.99759
2.00218
2.0063
2.00921
2.01235
2.01522
2.01733
2.0189
2.01993
2.02016
2.02008
2.01895
2.01822
2.01645
2.01434
2.01119
2.00821
2.00371
1.99964
1.99504
1.98944
1.98334
1.97771
1.97066
1.96291
1.95499
1.94666
1.93771
1.92865
1.91902
1.90908
1.89936
1.88914
1.87822
1.86783
1.85704
1.8466
1.83605
1.82495
1.81403
1.80261
1.79144
1.7803
1.76922
1.75894
1.74804
1.7368
1.72666
1.71621
1.7062
1.69615
1.68609
1.67628
1.6672
1.65816
1.64942
1.64097
1.63308
1.62527
1.61756
1.61091
1.60414
1.59772
1.59167
1.58576
1.58118
1.57602
1.57172
1.56709
1.56309
1.55923
1.55625
1.55341
1.5512
1.54987
1.54892
1.54739
1.54696
1.54643
1.54652
1.54698
1.54756
1.54875
1.55078
1.55292
1.55517
1.55752
1.55973
1.56323
1.56755
1.57171
1.57594
1.58049
1.5851
1.5905
1.59596
1.6017
1.60798
1.61334
1.61993
1.6268
1.63394
1.64111
1.64902
1.65622
1.66464
1.67332
1.68176
1.69068
1.69961
1.70901
1.7189
1.72877
1.73864
1.74874
1.7593
1.77032
1.78109
1.79255
1.80471
1.81587
1.82797
1.84003
1.85204
1.86522
1.87811
1.89118
1.90396
1.9174
1.93054
1.9436
1.95731
1.97093
1.98519
1.99959
2.01365
2.02832
2.04287
2.05729
2.0723
2.08765
2.10236
2.11715
2.13226
2.1479
2.16359
2.1786
2.19364
2.20894
2.22424
2.23955
2.25508
2.27034
2.28581
2.30124
2.31613
2.33143
2.34641
2.36155
2.37635
2.39104
2.40536
2.4198
2.43386
2.44777
2.46224
2.47606
2.48946
2.50292
2.51618
2.52972
2.54256
2.55519
2.56735
2.57879
2.59096
2.60265
2.61408
2.62574
2.63665
2.64706
2.65744
2.66802
2.67809
2.68715
2.69642
2.70563
2.71432
2.72248
2.73059
2.73841
2.74618
2.75318
2.76037
2.76607
2.77244
2.77877
2.78457
2.79008
2.79507
2.80002
2.80468
2.80956
2.81343
2.81752
2.8211
2.82489
2.82745
2.82976
2.8318
2.83407
2.83609
2.83785
2.84009
2.84088
2.84191
2.84269
2.84251
2.84281
2.84239
2.84222
2.84205
2.84117
2.84029
2.83941
2.83758
2.83552
2.83394
2.83165
2.82937
2.82685
2.82433
2.82182
2.81859
2.81511
2.8114
2.80745
2.80349
2.79929
2.79412
2.78918
2.78375
2.77879
2.77286
2.76691
2.76071
2.75473
2.74826
2.74128
2.73429
2.72704
2.71904
2.71175
2.70348
2.69542
2.68639
2.6771
2.6678
2.65872
2.64914
2.63908
2.62877
2.61749
2.60741
2.59614
2.58487
2.57337
2.56164
2.5497
2.53755
2.52494
2.5119
2.49889
2.48594
2.47354
2.46047
2.447
2.43337
2.41983
2.40567
2.39162
2.37696
2.36291
2.34876
2.33403
2.31969
2.30552
2.28983
2.27505
2.26023
2.24561
2.23048
2.21558
2.20139
2.186
2.1711
2.15647
2.14186
2.12682
2.11206
2.09688
2.08224
2.06792
2.05272
2.03809
2.02331
2.0096
1.99527
1.98106
1.96649
1.95301
1.93942
1.92597
1.9129
1.90022
1.88721
1.87435
1.86213
1.8491
1.83623
1.82353
1.81123
1.79958
1.78738
1.77607
1.7642
1.75322
1.74193
1.73058
1.71987
1.70885
1.69824
1.68804
1.67826
1.6684
1.65871
1.64896
1.63961
1.63019
1.62118
1.61283
1.60416
1.59519
1.58711
1.57873
1.57053
1.56203
1.55419
1.54703
1.54005
1.53327
1.52621
1.52007
1.51294
1.50698
1.50076
1.49501
1.48925
1.48397
1.47869
1.47365
1.46888
1.46532
1.4618
1.45807
1.45462
1.45098
1.44811
1.44602
1.44376
1.44132
1.44017
1.43885
1.43762
1.43743
1.4371
1.43711
1.43697
1.43741
1.43819
1.44004
1.44151
1.44356
1.44643
1.44917
1.45201
1.45542
1.45917
1.46277
1.46694
1.47191
1.47696
1.48257
1.48873
1.49447
1.50099
1.50732
1.51418
1.52155
1.52943
1.53733
1.54524
1.5534
1.56155
1.57016
1.57875
1.58779
1.59679
1.60573
1.61509
1.62534
1.6355
1.64556
1.65552
1.66608
1.67651
1.68681
1.69743
1.70813
1.71962
1.73069
1.74131
1.75197
1.76265
1.77357
1.78473
1.79587
1.8065
1.81781
1.82883
1.84002
1.85114
1.86168
1.87212
1.88244
1.89264
1.90246
1.91238
1.92214
1.93172
1.94137
1.95034
1.95911
1.96814
1.97672
1.98555
1.9939
2.00153
2.00914
2.0165
2.02383
2.03041
2.0372
2.04419
2.04993
2.05563
2.06152
2.0664
2.07147
2.07576
2.08024
2.08394
2.08784
2.09071
2.09354
2.09656
2.09904
2.10124
2.1034
2.10479
2.10614
2.1072
2.10775
2.10827
2.10828
2.10874
2.10845
2.10837
2.10756
2.10648
2.10515
2.10309
2.10126
2.09942
2.09709
2.09477
2.09196
2.08892
2.08565
2.08119
2.0777
2.07328
2.06936
2.06523
2.06089
2.05587
2.05089
2.04595
2.04058
2.03527
2.02905
2.02338
2.01754
2.01154
2.00441
1.99785
1.99114
1.98452
1.97729
1.96991
1.96289
1.95526
1.94823
1.9406
1.9331
1.92525
1.91753
1.90971
1.90179
1.89402
1.88543
1.87699
1.86942
1.86032
1.85187
1.84261
1.83399
1.82458
1.81533
1.80648
1.79733
1.78786
1.77857
1.76921
1.75955
1.75006
1.74027
1.73018
1.72028
1.71007
1.70053
1.6907
1.68058
1.67017
1.66019
1.65017
1.63987
1.63001
1.61963
1.6097
1.60023
1.58976
1.57952
1.56949
1.55922
1.54941
1.53937
1.52908
1.51856
1.50781
1.49707
1.48684
1.47664
1.46696
1.4566
1.44653
1.43675
1.4268
1.41717
1.40737
1.39742
1.3878
1.37829
1.36865
1.35889
1.34975
1.34122
1.33237
1.32343
1.3149
1.30679
1.29838
1.2904
1.28264
1.27556
1.26823
1.26136
1.2545
1.24812
1.242
1.23638
1.2308
1.22525
1.2195
1.21429
1.20985
1.20548
1.20189
1.19838
1.19494
1.19183
1.1888
1.18633
1.18468
1.18288
1.18166
1.18005
1.17902
1.17904
1.1782
1.17793
1.17896
1.17912
1.18082
1.18284
1.18495
1.18787
1.19061
1.19271
1.19512
1.1988
1.2023
1.20657
1.21064
1.215
1.21964
1.22502
1.23019
1.23633
1.24248
1.24887
1.25525
1.2621
1.26916
1.27619
1.28318
1.29084
1.29845
1.30575
1.31394
1.32205
1.33079
1.33943
1.34797
1.3564
1.36542
1.37408
1.3826
1.39194
1.40088
1.41039
1.41974
1.4294
1.4384
1.4477
1.45753
1.46693
1.47662
1.48634
1.49658
1.50637
1.51642
1.52601
1.5361
1.54645
1.55633
1.56622
1.57587
1.58577
1.59568
1.60607
1.61623
1.6259
1.63605
1.64572
1.65562
1.66577
1.67567
1.68485
1.69475
1.70488
1.71501
1.72513
1.73477
1.74488
1.75475
1.76461
1.77518
1.78526
1.79485
1.80467
1.81448
1.82476
1.83454
1.84454
1.85476
1.86448
1.87441
1.88406
1.89369
1.90255
1.91161
1.92087
1.93103
1.94066
1.94998
1.95899
1.96818
1.97728
1.9863
1.99571
2.00454
2.01326
2.02187
2.03036
2.03873
2.04696
2.05481
2.06275
2.07054
2.07816
2.08562
2.0929
2.10047
2.10786
2.11456
2.12083
2.12736
2.13391
2.13952
2.14539
2.1515
2.15617
2.16108
2.16574
2.17015
2.17454
2.17844
2.18208
2.18546
2.18857
2.19166
2.19425
2.19657
2.19887
2.20114
2.20292
2.20421
2.20572
2.2065
2.20705
2.20687
2.20696
2.20682
2.20647
2.20592
2.20517
2.20497
2.20387
2.20286
2.20171
2.20018
2.19854
2.1968
2.19473
2.19283
2.19065
2.1889
2.18666
2.18514
2.18363
2.18143
2.17905
2.17746
2.17548
2.17385
2.17258
2.17122
2.16978
2.16827
2.16744
2.16659
2.16644
2.16581
2.16664
2.16678
2.16721
2.16818
2.16946
2.17107
2.17302
2.17483
2.17747
2.18073
2.18388
2.18813
2.19253
2.19708
2.20131
2.20667
2.21196
2.21814
2.2245
2.232
2.23919
2.24704
2.2558
2.26425
2.27384
2.28312
2.29353
2.30339
2.31413
2.32576
2.33705
2.34898
2.36129
2.37397
2.38702
2.4002
2.4142
2.42878
2.44322
2.45797
2.47328
2.48889
2.50381
2.52021
2.53639
2.55305
2.56994
2.58729
2.60363
2.62064
2.63829
2.65536
2.67304
2.69083
2.7087
2.7264
2.74486
2.76286
2.78085
2.79906
2.81697
2.83431
2.85155
2.8689
2.88631
2.9045
2.9215
2.938
2.95494
2.97109
2.9864
3.00181
3.01705
3.03136
3.0452
3.05901
3.07227
3.08521
3.09706
3.10828
3.11908
3.1287
3.1376
3.14552
3.15315
3.15998
3.16601
3.1712
3.17577
3.17877
3.18112
3.18306
3.18434
3.18448
3.18371
3.18179
3.17896
3.17474
3.16987
3.16436
3.15772
3.15047
3.14262
3.13395
3.12399
3.1135
3.10249
3.091
3.07856
3.06523
3.05125
3.03715
3.02175
3.00582
2.98962
2.97343
2.95633
2.93882
2.92047
2.9025
2.884
2.86571
2.84718
2.82797
2.80811
2.7881
2.76822
2.74826
2.72848
2.70842
2.68788
2.66807
2.64807
2.62812
2.60897
2.58968
2.57051
2.55171
2.53259
2.51434
2.49532
2.47576
2.45761
2.43968
2.42148
2.40377
2.38605
2.36858
2.3521
2.33515
2.31871
2.30302
2.28712
2.27175
2.25665
2.24183
2.22681
2.2128
2.19858
2.1844
2.17026
2.15687
2.14374
2.13089
2.11829
2.10618
2.09408
2.08221
2.07058
2.05941
2.0487
2.03771
2.02667
2.01605
2.00536
1.99531
1.98517
1.97516
1.96528
1.95574
1.94606
1.93598
1.92596
1.91696
1.90848
1.89905
1.88964
1.87998
1.87079
1.86156
1.85205
1.84248
1.83308
1.82335
1.81354
1.80361
1.79334
1.78366
1.77312
1.76245
1.75187
1.74042
1.72929
1.71824
1.7068
1.69543
1.68365
1.67244
1.66035
1.64834
1.6369
1.62483
1.61262
1.60005
1.58735
1.57502
1.56235
1.54911
1.53604
1.52315
1.50924
1.49603
1.48281
1.46958
1.45638
1.4432
1.43008
1.41679
1.40359
1.39169
1.37919
1.36707
1.35439
1.34236
1.33028
1.31841
1.30677
1.29488
1.28421
1.27357
1.262
1.25217
1.24169
1.23201
1.22266
1.21365
1.20475
1.19596
1.18802
1.18046
1.17399
1.1667
1.16004
1.15402
1.14742
1.14194
1.13685
1.13265
1.1286
1.12471
1.12145
1.11811
1.11564
1.11331
1.11186
1.11055
1.10962
1.1093
1.10984
1.11003
1.11034
1.11125
1.113
1.11511
1.11732
1.11963
1.1218
1.12431
1.12715
1.13129
1.13502
1.13956
1.14417
1.14886
1.15434
1.1606
1.16668
1.17283
1.17999
1.18696
1.19302
1.20057
1.20791
1.21529
1.22319
1.23136
1.23979
1.24896
1.25815
1.26759
1.27704
1.28696
1.29688
1.30703
1.31764
1.32871
1.33926
1.3505
1.36169
1.37307
1.38512
1.39685
1.40923
1.42152
1.43395
1.44653
1.45972
1.47255
1.48549
1.49854
1.51168
1.52515
1.53894
1.55183
1.56406
1.57802
1.59203
1.60535
1.61917
1.63277
1.64615
1.66097
1.67481
1.68889
1.70294
1.71673
1.73048
1.74395
1.75714
1.77002
1.78334
1.79634
1.80952
1.82286
1.83564
1.84882
1.8619
1.87417
1.88658
1.89936
1.91228
1.92461
1.93657
1.9489
1.96111
1.97319
1.98465
1.99719
2.00862
2.01991
2.03058
2.04133
2.05242
2.06335
2.07388
2.08401
2.09398
2.10401
2.11436
2.12429
2.13356
2.14265
2.15156
2.16077
2.17002
2.17836
2.1865
2.19469
2.20292
2.21095
2.21829
2.22566
2.23331
2.24027
2.24677
2.25331
2.25963
2.2655
2.27139
2.27707
2.28253
2.28777
2.29329
2.29835
2.30295
2.30663
2.31082
2.31504
2.31882
2.32167
2.32481
2.32823
2.33147
2.33379
2.33641
2.33838
2.34113
2.34347
2.34565
2.34718
2.34857
2.35005
2.35139
2.35259
2.35318
2.35437
2.35568
2.35641
2.35727
2.35731
2.3575
2.35761
2.35812
2.35809
2.35775
2.35783
2.35763
2.35787
2.35807
2.35728
2.35695
2.35684
2.35672
2.35733
2.35769
2.35759
2.35726
2.35742
2.35786
2.35711
2.35713
2.3567
2.35704
2.35743
2.35739
2.35765
2.35821
2.35858
2.35902
2.35953
2.35986
2.36098
2.36145
2.36246
2.36307
2.36422
2.36472
2.36576
2.36687
2.36804
2.36902
2.37055
2.37165
2.37279
2.37422
2.3757
2.3772
2.37922
2.38102
2.3826
2.38443
2.38602
2.38762
2.38897
2.38982
2.39185
2.39386
2.39534
2.39679
2.39818
2.39928
2.40079
2.40271
2.40383
2.40438
2.40532
2.40616
2.40689
2.40702
2.40728
2.4074
2.40787
2.40845
2.4084
2.40796
2.40712
2.40661
2.40594
2.40558
2.40457
2.40339
2.40203
2.4005
2.39855
2.3969
2.39506
2.39257
2.38989
2.38703
2.38423
2.38077
2.37714
2.3738
2.3703
2.36662
2.36302
2.35974
2.35605
2.35246
2.34799
2.34313
2.33814
2.33253
2.32775
2.32286
2.31712
2.31152
2.30557
2.29977
2.29412
2.28863
2.28283
2.2772
2.27078
2.26503
2.25852
2.25245
2.2461
2.23996
2.23405
2.22788
2.22171
2.21505
2.20935
2.20319
2.19704
2.19067
2.18456
2.17873
2.17197
2.16572
2.15952
2.15384
2.14845
2.14238
2.13661
2.13041
2.12427
2.11891
2.11337
2.10765
2.10223
2.09687
2.09133
2.08562
2.08093
2.07558
2.07077
2.06555
2.06062
2.05528
2.05047
2.0462
2.04175
2.03735
2.03252
2.02798
2.02325
2.01904
2.01464
2.0098
2.00571
2.00167
1.99741
1.99343
1.98874
1.98457
1.98041
1.97675
1.97262
1.9685
1.9639
1.95979
1.95591
1.95154
1.94669
1.94278
1.93909
1.93466
1.93044
1.92594
1.9219
1.91805
1.91344
1.90902
1.90431
1.89954
1.89495
1.89006
1.88606
1.88151
1.87664
1.87147
1.86669
1.86184
1.85691
1.85166
1.84609
1.84068
1.83447
1.82866
1.82278
1.81683
1.81104
1.80495
1.79928
1.79332
1.78682
1.78076
1.77443
1.7683
1.76192
1.75552
1.74983
1.74344
1.73706
1.73119
1.72463
1.71813
1.71265
1.70652
1.70072
1.69502
1.68895
1.68349
1.67816
1.67323
1.66846
1.66362
1.65897
1.65476
1.65028
1.64626
1.64175
1.63797
1.63492
1.63165
1.62913
1.62688
1.6254
1.62301
1.62139
1.62007
1.61954
1.61883
1.61842
1.61809
1.61806
1.61857
1.61963
1.621
1.62241
1.62437
1.62589
1.62865
1.63072
1.63354
1.63686
1.63994
1.64301
1.64679
1.65079
1.65451
1.65937
1.66321
1.66793
1.67303
1.67803
1.68291
1.68813
1.69392
1.70002
1.70522
1.71046
1.71598
1.7215
1.72655
1.73206
1.73754
1.74274
1.74788
1.75319
1.75819
1.76309
1.76837
1.7733
1.77786
1.78276
1.78729
1.79166
1.79612
1.80065
1.80453
1.80847
1.81151
1.81485
1.818
1.82071
1.82348
1.82582
1.82844
1.83014
1.83237
1.83441
1.83626
1.8384
1.83939
1.84019
1.8413
1.84223
1.84299
1.84358
1.84377
1.84331
1.84271
1.84268
1.84227
1.84197
1.84106
1.84075
1.83959
1.83833
1.83648
1.8355
1.83514
1.83374
1.83202
1.83071
1.82886
1.82718
1.82546
1.82368
1.82187
1.81906
1.81791
1.81577
1.81409
1.81241
1.80999
1.80806
1.80637
1.80469
1.80279
1.80138
1.79976
1.79793
1.79636
1.79532
1.79383
1.79167
1.79003
1.78845
1.78619
1.78544
1.78377
1.78217
1.78087
1.7794
1.77847
1.77762
1.77659
1.77587
1.77498
1.77417
1.77318
1.77251
1.77191
1.77115
1.77117
1.77079
1.77049
1.77002
1.76986
1.76977
1.76927
1.76933
1.7697
1.76989
1.77064
1.77097
1.77161
1.77208
1.77261
1.77272
1.77291
1.77363
1.77467
1.77552
1.77644
1.77719
1.77823
1.77934
1.78003
1.78126
1.7828
1.78416
1.78582
1.78706
1.78788
1.78948
1.7921
1.79406
1.79583
1.79767
1.79932
1.8015
1.80326
1.80556
1.80766
1.80981
1.81129
1.81378
1.81558
1.81815
1.82028
1.82244
1.82487
1.82733
1.82958
1.83185
1.83414
1.83668
1.83924
1.84204
1.84508
1.84764
1.85019
1.85321
1.85597
1.85944
1.86191
1.8646
1.86701
1.86962
1.87242
1.87421
1.87666
1.87882
1.88044
1.88246
1.8849
1.88678
1.88859
1.89055
1.89242
1.89325
1.89446
1.8963
1.89683
1.89751
1.89929
1.9
1.90085
1.90135
1.90198
1.90275
1.90389
1.90445
1.90489
1.90523
1.90498
1.9051
1.90489
1.90384
1.90342
1.9029
1.9018
1.90086
1.90006
1.89942
1.89845
1.89741
1.89605
1.89485
1.89335
1.89203
1.88992
1.88848
1.88747
1.88617
1.88483
1.88345
1.88204
1.88085
1.87963
1.87815
1.87642
1.87516
1.87366
1.87168
1.87043
1.86823
1.867
1.86508
1.86341
1.86226
1.86067
1.85887
1.85759
1.8554
1.85423
1.85286
1.85204
1.85056
1.84963
1.84828
1.84725
1.84606
1.84519
1.8444
1.84394
1.84284
1.84256
1.84214
1.84181
1.84182
1.84242
1.84192
1.84224
1.84195
1.84224
1.84265
1.84341
1.84403
1.84454
1.84515
1.8454
1.84624
1.84744
1.84851
1.84993
1.85122
1.85286
1.85509
1.85695
1.85867
1.86048
1.86264
1.86464
1.86698
1.86892
1.87094
1.87376
1.87665
1.8796
1.88213
1.88472
1.88759
1.89074
1.89392
1.89664
1.89938
1.90212
1.90535
1.90832
1.91055
1.91347
1.91635
1.91894
1.92197
1.92468
1.92732
1.92988
1.93234
1.93446
1.93671
1.93884
1.9406
1.94247
1.94443
1.94601
1.94742
1.94916
1.95049
1.95116
1.95189
1.95245
1.95282
1.95276
1.953
1.95281
1.95219
1.95186
1.95087
1.94945
1.94809
1.94679
1.94556
1.94369
1.9419
1.93923
1.93737
1.93538
1.93302
1.9303
1.92772
1.92527
1.92226
1.91869
1.91602
1.91305
1.91029
1.90701
1.90397
1.90115
1.89835
1.89533
1.8921
1.8894
1.88748
1.88442
1.88193
1.87927
1.87672
1.87404
1.87196
1.87
1.86794
1.8665
1.86496
1.86358
1.86236
1.86154
1.86041
1.85944
1.85865
1.85755
1.85736
1.85757
1.85749
1.85661
1.85688
1.85755
1.8584
1.85942
1.86061
1.86171
1.8625
1.86344
1.8655
1.86722
1.86933
1.87134
1.87371
1.87574
1.87837
1.88063
1.88325
1.88621
1.88904
1.89172
1.89498
1.89856
1.90175
1.90477
1.9081
1.91127
1.91498
1.91851
1.92233
1.92549
1.9287
1.93243
1.9362
1.94001
1.94338
1.94773
1.95187
1.95628
1.96022
1.96394
1.96816
1.97166
1.9759
1.98062
1.98414
1.98813
1.99237
1.99563
1.9996
2.0038
2.0075
2.01189
2.01578
2.02013
2.02395
2.02823
2.03222
2.03592
2.03909
2.0427
2.04672
2.0502
2.05338
2.05648
2.05951
2.06318
2.06628
2.06929
2.07245
2.07479
2.07678
2.07987
2.08188
2.0845
2.08651
2.08864
2.09088
2.09226
2.09375
2.09533
2.09678
2.09783
2.09921
2.1002
2.10127
2.10218
2.10244
2.1023
2.10272
2.10273
2.10256
2.10175
2.10125
2.10058
2.09974
2.09874
2.09732
2.0955
2.09376
2.0921
2.09051
2.08853
2.08688
2.0846
2.08193
2.07936
2.07666
2.07358
2.07014
2.06682
2.06314
2.05959
2.05593
2.05218
2.04786
2.04418
2.04067
2.0366
2.03271
2.02877
2.02455
2.02004
2.0155
2.01166
2.00757
2.00347
1.99937
1.99504
1.99097
1.98692
1.98267
1.97894
1.97526
1.97115
1.96759
1.96385
1.9602
1.95664
1.95292
1.94955
1.94629
1.94266
1.94011
1.93721
1.9342
1.93181
1.92981
1.927
1.92459
1.92258
1.92074
1.91883
1.91686
1.91532
1.91468
1.914
1.91327
1.91274
1.91265
1.91253
1.91238
1.91268
1.91295
1.91392
1.91486
1.91627
1.91741
1.91853
1.92011
1.92214
1.9244
1.92735
1.92979
1.93293
1.93555
1.93862
1.94189
1.94535
1.94925
1.95357
1.95807
1.96274
1.96733
1.97233
1.97747
1.98298
1.98887
1.99392
1.99907
2.00456
2.01038
2.01628
2.02249
2.02826
2.03384
2.03994
2.04581
2.05169
2.05757
2.06344
2.06856
2.07413
2.0799
2.08561
2.09198
2.0978
2.10306
2.10799
2.11355
2.11926
2.12438
2.12914
2.13428
2.13858
2.14397
2.14803
2.15197
2.15603
2.15973
2.16307
2.16677
2.17036
2.17479
2.17838
2.18186
2.18548
2.18851
2.19168
2.19475
2.19771
2.20107
2.20385
2.20653
2.20889
2.2114
2.2143
2.21687
2.21912
2.22103
2.22309
2.22506
2.22693
2.22895
2.23063
2.23219
2.23317
2.23427
2.23477
2.23586
2.23659
2.23765
2.23785
2.23863
2.23877
2.23947
2.23953
2.23989
2.2396
2.2401
2.23945
2.23862
2.2376
2.23592
2.23429
2.23247
2.2307
2.22827
2.22638
2.22335
2.22111
2.21846
2.21564
2.21268
2.20933
2.20633
2.20296
2.19949
2.19615
2.1932
2.18921
2.1854
2.18083
2.1779
2.17446
2.17054
2.16663
2.16299
2.1589
2.15511
2.1514
2.14777
2.14472
2.14178
2.13825
2.13511
2.1326
2.12979
2.12667
2.12423
2.12199
2.12021
2.11866
2.1171
2.11507
2.11425
2.11273
2.11268
2.11218
2.11243
2.11249
2.11355
2.11441
2.11533
2.11678
2.11851
2.12102
2.12358
2.1269
2.12954
2.13246
2.1359
2.14009
2.1443
2.1495
2.15398
2.15846
2.16342
2.16908
2.17449
2.1801
2.18542
2.19142
2.19711
2.20392
2.21065
2.21727
2.22451
2.23138
2.23811
2.24493
2.25182
2.25927
2.26676
2.27405
2.28137
2.28894
2.29627
2.30383
2.31112
2.31789
2.32558
2.33248
2.33931
2.34654
2.35367
2.35973
2.36712
2.3739
2.38007
2.38609
2.39196
2.39766
2.40368
2.40855
2.41396
2.41869
2.42321
2.42753
2.43188
2.43648
2.44038
2.44429
2.44796
2.45162
2.45456
2.45749
2.46017
2.46259
2.46427
2.46616
2.46732
2.46965
2.47075
2.47183
2.4724
2.4727
2.47274
2.47252
2.47204
2.47177
2.47101
2.46952
2.4685
2.46651
2.46452
2.46206
2.45985
2.4579
2.45478
2.45144
2.44815
2.4449
2.44171
2.43787
2.43361
2.42944
2.4244
2.41995
2.41561
2.41115
2.40635
2.40121
2.3967
2.39164
2.38627
2.38085
2.37514
2.36989
2.36461
2.35932
2.35475
2.34923
2.34397
2.33851
2.33284
2.32771
2.32288
2.31788
2.31296
2.30813
2.30317
2.29879
2.2943
2.28969
2.28594
2.28186
2.27817
2.27464
2.27129
2.26787
2.26464
2.26208
2.25899
2.25684
2.25393
2.25172
2.24974
2.24774
2.24622
2.24517
2.24412
2.24332
2.24276
2.24245
2.24263
2.24329
2.24349
2.24417
2.24485
2.24626
2.24791
2.24956
2.25119
2.25449
2.25656
2.25908
2.26204
2.26471
2.26852
2.27225
2.27541
2.27918
2.28307
2.28659
2.29091
2.2953
2.29925
2.30323
2.30721
2.31118
2.31535
2.31873
2.32276
2.32668
2.32999
2.33314
2.33685
2.34011
2.34293
2.34575
2.34855
2.35085
2.35286
2.35482
2.35551
2.35636
2.35713
2.35709
2.35672
2.35674
2.35594
2.35555
2.3546
2.35262
2.35082
2.34874
2.34591
2.34284
2.33929
2.33625
2.33229
2.32865
2.32511
2.32121
2.31721
2.31313
2.30901
2.30509
2.30118
2.29656
2.29246
2.28841
2.28421
2.28083
2.27707
2.27297
2.26949
2.26665
2.26301
2.26003
2.25722
2.25436
2.25169
2.24946
2.24742
2.24606
2.2444
2.24244
2.24115
2.23979
2.23883
2.23779
2.23665
2.23636
2.23595
2.2354
2.23518
2.23528
2.23591
2.2361
2.23558
2.23555
2.23502
2.23518
2.2348
2.23435
2.23405
2.23365
2.23287
2.2322
2.23136
2.23059
2.22914
2.22797
2.22633
2.22446
2.22234
2.2202
2.21708
2.21439
2.21095
2.20745
2.20365
2.19956
2.19516
2.19045
2.1852
2.18013
2.17452
2.16861
2.1624
2.15591
2.14914
2.14258
2.13528
2.12773
2.11969
2.11192
2.10369
2.09526
2.08689
2.0781
2.06916
2.05984
2.05065
2.0411
2.03147
2.02177
2.01226
2.00247
1.99314
1.98382
1.97428
1.96428
1.95459
1.9452
1.93565
1.9267
1.91786
1.90868
1.90037
1.89175
1.88306
1.87482
1.8663
1.85849
1.85115
1.84382
1.83676
1.82972
1.82321
1.81723
1.81107
1.8057
1.80017
1.79497
1.79034
1.78605
1.78163
1.77805
1.77506
1.77195
1.76946
1.76757
1.76533
1.76346
1.76294
1.76231
1.76229
1.7617
1.76244
1.76308
1.76457
1.76596
1.767
1.76961
1.77235
1.77497
1.77819
1.782
1.78615
1.79066
1.79549
1.80066
1.80592
1.81173
1.81761
1.82427
1.83147
1.83822
1.84574
1.85327
1.86179
1.86982
1.87857
1.88706
1.89552
1.90466
1.9135
1.92275
1.93241
1.94197
1.95166
1.96219
1.97234
1.98281
1.99336
2.00348
2.01339
2.02333
2.03376
2.04394
2.0536
2.06321
2.07348
2.08343
2.09279
2.10299
2.11185
2.12103
2.13028
2.13957
2.14793
2.15653
2.16489
2.17322
2.18103
2.18829
2.19476
2.20185
2.20812
2.21426
2.22002
2.22491
2.22964
2.2342
2.23833
2.24203
2.24528
2.24831
2.24993
2.2518
2.2532
2.25388
2.25481
2.25478
2.2545
2.25327
2.25204
2.25009
2.24767
2.24479
2.24144
2.2374
2.23364
2.22871
2.2236
2.21831
2.21238
2.20581
2.19957
2.192
2.18431
2.17676
2.16864
2.15997
2.15124
2.14222
2.13294
2.12316
2.11315
2.10267
2.0927
2.08255
2.07174
2.06102
2.05015
2.0394
2.02853
2.01709
2.00604
1.99469
1.98329
1.97232
1.96085
1.94937
1.93789
1.92691
1.91547
1.90359
1.89248
1.8812
1.87048
1.8596
1.84882
1.83767
1.82737
1.81671
1.80595
1.79606
1.78633
1.77581
1.7657
1.75578
1.74654
1.73702
1.72794
1.7186
1.70949
1.70109
1.69317
1.68477
1.67685
1.6692
1.66205
1.65516
1.64902
1.64268
1.63686
1.63108
1.62583
1.62062
1.61547
1.61086
1.6063
1.60228
1.59833
1.59491
1.59228
1.58948
1.58698
1.58478
1.58265
1.58058
1.57905
1.57831
1.57786
1.57748
1.57738
1.57783
1.57808
1.57934
1.58112
1.58198
1.58312
1.58477
1.58718
1.59008
1.59325
1.59594
1.59889
1.60232
1.60575
1.6099
1.61426
1.61813
1.62317
1.62793
1.63217
1.63709
1.64219
1.64771
1.65364
1.6595
1.66551
1.67142
1.67748
1.68416
1.69048
1.69739
1.70394
1.71059
1.7178
1.72463
1.73152
1.73849
1.74575
1.75307
1.76019
1.76758
1.775
1.78243
1.78986
1.79682
1.804
1.81139
1.81852
1.82585
1.83288
1.83985
1.847
1.85383
1.86057
1.86745
1.87423
1.88041
1.88695
1.89336
1.89963
1.906
1.91197
1.91779
1.92368
1.9294
1.93447
1.94008
1.94527
1.94955
1.95389
1.9578
1.962
1.96601
1.9696
1.97348
1.97718
1.98046
1.98332
1.98674
1.98974
1.99211
1.99455
1.99709
1.99925
2.00079
2.00316
2.00469
2.00659
2.0079
2.0096
2.01073
2.01178
2.01275
2.01462
2.01619
2.01722
2.01797
2.01868
2.0196
2.02049
2.02183
2.02243
2.02301
2.02334
2.02365
2.0242
2.0257
2.02575
2.02651
2.02726
2.02776
2.02849
2.02921
2.0299
2.03058
2.03099
2.03162
2.03269
2.033
2.03352
2.03422
2.03463
2.03498
2.03599
2.03644
2.03658
2.03591
2.03587
2.03574
2.03502
2.03444
2.03446
2.03413
2.03271
2.03212
2.03115
2.0298
2.02831
2.02692
2.02561
2.02414
2.02228
2.02025
2.0183
2.01594
2.01389
2.01143
2.00855
2.00574
2.00202
1.99861
1.99526
1.99077
1.98682
1.98245
1.97814
1.97366
1.96923
1.96415
1.95866
1.95347
1.94811
1.94258
1.93664
1.93078
1.92428
1.9181
1.912
1.90599
1.89958
1.89304
1.88635
1.87928
1.87231
1.86522
1.85703
1.84969
1.84174
1.83369
1.82552
1.81797
1.81032
1.80257
1.79426
1.78609
1.77808
1.76904
1.76064
1.75194
1.74341
1.73482
1.72545
1.71652
1.70801
1.69875
1.68944
1.68034
1.67146
1.6623
1.65361
1.64491
1.63595
1.6265
1.61753
1.60833
1.59889
1.5897
1.58004
1.57113
1.56201
1.55291
1.54385
1.53483
1.5261
1.51742
1.50904
1.49999
1.49174
1.48307
1.47449
1.46599
1.45782
1.44975
1.44178
1.43368
1.4257
1.41784
1.40962
1.4025
1.39528
1.38773
1.38032
1.37284
1.366
1.35908
1.35307
1.34652
1.33991
1.33398
1.32849
1.32247
1.31763
1.31204
1.30739
1.30272
1.29851
1.29405
1.28982
1.28606
1.2823
1.27926
1.27622
1.27342
1.27087
1.26855
1.26672
1.2649
1.26331
1.26173
1.26062
1.25951
1.25936
1.25968
1.2595
1.25907
1.25934
1.26007
1.26102
1.26217
1.26328
1.26436
1.26586
1.26756
1.26968
1.27174
1.27469
1.27756
1.28036
1.28307
1.28617
1.28942
1.29281
1.29633
1.29975
1.30329
1.30745
1.31148
1.31491
1.31942
1.32381
1.3283
1.33267
1.33764
1.34223
1.34622
1.35105
1.356
1.36106
1.36674
1.37182
1.37751
1.38285
1.38858
1.39518
1.40145
1.40764
1.41471
1.421
1.42746
1.43436
1.44097
1.44826
1.45576
1.46349
1.47095
1.47914
1.48756
1.49648
1.50541
1.51484
1.5243
1.53428
1.54429
1.5546
1.56519
1.57559
1.58629
1.59754
1.60908
1.62166
1.63381
1.64724
1.66
1.67331
1.68668
1.70082
1.71502
1.73023
1.74452
1.75933
1.7744
1.79046
1.80606
1.82213
1.83868
1.8545
1.87124
1.88795
1.90509
1.92265
1.94013
1.95775
1.97576
1.99316
2.01066
2.02874
2.04665
2.06487
2.08288
2.10116
2.11921
2.13774
2.15576
2.17374
2.19239
2.21049
2.2285
2.2464
2.26442
2.28231
2.2998
2.31689
2.33427
2.35121
2.36817
2.38443
2.40092
2.41715
2.43311
2.44854
2.46343
2.47849
2.49346
2.50785
2.52213
2.53532
2.54863
2.56155
2.57311
2.58499
2.59598
2.60702
2.61715
2.62757
2.63754
2.64635
2.65542
2.66402
2.67193
2.67936
2.68681
2.69258
2.69812
2.70416
2.70947
2.71408
2.71846
2.72261
2.72582
2.72881
2.7311
2.73295
2.73435
2.73508
2.73586
2.73622
2.73593
2.73572
2.73463
2.73292
2.73083
2.72863
2.72632
2.72318
2.71972
2.71498
2.71114
2.70726
2.70261
2.69819
2.69327
2.68836
2.68322
2.67763
2.67161
2.6654
2.65949
2.65343
2.64722
2.6404
2.63322
2.62641
2.61926
2.61227
2.60544
2.59855
2.59089
2.5839
2.57688
2.56983
2.56228
2.55544
2.54787
2.53983
2.53179
2.52498
2.51745
2.50996
2.50224
2.49552
2.48811
2.48073
2.47362
2.46631
2.45928
2.45227
2.44555
2.43885
2.4317
2.42483
2.41749
2.41114
2.40457
2.39777
2.3905
2.38372
2.37719
2.37066
2.36412
2.35806
2.35198
2.34492
2.33785
2.33123
2.32435
2.31719
2.31049
2.30327
2.29601
2.28896
2.28186
2.27472
2.2673
2.26055
2.25327
2.24596
2.23859
2.23095
2.2235
2.21552
2.20775
2.19994
2.19161
2.18396
2.17653
2.16882
2.16109
2.15333
2.14531
2.138
2.13043
2.12261
2.11479
2.1072
2.09962
2.09181
2.084
2.07596
2.06891
2.06091
2.05318
2.04548
2.03758
2.02947
2.02165
2.01411
2.00638
1.99919
1.99182
1.98475
1.9775
1.97032
1.9637
1.95691
1.95019
1.9438
1.93701
1.93031
1.9237
1.91694
1.91027
1.9037
1.89796
1.89183
1.88533
1.87917
1.8736
1.8679
1.86256
1.85732
1.8522
1.84696
1.84135
1.83586
1.83098
1.82573
1.82109
1.81682
1.81242
1.8084
1.80379
1.79954
1.79566
1.79168
1.78807
1.78459
1.78101
1.77756
1.77497
1.77204
1.76925
1.76684
1.76408
1.76171
1.7602
1.75834
1.75591
1.75433
1.75289
1.75112
1.74972
1.74798
1.74685
1.74587
1.74453
1.74357
1.74274
1.74228
1.7417
1.74148
1.74163
1.74141
1.74131
1.7418
1.74191
1.74261
1.74268
1.74332
1.74382
1.74463
1.74553
1.74625
1.74705
1.74838
1.74977
1.75097
1.75148
1.75299
1.75454
1.75611
1.75746
1.75881
1.76066
1.76178
1.7629
1.76449
1.76535
1.76666
1.76771
1.76873
1.77019
1.77138
1.77229
1.77363
1.77469
1.77522
1.77594
1.77709
1.77794
1.77826
1.77901
1.77994
1.78058
1.78118
1.781
1.78197
1.78218
1.78284
1.78393
1.78403
1.7841
1.78463
1.78466
1.7854
1.78565
1.7859
1.7864
1.78667
1.78647
1.78678
1.78689
1.78752
1.78771
1.78795
1.78898
1.78912
1.78957
1.7901
1.79097
1.79194
1.79373
1.79515
1.79692
1.79834
1.79989
1.80181
1.80411
1.80608
1.80867
1.81118
1.81337
1.81595
1.8187
1.8221
1.82518
1.82867
1.83234
1.83593
1.8397
1.84387
1.84798
1.85202
1.85647
1.86156
1.86634
1.87103
1.87684
1.88256
1.88722
1.89275
1.89842
1.90469
1.91109
1.91689
1.92303
1.92976
1.93587
1.9423
1.94881
1.95587
1.96276
1.9697
1.97644
1.9825
1.98955
1.99662
2.00249
2.00957
2.01639
2.02369
2.03095
2.0377
2.04441
2.0513
2.0579
2.06492
2.07186
2.07776
2.08406
2.09075
2.09685
2.10309
2.10827
2.11405
2.11947
2.12525
2.13019
2.13524
2.14064
2.14566
2.1508
2.15507
2.15969
2.16417
2.16827
2.17247
2.17654
2.18094
2.18498
2.18815
2.19167
2.19434
2.19736
2.20074
2.20375
2.20664
2.20988
2.2123
2.21508
2.21703
2.21959
2.22254
2.2249
2.22741
2.22935
2.23097
2.2325
2.23396
2.23534
2.23713
2.23838
2.23981
2.24046
2.24203
2.24307
2.24431
2.24551
2.24668
2.24758
2.24919
2.25029
2.25185
2.25317
2.25424
2.25482
2.25588
2.25646
2.25753
2.25837
2.25947
2.26057
2.26218
2.26356
2.26471
2.26565
2.26758
2.26928
2.27125
2.27156
2.27334
2.27442
2.27601
2.2769
2.27806
2.27925
2.28046
2.28097
2.2832
2.28449
2.28628
2.28762
2.28898
2.29037
2.29227
2.29419
2.29637
2.29811
2.29986
2.30164
2.30393
2.30529
2.30739
2.30905
2.31097
2.31244
2.3149
2.31716
2.31969
2.32177
2.32413
2.32653
2.32896
2.33119
2.33346
2.33624
2.33859
2.34145
2.34459
2.34729
2.3493
2.35182
2.35487
2.35698
2.35937
2.36202
2.36494
2.36788
2.3706
2.37357
2.37607
2.37905
2.38228
2.3855
2.38799
2.39046
2.39338
2.39507
2.39817
2.40146
2.4035
2.40596
2.40836
2.41117
2.41341
2.41557
2.41811
2.42031
2.42216
2.42413
2.42574
2.42674
2.42784
2.42905
2.42986
2.43028
2.43102
2.43135
2.43103
2.43126
2.43059
2.43021
2.42989
2.42963
2.42893
2.42779
2.4267
2.42541
2.42344
2.42175
2.42034
2.41897
2.41667
2.4137
2.41077
2.4086
2.40551
2.40199
2.39875
2.39533
2.39149
2.38794
2.38373
2.37911
2.3748
2.37032
2.36496
2.36017
2.35548
2.34944
2.34374
2.33816
2.33269
2.32663
2.32071
2.31445
2.30785
2.30142
2.29587
2.28977
2.28362
2.27742
2.27046
2.2637
2.25741
2.25086
2.24503
2.23776
2.23146
2.22495
2.21798
2.21178
2.20537
2.19902
2.19225
2.18579
2.17987
2.17404
2.16757
2.16168
2.15588
2.14994
2.14435
2.1391
2.13398
2.12872
2.12359
2.1181
2.11369
2.10893
2.10429
2.09978
2.09541
2.09188
2.088
2.08425
2.08038
2.07688
2.07327
2.07027
2.06643
2.06295
2.05935
2.05707
2.0549
2.05213
2.04972
2.04693
2.04449
2.04216
2.03994
2.03782
2.03627
2.03459
2.03252
2.03126
2.02961
2.02757
2.02657
2.02566
2.02458
2.02334
2.02146
2.02013
2.01839
2.0172
2.01632
2.01574
2.01499
2.01478
2.01439
2.01381
2.01353
2.01234
2.01168
2.01107
2.01051
2.01072
2.01001
2.00935
2.00921
2.00912
2.00859
2.00882
2.00934
2.00941
2.00977
2.01017
2.01037
2.01014
2.01091
2.01173
2.01164
2.01208
2.01233
2.01287
2.01348
2.01414
2.01535
2.0159
2.017
2.01818
2.01895
2.0198
2.02122
2.02225
2.02385
2.02555
2.02735
2.02949
2.03078
2.03243
2.03467
2.0368
2.03906
2.04168
2.0442
2.04735
2.05039
2.05381
2.05714
2.06039
2.0633
2.06685
2.07031
2.07441
2.07842
2.0826
2.08693
2.09167
2.09608
2.10089
2.1061
2.11122
2.11626
2.12193
2.12726
2.13322
2.13907
2.14482
2.15094
2.1567
2.16306
2.17001
2.17658
2.18325
2.18952
2.19612
2.20328
2.21002
2.21681
2.22389
2.23029
2.23744
2.24461
2.25178
2.25896
2.26588
2.2735
2.2806
2.28767
2.29443
2.30162
2.30921
2.31575
2.32243
2.32878
2.33452
2.34062
2.34707
2.35313
2.35856
2.36504
2.36942
2.3753
2.38028
2.38531
2.39039
2.39478
2.39872
2.40293
2.40644
2.4102
2.41423
2.41754
2.42038
2.42323
2.4256
2.4275
2.4294
2.43155
2.43346
2.4349
2.43611
2.43733
2.43832
2.43861
2.43868
2.43878
2.43867
2.43884
2.43833
2.43763
2.43675
2.43593
2.43445
2.43306
2.43175
2.42981
2.42773
2.42553
2.4232
2.42076
2.41846
2.41558
2.41261
2.41029
2.40742
2.40473
2.40174
2.39944
2.39685
2.394
2.39113
2.38824
2.38583
2.3827
2.37934
2.37623
2.37338
2.3708
2.36801
2.36477
2.36206
2.35939
2.35702
2.35421
2.35171
2.34903
2.34666
2.34436
2.34189
2.33951
2.3372
2.33498
2.3331
2.3313
2.32984
2.32872
2.32675
2.32512
2.32408
2.32316
2.32212
2.32096
2.3204
2.31974
2.31898
2.31835
2.31834
2.31824
2.31757
2.31753
2.31789
2.31792
2.31812
2.31896
2.31949
2.3209
2.32248
2.32399
2.32566
2.3275
2.32925
2.33141
2.33372
2.33595
2.3388
2.34154
2.34443
2.3472
2.35009
2.3526
2.3557
2.35888
2.36215
2.36596
2.36959
2.37303
2.37698
2.3807
2.38444
2.38792
2.39187
2.39554
2.39964
2.40296
2.40645
2.40961
2.41339
2.41633
2.41867
2.42136
2.4239
2.42629
2.42924
2.43104
2.43291
2.43508
2.43657
2.43835
2.43896
2.44009
2.44053
2.44101
2.44153
2.44184
2.4417
2.44113
2.44083
2.44035
2.43919
2.43809
2.43706
2.43585
2.43473
2.43344
2.43153
2.42972
2.42755
2.42597
2.4238
2.42129
2.41918
2.4165
2.41398
2.41093
2.40879
2.40612
2.40295
2.39999
2.39702
2.39428
2.3918
2.38956
2.38687
2.38445
2.38159
2.37925
2.37697
2.37427
2.37186
2.36953
2.36728
2.36511
2.36302
2.36174
2.35982
2.35872
2.35699
2.35584
2.3543
2.35333
2.35149
2.35046
2.34927
2.34841
2.34715
2.34595
2.34507
2.34401
2.343
2.34204
2.34135
2.34118
2.34054
2.34087
2.34048
2.33959
2.33771
2.337
2.33623
2.33564
2.33473
2.33373
2.33262
2.33116
2.32956
2.32781
2.32542
2.32382
2.3218
2.31957
2.31786
2.3152
2.31231
2.30918
2.30603
2.30262
2.29871
2.29451
2.28931
2.28383
2.27877
2.27367
2.2685
2.26256
2.25608
2.24929
2.24246
2.23557
2.22815
2.22045
2.21271
2.20518
2.19666
2.18788
2.17885
2.16934
2.16008
2.14987
2.13946
2.12932
2.119
2.10849
2.09759
2.08677
2.07556
2.06471
2.05327
2.04171
2.03055
2.01932
2.00801
1.99617
1.98454
1.97287
1.96167
1.94975
1.93784
1.92618
1.91481
1.90371
1.89196
1.88027
1.86866
1.85738
1.84621
1.83515
1.82421
1.81365
1.80395
1.7932
1.78333
1.77315
1.76315
1.75383
1.74397
1.73432
1.72537
1.71639
1.70812
1.6996
1.69108
1.68304
1.67502
1.66724
1.65997
1.65321
1.64671
1.64
1.63381
1.62814
1.62202
1.61691
1.61184
1.60682
1.60208
1.59762
1.59345
1.58933
1.58598
1.58242
1.57939
1.57664
1.57489
1.57319
1.57127
1.56963
1.56874
1.56812
1.56777
1.56743
1.56784
1.56873
1.56916
1.56983
1.5705
1.57213
1.57351
1.57512
1.57696
1.57949
1.58176
1.58424
1.58716
1.58957
1.59241
1.59592
1.60011
1.60351
1.6071
1.61134
1.61576
1.61962
1.62485
1.62952
1.63508
1.64006
1.64496
1.65025
1.65545
1.66127
1.66627
1.6719
1.67766
1.68381
1.69009
1.69627
1.70331
1.70999
1.71729
1.72497
1.73229
1.7395
1.74684
1.75479
1.76263
1.76964
1.77725
1.78523
1.79358
1.80157
1.81017
1.81865
1.82702
1.83575
1.8446
1.85334
1.86268
1.8719
1.88123
1.89092
1.90073
1.91041
1.92019
1.93057
1.94033
1.95043
1.96015
1.96996
1.98083
1.99154
2.00234
2.01322
2.02321
2.03423
2.04532
2.05575
2.0672
2.07822
2.08953
2.10063
2.11153
2.12269
2.13388
2.14533
2.1563
2.16752
2.17898
2.1897
2.20041
2.21206
2.2232
2.23406
2.24536
2.25661
2.26732
2.27821
2.28903
2.30025
2.31066
2.32074
2.33144
2.34227
2.35251
2.36239
2.37261
2.38246
2.39193
2.40124
2.40991
2.41937
2.42841
2.43728
2.44619
2.45442
2.46197
2.46978
2.47785
2.48544
2.49328
2.50039
2.50725
2.51385
2.52018
2.52648
2.53226
2.53824
2.54296
2.54835
2.55248
2.55702
2.56077
2.56445
2.5683
2.57135
2.57385
2.57651
2.57861
2.58015
2.58139
2.58279
2.58293
2.583
2.58301
2.58274
2.58194
2.58134
2.58047
2.57957
2.57843
2.57632
2.57469
2.57261
2.57031
2.56781
2.56536
2.56226
2.55899
2.55581
2.55225
2.54906
2.54574
2.54185
2.53836
2.53431
2.53093
2.52703
2.52333
2.51939
2.51495
2.51101
2.5071
2.50322
2.49866
2.49513
2.49119
2.48781
2.48428
2.48109
2.47826
2.47459
2.47152
2.46811
2.46557
2.46366
2.46118
2.45934
2.45743
2.45495
2.4529
2.45149
2.45025
2.44919
2.44782
2.44662
2.44583
2.44521
2.44523
2.44516
2.44524
2.44523
2.44536
2.44586
2.44625
2.44723
2.4476
2.44879
2.44934
2.45046
2.45213
2.45337
2.45442
2.4555
2.45685
2.45822
2.45887
2.45975
2.46085
2.46144
2.46295
2.46369
2.46414
2.46475
2.46552
2.46645
2.46704
2.46801
2.46839
2.46889
2.46902
2.46878
2.46936
2.46957
2.4689
2.46833
2.46808
2.46672
2.46568
2.46448
2.46312
2.46184
2.46016
2.4588
2.45751
2.45582
2.45325
2.45004
2.4474
2.44508
2.44188
2.43854
2.43529
2.43189
2.42812
2.4242
2.42039
2.41693
2.41237
2.40842
2.40433
2.40037
2.39654
2.39187
2.38684
2.38196
2.37649
2.37116
2.36597
2.36046
2.35485
2.34891
2.34338
2.33776
2.33231
2.32631
2.32048
2.31459
2.30888
2.30287
2.29705
2.29094
2.2843
2.27811
2.27212
2.26585
2.25956
2.25325
2.24691
2.2408
2.23443
2.22782
2.22192
2.21554
2.2094
2.20279
2.19714
2.19103
2.18541
2.17932
2.17326
2.16697
2.16095
2.1547
2.148
2.14229
2.13613
2.1295
2.12387
2.11753
2.1117
2.10565
2.09963
2.0941
2.08786
2.08188
2.07567
2.06947
2.06328
2.05708
2.05113
2.04517
2.03992
2.03369
2.02769
2.02191
2.01634
2.01075
2.00416
1.99777
1.9923
1.98607
1.97979
1.97394
1.96707
1.96038
1.95412
1.94779
1.94116
1.93471
1.92771
1.92064
1.91374
1.90653
1.89925
1.8919
1.88449
1.87724
1.86944
1.86206
1.85436
1.84709
1.83975
1.83211
1.82441
1.81618
1.80813
1.80004
1.79214
1.78395
1.77597
1.76795
1.75966
1.75134
1.74276
1.73416
1.72579
1.71741
1.70926
1.70112
1.69323
1.68487
1.67677
1.66845
1.65992
1.65216
1.64395
1.63605
1.62844
1.62113
1.61342
1.60531
1.59777
1.59033
1.58251
1.57481
1.56795
1.56097
1.5539
1.54722
1.54046
1.53362
1.52769
1.52146
1.51567
1.50984
1.50495
1.50005
1.49467
1.49001
1.48536
1.48123
1.47737
1.4738
1.47077
1.46684
1.4637
1.46137
1.45985
1.45795
1.4564
1.45569
1.45485
1.45463
1.45454
1.45484
1.45575
1.45658
1.45827
1.46012
1.46284
1.46572
1.46922
1.47264
1.47595
1.48013
1.4854
1.49031
1.49606
1.50191
1.50785
1.51578
1.52185
1.52844
1.53576
1.54357
1.55135
1.55932
1.56698
1.57573
1.58387
1.59233
1.60107
1.60935
1.61833
1.62654
1.63514
1.64363
1.65148
1.65939
1.6666
1.67476
1.68241
1.68951
1.69628
1.70222
1.70874
1.7139
1.71865
1.72346
1.72734
1.73127
1.7345
1.7368
1.73961
1.74174
1.7439
1.74492
1.74552
1.74499
1.74432
1.74376
1.74213
1.74066
1.73865
1.73709
1.73479
1.73275
1.73051
1.72761
1.72433
1.72165
1.71863
1.71531
1.71266
1.71022
1.70731
1.70514
1.70278
1.69999
1.69705
1.69445
1.69197
1.68938
1.68742
1.68515
1.68353
1.68234
1.68039
1.67889
1.67785
1.67656
1.67526
1.67493
1.67461
1.67479
1.675
1.67547
1.67549
1.67652
1.67734
1.67894
1.68058
1.68275
1.68522
1.68799
1.69105
1.69466
1.69809
1.70206
1.70634
1.7114
1.71605
1.72148
1.72649
1.73253
1.73839
1.74431
1.75053
1.75753
1.76554
1.7724
1.77954
1.78746
1.79589
1.80508
1.81431
1.82332
1.83355
1.84308
1.85309
1.86311
1.87336
1.88503
1.89596
1.9071
1.91869
1.92998
1.9417
1.95334
1.96611
1.97807
1.9904
2.00238
2.01448
2.02716
2.04113
2.05398
2.0669
2.08035
2.09336
2.1064
2.1197
2.13299
2.1458
2.15882
2.17156
2.18472
2.19759
2.21013
2.22306
2.23565
2.24859
2.26093
2.2736
2.28636
2.29847
2.31015
2.32164
2.33268
2.34399
2.35483
2.36519
2.37554
2.38539
2.39545
2.40499
2.41399
2.42342
2.43254
2.44062
2.44862
2.45628
2.4636
2.47081
2.47743
2.48368
2.48981
2.49507
2.50044
2.50519
2.50954
2.5135
2.51634
2.51998
2.52249
2.52483
2.527
2.52828
2.52938
2.53008
2.52987
2.52973
2.52918
2.52869
2.52708
2.52577
2.52358
2.52075
2.51775
2.51437
2.51083
2.50618
2.5014
2.49649
2.49073
2.48533
2.47959
2.47302
2.46613
2.4589
2.45112
2.44328
2.43538
2.42696
2.41849
2.40977
2.40054
2.39059
2.38112
2.37119
2.36152
2.35068
2.34037
2.32988
2.31896
2.30788
2.29663
2.28572
2.27491
2.26324
2.25169
2.24001
2.22775
2.21586
2.20412
2.1918
2.17988
2.16836
2.15604
2.14367
2.13098
2.11849
2.10571
2.09312
2.08002
2.06785
2.05565
2.04295
2.02975
2.01751
2.00503
1.99255
1.97985
1.96669
1.95355
1.94069
1.92811
