0.8
0.799916
0.799665
0.799248
0.798664
0.797914
0.797
0.79592
0.794677
0.793271
0.791703
0.789973
0.788082
0.786031
0.783822
0.781456
0.778933
0.776256
0.773426
0.770445
0.767314
0.764036
0.760612
0.757043
0.753332
0.749477
0.745484
0.741355
0.737089
0.732688
0.728154
0.723488
0.718693
0.713769
0.708719
0.703545
0.698249
0.692835
0.687303
0.681657
0.675899
0.670032
0.664057
0.65798
0.651803
0.645528
0.639159
0.6327
0.626152
0.619519
0.612805
0.606014
0.599149
0.592214
0.585213
0.57815
0.571029
0.563855
0.556632
0.549364
0.542055
0.534709
0.527332
0.519929
0.512503
0.505059
0.497603
0.49014
0.482673
0.475208
0.46775
0.460304
0.452875
0.445469
0.438089
0.430742
0.423433
0.416167
0.408949
0.401784
0.394677
0.387634
0.380658
0.373757
0.366933
0.360193
0.353541
0.346981
0.34052
0.33416
0.327907
0.321765
0.315738
0.309831
0.304046
0.298389
0.292863
0.287472
0.282218
0.277106
0.272139
0.267319
0.262649
0.258131
0.253769
0.249563
0.245517
0.241632
0.237909
0.234349
0.230955
0.227726
0.224663
0.221767
0.219038
0.216477
0.214083
0.211856
0.209796
0.207901
0.206172
0.204606
0.203202
0.20196
0.200877
0.199951
0.199181
0.198565
0.1981
0.197782
0.197611
0.197583
0.197696
0.197945
0.198329
0.198843
0.199485
0.20025
0.201136
0.202139
0.203255
0.20448
0.20581
0.207242
0.208772
0.210396
0.21211
0.213909
0.21579
0.217749
0.219781
0.221883
0.22405
0.226278
0.228564
0.230903
0.233293
0.235727
0.238204
0.240718
0.243266
0.245844
0.248449
0.251076
0.253722
0.256383
0.259057
0.26174
0.264428
0.267118
0.269807
0.272492
0.275169
0.277837
0.280493
0.283132
0.285754
0.288354
0.290931
0.293482
0.296006
0.298498
0.300958
0.303383
0.305771
0.308121
0.31043
0.312696
0.314919
0.317096
0.319227
0.32131
0.323342
0.325324
0.327253
0.32913
0.330952
0.332719
0.33443
0.336085
0.337682
0.339222
0.340703
0.342127
0.343491
0.344797
0.346043
0.34723
0.348356
0.349423
0.350431
0.351379
0.352267
0.353097
0.353869
0.354581
0.355236
0.355833
0.356372
0.356856
0.357284
0.357657
0.357976
0.35824
0.358452
0.358612
0.35872
0.358777
0.358785
0.358745
0.358657
0.358523
0.358343
0.35812
0.357854
0.357546
0.357198
0.356811
0.356386
0.355925
0.355428
0.354896
0.354333
0.353738
0.353113
0.35246
0.35178
0.351074
0.350344
0.349591
0.348817
0.348023
0.34721
0.346381
0.345536
0.344677
0.343806
0.342925
0.342035
0.341138
0.340234
0.339325
0.338412
0.337498
0.336582
0.335668
0.334756
0.333849
0.332947
0.332052
0.331165
0.330288
0.329423
0.32857
0.327732
0.326911
0.326106
0.325319
0.324552
0.323805
0.323081
0.32238
0.321704
0.321053
0.320429
0.319834
0.319268
0.318733
0.31823
0.31776
0.317324
0.316925
0.316561
0.316235
0.315946
0.315697
0.315487
0.315319
0.315193
0.315109
0.315069
0.315072
0.31512
0.315214
0.315354
0.315541
0.315775
0.316058
0.316389
0.316769
0.317199
0.317679
0.31821
0.318791
0.319424
0.320107
0.32084
0.321625
0.322461
0.323349
0.324288
0.325278
0.32632
0.327412
0.328555
0.329749
0.330991
0.332284
0.333626
0.335017
0.336455
0.337941
0.339475
0.341055
0.342681
0.344352
0.346068
0.347827
0.349629
0.351471
0.353353
0.355274
0.357233
0.359229
0.361259
0.363324
0.365421
0.36755
0.369708
0.371895
0.374108
0.376346
0.378609
0.380894
0.383201
0.385527
0.387871
0.39023
0.392604
0.394992
0.397391
0.399799
0.402215
0.404636
0.40706
0.409487
0.411914
0.414339
0.416761
0.419177
0.421587
0.423988
0.426379
0.428758
0.431123
0.433472
0.435804
0.438118
0.44041
0.44268
0.444926
0.447148
0.449343
0.45151
0.453648
0.455755
0.457828
0.459868
0.461872
0.46384
0.465771
0.467661
0.469512
0.471321
0.473088
0.474811
0.476489
0.478123
0.47971
0.48125
0.482743
0.484186
0.485581
0.486925
0.48822
0.489462
0.490653
0.491792
0.492878
0.493911
0.494889
0.495814
0.496684
0.497499
0.498261
0.498968
0.499621
0.500221
0.500766
0.501256
0.501693
0.502078
0.502409
0.502686
0.502909
0.503079
0.503197
0.503262
0.503277
0.50324
0.503153
0.503017
0.502832
0.502598
0.502317
0.50199
0.501617
0.501198
0.500736
0.500229
0.49968
0.49909
0.498459
0.497789
0.49708
0.496334
0.49555
0.494732
0.493879
0.492994
0.492077
0.49113
0.490153
0.489147
0.488114
0.487056
0.485972
0.484865
0.483736
0.482585
0.481415
0.480225
0.479017
0.477792
0.476551
0.475294
0.474024
0.472743
0.47145
0.470148
0.468837
0.467518
0.466193
0.464863
0.463528
0.46219
0.46085
0.45951
0.458169
0.456828
0.455489
0.454153
0.45282
0.451492
0.450168
0.44885
0.447538
0.446234
0.444938
0.44365
0.442371
0.441101
0.439842
0.438593
0.437356
0.436129
0.434915
0.433712
0.432523
0.431347
0.430185
0.429037
0.427903
0.426784
0.42568
0.424591
0.423517
0.422458
0.421415
0.420387
0.419376
0.41838
0.417399
0.416434
0.415485
0.414551
0.413635
0.412734
0.41185
0.410982
0.410129
0.409292
0.40847
0.407665
0.406876
0.406102
0.405344
0.404601
0.403873
0.403159
0.402461
0.401777
0.401108
0.400453
0.399814
0.39919
0.398579
0.397983
0.3974
0.396833
0.396279
0.395738
0.395211
0.394697
0.394197
0.39371
0.393237
0.392778
0.392332
0.3919
0.391483
0.391079
0.390689
0.390312
0.389948
0.389597
0.389259
0.388935
0.388624
0.388327
0.388044
0.387775
0.387519
0.387278
0.38705
0.386837
0.386639
0.386454
0.386284
0.386129
0.385988
0.385863
0.385752
0.385657
0.385576
0.385511
0.385461
0.385427
0.385409
0.385406
0.385419
0.385449
0.385495
0.385557
0.385636
0.385731
0.385844
0.385974
0.38612
0.386283
0.386462
0.386657
0.38687
0.387099
0.387345
0.387608
0.387887
0.388183
0.388495
0.388823
0.389167
0.389527
0.389902
0.390294
0.390701
0.391124
0.391562
0.392016
0.392486
0.39297
0.393468
0.393979
0.394504
0.395042
0.395593
0.396156
0.396732
0.397319
0.397918
0.398528
0.399149
0.399779
0.400419
0.401068
0.401725
0.40239
0.403062
0.403742
0.404427
0.405119
0.405816
0.406517
0.407223
0.407932
0.408644
0.409359
0.410075
0.410793
0.41151
0.412228
0.412944
0.413659
0.414371
0.415081
0.415787
0.416489
0.417187
0.41788
0.418567
0.419248
0.419923
0.420591
0.421251
0.421903
0.422547
0.423181
0.423806
0.424421
0.425026
0.425622
0.426206
0.426779
0.427341
0.427892
0.42843
0.428957
0.42947
0.429971
0.430459
0.430934
0.431396
0.431845
0.43228
0.432702
0.433111
0.433506
0.433887
0.434254
0.434609
0.43495
0.435277
0.435589
0.435887
0.436172
0.436442
0.436699
0.436941
0.437171
0.437386
0.437589
0.437779
0.437956
0.43812
0.438271
0.43841
0.438536
0.438649
0.43875
0.438839
0.438917
0.438982
0.439036
0.439079
0.439111
0.439132
0.439142
0.439141
0.439129
0.439106
0.439073
0.439028
0.438974
0.438908
0.438833
0.438749
0.438656
0.438553
0.438442
0.438321
0.438192
0.438055
0.437908
0.437753
0.43759
0.437418
0.437239
0.437052
0.436858
0.436655
0.436445
0.436229
0.436005
0.435774
0.435536
0.435293
0.435042
0.434785
0.434523
0.434255
0.433981
0.433702
0.433418
0.433128
0.432833
0.432533
0.432228
0.431918
0.431603
0.431283
0.430959
0.43063
0.430298
0.429963
0.429624
0.429282
0.428936
0.428587
0.428235
0.427882
0.427526
0.427168
0.426809
0.426448
0.426085
0.42572
0.425355
0.424989
0.424622
0.424255
0.423889
0.423522
0.423155
0.422788
0.422422
0.422056
0.42169
0.421326
0.420962
0.420599
0.420237
0.419877
0.419518
0.419162
0.418807
0.418455
0.418104
0.417756
0.417411
0.41707
0.416732
0.416398
0.416068
0.415742
0.415421
0.415103
0.414789
0.41448
0.414176
0.413877
0.413583
0.413295
0.413012
0.412736
0.412467
0.412204
0.411946
0.411695
0.41145
0.411211
0.410977
0.410751
0.41053
0.410316
0.410109
0.40991
0.409719
0.409535
0.409358
0.409188
0.409026
0.408873
0.408728
0.408592
0.408463
0.408343
0.408231
0.408127
0.408032
0.407946
0.407868
0.407799
0.407738
0.407686
0.407642
0.407607
0.407582
0.407565
0.407558
0.407561
0.407572
0.407593
0.407623
0.407661
0.407709
0.407766
0.407832
0.407907
0.407991
0.408084
0.408184
0.408293
0.40841
0.408533
0.408664
0.408802
0.408947
0.409099
0.409257
0.40942
0.409589
0.409763
0.409942
0.410126
0.410314
0.410505
0.410699
0.410895
0.411092
0.411291
0.41149
0.411688
0.411886
0.412082
0.412276
0.412468
0.412656
0.412841
0.413023
0.413199
0.41337
0.413534
0.413691
0.41384
0.413981
0.414112
0.414234
0.414345
0.414444
0.414532
0.414607
0.414669
0.414717
0.414752
0.414771
0.414776
0.414764
0.414737
0.414692
0.41463
0.41455
0.414451
0.414334
0.414197
0.41404
0.413863
0.413665
0.413447
0.413209
0.412949
0.412668
0.412366
0.412042
0.411696
0.411328
0.410938
0.410527
0.410093
0.409638
0.409162
0.408665
0.408147
0.407609
0.407051
0.406473
0.405875
0.405257
0.40462
0.403965
0.403293
0.402604
0.401899
0.401177
0.400441
0.399689
0.398924
0.398145
0.397355
0.396552
0.395737
0.394912
0.394078
0.393236
0.392386
0.391529
0.390666
0.389798
0.388926
0.388052
0.387176
0.386299
0.385423
0.384547
0.383674
0.382805
0.381941
0.381083
0.380231
0.379386
0.37855
0.377722
0.376905
0.376098
0.375302
0.374518
0.373749
0.372994
0.372254
0.37153
0.370822
0.37013
0.369457
0.368804
0.368169
0.367555
0.366961
0.366388
0.365836
0.365306
0.364798
0.364314
0.363853
0.363416
0.363002
0.362612
0.362246
0.361904
0.361586
0.361292
0.361023
0.360779
0.360558
0.360363
0.360191
0.360042
0.359918
0.359817
0.359739
0.359685
0.359655
0.359647
0.359661
0.359697
0.359755
0.359834
0.359933
0.360054
0.360193
0.360352
0.36053
0.360726
0.36094
0.361172
0.361421
0.361685
0.361965
0.362259
0.362567
0.362889
0.363223
0.36357
0.363929
0.364298
0.364678
0.365066
0.365464
0.36587
0.366283
0.366702
0.367127
0.367557
0.367992
0.36843
0.368872
0.369316
0.369762
0.370208
0.370656
0.371103
0.37155
0.371995
0.372439
0.372879
0.373315
0.373747
0.374175
0.374597
0.375012
0.375422
0.375823
0.376218
0.376604
0.376981
0.377348
0.377705
0.378052
0.378389
0.378714
0.379027
0.379327
0.379616
0.379891
0.380153
0.380401
0.380633
0.38085
0.381052
0.381238
0.381407
0.381561
0.381698
0.381818
0.381921
0.382006
0.382075
0.382125
0.382158
0.382173
0.382171
0.382151
0.382113
0.382057
0.381984
0.381894
0.381786
0.381661
0.381519
0.38136
0.381185
0.380993
0.380786
0.380562
0.380323
0.380069
0.379799
0.379515
0.379218
0.378907
0.378584
0.37825
0.377904
0.377547
0.37718
0.376804
0.376418
0.376024
0.375622
0.375212
0.374797
0.374376
0.373952
0.373524
0.373093
0.37266
0.372227
0.371794
0.371362
0.370932
0.370506
0.370084
0.369667
0.369255
0.368851
0.368454
0.368065
0.367686
0.367318
0.366962
0.366619
0.366291
0.365977
0.365679
0.365398
0.365135
0.364891
0.364665
0.36446
0.364276
0.364115
0.363977
0.363862
0.363773
0.36371
0.363673
0.363664
0.363682
0.363728
0.363803
0.363908
0.364044
0.364211
0.36441
0.364642
0.364907
0.365204
0.365534
0.365897
0.366294
0.366724
0.367188
0.367686
0.368219
0.368786
0.369388
0.370024
0.370694
0.371398
0.372136
0.372908
0.373714
0.374553
0.375424
0.376329
0.377266
0.378236
0.379236
0.380267
0.381328
0.38242
0.38354
0.384688
0.385865
0.387068
0.388297
0.389552
0.390831
0.392135
0.393461
0.394809
0.396179
0.397569
0.398979
0.400407
0.401853
0.403315
0.404792
0.406284
0.407789
0.409306
0.410835
0.412375
0.413924
0.415481
0.417045
0.418615
0.42019
0.421768
0.423349
0.424932
0.426515
0.428098
0.429678
0.431256
0.43283
0.434398
0.435961
0.437518
0.439066
0.440606
0.442136
0.443656
0.445163
0.446658
0.448139
0.449606
0.451056
0.452489
0.453905
0.455302
0.45668
0.458037
0.459372
0.460685
0.461975
0.463241
0.464483
0.465701
0.466893
0.468058
0.469196
0.470307
0.471389
0.472443
0.473467
0.474461
0.475425
0.476358
0.47726
0.47813
0.478967
0.479772
0.480545
0.481284
0.481989
0.482659
0.483295
0.483895
0.48446
0.48499
0.485483
0.485941
0.486362
0.486747
0.487095
0.487407
0.487683
0.487922
0.488125
0.488292
0.488422
0.488516
0.488573
0.488595
0.48858
0.48853
0.488443
0.488321
0.488163
0.48797
0.487742
0.487479
0.487183
0.486853
0.48649
0.486094
0.485667
0.485207
0.484714
0.484189
0.483634
0.483047
0.48243
0.481784
0.481108
0.480404
0.479672
0.478913
0.478128
0.477315
0.476479
0.475618
0.474734
0.473825
0.472895
0.471942
0.470969
0.469976
0.468964
0.467933
0.466884
0.465818
0.464735
0.463637
0.462525
0.461399
0.46026
0.45911
0.457949
0.456779
0.4556
0.454413
0.453219
0.452019
0.450813
0.449604
0.448391
0.447176
0.44596
0.444744
0.443528
0.442314
0.441103
0.439895
0.438692
0.437494
0.436303
0.435118
0.433943
0.432776
0.43162
0.430476
0.429344
0.428225
0.42712
0.426029
0.424954
0.423896
0.422854
0.421832
0.42083
0.419847
0.418886
0.417946
0.417028
0.416133
0.415263
0.414417
0.413596
0.4128
0.412031
0.411289
0.410574
0.409886
0.409226
0.408595
0.407992
0.40742
0.406876
0.406363
0.405879
0.405426
0.405004
0.404612
0.404251
0.403922
0.403622
0.403352
0.403112
0.402901
0.402721
0.402568
0.402444
0.402348
0.40228
0.402237
0.402221
0.40223
0.402264
0.402322
0.402403
0.402505
0.402628
0.40277
0.402931
0.403111
0.403306
0.403518
0.403745
0.403985
0.404238
0.404502
0.404778
0.405062
0.405356
0.405655
0.405961
0.406272
0.406586
0.406902
0.40722
0.407538
0.407856
0.408172
0.408485
0.408795
0.409102
0.409404
0.4097
0.40999
0.410273
0.410551
0.41082
0.41108
0.411331
0.411571
0.4118
0.412019
0.412226
0.412422
0.412605
0.412778
0.412937
0.413083
0.413216
0.413335
0.41344
0.413531
0.413608
0.41367
0.413718
0.413752
0.413771
0.413776
0.413767
0.413744
0.413707
0.413656
0.413591
0.413513
0.413421
0.413315
0.413197
0.413066
0.412921
0.412764
0.412595
0.412412
0.412217
0.41201
0.411791
0.411559
0.411316
0.411061
0.410795
0.410518
0.410229
0.40993
0.409621
0.409301
0.408971
0.408631
0.408281
0.407921
0.407551
0.407173
0.406786
0.40639
0.405986
0.405574
0.405153
0.404725
0.40429
0.403847
0.403397
0.40294
0.402476
0.402005
0.401529
0.401048
0.40056
0.400067
0.399568
0.399065
0.398557
0.398044
0.397527
0.397006
0.396482
0.395955
0.395424
0.394891
0.394355
0.393818
0.393279
0.39274
0.392199
0.391658
0.391117
0.390576
0.390035
0.389496
0.388957
0.38842
0.387885
0.387353
0.386824
0.386298
0.385775
0.385256
0.384742
0.384233
0.383729
0.383231
0.382739
0.382253
0.381774
0.381302
0.380838
0.380382
0.379935
0.379496
0.379067
0.378647
0.378238
0.377839
0.377451
0.377074
0.376708
0.376355
0.376015
0.375688
0.375373
0.375072
0.374784
0.37451
0.374251
0.374006
0.373775
0.373561
0.373362
0.373181
0.373016
0.372868
0.372736
0.372622
0.372525
0.372445
0.372383
0.372339
0.372313
0.372306
0.372319
0.372351
0.372403
0.372475
0.372567
0.372679
0.372811
0.372963
0.373136
0.373329
0.373543
0.373778
0.374035
0.374313
0.374612
0.374932
0.375273
0.375635
0.376019
0.376423
0.376849
0.377295
0.377762
0.378249
0.378757
0.379285
0.379834
0.380402
0.380989
0.381594
0.382218
0.382859
0.383517
0.384192
0.384882
0.385589
0.38631
0.387045
0.387793
0.388554
0.389327
0.390111
0.390904
0.391706
0.392516
0.393332
0.394155
0.394983
0.395814
0.396648
0.397484
0.39832
0.399155
0.399989
0.400819
0.401645
0.402466
0.403281
0.404088
0.404885
0.405673
0.40645
0.407214
0.407964
0.408702
0.409424
0.41013
0.410818
0.411488
0.412139
0.41277
0.41338
0.413969
0.414534
0.415075
0.415593
0.416085
0.416552
0.416994
0.417409
0.417797
0.418158
0.418492
0.418797
0.419075
0.419325
0.419545
0.419737
0.4199
0.420034
0.420139
0.420216
0.420265
0.420285
0.420276
0.42024
0.420175
0.420083
0.419965
0.419822
0.419652
0.419457
0.419238
0.418997
0.418732
0.418445
0.418136
0.417806
0.417457
0.417088
0.416702
0.416297
0.415876
0.415438
0.414985
0.414519
0.414039
0.413548
0.413045
0.412531
0.412007
0.411474
0.410933
0.410385
0.409831
0.409271
0.408706
0.408138
0.407567
0.406994
0.40642
0.405844
0.405268
0.404693
0.404118
0.403544
0.402973
0.402404
0.401838
0.401276
0.400719
0.400166
0.399617
0.399074
0.398536
0.398003
0.397477
0.396957
0.396444
0.395937
0.395437
0.394944
0.394457
0.393978
0.393506
0.393041
0.392583
0.392134
0.391692
0.391259
0.390835
0.390419
0.390011
0.389612
0.38922
0.388836
0.38846
0.388093
0.387734
0.387384
0.387044
0.386713
0.38639
0.386077
0.385773
0.38548
0.385197
0.384923
0.38466
0.384408
0.384167
0.383938
0.38372
0.383514
0.383321
0.383141
0.382974
0.382821
0.382682
0.382557
0.382447
0.382352
0.382274
0.382212
0.382167
0.382138
0.382127
0.382134
0.38216
0.382204
0.382267
0.38235
0.382453
0.382576
0.382719
0.382883
0.383069
0.383276
0.383506
0.383759
0.384034
0.38433
0.384648
0.384988
0.38535
0.385734
0.386141
0.38657
0.387021
0.387494
0.387988
0.388503
0.38904
0.3896
0.39018
0.39078
0.391401
0.392043
0.392705
0.393385
0.394085
0.394803
0.39554
0.396293
0.397064
0.397852
0.398656
0.399476
0.400311
0.401161
0.402025
0.402903
0.403794
0.404697
0.405612
0.406538
0.407474
0.408419
0.409373
0.410336
0.411305
0.412282
0.413265
0.414253
0.415246
0.416242
0.417242
0.418244
0.419249
0.420256
0.421264
0.422272
0.423279
0.424285
0.425289
0.42629
0.427289
0.428284
0.429274
0.430259
0.431238
0.432211
0.433175
0.434133
0.435081
0.43602
0.436948
0.437866
0.438773
0.439667
0.440548
0.441416
0.44227
0.443109
0.443933
0.444742
0.445534
0.44631
0.447069
0.447812
0.448537
0.449244
0.449931
0.4506
0.451248
0.451876
0.452483
0.453069
0.453632
0.454174
0.454693
0.455188
0.45566
0.456108
0.456531
0.456931
0.457307
0.457658
0.457983
0.458284
0.458558
0.458805
0.459026
0.459221
0.45939
0.459532
0.459648
0.459736
0.459798
0.459833
0.459842
0.459823
0.459777
0.459704
0.459605
0.45948
0.459328
0.459151
0.458947
0.458716
0.458459
0.458177
0.457869
0.457537
0.457179
0.456797
0.45639
0.455959
0.455504
0.455026
0.454525
0.454001
0.453456
0.452889
0.452301
0.451693
0.451065
0.450418
0.449753
0.44907
0.448369
0.447651
0.446916
0.446165
0.4454
0.44462
0.443826
0.44302
0.442201
0.441373
0.440533
0.439683
0.438824
0.437957
0.437082
0.4362
0.435312
0.434418
0.433521
0.432619
0.431714
0.430806
0.429898
0.428988
0.42808
0.427173
0.426267
0.425364
0.424465
0.423571
0.422683
0.421801
0.420925
0.420057
0.419197
0.418348
0.41751
0.416683
0.415867
0.415064
0.414275
0.413501
0.412741
0.411996
0.411267
0.410555
0.40986
0.409183
0.408524
0.407885
0.407266
0.406666
0.406087
0.405529
0.404992
0.404476
0.403983
0.403512
0.403065
0.40264
0.402238
0.401859
0.401505
0.401175
0.400868
0.400585
0.400326
0.40009
0.399879
0.399691
0.399526
0.399385
0.399267
0.399172
0.3991
0.399051
0.399025
0.399021
0.399038
0.399078
0.399138
0.399219
0.399321
0.399442
0.399583
0.399742
0.399918
0.400113
0.400325
0.400554
0.4008
0.401062
0.401338
0.401628
0.401932
0.402248
0.402577
0.402919
0.403271
0.403633
0.404005
0.404386
0.404775
0.405171
0.405575
0.405984
0.406398
0.406817
0.40724
0.407667
0.408097
0.408529
0.408962
0.409397
0.409832
0.410268
0.410702
0.411136
0.411568
0.411997
0.412424
0.412848
0.413269
0.413686
0.414099
0.414507
0.41491
0.415308
0.415699
0.416084
0.416462
0.416832
0.417195
0.41755
0.417897
0.418235
0.418564
0.418884
0.419196
0.419498
0.419791
0.420075
0.420348
0.420612
0.420865
0.421108
0.421341
0.421564
0.421775
0.421977
0.422167
0.422347
0.422516
0.422674
0.42282
0.422956
0.423081
0.423195
0.423299
0.423393
0.423476
0.423548
0.42361
0.423663
0.423705
0.423738
0.423761
0.423775
0.423779
0.423773
0.423758
0.423734
0.423701
0.423659
0.423609
0.423551
0.423484
0.423408
0.423325
0.423233
0.423134
0.423027
0.422914
0.422793
0.422666
0.422532
0.422393
0.422247
0.422096
0.421939
0.421777
0.421611
0.421441
0.421267
0.421089
0.420907
0.420722
0.420534
0.420343
0.420149
0.419953
0.419753
0.419551
0.419347
0.41914
0.418931
0.418721
0.418508
0.418293
0.418076
0.417859
0.417639
0.417418
0.417195
0.41697
0.416743
0.416515
0.416286
0.416055
0.415824
0.415592
0.415357
0.415122
0.414885
0.414646
0.414406
0.414163
0.413919
0.413672
0.413423
0.413172
0.412918
0.412661
0.412402
0.41214
0.411876
0.411608
0.411338
0.411065
0.41079
0.410511
0.41023
0.409945
0.409657
0.409366
0.409073
0.408777
0.408478
0.408175
0.407869
0.407561
0.407251
0.406937
0.40662
0.406299
0.405975
0.405649
0.40532
0.404988
0.404654
0.404318
0.403979
0.403638
0.403295
0.402951
0.402604
0.402256
0.401906
0.401555
0.401203
0.40085
0.400496
0.400141
0.399786
0.399432
0.399078
0.398724
0.398371
0.398018
0.397666
0.397315
0.396965
0.396618
0.396271
0.395927
0.395584
0.395243
0.394904
0.394568
0.394233
0.393902
0.393574
0.393249
0.392927
0.392609
0.392294
0.391982
0.391673
0.391368
0.391067
0.390771
0.390479
0.390191
0.389907
0.389628
0.389353
0.389084
0.388819
0.388559
0.388304
0.388054
0.38781
0.387571
0.387337
0.387108
0.386886
0.386669
0.386458
0.386253
0.386054
0.38586
0.385673
0.385492
0.385316
0.385147
0.384985
0.38483
0.38468
0.384537
0.3844
0.384269
0.384144
0.384026
0.383914
0.38381
0.383712
0.383621
0.383538
0.383461
0.38339
0.383327
0.383272
0.383223
0.383181
0.383147
0.383121
0.383102
0.383091
0.383088
0.383093
0.383106
0.383126
0.383155
0.383192
0.383237
0.38329
0.383352
0.383422
0.3835
0.383588
0.383683
0.383787
0.383899
0.38402
0.38415
0.384288
0.384435
0.384591
0.384755
0.384929
0.385111
0.385303
0.385504
0.385714
0.385932
0.38616
0.386397
0.386644
0.3869
0.387165
0.387441
0.387726
0.388019
0.38832
0.38863
0.388948
0.389274
0.389608
0.38995
0.390301
0.390659
0.391025
0.391398
0.391778
0.392165
0.392557
0.392955
0.39336
0.393769
0.394184
0.394604
0.395028
0.395457
0.39589
0.396326
0.396765
0.397205
0.397649
0.398094
0.39854
0.398988
0.399437
0.399886
0.400334
0.400781
0.401226
0.401669
0.402108
0.402544
0.402977
0.403405
0.403828
0.404245
0.404655
0.40506
0.405457
0.405848
0.40623
0.406603
0.406967
0.40732
0.407662
0.407994
0.408315
0.408625
0.408922
0.409206
0.409477
0.409735
0.409979
0.410209
0.410425
0.410625
0.410811
0.410981
0.411137
0.411276
0.411399
0.411506
0.411597
0.41167
0.411726
0.411765
0.411787
0.411792
0.41178
0.41175
0.411704
0.41164
0.41156
0.411463
0.411349
0.411219
0.411073
0.41091
0.410732
0.410539
0.410331
0.410107
0.409869
0.409617
0.409351
0.409073
0.408782
0.408477
0.408161
0.407833
0.407494
0.407145
0.406785
0.406415
0.406036
0.405648
0.405252
0.404849
0.404439
0.404023
0.4036
0.403173
0.40274
0.402304
0.401864
0.401421
0.400975
0.400526
0.400076
0.399625
0.399173
0.398721
0.398269
0.397817
0.397365
0.396914
0.396465
0.396018
0.395573
0.395131
0.394691
0.394254
0.39382
0.393392
0.392967
0.392547
0.392131
0.391721
0.391316
0.390916
0.390522
0.390134
0.389752
0.389376
0.389006
0.388642
0.388283
0.38793
0.387583
0.387242
0.386907
0.386579
0.386256
0.385939
0.385629
0.385324
0.385026
0.384734
0.384447
0.384166
0.383889
0.383618
0.383352
0.383092
0.382836
0.382586
0.38234
0.3821
0.381865
0.381634
0.381407
0.381186
0.380968
0.380755
0.380547
0.380342
0.380143
0.379948
0.379757
0.379571
0.37939
0.379213
0.379042
0.378874
0.378711
0.378553
0.378399
0.37825
0.378106
0.377967
0.377833
0.377705
0.377582
0.377463
0.37735
0.377243
0.377141
0.377045
0.376955
0.376871
0.376793
0.376722
0.376657
0.376599
0.376548
0.376503
0.376466
0.376436
0.376412
0.376396
0.376388
0.376388
0.376395
0.37641
0.376432
0.376462
0.376501
0.376547
0.376602
0.376666
0.376737
0.376817
0.376905
0.377001
0.377106
0.377219
0.377341
0.37747
0.377608
0.377753
0.377906
0.378067
0.378236
0.378414
0.378599
0.378791
0.378991
0.379197
0.37941
0.37963
0.379857
0.380089
0.380328
0.380572
0.380821
0.381076
0.381337
0.381604
0.381875
0.382151
0.382431
0.382716
0.383005
0.383298
0.383594
0.383895
0.384198
0.384505
0.384815
0.385127
0.385442
0.38576
0.38608
0.386401
0.386724
0.387049
0.387376
0.387705
0.388036
0.388368
0.3887
0.389034
0.389368
0.389703
0.390038
0.390375
0.390712
0.39105
0.39139
0.39173
0.392072
0.392414
0.392758
0.393103
0.393449
0.393796
0.394144
0.394495
0.394847
0.395201
0.395558
0.395917
0.396279
0.396644
0.397011
0.397381
0.397754
0.398131
0.398511
0.398895
0.399282
0.399673
0.400068
0.400466
0.400868
0.401274
0.401685
0.4021
0.40252
0.402944
0.403374
0.403807
0.404245
0.404688
0.405135
0.405587
0.406044
0.406505
0.406971
0.407443
0.407919
0.408401
0.408888
0.40938
0.409876
0.410376
0.410881
0.41139
0.411904
0.412422
0.412945
0.413472
0.414004
0.414539
0.415078
0.415622
0.416169
0.416721
0.417277
0.417837
0.418402
0.41897
0.419541
0.420116
0.420694
0.421276
0.42186
0.422447
0.423038
0.423632
0.42423
0.424831
0.425436
0.426045
0.426657
0.427272
0.42789
0.428512
0.429137
0.429765
0.430396
0.43103
0.431668
0.432308
0.432951
0.433597
0.434245
0.434896
0.435548
0.436202
0.436859
0.437517
0.438177
0.43884
0.439504
0.44017
0.440836
0.441503
0.44217
0.442838
0.443505
0.444173
0.44484
0.445507
0.446174
0.44684
0.447505
0.448168
0.448828
0.449485
0.45014
0.450792
0.451441
0.452086
0.452726
0.453362
0.453993
0.454617
0.455236
0.455847
0.456452
0.45705
0.45764
0.458221
0.458793
0.459356
0.45991
0.460454
0.460988
0.461511
0.462022
0.462522
0.46301
0.463487
0.463951
0.464401
0.464839
0.465261
0.465669
0.466062
0.46644
0.466804
0.467154
0.467488
0.467805
0.468106
0.468389
0.468655
0.468903
0.469133
0.469345
0.46954
0.469716
0.469874
0.470013
0.470133
0.470235
0.470317
0.47038
0.470426
0.470454
0.470463
0.470452
0.470423
0.470374
0.470306
0.470219
0.470113
0.469988
0.469844
0.469681
0.4695
0.469299
0.46908
0.468842
0.468586
0.468313
0.468022
0.467713
0.467386
0.467042
0.466681
0.466303
0.465907
0.465495
0.465066
0.464622
0.464162
0.463687
0.463196
0.46269
0.46217
0.461635
0.461086
0.460523
0.459947
0.459357
0.458753
0.458137
0.457508
0.456868
0.456215
0.45555
0.454874
0.454186
0.453487
0.452778
0.452057
0.451327
0.450587
0.449838
0.449079
0.448309
0.447531
0.446743
0.445947
0.445141
0.444328
0.443506
0.442677
0.441841
0.440997
0.440146
0.439288
0.438422
0.437551
0.436673
0.435788
0.434898
0.434002
0.4331
0.432194
0.431284
0.430369
0.429451
0.428529
0.427604
0.426676
0.425746
0.424814
0.423879
0.422943
0.422005
0.421066
0.420127
0.419186
0.418246
0.417306
0.416366
0.415426
0.414487
0.413549
0.412614
0.411681
0.410751
0.409825
0.408902
0.407983
0.407069
0.406159
0.405255
0.404355
0.403462
0.402575
0.401695
0.400821
0.399955
0.399097
0.398249
0.397409
0.39658
0.395762
0.394954
0.394157
0.393372
0.392599
0.391838
0.391091
0.390357
0.389637
0.388932
0.388242
0.387568
0.38691
0.386269
0.385644
0.385038
0.38445
0.383881
0.38333
0.382798
0.382285
0.381793
0.381322
0.380872
0.380444
0.380038
0.379654
0.379293
0.378956
0.378642
0.378351
0.378084
0.377841
0.377622
0.377426
0.377255
0.377108
0.376985
0.376887
0.376814
0.376766
0.376742
0.376743
0.376768
0.376817
0.376889
0.376986
0.377107
0.377251
0.377419
0.377609
0.377821
0.378055
0.37831
0.378585
0.37888
0.379196
0.379531
0.379884
0.380254
0.380641
0.381044
0.381463
0.381897
0.382344
0.382805
0.383279
0.383763
0.384258
0.384762
0.385274
0.385793
0.386319
0.386849
0.387383
0.38792
0.38846
0.389
0.38954
0.390079
0.390615
0.391148
0.391677
0.392201
0.392719
0.39323
0.393732
0.394225
0.394707
0.395177
0.395634
0.396079
0.396509
0.396923
0.397322
0.397704
0.398067
0.398412
0.398737
0.399042
0.399326
0.39959
0.39983
0.400049
0.400244
0.400416
0.400564
0.400688
0.400787
0.400862
0.400912
0.400936
0.400935
0.400909
0.400856
0.400777
0.400672
0.400542
0.400387
0.400206
0.4
0.399769
0.399514
0.399235
0.398933
0.398609
0.398262
0.397894
0.397505
0.397095
0.396665
0.396216
0.39575
0.395266
0.394767
0.394251
0.393722
0.393178
0.392623
0.392056
0.391479
0.390893
0.390299
0.389698
0.389092
0.388482
0.38787
0.387256
0.386642
0.38603
0.385419
0.384812
0.384209
0.383613
0.383025
0.382445
0.381876
0.381318
0.380773
0.380242
0.379727
0.379228
0.378746
0.378283
0.377839
0.377417
0.377016
0.37664
0.376288
0.375962
0.375662
0.375389
0.375144
0.374928
0.374741
0.374584
0.374459
0.374365
0.374303
0.374274
0.374278
0.374317
0.374389
0.374497
0.37464
0.374817
0.375029
0.375276
0.375558
0.375876
0.376229
0.376617
0.37704
0.377498
0.377991
0.378518
0.379079
0.379674
0.380302
0.380963
0.381656
0.382381
0.383138
0.383925
0.384742
0.385589
0.386464
0.387367
0.388297
0.389254
0.390236
0.391242
0.392271
0.393323
0.394397
0.395491
0.396605
0.397739
0.398889
0.400056
0.401237
0.402432
0.40364
0.404859
0.40609
0.40733
0.408578
0.409833
0.411094
0.41236
0.413629
0.414901
0.416173
0.417446
0.418717
0.419986
0.421252
0.422513
0.423767
0.425014
0.426253
0.427483
0.428702
0.429909
0.431103
0.432284
0.43345
0.434601
0.435734
0.43685
0.437947
0.439025
0.440082
0.441118
0.442131
0.443122
0.444088
0.44503
0.445945
0.446834
0.447695
0.44853
0.449336
0.450113
0.45086
0.451577
0.452263
0.452917
0.453539
0.454129
0.454686
0.455209
0.455699
0.456154
0.456577
0.456965
0.457318
0.457636
0.45792
0.458168
0.458381
0.458557
0.458696
0.458799
0.458866
0.458897
0.458892
0.458849
0.45877
0.458656
0.458505
0.458318
0.458096
0.457837
0.457542
0.457213
0.456849
0.45645
0.456015
0.455546
0.455042
0.454504
0.453931
0.453325
0.452687
0.452015
0.451311
0.450575
0.449808
0.449009
0.44818
0.44732
0.446431
0.445513
0.444566
0.443591
0.442589
0.441561
0.440506
0.439425
0.43832
0.437191
0.436038
0.434863
0.433666
0.432448
0.431211
0.429955
0.42868
0.427388
0.42608
0.424756
0.423417
0.422064
0.4207
0.419325
0.41794
0.416546
0.415143
0.413733
0.412317
0.410895
0.409469
0.40804
0.40661
0.40518
0.403751
0.402323
0.400899
0.399478
0.398064
0.396658
0.395259
0.39387
0.39249
0.391123
0.389769
0.388429
0.387104
0.385796
0.384506
0.383235
0.381983
0.380752
0.379543
0.378356
0.377194
0.376057
0.374946
0.373862
0.372806
0.371779
0.370782
0.369816
0.368882
0.36798
0.367111
0.366276
0.365475
0.36471
0.363982
0.36329
0.362635
0.362018
0.361439
0.360898
0.360396
0.359932
0.359507
0.35912
0.358773
0.358465
0.358198
0.357969
0.357779
0.357628
0.357516
0.357442
0.357406
0.357408
0.357448
0.357524
0.357637
0.357786
0.357972
0.358192
0.358447
0.358736
0.359059
0.359415
0.359803
0.360223
0.360674
0.361156
0.361668
0.362209
0.362778
0.363374
0.363996
0.364645
0.365318
0.366015
0.366735
0.367479
0.368243
0.369029
0.369834
0.370658
0.3715
0.372359
0.373235
0.374127
0.375033
0.375954
0.376887
0.377832
0.378789
0.379757
0.380735
0.381723
0.382719
0.383723
0.384734
0.38575
0.386772
0.387798
0.388827
0.38986
0.390894
0.391931
0.392967
0.394004
0.395041
0.396077
0.397111
0.398143
0.399172
0.400197
0.401216
0.402231
0.40324
0.404242
0.405237
0.406225
0.407204
0.408174
0.409135
0.410086
0.411025
0.411953
0.412868
0.413771
0.414662
0.415538
0.416399
0.417245
0.418075
0.418889
0.419687
0.420467
0.421229
0.421972
0.422698
0.423404
0.42409
0.424756
0.425402
0.426027
0.426632
0.427215
0.427777
0.428317
0.428835
0.429331
0.429804
0.430255
0.430684
0.43109
0.431474
0.431835
0.432172
0.432487
0.432779
0.433048
0.433296
0.433521
0.433723
0.433904
0.434063
0.4342
0.434316
0.43441
0.434483
0.434536
0.434568
0.43458
0.434572
0.434546
0.4345
0.434436
0.434355
0.434256
0.43414
0.434008
0.43386
0.433696
0.433517
0.433324
0.433116
0.432895
0.432661
0.432414
0.432157
0.431888
0.431608
0.431319
0.43102
0.430711
0.430395
0.43007
0.429737
0.429398
0.429051
0.428699
0.428341
0.427978
0.427612
0.427242
0.426868
0.426492
0.426113
0.425733
0.425351
0.424968
0.424585
0.424202
0.42382
0.423438
0.423057
0.422679
0.422303
0.421929
0.421559
0.421191
0.420827
0.420468
0.420114
0.419765
0.419421
0.419082
0.418749
0.418421
0.418099
0.417784
0.417475
0.417172
0.416877
0.416588
0.416307
0.416033
0.415767
0.415509
0.415259
0.415017
0.414784
0.414559
0.414342
0.414133
0.413931
0.413738
0.413553
0.413377
0.41321
0.413052
0.412904
0.412763
0.412633
0.412511
0.412398
0.412293
0.412196
0.412107
0.412027
0.411955
0.411893
0.41184
0.411794
0.411757
0.411729
0.411708
0.411696
0.41169
0.411692
0.411702
0.41172
0.411745
0.411778
0.411818
0.411866
0.411921
0.411983
0.412053
0.412129
0.412213
0.412303
0.4124
0.412503
0.412614
0.412731
0.412854
0.412985
0.413121
0.413262
0.413409
0.413562
0.413721
0.413886
0.414056
0.414232
0.414413
0.4146
0.414791
0.414988
0.415189
0.415395
0.415605
0.41582
0.416039
0.416262
0.416488
0.416719
0.416953
0.417191
0.417433
0.417678
0.417926
0.418176
0.41843
0.418685
0.418943
0.419202
0.419463
0.419725
0.419989
0.420253
0.420519
0.420784
0.42105
0.421316
0.421582
0.421848
0.422112
0.422375
0.422636
0.422896
0.423153
0.423408
0.42366
0.423908
0.424154
0.424396
0.424633
0.424867
0.425095
0.42532
0.425539
0.425752
0.42596
0.42616
0.426354
0.42654
0.426718
0.426889
0.427051
0.427205
0.427351
0.427487
0.427614
0.427731
0.427838
0.427936
0.428024
0.428102
0.42817
0.428228
0.428275
0.428311
0.428336
0.428349
0.428351
0.428342
0.428322
0.428291
0.428248
0.428195
0.42813
0.428055
0.427968
0.427871
0.427763
0.427645
0.427517
0.427378
0.427229
0.427069
0.426899
0.426719
0.426528
0.426328
0.426117
0.425896
0.425665
0.425425
0.425177
0.42492
0.424654
0.424381
0.424099
0.423808
0.42351
0.423203
0.422888
0.422566
0.422237
0.4219
0.421556
0.421204
0.420845
0.420479
0.420106
0.419727
0.419339
0.418944
0.418542
0.418133
0.417717
0.417294
0.416863
0.416425
0.415979
0.415525
0.415065
0.414597
0.414121
0.413639
0.413149
0.41265
0.412144
0.411631
0.411109
0.410581
0.410044
0.4095
0.408948
0.408387
0.407819
0.407242
0.406657
0.406066
0.405467
0.40486
0.404245
0.403622
0.402992
0.402354
0.401709
0.401057
0.400399
0.399735
0.399064
0.398388
0.397706
0.397018
0.396325
0.395627
0.394924
0.394216
0.393505
0.39279
0.392071
0.39135
0.390627
0.389902
0.389175
0.388447
0.387719
0.386991
0.386264
0.385539
0.384816
0.384096
0.383379
0.382666
0.381957
0.381255
0.380559
0.37987
0.379189
0.378517
0.377854
0.377202
0.37656
0.37593
0.375311
0.374706
0.374115
0.373538
0.372975
0.372429
0.371899
0.371386
0.370891
0.370415
0.369958
0.36952
0.369104
0.36871
0.368337
0.367988
0.36766
0.367356
0.367076
0.36682
0.366589
0.366383
0.366201
0.366045
0.365915
0.36581
0.365733
0.365683
0.36566
0.365664
0.365694
0.365751
0.365835
0.365946
0.366084
0.366249
0.36644
0.366658
0.366901
0.367171
0.367466
0.367786
0.368131
0.368501
0.368895
0.369312
0.369754
0.370218
0.370705
0.371215
0.371745
0.372297
0.372869
0.373462
0.374075
0.374706
0.375355
0.376021
0.376705
0.377405
0.378121
0.37885
0.379594
0.380351
0.381121
0.381903
0.382697
0.383501
0.384315
0.385139
0.385971
0.386811
0.38766
0.388515
0.389377
0.390245
0.391116
0.391992
0.392873
0.393756
0.394641
0.395528
0.396416
0.397304
0.398192
0.39908
0.399966
0.400851
0.401733
0.402612
0.403489
0.404361
0.405229
0.406093
0.406951
0.407803
0.40865
0.40949
0.410324
0.411149
0.411967
0.412776
0.413575
0.414366
0.415146
0.415917
0.416676
0.417425
0.418164
0.418892
0.419608
0.420311
0.421001
0.421679
0.422343
0.422994
0.42363
0.424252
0.424859
0.425451
0.426028
0.426588
0.427133
0.427663
0.428177
0.428675
0.429156
0.429619
0.430066
0.430495
0.430907
0.4313
0.431676
0.432033
0.432373
0.432694
0.432996
0.43328
0.433544
0.43379
0.434017
0.434225
0.434413
0.434582
0.434732
0.434864
0.434976
0.435069
0.435143
0.435197
0.435231
0.435246
0.435241
0.435216
0.435172
0.435109
0.435027
0.434927
0.434807
0.434668
0.434511
0.434336
0.434142
0.43393
0.433699
0.433449
0.433182
0.432897
0.432593
0.432273
0.431936
0.431582
0.431211
0.430824
0.430422
0.430004
0.42957
0.429122
0.42866
0.428184
0.427694
0.427191
0.426676
0.426148
0.425608
0.425057
0.424496
0.423924
0.423343
0.422752
0.422153
0.421546
0.420932
0.420311
0.419683
0.419049
0.41841
0.417767
0.417119
0.416469
0.415816
0.415161
0.414505
0.413849
0.413192
0.412537
0.411883
0.411233
0.410585
0.409941
0.409301
0.408667
0.408039
0.407419
0.406808
0.406205
0.405611
0.405027
0.404455
0.403894
0.403346
0.402811
0.40229
0.401782
0.40129
0.400814
0.400355
0.399913
0.399489
0.399083
0.398695
0.398327
0.397979
0.397651
0.397344
0.397057
0.396791
0.396548
0.396326
0.396128
0.395952
0.395799
0.395669
0.395562
0.395478
0.395417
0.39538
0.395367
0.395377
0.39541
0.395468
0.395549
0.395653
0.395779
0.395928
0.396099
0.396291
0.396504
0.396738
0.396993
0.397267
0.397559
0.397871
0.3982
0.398545
0.398906
0.399284
0.399677
0.400083
0.400504
0.400937
0.401382
0.401838
0.402305
0.40278
0.403265
0.403757
0.404255
0.40476
0.40527
0.405785
0.406302
0.406823
0.407346
0.40787
0.408395
0.408919
0.409441
0.409961
0.41048
0.410995
0.411506
0.412012
0.412511
0.413005
0.413492
0.413971
0.414444
0.414908
0.415364
0.415811
0.416249
0.416675
0.417092
0.417498
0.417893
0.418276
0.418646
0.419005
0.41935
0.419683
0.420003
0.42031
0.420605
0.420887
0.421156
0.421413
0.421656
0.421887
0.422104
0.42231
0.422502
0.422683
0.42285
0.423005
0.423149
0.423281
0.423401
0.42351
0.423606
0.423692
0.423767
0.423833
0.423888
0.423934
0.42397
0.423996
0.424014
0.424022
0.424022
0.424014
0.423998
0.423974
0.423945
0.423909
0.423867
0.42382
0.423768
0.42371
0.423647
0.423579
0.423507
0.42343
0.423349
0.423264
0.423177
0.423086
0.422994
0.422899
0.422802
0.422704
0.422604
0.422502
0.422398
0.422293
0.422186
0.422078
0.42197
0.421861
0.421751
0.421642
0.421532
0.421423
0.421314
0.421204
0.421095
0.420987
0.420879
0.420773
0.420668
0.420563
0.42046
0.420357
0.420255
0.420153
0.42005
0.419949
0.419848
0.419749
0.41965
0.41955
0.419451
0.419351
0.419251
0.41915
0.419048
0.418944
0.418839
0.418733
0.418625
0.418515
0.418402
0.418287
0.418169
0.418048
0.417924
0.417796
0.417665
0.41753
0.417391
0.417247
0.417099
0.416946
0.416787
0.416623
0.416452
0.416275
0.416091
0.415901
0.415704
0.4155
0.41529
0.415071
0.414844
0.414609
0.414365
0.414113
0.413852
0.413582
0.413302
0.413011
0.412711
0.4124
0.412079
0.411748
0.411405
0.411052
0.410687
0.410312
0.409926
0.409529
0.409122
0.408703
0.408274
0.407834
0.407384
0.406924
0.406453
0.405972
0.405481
0.404981
0.404471
0.403953
0.403426
0.402892
0.402349
0.4018
0.401245
0.400684
0.400118
0.399548
0.398974
0.398397
0.397816
0.397233
0.396649
0.396065
0.395482
0.3949
0.39432
0.393743
0.393169
0.392601
0.392038
0.391482
0.390934
0.390396
0.389867
0.38935
0.388844
0.388351
0.387872
0.387409
0.386962
0.386533
0.386123
0.385733
0.385366
0.385021
0.384699
0.384402
0.384129
0.383883
0.383665
0.383474
0.383312
0.383179
0.383078
0.383007
0.382968
0.382961
0.382987
0.383046
0.383139
0.383267
0.383429
0.383626
0.383858
0.384125
0.384428
0.384766
0.38514
0.385548
0.385991
0.386468
0.38698
0.387526
0.388106
0.388719
0.389364
0.390041
0.39075
0.391488
0.392256
0.393052
0.393875
0.394725
0.395599
0.396498
0.39742
0.398365
0.399331
0.400317
0.401321
0.402342
0.403379
0.404432
0.405497
0.406575
0.407663
0.408759
0.409863
0.410974
0.412091
0.413211
0.414334
0.415458
0.416581
0.417704
0.418823
0.41994
0.421051
0.422155
0.423252
0.424341
0.425421
0.42649
0.427548
0.428594
0.429626
0.430645
0.431648
0.432636
0.433607
0.434562
0.435498
0.436416
0.437315
0.438192
0.439049
0.439885
0.4407
0.441493
0.442263
0.443011
0.443735
0.444434
0.44511
0.44576
0.446385
0.446986
0.447562
0.448113
0.448639
0.44914
0.449615
0.450065
0.450491
0.450891
0.451265
0.451613
0.451936
0.452233
0.452505
0.452752
0.452974
0.453172
0.453344
0.453491
0.453614
0.453711
0.453784
0.453833
0.453858
0.453859
0.453836
0.453789
0.453719
0.453625
0.453509
0.453371
0.45321
0.453028
0.452823
0.452597
0.45235
0.452082
0.451794
0.451485
0.451156
0.450807
0.450439
0.450051
0.449644
0.449218
0.448774
0.448312
0.447832
0.447335
0.44682
0.44629
0.445742
0.445178
0.444597
0.444
0.443388
0.442759
0.442115
0.441456
0.440782
0.440094
0.439391
0.438676
0.437946
0.437204
0.436449
0.435682
0.434904
0.434115
0.433313
0.4325
0.431676
0.430839
0.429992
0.429134
0.428267
0.427389
0.426502
0.425605
0.424699
0.423784
0.422861
0.42193
0.420991
0.420044
0.419089
0.418128
0.41716
0.416186
0.415206
0.41422
0.413229
0.412235
0.411236
0.410232
0.409225
0.408215
0.407202
0.406187
0.405171
0.404152
0.403132
0.40211
0.401088
0.400067
0.399046
0.398026
0.397007
0.39599
0.394976
0.393964
0.392957
0.391953
0.390955
0.389962
0.388975
0.387995
0.387023
0.386059
0.385103
0.384157
0.383221
0.382295
0.381379
0.380475
0.379584
0.378705
0.37784
0.376989
0.376154
0.375335
0.374532
0.373747
0.37298
0.372232
0.371504
0.370797
0.37011
0.369445
0.368803
0.368183
0.367586
0.367014
0.366466
0.365944
0.365448
0.364979
0.364537
0.364124
0.36374
0.363386
0.363063
0.36277
0.362509
0.36228
0.362083
0.361918
0.361785
0.361686
0.361621
0.36159
0.361593
0.361631
0.361704
0.361812
0.361954
0.362131
0.362344
0.362591
0.362874
0.363192
0.363544
0.36393
0.364351
0.364805
0.365293
0.365813
0.366368
0.366954
0.367572
0.368221
0.3689
0.369608
0.370345
0.37111
0.371904
0.372724
0.373569
0.374439
0.375333
0.376249
0.377187
0.378145
0.379123
0.380118
0.38113
0.382159
0.383201
0.384257
0.385325
0.386404
0.387491
0.388586
0.389687
0.390794
0.391904
0.393017
0.394131
0.395245
0.396357
0.397466
0.39857
0.39967
0.400762
0.401847
0.402922
0.403986
0.405039
0.40608
0.407107
0.408118
0.409113
0.41009
0.411048
0.411987
0.412905
0.413802
0.414676
0.415526
0.416352
0.417154
0.417929
0.418678
0.4194
0.420094
0.42076
0.421398
0.422007
0.422586
0.423136
0.423655
0.424143
0.424601
0.425028
0.425425
0.42579
0.426124
0.426427
0.426699
0.42694
0.427152
0.427333
0.427484
0.427605
0.427696
0.427759
0.427794
0.427801
0.427781
0.427733
0.427658
0.427557
0.427431
0.42728
0.427105
0.426908
0.426688
0.426446
0.426184
0.425901
0.425598
0.425278
0.42494
0.424586
0.424216
0.423832
0.423435
0.423026
0.422606
0.422176
0.421737
0.421288
0.420833
0.420372
0.419906
0.419436
0.418963
0.418487
0.418009
0.41753
0.417051
0.416572
0.416096
0.415624
0.415157
0.414693
0.414235
0.413782
0.413336
0.412897
0.412466
0.412044
0.41163
0.411226
0.410832
0.410448
0.410074
0.409712
0.409362
0.409024
0.408698
0.408383
0.408081
0.407792
0.407516
0.407253
0.407003
0.406767
0.406545
0.406336
0.406141
0.40596
0.405792
0.405638
0.405497
0.405371
0.405258
0.405159
0.405074
0.405002
0.404943
0.404899
0.404867
0.40485
0.404845
0.404853
0.404874
0.404908
0.404956
0.405017
0.405091
0.405179
0.40528
0.405394
0.405522
0.405663
0.405816
0.405983
0.406162
0.406354
0.406558
0.406775
0.407004
0.407246
0.407501
0.407768
0.408046
0.408336
0.408637
0.408949
0.409273
0.409607
0.409953
0.410308
0.410673
0.411046
0.411428
0.411818
0.412215
0.412618
0.413027
0.413442
0.41386
0.414282
0.414707
0.415135
0.415563
0.415992
0.416421
0.416848
0.417272
0.417691
0.418105
0.418512
0.418912
0.419303
0.419683
0.420053
0.420411
0.420756
0.421087
0.421403
0.421702
0.421984
0.422247
0.422491
0.422714
0.422917
0.423098
0.423256
0.42339
0.423499
0.423584
0.423643
0.423676
0.423682
0.42366
0.42361
0.423532
0.423426
0.42329
0.423125
0.422929
0.422704
0.422449
0.422164
0.421849
0.421504
0.42113
0.420726
0.420293
0.419831
0.41934
0.418821
0.418274
0.4177
0.417098
0.416469
0.415815
0.415136
0.414431
0.413702
0.41295
0.412176
0.411381
0.410566
0.409733
0.408881
0.408012
0.407127
0.406226
0.405311
0.404384
0.403446
0.402497
0.401539
0.400572
0.399599
0.398621
0.397637
0.396651
0.395663
0.394674
0.393685
0.392699
0.391717
0.39074
0.389769
0.388806
0.387851
0.386907
0.385974
0.385054
0.384148
0.383258
0.382383
0.381527
0.380689
0.379872
0.379075
0.378301
0.377551
0.376825
0.376124
0.37545
0.374801
0.37418
0.373587
0.373023
0.372489
0.371985
0.371511
0.371069
0.370659
0.370282
0.369936
0.369624
0.369346
0.369102
0.368891
0.368714
0.36857
0.368459
0.368382
0.368338
0.368328
0.36835
0.368407
0.368496
0.368619
0.368774
0.368961
0.36918
0.369431
0.369712
0.370025
0.370368
0.37074
0.371142
0.371571
0.372028
0.372512
0.373022
0.373558
0.37412
0.374706
0.375317
0.375951
0.376608
0.377286
0.377985
0.378704
0.379443
0.380199
0.380973
0.381765
0.382572
0.383394
0.384231
0.385081
0.385943
0.386818
0.387703
0.388599
0.389505
0.390419
0.391342
0.392273
0.393212
0.394156
0.395104
0.396058
0.397015
0.397975
0.398937
0.399901
0.400866
0.401831
0.402794
0.403755
0.404714
0.405669
0.40662
0.407567
0.408509
0.409445
0.410375
0.411298
0.412214
0.413122
0.41402
0.414909
0.415788
0.416655
0.417511
0.418355
0.419188
0.420008
0.420815
0.421609
0.422388
0.423153
0.423903
0.424638
0.425357
0.426061
0.426749
0.427421
0.428075
0.428713
0.429334
0.429938
0.430525
0.431094
0.431645
0.432178
0.432692
0.433189
0.433669
0.434132
0.434577
0.435003
0.435412
0.435802
0.436175
0.436531
0.436869
0.437191
0.437495
0.437783
0.438055
0.438311
0.438551
0.438774
0.438982
0.439176
0.439355
0.439519
0.439668
0.439804
0.439927
0.440036
0.440132
0.440216
0.440287
0.440347
0.440395
0.440433
0.440462
0.440481
0.44049
0.44049
0.440481
0.440464
0.44044
0.440409
0.440371
0.440327
0.440277
0.44022
0.440158
0.44009
0.440017
0.439939
0.439857
0.439771
0.439681
0.439588
0.439492
0.439394
0.439295
0.439193
0.43909
0.438984
0.438878
0.43877
0.438661
0.438551
0.43844
0.438329
0.438217
0.438106
0.437995
0.437884
0.437773
0.437664
0.437556
0.437449
0.437343
0.437238
0.437135
0.437034
0.436934
0.436835
0.436739
0.436644
0.436552
0.436462
0.436374
0.43629
0.436207
0.436126
0.436047
0.435971
0.435897
0.435825
0.435756
0.435689
0.435624
0.435562
0.435501
0.435442
0.435385
0.43533
0.435276
0.435224
0.435173
0.435124
0.435076
0.435031
0.434987
0.434944
0.434902
0.434861
0.434821
0.434783
0.434746
0.434711
0.434675
0.434639
0.434603
0.434565
0.434527
0.434488
0.434448
0.434405
0.434361
0.434314
0.434266
0.434215
0.434162
0.434106
0.434047
0.433985
0.433919
0.433851
0.433778
0.433702
0.433621
0.433537
0.433447
0.433353
0.433255
0.433151
0.433043
0.432931
0.432814
0.432691
0.432561
0.432426
0.432284
0.432136
0.431982
0.431821
0.431654
0.43148
0.4313
0.431113
0.430921
0.430722
0.430517
0.430305
0.430086
0.429862
0.429631
0.429393
0.42915
0.428901
0.428646
0.428385
0.42812
0.42785
0.427574
0.427294
0.427008
0.426717
0.42642
0.426118
0.425812
0.425501
0.425184
0.424864
0.424539
0.424211
0.423878
0.423541
0.4232
0.422855
0.422506
0.422154
0.421799
0.421441
0.42108
0.420716
0.42035
0.419982
0.419612
0.41924
0.418866
0.418491
0.418115
0.417739
0.417362
0.416984
0.416606
0.416227
0.415849
0.415471
0.415094
0.414718
0.414343
0.41397
0.413598
0.413229
0.412862
0.412498
0.412137
0.41178
0.411426
0.411077
0.410732
0.410393
0.410059
0.409731
0.409409
0.409094
0.408785
0.408483
0.408188
0.4079
0.40762
0.407348
0.407084
0.406828
0.406581
0.406343
0.406115
0.405897
0.405689
0.405491
0.405304
0.405128
0.404962
0.404807
0.404664
0.404532
0.404411
0.404304
0.404208
0.404125
0.404053
0.403993
0.403944
0.403907
0.40388
0.403865
0.403861
0.403868
0.403886
0.403914
0.403952
0.404
0.404057
0.404123
0.404197
0.40428
0.404371
0.404469
0.404574
0.404686
0.404804
0.404927
0.405056
0.40519
0.405328
0.40547
0.405614
0.405761
0.405909
0.406057
0.406206
0.406355
0.406502
0.406648
0.406792
0.406934
0.407073
0.407208
0.407338
0.407463
0.407583
0.407698
0.407807
0.40791
0.408007
0.408097
0.408179
0.408253
0.408318
0.408374
0.408421
0.408459
0.408487
0.408505
0.408513
0.40851
0.408495
0.40847
0.408433
0.408385
0.408326
0.408255
0.408174
0.408082
0.407978
0.407862
0.407734
0.407594
0.407442
0.407278
0.407101
0.406913
0.406713
0.4065
0.406276
0.406041
0.405793
0.405534
0.405263
0.404981
0.404689
0.404386
0.404072
0.403748
0.403413
0.403068
0.402712
0.402347
0.401971
0.401585
0.40119
0.400784
0.400369
0.399945
0.399511
0.399069
0.398617
0.398157
0.397688
0.397211
0.396726
0.396233
0.395732
0.395225
0.394711
0.39419
0.393663
0.393129
0.392589
0.392043
0.391492
0.390936
0.390375
0.38981
0.389241
0.388669
0.388093
0.387514
0.386932
0.386347
0.385761
0.385172
0.384582
0.38399
0.383397
0.382803
0.382208
0.381614
0.381019
0.380426
0.379835
0.379245
0.378658
0.378073
0.377493
0.376916
0.376343
0.375775
0.375212
0.374654
0.374102
0.373556
0.373017
0.372485
0.371962
0.371446
0.37094
0.370443
0.369957
0.36948
0.369014
0.368559
0.368116
0.367684
0.367265
0.366859
0.366466
0.366087
0.365723
0.365373
0.365039
0.364721
0.364419
0.364133
0.363865
0.363613
0.363377
0.363159
0.362959
0.362776
0.362612
0.362465
0.362337
0.362228
0.362138
0.362068
0.362016
0.361982
0.361968
0.361973
0.361997
0.36204
0.362103
0.362185
0.362287
0.362407
0.362546
0.362704
0.36288
0.363075
0.363287
0.363517
0.363765
0.364029
0.364311
0.364608
0.364921
0.36525
0.365594
0.365953
0.366328
0.366717
0.367121
0.367538
0.367968
0.36841
0.368864
0.36933
0.369806
0.370292
0.370788
0.371294
0.371808
0.37233
0.37286
0.373398
0.373941
0.374491
0.375047
0.375607
0.376173
0.376743
0.377317
0.377893
0.378472
0.379053
0.379634
0.380217
0.380801
0.381384
0.381966
0.382547
0.383127
0.383705
0.38428
0.384851
0.38542
0.385984
0.386544
0.387101
0.387653
0.3882
0.388741
0.389276
0.389804
0.390326
0.39084
0.391347
0.391845
0.392336
0.392818
0.393292
0.393757
0.394213
0.394661
0.3951
0.395529
0.395949
0.396358
0.396757
0.397146
0.397525
0.397893
0.398251
0.398599
0.398936
0.399263
0.39958
0.399887
0.400184
0.400471
0.400748
0.401015
0.401272
0.401518
0.401755
0.401983
0.402202
0.402411
0.402611
0.402802
0.402985
0.403161
0.403329
0.403489
0.403642
0.403788
0.403927
0.40406
0.404187
0.404308
0.404424
0.404535
0.404641
0.404742
0.40484
0.404933
0.405023
0.40511
0.405194
0.405275
0.405354
0.405432
0.405508
0.405582
0.405655
0.405728
0.405802
0.405876
0.40595
0.406025
0.406102
0.406179
0.406257
0.406337
0.406418
0.4065
0.406585
0.406671
0.406759
0.40685
0.406942
0.407036
0.407132
0.40723
0.407331
0.407432
0.407536
0.40764
0.407746
0.407854
0.407963
0.408072
0.408182
0.408293
0.408404
0.408516
0.408627
0.408739
0.40885
0.408961
0.409072
0.409182
0.40929
0.409398
0.409503
0.409606
0.409708
0.409808
0.409906
0.410001
0.410093
0.410183
0.410269
0.410351
0.41043
0.410504
0.410576
0.410643
0.410706
0.410765
0.41082
0.41087
0.410915
0.410956
0.410991
0.411022
0.411048
0.41107
0.411088
0.411101
0.411111
0.411115
0.411114
0.411109
0.4111
0.411086
0.411069
0.411047
0.411021
0.41099
0.410956
0.410918
0.410875
0.410828
0.410778
0.410724
0.410666
0.410606
0.410542
0.410476
0.410407
0.410335
0.41026
0.410182
0.410102
0.410019
0.409933
0.409845
0.409755
0.409662
0.409568
0.409472
0.409377
0.40928
0.409182
0.409083
0.408982
0.408882
0.40878
0.408678
0.408576
0.408474
0.408372
0.40827
0.408169
0.408069
0.407969
0.407872
0.407777
0.407683
0.407592
0.407502
0.407416
0.407332
0.407251
0.407175
0.407102
0.407034
0.406971
0.406913
0.406861
0.406814
0.406774
0.406739
0.40671
0.406689
0.406674
0.406667
0.406668
0.406678
0.406696
0.406723
0.406758
0.406804
0.40686
0.406925
0.407001
0.407087
0.407182
0.407289
0.407405
0.407533
0.407672
0.407822
0.407982
0.408155
0.408338
0.408534
0.408741
0.40896
0.409191
0.409433
0.409686
0.409951
0.410226
0.410512
0.410808
0.411115
0.411433
0.41176
0.412096
0.412441
0.412794
0.413155
0.413523
0.413899
0.414282
0.414671
0.415066
0.415465
0.415869
0.416276
0.416687
0.417101
0.417517
0.417934
0.418352
0.418772
0.419191
0.41961
0.420026
0.42044
0.420852
0.421259
0.421663
0.422064
0.422459
0.422849
0.423233
0.423611
0.423983
0.424347
0.424703
0.425052
0.425392
0.425725
0.426048
0.426364
0.42667
0.426968
0.427257
0.427538
0.427809
0.428072
0.428327
0.428573
0.42881
0.429039
0.42926
0.429473
0.429679
0.429877
0.43007
0.430255
0.430435
0.430608
0.430777
0.430941
0.431102
0.431259
0.431415
0.431569
0.431721
0.431872
0.432024
0.432175
0.432327
0.432479
0.432632
0.432786
0.432942
0.433099
0.433259
0.433422
0.433588
0.433759
0.433932
0.43411
0.434292
0.434478
0.434668
0.434863
0.435062
0.435265
0.435474
0.435686
0.435903
0.436123
0.436349
0.436578
0.43681
0.437047
0.437287
0.437532
0.437779
0.438029
0.438281
0.438534
0.43879
0.439046
0.439304
0.439562
0.439821
0.440079
0.440337
0.440593
0.440847
0.441099
0.44135
0.441597
0.441841
0.44208
0.442316
0.442546
0.442772
0.442993
0.443206
0.443414
0.443614
0.443805
0.443989
0.444164
0.44433
0.444485
0.44463
0.444764
0.444887
0.444998
0.445097
0.445183
0.445257
0.445318
0.445367
0.445401
0.445423
0.445431
0.445424
0.445404
0.445369
0.445319
0.445253
0.44517
0.44507
0.444953
0.444818
0.444666
0.444497
0.44431
0.444105
0.443883
0.443644
0.443387
0.443113
0.442821
0.442511
0.442183
0.441837
0.441473
0.441093
0.440696
0.440282
0.439851
0.439403
0.438939
0.438459
0.437963
0.437451
0.436925
0.436384
0.435829
0.435261
0.43468
0.434087
0.433483
0.432868
0.432242
0.431607
0.430963
0.430312
0.429654
0.42899
0.428321
0.427647
0.426971
0.426292
0.425613
0.424933
0.424255
0.423578
0.422903
0.422233
0.421568
0.420909
0.420259
0.419617
0.418985
0.418364
0.417754
0.417157
0.416572
0.416003
0.415449
0.414911
0.41439
0.413886
0.413401
0.412935
0.412488
0.412061
0.411654
0.411269
0.410906
0.410566
0.410247
0.409951
0.409677
0.409426
0.409198
0.408992
0.408808
0.408647
0.408509
0.408393
0.408299
0.408227
0.408175
0.408145
0.408136
0.408145
0.408174
0.408221
0.408287
0.408369
0.408467
0.408582
0.408711
0.408855
0.409013
0.409183
0.409364
0.409556
0.409757
0.409967
0.410185
0.41041
0.410641
0.410878
0.41112
0.411365
0.411612
0.411861
0.412109
0.412358
0.412605
0.412851
0.413094
0.413332
0.413564
0.413791
0.414012
0.414225
0.41443
0.414626
0.414812
0.414989
0.415156
0.415311
0.415456
0.415588
0.415706
0.415811
0.415902
0.415977
0.416038
0.416084
0.416116
0.416131
0.416131
0.416115
0.416082
0.416032
0.415965
0.415881
0.41578
0.415663
0.415527
0.415375
0.415205
0.415018
0.414813
0.414591
0.414352
0.414096
0.413822
0.413532
0.413225
0.412901
0.41256
0.412204
0.411831
0.411443
0.41104
0.410622
0.41019
0.409744
0.409284
0.408809
0.408321
0.40782
0.407306
0.406781
0.406244
0.405696
0.405137
0.404568
0.40399
0.403402
0.402806
0.402202
0.401592
0.400975
0.400352
0.399724
0.399092
0.398456
0.397816
0.397174
0.396529
0.395882
0.395235
0.394587
0.393941
0.393296
0.392653
0.392012
0.391375
0.390743
0.390116
0.389495
0.38888
0.388274
0.387677
0.387088
0.386509
0.385941
0.385383
0.384837
0.384303
0.383782
0.383275
0.382783
0.382305
0.381844
0.3814
0.380973
0.380563
0.380172
0.379798
0.379444
0.379109
0.378793
0.378498
0.378224
0.377972
0.377742
0.377534
0.377348
0.377183
0.37704
0.376919
0.37682
0.376743
0.376688
0.376655
0.376645
0.376657
0.37669
0.376745
0.37682
0.376917
0.377034
0.377172
0.377329
0.377505
0.3777
0.377912
0.378143
0.378391
0.378656
0.378938
0.379234
0.379546
0.379872
0.380212
0.380565
0.380931
0.381308
0.381696
0.382095
0.382503
0.382922
0.38335
0.383786
0.384231
0.384682
0.385139
0.385603
0.386072
0.386547
0.387026
0.387508
0.387992
0.388479
0.388968
0.389458
0.389949
0.39044
0.39093
0.39142
0.391909
0.392395
0.39288
0.393362
0.393843
0.39432
0.394795
0.395265
0.395731
0.396194
0.396652
0.397105
0.397553
0.397994
0.398431
0.398861
0.399285
0.399703
0.400114
0.400518
0.400915
0.401306
0.40169
0.402068
0.402438
0.402801
0.403157
0.403505
0.403846
0.404179
0.404506
0.404825
0.405138
0.405443
0.405741
0.406032
0.406317
0.406595
0.406866
0.407131
0.407389
0.407641
0.407886
0.408126
0.408359
0.408588
0.408811
0.409028
0.40924
0.409447
0.409649
0.409847
0.41004
0.410228
0.410413
0.410594
0.410771
0.410945
0.411116
0.411284
0.411448
0.411611
0.411772
0.411931
0.412089
0.412247
0.412403
0.412557
0.412712
0.412865
0.413017
0.413167
0.413317
0.413467
0.413615
0.413763
0.41391
0.414058
0.414206
0.414354
0.414503
0.414652
0.414799
0.414946
0.415094
0.415241
0.415388
0.415533
0.415678
0.415822
0.415966
0.416108
0.41625
0.41639
0.416529
0.416666
0.416801
0.416934
0.417066
0.417195
0.417322
0.417446
0.417567
0.417686
0.417801
0.417913
0.418023
0.41813
0.418235
0.418335
0.418432
0.418527
0.418617
0.418702
0.418783
0.418858
0.418928
0.418994
0.419054
0.419109
0.419159
0.419205
0.419246
0.419282
0.419312
0.419336
0.419355
0.419369
0.419378
0.419381
0.419378
0.41937
0.419356
0.419338
0.419314
0.419286
0.419252
0.419214
0.419171
0.419124
0.419072
0.419016
0.418955
0.41889
0.418821
0.418747
0.418669
0.418587
0.4185
0.41841
0.418315
0.418216
0.418113
0.418007
0.417897
0.417783
0.417666
0.417545
0.417422
0.417296
0.417167
0.417034
0.416899
0.41676
0.416618
0.416473
0.416326
0.416175
0.416022
0.415865
0.415704
0.415539
0.415371
0.415199
0.415024
0.414845
0.414663
0.414478
0.414289
0.414097
0.413901
0.413702
0.413498
0.413292
0.413081
0.412866
0.412649
0.41243
0.412207
0.411979
0.411749
0.411516
0.41128
0.41104
0.410797
0.410551
0.410303
0.410051
0.409796
0.409538
0.409277
0.409015
0.40875
0.408484
0.408217
0.407949
0.40768
0.407411
0.407142
0.406872
0.406603
0.406335
0.406067
0.405801
0.405536
0.405272
0.405011
0.404752
0.404496
0.404243
0.403993
0.403747
0.403505
0.403267
0.403033
0.402805
0.402584
0.402369
0.402161
0.40196
0.401766
0.40158
0.401401
0.40123
0.401068
0.400915
0.400771
0.400636
0.400511
0.400396
0.400292
0.400199
0.400117
0.400046
0.399989
0.399943
0.39991
0.399888
0.39988
0.399885
0.399904
0.399935
0.39998
0.400038
0.400108
0.400191
0.400287
0.400396
0.400518
0.400653
0.400801
0.400963
0.401136
0.401322
0.401519
0.401729
0.40195
0.402183
0.402427
0.402685
0.402955
0.403236
0.403528
0.40383
0.404142
0.404463
0.404793
0.405131
0.405478
0.405832
0.406193
0.406561
0.406936
0.407317
0.407705
0.408099
0.4085
0.408905
0.409316
0.40973
0.410148
0.410569
0.410992
0.411418
0.411845
0.412274
0.412705
0.413136
0.413568
0.414001
0.414435
0.414868
0.4153
0.415731
0.41616
0.416588
0.417014
0.417437
0.417857
0.418274
0.418688
0.419099
0.419506
0.419909
0.420307
0.420701
0.421088
0.421471
0.421848
0.422221
0.422587
0.422948
0.423301
0.423647
0.423986
0.424318
0.424642
0.424958
0.425266
0.425566
0.425857
0.426139
0.426413
0.426677
0.426932
0.427177
0.427412
0.427637
0.427852
0.428058
0.428255
0.428441
0.428616
0.42878
0.428933
0.429074
0.429202
0.429319
0.429423
0.429514
0.429593
0.429659
0.429713
0.429754
0.429781
0.429796
0.429797
0.429784
0.429757
0.429717
0.429664
0.429598
0.429519
0.429426
0.429319
0.429197
0.429062
0.428912
0.428749
0.428572
0.428381
0.428176
0.427958
0.427727
0.427482
0.427225
0.426955
0.426673
0.426379
0.426073
0.425754
0.425423
0.42508
0.424726
0.424361
0.423985
0.423599
0.423203
0.422797
0.422381
0.421957
0.421524
0.421084
0.420637
0.420183
0.419722
0.419256
0.418785
0.418309
0.417828
0.417343
0.416854
0.416363
0.415869
0.415374
0.414878
0.414381
0.413884
0.413388
0.412892
0.412398
0.411906
0.411418
0.410932
0.410449
0.409972
0.409499
0.409031
0.40857
0.408114
0.407665
0.407222
0.406787
0.406359
0.40594
0.405528
0.405126
0.404733
0.404349
0.403974
0.403608
0.403253
0.402908
0.402573
0.402249
0.401935
0.401632
0.40134
0.401059
0.400789
0.400529
0.40028
0.400041
0.399813
0.399596
0.39939
0.399195
0.399009
0.398834
0.398668
0.398513
0.398369
0.398234
0.39811
0.397996
0.397892
0.397796
0.397709
0.39763
0.39756
0.397497
0.397443
0.397396
0.397357
0.397324
0.397299
0.397279
0.397266
0.397259
0.397257
0.39726
0.397269
0.397283
0.397301
0.397323
0.39735
0.397382
0.397417
0.397456
0.3975
0.397546
0.397596
0.397649
0.397705
0.397764
0.397826
0.397891
0.397958
0.398028
0.3981
0.398174
0.398251
0.398331
0.398413
0.3985
0.398589
0.398681
0.398777
0.398876
0.398979
0.399085
0.399195
0.399307
0.399424
0.399546
0.399671
0.399801
0.399936
0.400076
0.40022
0.40037
0.400525
0.400686
0.400854
0.401029
0.401209
0.401397
0.401591
0.401794
0.402003
0.402221
0.402446
0.402678
0.402918
0.403167
0.403423
0.403687
0.40396
0.404242
0.404532
0.404831
0.405139
0.405456
0.40578
0.406113
0.406454
0.406803
0.40716
0.407525
0.407898
0.408278
0.408665
0.409061
0.409464
0.409875
0.410293
0.410716
0.411145
0.411579
0.412018
0.412461
0.412908
0.41336
0.413814
0.414273
0.414734
0.415199
0.415666
0.416134
0.416605
0.417077
0.417549
0.418023
0.418497
0.418971
0.419445
0.419918
0.420392
0.420864
0.421335
0.421804
0.422273
0.42274
0.423204
0.423665
0.424125
0.424581
0.425035
0.425485
0.425932
0.426377
0.426818
0.427255
0.427689
0.428118
0.428543
0.428963
0.429378
0.429789
0.430194
0.430595
0.430991
0.431383
0.431769
0.432149
0.432524
0.432893
0.433257
0.433614
0.433966
0.434311
0.434649
0.434982
0.435308
0.435628
0.43594
0.436246
0.436544
0.436835
0.437118
0.437393
0.437661
0.437921
0.438172
0.438415
0.43865
0.438877
0.439096
0.439307
0.43951
0.439703
0.439888
0.440063
0.44023
0.440387
0.440534
0.440671
0.440798
0.440914
0.44102
0.441115
0.441199
0.441272
0.441334
0.441386
0.441427
0.441458
0.441476
0.441484
0.441479
0.441462
0.441433
0.441391
0.441337
0.441271
0.441192
0.441101
0.440996
0.440877
0.440745
0.440599
0.440438
0.440262
0.440072
0.439867
0.439647
0.439411
0.43916
0.438893
0.438611
0.438313
0.437999
0.437669
0.437321
0.436956
0.436573
0.436173
0.435757
0.435323
0.434871
0.434401
0.433914
0.433409
0.432887
0.432346
0.431786
0.431209
0.430613
0.429999
0.429367
0.428717
0.428049
0.427362
0.426658
0.425934
0.425193
0.424433
0.423654
0.422858
0.422044
0.421214
0.420366
0.419502
0.418621
0.417724
0.416811
0.415883
0.41494
0.413982
0.41301
0.412024
0.411025
0.410013
0.408988
0.407951
0.406904
0.405846
0.404777
0.403698
0.402611
0.401514
0.400411
0.3993
0.398184
0.397064
0.395941
0.394814
0.393686
0.392556
0.391425
0.390295
0.389166
0.388038
0.386914
0.385793
0.384677
0.383567
0.382463
0.381367
0.38028
0.379201
0.378133
0.377075
0.376031
0.374999
0.373982
0.372981
0.371995
0.371027
0.370078
0.369147
0.368236
0.367345
0.366476
0.365628
0.364803
0.364001
0.363224
0.362471
0.361744
0.361042
0.360367
0.35972
0.3591
0.358508
0.357943
0.357408
0.356901
0.356423
0.355973
0.355554
0.355164
0.354804
0.354473
0.354171
0.353899
0.353657
0.353444
0.353261
0.353105
0.352977
0.352877
0.352803
0.352756
0.352735
0.35274
0.35277
0.352825
0.352904
0.353006
0.353131
0.353277
0.353445
0.353633
0.353842
0.354069
0.354313
0.354576
0.354856
0.355152
0.355464
0.35579
0.356129
0.35648
0.356843
0.357217
0.357601
0.357994
0.358395
0.358803
0.359219
0.359642
0.360069
0.360502
0.360938
0.361378
0.361821
0.362265
0.362712
0.363159
0.363607
0.364056
0.364505
0.364953
0.3654
0.365844
0.366287
0.366728
0.367166
0.367601
0.368034
0.368464
0.368891
0.369315
0.369735
0.370151
0.370563
0.370971
0.371376
0.371776
0.372172
0.372563
0.372951
0.373334
0.373713
0.374088
0.374458
0.374825
0.375188
0.375547
0.375902
0.376253
0.3766
0.376943
0.377281
0.377616
0.377945
0.378271
0.378591
0.378907
0.379218
0.379524
0.379824
0.380118
0.380407
0.380691
0.380968
0.38124
0.381504
0.381762
0.382012
0.382255
0.38249
0.382717
0.382935
0.383144
0.383344
0.383535
0.383716
0.383887
0.384049
0.3842
0.384341
0.384472
0.384591
0.3847
0.384797
0.384883
0.384957
0.38502
0.385072
0.385112
0.38514
0.385158
0.385164
0.385158
0.385142
0.385116
0.385079
0.385032
0.384976
0.384911
0.384836
0.384754
0.384663
0.384565
0.38446
0.384349
0.384232
0.38411
0.383983
0.383853
0.38372
0.383585
0.383449
0.383313
0.383177
0.383042
0.382909
0.382778
0.382652
0.38253
0.382414
0.382304
0.382201
0.382106
0.382021
0.381946
0.381882
0.381831
0.381791
0.381766
0.381755
0.381759
0.381778
0.381815
0.381869
0.381941
0.382032
0.382143
0.382274
0.382426
0.382599
0.382795
0.383013
0.383253
0.383518
0.383806
0.384118
0.384455
0.384817
0.385204
0.385617
0.386054
0.386518
0.387007
0.387523
0.388066
0.388634
0.389228
0.389847
0.390492
0.391162
0.391858
0.392577
0.393322
0.39409
0.394882
0.395698
0.396537
0.397398
0.398282
0.399187
0.400113
0.40106
0.402028
0.403014
0.40402
0.405043
0.406084
0.407142
0.408216
0.409307
0.410412
0.411531
0.412663
0.413808
0.414964
0.41613
0.417307
0.418492
0.419686
0.420887
0.422094
0.423307
0.424526
0.425749
0.426975
0.428203
0.429433
0.430664
0.431895
0.433124
0.434352
0.435577
0.436798
0.438016
0.439229
0.440437
0.441638
0.442833
0.44402
0.445199
0.446368
0.447529
0.44868
0.449819
0.450946
0.45206
0.453162
0.454251
0.455326
0.456386
0.457431
0.458459
0.459471
0.460466
0.461443
0.462403
0.463345
0.464268
0.465171
0.466055
0.46692
0.467764
0.468588
0.46939
0.470171
0.47093
0.471666
0.472379
0.473068
0.473734
0.474376
0.474994
0.475587
0.476155
0.476699
0.477218
0.477711
0.478179
0.478621
0.479037
0.479428
0.479792
0.48013
0.480442
0.480725
0.480982
0.481212
0.481415
0.48159
0.481737
0.481856
0.481946
0.482009
0.482043
0.482048
0.482025
0.481972
0.481891
0.481781
0.481643
0.481475
0.481278
0.481052
0.480798
0.480514
0.480202
0.479859
0.479486
0.479084
0.478652
0.478191
0.477701
0.477182
0.476634
0.476056
0.475449
0.474813
0.47415
0.473458
0.472738
0.47199
0.471214
0.47041
0.469579
0.468721
0.467837
0.466928
0.465993
0.465033
0.464048
0.463039
0.462007
0.460951
0.459872
0.458771
0.457648
0.456505
0.455341
0.454157
0.452954
0.451734
0.450498
0.449245
0.447977
0.446693
0.445396
0.444085
0.442761
0.441425
0.440078
0.438722
0.437356
0.435983
0.434603
0.433218
0.431827
0.430433
0.429037
0.427641
0.426244
0.424848
0.423455
0.422066
0.420681
0.419303
0.417931
0.416567
0.415212
0.413866
0.412532
0.411211
0.409902
0.408609
0.407331
0.40607
0.404827
0.403603
0.4024
0.401219
0.40006
0.398924
0.397812
0.396726
0.395666
0.394632
0.393627
0.39265
0.391704
0.390788
0.389903
0.38905
0.38823
0.387443
0.386688
0.385967
0.385281
0.384628
0.384011
0.383429
0.382883
0.382372
0.381897
0.381458
0.381055
0.380689
0.380359
0.380065
0.379808
0.379587
0.379402
0.379253
0.37914
0.379061
0.379018
0.379011
0.379038
0.3791
0.379196
0.379326
0.379489
0.379685
0.379912
0.380171
0.380461
0.380781
0.38113
0.381508
0.381914
0.382348
0.382808
0.383294
0.383804
0.38434
0.3849
0.385482
0.386085
0.386708
0.387351
0.388013
0.388693
0.38939
0.390103
0.390831
0.391574
0.392331
0.3931
0.393881
0.394672
0.395473
0.396282
0.397098
0.39792
0.398747
0.399578
0.400413
0.40125
0.402087
0.402925
0.403762
0.404596
0.405428
0.406256
0.40708
0.407898
0.408708
0.409511
0.410305
0.41109
0.411864
0.412626
0.413376
0.414111
0.414833
0.415538
0.416228
0.416901
0.417557
0.418194
0.418813
0.419411
0.419989
0.420547
0.421083
0.421598
0.422092
0.422562
0.423008
0.42343
0.423828
0.424201
0.42455
0.424872
0.42517
0.425442
0.42569
0.42591
0.426105
0.426274
0.426416
0.426533
0.426623
0.426688
0.426727
0.42674
0.426728
0.42669
0.426628
0.426542
0.426431
0.426298
0.42614
0.425959
0.425756
0.42553
0.425282
0.425013
0.424723
0.424414
0.424084
0.423736
0.42337
0.422985
0.422584
0.422165
0.421731
0.421281
0.420817
0.420339
0.419849
0.419346
0.418831
0.418305
0.417768
0.417222
0.416667
0.416104
0.415533
0.414955
0.414372
0.413782
0.413188
0.412589
0.411986
0.411381
0.410772
0.410162
0.40955
0.408938
0.408326
0.407715
0.407105
0.406496
0.40589
0.405288
0.404688
0.404093
0.403503
0.402919
0.402342
0.401771
0.401207
0.400651
0.400104
0.399566
0.399038
0.398519
0.398011
0.397514
0.397027
0.396553
0.39609
0.395642
0.395207
0.394785
0.394378
0.393986
0.393609
0.393247
0.392902
0.392573
0.392261
0.391967
0.391692
0.391436
0.391198
0.390979
0.390779
0.390598
0.390436
0.390295
0.390173
0.390072
0.389991
0.38993
0.389889
0.38987
0.389871
0.389892
0.389933
0.389995
0.390078
0.390181
0.390305
0.390448
0.390612
0.390795
0.390997
0.391217
0.391454
0.39171
0.391983
0.392272
0.392578
0.392898
0.393233
0.393583
0.393944
0.394319
0.394704
0.3951
0.395505
0.395919
0.39634
0.396767
0.3972
0.397638
0.39808
0.398525
0.398972
0.39942
0.399868
0.400315
0.40076
0.401201
0.401638
0.402071
0.402497
0.402918
0.403331
0.403737
0.404134
0.404521
0.404898
0.405263
0.405616
0.405957
0.406285
0.4066
0.406901
0.407188
0.40746
0.407717
0.407957
0.408181
0.408388
0.408578
0.408751
0.408907
0.409047
0.409169
0.409273
0.40936
0.409431
0.409486
0.409524
0.409546
0.409552
0.409542
0.409516
0.409475
0.409419
0.409349
0.409265
0.409168
0.409058
0.408936
0.408802
0.408656
0.4085
0.408333
0.408157
0.407974
0.407782
0.407585
0.40738
0.40717
0.406954
0.406732
0.406506
0.406276
0.406044
0.405809
0.405572
0.405335
0.405096
0.404857
0.404619
0.404384
0.404151
0.40392
0.403691
0.403466
0.403244
0.403026
0.402813
0.402605
0.402402
0.402204
0.402012
0.401826
0.401646
0.401473
0.401307
0.401147
0.400995
0.40085
0.400712
0.400581
0.400457
0.400341
0.400231
0.400128
0.400033
0.399945
0.399863
0.399787
0.399717
0.399653
0.399595
0.399541
0.399492
0.399447
0.399406
0.399369
0.399335
0.399304
0.399277
0.399252
0.399228
0.399207
0.399186
0.399167
0.399148
0.399128
0.399107
0.399086
0.399064
0.399039
0.399012
0.398984
0.398953
0.398919
0.398881
0.398839
0.398793
0.398743
0.398689
0.398629
0.398565
0.398497
0.398424
0.398347
0.398265
0.398179
0.398087
0.39799
0.397888
0.397781
0.397669
0.397552
0.397431
0.397306
0.397177
0.397045
0.396909
0.39677
0.396629
0.396485
0.396339
0.396191
0.396043
0.395894
0.395745
0.395597
0.395452
0.395308
0.395167
0.395028
0.394892
0.394759
0.39463
0.394506
0.394388
0.394274
0.394167
0.394067
0.393974
0.393889
0.393813
0.393747
0.393691
0.393645
0.393609
0.393586
0.393575
0.393576
0.39359
0.393617
0.393657
0.393711
0.393779
0.393862
0.393958
0.39407
0.394198
0.394341
0.3945
0.394675
0.394866
0.395073
0.395296
0.395534
0.395788
0.396057
0.396342
0.396642
0.396958
0.397289
0.397636
0.397998
0.398373
0.398762
0.399165
0.399581
0.40001
0.40045
0.400903
0.401366
0.40184
0.402324
0.402817
0.403318
0.403827
0.404343
0.404867
0.405395
0.405928
0.406466
0.407006
0.40755
0.408094
0.40864
0.409186
0.409732
0.410276
0.410816
0.411354
0.411886
0.412414
0.412934
0.413448
0.413954
0.414451
0.41494
0.415418
0.415886
0.416342
0.416784
0.417214
0.417629
0.418031
0.418417
0.418786
0.419139
0.419474
0.419791
0.420088
0.420367
0.420627
0.420867
0.421088
0.421287
0.421465
0.421622
0.421758
0.421872
0.421963
0.422031
0.422076
0.422099
0.422099
0.422077
0.422032
0.421963
0.421872
0.421757
0.42162
0.42146
0.421279
0.421075
0.42085
0.420603
0.420335
0.420047
0.419738
0.419408
0.41906
0.418693
0.418309
0.417908
0.41749
0.417056
0.416606
0.41614
0.415661
0.415167
0.414661
0.414143
0.413614
0.413076
0.412527
0.41197
0.411405
0.410832
0.410252
0.409667
0.409077
0.408483
0.407886
0.407287
0.406686
0.406084
0.405483
0.404882
0.404283
0.403686
0.403093
0.402503
0.401918
0.401338
0.400763
0.400195
0.399634
0.399081
0.398537
0.398001
0.397475
0.396959
0.396454
0.395961
0.395479
0.395009
0.394551
0.394106
0.393675
0.393257
0.392853
0.392462
0.392087
0.391726
0.391381
0.39105
0.390734
0.390433
0.390147
0.389877
0.389624
0.389386
0.389164
0.388958
0.388768
0.388595
0.388438
0.388297
0.388173
0.388066
0.387975
0.3879
0.387842
0.3878
0.387776
0.387769
0.387778
0.387803
0.387845
0.387902
0.387977
0.388068
0.388176
0.3883
0.38844
0.388596
0.388769
0.388958
0.389164
0.389385
0.389623
0.389876
0.390146
0.390431
0.390734
0.391053
0.391388
0.391741
0.39211
0.392496
0.392898
0.393316
0.39375
0.394201
0.394668
0.395151
0.395651
0.396166
0.396698
0.397245
0.397808
0.398387
0.398981
0.39959
0.400215
0.400854
0.401508
0.402177
0.402859
0.403555
0.404265
0.404988
0.405724
0.406473
0.407234
0.408008
0.408794
0.40959
0.410396
0.411211
0.412036
0.41287
0.413712
0.414562
0.415418
0.416281
0.417149
0.418024
0.418902
0.419783
0.420666
0.42155
0.422435
0.42332
0.424205
0.425088
0.425969
0.426847
0.427722
0.428592
0.429457
0.430314
0.431164
0.432007
0.432841
0.433664
0.434477
0.435278
0.436067
0.436843
0.437604
0.438351
0.439082
0.439797
0.440496
0.441178
0.441842
0.442488
0.443114
0.44372
0.444305
0.444869
0.445411
0.44593
0.446426
0.446898
0.447346
0.44777
0.448169
0.448542
0.44889
0.449212
0.449509
0.449779
0.450024
0.450241
0.450432
0.450596
0.450732
0.45084
0.45092
0.450973
0.450998
0.450994
0.450962
0.450902
0.450815
0.4507
0.450557
0.450387
0.450188
0.449963
0.449711
0.449432
0.449127
0.448796
0.448439
0.448056
0.447647
0.447213
0.446753
0.446268
0.445758
0.445225
0.44467
0.444092
0.443491
0.442867
0.442222
0.441554
0.440866
0.440157
0.439429
0.438681
0.437915
0.43713
0.436329
0.435511
0.434676
0.433827
0.432962
0.432083
0.431191
0.430287
0.42937
0.428442
0.427504
0.426556
0.425601
0.424638
0.423667
0.42269
0.421708
0.420721
0.419732
0.41874
0.417745
0.41675
0.415754
0.414758
0.413764
0.412772
0.411784
0.4108
0.409822
0.40885
0.407885
0.406929
0.40598
0.405042
0.404115
0.4032
0.402298
0.401409
0.400535
0.399677
0.398836
0.398011
0.397204
0.396416
0.395647
0.394898
0.39417
0.393464
0.39278
0.39212
0.391482
0.390869
0.390281
0.389719
0.389181
0.38867
0.388185
0.387727
0.387297
0.386895
0.38652
0.386173
0.385854
0.385562
0.385299
0.385064
0.384856
0.384676
0.384525
0.384401
0.384305
0.384236
0.384195
0.38418
0.384191
0.384228
0.38429
0.384377
0.384488
0.384623
0.38478
0.38496
0.385161
0.385383
0.385625
0.385886
0.386168
0.386467
0.386783
0.387115
0.387462
0.387823
0.388198
0.388586
0.388985
0.389396
0.389816
0.390246
0.390683
0.391127
0.391578
0.392033
0.392491
0.392953
0.393415
0.393879
0.394341
0.394803
0.395262
0.395719
0.396172
0.396619
0.397061
0.397496
0.397923
0.398343
0.398752
0.399151
0.399539
0.399914
0.400277
0.400627
0.400961
0.40128
0.401584
0.401871
0.402141
0.402394
0.402628
0.402844
0.403041
0.403218
0.403375
0.403511
0.403627
0.403722
0.403796
0.403848
0.403879
0.403888
0.403876
0.403842
0.403787
0.40371
0.403611
0.403491
0.40335
0.403189
0.403006
0.402803
0.40258
0.402336
0.402073
0.401791
0.401491
0.401173
0.400837
0.400485
0.400116
0.399732
0.399333
0.398919
0.398492
0.398051
0.397599
0.397134
0.39666
0.396175
0.395682
0.395179
0.39467
0.394153
0.393629
0.393101
0.392568
0.392032
0.391492
0.390952
0.39041
0.389869
0.389328
0.38879
0.388253
0.38772
0.387191
0.386667
0.386149
0.385638
0.385134
0.384638
0.384152
0.383674
0.383207
0.382751
0.382307
0.381876
0.381458
0.381053
0.380663
0.380289
0.37993
0.379588
0.379263
0.378955
0.378665
0.378394
0.378141
0.377908
0.377695
0.377502
0.377329
0.377177
0.377047
0.376937
0.376849
0.376783
0.376739
0.376718
0.376721
0.376746
0.376794
0.376865
0.37696
0.377079
0.377221
0.377387
0.377577
0.377792
0.378031
0.378294
0.378581
0.378892
0.379226
0.379584
0.379966
0.38037
0.380798
0.381248
0.38172
0.382214
0.382729
0.383266
0.383824
0.384403
0.385002
0.38562
0.386258
0.386916
0.387592
0.388285
0.388994
0.389721
0.390462
0.39122
0.391992
0.392779
0.393581
0.394396
0.395224
0.396064
0.396915
0.397777
0.398648
0.399529
0.400418
0.401314
0.402217
0.403126
0.404041
0.40496
0.405884
0.406811
0.407741
0.408672
0.409605
0.410538
0.411471
0.412402
0.413332
0.414259
0.415183
0.416103
0.417018
0.417927
0.41883
0.419726
0.420614
0.421493
0.422364
0.423225
0.424076
0.424916
0.425744
0.426559
0.427363
0.428153
0.428929
0.429691
0.430438
0.431169
0.431884
0.432584
0.433266
0.43393
0.434577
0.435206
0.435815
0.436407
0.436979
0.437532
0.438065
0.438579
0.439072
0.439545
0.439997
0.440427
0.440837
0.441225
0.441591
0.441935
0.442257
0.442558
0.442838
0.443096
0.443333
0.443547
0.443741
0.443913
0.444063
0.444192
0.444298
0.444384
0.444449
0.444492
0.444516
0.444519
0.444502
0.444464
0.444406
0.444329
0.444232
0.444115
0.443981
0.443828
0.443657
0.443468
0.443262
0.443039
0.4428
0.442545
0.442274
0.441988
0.441687
0.441372
0.441043
0.440702
0.440347
0.439981
0.439603
0.439215
0.438816
0.438406
0.437987
0.437558
0.437121
0.436675
0.436221
0.43576
0.435292
0.434818
0.434338
0.433852
0.433362
0.432867
0.432367
0.431864
0.431358
0.430848
0.430336
0.429822
0.429305
0.428786
0.428267
0.427746
0.427224
0.426701
0.426177
0.425654
0.425129
0.424605
0.42408
0.423555
0.42303
0.422506
0.421982
0.421459
0.420936
0.420414
0.419893
0.419372
0.41885
0.418329
0.417808
0.417288
0.416767
0.416246
0.415726
0.415206
0.414686
0.414164
0.413643
0.41312
0.412597
0.412072
0.411546
0.411018
0.410488
0.409955
0.40942
0.408882
0.408342
0.407799
0.407253
0.406704
0.406152
0.405596
0.405037
0.404474
0.403908
0.403339
0.402767
0.402192
0.401614
0.401033
0.40045
0.399864
0.399275
0.398683
0.398089
0.397492
0.396892
0.39629
0.395686
0.395081
0.394475
0.393867
0.393259
0.392649
0.39204
0.39143
0.390821
0.390212
0.389604
0.388998
0.388395
0.387794
0.387196
0.386601
0.38601
0.385422
0.38484
0.384262
0.38369
0.383125
0.382567
0.382015
0.381472
0.380937
0.380411
0.379895
0.379388
0.378892
0.378407
0.377933
0.37747
0.37702
0.376583
0.376158
0.375747
0.37535
0.374968
0.374601
0.374251
0.373916
0.373598
0.373298
0.373015
0.37275
0.372502
0.372273
0.372063
0.371871
0.3717
0.371547
0.371414
0.3713
0.371207
0.371135
0.371084
0.371053
0.371042
0.371053
0.371084
0.371136
0.371209
0.371303
0.371418
0.371553
0.371708
0.371884
0.37208
0.372297
0.372533
0.372789
0.373064
0.373359
0.373672
0.374005
0.374356
0.374726
0.375113
0.375519
0.375942
0.376382
0.37684
0.377313
0.377802
0.378306
0.378825
0.379358
0.379905
0.380465
0.381038
0.381624
0.382222
0.382831
0.383451
0.384082
0.384722
0.385371
0.386028
0.386694
0.387367
0.388046
0.388733
0.389425
0.390123
0.390827
0.391535
0.392247
0.392962
0.393681
0.394404
0.395129
0.395857
0.396586
0.397317
0.39805
0.398783
0.399518
0.400254
0.400989
0.401724
0.402458
0.403193
0.403927
0.40466
0.405393
0.406124
0.406854
0.407583
0.40831
0.409035
0.409758
0.410479
0.411199
0.411918
0.412635
0.413349
0.414061
0.414772
0.415481
0.416187
0.416892
0.417595
0.418296
0.418995
0.419693
0.42039
0.421084
0.421776
0.422468
0.423158
0.423846
0.424532
0.425216
0.425899
0.42658
0.42726
0.427937
0.428613
0.429285
0.429956
0.430624
0.43129
0.431953
0.432612
0.433268
0.433918
0.434566
0.435209
0.435847
0.43648
0.437106
0.437725
0.438338
0.438943
0.439541
0.44013
0.44071
0.441281
0.441842
0.442393
0.442932
0.443458
0.443971
0.444471
0.444957
0.445428
0.445885
0.446326
0.446749
0.447156
0.447545
0.447915
0.448266
0.448598
0.44891
0.449201
0.449472
0.449721
0.449948
0.450152
0.450333
0.45049
0.450624
0.450733
0.450818
0.450878
0.450912
0.450921
0.450905
0.450863
0.450796
0.450703
0.450584
0.450439
0.450269
0.450072
0.449849
0.4496
0.449325
0.449025
0.4487
0.44835
0.447975
0.447576
0.447154
0.44671
0.446242
0.445751
0.445239
0.444705
0.444151
0.443576
0.442981
0.442366
0.441732
0.441079
0.440407
0.439718
0.439013
0.43829
0.437552
0.436799
0.436031
0.43525
0.434456
0.433649
0.432831
0.432
0.431159
0.430307
0.429447
0.428578
0.427702
0.426818
0.425927
0.42503
0.424128
0.423222
0.422311
0.421397
0.420481
0.419562
0.418642
0.417721
0.4168
0.415878
0.414958
0.41404
0.413125
0.412213
0.411305
0.410401
0.409501
0.408606
0.407717
0.406834
0.405957
0.405087
0.404224
0.403369
0.402523
0.401684
0.400855
0.400034
0.399223
0.398422
0.397632
0.396851
0.396081
0.395322
0.394575
0.393839
0.393115
0.392403
0.391703
0.391015
0.39034
0.389677
0.389028
0.388393
0.387772
0.387164
0.386571
0.385991
0.385427
0.384877
0.384341
0.38382
0.383314
0.382822
0.382347
0.381887
0.381442
0.381012
0.380597
0.380197
0.379813
0.379444
0.37909
0.378752
0.37843
0.378122
0.377831
0.377554
0.377294
0.377049
0.37682
0.376607
0.376409
0.376226
0.37606
0.37591
0.375776
0.375657
0.375553
0.375464
0.375391
0.375334
0.375292
0.375265
0.375252
0.375253
0.37527
0.375301
0.375346
0.375406
0.37548
0.375568
0.37567
0.375786
0.375915
0.376058
0.376215
0.376385
0.376567
0.376762
0.376971
0.377193
0.377426
0.377672
0.377931
0.378201
0.378482
0.378774
0.379077
0.37939
0.379713
0.380047
0.380391
0.380744
0.381107
0.381479
0.381859
0.382247
0.382642
0.383045
0.383454
0.383871
0.384294
0.384723
0.385157
0.385596
0.38604
0.386487
0.386938
0.387392
0.38785
0.388311
0.388773
0.389237
0.389702
0.390168
0.390634
0.3911
0.391564
0.392028
0.39249
0.39295
0.393407
0.39386
0.39431
0.394755
0.395196
0.395632
0.396062
0.396486
0.396904
0.397315
0.397718
0.398115
0.398504
0.398885
0.399258
0.399621
0.399976
0.400321
0.400656
0.40098
0.401293
0.401594
0.401884
0.402162
0.402428
0.402682
0.402922
0.403151
0.403366
0.403568
0.403759
0.403936
0.4041
0.404251
0.404389
0.404513
0.404625
0.404724
0.404809
0.404883
0.404943
0.404991
0.405027
0.405052
0.405065
0.405067
0.40506
0.405043
0.405016
0.40498
0.404935
0.404882
0.404822
0.404754
0.40468
0.4046
0.404514
0.404423
0.404327
0.404227
0.404124
0.404017
0.403909
0.4038
0.40369
0.40358
0.40347
0.403361
0.403254
0.40315
0.403049
0.402953
0.402862
0.402775
0.402695
0.402621
0.402555
0.402496
0.402445
0.402404
0.402373
0.402352
0.402342
0.402344
0.402358
0.402385
0.402425
0.402479
0.402547
0.40263
0.402729
0.402842
0.402972
0.403118
0.40328
0.40346
0.403657
0.403871
0.404103
0.404353
0.404621
0.404908
0.405212
0.405535
0.405877
0.406237
0.406616
0.407014
0.407431
0.407865
0.408319
0.408791
0.409281
0.40979
0.410316
0.410858
0.411417
0.411993
0.412584
0.413192
0.413816
0.414453
0.415105
0.41577
0.416448
0.417137
0.417837
0.418548
0.419269
0.42
0.420738
0.421484
0.422238
0.422997
0.423763
0.424533
0.425308
0.426086
0.426867
0.427649
0.428434
0.429219
0.430004
0.430788
0.43157
0.43235
0.433127
0.4339
0.434668
0.435431
0.436189
0.436939
0.437683
0.438418
0.439145
0.439863
0.440572
0.44127
0.441958
0.442635
0.443302
0.443958
0.444602
0.445235
0.445854
0.446461
0.447054
0.447633
0.448199
0.448751
0.449288
0.44981
0.450317
0.450809
0.451286
0.451749
0.452196
0.452627
0.453044
0.453444
0.453829
0.454198
0.454551
0.454888
0.45521
0.455516
0.455806
0.45608
0.456337
0.456579
0.456803
0.457011
0.457203
0.457379
0.457538
0.457681
0.457808
0.457918
0.45801
0.458086
0.458145
0.458187
0.458212
0.458221
0.458215
0.458193
0.458154
0.458098
0.458025
0.457935
0.457829
0.457705
0.457563
0.457405
0.45723
0.457038
0.45683
0.456605
0.456364
0.456107
0.455833
0.455541
0.455233
0.454907
0.454565
0.454206
0.453831
0.453441
0.453036
0.452614
0.452176
0.451722
0.451252
0.450765
0.450262
0.449743
0.449209
0.44866
0.448095
0.447516
0.446921
0.446313
0.445691
0.445056
0.444408
0.443747
0.443072
0.442385
0.441686
0.440974
0.440251
0.439517
0.438772
0.438017
0.437252
0.436478
0.435695
0.434904
0.434105
0.433299
0.432486
0.431666
0.430841
0.43001
0.429175
0.428335
0.42749
0.426642
0.425792
0.424939
0.424085
0.42323
0.422375
0.42152
0.420667
0.419814
0.418963
0.418113
0.417266
0.416421
0.415579
0.41474
0.413905
0.413073
0.412245
0.411422
0.410604
0.409791
0.408984
0.408182
0.407387
0.406598
0.405815
0.40504
0.404272
0.40351
0.402755
0.402007
0.401266
0.400533
0.399807
0.399089
0.398377
0.397673
0.396976
0.396286
0.395604
0.394927
0.394258
0.393595
0.392939
0.392291
0.391649
0.391013
0.390383
0.389759
0.389141
0.388527
0.387919
0.387315
0.386717
0.386124
0.385536
0.384953
0.384374
0.383798
0.383226
0.382658
0.382093
0.381531
0.380972
0.380416
0.379863
0.379312
0.378763
0.378217
0.377672
0.37713
0.376591
0.376053
0.375518
0.374983
0.374451
0.37392
0.373392
0.372865
0.37234
0.371818
0.371298
0.370781
0.370266
0.369753
0.369243
0.368735
0.368231
0.367729
0.36723
0.366734
0.366241
0.365752
0.365266
0.364784
0.364307
0.363835
0.363367
0.362904
0.362445
0.361993
0.361546
0.361106
0.360672
0.360246
0.359825
0.359412
0.359006
0.358607
0.358216
0.357834
0.357461
0.357096
0.356741
0.356395
0.356058
0.355732
0.355416
0.35511
0.354815
0.354531
0.354259
0.353998
0.353749
0.353512
0.353288
0.353075
0.352876
0.35269
0.352517
0.352358
0.352212
0.352081
0.351963
0.35186
0.351772
0.351699
0.351641
0.351599
0.351571
0.351557
0.351559
0.351575
0.351607
0.351653
0.351715
0.351792
0.351884
0.351991
0.352115
0.352253
0.352408
0.352578
0.352764
0.352966
0.353184
0.353417
0.353665
0.353929
0.354208
0.354502
0.354813
0.355139
0.35548
0.355837
0.356209
0.356595
0.356996
0.357412
0.357843
0.358287
0.358746
0.35922
0.359707
0.360208
0.360723
0.361253
0.361796
0.362352
0.362922
0.363505
0.364102
0.364711
0.365332
0.365967
0.366614
0.367273
0.367945
0.368628
0.369322
0.370027
0.370743
0.37147
0.372208
0.372956
0.373714
0.374482
0.37526
0.376048
0.376844
0.377649
0.378462
0.379283
0.380111
0.380947
0.381789
0.382639
0.383494
0.384355
0.385221
0.386092
0.386968
0.387848
0.388732
0.389619
0.390509
0.391402
0.392297
0.393194
0.394092
0.394991
0.395889
0.396789
0.397689
0.398589
0.399487
0.400383
0.401277
0.402168
0.403056
0.40394
0.40482
0.405696
0.406568
0.407435
0.408296
0.40915
0.409997
0.410836
0.411668
0.412492
0.413307
0.414113
0.41491
0.415698
0.416477
0.417246
0.418005
0.418754
0.419491
0.420218
0.420932
0.421636
0.422328
0.423008
0.423676
0.424332
0.424974
0.425605
0.426223
0.426828
0.427421
0.428001
0.428568
0.429122
0.429663
0.430192
0.430707
0.43121
0.431699
0.432174
0.432635
0.433084
0.433519
0.433941
0.434349
0.434745
0.435127
0.435495
0.435852
0.436195
0.436525
0.436843
0.437147
0.437438
0.437718
0.437985
0.43824
0.438483
0.438713
0.438931
0.439137
0.439331
0.439513
0.439684
0.439844
0.439991
0.440127
0.44025
0.440362
0.440463
0.440555
0.440636
0.440706
0.440767
0.440818
0.440858
0.440888
0.440908
0.440918
0.440917
0.440906
0.440885
0.440854
0.440815
0.440767
0.440711
0.440647
0.440575
0.440495
0.440407
0.440312
0.440211
0.440103
0.439988
0.439867
0.43974
0.439608
0.439472
0.439333
0.43919
0.439044
0.438895
0.438744
0.438591
0.438439
0.438287
0.438135
0.437984
0.437836
0.43769
0.437547
0.437409
0.437274
0.437144
0.43702
0.436903
0.436792
0.436689
0.436593
0.436507
0.43643
0.436364
0.436309
0.436265
0.436233
0.436215
0.43621
0.436219
0.436243
0.436282
0.436337
0.436408
0.436495
0.436597
0.436715
0.43685
0.437001
0.437171
0.437357
0.437559
0.437778
0.438013
0.438265
0.438532
0.438816
0.439115
0.439431
0.439762
0.440109
0.44047
0.440846
0.441236
0.441638
0.442053
0.442479
0.442916
0.443363
0.443819
0.444284
0.444755
0.445233
0.445716
0.446204
0.446695
0.447188
0.447684
0.44818
0.448676
0.44917
0.449661
0.450149
0.450633
0.451112
0.451584
0.452047
0.452502
0.452946
0.453379
0.4538
0.454208
0.454602
0.454982
0.455346
0.455693
0.456024
0.456336
0.45663
0.456904
0.457158
0.457392
0.457603
0.457792
0.457958
0.458101
0.45822
0.458313
0.458381
0.458424
0.45844
0.45843
0.458393
0.458329
0.458238
0.45812
0.457976
0.457805
0.457607
0.457382
0.45713
0.456852
0.456549
0.456219
0.455863
0.455482
0.455077
0.454647
0.454194
0.453716
0.453215
0.452691
0.452147
0.451581
0.450995
0.450389
0.449765
0.449122
0.448462
0.447785
0.447093
0.446387
0.445667
0.444932
0.444185
0.443427
0.442659
0.44188
0.441093
0.440298
0.439496
0.438687
0.437874
0.437055
0.436234
0.43541
0.434585
0.43376
0.432935
0.432112
0.431291
0.430473
0.429658
0.428849
0.428045
0.427247
0.426457
0.425674
0.4249
0.424136
0.423382
0.422638
0.421906
0.421186
0.420479
0.419785
0.419105
0.418439
0.417787
0.417151
0.416529
0.415922
0.415332
0.414757
0.414199
0.413657
0.413131
0.412621
0.412127
0.411651
0.41119
0.410745
0.410317
0.409904
0.409507
0.409125
0.408758
0.408406
0.408067
0.407743
0.407432
0.407134
0.406847
0.406573
0.40631
0.406057
0.405814
0.405581
0.405355
0.405138
0.404929
0.404726
0.404528
0.404335
0.404148
0.403964
0.403785
0.403607
0.403431
0.403254
0.403078
0.4029
0.40272
0.402538
0.402352
0.402164
0.40197
0.401771
0.401567
0.401357
0.401139
0.400913
0.400679
0.400436
0.400184
0.399922
0.399649
0.399366
0.399072
0.398766
0.398451
0.398124
0.397785
0.397434
0.397071
0.396695
0.396309
0.39591
0.3955
0.395079
0.394646
0.394204
0.393751
0.393289
0.392816
0.392335
0.391846
0.391349
0.390846
0.390337
0.389823
0.389304
0.388782
0.388256
0.387729
0.387201
0.386673
0.386146
0.385621
0.385098
0.384579
0.384064
0.383555
0.383053
0.382557
0.38207
0.381593
0.381126
0.380672
0.380229
0.379801
0.379386
0.378987
0.378604
0.378238
0.377889
0.377558
0.377246
0.376954
0.376683
0.376434
0.376206
0.376
0.375816
0.375655
0.375517
0.375403
0.375312
0.375245
0.375203
0.375184
0.375189
0.375218
0.37527
0.375346
0.375445
0.375568
0.375714
0.375882
0.376073
0.376285
0.376519
0.376774
0.37705
0.377345
0.37766
0.377994
0.378346
0.378716
0.379103
0.379506
0.379924
0.380357
0.380804
0.381265
0.381738
0.382224
0.382721
0.383229
0.383746
0.384272
0.384806
0.385348
0.385896
0.386452
0.387013
0.38758
0.388152
0.388727
0.389305
0.389886
0.390469
0.391052
0.391636
0.392219
0.392803
0.393384
0.393965
0.394543
0.395118
0.395691
0.39626
0.396825
0.397384
0.397939
0.39849
0.399034
0.399574
0.400107
0.400634
0.401156
0.401672
0.40218
0.402681
0.403175
0.403662
0.40414
0.404611
0.405073
0.405527
0.405973
0.406412
0.406843
0.407265
0.407679
0.408083
0.408478
0.408864
0.409242
0.40961
0.409969
0.410319
0.41066
0.410992
0.411315
0.411629
0.411933
0.412229
0.412516
0.412794
0.413063
0.413322
0.413572
0.413812
0.414042
0.414262
0.414473
0.414675
0.414868
0.415051
0.415225
0.415388
0.415541
0.415685
0.415818
0.415941
0.416053
0.416154
0.416244
0.416325
0.416395
0.416453
0.4165
0.416536
0.41656
0.416574
0.416575
0.416565
0.416542
0.416507
0.416462
0.416405
0.416336
0.416255
0.416162
0.416056
0.415938
0.415808
0.415666
0.415512
0.415346
0.415168
0.414978
0.414776
0.414563
0.414338
0.414101
0.413853
0.413593
0.413323
0.413043
0.412753
0.412454
0.412145
0.411827
0.4115
0.411165
0.410822
0.410472
0.410114
0.409749
0.409378
0.409
0.408617
0.408228
0.407835
0.407438
0.407038
0.406635
0.40623
0.405822
0.405412
0.405001
0.404589
0.404178
0.403766
0.403356
0.402947
0.40254
0.402136
0.401736
0.401341
0.400949
0.400563
0.400182
0.399806
0.399437
0.399074
0.398719
0.398371
0.398031
0.397699
0.397376
0.397062
0.396757
0.396462
0.396177
0.395903
0.395639
0.395386
0.395144
0.394913
0.394695
0.394488
0.394293
0.394109
0.393937
0.393776
0.393626
0.393487
0.39336
0.393245
0.393141
0.393048
0.392966
0.392895
0.392835
0.392785
0.392745
0.392715
0.392695
0.392683
0.392681
0.392689
0.392706
0.392731
0.392764
0.392806
0.392854
0.392909
0.39297
0.393038
0.393112
0.393191
0.393276
0.393365
0.39346
0.393559
0.393662
0.393768
0.393877
0.393991
0.394108
0.394228
0.394351
0.394476
0.394605
0.394734
0.394865
0.394997
0.395131
0.395266
0.395401
0.395537
0.395674
0.395811
0.395949
0.396087
0.396226
0.396366
0.396506
0.396647
0.39679
0.396933
0.397076
0.39722
0.397364
0.39751
0.397656
0.397804
0.397953
0.398105
0.398258
0.398414
0.398571
0.398731
0.398893
0.399057
0.399222
0.399391
0.399564
0.399739
0.399916
0.400097
0.400282
0.400471
0.400664
0.400861
0.401062
0.401267
0.401477
0.40169
0.401909
0.402133
0.402361
0.402595
0.402834
0.403078
0.403328
0.403584
0.403846
0.404113
0.404386
0.404665
0.404949
0.405238
0.405533
0.405833
0.406139
0.406449
0.406765
0.407086
0.407412
0.407743
0.408079
0.40842
0.408766
0.409115
0.409468
0.409825
0.410184
0.410546
0.410911
0.411278
0.411648
0.412019
0.412393
0.412767
0.413143
0.413519
0.413896
0.414274
0.414651
0.415029
0.415406
0.415782
0.416157
0.41653
0.416901
0.41727
0.417637
0.418
0.41836
0.418717
0.419071
0.41942
0.419765
0.420105
0.42044
0.42077
0.421095
0.421415
0.421729
0.422037
0.422337
0.422632
0.422919
0.4232
0.423475
0.423743
0.424004
0.424256
0.424501
0.424738
0.424967
0.425189
0.425402
0.425607
0.425804
0.425992
0.426172
0.426344
0.426507
0.426663
0.42681
0.42695
0.42708
0.427203
0.427317
0.427424
0.427522
0.427612
0.427694
0.427767
0.427832
0.427889
0.427938
0.427978
0.42801
0.428034
0.428051
0.428061
0.428063
0.428058
0.428044
0.428024
0.427996
0.427961
0.427918
0.427869
0.427813
0.427751
0.427683
0.427609
0.427529
0.427444
0.427353
0.427256
0.427153
0.427045
0.426931
0.426813
0.42669
0.426563
0.426432
0.426297
0.426159
0.426018
0.425873
0.425726
0.425575
0.425423
0.425268
0.425111
0.424952
0.424792
0.424632
