6.53913
6.54397
6.54739
6.55222
6.55773
6.56252
6.568
6.57273
6.58096
6.58984
6.59937
6.60955
6.61895
6.62756
6.63749
6.64802
6.65984
6.67294
6.6859
6.70012
6.71487
6.73156
6.74733
6.76289
6.77964
6.79754
6.81659
6.83465
6.85381
6.87478
6.89398
6.91354
6.93273
6.95505
6.97554
6.99701
7.01874
7.04
7.06148
7.08386
7.10571
7.12984
7.1527
7.17499
7.19738
7.22057
7.24312
7.26644
7.2891
7.31037
7.33378
7.35718
7.38058
7.40323
7.42585
7.44701
7.46951
7.49194
7.51358
7.53512
7.55796
7.57928
7.60117
7.62364
7.64456
7.66534
7.68736
7.70853
7.72952
7.75105
7.7724
7.79144
7.81242
7.83319
7.85307
7.87414
7.89501
7.91355
7.93257
7.95209
7.97208
7.99185
8.00998
8.02716
8.04482
8.06295
8.08014
8.09638
8.11379
8.13026
8.14577
8.16174
8.17747
8.19366
8.2089
8.22248
8.23793
8.25313
8.26597
8.27928
8.29234
8.30516
8.31986
8.33291
8.34573
8.35691
8.36928
8.38212
8.39405
8.40575
8.41795
8.43135
8.44243
8.4519
8.46329
8.47449
8.48551
8.49494
8.50561
8.51542
8.52647
8.53596
8.54531
8.55311
8.56219
8.57043
8.57927
8.58657
8.59519
8.60441
8.61284
8.62189
8.62945
8.63835
8.64859
8.65595
8.66466
8.67121
8.67913
8.687
8.69484
8.70335
8.71183
8.71958
8.7273
8.73359
8.74128
8.74824
8.75659
8.76422
8.77113
8.77943
8.787
8.79384
8.80206
8.80884
8.81629
8.82581
8.83317
8.84048
8.84773
8.85491
8.86131
8.86833
8.87526
8.88067
8.88738
8.89326
8.899
8.90672
8.91216
8.91814
8.92464
8.93023
8.93774
8.94361
8.94784
8.9504
8.95553
8.95897
8.96283
8.96569
8.96895
8.97189
8.97662
8.97818
8.98221
8.98377
8.98284
8.98435
8.98478
8.98411
8.98375
8.9837
8.98254
8.98098
8.97901
8.97735
8.97386
8.96997
8.9678
8.96452
8.96014
8.95536
8.9509
8.94536
8.94086
8.93458
8.92795
8.92168
8.91437
8.90674
8.89951
8.89127
8.88203
8.87323
8.86418
8.85487
8.84675
8.8384
8.82985
8.819
8.80796
8.79607
8.78685
8.77539
8.76452
8.75284
8.74461
8.73418
8.72159
8.71107
8.69911
8.68784
8.67728
8.66391
8.65269
8.64151
8.6318
8.62144
8.61046
8.59886
8.58595
8.57527
8.56259
8.55074
8.54257
8.53314
8.52246
8.51337
8.50304
8.49361
8.48438
8.47535
8.46795
8.45865
8.45028
8.44144
8.43425
8.42659
8.41989
8.41273
8.40583
8.39777
8.39139
8.38457
8.37872
8.37315
8.36714
8.36211
8.35665
8.35288
8.34868
8.34334
8.3404
8.33702
8.33673
8.33319
8.33061
8.32901
8.32625
8.32446
8.32291
8.32303
8.32267
8.31973
8.31984
8.31806
8.3179
8.31866
8.31892
8.31938
8.3179
8.31942
8.32041
8.32226
8.32214
8.32287
8.32514
8.32824
8.33004
8.33052
8.3325
8.33456
8.33669
8.33816
8.33897
8.34122
8.34419
8.34788
8.35015
8.3517
8.35534
8.35753
8.35968
8.36175
8.36093
8.36215
8.36539
8.365
8.36731
8.3688
8.37087
8.3735
8.37458
8.37691
8.37767
8.37967
8.38009
8.38034
8.37898
8.37814
8.37852
8.37871
8.37799
8.37848
8.37736
8.37392
8.36957
8.36784
8.36591
8.36307
8.36074
8.35963
8.35762
8.35541
8.35161
8.34833
8.34487
8.34054
8.33744
8.33135
8.3251
8.32152
8.31709
8.31251
8.30709
8.30154
8.29657
8.29148
8.28698
8.28238
8.27768
8.27289
8.26871
8.26304
8.25799
8.25217
8.2477
8.24175
8.23504
8.2304
8.2236
8.21747
8.21061
8.20442
8.19891
8.19197
8.18501
8.18017
8.17461
8.16763
8.16207
8.15581
8.14885
8.1419
8.13638
8.12946
8.12398
8.11852
8.11167
8.10555
8.09806
8.09202
8.08459
8.07861
8.07267
8.06678
8.06163
8.05583
8.04937
8.04437
8.03873
8.03385
8.0269
8.02143
8.01603
8.00999
8.00543
8.00094
7.99582
7.99008
7.98511
7.98164
7.97826
7.97425
7.96963
7.9658
7.96136
7.95631
7.95207
7.94721
7.94317
7.93854
7.93401
7.93241
7.92811
7.92392
7.92055
7.91731
7.9142
7.91121
7.90835
7.90633
7.90516
7.9027
7.90109
7.8982
7.89546
7.89286
7.89182
7.89022
7.88948
7.88889
7.88704
7.88676
7.88591
7.88381
7.88186
7.88219
7.88196
7.88259
7.88408
7.88431
7.8854
7.88594
7.88662
7.88604
7.88773
7.89027
7.89153
7.89224
7.8945
7.89548
7.89801
7.89785
7.90134
7.90426
7.9066
7.91046
7.91304
7.91784
7.92134
7.92424
7.92583
7.92893
7.93284
7.93544
7.93882
7.9423
7.94656
7.9516
7.95531
7.95909
7.96222
7.96684
7.9708
7.97481
7.97958
7.98298
7.98784
7.99131
7.99482
7.99976
8.00403
8.00902
8.01402
8.01692
8.02194
8.02485
8.02987
8.03347
8.03848
8.04206
8.04704
8.0527
8.05622
8.06041
8.06529
8.06942
8.07351
8.07756
8.08156
8.08622
8.09083
8.09607
8.09914
8.10002
8.10437
8.10793
8.11141
8.11482
8.11814
8.12138
8.12453
8.12759
8.12984
8.13129
8.13405
8.13671
8.14067
8.1431
8.14401
8.14692
8.149
8.15096
8.15139
8.15381
8.1568
8.15826
8.161
8.1636
8.16394
8.16415
8.16422
8.16274
8.16112
8.16219
8.1617
8.16177
8.16242
8.16081
8.16118
8.16142
8.16082
8.15937
8.15709
8.15608
8.15496
8.15582
8.15374
8.15224
8.14922
8.1482
8.14566
8.14442
8.14097
8.13882
8.1387
8.13495
8.13254
8.13004
8.12676
8.12412
8.12071
8.11723
8.11441
8.11294
8.10931
8.10634
8.10474
8.1017
8.09793
8.09555
8.09174
8.09003
8.08689
8.08376
8.08133
8.0789
8.07508
8.07127
8.06889
8.06653
8.06278
8.05765
8.05467
8.05101
8.04811
8.04525
8.04102
8.03825
8.03624
8.03358
8.03027
8.0256
8.0224
8.01997
8.0176
8.01459
8.01165
8.00878
8.00668
8.00606
8.0048
8.00291
8.0011
7.99936
7.9984
7.99751
7.99529
7.99455
7.9946
7.99402
7.99281
7.99167
7.99062
7.98894
7.98733
7.9851
7.98435
7.98368
7.98308
7.98397
7.98353
7.98315
7.98003
7.98262
7.98245
7.98519
7.98446
7.98309
7.9825
7.98268
7.98293
7.98395
7.98504
7.98549
7.98599
7.98657
7.9879
7.98859
7.98722
7.98873
7.9896
7.98981
7.9915
7.99323
7.99502
7.99616
7.99876
7.99929
8.00127
8.0026
8.00327
8.00399
8.00546
8.00769
8.00925
8.00944
8.01179
8.01347
8.01237
8.01342
8.01522
8.01706
8.02034
8.02296
8.0242
8.02689
8.02892
8.02886
8.03096
8.0352
8.03595
8.03815
8.0418
8.04477
8.04778
8.05082
8.05319
8.05489
8.05591
8.05767
8.06087
8.06411
8.06525
8.06784
8.07046
8.07169
8.07295
8.07636
8.07908
8.08183
8.0839
8.08528
8.08598
8.09023
8.09308
8.09596
8.09744
8.10034
8.10397
8.10619
8.10771
8.11066
8.11291
8.11587
8.11813
8.12039
8.12336
8.12562
8.12859
8.13156
8.13452
8.13606
8.14183
8.14548
8.1484
8.15202
8.15633
8.16063
8.16349
8.16634
8.16777
8.17058
8.17337
8.17615
8.1789
8.18164
8.18294
8.18492
8.18688
8.18953
8.19357
8.19688
8.19946
8.20344
8.20598
8.2085
8.21241
8.21488
8.21734
8.21978
8.22009
8.22108
8.22417
8.22653
8.2296
8.23194
8.23426
8.23728
8.23887
8.24398
8.24555
8.24782
8.24866
8.2509
8.25596
8.25747
8.25898
8.26118
8.26338
8.26487
8.26635
8.26853
8.26788
8.27004
8.2722
8.27647
8.27862
8.28146
8.28499
8.28852
8.29062
8.29483
8.29692
8.29899
8.30105
8.30451
8.30654
8.30855
8.31195
8.31533
8.31658
8.31851
8.32042
8.32371
8.32557
8.32669
8.32707
8.32813
8.32915
8.33225
8.33319
8.33481
8.33497
8.33581
8.33731
8.33807
8.33807
8.33804
8.33937
8.33925
8.3412
8.34381
8.34637
8.34748
8.34783
8.34813
8.3491
8.34931
8.35018
8.351
8.35248
8.35392
8.35461
8.35525
8.35584
8.35781
8.35903
8.3602
8.36204
8.36243
8.36277
8.36309
8.36407
8.36502
8.36452
8.36399
8.36414
8.36637
8.36574
8.36509
8.36582
8.36582
8.36508
8.36573
8.36635
8.36411
8.36256
8.36169
8.3615
8.36129
8.36247
8.36292
8.36264
8.36305
8.36413
8.36449
8.3627
8.36231
8.36189
8.36145
8.36098
8.36049
8.36138
8.36154
8.36026
8.35895
8.3576
8.35904
8.35903
8.35828
8.35679
8.35597
8.3537
8.3528
8.35256
8.35158
8.35126
8.35019
8.34837
8.3465
8.34529
8.34404
8.34344
8.34208
8.34279
8.34061
8.3398
8.33893
8.3373
8.33562
8.33388
8.3328
8.33166
8.32976
8.3271
8.32509
8.32302
8.3209
8.31872
8.31649
8.31421
8.31188
8.30809
8.30637
8.30389
8.29995
8.29738
8.29335
8.29068
8.28726
8.2838
8.28101
8.27818
8.27602
8.27242
8.27019
8.26724
8.26354
8.25983
8.25679
8.25232
8.24854
8.24544
8.24161
8.23566
8.23322
8.23006
8.2276
8.22584
8.22407
8.22158
8.21769
8.21521
8.21273
8.20955
8.20638
8.20322
8.20078
8.19694
8.19382
8.19072
8.18693
8.18457
8.18082
8.17709
8.1741
8.17254
8.1696
8.16598
8.1631
8.15955
8.15674
8.15397
8.14983
8.14713
8.14447
8.14044
8.13716
8.13321
8.13072
8.12687
8.12378
8.12284
8.12196
8.12042
8.11823
8.11609
8.1133
8.11057
8.10789
8.10598
8.10412
8.10162
8.10059
8.10033
8.10013
8.09717
8.09498
8.09355
8.09079
8.08879
8.08968
8.08923
8.08885
8.08712
8.08616
8.08386
8.08304
8.083
8.08232
8.081
8.08045
8.08139
8.08098
8.08134
8.08036
8.07944
8.08
8.0785
8.07918
8.07851
8.07862
8.07878
8.07901
8.07929
8.07893
8.08004
8.07979
8.08031
8.07946
8.08078
8.08286
8.08427
8.08574
8.08795
8.09092
8.09252
8.09204
8.09302
8.09404
8.0951
8.09479
8.09733
8.09921
8.099
8.09812
8.09868
8.09998
8.1006
8.10054
8.10192
8.10262
8.10546
8.10621
8.10839
8.10989
8.11283
8.11366
8.11592
8.11537
8.11696
8.11857
8.1216
8.12112
8.12346
8.123
8.12466
8.12633
8.12801
8.13041
8.13211
8.1331
8.1348
8.13581
8.13752
8.13923
8.14024
8.14195
8.14367
8.14609
8.1464
8.14812
8.14984
8.15085
8.15328
8.1557
8.15741
8.15911
8.16082
8.16393
8.16491
8.16519
8.16546
8.16925
8.17233
8.17329
8.17494
8.17659
8.18035
8.18268
8.1843
8.18591
8.18891
8.1912
8.19206
8.19361
8.19515
8.19596
8.19816
8.20034
8.20321
8.20322
8.20532
8.20669
8.20872
8.21072
8.21408
8.21458
8.21573
8.21755
8.22001
8.2203
8.22123
8.2228
8.2236
8.22574
8.22639
8.22624
8.22672
8.2271
8.22597
8.22615
8.22551
8.22547
8.22813
8.22714
8.22672
8.22475
8.22476
8.22462
8.22503
8.22317
8.22185
8.22107
8.21941
8.21899
8.21769
8.21479
8.21311
8.21123
8.20775
8.20478
8.2009
8.19893
8.19533
8.19153
8.18752
8.184
8.17956
8.1749
8.17004
8.16425
8.15895
8.15344
8.14842
8.14178
8.13492
8.12645
8.11989
8.11313
8.10335
8.09549
8.08745
8.07993
8.07224
8.06439
8.05566
8.04749
8.03989
8.03214
8.02498
8.0177
8.00889
7.99928
7.99028
7.98191
7.97206
7.96144
7.95361
7.94503
7.93642
7.92638
7.91706
7.90774
7.89775
7.8885
7.87789
7.87086
7.85968
7.8507
7.84112
7.83235
7.82511
7.81519
7.80683
7.79933
7.79342
7.78488
7.77723
7.76979
7.76258
7.75559
7.74883
7.74304
7.73679
7.73082
7.72441
7.71899
7.71456
7.71256
7.70733
7.70382
7.69993
7.69637
7.69243
7.68954
7.6884
7.6869
7.68504
7.68284
7.6817
7.68092
7.6805
7.68045
7.68006
7.68074
7.68179
7.6832
7.68428
7.68785
7.69107
7.69254
7.69579
7.69869
7.70055
7.70347
7.70746
7.7125
7.7186
7.72505
7.73114
7.73757
7.74433
7.75142
7.75884
7.7673
7.77607
7.78445
7.79384
7.8007
7.80787
7.81814
7.82799
7.8374
7.84849
7.85772
7.86861
7.87833
7.8904
7.90199
7.91451
7.92865
7.94156
7.95467
7.96865
7.98139
7.99498
8.00519
8.01835
8.03092
8.04431
8.05779
8.07065
8.08569
8.09937
8.1131
8.12756
8.14203
8.1551
8.16885
8.18258
8.19557
8.2092
8.22135
8.23554
8.24892
8.2629
8.27604
8.28835
8.3005
8.31389
8.3264
8.33873
8.35014
8.36134
8.37513
8.38585
8.39845
8.40866
8.4186
8.42826
8.43622
8.446
8.45476
8.46391
8.47134
8.48055
8.49013
8.49654
8.50261
8.51045
8.51793
8.52436
8.53113
8.53755
8.54361
8.5486
8.55394
8.55681
8.56074
8.5636
8.56683
8.56829
8.56941
8.5709
8.57276
8.57429
8.5762
8.5771
8.57698
8.57797
8.57796
8.57836
8.57708
8.57694
8.57723
8.57587
8.57426
8.57311
8.57104
8.56874
8.56625
8.56567
8.56278
8.5583
8.55647
8.55307
8.54952
8.54512
8.54199
8.53804
8.53468
8.53121
8.52906
8.52329
8.51885
8.51646
8.51118
8.50585
8.50047
8.49646
8.4903
8.48411
8.47931
8.47379
8.46967
8.46555
8.46073
8.45592
8.45042
8.44564
8.44089
8.43688
8.43289
8.42682
8.42221
8.41834
8.41381
8.40863
8.40421
8.39913
8.39763
8.39407
8.38986
8.38642
8.38092
8.37759
8.37433
8.37042
8.36657
8.3635
8.35978
8.3547
8.3504
8.34685
8.34408
8.34065
8.33588
8.33186
8.32789
8.32398
8.32153
8.31771
8.31466
8.31235
8.30868
8.30576
8.30288
8.30074
8.29935
8.29658
8.29385
8.29186
8.28848
8.28584
8.28393
8.28135
8.27878
8.27765
8.27371
8.26838
8.26801
8.26553
8.26307
8.25921
8.25607
8.25435
8.25194
8.24884
8.24715
8.24619
8.24452
8.24075
8.2384
8.23536
8.23232
8.23001
8.22699
8.22399
8.22311
8.22225
8.21999
8.21844
8.2155
8.2154
8.21602
8.21384
8.21026
8.20812
8.206
8.2039
8.20255
8.20051
8.19781
8.19584
8.19532
8.19413
8.19298
8.19188
8.18941
8.18769
8.18532
8.183
8.18074
8.17783
8.1771
8.17713
8.17652
8.17527
8.17268
8.17157
8.17054
8.17028
8.16869
8.16575
8.16501
8.16364
8.16446
8.16396
8.16353
8.16319
8.1608
8.16061
8.1605
8.16046
8.16049
8.16131
8.16219
8.16244
8.16276
8.16385
8.16359
8.16409
8.16395
8.16457
8.16454
8.16384
8.1653
8.16398
8.16622
8.16779
8.16797
8.16816
8.16838
8.17001
8.17095
8.17401
8.17635
8.17798
8.17959
8.18118
8.18344
8.18495
8.18502
8.18646
8.18643
8.18846
8.1883
8.18808
8.18849
8.18953
8.18977
8.18993
8.18928
8.18923
8.18978
8.18951
8.18912
8.18791
8.18939
8.18721
8.18631
8.18527
8.18409
8.18348
8.18201
8.18039
8.17791
8.17668
8.17459
8.17234
8.16993
8.16665
8.16392
8.1596
8.15653
8.15259
8.14919
8.14562
8.1433
8.13869
8.13603
8.1318
8.1274
8.11931
8.11529
8.11041
8.10608
8.10088
8.09412
8.08863
8.08298
8.07649
8.07057
8.0645
8.05759
8.04985
8.04197
8.0361
8.0301
8.02187
8.01424
8.0065
8.00148
7.99284
7.98694
7.97883
7.97064
7.96379
7.95546
7.94848
7.94074
7.93437
7.92583
7.91797
7.90866
7.90144
7.8935
7.88554
7.87899
7.87104
7.86168
7.85376
7.84585
7.83869
7.83016
7.82309
7.81537
7.80842
7.79871
7.79191
7.7852
7.77858
7.77206
7.76707
7.75937
7.7525
7.74436
7.73918
7.73275
7.72577
7.71826
7.71233
7.70588
7.70103
7.69638
7.69123
7.687
7.68299
7.67921
7.67567
7.67024
7.66648
7.66226
7.65901
7.65602
7.6526
7.64803
7.64797
7.64749
7.64518
7.64315
7.64212
7.64138
7.64165
7.6408
7.64025
7.64071
7.64076
7.64112
7.64389
7.64556
7.64894
7.65191
7.65447
7.65662
7.66048
7.66393
7.66696
7.67169
7.6767
7.68128
7.68755
7.69338
7.69735
7.70298
7.70675
7.71147
7.71783
7.72443
7.73054
7.73828
7.74552
7.75368
7.76132
7.76987
7.77859
7.78818
7.79653
7.80574
7.81297
7.82175
7.83137
7.83828
7.8453
7.85454
7.86387
7.87258
7.88207
7.89304
7.90547
7.91583
7.92694
7.93455
7.9443
7.95337
7.96314
7.97363
7.9834
7.99316
8.0043
8.0133
8.02367
8.03188
8.04145
8.05168
8.06184
8.07052
8.08054
8.08978
8.09823
8.10588
8.11485
8.12302
8.13108
8.14046
8.14901
8.15605
8.16438
8.17188
8.18068
8.18865
8.1972
8.20421
8.2111
8.21856
8.22659
8.2345
8.24156
8.24707
8.25387
8.26265
8.26847
8.27486
8.28041
8.28654
8.29324
8.29839
8.30411
8.30971
8.31658
8.32261
8.32851
8.3364
8.34345
8.34754
8.35151
8.35534
8.35976
8.36477
8.37035
8.37368
8.3769
8.38139
8.38436
8.38508
8.3885
8.39109
8.39638
8.39802
8.40024
8.40374
8.40571
8.40826
8.41068
8.41227
8.41372
8.41575
8.41623
8.41727
8.4203
8.42177
8.42379
8.42426
8.42387
8.42545
8.42616
8.426
8.42639
8.4259
8.42595
8.42724
8.42552
8.42503
8.42435
8.42348
8.42312
8.42185
8.42038
8.418
8.41611
8.41541
8.4145
8.41125
8.40848
8.40478
8.40085
8.3974
8.39301
8.3891
8.38425
8.38058
8.37668
8.37184
8.36677
8.36007
8.35737
8.35022
8.34355
8.33739
8.3303
8.3209
8.31343
8.30647
8.29935
8.29205
8.2846
8.27629
8.26714
8.25857
8.252
8.2432
8.23502
8.22747
8.22127
8.2136
8.20449
8.19676
8.18832
8.18059
8.17218
8.1617
8.15408
8.14583
8.13695
8.12817
8.12091
8.11306
8.10395
8.09568
8.089
8.0825
8.07548
8.06795
8.06206
8.05426
8.04741
8.0408
8.03445
8.02976
8.02535
8.0205
8.01594
8.01167
8.00557
8.00259
8.00062
7.99753
7.99617
7.99229
7.98942
7.98827
7.9853
7.98335
7.98311
7.98388
7.98283
7.98278
7.98232
7.98356
7.98438
7.98336
7.98474
7.98639
7.98901
7.99259
7.99501
7.99697
7.99988
8.00231
8.00708
8.01207
8.01586
8.02057
8.02476
8.02913
8.03511
8.04056
8.04617
8.05124
8.05506
8.06044
8.06525
8.07021
8.076
8.08192
8.08725
8.0927
8.09896
8.10674
8.11251
8.11836
8.12501
8.13103
8.13855
8.14472
8.15238
8.15869
8.16507
8.17291
8.1801
8.18733
8.19391
8.20123
8.20717
8.21385
8.22127
8.22941
8.23687
8.24504
8.25392
8.26139
8.26815
8.27631
8.28305
8.29117
8.29928
8.30876
8.31679
8.32407
8.3313
8.33917
8.34628
8.3526
8.35955
8.36571
8.37389
8.38056
8.38782
8.39497
8.40269
8.40887
8.41632
8.42291
8.42723
8.43209
8.43677
8.44198
8.4463
8.45183
8.45575
8.46017
8.46437
8.46765
8.47211
8.47352
8.4761
8.47985
8.48195
8.48379
8.48751
8.49027
8.49418
8.49572
8.4956
8.49733
8.4974
8.49863
8.4996
8.50103
8.50151
8.50174
8.50032
8.50079
8.49962
8.49822
8.49659
8.49405
8.49132
8.48838
8.48456
8.48337
8.48132
8.47839
8.47531
8.4735
8.46944
8.46737
8.46377
8.45936
8.45486
8.45168
8.44843
8.44441
8.43892
8.43409
8.43205
8.42785
8.42364
8.41871
8.41449
8.41309
8.40888
8.4054
8.40195
8.39782
8.39373
8.38969
8.38498
8.38104
8.37786
8.37402
8.37025
8.36513
8.36148
8.3579
8.35438
8.35093
8.34755
8.34494
8.34238
8.33919
8.33605
8.33297
8.32923
8.32625
8.32332
8.32114
8.31688
8.31407
8.31128
8.30853
8.3058
8.30378
8.29967
8.29697
8.29428
8.29229
8.28959
8.28618
8.28417
8.28214
8.2808
8.27801
8.2745
8.26884
8.26597
8.26165
8.25801
8.25433
8.24992
8.24689
8.24242
8.24074
8.23692
8.23308
8.23133
8.22674
8.22355
8.22105
8.21785
8.21394
8.21145
8.20756
8.2044
8.20055
8.19745
8.19579
8.19348
8.19051
8.1869
8.18335
8.17776
8.17508
8.1732
8.17
8.16762
8.16605
8.16318
8.16045
8.15855
8.15538
8.15306
8.15089
8.14886
8.14841
8.14812
8.148
8.14733
8.14683
8.1458
8.14564
8.14496
8.14444
8.14551
8.14604
8.14463
8.14549
8.14652
8.1463
8.14693
8.14843
8.15007
8.15186
8.15519
8.15724
8.15941
8.16383
8.16694
8.16945
8.17136
8.17476
8.17896
8.18112
8.18475
8.18845
8.19149
8.19459
8.19843
8.2023
8.20549
8.20729
8.21123
8.21587
8.21839
8.22162
8.22695
8.23015
8.23474
8.23789
8.24031
8.24482
8.24575
8.24877
8.25315
8.25607
8.25894
8.26035
8.26171
8.26513
8.2678
8.27182
8.27508
8.27758
8.28001
8.2824
8.28401
8.28769
8.28919
8.29205
8.29131
8.29334
8.29531
8.29864
8.30048
8.30227
8.30399
8.30494
8.30583
8.30805
8.3109
8.31227
8.31355
8.31475
8.31515
8.31545
8.31635
8.31715
8.31712
8.31696
8.31525
8.31552
8.31563
8.31558
8.31535
8.31494
8.31503
8.31421
8.31245
8.31116
8.30892
8.30712
8.30574
8.30408
8.30211
8.29981
8.29719
8.29211
8.28878
8.28437
8.27958
8.27369
8.26882
8.26212
8.25501
8.24747
8.24162
8.23322
8.2265
8.21863
8.20892
8.20159
8.1903
8.17857
8.16784
8.15527
8.14371
8.13174
8.1194
8.10808
8.09641
8.08156
8.0685
8.05442
8.03934
8.02468
8.01117
7.99529
7.9799
7.96361
7.94994
7.934
7.9179
7.9024
7.88537
7.86897
7.85109
7.83457
7.81803
7.80078
7.78353
7.76631
7.75124
7.73553
7.71989
7.70575
7.68959
7.67355
7.65764
7.64188
7.62485
7.6087
7.59412
7.57762
7.562
7.54659
7.53281
7.51923
7.50448
7.49137
7.4785
7.46376
7.45139
7.43927
7.42742
7.41443
7.40241
7.39138
7.38134
7.37017
7.35929
7.34801
7.33632
7.32635
7.31599
7.30593
7.29479
7.2875
7.27982
7.27178
7.26478
7.25671
7.24969
7.24231
7.23599
7.22861
7.2223
7.21777
7.21289
7.20839
7.20357
7.19842
7.19647
7.19209
7.19022
7.18945
7.18766
7.18698
7.186
7.18472
7.18385
7.1848
7.18618
7.18656
7.18947
7.1921
7.19375
7.19581
7.19972
7.20335
7.20741
7.21189
7.21681
7.22145
7.22651
7.23271
7.23934
7.2471
7.25386
7.26176
7.27077
7.2788
7.28935
7.29607
7.30744
7.31709
7.32784
7.33969
7.35051
7.36242
7.37399
7.38665
7.39966
7.41304
7.42676
7.44153
7.45592
7.46993
7.48426
7.4996
7.51594
7.53044
7.54593
7.56239
7.57909
7.59604
7.61392
7.63272
7.65031
7.66738
7.68392
7.70273
7.72168
7.73936
7.75715
7.77645
7.79514
7.8153
7.8341
7.85294
7.87109
7.88995
7.90808
7.92759
7.94492
7.96289
7.98147
8.00065
8.0197
8.0393
8.05944
8.07656
8.09488
8.11155
8.1308
8.14766
8.16563
8.18189
8.19782
8.2134
8.22862
8.24275
8.25648
8.27121
8.28481
8.29866
8.31135
8.32287
8.3339
8.34584
8.35587
8.36609
8.3758
8.38428
8.39365
8.40109
8.41012
8.41793
8.42592
8.43059
8.43545
8.44123
8.44512
8.44995
8.45502
8.45893
8.46101
8.4648
8.46608
8.46841
8.46968
8.47132
8.47337
8.47513
8.47521
8.47436
8.4747
8.47484
8.47481
8.47463
8.47433
8.47462
8.47341
8.47285
8.47011
8.46875
8.46879
8.46743
8.46607
8.46475
8.46347
8.46153
8.46036
8.45856
8.45683
8.45659
8.45503
8.45357
8.45431
8.45444
8.45326
8.45216
8.45258
8.45308
8.45296
8.45293
8.45157
8.45311
8.4526
8.45356
8.45388
8.45426
8.45538
8.45443
8.45491
8.45471
8.45523
8.45506
8.45489
8.45541
8.45733
8.45853
8.45687
8.45799
8.45978
8.4594
8.45897
8.45848
8.46003
8.4601
8.45868
8.45789
8.45702
8.45677
8.45783
8.45669
8.45686
8.45693
8.4562
8.45537
8.45302
8.4534
8.45226
8.45102
8.4518
8.45036
8.44811
8.44646
8.44614
8.44431
8.44097
8.43825
8.43614
8.43396
8.43169
8.42935
8.42834
8.42585
8.42471
8.4221
8.41801
8.4167
8.41251
8.40968
8.40894
8.40604
8.40311
8.39946
8.39719
8.3942
8.39049
8.38536
8.38164
8.37793
8.37493
8.37337
8.37112
8.3689
8.3653
8.36244
8.35963
8.35616
8.35275
8.34939
8.34539
8.34216
8.33831
8.33595
8.33367
8.33148
8.3301
8.32812
8.32625
8.32378
8.32354
8.32272
8.32131
8.31933
8.31889
8.31717
8.3163
8.31416
8.31288
8.31316
8.31288
8.31347
8.31562
8.31864
8.319
8.32093
8.32233
8.32459
8.32561
8.32679
8.32744
8.32826
8.32924
8.33251
8.33383
8.33601
8.33907
8.34088
8.34286
8.3457
8.34869
8.35255
8.35515
8.35789
8.36008
8.36311
8.36769
8.3717
8.37514
8.37871
8.38381
8.38833
8.39297
8.39842
8.40187
8.40683
8.41118
8.41634
8.42158
8.4276
8.43441
8.44059
8.44753
8.45383
8.45806
8.46305
8.46878
8.47314
8.47752
8.48334
8.48917
8.49501
8.50086
8.5067
8.51252
8.51832
8.52409
8.52912
8.53481
8.54115
8.54673
8.55225
8.55769
8.56376
8.56974
8.57491
8.58068
8.58633
8.59114
8.59583
8.59966
8.60335
8.60758
8.61306
8.61624
8.61994
8.62275
8.62607
8.62847
8.63207
8.63615
8.63788
8.64079
8.64275
8.64516
8.64661
8.64851
8.64943
8.65078
8.65043
8.65051
8.6503
8.64908
8.64969
8.64857
8.64786
8.64754
8.64479
8.64314
8.64188
8.63819
8.6363
8.63338
8.62944
8.62448
8.62061
8.61502
8.60983
8.60432
8.59921
8.59309
8.58526
8.57926
8.57084
8.56355
8.55598
8.54742
8.53931
8.53164
8.52159
8.51129
8.50216
8.49421
8.48533
8.47482
8.46409
8.45386
8.44274
8.43073
8.41995
8.41042
8.39862
8.38455
8.37318
8.36168
8.35008
8.33837
8.32587
8.3147
8.30204
8.29004
8.2787
8.26662
8.25523
8.24312
8.22959
8.21749
8.20541
8.19337
8.18137
8.16872
8.15684
8.14434
8.13051
8.11749
8.10669
8.09461
8.08336
8.07154
8.05987
8.04977
8.03914
8.02868
8.01911
8.00904
8.00129
7.99233
7.98289
7.97439
7.96541
7.95668
7.94821
7.93857
7.92991
7.92364
7.91622
7.90839
7.90154
7.89429
7.88802
7.88135
7.87569
7.86893
7.86389
7.85916
7.85475
7.84994
7.84687
7.84341
7.83816
7.83605
7.83285
7.83067
7.82882
7.82517
7.82467
7.82307
7.82249
7.82151
7.82085
7.82191
7.82327
7.82564
7.82689
7.82844
7.83098
7.83239
7.83478
7.84026
7.84177
7.84423
7.84907
7.85203
7.85663
7.86146
7.86651
7.87177
7.87652
7.88146
7.88587
7.89115
7.8973
7.90219
7.90862
7.91518
7.91974
7.92652
7.93339
7.94174
7.94805
7.95511
7.96222
7.96865
7.97439
7.98085
7.9873
7.99302
7.99801
8.00507
8.01136
8.0183
8.02586
8.03121
8.03717
8.04373
8.05086
8.05644
8.06259
8.06999
8.0744
8.08005
8.0827
8.08869
8.09378
8.09655
8.10122
8.10356
8.10779
8.1118
8.11629
8.11914
8.11963
8.11989
8.12202
8.12462
8.12557
8.12487
8.12535
8.12559
8.12489
8.12607
8.12491
8.12423
8.12474
8.12362
8.12301
8.12148
8.12046
8.11925
8.11787
8.1163
8.11387
8.10916
8.10783
8.10565
8.10545
8.10372
8.10118
8.09711
8.09508
8.09296
8.08866
8.08641
8.0834
8.08036
8.0787
8.0756
8.07179
8.06939
8.06559
8.06251
8.05946
8.05502
8.05134
8.04772
8.04416
8.04208
8.03937
8.03676
8.03353
8.03182
8.0288
8.0266
8.02524
8.0247
8.02289
8.02121
8.01967
8.01898
8.01703
8.01734
8.0164
8.01561
8.01498
8.0145
8.01348
8.01333
8.01476
8.01422
8.01456
8.01364
8.01288
8.0144
8.01536
8.01578
8.01634
8.01776
8.01933
8.01963
8.02148
8.02347
8.02488
8.02571
8.02737
8.03057
8.03458
8.03729
8.04151
8.04442
8.04742
8.05121
8.05438
8.05762
8.06094
8.06502
8.06845
8.07263
8.07474
8.0783
8.0826
8.08762
8.09336
8.097
8.10064
8.10498
8.11002
8.11362
8.1172
8.12075
8.12497
8.12843
8.13255
8.13591
8.14062
8.14455
8.14841
8.15078
8.15235
8.15594
8.15873
8.16141
8.16399
8.16787
8.17093
8.17245
8.17456
8.17583
8.17768
8.17797
8.17955
8.18027
8.18156
8.18271
8.183
8.18456
8.18596
8.18581
8.18691
8.18646
8.18586
8.18582
8.18706
8.18674
8.18558
8.18498
8.18426
8.18271
8.18104
8.17925
8.17806
8.17817
8.17819
8.17458
8.173
8.17206
8.17105
8.16997
8.16885
8.16839
8.16648
8.16525
8.16259
8.16134
8.15728
8.15535
8.15344
8.15228
8.15046
8.14798
8.147
8.14609
8.14457
8.14456
8.14395
8.14416
8.1438
8.14076
8.14068
8.14148
8.14032
8.14074
8.13994
8.14214
8.14242
8.14079
8.14147
8.14379
8.14561
8.14765
8.14921
8.1503
8.15231
8.15385
8.15703
8.16044
8.16337
8.16653
8.16992
8.17353
8.17735
8.18139
8.18564
8.19081
8.19687
8.20171
8.20603
8.21052
8.2166
8.22284
8.22993
8.23505
8.24101
8.24709
8.25328
8.25815
8.26453
8.27029
8.27681
8.28339
8.29141
8.29876
8.30542
8.31138
8.31873
8.32536
8.32983
8.33566
8.34214
8.34853
8.35484
8.36176
8.36643
8.37169
8.3768
8.38106
8.38515
8.38907
8.39421
8.39915
8.40529
8.4091
8.41267
8.41671
8.42121
8.42474
8.42871
8.43312
8.43442
8.43755
8.44038
8.4422
8.44301
8.44351
8.44581
8.44567
8.44732
8.44654
8.44401
8.44257
8.44009
8.43798
8.43555
8.43278
8.42969
8.42698
8.42535
8.4227
8.41973
8.41504
8.41075
8.40616
8.39986
8.39399
8.38854
8.38211
8.37613
8.37131
8.36483
8.35812
8.35118
8.34192
8.33528
8.32704
8.31862
8.31216
8.30344
8.29528
8.28628
8.27647
8.26657
8.25728
8.25005
8.24135
8.2312
8.22243
8.21436
8.20488
8.19683
8.1874
8.17802
8.1687
8.16086
8.15241
8.14406
8.13583
8.12773
8.12117
8.11336
8.10642
8.09966
8.09238
8.08671
8.07913
8.07176
8.06534
8.05914
8.05319
8.04679
8.04135
8.03618
8.03198
8.02594
8.02017
8.0161
8.01302
8.00951
8.00771
8.00337
8.00143
7.99978
7.99912
8.00016
7.99724
7.99672
7.99577
7.9951
7.99399
7.99384
7.99324
7.9936
7.9935
7.99433
7.99468
7.99594
7.99742
7.99908
8.00164
8.00366
8.00584
8.00958
8.01274
8.01461
8.018
8.01866
8.02221
8.02442
8.02598
8.02827
8.03129
8.03432
8.03945
8.04244
8.04539
8.04828
8.0504
8.05244
8.05509
8.05691
8.05932
8.05947
8.06159
8.06425
8.06603
8.06692
8.0669
8.06809
8.06977
8.07123
8.07104
8.07062
8.07066
8.06975
8.06929
8.06929
8.06833
8.06783
8.06566
8.06253
8.05915
8.05693
8.05517
8.05036
8.04672
8.04428
8.04092
8.03737
8.03363
8.03041
8.02774
8.0235
8.01913
8.01393
8.01074
8.00463
7.99986
7.99786
7.99298
7.98808
7.98246
7.97615
7.97198
7.96715
7.96238
7.95628
7.95169
7.9458
7.94215
7.93653
7.93178
7.92791
7.92493
7.92215
7.91959
7.91584
7.91233
7.91048
7.90818
7.90614
7.9058
7.90502
7.90453
7.90434
7.90373
7.90342
7.90482
7.90511
7.9057
7.90517
7.90565
7.90713
7.90961
7.91308
7.91611
7.91942
7.92159
7.92471
7.92809
7.9303
7.93555
7.9389
7.94175
7.94833
7.95296
7.95777
7.96202
7.96783
7.97164
7.97769
7.98242
7.98795
7.99426
7.99921
8.00491
8.01064
8.01638
8.02212
8.02856
8.03144
8.0357
8.04131
8.04757
8.05304
8.05914
8.06443
8.06962
8.0754
8.08035
8.08446
8.08842
8.09507
8.09873
8.10365
8.1091
8.11509
8.11808
8.11948
8.12352
8.12667
8.13034
8.13312
8.13572
8.13883
8.14035
8.1431
8.14496
8.14664
8.14602
8.14523
8.14638
8.14737
8.1489
8.14816
8.14937
8.14973
8.14924
8.15003
8.15068
8.1512
8.1523
8.14976
8.14922
8.14717
8.14572
8.14559
8.14326
8.14226
8.14189
8.14075
8.14026
8.139
8.13699
8.13565
8.13498
8.13357
8.13285
8.13141
8.12996
8.12922
8.12848
8.12634
8.12493
8.12354
8.12288
8.12368
8.1224
8.12187
8.1214
8.12029
8.11996
8.1197
8.11811
8.11731
8.1159
8.11459
8.1155
8.11582
8.11554
8.11538
8.11394
8.11403
8.11285
8.11251
8.11161
8.11156
8.11307
8.11473
8.11515
8.11572
8.11645
8.11947
8.11983
8.12177
8.12458
8.12687
8.13003
8.13407
8.13617
8.13985
8.1423
8.14703
8.15053
8.1549
8.16014
8.16272
8.16616
8.16976
8.17423
8.18025
8.18571
8.19061
8.19493
8.2001
8.20539
8.2115
8.21701
8.22193
8.22765
8.23416
8.24005
8.24602
8.25205
8.25815
8.26358
8.26976
8.27668
8.28291
8.28844
8.29609
8.30232
8.30853
8.31472
8.32086
8.32696
8.3337
8.34037
8.34626
8.35206
8.35776
8.36334
8.36951
8.37625
8.38144
8.38505
8.38921
8.39249
8.3977
8.40271
8.4054
8.40717
8.41155
8.41568
8.41958
8.42252
8.42661
8.42973
8.43188
8.43305
8.43464
8.43664
8.43623
8.43694
8.43734
8.43955
8.43863
8.4381
8.43796
8.43679
8.43531
8.43351
8.43139
8.42896
8.42691
8.42526
8.42258
8.41889
8.41559
8.41058
8.40598
8.4018
8.39661
8.39186
8.38682
8.3787
8.37173
8.36521
8.35846
8.35005
8.34425
8.33682
8.32989
8.32277
8.31477
8.3066
8.29686
8.28768
8.27908
8.27036
8.26153
8.2526
8.24218
8.23239
8.22397
8.21338
8.20418
8.19496
8.18646
8.17655
8.16737
8.15752
8.14985
8.14152
8.13186
8.12229
8.11564
8.10699
8.09845
8.09005
8.0818
8.0737
8.06576
8.0587
8.05113
8.04304
8.03656
8.02817
8.02071
8.01276
8.00715
8.00108
7.99595
7.99037
7.98574
7.98066
7.97372
7.96987
7.96486
7.96013
7.95707
7.95358
7.94965
7.94811
7.94544
7.94233
7.93808
7.93693
7.93392
7.93188
7.93222
7.93211
7.93014
7.93125
7.93119
7.93068
7.93251
7.93459
7.93618
7.938
7.94003
7.94014
7.94117
7.9431
7.94592
7.94892
7.95138
7.9533
7.95396
7.95759
7.96134
7.96381
7.96781
7.9698
7.97329
7.97546
7.98052
7.98424
7.99013
7.99465
7.99709
8.00379
8.00697
8.01156
8.01474
8.0179
8.02103
8.02554
8.02789
8.03159
8.03523
8.0388
8.04369
8.04849
8.05178
8.05567
8.05875
8.06241
8.06735
8.06792
8.07118
8.07429
8.07585
8.07937
8.08203
8.08383
8.08618
8.08766
8.08757
8.09084
8.08972
8.09197
8.09264
8.09386
8.09493
8.09585
8.09591
8.09583
8.09491
8.09456
8.09196
8.09278
8.09277
8.09265
8.0896
8.08858
8.08747
8.08628
8.08573
8.08299
8.08233
8.08162
8.08228
8.08151
8.08002
8.07853
8.07633
8.07415
8.0734
8.07339
8.072
8.07067
8.06868
8.06747
8.06632
8.06738
8.06358
8.06269
8.06191
8.06054
8.05928
8.05955
8.05924
8.05977
8.05902
8.05911
8.05934
8.06113
8.06165
8.06161
8.06242
8.0641
8.06732
8.06858
8.06928
8.07225
8.07395
8.07579
8.07708
8.07708
8.07935
8.08174
8.08427
8.08903
8.09179
8.09466
8.09693
8.10071
8.10388
8.10784
8.11189
8.11459
8.11665
8.12158
8.12516
8.12807
8.13242
8.13609
8.13766
8.14065
8.14433
8.14872
8.15237
8.15671
8.16171
8.16454
8.16591
8.17003
8.17337
8.17593
8.17981
8.18358
8.18725
8.1901
8.19213
8.19473
8.19508
8.1967
8.19888
8.19949
8.20135
8.20305
8.20316
8.20382
8.20641
8.20741
8.20753
8.20746
8.20862
8.20889
8.20827
8.20745
8.20857
8.20668
8.20601
8.20516
8.20342
8.20151
8.20154
8.19998
8.19755
8.19496
8.19292
8.19214
8.1898
8.18732
8.18399
8.18195
8.17837
8.17468
8.17299
8.16978
8.16718
8.1652
8.16171
8.15673
8.1538
8.1508
8.14703
8.14251
8.13934
8.134
8.13004
8.12392
8.1206
8.11654
8.11175
8.10553
8.10282
8.09869
8.09455
8.09252
8.08836
8.0828
8.07865
8.07521
8.07037
8.06695
8.06213
8.05802
8.05393
8.04915
8.04368
8.04035
8.03703
8.03161
8.02833
8.02438
8.02116
8.01867
8.01551
8.01238
8.00787
8.00411
8.00039
7.99742
7.9938
7.99022
7.98739
7.98251
7.9805
7.97856
7.97527
7.97206
7.96822
7.96657
7.9636
7.96284
7.96147
7.95737
7.95479
7.95302
7.95138
7.94843
7.94562
7.94293
7.94039
7.93869
7.93785
7.93504
7.9338
7.93343
7.93111
7.92896
7.92841
7.92732
7.92713
7.92854
7.92943
7.92981
7.93039
7.93045
7.93001
7.93189
7.93326
7.93342
7.9359
7.93717
7.93794
7.9403
7.94286
7.9442
7.94714
7.94956
7.95287
7.95635
7.96071
7.96523
7.9699
7.97332
7.97758
7.98197
7.98721
7.99326
7.99943
8.00499
8.01136
8.01639
8.02079
8.02596
8.03048
8.03363
8.03823
8.04214
8.04605
8.05139
8.0553
8.06131
8.06799
8.07464
8.08052
8.08565
8.0907
8.09568
8.09987
8.10466
8.11007
8.11466
8.11914
8.12279
8.12702
8.12971
8.13367
8.13749
8.14258
8.14541
8.1495
8.15202
8.1551
8.15804
8.16011
8.16275
8.16665
8.16971
8.17261
8.17468
8.17732
8.17912
8.1801
8.18025
8.1817
8.18375
8.18499
8.18544
8.18722
8.18751
8.18702
8.18647
8.18658
8.18664
8.18667
8.18808
8.19019
8.19088
8.19087
8.193
8.19373
8.19448
8.19669
8.19754
8.20055
8.20152
8.20185
8.20367
8.20558
8.20547
8.20686
8.20837
8.20928
8.21102
8.21288
8.21558
8.21982
8.22348
8.22658
8.22982
8.23037
8.23317
8.23471
8.23779
8.24172
8.24509
8.24788
8.25151
8.25598
8.26057
8.26458
8.27013
8.27507
8.27942
8.28316
8.28911
8.29444
8.29985
8.30532
8.31015
8.31363
8.31855
8.32493
8.32921
8.33421
8.33991
8.34491
8.35059
8.35554
8.36045
8.36531
8.37081
8.37625
8.38019
8.38403
8.38778
8.39211
8.39844
8.40251
8.40644
8.40951
8.41454
8.41727
8.42124
8.4236
8.42506
8.4249
8.42736
8.42959
8.43231
8.43126
8.43209
8.4348
8.43586
8.43596
8.43652
8.43683
8.43477
8.43458
8.43555
8.43485
8.43178
8.43058
8.42913
8.42814
8.42692
8.42546
8.42377
8.42115
8.41831
8.41455
8.41129
8.40784
8.40419
8.40037
8.39566
8.39151
8.38649
8.38204
8.37746
8.37134
8.36653
8.36162
8.35451
8.34943
8.34147
8.33558
8.33035
8.32581
8.32125
8.31528
8.31073
8.30691
8.30172
8.29727
8.29219
8.28717
8.28294
8.2774
8.27337
8.26733
8.26283
8.25916
8.25493
8.25156
8.24694
8.24248
8.2389
8.23551
8.2323
8.22788
8.22436
8.22246
8.22076
8.21857
8.21518
8.21271
8.20976
8.20985
8.20874
8.20786
8.20578
8.20534
8.20582
8.2051
8.20531
8.20714
8.20847
8.2093
8.20821
8.21085
8.21226
8.21527
8.21705
8.22041
8.22253
8.22622
8.22865
8.23052
8.23394
8.23607
8.23903
8.24211
8.24459
8.24645
8.24982
8.25326
8.25677
8.26176
8.26538
8.27117
8.27486
8.27858
8.28232
8.28747
8.29192
8.29493
8.29864
8.30231
8.30665
8.31094
8.31377
8.31724
8.32135
8.32538
8.3279
8.33033
8.33476
8.33768
8.34118
8.34314
8.34497
8.34666
8.34892
8.35102
8.35296
8.35403
8.35635
8.35778
8.35973
8.3608
8.36097
8.36165
8.36071
8.36169
8.36104
8.36019
8.36052
8.35993
8.35983
8.3595
8.35894
8.35744
8.355
8.35233
8.35154
8.3484
8.34573
8.34211
8.34038
8.3377
8.33478
8.33092
8.32683
8.3225
8.31724
8.31245
8.30603
8.3008
8.29606
8.28969
8.28241
8.27773
8.27074
8.26497
8.25759
8.25002
8.24368
8.23717
8.2305
8.22225
8.21455
8.20812
8.19873
8.19132
8.18309
8.17473
8.16627
8.15629
8.14834
8.1396
8.13078
8.1219
8.11225
8.10467
8.09564
8.08727
8.07889
8.07048
8.06065
8.05153
8.041
8.03191
8.02283
8.01379
8.00691
7.99796
7.98835
7.98092
7.97145
7.96276
7.95415
7.94494
7.93722
7.92961
7.92141
7.91192
7.90538
7.89755
7.88916
7.87949
7.8721
7.86556
7.85919
7.85086
7.84483
7.83826
7.83187
7.82426
7.81825
7.81243
7.80682
7.80352
7.7976
7.7926
7.78782
7.78183
7.77607
7.77194
7.76804
7.76365
7.7602
7.75698
7.75258
7.74982
7.74518
7.74288
7.74152
7.73969
7.73809
7.73672
7.73559
7.73539
7.73401
7.73426
7.73333
7.73474
7.73425
7.73679
7.73673
7.73687
7.73793
7.73989
7.74135
7.74299
7.74554
7.74756
7.75047
7.75286
7.7547
7.75601
7.75959
7.76262
7.76651
7.77053
7.77258
7.77546
7.77846
7.7823
7.78624
7.79171
7.79657
7.80082
7.80375
7.80676
7.81126
7.81583
7.81976
7.82516
7.82919
7.83469
7.83741
7.84157
7.84717
7.85209
7.85562
7.85846
7.86342
7.86838
7.87334
7.87829
7.88252
7.88955
7.89444
7.89718
7.902
7.90608
7.91082
7.91481
7.91946
7.92617
7.93142
7.93589
7.94172
7.94606
7.95034
7.95384
7.95797
7.96344
7.96741
7.97202
7.97513
7.97886
7.98321
7.98678
7.99097
7.99366
7.99556
7.99807
8.00262
8.00496
8.00723
8.01082
8.01362
8.01564
8.01617
8.01944
8.02052
8.02364
8.02528
8.02827
8.03119
8.03405
8.03614
8.03676
8.03875
8.04068
8.04044
8.0444
8.0469
8.04937
8.0511
8.05281
8.05591
8.05828
8.06063
8.06226
8.0653
8.06762
8.06923
8.07013
8.07174
8.07477
8.0764
8.07945
8.08039
8.08205
8.08232
8.08473
8.08644
8.08818
8.08924
8.09174
8.09356
8.09542
8.09801
8.09992
8.10258
8.10386
8.10587
8.10651
8.10505
8.10715
8.10929
8.11217
8.11508
8.11731
8.11958
8.12258
8.12491
8.12726
8.12963
8.13203
8.13374
8.13619
8.13865
8.14113
8.14292
8.14543
8.14796
8.14908
8.15304
8.15631
8.15887
8.16145
8.16473
8.16732
8.17062
8.17251
8.17511
8.17631
8.17963
8.18083
8.18345
8.18467
8.1873
8.18995
8.1926
8.19526
8.19794
8.19993
8.20264
8.20608
8.20884
8.21233
8.21584
8.21938
8.22155
8.22517
8.22812
8.23184
8.23419
8.23801
8.24119
8.24444
8.24987
8.25327
8.25745
8.26243
8.2668
8.27126
8.27582
8.2798
8.28459
8.2888
8.29384
8.29831
8.30362
8.30837
8.31327
8.31973
8.32423
8.32818
8.333
8.33941
8.34528
8.35063
8.35685
8.36326
8.36844
8.37451
8.38148
8.38863
8.39596
8.40278
8.41049
8.41768
8.42435
8.4319
8.44034
8.44825
8.45774
8.4674
8.47582
8.4844
8.49312
8.502
8.51031
8.52086
8.53155
8.54164
8.55254
8.56284
8.57323
8.5837
8.59353
8.60483
8.61548
8.62687
8.63757
8.6497
8.66041
8.67393
8.6846
8.69381
8.70509
8.7149
8.72532
8.73635
8.74586
8.75666
8.76732
8.77642
8.78746
8.79762
8.80616
8.81449
8.82331
8.83259
8.84021
8.84967
8.85603
8.86422
8.87138
8.87894
8.88475
8.89162
8.89743
8.90357
8.90722
8.91329
8.91755
8.92069
8.92482
8.92781
8.93107
8.93458
8.93693
8.93811
8.93953
8.93977
8.93811
8.93738
8.93545
8.93445
8.93082
8.92811
8.92419
8.92048
8.91556
8.91155
8.90633
8.90203
8.89652
8.88911
8.8805
8.87282
8.86538
8.85746
8.84766
8.83882
8.83024
8.8198
8.80965
8.79907
8.78738
8.77529
8.76211
8.74856
8.73394
8.71969
8.70651
8.69231
8.67781
8.66303
8.64727
8.63196
8.61499
8.59851
8.58253
8.56637
8.54933
8.53426
8.51764
8.49666
8.47982
8.46361
8.44521
8.4296
8.41043
8.39337
8.37632
8.3593
8.34233
8.32542
8.30788
8.29045
8.27383
8.25876
8.24101
8.22201
8.20602
8.19022
8.17534
8.15998
8.14415
8.12999
8.11469
8.10108
8.08846
8.07616
8.06064
8.04828
8.03555
8.02176
8.01045
8.00021
7.98824
7.97806
7.96828
7.9575
7.94783
7.94
7.93117
7.92207
7.91551
7.90727
7.90088
7.89353
7.88802
7.88367
7.87764
7.87276
7.86833
7.86433
7.86078
7.85695
7.85426
7.85129
7.84875
7.8452
7.84419
7.84357
7.84335
7.84351
7.84264
7.84495
7.84692
7.84923
7.85186
7.85341
7.85526
7.85882
7.86266
7.86676
7.8711
7.87427
7.87837
7.88267
7.88504
7.8897
7.89733
7.90227
7.90734
7.9118
7.91564
7.92096
7.92633
7.93244
7.93786
7.94398
7.94938
7.95546
7.95936
7.9646
7.97047
7.97624
7.98119
7.9846
7.98927
7.9945
7.99814
8.00301
8.00769
8.01145
8.015
8.01833
8.02071
8.02426
8.02686
8.0292
8.03057
8.03026
8.03179
8.03516
8.03471
8.0354
8.0351
8.03452
8.03437
8.03394
8.03394
8.03226
8.03102
8.02951
8.02705
8.02504
8.02067
8.0189
8.01689
8.01468
8.01226
8.00893
8.00543
8.00176
7.99863
7.99395
7.98984
7.98632
7.98341
7.97899
7.97662
7.97136
7.96677
7.96285
7.9568
7.95358
7.94896
7.94437
7.94125
7.93889
7.93449
7.93018
7.92599
7.92263
7.91799
7.91491
7.91271
7.90857
7.90532
7.90228
7.89876
7.89616
7.8931
7.8917
7.89057
7.8911
7.8898
7.88878
7.88735
7.88692
7.8875
7.88839
7.88748
7.88829
7.88872
7.89017
7.89194
7.89474
7.89645
7.89778
7.90084
7.90491
7.90859
7.91187
7.91545
7.92003
7.92419
7.93004
7.93476
7.94115
7.94638
7.95255
7.96037
7.9663
7.97384
7.97946
7.98738
7.99547
8.00443
8.01141
8.02063
8.02855
8.03587
8.04187
8.05358
8.06182
8.0694
8.07772
8.08677
8.09512
8.10347
8.1118
8.11798
8.12623
8.13513
8.14257
8.15135
8.15793
8.16584
8.17366
8.18067
8.18757
8.19507
8.20175
8.20901
8.21614
8.22314
8.2286
8.23463
8.24124
8.2477
8.25403
8.25881
8.26345
8.26937
8.27586
8.28221
8.28701
8.2931
8.29906
8.30489
8.30918
8.31476
8.32093
8.32486
8.33079
8.33731
8.34302
8.34649
8.34916
8.35172
8.3563
8.36008
8.36305
8.36735
8.37154
8.37424
8.37755
8.38008
8.38252
8.38558
8.38855
8.39145
8.39427
8.39913
8.4025
8.40509
8.4069
8.41004
8.41311
8.41469
8.41479
8.41694
8.41901
8.42101
8.42223
8.4262
8.42798
8.42969
8.43061
8.43217
8.43294
8.43505
8.43496
8.43549
8.43735
8.43701
8.43799
8.43959
8.44039
8.4411
8.43958
8.43868
8.43695
8.43724
8.4367
8.43746
8.43809
8.43648
8.43615
8.43639
8.43719
8.43573
8.43552
8.43516
8.43464
8.43395
8.43238
8.43063
8.42869
8.42728
8.42497
8.42034
8.41551
8.41188
8.40875
8.404
8.39974
8.39526
8.39126
8.38845
8.38401
8.38075
8.37304
8.36651
8.36117
8.35632
8.35125
8.34454
8.33763
8.3298
8.32458
8.31776
8.31074
8.30282
8.29473
8.28645
8.27731
8.26941
8.26136
8.25317
8.24696
8.23852
8.22995
8.2227
8.21323
8.20721
8.1997
8.19072
8.1817
8.17263
8.16284
8.15373
8.14462
8.13552
8.12573
8.11738
8.10907
8.10011
8.09191
8.08449
8.07645
8.06919
8.06063
8.05217
8.04525
8.03633
8.02825
8.01962
8.01254
8.00562
7.99675
7.99016
7.98164
7.97541
7.96796
7.96
7.95294
7.9468
7.94086
7.93655
7.92963
7.92434
7.91998
7.91585
7.91053
7.90474
7.90131
7.8974
7.89303
7.8903
7.88641
7.88346
7.88147
7.87971
7.87749
7.87763
7.87519
7.87369
7.87102
7.87282
7.87204
7.87148
7.87187
7.87108
7.87123
7.87301
7.8736
7.87371
7.87544
7.87738
7.87953
7.88118
7.88303
7.88366
7.88731
7.88973
7.89093
7.89301
7.89596
7.89838
7.90166
7.90581
7.90869
7.91102
7.91559
7.9203
7.92443
7.9294
7.93448
7.93896
7.94284
7.94612
7.95161
7.95578
7.96003
7.96577
7.97088
7.97464
7.97988
7.98658
7.99263
7.99732
8.00275
8.00893
8.01444
8.01927
8.02483
8.03041
8.036
8.04161
8.04863
8.05283
8.05915
8.06546
8.07105
8.07523
8.08079
8.08634
8.09186
8.09665
8.1014
8.10683
8.11363
8.11969
8.12499
8.12954
8.13474
8.13636
8.14144
8.14717
8.15212
8.15771
8.16252
8.16726
8.17121
8.17648
8.18097
8.18465
8.18894
8.19454
8.19862
8.20401
8.20787
8.21301
8.21733
8.2201
8.22345
8.22737
8.22902
8.23264
8.2347
8.2373
8.23974
8.24202
8.24412
8.24674
8.24919
8.25074
8.25281
8.25255
8.25421
8.25355
8.25268
8.253
8.25311
8.25299
8.25335
8.25278
8.25198
8.25024
8.24968
8.25029
8.24925
8.24656
8.24434
8.24189
8.2392
8.23698
8.23381
8.23112
8.2275
8.22435
8.22027
8.21527
8.21005
8.20744
8.20109
8.19736
8.19343
8.19002
8.1836
8.17772
8.17167
8.16546
8.15981
8.15401
8.14951
8.14276
8.1359
8.12966
8.12262
8.11479
8.10831
8.10107
8.09167
8.08364
8.0777
8.06893
8.06228
8.05564
8.04903
8.04245
8.03451
8.02591
8.0181
8.00894
8.00199
7.99586
7.98842
7.98251
7.97461
7.96827
7.96278
7.95533
7.95017
7.94589
7.94038
7.93506
7.93065
7.92503
7.92033
7.91514
7.9123
7.90756
7.90517
7.90091
7.89688
7.89451
7.89381
7.89123
7.88892
7.88686
7.88435
7.88281
7.88153
7.8805
7.87903
7.87852
7.87686
7.87827
7.87782
7.87904
7.8805
7.88151
7.88275
7.88495
7.88668
7.88864
7.89012
7.89254
7.89518
7.89803
7.9011
7.90367
7.90786
7.91153
7.91469
7.91874
7.92368
7.92808
7.93477
7.9388
7.9437
7.95016
7.95464
7.95856
7.96261
7.9682
7.9739
7.98043
7.98707
7.9924
7.99783
8.00405
8.01036
8.01676
8.02323
8.02977
8.03496
8.04162
8.04763
8.05368
8.06119
8.06803
8.07419
8.08109
8.08589
8.0914
8.09904
8.10668
8.1115
8.11771
8.12462
8.13151
8.13696
8.1438
8.1506
8.15736
8.16407
8.17003
8.17593
8.18105
8.18681
8.19391
8.20023
8.20646
8.21401
8.22076
8.22671
8.23184
8.23827
8.24529
8.25149
8.25615
8.26068
8.26578
8.27076
8.27559
8.28099
8.28624
8.29065
8.29561
8.29901
8.30368
8.30819
8.31255
8.31746
8.3208
8.32399
8.32703
8.32992
8.33266
8.33525
8.3377
8.34
8.34217
8.34349
8.34751
8.34786
8.34809
8.3496
8.3503
8.35159
8.35207
8.35386
8.35485
8.35787
8.35869
8.35942
8.36079
8.35856
8.35697
8.35815
8.35787
8.35754
8.35858
8.35818
8.35915
8.3587
8.35893
8.35914
8.35864
8.35812
8.35831
8.3585
8.35799
8.35819
8.3591
8.35932
8.35814
8.35839
8.35653
8.3568
8.35709
8.3567
8.35631
8.35806
8.35841
8.35948
8.36127
8.36165
8.36203
8.36313
8.36494
8.36534
8.36644
8.36683
8.3665
8.36827
8.36861
8.37034
8.37204
8.37088
8.3711
8.37127
8.3707
8.36937
8.36868
8.36864
8.36783
8.36765
8.3681
8.36988
8.37017
8.36966
8.36906
8.36907
8.37039
8.36949
8.36848
8.36736
8.36542
8.36477
8.36401
8.36383
8.36141
8.35815
8.35336
8.34985
8.34763
8.34529
8.34282
8.33952
8.33752
8.33539
8.33245
8.32727
8.3241
8.32082
8.31672
8.31253
8.30754
8.30387
8.30011
8.29557
8.29237
8.2884
8.28436
8.28098
8.27614
8.27197
8.26707
8.26285
8.25791
8.25438
8.25156
8.24804
8.24384
8.23967
8.23554
8.23147
8.22745
8.2235
8.21893
8.21444
8.21146
8.20928
8.20581
8.20246
8.19925
8.19617
8.19466
8.19048
8.18717
8.18403
8.18178
8.17972
8.17857
8.17691
8.17476
8.17282
8.17252
8.17244
8.1726
8.17229
8.17223
8.17312
8.17427
8.17425
8.1745
8.17571
8.1786
8.18034
8.18164
8.18462
8.18787
8.19068
8.19305
8.19639
8.2
8.20527
8.20797
8.21374
8.21694
8.22531
8.2325
8.2371
8.24262
8.24836
8.255
8.26185
8.26676
8.27256
8.27995
8.28678
8.29306
8.29948
8.30672
8.31408
8.32154
8.32909
8.33742
8.34651
8.35283
8.35989
8.36838
8.37547
8.38467
8.39031
8.39592
8.4036
8.41263
8.42017
8.42691
8.43426
8.4422
8.44719
8.45416
8.46029
8.46766
8.47417
8.4812
8.48804
8.49539
8.50113
8.50947
8.51477
8.51914
8.5268
8.5307
8.53436
8.53848
8.54307
8.5467
8.54937
8.55038
8.55397
8.55518
8.55756
8.55969
8.56228
8.56604
8.56603
8.56649
8.56601
8.56672
8.56791
8.56748
8.56683
8.56668
8.56633
8.56438
8.56436
8.56203
8.56095
8.5611
8.55757
8.55599
8.55355
8.55238
8.55036
8.54891
8.54522
8.5428
8.54027
8.53832
8.53555
8.53267
8.53039
8.52659
8.52409
8.52079
8.51667
8.51317
8.50956
8.50584
8.50203
8.49812
8.4941
8.48997
8.48644
8.48281
8.47906
8.47379
8.46769
8.46429
8.45936
8.45431
8.44843
8.44242
8.43768
8.43211
8.42641
8.41986
8.41387
8.40845
8.40289
8.39578
8.38852
8.38394
8.37781
8.37012
8.36371
8.35716
8.34836
8.34083
8.33318
8.3247
8.31751
8.3088
8.30139
8.29316
8.28343
8.27501
8.26581
8.25653
8.24648
8.23848
8.22691
8.21811
8.20999
8.20114
8.19298
8.18411
8.17453
8.16638
8.15755
8.14945
8.14211
8.13269
8.12334
8.11407
8.10628
8.0993
8.091
8.08211
8.07333
8.06539
8.05899
8.05133
8.04453
8.03859
8.03211
8.02509
8.01826
8.01091
8.00586
8.00032
7.99497
7.98984
7.98422
7.97953
7.97365
7.968
7.96329
7.95741
7.95389
7.94921
7.94618
7.94198
7.93945
7.93788
7.93445
7.93197
7.92693
7.92426
7.92255
7.91969
7.91708
7.91473
7.91405
7.91292
7.91628
7.91635
7.91739
7.91937
7.9223
7.92406
7.92605
7.92687
7.92791
7.92988
7.93066
7.93376
7.93637
7.93989
7.94219
7.94609
7.94805
7.95301
7.95813
7.962
7.96602
7.96948
7.97448
7.97819
7.98414
7.9909
7.99493
8.00046
8.00465
8.00961
8.01463
8.01898
8.02337
8.02778
8.0322
8.03592
8.04034
8.04544
8.05122
8.05695
8.06193
8.06826
8.07311
8.07646
8.08183
8.08569
8.08874
8.09166
8.09586
8.09921
8.10383
8.10758
8.11328
8.11599
8.11992
8.12226
8.12511
8.12847
8.13021
8.13315
8.13516
8.13696
8.13923
8.14056
8.13955
8.14182
8.14316
8.14355
8.14299
8.14362
8.14329
8.14274
8.14265
8.14162
8.13894
8.13815
8.13501
8.13234
8.13158
8.12989
8.12728
8.12447
8.12145
8.11754
8.11414
8.11055
8.10678
8.10284
8.09875
8.09379
8.08868
8.08484
8.08017
8.07749
8.07328
8.06685
8.06244
8.05795
8.05267
8.04662
8.04052
8.03365
8.02886
8.02404
8.0185
8.01153
8.00456
7.9983
7.99277
7.98655
7.98319
7.97988
7.97521
7.9699
7.96395
7.9602
7.95443
7.95016
7.94601
7.94126
7.93592
7.93142
7.92706
7.92285
7.91949
7.91558
7.91184
7.91038
7.90557
7.90163
7.89718
7.89292
7.89027
7.88782
7.88558
7.88283
7.88171
7.87939
7.8787
7.87894
7.87869
7.87726
7.87675
7.87788
7.87641
7.878
7.87911
7.87975
7.88063
7.88174
7.88238
7.88325
7.88434
7.88567
7.88935
7.89114
7.89386
7.89681
7.90068
7.90266
7.90626
7.90938
7.91341
7.91623
7.92067
7.92672
7.93085
7.93516
7.93896
7.94648
7.95416
7.9599
7.96652
7.9726
7.976
7.98239
7.98821
7.99418
8.00169
8.01215
8.01992
8.02779
8.03508
8.04246
8.04995
8.05613
8.06309
8.07154
8.07866
8.08655
8.0938
8.1018
8.10916
8.11655
8.12468
8.13214
8.13892
8.14784
8.15536
8.16359
8.17183
8.18077
8.19041
8.1972
8.2061
8.21215
8.22029
8.2291
8.23788
8.24521
8.25249
8.26043
8.26832
8.27615
8.28462
8.29163
8.29997
8.30684
8.31504
8.32317
8.33121
8.33777
8.34495
8.35133
8.35974
8.36594
8.37204
8.37946
8.38536
8.39187
8.39967
8.40666
8.41283
8.41747
8.42341
8.42922
8.43631
8.44115
8.44656
8.45183
8.45695
8.46404
8.46886
8.47211
8.47732
8.48165
8.48439
8.48978
8.49499
8.4986
8.50271
8.50663
8.50893
8.51242
8.51499
8.51663
8.51874
8.52203
8.52437
8.52787
8.52899
8.52915
8.52974
8.53006
8.5301
8.52986
8.52861
8.52777
8.52734
8.5273
8.52412
8.52134
8.51894
8.51692
8.51457
8.51189
8.50958
8.50552
8.50113
8.49641
8.49134
8.48666
8.4788
8.47274
8.46775
8.46102
8.45538
8.44871
8.44102
8.43302
8.42401
8.41682
8.40793
8.39947
8.39073
8.38103
8.37178
8.36158
8.34974
8.3398
8.32966
8.31862
8.30599
8.2939
8.28307
8.27141
8.25963
8.24845
8.2379
8.22586
8.21378
8.20307
8.1881
8.17596
8.16383
8.15032
8.13757
8.12559
8.11439
8.10188
8.08948
8.0765
8.06438
8.05312
8.04275
8.03115
8.01836
8.0086
7.99907
7.98909
7.97795
7.96707
7.95718
7.94687
7.93757
7.92928
7.92131
7.91367
7.90706
7.90008
7.89557
7.88929
7.88407
7.87851
7.87331
7.87059
7.86542
7.86132
7.85829
7.85422
7.85193
7.84648
7.84421
7.8416
7.84077
7.83887
7.83732
7.83754
7.83668
7.83686
7.83667
7.83681
7.83797
7.84015
7.84193
7.8433
7.84496
7.84831
7.85123
7.85442
7.85645
7.85944
7.86125
7.8647
7.86908
7.87509
7.87776
7.88487
7.89003
7.89537
7.90158
7.90583
7.91164
7.91758
7.92435
7.93124
7.93894
7.94603
7.95393
7.96049
7.96784
7.97385
7.97922
7.98605
7.99222
7.99842
8.00395
8.01022
8.01792
8.02492
8.03053
8.03755
8.04458
8.0516
8.06002
8.0663
8.07257
8.08023
8.08715
8.09405
8.10162
8.10775
8.11453
8.12128
8.12798
8.13534
8.14124
8.14708
8.15286
8.16071
8.16638
8.17269
8.17752
8.18369
8.18909
8.19442
8.20108
8.20697
8.2163
8.22272
8.22695
8.2325
8.23797
8.24264
8.25005
8.25595
8.26034
8.26534
8.26882
8.27361
8.27971
8.28499
8.29086
8.2938
8.2952
8.30072
8.30682
8.30996
8.31369
8.31728
8.32074
8.32477
8.32725
8.331
8.3339
8.33807
8.34068
8.34313
8.34544
8.34758
8.34887
8.35141
8.35308
8.35389
8.35524
8.35572
8.35603
8.35688
8.35828
8.35738
8.35772
8.35719
8.3579
8.35703
8.35811
8.3569
8.35694
8.35539
8.35439
8.35393
8.3526
8.3504
8.34875
8.34694
8.34497
8.34356
8.3427
8.34099
8.33843
8.33643
8.33429
8.33131
8.3282
8.32779
8.32441
8.32021
8.31378
8.31004
8.3062
8.30366
8.30102
8.29687
8.29191
8.28898
8.28456
8.28075
8.27688
8.27223
8.26751
8.26273
8.2579
8.25372
8.2488
8.24383
8.23742
8.23168
8.22874
8.22366
8.21785
8.21204
8.20622
8.20111
8.196
8.19231
8.18652
8.18146
8.17994
8.17563
8.17135
8.1664
8.1629
8.15804
8.15322
8.14917
8.14447
8.13983
8.13525
8.13075
8.12632
8.12196
8.11556
8.11135
8.10582
8.10108
8.09643
8.09257
8.0874
8.08373
8.08017
8.07671
8.07335
8.0701
8.06625
8.06251
8.05888
8.05536
8.05196
8.04938
8.04621
8.04387
8.04094
8.03813
8.03544
8.03429
8.03185
8.03025
8.02807
8.02673
8.02552
8.02444
8.02349
8.02196
8.02269
8.02284
8.02383
8.02425
8.0248
8.02337
8.02207
8.02232
8.02412
8.02606
8.02531
8.0247
8.02564
8.02672
8.02864
8.02928
8.03077
8.03169
8.03205
8.03254
8.03457
8.03674
8.03834
8.04077
8.0391
8.0425
8.04461
8.04825
8.05131
8.0559
8.0592
8.06402
8.06825
8.07188
8.07491
8.07945
8.08479
8.08881
8.09363
8.095
8.09997
8.10501
8.10941
8.11317
8.11627
8.12154
8.12684
8.13218
8.13612
8.14291
8.1476
8.15088
8.15626
8.16164
8.16629
8.17092
8.17338
8.17792
8.18241
8.18896
8.19402
8.19829
8.20318
8.20727
8.20985
8.21371
8.21817
8.22178
8.22595
8.22928
8.23315
8.23686
8.24039
8.24163
8.24198
8.24496
8.24704
8.24892
8.25059
8.25205
8.25259
8.2536
8.2551
8.25566
8.25529
8.25538
8.25524
8.25698
8.25707
8.2555
8.25511
8.25518
8.25289
8.25037
8.24902
8.24673
8.24421
8.24146
8.23779
8.2353
8.2312
8.22901
8.22591
8.22191
8.21702
8.21266
8.20814
8.20274
8.19578
8.1915
8.18709
8.18256
8.1772
8.17104
8.1655
8.15917
8.15278
8.14702
8.14122
8.13608
8.13092
8.12575
8.11987
8.11329
8.10673
8.10091
8.09514
8.09012
8.08516
8.07956
8.07476
8.06934
8.06331
8.0581
8.05372
8.04805
8.04253
8.03785
8.03402
8.02894
8.02403
8.01999
8.01542
8.01033
8.00753
8.00423
8.00182
7.99819
7.99547
7.99295
7.99204
7.99133
7.98942
7.98771
7.98549
7.98349
7.98239
7.98431
7.98361
7.98311
7.98351
7.98409
7.98558
7.98583
7.98555
7.98544
7.98551
7.98715
7.98825
7.98808
7.98948
7.99101
7.99269
7.9959
7.99783
7.99987
8.00203
8.0057
8.00876
8.01121
8.01375
8.01707
8.01975
8.0225
8.02461
8.02817
8.03108
8.03473
8.0363
8.0386
8.04021
8.04255
8.0456
8.04795
8.05241
8.05616
8.05849
8.06151
8.0638
8.06748
8.07042
8.07616
8.08044
8.08256
8.08534
8.08807
8.09076
8.09268
8.09384
8.09564
8.09667
8.09834
8.10064
8.10287
8.10573
8.1071
8.1091
8.1103
8.11213
8.11245
8.11338
8.11493
8.11708
8.11913
8.12038
8.12294
8.12327
8.12348
8.125
8.12499
8.12417
8.12393
8.12358
8.12239
8.12321
8.12391
8.12095
8.11998
8.11959
8.11837
8.11843
8.11836
8.11817
8.11784
8.11597
8.11468
8.11397
8.11172
8.11074
8.10894
8.107
8.10495
8.10136
8.09906
8.09735
8.09482
8.09288
8.09153
8.09007
8.0878
8.08473
8.08084
8.07687
8.07421
8.07146
8.06722
8.0636
8.0592
8.05472
8.05089
8.04839
8.04584
8.04181
8.03773
8.03361
8.03013
8.02521
8.02025
8.01665
8.01162
8.00585
8.00076
7.99636
7.99052
7.98538
7.98093
7.97647
7.9713
7.96755
7.96379
7.96004
7.95488
7.95115
7.94673
7.94232
7.93582
7.93145
7.92711
7.9228
7.91781
7.91355
7.90934
7.90586
7.90172
7.89904
7.89428
7.89027
7.88632
7.88313
7.87929
7.87622
7.87251
7.86887
7.8653
7.86109
7.85838
7.85574
7.85249
7.85003
7.84767
7.84399
7.8383
7.83555
7.8329
7.82967
7.82798
7.82783
7.8271
7.8251
7.82254
7.82224
7.8221
7.8193
7.81667
7.81561
7.81545
7.81405
7.81425
7.81393
7.81452
7.8146
7.8163
7.8175
7.81821
7.81983
7.82168
7.82233
7.82461
7.82641
7.82844
7.83068
7.83315
7.83303
7.83665
7.8405
7.84315
7.84744
7.84982
7.85311
7.85802
7.86243
7.86703
7.87181
7.87467
7.8777
7.8823
7.88707
7.89341
7.89847
7.90578
7.9104
7.91583
7.92066
7.92558
7.93059
7.93637
7.94293
7.94953
7.95618
7.96357
7.97027
7.97699
7.98229
7.98758
7.99285
7.99879
8.0054
8.01268
8.01989
8.02705
8.03414
8.04186
8.04738
8.05351
8.06026
8.0655
8.07205
8.07921
8.08414
8.09037
8.09649
8.1018
8.107
8.1135
8.11918
8.12547
8.13094
8.13631
8.14158
8.14605
8.14901
8.15329
8.1589
8.16443
8.16705
8.17102
8.17632
8.18156
8.18462
8.19045
8.19482
8.19914
8.20272
8.20626
8.20977
8.21326
8.21601
8.21875
8.22218
8.22489
8.2276
8.23242
8.23583
8.23854
8.24195
8.24538
8.25092
8.25507
8.25712
8.26341
8.26619
8.26899
8.27323
8.27819
8.28176
8.28537
8.289
8.29124
8.29492
8.29933
8.30307
8.30683
8.31063
8.31515
8.319
8.32218
8.32537
8.32931
8.33327
8.33655
8.33915
8.34177
8.34513
8.34922
8.35475
8.3596
8.36376
8.36866
8.37358
8.37641
8.38137
8.38566
8.38926
8.39571
8.40006
8.40443
8.40953
8.41324
8.41766
8.42211
8.42797
8.43315
8.43692
8.44071
8.4452
8.4497
8.45632
8.45941
8.46391
8.46841
8.47149
8.47596
8.48043
8.4877
8.49212
8.49441
8.49877
8.50311
8.5067
8.51025
8.51376
8.51791
8.52201
8.52605
8.52932
8.53464
8.53917
8.54361
8.54727
8.55224
8.55499
8.55905
8.56159
8.56541
8.56841
8.57199
8.57402
8.5752
8.57694
8.58064
8.58348
8.58686
8.58865
8.59027
8.59101
8.59085
8.5912
8.59207
8.59344
8.59248
8.59273
8.59277
8.59117
8.59077
8.59014
8.58999
8.59031
8.58828
8.5846
8.58279
8.58004
8.57775
8.57452
8.57103
8.56871
8.56403
8.56121
8.55745
8.55415
8.5499
8.5447
8.53856
8.53358
8.52908
8.52364
8.51725
8.51065
8.50452
8.49888
8.49302
8.48554
8.47925
8.47206
8.46396
8.45637
8.44788
8.43991
8.43177
8.42486
8.41708
8.40772
8.40032
8.38995
8.38013
8.37018
8.3608
8.352
8.34238
8.33336
8.32423
8.31501
8.3057
8.29489
8.28401
8.27378
8.26348
8.25384
8.24346
8.23304
8.22258
8.21282
8.20304
8.19256
8.18278
8.17231
8.16115
8.15002
8.13962
8.12996
8.12177
8.11151
8.10203
8.0912
8.08186
8.0726
8.06201
8.05294
8.04327
8.03229
8.02284
8.01351
8.0043
7.99523
7.98558
7.97608
7.96813
7.95821
7.95056
7.94236
7.93432
7.92645
7.91875
7.9105
7.90313
7.89593
7.88962
7.88207
7.87541
7.87104
7.86403
7.8572
7.85198
7.84623
7.84067
7.8346
7.82871
7.82301
7.81821
7.8136
7.80706
7.80424
7.8002
7.79635
7.79198
7.78781
7.78594
7.78286
7.77997
7.77585
7.77334
7.77102
7.7703
7.76694
7.76448
7.76292
7.76296
7.76249
7.7608
7.76143
7.76013
7.75761
7.7567
7.75598
7.75616
7.75795
7.75922
7.75928
7.75883
7.76068
7.76203
7.76357
7.76601
7.76723
7.77076
7.77307
7.77558
7.77686
7.77975
7.78353
7.7882
7.79164
7.79527
7.79907
7.80235
7.8058
7.81013
7.81463
7.8193
7.82555
7.82913
7.83358
7.84029
7.84644
7.85275
7.85848
7.86365
7.87036
7.87578
7.88203
7.8884
7.89699
7.90216
7.90885
7.91704
7.92532
7.93369
7.94074
7.94715
7.95292
7.96088
7.96961
7.97768
7.98511
7.99399
8.00222
8.00977
8.01666
8.02288
8.03124
8.03751
8.04592
8.05434
8.06419
8.07123
8.07969
8.08815
8.09521
8.10226
8.11143
8.12059
8.13045
8.13818
8.14518
8.15359
8.16127
8.16823
8.17657
8.18631
8.19319
8.19792
8.20404
8.21153
8.21899
8.22641
8.2338
8.23973
8.24633
8.25429
8.26291
8.27006
8.27645
8.28207
8.28905
8.29666
8.3035
8.31027
8.31696
8.32357
8.33009
8.33582
8.34074
8.34839
8.35382
8.35985
8.36576
8.37085
8.37581
8.38276
8.38958
8.39555
8.39855
8.40352
8.40692
8.41158
8.41607
8.42111
8.42526
8.43065
8.43303
8.43593
8.43934
8.44326
8.44557
8.44838
8.45028
8.45269
8.45417
8.45544
8.4572
8.45804
8.46007
8.46047
8.46064
8.4613
8.46174
8.46125
8.46124
8.4603
8.46056
8.45919
8.4583
8.4565
8.45377
8.45155
8.44912
8.44719
8.44578
8.44558
8.44309
8.44111
8.43826
8.43524
8.43206
8.42801
8.42382
8.42231
8.41854
8.41536
8.41136
8.40724
8.40444
8.39943
8.39645
8.3934
8.38887
8.38499
8.38106
8.37569
8.36958
8.36487
8.36085
8.35613
8.35142
8.34532
8.34136
8.33673
8.33215
8.32762
8.32316
8.31878
8.31447
8.31025
8.30543
8.30282
8.2982
8.2937
8.29073
8.28648
8.28377
8.27978
8.27523
8.27083
8.26658
8.2653
8.26135
8.25826
8.25675
8.2561
8.2542
8.25104
8.24805
8.24591
8.24464
8.24352
8.24325
8.24313
8.24313
8.24256
8.24282
8.2425
8.24017
8.24006
8.24004
8.24082
8.24239
8.24119
8.24006
8.24038
8.24003
8.24111
8.24221
8.24189
8.24438
8.24472
8.24643
8.24596
8.24614
8.24553
8.24411
8.24541
8.24517
8.24409
8.24358
8.24079
8.23923
8.23821
8.23629
8.23487
8.23465
8.23281
8.23215
8.22985
8.22803
8.22384
8.22082
8.21756
8.21335
8.20888
8.20559
8.20487
8.20249
8.19987
8.19561
8.1904
8.18569
8.17863
8.17208
8.16673
8.16049
8.15619
8.14818
8.14143
8.13453
8.12608
8.11821
8.11094
8.10357
8.09541
8.08787
8.08099
8.07334
8.06425
8.05797
8.04955
8.04255
8.03487
8.02721
8.01747
8.01202
8.00381
7.99567
7.98762
7.98107
7.97392
7.96618
7.95998
7.9532
7.94728
7.93938
7.93165
7.92548
7.9202
7.91438
7.90734
7.90332
7.89949
7.89374
7.88749
7.88076
7.87706
7.87359
7.86964
7.86663
7.86386
7.8599
7.85831
7.85626
7.85446
7.85079
7.84878
7.84702
7.84482
7.84287
7.84118
7.84045
7.83928
7.83978
7.84054
7.84015
7.84143
7.84368
7.84478
7.84614
7.84776
7.84894
7.8525
7.85349
7.85474
7.85837
7.86436
7.86848
7.87143
7.87534
7.8802
7.88531
7.88925
7.89343
7.89854
7.9046
7.91018
7.91457
7.92129
7.92611
7.93184
7.93919
7.94603
7.95307
7.9617
7.96981
7.97809
7.98583
7.99302
8.00179
8.01069
8.01903
8.02821
8.0375
8.04691
8.05572
8.06462
8.07291
8.08268
8.09182
8.10242
8.11096
8.12094
8.12954
8.13676
8.14539
8.15614
8.16405
8.17336
8.18264
8.1926
8.2025
8.21164
8.22002
8.22902
8.23793
8.24676
8.25477
8.26408
8.27186
8.28022
8.28844
8.2951
8.30302
8.31007
8.31767
8.32579
8.33162
8.33656
8.34342
8.34868
8.35514
8.36211
8.36816
8.37401
8.37964
8.38505
8.39095
8.39733
8.40278
8.40731
8.41372
8.41779
8.41951
8.42384
8.42723
8.42899
8.43194
8.43396
8.43647
8.43807
8.43945
8.44133
8.443
8.44307
8.44293
8.44542
8.44631
8.44631
8.44753
8.44858
8.44805
8.44805
8.4479
8.44829
8.44711
8.44578
8.44361
8.44199
8.44024
8.43766
8.43635
8.43422
8.43337
8.431
8.42992
8.42662
8.42532
8.42322
8.42031
8.41801
8.41562
8.41243
8.41127
8.40861
8.40374
8.40162
8.39942
8.39573
8.39195
8.39023
8.38772
8.38726
8.3832
8.38048
8.37629
8.37203
8.36841
8.36544
8.3617
8.3586
8.35474
8.35082
8.34685
8.34282
8.34084
8.33669
8.33178
8.32823
8.32322
8.31886
8.31445
8.31071
8.3062
8.30166
8.29566
8.29173
8.28706
8.28234
8.27689
8.27139
8.26657
8.26242
8.25753
8.25119
8.24625
8.24199
8.23699
8.23269
8.22836
8.22472
8.21896
8.21459
8.21091
8.20441
8.19932
8.19422
8.18914
8.18547
8.18039
8.17392
8.16888
8.16244
8.15743
8.15245
8.14891
8.14469
8.13909
8.13424
8.12801
8.12324
8.11921
8.11524
8.11132
8.10674
8.10081
8.09564
8.09124
8.08761
8.08334
8.07914
8.075
8.06953
8.06695
8.06303
8.0606
8.05613
8.05316
8.05096
8.04744
8.0454
8.04274
8.03946
8.03627
8.03316
8.03013
8.02789
8.02503
8.02224
8.01884
8.01621
8.01155
8.00837
8.00527
8.00295
8.00071
7.99782
7.9943
7.99296
7.99238
7.99046
7.98718
7.98608
7.98432
7.98331
7.98095
7.98074
7.97916
7.97692
7.97471
7.97323
7.97179
7.97108
7.96899
7.96763
7.96487
7.96355
7.96224
7.96024
7.95896
7.95699
7.95574
7.95519
7.95396
7.95272
7.95008
7.94816
7.94694
7.94502
7.94522
7.94261
7.94071
7.93952
7.93834
7.93929
7.93954
7.93909
7.93867
7.93543
7.93433
7.93254
7.93218
7.93186
7.93086
7.92918
7.92683
7.92593
7.92648
7.92637
7.92489
7.92417
7.9235
7.92218
7.92233
7.92185
7.92213
7.92108
7.9201
7.91921
7.91981
7.91979
7.91986
7.91931
7.92028
7.91994
7.91971
7.921
7.9224
7.92251
7.92345
7.9231
7.92359
7.9249
7.92706
7.92865
7.92967
7.93153
7.93283
7.93499
7.93801
7.94048
7.94451
7.94729
7.95093
7.95473
7.95869
7.9621
7.96426
7.9687
7.97188
7.97734
7.98013
7.98378
7.98898
7.99292
7.99772
8.00335
8.00842
8.01361
8.01892
8.02577
8.03131
8.03625
8.042
8.04712
8.05233
8.0576
8.06364
8.06974
8.07375
8.07922
8.0847
8.09161
8.09852
8.104
8.10876
8.1149
8.121
8.12704
8.13444
8.14105
8.14758
8.15473
8.15964
8.16516
8.16984
8.17721
8.18233
8.18729
8.19211
8.19887
8.20194
8.20552
8.20892
8.21425
8.21798
8.22151
8.22343
8.22727
8.23019
8.23291
8.23542
8.23843
8.24263
8.24521
8.24617
8.24762
8.25027
8.25202
8.25284
8.25347
8.2553
8.25552
8.25555
8.25539
8.25644
8.2552
8.25447
8.25286
8.25249
8.25053
8.24912
8.24754
8.2458
8.24391
8.24258
8.24039
8.23736
8.23489
8.2323
8.22889
8.22677
8.22595
8.22361
8.22187
8.21933
8.216
8.21399
8.20979
8.20622
8.20329
8.2003
8.19725
8.19415
8.18888
8.18499
8.18035
8.1771
8.17242
8.167
8.16369
8.15824
8.15421
8.15018
8.14685
8.14284
8.13884
8.13556
8.1309
8.12697
8.12307
8.11921
8.11539
8.11091
8.10859
8.10562
8.10199
8.09772
8.09492
8.09078
8.08528
8.08198
8.07874
8.07559
8.0725
8.06879
8.06587
8.06374
8.06169
8.05973
8.05715
8.05537
8.05298
8.04996
8.04774
8.04562
8.04358
8.04163
8.03978
8.03801
8.03634
8.03477
8.0347
8.0333
8.03128
8.03006
8.02962
8.02857
8.02759
8.02669
8.02587
8.02512
8.02372
8.0224
8.02112
8.02132
8.02086
8.02116
8.0208
8.02047
8.0216
8.01993
8.0197
8.0202
8.0186
8.01843
8.01826
8.01669
8.01583
8.01497
8.0141
8.01604
8.01515
8.01424
8.01401
8.01377
8.01209
8.01179
8.01147
8.01042
8.01004
8.00893
8.00637
8.00449
8.0047
8.00488
8.00503
8.00446
8.00387
8.00467
8.00475
8.00482
8.00489
8.00496
8.00433
8.00301
8.00312
8.00184
7.99917
7.99867
7.99538
7.99567
7.99461
7.99503
7.99481
7.99467
7.99321
7.99326
7.99128
7.99153
7.99189
7.99237
7.99298
7.99443
7.996
7.9956
7.99675
7.99877
8.00022
8.00183
8.0029
8.00553
8.00763
8.00989
8.01301
8.0156
8.01905
8.02338
8.02715
8.03179
8.03518
8.03801
8.04169
8.04553
8.0481
8.05221
8.05504
8.06083
8.06391
8.06639
8.0704
8.07591
8.08011
8.0858
8.09086
8.09529
8.10119
8.10573
8.11103
8.11777
8.12101
8.1271
8.13179
8.13649
8.14048
8.14658
8.15196
8.15731
8.16334
8.16863
8.17318
8.17696
8.18282
8.1879
8.19223
8.19578
8.19996
8.20477
8.20951
8.21346
8.21944
8.22393
8.22903
8.23335
8.23758
8.2403
8.24506
8.24831
8.25289
8.25597
8.26108
8.26539
8.26892
8.27308
8.27715
8.27903
8.28295
8.28608
8.28915
8.29215
8.29509
8.29796
8.30218
8.30281
8.30621
8.30884
8.31072
8.31255
8.31504
8.31889
8.32199
8.32433
8.32734
8.3289
8.33253
8.3347
8.33824
8.34032
8.34236
8.34506
8.3463
8.35101
8.35285
8.35392
8.35565
8.35731
8.35821
8.36045
8.36262
8.36612
8.36742
8.37075
8.37187
8.3729
8.37312
8.37394
8.37464
8.37522
8.37427
8.3753
8.3769
8.37694
8.37682
8.37655
8.37682
8.37622
8.37402
8.37305
8.3733
8.37264
8.37037
8.3693
8.36802
8.36652
8.36197
8.35859
8.35569
8.35396
8.35058
8.34765
8.34307
8.33964
8.33314
8.3285
8.32431
8.32056
8.31656
8.31018
8.30496
8.29807
8.29163
8.28564
8.28011
8.27362
8.26619
8.25852
8.2485
8.24177
8.23412
8.22484
8.21605
8.20635
8.19716
8.18849
8.17963
8.16989
8.1607
8.15135
8.14115
8.13081
8.11963
8.10835
8.09554
8.08334
8.07106
8.06082
8.0484
8.03734
8.02554
8.01442
8.00398
7.99284
7.981
7.96918
7.95811
7.94637
7.93469
7.92378
7.91367
7.90294
7.89161
7.87969
7.87002
7.86048
7.8511
7.84047
7.83072
7.82186
7.81249
7.80332
7.79437
7.78565
7.77787
7.77033
7.76163
7.7546
7.74644
7.73784
7.73095
7.72506
7.71805
7.70994
7.70356
7.69751
7.69248
7.6885
7.68416
7.68015
7.6758
7.67321
7.67099
7.66912
7.66974
7.6665
7.66433
7.66324
7.66394
7.66432
7.66578
7.66692
7.66633
7.66683
7.66842
7.6704
7.67276
7.67622
7.68006
7.68287
7.68676
7.68963
7.69428
7.7
7.70327
7.70903
7.71444
7.72233
7.72776
7.73565
7.74742
7.75458
7.76209
7.77063
7.78161
7.78939
7.79889
7.80869
7.8195
7.8299
7.83847
7.84944
7.85997
7.87218
7.88393
7.89523
7.90676
7.91923
7.93192
7.94552
7.95791
7.97544
7.9889
8.00184
8.01776
8.03241
8.04721
8.06143
8.07506
8.0895
8.10475
8.11867
8.13337
8.14743
8.16295
8.17781
8.19199
8.2083
8.2232
8.24021
8.25508
8.26992
8.2826
8.29664
8.31131
8.32519
8.33828
8.35267
8.36695
8.38111
8.39795
8.41181
8.42481
8.43904
8.45097
8.46412
8.47706
8.48978
8.50227
8.51452
8.52581
8.53754
8.54971
8.56088
8.57176
8.58164
8.5919
8.60255
8.61146
8.62143
8.62894
8.63821
8.6464
8.65493
8.66096
8.6673
8.67396
8.68021
8.68676
8.6922
8.69791
8.7018
8.70595
8.71109
8.71438
8.71723
8.71964
8.72232
8.72313
8.72491
8.72694
8.72783
8.72685
8.72543
8.7264
8.72551
8.72418
8.72171
8.71812
8.71621
8.71177
8.70763
8.70309
8.69886
8.69424
8.68855
8.68248
8.67677
8.6693
8.6615
8.65267
8.64494
8.6348
8.62649
8.61721
8.60838
8.5986
8.5886
8.57838
8.56868
8.55951
8.54947
8.53929
8.52827
8.51644
8.50592
8.49391
8.48325
8.47254
8.46251
8.45177
8.44032
8.42889
8.4189
8.40897
8.3998
8.38931
8.37821
8.36862
8.35775
8.34773
8.33785
8.32814
8.31861
8.30926
8.30011
8.29117
8.28243
8.27463
8.26706
8.25619
8.2491
8.24226
8.23427
8.22724
8.2212
8.21471
8.20991
8.20539
8.19903
8.19436
8.18926
8.18586
8.17991
8.17565
8.17096
8.16725
8.1638
8.16134
8.15984
8.15649
8.15411
8.15127
8.1494
8.14776
8.14636
8.14661
8.14708
8.14637
8.14587
8.14487
8.14478
8.14347
8.14377
8.14354
8.14208
8.1429
8.14246
8.1443
8.14627
8.14697
8.14851
8.14946
8.14841
8.15029
8.15367
8.15503
8.15788
8.1608
8.16238
8.16473
8.16713
8.16957
8.17276
8.17527
8.1778
8.18035
8.1822
8.18334
8.18588
8.18771
8.19234
8.19553
8.19869
8.2004
8.20136
8.20439
8.20877
8.21098
8.21384
8.21592
8.21793
8.21916
8.22243
8.22421
8.2266
8.2282
8.2283
8.22972
8.23035
8.233
8.23415
8.2352
8.23475
8.23702
8.2385
8.23918
8.24118
8.24027
8.2421
8.24244
8.24341
8.2436
8.24442
8.24447
8.24516
8.24367
8.24283
8.24264
8.2417
8.24142
8.24041
8.24006
8.2404
8.2393
8.23819
8.23848
8.23806
8.23693
8.2351
8.2361
8.23641
8.23604
8.23641
8.23609
8.23511
8.23417
8.23398
8.23314
8.23376
8.23444
8.23519
8.23601
8.23689
8.23715
8.23819
8.2386
8.2398
8.24038
8.24175
8.2425
8.24334
8.24287
8.24459
8.24853
8.25043
8.25102
8.25169
8.25387
8.25471
8.25635
8.25807
8.25987
8.26246
8.2644
8.26571
8.26709
8.26852
8.2707
8.27435
8.27733
8.27964
8.28198
8.28433
8.2867
8.28696
8.28932
8.29097
8.29401
8.2956
8.29715
8.29865
8.30079
8.30215
8.30343
8.30603
8.30782
8.30809
8.30893
8.31035
8.31092
8.31203
8.31227
8.31374
8.31432
8.31399
8.31417
8.31413
8.31528
8.31548
8.31545
8.31447
8.31323
8.31172
8.30925
8.30933
8.30773
8.30372
8.30015
8.29699
8.29426
8.29054
8.28441
8.27871
8.27415
8.26789
8.26278
8.2574
8.25105
8.24586
8.23971
8.23404
8.22813
8.21988
8.21213
8.20559
8.19814
8.18982
8.18273
8.17478
8.16528
8.15705
8.1487
8.14024
8.12956
8.12304
8.11362
8.10485
8.09533
8.08577
8.0769
8.0659
8.05631
8.04956
8.04071
8.0326
8.02454
8.01583
8.00648
7.99791
7.98943
7.98033
7.97275
7.96597
7.95931
7.95065
7.94495
7.93654
7.93039
7.92156
7.91358
7.90573
7.89875
7.89194
7.88528
7.87949
7.87247
7.86561
7.85963
7.85383
7.84962
7.84346
7.83679
7.83241
7.82609
7.81996
7.81683
7.81107
7.8062
7.80222
7.79843
7.79412
7.79072
7.7868
7.78307
7.78025
7.77833
7.77448
7.77225
7.77021
7.76838
7.76604
7.76531
7.76409
7.76236
7.76225
7.76165
7.76125
7.76319
7.76181
7.76205
7.76321
7.76318
7.76478
7.76659
7.76792
7.76947
7.77125
7.77395
7.77687
7.7779
7.77985
7.78486
7.78796
7.792
7.79485
7.79863
7.80123
7.80474
7.80918
7.81596
7.82365
7.82873
7.83402
7.83954
7.84667
7.85259
7.85872
7.86506
7.8716
7.87904
7.88596
7.89167
7.89896
7.90433
7.91127
7.91909
7.92709
7.93454
7.94285
7.95132
7.95994
7.96941
7.9776
7.98593
7.99438
8.00295
8.01235
8.02044
8.03076
8.04047
8.05027
8.05944
8.07082
8.08226
8.09446
8.10531
8.1155
8.12856
8.13812
8.15053
8.16225
8.17257
8.1836
8.19392
8.20424
8.21311
8.22478
8.235
8.24518
8.256
8.26816
8.27742
8.28518
8.29495
8.30532
8.31486
8.32568
8.33423
8.34404
8.35298
8.36103
8.37101
8.38008
8.38823
8.39545
8.40314
8.40987
8.41635
8.42184
8.42705
8.43339
8.43942
8.44515
8.44985
8.45493
8.45967
8.46266
8.4653
8.47041
8.47304
8.47742
8.48072
8.48224
8.48409
8.48628
8.48808
8.48811
8.48846
8.48774
8.48806
8.48661
8.48552
8.48336
8.48156
8.47943
8.47557
8.47209
8.46972
8.46705
8.46269
8.45806
8.45388
8.45016
8.44621
8.44205
8.43556
8.43172
8.4277
8.42353
8.41709
8.41054
8.40458
8.39923
8.39169
8.38479
8.37784
8.37227
8.36386
8.35755
8.35054
8.34497
8.33872
8.33182
8.32568
8.31891
8.31292
8.30773
8.30193
8.29766
8.29208
8.28734
8.28132
8.27684
8.26968
8.26549
8.26145
8.25686
8.25243
8.24886
8.24404
8.2408
8.23489
8.23126
8.22849
8.22517
8.22271
8.2204
8.21753
8.21621
8.21502
8.21255
8.21021
8.20728
8.20375
8.20244
8.19981
8.19798
8.19481
8.19242
8.18938
8.18852
8.1877
8.18621
8.18475
8.18473
8.18188
8.18116
8.17972
8.17827
8.1775
8.1767
8.17657
8.17428
8.17334
8.17165
8.16989
8.16736
8.16546
8.16418
8.16282
8.16067
8.15771
8.15466
8.15293
8.15039
8.14704
8.14501
8.14145
8.1385
8.13474
8.13087
8.12761
8.12495
8.12148
8.1165
8.11213
8.10838
8.10242
8.09849
8.09378
8.09041
8.08555
8.08064
8.07566
8.07275
8.06838
8.06397
8.05883
8.05436
8.05057
8.04748
8.04368
8.03775
8.03323
8.03015
8.02778
8.02262
8.01961
8.01593
8.0123
8.00943
8.00522
8.00107
7.99629
7.99229
7.98839
7.98528
7.98156
7.97724
7.97373
7.96822
7.96423
7.96106
7.95942
7.95579
7.95229
7.95033
7.94497
7.94327
7.94099
7.93885
7.93613
7.93567
7.9325
7.93089
7.92869
7.92804
7.9268
7.92568
7.92468
7.9238
7.92374
7.92308
7.92322
7.92206
7.9217
7.92072
7.92124
7.92184
7.9204
7.92397
7.92407
7.92494
7.92445
7.92472
7.92504
7.92328
7.92296
7.92339
7.92313
7.92219
7.92269
7.92109
7.92232
7.92215
7.9227
7.92185
7.92311
7.92367
7.92424
7.92339
7.92325
7.92382
7.92509
7.92566
7.92693
7.9268
7.92666
7.92795
7.92923
7.92982
7.93113
7.93245
7.93307
7.933
7.93366
7.93222
7.93221
7.93223
7.93369
7.93448
7.9367
7.93826
7.93985
7.93866
7.93752
7.93924
7.94102
7.94285
7.94262
7.94315
7.94515
7.94651
7.94864
7.95013
7.95168
7.9526
7.9536
7.95607
7.95791
7.95983
7.96111
7.96317
7.96461
7.96682
7.96911
7.97076
7.97391
7.97713
7.97689
7.97742
7.98085
7.98365
7.98511
7.98804
7.99104
7.9934
7.99935
8.00253
8.00719
8.01119
8.01455
8.01725
8.02072
8.02423
8.0285
8.0314
8.03646
8.04156
8.04459
8.04906
8.05357
8.05812
8.0634
8.06659
8.07122
8.07517
8.07914
8.08243
8.08715
8.09188
8.09521
8.09926
8.10402
8.10878
8.11214
8.11691
8.12097
8.12432
8.12907
8.13239
8.13641
8.14111
8.14579
8.15114
8.15576
8.15964
8.16278
8.16658
8.16963
8.17475
8.17981
8.1827
8.18622
8.18897
8.19093
8.19352
8.19814
8.20126
8.20498
8.2086
8.20999
8.21269
8.21527
8.21703
8.22077
8.22226
8.22362
8.22483
8.2273
8.22892
8.23108
8.23097
8.2321
8.23306
8.23244
8.23446
8.23488
8.23372
8.23236
8.23152
8.2312
8.23068
8.22926
8.22907
8.22867
8.22597
8.22449
8.22352
8.21954
8.21819
8.21595
8.21424
8.21164
8.20746
8.20593
8.20282
8.20097
8.19826
8.1954
8.19099
8.18716
8.18321
8.17774
8.17356
8.16788
8.16352
8.15909
8.15459
8.15073
8.14612
8.14007
8.13469
8.12929
8.1246
8.12062
8.11454
8.10849
8.10389
8.09863
8.09555
8.09113
8.08679
8.08255
8.0777
8.07437
8.07046
8.06668
8.06375
8.06026
8.05692
8.05304
8.04933
8.0465
8.04314
8.04068
8.03983
8.03776
8.0359
8.03354
8.03209
8.03087
8.03057
8.03048
8.02991
8.03169
8.03227
8.03167
8.03272
8.03328
8.03407
8.03579
8.03914
8.04131
8.04087
8.04347
8.04487
8.0472
8.04973
8.05247
8.05471
8.05715
8.06048
8.06541
8.06982
8.07227
8.07631
8.08052
8.08629
8.0908
8.09403
8.09882
8.10302
8.10804
8.11317
8.1177
8.12372
8.13053
8.136
8.14152
8.14709
8.15412
8.15905
8.16681
8.17175
8.17668
8.18158
8.18785
8.19479
8.20095
8.20775
8.21376
8.21967
8.22335
8.22691
8.23175
8.23644
8.24169
8.24537
8.25028
8.25501
8.26026
8.26389
8.26874
8.27196
8.27496
8.27916
8.28101
8.28476
8.28756
8.28944
8.29108
8.2925
8.2944
8.29608
8.29613
8.29738
8.297
8.29643
8.29566
8.29399
8.29357
8.29226
8.29081
8.2885
8.28676
8.28632
8.28505
8.28369
8.28224
8.28212
8.27982
8.27959
8.27932
8.27761
8.27517
8.27485
8.27312
8.27071
8.26902
8.26667
8.26506
8.26421
8.26271
8.26128
8.26062
8.25792
8.2553
8.25418
8.25384
8.25219
8.25063
8.24987
8.25062
8.25004
8.24885
8.24917
8.24958
8.24937
8.24855
8.24922
8.24926
8.25008
8.25027
8.25052
8.25083
8.25121
8.25093
8.2514
8.25191
8.25246
8.25303
8.25292
8.25282
8.25273
8.25335
8.25467
8.25456
8.25585
8.25641
8.25764
8.25672
8.25787
8.25755
8.25789
8.25745
8.25623
8.25776
8.2585
8.25844
8.25758
8.25874
8.25838
8.2572
8.25591
8.2559
8.25436
8.25409
8.25227
8.25172
8.25033
8.2509
8.24779
8.24453
8.24252
8.24036
8.23945
8.23767
8.23431
8.23221
8.22924
8.22611
8.22423
8.22148
8.21786
8.21621
8.21158
8.2068
8.20259
8.19753
8.19304
8.18771
8.18438
8.17881
8.17313
8.16735
8.16218
8.15551
8.15088
8.14406
8.13718
8.13307
8.12609
8.12048
8.11627
8.10921
8.10357
8.09864
8.09302
8.08742
8.08187
8.07637
8.07164
8.06627
8.06097
8.05577
8.05137
8.04638
8.04151
8.03959
8.03499
8.03195
8.02694
8.02281
8.01885
8.01507
8.01219
8.00809
8.0056
8.0019
7.99842
7.99515
7.99351
7.98998
7.98809
7.98502
7.9836
7.98312
7.98287
7.98287
7.98381
7.98286
7.98287
7.98311
7.98358
7.9843
7.98595
7.98642
7.98853
7.99015
7.99341
7.99406
7.99562
7.99808
8.00075
8.0036
8.00665
8.00988
8.01328
8.01614
8.01987
8.02445
8.02917
8.03332
8.03901
8.0434
8.04789
8.05178
8.05576
8.06053
8.06537
8.06957
8.07383
8.07883
8.08175
8.08682
8.0919
8.0977
8.1021
8.10507
8.10802
8.11307
8.11949
8.12517
8.13081
8.1378
8.14263
8.14739
8.15279
8.15811
8.16265
8.16711
8.17077
8.17435
8.17923
8.18191
8.1859
8.18978
8.19286
8.19513
8.1987
8.20217
8.20624
8.21091
8.21406
8.21641
8.21936
8.22221
8.22638
8.22904
8.23302
8.23762
8.2393
8.2416
8.24453
8.24597
8.24734
8.24934
8.25128
8.25317
8.25287
8.25394
8.25495
8.25734
8.25968
8.26058
8.26073
8.26297
8.26448
8.26667
8.26813
8.26958
8.2703
8.27172
8.27383
8.27311
8.2738
8.27589
8.27797
8.28147
8.28213
8.2828
8.28345
8.28552
8.28757
8.28962
8.29165
8.29226
8.29356
8.29485
8.2954
8.29665
8.29857
8.30047
8.30162
8.30274
8.30522
8.30765
8.30862
8.31024
8.31109
8.31258
8.31329
8.31463
8.31518
8.31494
8.31602
8.31629
8.31575
8.31581
8.31505
8.31346
8.31316
8.31272
8.31216
8.31287
8.31132
8.31104
8.30919
8.30649
8.30574
8.30343
8.30377
8.30113
8.29974
8.29817
8.29504
8.29032
8.28613
8.2832
8.27938
8.27541
8.27197
8.26767
8.26391
8.25858
8.25592
8.2524
8.24733
8.24423
8.24028
8.23548
8.22915
8.22551
8.22034
8.21365
8.20896
8.20347
8.19648
8.1901
8.18505
8.17851
8.17332
8.16807
8.16065
8.15388
8.14848
8.14234
8.13689
8.13142
8.12594
8.11903
8.11284
8.10665
8.10049
8.09505
8.08893
8.08356
8.07752
8.07152
8.06558
8.06041
8.056
8.04954
8.04316
8.03898
8.03276
8.02592
8.01988
8.01535
8.01092
8.00659
8.00308
7.99756
7.99358
7.9883
7.98315
7.97882
7.97533
7.97127
7.96735
7.96073
7.95637
7.95145
7.94879
7.94557
7.94109
7.93888
7.93823
7.93492
7.93247
7.93017
7.92733
7.92677
7.92426
7.92191
7.92113
7.91982
7.91867
7.91838
7.91756
7.91691
7.91572
7.91469
7.91524
7.91383
7.9147
7.91361
7.91409
7.91332
7.91412
7.91648
7.91899
7.92024
7.92164
7.92247
7.92274
7.92738
7.93004
7.93211
7.93643
7.93804
7.94048
7.94444
7.9471
7.94986
7.95202
7.95497
7.95802
7.96116
7.96367
7.96697
7.96893
7.97166
7.97516
7.97942
7.98233
7.9867
7.99111
7.99486
7.99865
8.00176
8.00631
8.01088
8.01477
8.01796
8.02329
8.02581
8.02904
8.03439
8.03832
8.04085
8.04407
8.04588
8.04838
8.05228
8.05546
8.06004
8.06248
8.06632
8.06944
8.07253
8.07561
8.07936
8.0831
8.08681
8.0919
8.09626
8.09919
8.10349
8.10989
8.11343
8.11765
8.12254
8.12529
8.12871
8.1321
8.13404
8.13806
8.14064
8.14388
8.14637
8.15024
8.15476
8.15712
8.16014
8.1631
8.16671
8.16886
8.17096
8.17369
8.17637
8.17827
8.18151
8.18326
8.18494
8.18795
8.18946
8.19159
8.19291
8.19556
8.19599
8.19773
8.19865
8.20088
8.20229
8.20359
8.20618
8.20653
8.20675
8.20756
8.20824
8.20878
8.2099
8.21018
8.21032
8.21031
8.21016
8.20776
8.20874
8.20816
8.20673
8.20586
8.20415
8.20159
8.201
8.20027
8.1987
8.19557
8.19373
8.19105
8.18823
8.1867
8.18646
8.18397
8.18277
8.18005
8.17862
8.17567
8.17332
8.16875
8.1662
8.16284
8.15868
8.15515
8.15011
8.1464
8.14261
8.13875
8.13482
8.13011
8.12604
8.1212
8.11701
8.11347
8.10775
8.10268
8.09826
8.09451
8.09141
8.08615
8.08085
8.07481
8.07084
8.06542
8.05997
8.05589
8.05108
8.04765
8.04277
8.03998
8.03433
8.03288
8.02788
8.02285
8.0185
8.0127
8.00759
8.00244
7.99728
7.99208
7.98545
7.9788
7.97423
7.96894
7.96362
7.95616
7.95009
7.94612
7.94142
7.93599
7.93054
7.92508
7.91748
7.9134
7.9093
7.90518
7.89894
7.89481
7.89279
7.88865
7.88309
7.87683
7.86987
7.86433
7.85808
7.85257
7.84848
7.8437
7.83825
7.83283
7.82744
7.82279
7.81748
7.81152
7.80701
7.80115
7.79605
7.78961
7.78464
7.77904
7.77423
7.76949
7.76485
7.7603
7.75585
7.7515
7.74584
7.74313
7.73982
7.73522
7.73217
7.72783
7.72363
7.72099
7.71567
7.71474
7.71184
7.70841
7.70443
7.70274
7.69981
7.69847
7.69661
7.69636
7.69629
7.6943
7.69322
7.69235
7.69168
7.69193
7.69098
7.69095
7.69185
7.69227
7.69291
7.69308
7.69418
7.6948
7.69707
7.69887
7.6995
7.70248
7.705
7.70705
7.70935
7.71189
7.71538
7.72053
7.72382
7.72875
7.73393
7.73866
7.74363
7.74886
7.75504
7.75794
7.76391
7.77013
7.77589
7.78261
7.78886
7.79607
7.80282
7.81052
7.82129
7.82948
7.83861
7.848
7.8555
7.86537
7.87405
7.88368
7.89354
7.90292
7.91183
7.92379
7.93385
7.94554
7.95674
7.96886
7.98119
7.99301
8.00503
8.01723
8.02892
8.04008
8.05211
8.06432
8.07739
8.09061
8.10398
8.11749
8.13112
8.14416
8.15802
8.17409
8.18955
8.20438
8.21928
8.23565
8.24995
8.26359
8.27866
8.29305
8.30744
8.32323
8.3376
8.35334
8.36763
8.38187
8.39674
8.41224
8.42623
8.44223
8.456
8.46893
8.48171
8.49576
8.50893
8.52192
8.53402
8.5452
8.559
8.57116
8.58308
8.59475
8.60616
8.61942
8.62958
8.63945
8.64972
8.65969
8.66863
8.67795
8.68551
8.69414
8.70453
8.71315
8.7207
8.72575
8.73183
8.73752
8.74423
8.75124
8.75644
8.76194
8.76631
8.76885
8.7738
8.77761
8.78171
8.78466
8.78578
8.78788
8.78883
8.78936
8.78874
8.7884
8.78833
8.78713
8.7855
8.78416
8.78239
8.7795
8.77478
8.77037
8.76554
8.76174
8.75754
8.75226
8.74589
8.74057
8.73488
8.72885
8.72036
8.71224
8.70522
8.69576
8.68742
8.6795
8.67059
8.66072
8.64989
8.64023
8.63106
8.62238
8.6142
8.60514
8.59449
8.58439
8.57344
8.56236
8.55116
8.53916
8.52706
8.51489
8.50336
8.49108
8.47946
8.46994
8.45829
8.44593
8.43359
8.42338
8.4125
8.40097
8.38949
8.37737
8.36532
8.35407
8.34362
8.33327
8.32232
8.31079
8.3001
8.29024
8.27981
8.26882
8.25869
8.24941
8.23958
8.22921
8.2197
8.21036
8.20118
8.19147
8.18262
8.17324
8.16474
8.1557
8.14612
8.13883
8.13171
8.12544
8.11793
8.10987
8.10267
8.0949
8.08799
8.08193
8.07388
8.06667
8.06098
8.054
8.04855
8.04179
8.03653
8.03137
8.02558
8.01988
8.01424
8.00796
8.00174
7.99697
7.99224
7.98685
7.98007
7.97543
7.9694
7.96338
7.95808
7.95348
7.94677
7.94146
7.93685
7.93152
7.92548
7.91871
7.91334
7.90796
7.90185
7.89714
7.891
7.88697
7.88152
7.87606
7.8699
7.86374
7.85901
7.85428
7.84817
7.84209
7.83746
7.83216
7.82692
7.82103
7.81591
7.81017
7.80451
7.79895
7.79279
7.78817
7.78296
7.7779
7.77439
7.77103
7.76925
7.76411
7.76127
7.75721
7.75406
7.75112
7.74769
7.74377
7.74291
7.74088
7.73908
7.73824
7.73623
7.73307
7.73298
7.73103
7.73004
7.73002
7.73026
7.73006
7.73223
7.73325
7.73311
7.73463
7.73427
7.73628
7.73852
7.74029
7.7444
7.74732
7.75117
7.75451
7.75947
7.76321
7.76784
7.77477
7.77834
7.78277
7.78737
7.79141
7.7977
7.80201
7.80644
7.8131
7.81988
7.82534
7.82878
7.83371
7.83872
7.84522
7.85179
7.85842
7.8658
7.87183
7.8786
7.88542
7.89085
7.89773
7.90251
7.90872
7.91424
7.92189
7.92883
7.93649
7.94272
7.94825
7.95517
7.96209
7.96968
7.97655
7.98198
7.98808
7.99415
8.00088
8.00616
8.01279
8.02008
8.0252
8.03167
8.03736
8.04228
8.04783
8.0533
8.0594
8.06469
8.06919
8.07359
8.07788
8.08418
8.08966
8.0936
8.09883
8.10181
8.10535
8.11087
8.11412
8.11864
8.12088
8.12437
8.1277
8.13015
8.13313
8.13593
8.13644
8.13888
8.14183
8.14177
8.14292
8.14599
8.14745
8.14941
8.14905
8.1492
8.15055
8.15098
8.1498
8.14983
8.14823
8.14784
8.14584
8.14505
8.14405
8.14287
8.14078
8.1385
8.13746
8.13623
8.13482
8.13183
8.12868
8.12537
8.12261
8.119
8.11595
8.11419
8.1116
8.10749
8.10469
8.09967
8.09669
8.09435
8.08982
8.08595
8.08415
8.07949
8.07623
8.07366
8.06756
8.0657
8.06176
8.05785
8.0547
8.0509
8.04787
8.04351
8.04066
8.03719
8.03243
8.02779
8.02468
8.02243
8.02032
8.01765
8.01445
8.01141
8.00855
8.00799
8.00692
8.00462
8.00465
8.00346
8.00178
8.00173
8.00047
8.00085
8.00144
8.00155
8.00118
8.00174
8.00393
8.00352
8.00475
8.00621
8.00718
8.00908
8.0119
8.01423
8.01608
8.01672
8.0211
8.02639
8.02906
8.03264
8.03783
8.0411
8.04526
8.0475
8.05203
8.05675
8.06165
8.06461
8.07057
8.0774
8.08298
8.08732
8.09323
8.09789
8.10411
8.10978
8.11702
8.1237
8.12982
8.13679
8.14178
8.14973
8.15711
8.16463
8.17158
8.17936
8.18657
8.19531
8.20276
8.20962
8.218
8.22509
8.2337
8.24311
8.25333
8.26365
8.27264
8.28172
8.29158
8.30011
8.30941
8.31807
8.3289
8.33696
8.34648
8.35814
8.36772
8.37661
8.38621
8.39722
8.40682
8.41569
8.42454
8.43335
8.44423
8.45505
8.46509
8.47506
8.48423
8.49329
8.49942
