1.19951
1.1986
1.19765
1.19667
1.19565
1.1946
1.19352
1.1924
1.19124
1.19005
1.18882
1.18756
1.18627
1.18495
1.1836
1.18221
1.1808
1.17936
1.17788
1.17639
1.17487
1.17333
1.17177
1.17019
1.16859
1.16698
1.16536
1.16372
1.16208
1.16042
1.15877
1.15711
1.15545
1.1538
1.15215
1.15051
1.14887
1.14725
1.14565
1.14405
1.14248
1.14093
1.13941
1.13791
1.13644
1.135
1.13359
1.13222
1.13088
1.12959
1.12833
1.12711
1.12594
1.12481
1.12373
1.1227
1.12171
1.12078
1.1199
1.11907
1.11829
1.11757
1.1169
1.11629
1.11573
1.11523
1.11478
1.11439
1.11406
1.11378
1.11355
1.11339
1.11327
1.11321
1.11321
1.11325
1.11335
1.11349
1.11369
1.11393
1.11423
1.11456
1.11494
1.11537
1.11584
1.11635
1.1169
1.11749
1.11811
1.11877
1.11947
1.1202
1.12096
1.12175
1.12257
1.12341
1.12428
1.12517
1.12609
1.12702
1.12797
1.12894
1.12992
1.13092
1.13193
1.13295
1.13398
1.13501
1.13606
1.13711
1.13817
1.13923
1.14029
1.14136
1.14243
1.14349
1.14456
1.14563
1.14669
1.14775
1.14881
1.14986
1.15091
1.15196
1.15301
1.15405
1.15509
1.15613
1.15717
1.1582
1.15923
1.16026
1.16129
1.16231
1.16334
1.16437
1.1654
1.16644
1.16747
1.16851
1.16956
1.17062
1.17168
1.17275
1.17384
1.17493
1.17604
1.17716
1.17829
1.17943
1.18059
1.18176
1.18295
1.18416
1.18538
1.18662
1.18787
1.18915
1.19045
1.19176
1.19309
1.19444
1.1958
1.19718
1.19858
1.2
1.20143
1.20288
1.20435
1.20583
1.20732
1.20883
1.21035
1.21188
1.21342
1.21497
1.21653
1.21809
1.21966
1.22124
1.22282
1.2244
1.22599
1.22757
1.22916
1.23074
1.23232
1.2339
1.23547
1.23703
1.23859
1.24014
1.24168
1.24321
1.24474
1.24625
1.24776
1.24925
1.25072
1.25219
1.25364
1.25507
1.25649
1.25789
1.25928
1.26065
1.262
1.26333
1.26465
1.26594
1.26722
1.26847
1.26971
1.27092
1.27211
1.27328
1.27442
1.27554
1.27664
1.27771
1.27875
1.27977
1.28076
1.28173
1.28266
1.28357
1.28444
1.28527
1.28608
1.28684
1.28758
1.28827
1.28893
1.28954
1.29012
1.29066
1.29115
1.2916
1.29201
1.29237
1.29269
1.29295
1.29316
1.29333
1.29344
1.29351
1.29352
1.29347
1.29338
1.29323
1.29303
1.29277
1.29245
1.29208
1.29165
1.29117
1.29064
1.29006
1.28941
1.28871
1.28796
1.28716
1.28631
1.2854
1.28445
1.28344
1.28239
1.28129
1.28015
1.27896
1.27773
1.27646
1.27515
1.27381
1.27244
1.27104
1.2696
1.26814
1.26666
1.26515
1.26363
1.26209
1.26053
1.25896
1.25739
1.2558
1.25421
1.25262
1.25104
1.24946
1.24789
1.24633
1.24478
1.24325
1.24174
1.24025
1.23879
1.23736
1.23595
1.23458
1.23325
1.23195
1.2307
1.22948
1.22831
1.22718
1.2261
1.22506
1.22407
1.22313
1.22224
1.22139
1.22059
1.21984
1.21914
1.21848
1.21787
1.21731
1.21679
1.21632
1.21588
1.21549
1.21514
1.21483
1.21455
1.21431
1.21409
1.21391
1.21376
1.21363
1.21353
1.21344
1.21337
1.21332
1.21328
1.21326
1.21324
1.21324
1.21324
1.21324
1.21325
1.21326
1.21328
1.21329
1.2133
1.21332
1.21333
1.21334
1.21336
1.21337
1.21339
1.2134
1.21342
1.21344
1.21346
1.21348
1.21351
1.21355
1.2136
1.21366
1.21373
1.21381
1.21392
1.21404
1.21418
1.21434
1.21453
1.21475
1.215
1.21528
1.21559
1.21594
1.21632
1.21675
1.21722
1.21773
1.21829
1.2189
1.21957
1.22028
1.22105
1.22187
1.22275
1.22368
1.22468
1.22573
1.22684
1.22802
1.22925
1.23054
1.2319
1.23331
1.23478
1.23631
1.2379
1.23954
1.24125
1.24301
1.24482
1.24669
1.24861
1.25058
1.2526
1.25466
1.25678
1.25893
1.26113
1.26337
1.26564
1.26794
1.27027
1.27263
1.27501
1.27741
1.27982
1.28225
1.28469
1.28714
1.28958
1.29203
1.29448
1.29691
1.29933
1.30174
1.30413
1.30649
1.30882
1.31113
1.3134
1.31563
1.31782
1.31996
1.32205
1.3241
1.32609
1.32801
1.32988
1.33167
1.3334
1.33506
1.33664
1.33813
1.33955
1.34088
1.34212
1.34327
1.34432
1.34528
1.34615
1.34691
1.34757
1.34813
1.34858
1.34893
1.34916
1.34928
1.34929
1.34918
1.34895
1.34861
1.34815
1.34757
1.34687
1.34605
1.34511
1.34406
1.34288
1.34159
1.34018
1.33865
1.33701
1.33525
1.33338
1.33139
1.32929
1.32708
1.32476
1.32234
1.31981
1.31717
1.31444
1.3116
1.30868
1.30566
1.30255
1.29935
1.29607
1.2927
1.28926
1.28574
1.28214
1.27849
1.27476
1.27097
1.26713
1.26323
1.25928
1.25528
1.25125
1.24717
1.24306
1.23891
1.23474
1.23055
1.22634
1.22211
1.21787
1.21363
1.20939
1.20515
1.20091
1.19669
1.19249
1.18831
1.18415
1.18002
1.17592
1.17186
1.16785
1.16387
1.15995
1.15607
1.15226
1.1485
1.14481
1.14118
1.13762
1.13414
1.13073
1.12741
1.12416
1.12101
1.11794
1.11496
1.11207
1.10929
1.10659
1.104
1.1015
1.09911
1.09682
1.09463
1.09255
1.09058
1.08871
1.08695
1.08529
1.08374
1.08229
1.08095
1.07971
1.07858
1.07755
1.07662
1.0758
1.07507
1.07445
1.07393
1.0735
1.07317
1.07293
1.07278
1.07273
1.07276
1.07288
1.07308
1.07337
1.07375
1.0742
1.07473
1.07533
1.07601
1.07677
1.07759
1.07848
1.07944
1.08046
1.08154
1.08269
1.0839
1.08516
1.08648
1.08786
1.08929
1.09077
1.0923
1.09388
1.09551
1.09719
1.09891
1.10068
1.10249
1.10434
1.10623
1.10817
1.11014
1.11215
1.1142
1.11629
1.11841
1.12056
1.12275
1.12497
1.12722
1.1295
1.1318
1.13414
1.1365
1.13888
1.14128
1.14371
1.14615
1.14861
1.15108
1.15357
1.15608
1.15859
1.16112
1.16366
1.1662
1.16875
1.1713
1.17385
1.17639
1.17893
1.18146
1.18398
1.18649
1.18899
1.19147
1.19393
1.19637
1.19879
1.20119
1.20356
1.2059
1.20821
1.21049
1.21273
1.21494
1.21711
1.21923
1.22131
1.22335
1.22534
1.22728
1.22917
1.23101
1.2328
1.23453
1.2362
1.23782
1.23937
1.24087
1.24231
1.24368
1.24499
1.24623
1.24741
1.24852
1.24955
1.25053
1.25143
1.25226
1.25302
1.25371
1.25433
1.25489
1.25537
1.25579
1.25613
1.25641
1.25662
1.25676
1.25684
1.25686
1.25681
1.25671
1.25654
1.25632
1.25605
1.25572
1.25534
1.25491
1.25443
1.25391
1.25335
1.25274
1.2521
1.25142
1.25071
1.24996
1.24918
1.24838
1.24755
1.2467
1.24582
1.24493
1.24401
1.24308
1.24214
1.24118
1.24021
1.23922
1.23823
1.23724
1.23623
1.23522
1.2342
1.23318
1.23215
1.23112
1.23008
1.22905
1.22801
1.22696
1.22591
1.22486
1.2238
1.22274
1.22167
1.2206
1.21951
1.21843
1.21733
1.21622
1.2151
1.21398
1.21284
1.2117
1.21054
1.20938
1.2082
1.20701
1.20581
1.20459
1.20336
1.20212
1.20087
1.19962
1.19835
1.19707
1.19579
1.1945
1.19321
1.19191
1.19061
1.1893
1.188
1.18671
1.18542
1.18414
1.18287
1.18162
1.18038
1.17916
1.17796
1.1768
1.17566
1.17456
1.17349
1.17246
1.17147
1.17053
1.16964
1.16881
1.16803
1.16731
1.16665
1.16607
1.16555
1.16511
1.16475
1.16447
1.16427
1.16416
1.16413
1.1642
1.16436
1.16462
1.16498
1.16544
1.166
1.16666
1.16742
1.16828
1.16925
1.17032
1.1715
1.17278
1.17416
1.17565
1.17723
1.17891
1.18069
1.18256
1.18453
1.18659
1.18873
1.19096
1.19328
1.19567
1.19814
1.20069
1.2033
1.20599
1.20874
1.21154
1.21441
1.21733
1.2203
1.22331
1.22637
1.22947
1.2326
1.23576
1.23896
1.24217
1.24541
1.24866
1.25193
1.25521
1.2585
1.26179
1.26508
1.26837
1.27166
1.27494
1.27821
1.28147
1.28471
1.28794
1.29114
1.29433
1.29749
1.30063
1.30374
1.30682
1.30987
1.31288
1.31586
1.3188
1.3217
1.32455
1.32737
1.33013
1.33285
1.33553
1.33815
1.34072
1.34323
1.34568
1.34808
1.35042
1.35269
1.3549
1.35704
1.35912
1.36112
1.36306
1.36492
1.3667
1.36841
1.37004
1.37158
1.37304
1.37442
1.3757
1.3769
1.37801
1.37902
1.37994
1.38076
1.38149
1.38212
1.38265
1.38308
1.38341
1.38364
1.38377
1.38379
1.38371
1.38353
1.38324
1.38285
1.38235
1.38175
1.38104
1.38023
1.37932
1.37831
1.37719
1.37597
1.37465
1.37323
1.37172
1.37011
1.3684
1.36661
1.36472
1.36275
1.36069
1.35855
1.35633
1.35403
1.35166
1.34922
1.34671
1.34412
1.34148
1.33878
1.33601
1.3332
1.33033
1.32742
1.32446
1.32146
1.31843
1.31536
1.31226
1.30914
1.30599
1.30282
1.29963
1.29643
1.29321
1.28999
1.28677
1.28354
1.28031
1.27708
1.27385
1.27064
1.26743
1.26423
1.26105
1.25788
1.25473
1.2516
1.24849
1.24541
1.24235
1.23931
1.2363
1.23332
1.23037
1.22745
1.22456
1.2217
1.21887
1.21607
1.21331
1.21058
1.20788
1.20521
1.20258
1.19998
1.19741
1.19488
1.19238
1.18991
1.18747
1.18507
1.1827
1.18036
1.17805
1.17577
1.17353
1.17131
1.16913
1.16697
1.16484
1.16274
1.16066
1.15861
1.15659
1.15459
1.15262
1.15067
1.14874
1.14684
1.14496
1.1431
1.14126
1.13944
1.13764
1.13586
1.1341
1.13236
1.13063
1.12892
1.12723
1.12555
1.12388
1.12223
1.1206
1.11897
1.11736
1.11577
1.11419
1.11262
1.11106
1.10952
1.10799
1.10648
1.10498
1.1035
1.10203
1.10058
1.09915
1.09773
1.09634
1.09496
1.09361
1.09227
1.09097
1.08969
1.08843
1.08721
1.08603
1.08487
1.08376
1.08268
1.08164
1.08064
1.0797
1.07879
1.07794
1.07715
1.07641
1.07572
1.0751
1.07454
1.07405
1.07362
1.07326
1.07298
1.07276
1.07263
1.07257
1.0726
1.0727
1.07289
1.07316
1.07351
1.07395
1.07448
1.07509
1.07579
1.07658
1.07745
1.07841
1.07946
1.08059
1.08181
1.08312
1.08451
1.08598
1.08753
1.08916
1.09086
1.09265
1.0945
1.09643
1.09842
1.10048
1.1026
1.10478
1.10702
1.10931
1.11166
1.11405
1.11648
1.11896
1.12147
1.12402
1.12661
1.12922
1.13186
1.13451
1.13719
1.13988
1.14259
1.1453
1.14802
1.15074
1.15346
1.15618
1.1589
1.1616
1.16429
1.16697
1.16963
1.17228
1.1749
1.17749
1.18006
1.1826
1.18511
1.18758
1.19002
1.19242
1.19478
1.1971
1.19937
1.20159
1.20377
1.2059
1.20798
1.21
1.21198
1.21389
1.21575
1.21754
1.21928
1.22096
1.22258
1.22414
1.22563
1.22705
1.22841
1.2297
1.23091
1.23206
1.23314
1.23414
1.23507
1.23593
1.23671
1.23742
1.23805
1.2386
1.23908
1.23948
1.23981
1.24007
1.24024
1.24034
1.24037
1.24031
1.24018
1.23997
1.23968
1.23931
1.23886
1.23834
1.23774
1.23707
1.23632
1.2355
1.2346
1.23363
1.2326
1.23149
1.23031
1.22906
1.22775
1.22638
1.22494
1.22345
1.22189
1.22028
1.21862
1.2169
1.21513
1.21331
1.21144
1.20953
1.20757
1.20558
1.20355
1.2015
1.19941
1.19729
1.19515
1.19299
1.19082
1.18863
1.18644
1.18423
1.18203
1.17983
1.17764
1.17545
1.17328
1.17113
1.169
1.1669
1.16483
1.16279
1.16079
1.15883
1.15691
1.15505
1.15323
1.15147
1.14977
1.14813
1.14656
1.14506
1.14363
1.14227
1.14099
1.13978
1.13866
1.13762
1.13666
1.13578
1.135
1.1343
1.13368
1.13316
1.13272
1.13237
1.13211
1.13194
1.13186
1.13186
1.13195
1.13213
1.13238
1.13271
1.13313
1.13362
1.13418
1.13481
1.13552
1.13629
1.13713
1.13803
1.13898
1.13999
1.14106
1.14217
1.14332
1.14453
1.14577
1.14705
1.14836
1.1497
1.15107
1.15247
1.15389
1.15533
1.15679
1.15826
1.15974
1.16123
1.16272
1.16422
1.16571
1.16721
1.1687
1.17019
1.17168
1.17315
1.17461
1.17606
1.17751
1.17893
1.18034
1.18173
1.18311
1.18446
1.18579
1.1871
1.18839
1.18966
1.1909
1.19213
1.19332
1.1945
1.19565
1.19678
1.19789
1.19898
1.20004
1.20109
1.20211
1.20311
1.20409
1.20505
1.206
1.20693
1.20784
1.20873
1.20962
1.21049
1.21135
1.2122
1.21304
1.21388
1.21471
1.21554
1.21636
1.21718
1.218
1.21883
1.21965
1.22048
1.22132
1.22216
1.22302
1.22389
1.22477
1.22566
1.22658
1.22751
1.22847
1.22944
1.23044
1.23146
1.23251
1.23358
1.23468
1.23582
1.23698
1.23817
1.2394
1.24066
1.24195
1.24327
1.24463
1.24603
1.24746
1.24892
1.25042
1.25195
1.25352
1.25512
1.25676
1.25842
1.26011
1.26183
1.26358
1.26535
1.26714
1.26895
1.27078
1.27262
1.27447
1.27634
1.27821
1.28009
1.28197
1.28385
1.28572
1.28758
1.28943
1.29126
1.29308
1.29488
1.29665
1.2984
1.30011
1.30179
1.30343
1.30503
1.30659
1.3081
1.30957
1.31097
1.31233
1.31362
1.31486
1.31603
1.31714
1.31818
1.31916
1.32006
1.32089
1.32165
1.32233
1.32294
1.32347
1.32393
1.3243
1.32459
1.32481
1.32494
1.32499
1.32497
1.32486
1.32466
1.32439
1.32404
1.32361
1.32309
1.3225
1.32183
1.32109
1.32027
1.31937
1.31841
1.31737
1.31626
1.31508
1.31384
1.31254
1.31117
1.30974
1.30824
1.30669
1.30509
1.30343
1.30172
1.29995
1.29815
1.2963
1.2944
1.29247
1.2905
1.28849
1.28645
1.28438
1.28228
1.28016
1.27802
1.27586
1.27368
1.27149
1.26929
1.26709
1.26488
1.26268
1.26048
1.25828
1.25609
1.25392
1.25176
1.24962
1.24751
1.24542
1.24336
1.24133
1.23934
1.23739
1.23548
1.23361
1.23179
1.23002
1.2283
1.22664
1.22503
1.22347
1.22197
1.22054
1.21916
1.21786
1.21661
1.21543
1.21432
1.21328
1.21231
1.2114
1.21057
1.2098
1.2091
1.20847
1.20791
1.20741
1.20698
1.20661
1.2063
1.20606
1.20587
1.20574
1.20566
1.20564
1.20567
1.20574
1.20586
1.20602
1.20623
1.20647
1.20674
1.20705
1.20739
1.20775
1.20815
1.20856
1.20899
1.20944
1.20991
1.21039
1.21088
1.21138
1.21188
1.21239
1.2129
1.21341
1.21391
1.21441
1.21491
1.2154
1.21588
1.21636
1.21683
1.21728
1.21773
1.21816
1.21858
1.21899
1.2194
1.21979
1.22016
1.22053
1.22089
1.22123
1.22156
1.22189
1.2222
1.22251
1.22281
1.2231
1.22338
1.22366
1.22393
1.2242
1.22446
1.22472
1.22498
1.22524
1.2255
1.22577
1.22603
1.2263
1.22657
1.22685
1.22714
1.22743
1.22773
1.22804
1.22836
1.22869
1.22903
1.22938
1.22975
1.23012
1.2305
1.23089
1.2313
1.23171
1.23214
1.23257
1.23302
1.23347
1.23394
1.23441
1.23488
1.23536
1.23584
1.23632
1.23681
1.23728
1.23776
1.23823
1.2387
1.23915
1.23959
1.24002
1.24043
1.24083
1.2412
1.24155
1.24188
1.24217
1.24244
1.24268
1.24289
1.24306
1.24319
1.24329
1.24334
1.24335
1.24332
1.24324
1.24312
1.24295
1.24273
1.24247
1.24216
1.24179
1.24138
1.24092
1.2404
1.23984
1.23922
1.23855
1.23784
1.23707
1.23626
1.23539
1.23448
1.23353
1.23253
1.23149
1.2304
1.22928
1.22811
1.2269
1.22566
1.22439
1.22308
1.22173
1.22036
1.21896
1.21754
1.21609
1.21462
1.21313
1.21163
1.21011
1.20858
1.20704
1.20549
1.20393
1.20237
1.20081
1.19925
1.19769
1.19614
1.19459
1.19306
1.19153
1.19002
1.18853
1.18706
1.18561
1.18418
1.18278
1.1814
1.18006
1.17874
1.17746
1.17621
1.17501
1.17384
1.17271
1.17162
1.17057
1.16957
1.16862
1.16772
1.16686
1.16606
1.16531
1.16462
1.16398
1.16339
1.16286
1.16239
1.16198
1.16162
1.16133
1.16109
1.16091
1.1608
1.16074
1.16074
1.16081
1.16093
1.16111
1.16135
1.16165
1.16201
1.16243
1.1629
1.16343
1.16401
1.16464
1.16532
1.16605
1.16683
1.16766
1.16852
1.16943
1.17038
1.17136
1.17238
1.17343
1.1745
1.17561
1.17674
1.17789
1.17906
1.18024
1.18144
1.18265
1.18387
1.18509
1.18631
1.18753
1.18875
1.18997
1.19117
1.19237
1.19355
1.19471
1.19585
1.19697
1.19807
1.19915
1.2002
1.20121
1.2022
1.20315
1.20407
1.20495
1.20579
1.20659
1.20736
1.20808
1.20877
1.20941
1.21002
1.21058
1.2111
1.21158
1.21202
1.21242
1.21277
1.21309
1.21336
1.2136
1.21379
1.21395
1.21408
1.21416
1.21422
1.21424
1.21423
1.21419
1.21412
1.21402
1.2139
1.21376
1.21359
1.21341
1.21321
1.21299
1.21276
1.21252
1.21227
1.21202
1.21176
1.21149
1.21123
1.21097
1.21072
1.21047
1.21023
1.21001
1.2098
1.20961
1.20944
1.20929
1.20917
1.20907
1.20901
1.20897
1.20897
1.20901
1.20909
1.20921
1.20937
1.20958
1.20983
1.21014
1.21049
1.2109
1.21136
1.21188
1.21246
1.21309
1.21379
1.21455
1.21538
1.21626
1.21721
1.21822
1.21929
1.22043
1.22162
1.22288
1.2242
1.22558
1.22702
1.22852
1.23007
1.23168
1.23334
1.23505
1.23681
1.23862
1.24047
1.24236
1.24429
1.24625
1.24824
1.25026
1.25231
1.25438
1.25646
1.25855
1.26066
1.26277
1.26487
1.26698
1.26907
1.27116
1.27322
1.27527
1.27729
1.27929
1.28124
1.28317
1.28504
1.28688
1.28866
1.29038
1.29205
1.29365
1.29518
1.29665
1.29803
1.29934
1.30057
1.30171
1.30275
1.30371
1.30457
1.30533
1.30599
1.30654
1.30699
1.30733
1.30756
1.30768
1.30768
1.30757
1.30735
1.307
1.30654
1.30596
1.30526
1.30445
1.30351
1.30245
1.30127
1.29998
1.29857
1.29704
1.2954
1.29365
1.2918
1.28983
1.28776
1.2856
1.28333
1.28097
1.27853
1.276
1.27338
1.2707
1.26794
1.26512
1.26224
1.2593
1.25632
1.2533
1.25024
1.24714
1.24403
1.24089
1.23774
1.23459
1.23143
1.22829
1.22515
1.22204
1.21895
1.21589
1.21286
1.20988
1.20695
1.20406
1.20124
1.19848
1.19579
1.19317
1.19062
1.18815
1.18577
1.18347
1.18125
1.17913
1.1771
1.17516
1.17331
1.17156
1.16991
1.16835
1.16689
1.16551
1.16424
1.16305
1.16196
1.16096
1.16005
1.15922
1.15848
1.15783
1.15725
1.15676
1.15633
1.15598
1.15569
1.15547
1.15531
1.1552
1.15514
1.15514
1.15518
1.15526
1.15538
1.15554
1.15572
1.15593
1.15617
1.15643
1.1567
1.15699
1.15729
1.1576
1.15791
1.15823
1.15855
1.15886
1.15917
1.15948
1.15978
1.16007
1.16035
1.16062
1.16087
1.16112
1.16136
1.16158
1.16179
1.16199
1.16217
1.16235
1.16251
1.16267
1.16282
1.16296
1.1631
1.16324
1.16338
1.16352
1.16367
1.16382
1.16399
1.16416
1.16435
1.16455
1.16477
1.16501
1.16527
1.16556
1.16587
1.16621
1.16659
1.16699
1.16742
1.16789
1.1684
1.16895
1.16953
1.17015
1.17081
1.17152
1.17226
1.17305
1.17388
1.17476
1.17568
1.17663
1.17764
1.17868
1.17976
1.18088
1.18204
1.18324
1.18447
1.18574
1.18705
1.18839
1.18975
1.19115
1.19258
1.19403
1.19551
1.19701
1.19853
1.20007
1.20163
1.2032
1.2048
1.2064
1.20802
1.20964
1.21127
1.21291
1.21454
1.21618
1.21782
1.21945
1.22107
1.22269
1.2243
1.2259
1.22748
1.22905
1.2306
1.23213
1.23365
1.23514
1.2366
1.23804
1.23945
1.24084
1.24219
1.2435
1.24479
1.24604
1.24725
1.24843
1.24957
1.25066
1.25172
1.25274
1.25371
1.25465
1.25554
1.25638
1.25718
1.25794
1.25865
1.25932
1.25994
1.26052
1.26105
1.26154
1.26199
1.26239
1.26275
1.26306
1.26334
1.26358
1.26377
1.26393
1.26405
1.26413
1.26417
1.26418
1.26415
1.26409
1.264
1.26388
1.26374
1.26357
1.26337
1.26315
1.26291
1.26265
1.26237
1.26207
1.26175
1.26142
1.26108
1.26072
1.26036
1.25999
1.25961
1.25923
1.25884
1.25846
1.25807
1.25769
1.2573
1.25693
1.25655
1.25618
1.25583
1.25548
1.25515
1.25483
1.25452
1.25423
1.25395
1.25369
1.25345
1.25322
1.25301
1.25283
1.25266
1.25251
1.25237
1.25226
1.25217
1.25209
1.25204
1.252
1.25199
1.25199
1.25202
1.25206
1.25212
1.2522
1.25231
1.25243
1.25257
1.25272
1.2529
1.25309
1.2533
1.25353
1.25378
1.25405
1.25433
1.25462
1.25493
1.25526
1.2556
1.25596
1.25633
1.25672
1.25711
1.25752
1.25795
1.25838
1.25883
1.2593
1.25977
1.26025
1.26074
1.26124
1.26176
1.26228
1.26281
1.26335
1.26389
1.26445
1.26501
1.26558
1.26615
1.26673
1.26731
1.26789
1.26848
1.26906
1.26965
1.27024
1.27082
1.2714
1.27198
1.27255
1.27311
1.27366
1.2742
1.27472
1.27524
1.27573
1.2762
1.27666
1.27709
1.27749
1.27787
1.27821
1.27853
1.27881
1.27905
1.27926
1.27942
1.27954
1.27961
1.27964
1.27961
1.27954
1.27941
1.27922
1.27898
1.27868
1.27832
1.27789
1.2774
1.27685
1.27623
1.27554
1.27479
1.27397
1.27308
1.27211
1.27108
1.26997
1.2688
1.26755
1.26623
1.26484
1.26339
1.26186
1.26027
1.2586
1.25688
1.25508
1.25323
1.25131
1.24933
1.2473
1.2452
1.24306
1.24086
1.2386
1.23631
1.23397
1.23158
1.22916
1.2267
1.2242
1.22167
1.2191
1.21651
1.2139
1.21126
1.20861
1.20594
1.20327
1.20058
1.19789
1.19519
1.19249
1.1898
1.18711
1.18444
1.18178
1.17913
1.17651
1.17391
1.17133
1.16878
1.16627
1.16379
1.16135
1.15894
1.15659
1.15427
1.15201
1.14981
1.14765
1.14556
1.14353
1.14156
1.13965
1.13781
1.13605
1.13435
1.13273
1.13119
1.12972
1.12833
1.12702
1.1258
1.12466
1.1236
1.12263
1.12175
1.12095
1.12025
1.11964
1.11912
1.1187
1.11836
1.11812
1.11798
1.11792
1.11796
1.1181
1.11833
1.11865
1.11907
1.11958
1.12018
1.12087
1.12165
1.12252
1.12348
1.12452
1.12564
1.12685
1.12813
1.1295
1.13093
1.13244
1.13401
1.13566
1.13736
1.13912
1.14095
1.14282
1.14474
1.14671
1.14871
1.15076
1.15284
1.15495
1.15708
1.15924
1.16141
1.1636
1.16579
1.16799
1.17019
1.1724
1.17459
1.17678
1.17896
1.18111
1.18325
1.18537
1.18746
1.18953
1.19156
1.19356
1.19552
1.19744
1.19932
1.20116
1.20295
1.20469
1.20639
1.20804
1.20964
1.21118
1.21268
1.21412
1.21552
1.21686
1.21815
1.21939
1.22058
1.22172
1.22281
1.22385
1.22486
1.22581
1.22673
1.2276
1.22844
1.22923
1.22999
1.23072
1.23141
1.23207
1.2327
1.2333
1.23387
1.23442
1.23495
1.23545
1.23593
1.23639
1.23684
1.23727
1.23768
1.23807
1.23846
1.23882
1.23918
1.23952
1.23985
1.24017
1.24048
1.24077
1.24106
1.24133
1.2416
1.24186
1.2421
1.24234
1.24256
1.24278
1.24298
1.24317
1.24336
1.24353
1.2437
1.24385
1.24399
1.24411
1.24423
1.24434
1.24443
1.24452
1.24459
1.24466
1.24471
1.24476
1.24479
1.24482
1.24484
1.24485
1.24485
1.24485
1.24485
1.24483
1.24481
1.24479
1.24476
1.24473
1.2447
1.24466
1.24462
1.24458
1.24454
1.24449
1.24445
1.2444
1.24435
1.2443
1.24426
1.24421
1.24416
1.24411
1.24406
1.24401
1.24395
1.2439
1.24384
1.24378
1.24371
1.24363
1.24355
1.24346
1.24335
1.24323
1.2431
1.24295
1.24278
1.2426
1.24239
1.24216
1.2419
1.24161
1.2413
1.24095
1.24057
1.24016
1.2397
1.23921
1.23866
1.23808
1.23744
1.23676
1.23602
1.23522
1.23437
1.23346
1.23249
1.23145
1.23035
1.22918
1.22794
1.22664
1.22526
1.22381
1.22229
1.22069
1.21902
1.21727
1.21545
1.21356
1.21159
1.20955
1.20743
1.20523
1.20297
1.20063
1.19823
1.19575
1.19321
1.19061
1.18795
1.18523
1.18245
1.17962
1.17675
1.17382
1.17086
1.16786
1.16483
1.16177
1.15868
1.15558
1.15246
1.14934
1.14621
1.14308
1.13997
1.13686
1.13378
1.13072
1.12768
1.12469
1.12173
1.11881
1.11595
1.11314
1.11039
1.10771
1.1051
1.10256
1.10011
1.09773
1.09544
1.09324
1.09114
1.08913
1.08721
1.0854
1.0837
1.08209
1.08059
1.0792
1.07792
1.07675
1.07568
1.07472
1.07387
1.07313
1.07249
1.07196
1.07153
1.0712
1.07097
1.07083
1.07079
1.07084
1.07099
1.07122
1.07153
1.07193
1.07241
1.07296
1.07358
1.07427
1.07503
1.07585
1.07673
1.07768
1.07868
1.07973
1.08083
1.08197
1.08317
1.0844
1.08568
1.087
1.08835
1.08975
1.09117
1.09263
1.09411
1.09563
1.09717
1.09874
1.10034
1.10196
1.1036
1.10527
1.10696
1.10867
1.11041
1.11217
1.11394
1.11575
1.11757
1.11941
1.12128
1.12317
1.12508
1.12701
1.12897
1.13095
1.13295
1.13498
1.13703
1.13911
1.14121
1.14333
1.14548
1.14765
1.14985
1.15208
1.15433
1.15661
1.15891
1.16124
1.16359
1.16596
1.16835
1.17077
1.17322
1.17568
1.17816
1.18067
1.18319
1.18574
1.1883
1.19087
1.19346
1.19606
1.19868
1.2013
1.20392
1.20656
1.2092
1.21184
1.21449
1.21713
1.21976
1.22239
1.22502
1.22763
1.23023
1.23282
1.23539
1.23795
1.24048
1.24299
1.24548
1.24795
1.25039
1.25279
1.25517
1.25751
1.25983
1.2621
1.26434
1.26655
1.26871
1.27083
1.27292
1.27496
1.27696
1.27892
1.28083
1.2827
1.28453
1.28631
1.28804
1.28973
1.29137
1.29297
1.29452
1.29602
1.29748
1.2989
1.30027
1.30159
1.30287
1.30411
1.3053
1.30645
1.30756
1.30862
1.30965
1.31063
1.31157
1.31247
1.31334
1.31416
1.31495
1.3157
1.31641
1.31709
1.31773
1.31835
1.31892
1.31947
1.31998
1.32046
1.3209
1.32131
1.32169
1.32204
1.32236
1.32265
1.3229
1.32312
1.32331
1.32347
1.3236
1.32369
1.32376
1.32379
1.32379
1.32375
1.32369
1.32359
1.32345
1.32328
1.32308
1.32283
1.32256
1.32224
1.32188
1.32149
1.32105
1.32057
1.32004
1.31948
1.31886
1.3182
1.31749
1.31673
1.31592
1.31506
1.31414
1.31317
1.31215
1.31106
1.30993
1.30873
1.30747
1.30616
1.30478
1.30335
1.30185
1.30029
1.29867
1.29698
1.29523
1.29342
1.29155
1.28961
1.28761
1.28555
1.28342
1.28124
1.279
1.27669
1.27433
1.27191
1.26944
1.26691
1.26433
1.2617
1.25903
1.25631
1.25354
1.25074
1.2479
1.24503
1.24212
1.23918
1.23622
1.23323
1.23023
1.22721
1.22417
1.22113
1.21808
1.21503
1.21198
1.20893
1.2059
1.20288
1.19987
1.19689
1.19393
1.191
1.18811
1.18525
1.18244
1.17967
1.17696
1.17429
1.17168
1.16913
1.16664
1.16422
1.16187
1.1596
1.1574
1.15528
1.15323
1.15128
1.14941
1.14762
1.14593
1.14433
1.14283
1.14142
1.14011
1.13889
1.13778
1.13678
1.13587
1.13507
1.13437
1.13377
1.13328
1.1329
1.13262
1.13244
1.13237
1.13241
1.13255
1.1328
1.13315
1.1336
1.13415
1.13481
1.13556
1.13642
1.13737
1.13842
1.13957
1.1408
1.14213
1.14354
1.14505
1.14664
1.14831
1.15007
1.1519
1.15381
1.15579
1.15785
1.15997
1.16216
1.16441
1.16672
1.16908
1.17151
1.17398
1.1765
1.17907
1.18168
1.18433
1.18702
1.18974
1.19249
1.19527
1.19808
1.20091
1.20376
1.20663
1.20952
1.21241
1.21532
1.21823
1.22114
1.22405
1.22696
1.22986
1.23276
1.23564
1.23851
1.24136
1.2442
1.24701
1.2498
1.25256
1.25529
1.25799
1.26066
1.2633
1.26589
1.26845
1.27096
1.27344
1.27586
1.27824
1.28058
1.28286
1.28509
1.28727
1.28939
1.29146
1.29347
1.29542
1.29731
1.29914
1.30091
1.30261
1.30425
1.30582
1.30732
1.30875
1.31011
1.31139
1.31261
1.31376
1.31483
1.31582
1.31674
1.31758
1.31835
1.31904
1.31965
1.32017
1.32062
1.32099
1.32128
1.32149
1.32161
1.32166
1.32162
1.3215
1.3213
1.32102
1.32066
1.32022
1.3197
1.31911
1.31843
1.31768
1.31685
1.31595
1.31498
1.31394
1.31282
1.31165
1.3104
1.3091
1.30773
1.30631
1.30483
1.3033
1.30172
1.30009
1.29841
1.29669
1.29493
1.29314
1.2913
1.28944
1.28755
1.28563
1.28369
1.28173
1.27975
1.27776
1.27576
1.27375
1.27173
1.26971
1.26769
1.26566
1.26364
1.26163
1.25962
1.25762
1.25564
1.25366
1.25171
1.24976
1.24784
1.24593
1.24404
1.24218
1.24033
1.2385
1.2367
1.23492
1.23317
1.23143
1.22972
1.22804
1.22637
1.22473
1.22311
1.22151
1.21994
1.21838
1.21685
1.21534
1.21385
1.21237
1.21092
1.20949
1.20807
1.20667
1.20529
1.20392
1.20258
1.20125
1.19993
1.19863
1.19735
1.19608
1.19483
1.19359
1.19237
1.19116
1.18997
1.18879
1.18763
1.18648
1.18535
1.18424
1.18314
1.18206
1.181
1.17996
1.17894
1.17794
1.17695
1.17599
1.17505
1.17413
1.17323
1.17236
1.17151
1.17069
1.16989
1.16912
1.16838
1.16766
1.16698
1.16632
1.1657
1.16511
1.16455
1.16403
1.16354
1.16308
1.16267
1.16229
1.16195
1.16165
1.16139
1.16117
1.16099
1.16086
1.16077
1.16072
1.16071
1.16076
1.16084
1.16097
1.16115
1.16137
1.16163
1.16194
1.1623
1.16269
1.16314
1.16363
1.16416
1.16473
1.16535
1.166
1.1667
1.16744
1.16821
1.16903
1.16988
1.17076
1.17168
1.17264
1.17362
1.17463
1.17567
1.17674
1.17784
1.17895
1.18009
1.18125
1.18243
1.18362
1.18483
1.18605
1.18728
1.18852
1.18977
1.19102
1.19227
1.19353
1.19479
1.19604
1.1973
1.19855
1.19979
1.20103
1.20225
1.20347
1.20467
1.20586
1.20704
1.2082
1.20934
1.21047
1.21158
1.21267
1.21375
1.2148
1.21583
1.21683
1.21782
1.21878
1.21971
1.22062
1.22151
1.22237
1.2232
1.22401
1.22479
1.22555
1.22628
1.22699
1.22767
1.22833
1.22897
1.22958
1.23017
1.23073
1.23128
1.2318
1.23231
1.23279
1.23326
1.23371
1.23414
1.23456
1.23496
1.23535
1.23573
1.2361
1.23645
1.2368
1.23714
1.23747
1.2378
1.23812
1.23844
1.23876
1.23907
1.23938
1.23969
1.24001
1.24032
1.24064
1.24096
1.24129
1.24162
1.24196
1.24231
1.24266
1.24302
1.24339
1.24377
1.24416
1.24455
1.24495
1.24536
1.24578
1.2462
1.24664
1.24708
1.24752
1.24798
1.24844
1.24891
1.24938
1.24986
1.25034
1.25083
1.25132
1.25181
1.2523
1.25279
1.25328
1.25378
1.25427
1.25476
1.25525
1.25573
1.2562
1.25667
1.25713
1.25758
1.25803
1.25846
1.25888
1.2593
1.2597
1.26008
1.26045
1.2608
1.26114
1.26146
1.26176
1.26203
1.26229
1.26252
1.26274
1.26293
1.26309
1.26323
1.26335
1.26344
1.2635
1.26353
1.26353
1.2635
1.26344
1.26335
1.26323
1.26307
1.26288
1.26266
1.2624
1.2621
1.26176
1.26139
1.26098
1.26053
1.26005
1.25952
1.25895
1.25834
1.25769
1.25699
1.25625
1.25547
1.25465
1.25379
1.25288
1.25192
1.25092
1.24988
1.24879
1.24767
1.24649
1.24527
1.24401
1.24271
1.24137
1.23998
1.23856
1.2371
1.2356
1.23406
1.2325
1.23089
1.22926
1.22759
1.2259
1.22419
1.22245
1.22069
1.21891
1.21712
1.21532
1.2135
1.21167
1.20984
1.20801
1.20618
1.20435
1.20252
1.20071
1.1989
1.19712
1.19535
1.1936
1.19187
1.19017
1.1885
1.18686
1.18525
1.18368
1.18215
1.18066
1.17921
1.1778
1.17644
1.17513
1.17387
1.17266
1.17151
1.17041
1.16936
1.16837
1.16744
1.16656
1.16574
1.16497
1.16426
1.16361
1.16301
1.16246
1.16196
1.16152
1.16112
1.16077
1.16047
1.16021
1.16
1.15983
1.1597
1.1596
1.15954
1.15951
1.15952
1.15956
1.15962
1.1597
1.15981
1.15994
1.16008
1.16024
1.16042
1.1606
1.16079
1.16099
1.1612
1.1614
1.16161
1.16182
1.16203
1.16223
1.16243
1.16263
1.16281
1.16298
1.16315
1.16329
1.16343
1.16355
1.16364
1.16373
1.16379
1.16383
1.16385
1.16384
1.16382
1.16377
1.16369
1.16358
1.16345
1.16329
1.16311
1.16289
1.16265
1.16237
1.16206
1.16172
1.16135
1.16095
1.16052
1.16006
1.15956
1.15903
1.15848
1.15789
1.15726
1.15661
1.15593
1.15521
1.15447
1.15369
1.15289
1.15206
1.1512
1.15032
1.14941
1.14847
1.14752
1.14653
1.14553
1.14451
1.14346
1.14241
1.14133
1.14025
1.13915
1.13804
1.13692
1.1358
1.13467
1.13354
1.13241
1.13128
1.13016
1.12904
1.12793
1.12684
1.12575
1.12469
1.12364
1.12261
1.1216
1.12062
1.11966
1.11874
1.11785
1.117
1.11619
1.11541
1.11469
1.11401
1.11338
1.1128
1.11227
1.1118
1.1114
1.11105
1.11077
1.11055
1.11041
1.11033
1.11033
1.11041
1.11056
1.1108
1.11112
1.11152
1.11201
1.11259
1.11325
1.11401
1.11487
1.11582
1.11686
1.11801
1.11925
1.12059
1.12203
1.12357
1.12521
1.12695
1.12879
1.13073
1.13277
1.1349
1.13714
1.13947
1.1419
1.14442
1.14704
1.14975
1.15254
1.15543
1.1584
1.16145
1.16459
1.1678
1.17109
1.17446
1.17789
1.1814
1.18497
1.1886
1.19229
1.19604
1.19984
1.20368
1.20758
1.21151
1.21549
1.2195
1.22354
1.22762
1.23172
1.23584
1.23997
1.24412
1.24829
1.25246
1.25663
1.2608
1.26497
1.26913
1.27328
1.27741
1.28153
1.28562
1.28969
1.29373
1.29774
1.30172
1.30565
1.30954
1.31338
1.31717
1.3209
1.32458
1.32819
1.33174
1.33522
1.33862
1.34195
1.3452
1.34836
1.35144
1.35442
1.35732
1.36011
1.36281
1.36541
1.3679
1.37028
1.37255
1.3747
1.37674
1.37866
1.38046
1.38214
1.38369
1.3851
1.38639
1.38755
1.38857
1.38946
1.3902
1.39082
1.39129
1.39163
1.39183
1.39189
1.39181
1.3916
1.39124
1.39075
1.39013
1.38937
1.38848
1.38746
1.38631
1.38504
1.38364
1.38213
1.38049
1.37874
1.37687
1.37489
1.37281
1.37063
1.36834
1.36596
1.36348
1.36092
1.35827
1.35555
1.35275
1.34987
1.34693
1.34393
1.34088
1.33777
1.33461
1.33142
1.32818
1.32491
1.32161
1.31829
1.31494
1.31158
1.30821
1.30483
1.30145
1.29807
1.2947
1.29133
1.28798
1.28464
1.28132
1.27803
1.27476
1.27153
1.26833
1.26516
1.26203
1.25894
1.25589
1.25289
1.24994
1.24703
1.24418
1.24138
1.23863
1.23594
1.2333
1.23071
1.22818
1.22571
1.2233
1.22094
1.21864
1.21639
1.2142
1.21207
1.20999
1.20797
1.20601
1.2041
1.20224
1.20043
1.19868
1.19697
1.19532
1.19371
1.19215
1.19064
1.18917
1.18775
1.18637
1.18504
1.18375
1.1825
1.1813
1.18013
1.17901
1.17792
1.17687
1.17586
1.17489
1.17395
1.17305
1.17218
1.17135
1.17055
1.16979
1.16906
1.16836
1.1677
1.16707
1.16647
1.16591
1.16537
1.16487
1.1644
1.16396
1.16356
1.16318
1.16284
1.16252
1.16223
1.16197
1.16174
1.16153
1.16136
1.1612
1.16108
1.16097
1.1609
1.16084
1.16081
1.1608
1.16081
1.16084
1.16089
1.16096
1.16104
1.16114
1.16126
1.16138
1.16153
1.16168
1.16184
1.16202
1.1622
1.16239
1.16258
1.16278
1.16299
1.1632
1.16342
1.16365
1.16387
1.1641
1.16433
1.16456
1.16479
1.16502
1.16525
1.16548
1.1657
1.16593
1.16616
1.16639
1.16661
1.16684
1.16707
1.1673
1.16753
1.16776
1.168
1.16824
1.16849
1.16874
1.169
1.16927
1.16955
1.16984
1.17014
1.17045
1.17077
1.17111
1.17147
1.17184
1.17222
1.17263
1.17306
1.17351
1.17398
1.17447
1.17499
1.17554
1.17611
1.17671
1.17734
1.17799
1.17868
1.17939
1.18013
1.18091
1.18171
1.18254
1.18341
1.1843
1.18522
1.18618
1.18716
1.18817
1.1892
1.19027
1.19136
1.19247
1.19361
1.19477
1.19595
1.19714
1.19836
1.19959
1.20084
1.20209
1.20336
1.20463
1.20592
1.2072
1.20849
1.20978
1.21106
1.21234
1.21362
1.21489
1.21616
1.21741
1.21865
1.21988
1.22109
1.22228
1.22345
1.22461
1.22574
1.22684
1.22792
1.22898
1.23001
1.23101
1.23199
1.23293
1.23385
1.23473
1.23559
1.23641
1.23721
1.23797
1.2387
1.2394
1.24006
1.2407
1.2413
1.24187
1.24241
1.24291
1.24339
1.24384
1.24425
1.24464
1.24499
1.24532
1.24562
1.2459
1.24614
1.24636
1.24655
1.24672
1.24687
1.24699
1.24709
1.24717
1.24722
1.24726
1.24727
1.24727
1.24725
1.2472
1.24714
1.24707
1.24697
1.24686
1.24672
1.24657
1.2464
1.24621
1.246
1.24577
1.24552
1.24526
1.24498
1.24467
1.24434
1.244
1.24363
1.24324
1.24282
1.24239
1.24193
1.24145
1.24095
1.24042
1.23987
1.2393
1.23871
1.23809
1.23746
1.2368
1.23612
1.23542
1.2347
1.23397
1.23322
1.23245
1.23168
1.23088
1.23008
1.22927
1.22845
1.22763
1.2268
1.22596
1.22513
1.2243
1.22347
1.22265
1.22184
1.22103
1.22023
1.21944
1.21867
1.21791
1.21716
1.21644
1.21573
1.21505
1.21438
1.21374
1.21312
1.21252
1.21195
1.21141
1.21089
1.21039
1.20993
1.20948
1.20907
1.20867
1.20831
1.20797
1.20766
1.20737
1.2071
1.20686
1.20663
1.20643
1.20625
1.20608
1.20593
1.2058
1.20567
1.20556
1.20546
1.20537
1.20529
1.20522
1.20515
1.20509
1.20503
1.20498
1.20493
1.20488
1.20483
1.20479
1.20474
1.20469
1.20464
1.20459
1.20454
1.20448
1.20442
1.20435
1.20429
1.20421
1.20414
1.20406
1.20399
1.2039
1.20382
1.20372
1.20363
1.20353
1.20343
1.20333
1.20323
1.20312
1.20301
1.2029
1.20279
1.20267
1.20256
1.20244
1.20232
1.2022
1.20207
1.20194
1.2018
1.20166
1.20152
1.20136
1.20121
1.20105
1.20088
1.2007
1.20052
1.20033
1.20013
1.19993
1.19971
1.19949
1.19925
1.199
1.19873
1.19846
1.19816
1.19785
1.19752
1.19718
1.19682
1.19644
1.19604
1.19563
1.19519
1.19473
1.19425
1.19375
1.19322
1.19268
1.19211
1.19152
1.1909
1.19026
1.1896
1.18891
1.1882
1.18747
1.18671
1.18593
1.18513
1.1843
1.18345
1.18258
1.18169
1.18077
1.17983
1.17886
1.17788
1.17687
1.17584
1.1748
1.17373
1.17264
1.17153
1.1704
1.16925
1.16808
1.1669
1.1657
1.16448
1.16324
1.162
1.16074
1.15946
1.15818
1.15688
1.15557
1.15425
1.15292
1.15158
1.15023
1.14888
1.14753
1.14617
1.1448
1.14344
1.14209
1.14073
1.13939
1.13805
1.13672
1.13541
1.13411
1.13282
1.13156
1.13032
1.12911
1.12792
1.12676
1.12563
1.12454
1.12349
1.12249
1.12153
1.12062
1.11977
1.11897
1.11822
1.11754
1.11693
1.11638
1.1159
1.1155
1.11518
1.11493
1.11478
1.1147
1.11472
1.11482
1.11502
1.11532
1.11571
1.1162
1.1168
1.1175
1.1183
1.11921
1.12023
1.12136
1.12259
1.12394
1.12539
1.12696
1.12863
1.13041
1.1323
1.1343
1.1364
1.13862
1.14093
1.14335
1.14587
1.14849
1.1512
1.154
1.15688
1.15986
1.16291
1.16605
1.16925
1.17253
1.17588
1.17929
1.18276
1.18628
1.18985
1.19347
1.19713
1.20082
1.20454
1.20829
1.21205
1.21584
1.21963
1.22342
1.22721
1.231
1.23478
1.23854
1.24228
1.246
1.24968
1.25333
1.25693
1.26049
1.264
1.26746
1.27086
1.2742
1.27746
1.28065
1.28377
1.2868
1.28975
1.29261
1.29538
1.29806
1.30064
1.30311
1.30548
1.30774
1.30989
1.31193
1.31385
1.31566
1.31735
1.31891
1.32036
1.32168
1.32288
1.32396
1.32491
1.32573
1.32643
1.327
1.32745
1.32777
1.32796
1.32803
1.32797
1.3278
1.3275
1.32708
1.32654
1.32589
1.32513
1.32425
1.32326
1.32217
1.32097
1.31968
1.31829
1.31681
1.31523
1.31357
1.31183
1.31001
1.30812
1.30615
1.30412
1.30203
1.29989
1.2977
1.29546
1.29318
1.29086
1.28852
1.28615
1.28376
1.28136
1.27895
1.27654
1.27413
1.27173
1.26934
1.26697
1.26463
1.26231
1.26002
1.25777
1.25556
1.25339
1.25128
1.24921
1.24721
1.24527
1.24339
1.24158
1.23984
1.23817
1.23657
1.23506
1.23362
1.23226
1.23099
1.22979
1.22869
1.22767
1.22673
1.22588
1.22511
1.22443
1.22383
1.22332
1.22288
1.22253
1.22225
1.22204
1.22191
1.22185
1.22186
1.22194
1.22207
1.22226
1.22251
1.22281
1.22316
1.22355
1.22398
1.22445
1.22495
1.22548
1.22603
1.22661
1.2272
1.2278
1.22841
1.22903
1.22965
1.23027
1.23089
1.23149
1.23208
1.23266
1.23322
1.23375
1.23426
1.23474
1.23519
1.23561
1.236
1.23635
1.23666
1.23692
1.23715
1.23733
1.23747
1.23757
1.23762
1.23762
1.23758
1.23749
1.23736
1.23718
1.23695
1.23667
1.23635
1.23598
1.23557
1.23512
1.23462
1.23408
1.2335
1.23289
1.23223
1.23154
1.23081
1.23005
1.22927
1.22845
1.22761
1.22674
1.22585
1.22494
1.22401
1.22306
1.2221
1.22113
1.22014
1.21915
1.21815
1.21715
1.21614
1.21513
1.21411
1.2131
1.21209
1.21109
1.21009
1.2091
1.20812
1.20715
1.20619
1.20523
1.20429
1.20337
1.20245
1.20155
1.20067
1.1998
1.19895
1.19811
1.19728
1.19648
1.19568
1.19491
1.19415
1.1934
1.19267
1.19195
1.19125
1.19056
1.18988
1.18922
1.18857
1.18794
1.18731
1.1867
1.18611
1.18553
1.18496
1.1844
1.18386
1.18334
1.18283
1.18234
1.18187
1.18141
1.18097
1.18055
1.18015
1.17977
1.17941
1.17907
1.17875
1.17846
1.17819
1.17794
1.17772
1.17753
1.17737
1.17724
1.17714
1.17707
1.17703
1.17702
1.17705
1.17711
1.1772
1.17733
1.17749
1.17769
1.17792
1.17818
1.17848
1.17881
1.17917
1.17957
1.18
1.18045
1.18094
1.18146
1.18201
1.18258
1.18317
1.18379
1.18444
1.1851
1.18579
1.18649
1.18721
1.18795
1.1887
1.18947
1.19025
1.19103
1.19183
1.19264
1.19345
1.19427
1.19509
1.19592
1.19675
1.19757
1.1984
1.19923
1.20005
1.20087
1.20169
1.2025
1.20331
1.20411
1.2049
1.20569
1.20647
1.20724
1.208
1.20875
1.20949
1.21023
1.21096
1.21167
1.21238
1.21309
1.21378
1.21447
1.21515
1.21583
1.21649
1.21715
1.21781
1.21846
1.2191
1.21973
1.22036
1.22098
1.2216
1.22221
1.22282
1.22342
1.22402
1.22462
1.22522
1.22581
1.22639
1.22697
1.22755
1.22812
1.22869
1.22926
1.22982
1.23038
1.23093
1.23148
1.23202
1.23255
1.23308
1.2336
1.23412
1.23462
1.23511
1.2356
1.23608
1.23654
1.237
1.23744
1.23787
1.23828
1.23868
1.23906
1.23943
1.23978
1.24011
1.24042
1.24072
1.241
1.24125
1.24148
1.24169
1.24188
1.24205
1.24219
1.2423
1.24239
1.24245
1.24249
1.24249
1.24247
1.24242
1.24234
1.24224
1.2421
1.24193
1.24174
1.24151
1.24125
1.24095
1.24063
1.24026
1.23986
1.23942
1.23894
1.23843
1.23787
1.23728
1.23664
1.23595
1.23522
1.23445
1.23363
1.23276
1.23185
1.23088
1.22986
1.22879
1.22766
1.22648
1.22524
1.22394
1.22258
1.22116
1.21968
1.21813
1.21653
1.21485
1.21311
1.21131
1.20943
1.20749
1.20549
1.20341
1.20127
1.19906
1.19679
1.19445
1.19205
1.18959
1.18706
1.18447
1.18183
1.17914
1.17639
1.17359
1.17075
1.16787
1.16495
1.162
1.15901
1.156
1.15297
1.14992
1.14686
1.14379
1.14073
1.13767
1.13462
1.13159
1.12859
1.12561
1.12267
1.11977
1.11692
1.11413
1.11139
1.10872
1.10612
1.10359
1.10115
1.0988
1.09653
1.09436
1.0923
1.09033
1.08848
1.08673
1.08509
1.08357
1.08216
1.08086
1.07968
1.07861
1.07766
1.07683
1.0761
1.07549
1.07498
1.07459
1.07429
1.07409
1.07399
1.07398
1.07406
1.07422
1.07445
1.07476
1.07514
1.07558
1.07607
1.07662
1.07722
1.07786
1.07854
1.07926
1.08
1.08077
1.08156
1.08236
1.08318
1.08401
1.08485
1.08569
1.08653
1.08737
1.0882
1.08903
1.08985
1.09067
1.09147
1.09226
1.09304
1.09381
1.09456
1.0953
1.09603
1.09674
1.09745
1.09814
1.09882
1.0995
1.10016
1.10082
1.10148
1.10213
1.10277
1.10342
1.10407
1.10472
1.10537
1.10603
1.1067
1.10738
1.10807
1.10878
1.1095
1.11024
1.111
1.11178
1.11258
1.1134
1.11426
1.11514
1.11604
1.11698
1.11795
1.11895
1.11998
1.12105
1.12215
1.12329
1.12446
1.12567
1.12692
1.1282
1.12952
1.13087
1.13227
1.1337
1.13516
1.13666
1.1382
1.13977
1.14138
1.14303
1.14471
1.14642
1.14817
1.14995
1.15176
1.15361
1.15549
1.1574
1.15934
1.16132
1.16333
1.16536
1.16743
1.16953
1.17165
1.17381
1.176
1.17822
1.18047
1.18275
1.18506
1.1874
1.18978
1.19219
1.19463
1.1971
1.19961
1.20215
1.20472
1.20732
1.20995
1.21262
1.21533
1.21806
1.22083
1.22363
1.22647
1.22934
1.23224
1.23518
1.23815
1.24115
1.24418
1.24723
1.25032
1.25343
1.25657
1.25974
1.26292
1.26613
1.26936
1.2726
1.27586
1.27913
1.28241
1.2857
1.289
1.2923
1.2956
1.29889
1.30218
1.30546
1.30872
1.31197
1.31519
1.31839
1.32157
1.32471
1.32781
1.33087
1.3339
1.33687
1.33979
1.34265
1.34545
1.34818
1.35084
1.35343
1.35594
1.35837
1.36071
1.36297
1.36513
1.36719
1.36916
1.37102
1.37278
1.37443
1.37597
1.3774
1.37871
1.37991
1.38099
1.38196
1.3828
1.38352
1.38412
1.3846
1.38495
1.38519
1.3853
1.38529
1.38516
1.38491
1.38454
1.38405
1.38345
1.38273
1.3819
1.38096
1.37991
1.37875
1.37749
1.37612
1.37466
1.37311
1.37146
1.36971
1.36788
1.36597
1.36398
1.36191
1.35976
1.35755
1.35527
1.35292
1.35052
1.34805
1.34554
1.34297
1.34035
1.33769
1.33498
1.33224
1.32946
1.32665
1.32381
1.32094
1.31804
1.31513
1.31219
1.30924
1.30627
1.30328
1.30028
1.29727
1.29425
1.29122
1.28818
1.28514
1.28209
1.27904
1.27599
1.27293
1.26987
1.2668
1.26374
1.26068
1.25762
1.25456
1.2515
1.24844
1.24538
1.24233
1.23927
1.23622
1.23317
1.23013
1.22709
1.22406
1.22103
1.21801
1.21499
1.21199
1.20899
1.20601
1.20304
1.20008
1.19715
1.19423
1.19133
1.18846
1.18562
1.1828
1.18003
1.17729
1.17459
1.17194
1.16934
1.16679
1.16431
1.16188
1.15952
1.15724
1.15503
1.1529
1.15086
1.1489
1.14705
1.14529
1.14363
1.14208
1.14064
1.13931
1.13809
1.137
1.13602
1.13516
1.13442
1.1338
1.13331
1.13293
1.13268
1.13255
1.13253
1.13264
1.13286
1.1332
1.13364
1.1342
1.13485
1.13561
1.13647
1.13742
1.13846
1.13958
1.14079
1.14207
1.14342
1.14484
1.14633
1.14788
1.14948
1.15114
1.15284
1.15459
1.15639
1.15821
1.16008
1.16197
1.1639
1.16584
1.16782
1.16981
1.17182
1.17385
1.17589
1.17794
1.18
1.18206
1.18414
1.18622
1.1883
1.19038
1.19246
1.19454
1.19662
1.1987
1.20077
1.20284
1.20489
1.20694
1.20898
1.21101
1.21302
1.21502
1.21701
1.21899
1.22094
1.22288
1.2248
1.2267
1.22858
1.23043
1.23227
1.23407
1.23585
1.2376
1.23932
1.24101
1.24267
1.2443
1.24589
1.24745
1.24896
1.25044
1.25188
1.25328
1.25464
1.25596
1.25723
1.25845
1.25963
1.26076
1.26184
1.26288
1.26386
1.26479
1.26567
1.2665
1.26727
1.26799
1.26866
1.26927
1.26982
1.27032
1.27076
1.27114
1.27147
1.27174
1.27195
1.27211
1.27221
1.27226
1.27225
1.27218
1.27207
1.2719
1.27167
1.2714
1.27107
1.27069
1.27026
1.26978
1.26926
1.26868
1.26806
1.26739
1.26668
1.26592
1.26512
1.26428
1.26339
1.26247
1.2615
1.2605
1.25946
1.25839
1.25728
1.25613
1.25496
1.25375
1.25251
1.25124
1.24995
1.24862
1.24727
1.2459
1.2445
1.24307
1.24163
1.24016
1.23867
1.23717
1.23564
1.23409
1.23252
1.23094
1.22933
1.2277
1.22606
1.2244
1.22272
1.22103
1.21932
1.21759
1.21585
1.21408
1.21231
1.21051
1.2087
1.20687
1.20503
1.20317
1.20129
1.1994
1.19749
1.19557
1.19363
1.19167
1.1897
1.18772
1.18572
1.18371
1.18168
1.17964
1.17759
1.17552
1.17344
1.17136
1.16926
1.16715
1.16504
1.16291
1.16079
1.15865
1.15651
1.15437
1.15223
1.15008
1.14794
1.14579
1.14365
1.14152
1.13939
1.13727
1.13516
1.13306
1.13097
1.1289
1.12684
1.12481
1.12279
1.12079
1.11881
1.11686
1.11493
1.11303
1.11116
1.10932
1.10752
1.10575
1.10402
1.10233
1.10068
1.09907
1.0975
1.09599
1.09451
1.09309
1.09172
1.0904
1.08913
1.08792
1.08677
1.08568
1.08465
1.08369
1.08279
1.08196
1.0812
1.08052
1.07991
1.07938
1.07892
1.07855
1.07826
1.07805
1.07793
1.0779
1.07796
1.07811
1.07836
1.0787
1.07915
1.07969
1.08034
1.0811
1.08196
1.08293
1.08402
1.08521
1.08652
1.08794
1.08948
1.09113
1.0929
1.09478
1.09678
1.09889
1.10112
1.10346
1.10591
1.10847
1.11115
1.11393
1.11682
1.11981
1.12291
1.12609
1.12938
1.13275
1.13621
1.13976
1.14338
1.14707
1.15083
1.15465
1.15853
1.16247
1.16645
1.17048
1.17454
1.17863
1.18275
1.18689
1.19104
1.19519
1.19935
1.20351
1.20765
1.21178
1.21589
1.21998
1.22404
1.22806
1.23205
1.236
1.23989
1.24374
1.24753
1.25126
1.25493
1.25854
1.26207
1.26554
1.26893
1.27224
1.27548
1.27863
1.28171
1.2847
1.28761
1.29043
1.29317
1.29582
1.29837
1.30084
1.30322
1.30552
1.30771
1.30982
1.31184
1.31377
1.31561
1.31736
1.31901
1.32058
1.32205
1.32343
1.32471
1.3259
1.32701
1.32802
1.32893
1.32976
1.33049
1.33113
1.33168
1.33214
1.33251
1.33278
1.33296
1.33305
1.33304
1.33294
1.33275
1.33246
1.33209
1.33161
1.33105
1.33039
1.32963
1.32879
1.32784
1.32681
1.32567
1.32445
1.32313
1.32171
1.32021
1.31861
1.31692
1.31513
1.31325
1.31129
1.30923
1.30709
1.30486
1.30254
1.30014
1.29767
1.29511
1.29248
1.28977
1.28699
1.28414
1.28122
1.27824
1.27521
1.27212
1.26898
1.26581
1.2626
1.25935
1.25609
1.2528
1.24951
1.24621
1.24292
1.23964
1.23637
1.23314
1.22994
1.22678
1.22367
1.22062
1.21764
1.21473
1.21191
1.20918
1.20654
1.20401
1.20159
1.19929
1.19711
1.19505
1.19312
1.19132
1.18966
1.18814
1.18676
1.18551
1.1844
1.18342
1.18257
1.18186
1.18127
1.1808
1.18044
1.1802
1.18006
1.18002
1.18007
1.1802
1.1804
1.18067
1.181
1.18139
1.18181
1.18227
1.18276
1.18326
1.18378
1.1843
1.18483
1.18534
1.18584
1.18632
1.18677
1.1872
1.18759
1.18794
1.18825
1.18851
1.18873
1.18889
1.18901
1.18907
1.18907
1.18902
1.18892
1.18876
1.18855
1.18828
1.18796
1.18759
1.18718
1.18672
1.18622
1.18567
1.18509
1.18448
1.18383
1.18316
1.18246
1.18174
1.18101
1.18027
1.17952
1.17876
1.17801
1.17725
1.17651
1.17578
1.17506
1.17436
1.17369
1.17305
1.17244
1.17187
1.17135
1.17086
1.17042
1.17004
1.16971
1.16944
1.16923
1.16908
1.16899
1.16898
1.16903
1.16916
1.16936
1.16963
1.16998
1.1704
1.1709
1.17148
1.17214
1.17287
1.17369
1.17457
1.17554
1.17658
1.1777
1.17888
1.18014
1.18147
1.18286
1.18432
1.18584
1.18742
1.18906
1.19075
1.19249
1.19428
1.19611
1.19798
1.19989
1.20184
1.20381
1.20582
1.20784
1.20988
1.21194
1.21401
1.21609
1.21818
1.22026
1.22234
1.22441
1.22648
1.22852
1.23055
1.23255
1.23453
1.23648
1.2384
1.24028
1.24213
1.24393
1.24569
1.24741
1.24907
1.25068
1.25224
1.25374
1.25518
1.25656
1.25788
1.25913
1.26032
1.26144
1.2625
1.26348
1.26439
1.26523
1.266
1.2667
1.26733
1.26789
1.26837
1.26878
1.26912
1.26939
1.26959
1.26972
1.26978
1.26977
1.26969
1.26955
1.26935
1.26908
1.26876
1.26837
1.26794
1.26744
1.2669
1.26631
1.26567
1.26498
1.26426
1.26349
1.26268
1.26184
1.26097
1.26007
1.25914
1.25819
1.25721
1.25622
1.25521
1.2542
1.25317
1.25214
1.2511
1.25007
1.24904
1.24801
1.247
1.24599
1.245
1.24403
1.24308
1.24215
1.24124
1.24036
1.23951
1.23869
1.2379
1.23715
1.23644
1.23576
1.23513
1.23454
1.23399
1.23349
1.23304
1.23263
1.23227
1.23195
1.23169
1.23147
1.2313
1.23118
1.23111
1.23108
1.2311
1.23117
1.23128
1.23144
1.23164
1.23188
1.23216
1.23249
1.23285
1.23324
1.23367
1.23413
1.23462
1.23513
1.23567
1.23623
1.2368
1.2374
1.238
1.23862
1.23924
1.23988
1.24052
1.24116
1.2418
1.24243
1.24306
1.24368
1.24428
1.24488
1.24545
1.24601
1.24654
1.24706
1.24754
1.248
1.24843
1.24882
1.24918
1.24951
1.2498
1.25006
1.25027
1.25045
1.25058
1.25066
1.25071
1.2507
1.25066
1.25056
1.25042
1.25023
1.25
1.24972
1.24938
1.249
1.24857
1.2481
1.24757
1.247
1.24639
1.24572
1.24501
1.24426
1.24346
1.24262
1.24173
1.24081
1.23984
1.23884
1.23781
1.23673
1.23563
1.23449
1.23332
1.23213
1.23091
1.22967
1.2284
1.22712
1.22582
1.2245
1.22316
1.22182
1.22047
1.21911
1.21775
1.21639
1.21502
1.21366
1.2123
1.21095
1.2096
1.20827
1.20694
1.20563
1.20433
1.20305
1.20178
1.20054
1.19932
1.19811
1.19693
1.19578
1.19465
1.19355
1.19247
1.19142
1.1904
1.1894
1.18844
1.1875
1.18659
1.1857
1.18485
1.18402
1.18322
1.18244
1.18169
1.18097
1.18026
1.17958
1.17892
1.17829
1.17767
1.17707
1.17648
1.17591
1.17535
1.1748
1.17427
1.17374
1.17321
1.1727
1.17219
1.17168
1.17117
1.17066
1.17014
1.16962
1.1691
1.16857
1.16802
1.16747
1.1669
1.16631
1.16571
1.1651
1.16446
1.1638
1.16312
1.16242
1.1617
1.16096
1.16018
1.15939
1.15857
1.15772
1.15685
1.15594
1.15502
1.15406
1.15309
1.15208
1.15105
1.14999
1.1489
1.1478
1.14666
1.14551
1.14433
1.14313
1.14191
1.14067
1.13941
1.13814
1.13685
1.13556
1.13425
1.13294
1.13162
1.1303
1.12898
1.12767
1.12635
1.12504
1.12375
1.12247
1.1212
1.11995
1.11873
1.11753
1.11636
1.11523
1.11413
1.11307
1.11205
1.11107
1.11014
1.10927
1.10845
1.10769
1.10698
1.10635
1.10577
1.10527
1.10484
1.10448
1.1042
1.10399
1.10387
1.10383
1.10387
1.104
1.10421
1.10452
1.10491
1.10538
1.10595
1.10661
1.10735
1.10819
1.10911
1.11013
1.11123
1.11242
1.1137
1.11507
1.11652
1.11805
1.11966
1.12135
1.12312
1.12497
1.12688
1.12887
1.13093
1.13306
1.13524
1.13749
1.1398
1.14216
1.14457
1.14703
1.14953
1.15207
1.15465
1.15727
1.15991
1.16259
1.16529
1.16802
1.17077
1.17353
1.1763
1.17908
1.18187
1.18466
1.18745
1.19023
1.19301
1.19577
1.19853
1.20127
1.20399
1.20669
1.20936
1.21201
1.21463
1.21722
1.21978
1.2223
1.22478
1.22722
1.22962
1.23197
1.23428
1.23653
1.23874
1.24089
1.24299
1.24504
1.24703
1.24896
1.25083
1.25264
1.25439
1.25607
1.25769
1.25924
1.26073
1.26214
1.26349
1.26476
1.26597
1.2671
1.26816
1.26914
1.27005
1.27089
1.27165
1.27234
1.27295
1.27348
1.27394
1.27432
1.27462
1.27485
1.27499
1.27506
1.27505
1.27496
1.2748
1.27455
1.27423
1.27383
1.27336
1.2728
1.27217
1.27147
1.27069
1.26984
1.26892
1.26792
1.26684
1.2657
1.26449
1.2632
1.26185
1.26044
1.25896
1.25742
1.25581
1.25415
1.25244
1.25067
1.24885
1.24699
1.24507
1.24311
1.24111
1.23907
1.23699
1.23488
1.23274
1.23058
1.22838
1.22617
1.22393
1.22168
1.21942
1.21714
1.21486
1.21257
1.21027
1.20797
1.20568
1.20339
1.20111
1.19885
1.19659
1.19435
1.19214
1.18994
1.18776
1.18561
1.18349
1.18139
1.17932
1.17728
1.17528
1.1733
1.17136
1.16946
1.16759
1.16576
1.16396
1.16221
1.1605
1.15882
1.15718
1.15559
1.15404
1.15252
1.15106
1.14963
1.14825
1.14691
1.14561
1.14436
1.14315
1.14198
1.14086
1.13977
1.13873
1.13773
1.13678
1.13586
1.13499
1.13416
1.13336
1.13261
1.13189
1.13122
1.13058
1.12999
1.12943
1.1289
1.12841
1.12796
1.12754
1.12715
1.12679
1.12647
1.12617
1.1259
1.12566
1.12545
1.12526
1.12509
1.12494
1.12482
1.12471
1.12463
1.12456
1.1245
1.12447
1.12444
1.12443
1.12442
1.12443
1.12444
1.12446
1.12449
1.12452
1.12456
1.1246
1.12464
1.12468
1.12472
1.12476
1.12481
1.12484
1.12488
1.12492
1.12495
1.12498
1.12501
1.12504
1.12506
1.12508
1.12509
1.1251
1.12511
1.12512
1.12512
1.12513
1.12513
1.12513
1.12513
1.12513
1.12513
1.12513
1.12513
1.12513
1.12513
1.12514
1.12515
1.12516
1.12518
1.12521
1.12523
1.12526
1.1253
1.12534
1.12539
1.12544
1.1255
1.12557
1.12564
1.12572
1.1258
1.1259
1.12599
1.1261
1.1262
1.12632
1.12643
1.12656
1.12669
1.12682
1.12696
1.1271
1.12724
1.12739
1.12754
1.12768
1.12783
1.12798
1.12813
1.12827
1.12841
1.12855
1.12869
1.12882
1.12895
1.12907
1.12918
1.12929
1.12939
1.12947
1.12955
1.12962
1.12967
1.12972
1.12975
1.12977
1.12978
1.12978
1.12976
1.12972
1.12968
1.12961
1.12954
1.12945
1.12935
1.12924
1.12911
1.12897
1.12882
1.12865
1.12848
1.12829
1.12809
1.12788
1.12766
1.12743
1.12719
1.12695
1.1267
1.12644
1.12618
1.12592
1.12565
1.12538
1.12511
1.12484
1.12457
1.12431
1.12405
1.12379
1.12354
1.12329
1.12305
1.12283
1.12261
1.12241
1.12222
1.12204
1.12188
1.12174
1.12162
1.12152
1.12143
1.12137
1.12133
1.12132
1.12133
1.12137
1.12143
1.12152
1.12164
1.12179
1.12197
1.12219
1.12244
1.12272
1.12304
1.12339
1.12378
1.12421
1.12468
1.1252
1.12575
1.12635
1.12699
1.12767
1.1284
1.12918
1.13
1.13087
1.13179
1.13276
1.13379
1.13486
1.13599
1.13717
1.1384
1.13969
1.14104
1.14245
1.14391
1.14543
1.14701
1.14865
1.15034
1.1521
1.15391
1.15579
1.15773
1.15973
1.16178
1.1639
1.16608
1.16832
1.17062
1.17298
1.1754
1.17788
1.18042
1.18302
1.18568
1.1884
1.19117
1.19401
1.19689
1.19984
1.20283
1.20589
1.20899
1.21214
1.21534
1.21858
1.22187
1.2252
1.22856
1.23197
1.23541
1.23888
1.24238
1.24591
1.24946
1.25303
1.25662
1.26022
1.26384
1.26747
1.2711
1.27473
1.27836
1.28198
1.2856
1.2892
1.29278
1.29635
1.29989
1.30339
1.30687
1.31032
1.31372
1.31708
1.3204
1.32366
1.32687
1.33002
1.33311
1.33614
1.3391
1.34199
1.3448
1.34754
1.35021
1.35279
1.35529
1.3577
1.36002
1.36226
1.3644
1.36645
1.36841
1.37027
1.37204
1.37371
1.37528
1.37675
1.37813
1.3794
1.38058
1.38165
1.38263
1.38351
1.38429
1.38497
1.38555
1.38603
1.38642
1.38671
1.38691
1.38701
1.38702
1.38694
1.38677
1.3865
1.38615
1.38571
1.38518
1.38457
1.38387
1.38309
1.38223
1.38129
1.38026
1.37916
1.37798
1.37672
1.37539
1.37398
1.3725
1.37094
1.36931
1.36761
1.36584
1.364
1.36208
1.3601
1.35805
1.35594
1.35376
1.35151
1.34921
1.34684
1.34441
1.34192
1.33937
1.33677
1.33411
1.3314
1.32865
1.32584
1.32299
1.32009
1.31715
1.31417
1.31115
1.3081
1.30501
1.30189
1.29874
1.29556
1.29236
1.28914
1.28591
1.28265
1.27939
1.27612
1.27283
1.26955
1.26626
1.26298
1.2597
1.25642
1.25316
1.24991
1.24668
1.24346
1.24026
1.23709
1.23394
1.23082
1.22773
1.22468
1.22165
1.21867
1.21571
1.2128
1.20993
1.2071
1.20431
1.20157
1.19887
1.19622
1.19361
1.19105
1.18855
1.18609
1.18368
1.18132
1.17902
1.17677
1.17457
1.17242
1.17033
1.16829
1.16631
1.16438
1.1625
1.16068
1.15892
1.15721
1.15556
1.15396
1.15243
1.15096
1.14954
1.14819
1.14689
1.14566
1.14449
1.14337
1.14233
1.14134
1.14042
1.13956
1.13877
1.13804
1.13738
1.13678
1.13626
1.1358
1.13541
1.13509
1.13484
1.13467
1.13457
1.13453
1.13457
1.13468
1.13487
1.13512
1.13545
1.13585
1.13633
1.13688
1.1375
1.13819
1.13895
1.13979
1.14069
1.14167
1.14271
1.14382
1.14499
1.14623
1.14752
1.14889
1.1503
1.15178
1.15331
1.1549
1.15653
1.15822
1.15994
1.16171
1.16352
1.16537
1.16726
1.16917
1.17112
1.17309
1.17508
1.17709
1.17912
1.18115
1.1832
1.18525
1.1873
1.18935
1.1914
1.19344
1.19546
1.19747
1.19946
1.20143
1.20337
1.20528
1.20715
1.209
1.2108
1.21256
1.21428
1.21594
1.21756
1.21913
1.22063
1.22208
1.22348
1.22481
1.22607
1.22727
1.2284
1.22946
1.23046
1.23138
1.23223
1.233
1.2337
1.23433
1.23488
1.23536
1.23576
1.23609
1.23634
1.23651
1.23661
1.23664
1.23659
1.23647
1.23628
1.23602
1.23569
1.23529
1.23483
1.2343
1.23371
1.23306
1.23235
1.23158
1.23076
1.22989
1.22897
1.228
1.22699
1.22594
1.22486
1.22374
1.22258
1.2214
1.22019
1.21896
1.21771
1.21645
1.21517
1.21389
1.2126
1.21132
1.21004
1.20876
1.2075
1.20625
1.20502
1.20382
1.20264
1.2015
1.20039
1.19931
1.19828
1.19729
1.19635
1.19546
1.19462
1.19384
1.19312
1.19247
1.19187
1.19135
1.19089
1.1905
1.19018
1.18994
1.18978
1.18969
1.18968
1.18975
1.18989
1.19012
1.19043
1.19081
1.19127
1.19182
1.19244
1.19313
1.19391
1.19476
1.19568
1.19668
1.19774
1.19888
1.20008
1.20134
1.20267
1.20405
1.20549
1.20699
1.20853
1.21013
1.21177
1.21344
1.21516
1.21691
1.21869
1.2205
1.22234
1.22419
1.22605
1.22793
1.22981
1.2317
1.23359
1.23548
1.23737
1.23924
1.24109
1.24293
1.24475
1.24655
1.24831
1.25005
1.25174
1.2534
1.25502
1.25659
1.25811
1.25959
1.26101
1.26238
1.26368
1.26493
1.26611
1.26722
1.26827
1.26924
1.27015
1.27098
1.27173
1.27241
1.27302
1.27355
1.27399
1.27436
1.27465
1.27486
1.27499
1.27504
1.27502
1.27491
1.27473
1.27447
1.27414
1.27372
1.27324
1.27267
1.27204
1.27133
1.27055
1.26971
1.26879
1.26782
1.26678
1.26568
1.26451
1.2633
1.26202
1.2607
1.25932
1.2579
1.25643
1.25491
1.25334
1.25173
1.25008
1.2484
1.24667
1.24491
1.24311
1.24128
1.23942
1.23753
1.23561
1.23366
1.23168
1.22968
1.22765
1.2256
1.22352
1.22143
1.21931
1.21717
1.21502
1.21284
1.21064
1.20843
1.2062
1.20396
1.20169
1.19941
1.19712
1.19481
1.19249
1.19015
1.1878
1.18544
1.18306
1.18068
1.17829
1.17589
1.17348
1.17107
1.16865
1.16623
1.16381
1.16139
1.15897
1.15656
1.15415
1.15175
1.14936
1.14698
1.14461
1.14227
1.13994
1.13763
1.13536
1.13311
1.13089
1.1287
1.12656
1.12445
1.12239
1.12037
1.1184
1.11648
1.11462
1.11282
1.11108
1.1094
1.10779
1.10625
1.10479
1.1034
1.10209
1.10086
1.09972
1.09866
1.09769
1.09682
1.09603
1.09533
1.09474
1.09423
1.09383
1.09352
1.09331
1.0932
1.09319
1.09328
1.09347
1.09375
1.09413
1.09461
1.09518
1.09584
1.0966
1.09745
1.09838
1.0994
1.10051
1.10169
1.10296
1.1043
1.10572
1.10722
1.10878
1.11042
1.11212
1.11388
1.1157
1.11758
1.11952
1.12151
1.12354
1.12563
1.12776
1.12992
1.13213
1.13438
1.13666
1.13898
1.14132
1.1437
1.1461
1.14852
1.15097
1.15344
1.15593
1.15843
1.16096
1.16349
1.16604
1.16861
1.17118
1.17376
1.17635
1.17894
1.18154
1.18414
1.18673
1.18932
1.19191
1.19449
1.19705
1.1996
1.20214
1.20466
1.20715
1.20962
1.21206
1.21447
1.21685
1.21918
1.22147
1.22372
1.2259
1.22804
1.23011
1.23212
1.23406
1.23592
1.23771
1.23942
1.24104
1.24257
1.24401
1.24535
1.24659
1.24773
1.24876
1.24967
1.25047
1.25116
1.25173
1.25217
1.2525
1.2527
1.25277
1.25272
1.25254
1.25223
1.25179
1.25123
1.25053
1.24972
1.24878
1.24772
1.24653
1.24523
1.24381
1.24228
1.24064
1.23889
1.23705
1.2351
1.23306
1.23094
1.22873
1.22645
1.22409
1.22167
1.21918
1.21665
1.21407
1.21146
1.20881
1.20613
1.20345
1.20075
1.19805
1.19537
1.19269
1.19005
1.18743
1.18485
1.18232
1.17985
1.17744
1.1751
1.17284
1.17067
1.16858
1.16659
1.16471
1.16293
1.16127
1.15972
1.1583
1.15699
1.15582
1.15477
1.15386
1.15308
1.15244
1.15193
1.15156
1.15132
1.15121
1.15124
1.1514
1.15169
1.15211
1.15265
1.15331
1.15409
1.15498
1.156
1.15712
1.15834
1.15967
1.16111
1.16264
1.16426
1.16598
1.16778
1.16967
1.17164
1.17369
1.17581
1.178
1.18027
1.1826
1.18499
1.18745
1.18997
1.19255
1.19519
1.19788
1.20063
1.20343
1.20628
1.20919
1.21214
1.21515
1.21819
1.22129
1.22443
1.22761
1.23083
1.23409
1.2374
1.24074
1.24412
1.24754
1.25099
1.25448
1.258
1.26155
1.26513
1.26874
1.27238
1.27604
1.27973
1.28343
1.28716
1.2909
1.29465
1.29842
1.30219
1.30597
1.30976
1.31354
1.31732
1.32109
1.32486
1.32861
1.33234
1.33606
1.33976
1.34343
1.34707
1.35068
1.35425
1.35778
1.36126
1.36469
1.36806
1.37138
1.37464
1.37783
1.38096
1.384
1.38698
1.38986
1.39267
1.39539
1.39801
1.40054
1.40297
1.4053
1.40752
1.40963
1.41163
1.41351
1.41528
1.41693
1.41845
1.41985
1.42112
1.42226
1.42327
1.42414
1.42488
1.42548
1.42594
1.42626
1.42644
1.42648
1.42638
1.42614
1.42575
1.42522
1.42455
1.42373
1.42277
1.42167
1.42043
1.41904
1.41752
1.41586
1.41406
1.41213
1.41007
1.40787
1.40554
1.40308
1.4005
1.3978
1.39497
1.39203
1.38898
1.38582
1.38254
1.37917
1.37569
1.37211
1.36844
1.36467
1.36083
1.35689
1.35289
1.3488
1.34465
1.34043
1.33615
1.33181
1.32743
1.32299
1.31851
1.314
1.30945
1.30488
1.30028
1.29566
1.29103
1.28638
1.28174
1.27709
1.27244
1.26781
1.26319
1.25858
1.254
1.24944
1.24492
1.24043
1.23597
1.23156
1.22719
1.22287
1.21861
1.2144
1.21025
1.20616
1.20213
1.19818
1.19429
1.19047
1.18673
1.18307
1.17948
1.17599
1.17257
1.16924
1.166
1.16285
1.15979
1.15683
1.15396
1.15119
1.14852
1.14594
1.14347
1.1411
1.13883
1.13667
1.13462
1.13268
1.13085
1.12912
1.12751
1.12601
1.12462
1.12335
1.12218
1.12113
1.1202
1.11938
1.11868
1.11809
1.11761
1.11725
1.117
1.11687
1.11685
1.11694
1.11714
1.11744
1.11786
1.11838
1.119
1.11973
1.12055
1.12147
1.12248
1.12358
1.12476
1.12603
1.12738
1.12881
1.13031
1.13187
1.13351
1.1352
1.13694
1.13874
1.14059
1.14248
1.14442
1.14638
1.14838
1.1504
1.15244
1.1545
1.15657
1.15865
1.16073
1.1628
1.16487
1.16694
1.16898
1.17101
1.17302
1.17501
1.17697
1.1789
1.18079
1.18265
1.18447
1.18625
1.18799
1.18969
1.19134
1.19295
1.19451
1.19602
1.19748
1.1989
1.20026
1.20158
1.20284
1.20406
1.20523
1.20636
1.20744
1.20847
1.20947
1.21042
1.21133
1.2122
1.21303
1.21383
1.21459
1.21533
1.21603
1.21671
1.21736
1.21798
1.21859
1.21917
1.21974
1.22029
1.22083
1.22135
1.22187
1.22237
1.22287
1.22336
1.22384
1.22431
1.22478
1.22525
1.22571
1.22616
1.22662
1.22706
1.22751
1.22795
1.22838
1.22881
1.22923
1.22964
1.23005
1.23045
1.23084
1.23122
1.23158
1.23193
1.23227
1.23259
1.23289
1.23317
1.23343
1.23366
1.23386
1.23404
1.23418
1.23429
1.23437
1.23441
1.23442
1.23439
1.23433
1.23422
1.23407
1.23387
1.23363
1.23334
1.233
1.23261
1.23218
1.23169
1.23115
1.23056
1.22992
1.22923
1.22848
1.22769
1.22684
1.22594
1.22499
1.22399
1.22294
1.22184
1.2207
1.21951
1.21827
1.21699
1.21568
1.21432
1.21293
1.2115
1.21004
1.20855
1.20703
1.20549
1.20393
1.20235
1.20076
1.19915
1.19753
1.19591
1.19429
1.19267
1.19106
1.18946
1.18787
1.18631
1.18476
1.18324
1.18175
1.1803
1.17888
1.17751
1.17618
1.1749
1.17368
1.17252
1.17142
1.17038
1.16942
1.16852
1.16771
1.16697
1.16631
1.16574
1.16525
1.16486
1.16455
1.16433
1.16421
1.16418
1.16424
1.1644
1.16466
1.16501
1.16545
1.16599
1.16662
1.16734
1.16814
1.16904
1.17001
1.17107
1.17221
1.17342
1.17471
1.17606
1.17748
1.17896
1.18049
1.18208
1.18371
1.18539
1.18711
1.18886
1.19064
1.19245
1.19427
1.19612
1.19798
1.19985
1.20172
1.20359
1.20546
1.20731
1.20916
1.21099
1.2128
1.21459
1.21635
1.21809
1.21979
1.22146
1.22309
1.22469
1.22624
1.22775
1.22922
1.23064
1.23202
1.23334
1.23463
1.23586
1.23704
1.23818
1.23926
1.24029
1.24128
1.24221
1.2431
1.24394
1.24473
1.24547
1.24616
1.24682
1.24742
1.24798
1.2485
1.24899
1.24943
1.24983
1.25019
1.25052
1.25082
1.25107
1.2513
1.25149
1.25166
1.25179
1.2519
1.25198
1.25203
1.25206
1.25207
1.25205
1.25201
1.25196
1.25188
1.25178
1.25166
1.25152
1.25137
1.25119
1.251
1.25079
1.25057
1.25032
1.25006
1.24979
1.2495
1.24919
1.24887
1.24853
1.24817
1.2478
1.24742
1.24701
1.2466
1.24616
1.24571
1.24524
1.24476
1.24426
1.24375
1.24322
1.24267
1.24211
1.24154
1.24096
1.24036
1.23975
1.23913
1.2385
1.23787
1.23722
1.23658
1.23593
1.23527
1.23462
1.23398
1.23334
1.2327
1.23208
1.23147
1.23088
1.23031
1.22976
1.22923
1.22874
1.22827
1.22785
1.22746
1.22712
1.22682
1.22657
1.22638
1.22624
1.22616
1.22613
1.22618
1.22629
1.22647
1.22672
1.22705
1.22746
1.22795
1.22852
1.22917
1.2299
1.23072
1.23163
1.23262
1.2337
1.23487
1.23611
1.23744
1.23886
1.24035
1.24193
1.24358
1.24532
1.24713
1.24901
1.25096
1.25298
1.25507
1.25721
1.25941
1.26166
1.26397
1.26631
1.2687
1.27113
1.27359
1.27607
1.27858
1.28111
1.28365
1.2862
1.28875
1.29131
1.29386
1.2964
1.29893
1.30144
1.30392
1.30638
1.3088
1.31118
1.31352
1.31581
1.31805
1.32023
1.32235
1.32441
1.3264
1.32831
1.33014
1.3319
1.33357
1.33515
1.33663
1.33803
1.33932
1.34052
1.34161
1.3426
1.34347
1.34424
1.34489
1.34543
1.34585
1.34614
1.34632
1.34638
1.34631
1.34612
1.3458
1.34536
1.34479
1.3441
1.34329
1.34235
1.34128
1.34009
1.33878
1.33735
1.33579
1.33412
1.33232
1.33042
1.3284
1.32626
1.32403
1.32168
1.31923
1.31669
1.31404
1.3113
1.30847
1.30555
1.30255
1.29947
1.29631
1.29308
1.28978
1.28642
1.283
1.27953
1.276
1.27243
1.26882
1.26517
1.26149
1.25778
1.25405
1.2503
1.24655
1.24278
1.23901
1.23524
1.23148
1.22773
1.224
1.22028
1.2166
1.21294
1.20931
1.20573
1.20219
1.19869
1.19525
1.19186
1.18853
1.18527
1.18206
1.17893
1.17587
1.17288
1.16997
1.16714
1.1644
1.16175
1.15918
1.15671
1.15434
1.15206
1.14988
1.14781
1.14584
1.14397
1.14222
1.14057
1.13903
1.1376
1.13629
1.13509
1.134
1.13303
1.13218
1.13144
1.13081
1.13031
1.12992
1.12965
1.12949
1.12945
1.12953
1.12973
1.13004
1.13046
1.131
1.13165
1.13241
1.13327
1.13424
1.13532
1.13649
1.13777
1.13915
1.14062
1.14218
1.14383
1.14557
1.1474
1.1493
1.15128
1.15334
1.15546
1.15766
1.15991
1.16223
1.1646
1.16702
1.16949
1.17201
1.17456
1.17715
1.17977
1.18242
1.18509
1.18778
1.19049
1.19321
1.19594
1.19867
1.2014
1.20412
1.20684
1.20955
1.21225
1.21493
1.21759
1.22023
1.22284
1.22541
1.22796
1.23047
1.23295
1.23539
1.23778
1.24013
1.24244
1.2447
1.24691
1.24907
1.25118
1.25323
1.25523
1.25717
1.25906
1.26089
1.26266
1.26437
1.26602
1.26762
1.26915
1.27062
1.27203
1.27338
1.27466
1.27589
1.27705
1.27816
1.2792
1.28018
1.2811
1.28197
1.28277
1.28351
1.2842
1.28483
1.2854
1.28591
1.28637
1.28678
1.28713
1.28743
1.28768
1.28788
1.28804
1.28814
1.28819
1.2882
1.28816
1.28808
1.28795
1.28779
1.28759
1.28735
1.28707
1.28675
1.2864
1.28602
1.2856
1.28516
1.28468
1.28418
1.28366
1.28311
1.28254
1.28195
1.28134
1.28071
1.28007
1.27941
1.27874
1.27805
1.27736
1.27665
1.27593
1.27521
1.27448
1.27375
1.27301
1.27227
1.27152
1.27077
1.27003
1.26928
1.26853
1.26778
1.26704
1.26629
1.26554
1.26479
1.26404
1.2633
1.26255
1.2618
1.26105
1.2603
1.25955
1.25879
1.25803
1.25725
1.25648
1.25569
1.25489
1.25408
1.25325
1.25242
1.25157
1.2507
1.2498
1.24889
1.24796
1.24699
1.24601
1.24499
1.24394
1.24287
1.24176
1.24061
1.23943
1.23821
1.23695
1.23564
1.2343
1.2329
1.23146
1.22996
1.22842
1.22683
1.22518
1.22349
1.22173
1.21992
1.21805
1.21613
1.21414
1.2121
1.21
1.20784
1.20563
1.20335
1.20101
1.19862
1.19617
1.19367
1.19111
1.1885
1.18584
1.18312
1.18037
1.17756
1.17472
1.17184
1.16892
1.16597
1.16298
1.15998
1.15696
1.15392
1.15087
1.14781
1.14475
1.1417
1.13865
1.13562
1.13261
1.12963
1.12667
1.12376
1.12089
1.11806
1.11528
1.11257
1.10991
1.10732
1.1048
1.10235
1.09998
1.0977
1.0955
1.09338
1.09136
1.08943
1.08759
1.08585
1.08421
1.08266
1.08121
1.07986
1.07861
1.07745
1.07639
1.07543
1.07456
1.07378
1.07309
1.07249
1.07197
1.07154
1.07119
1.07092
1.07073
1.07061
1.07056
1.07059
1.07068
1.07083
1.07105
1.07133
1.07166
1.07205
1.0725
1.07299
1.07353
1.07412
1.07475
1.07542
1.07613
1.07687
1.07766
1.07848
1.07933
1.08021
1.08113
1.08207
1.08304
1.08404
1.08507
1.08611
1.08719
1.08828
1.0894
1.09055
1.09171
1.09289
1.09408
1.0953
1.09653
1.09777
1.09903
1.10031
1.10159
1.10289
1.1042
1.10551
1.10683
1.10816
1.10949
1.11082
1.11216
1.11349
1.11482
1.11615
1.11748
1.11881
1.12012
1.12142
1.12272
1.124
1.12526
1.1265
1.12773
1.12894
1.13012
1.13128
1.13242
1.13353
1.1346
1.13565
1.13667
1.13766
1.13861
1.13953
1.14042
1.14127
1.14208
1.14286
1.1436
1.14431
1.14498
1.14562
1.14622
1.14679
1.14733
1.14784
1.14832
1.14877
1.1492
1.1496
1.14999
1.15035
1.15071
1.15105
1.15139
1.15172
1.15205
1.15238
1.15271
1.15306
1.15342
1.1538
1.1542
1.15463
1.15508
1.15557
1.1561
1.15667
1.15728
1.15794
1.15865
1.15941
1.16022
1.16109
1.16201
1.163
1.16404
1.16514
1.1663
1.16753
1.16881
1.17016
1.17156
1.17301
1.17452
1.17609
1.1777
1.17936
1.18106
1.18281
1.18459
1.1864
1.18825
1.19012
1.19202
1.19394
1.19587
1.19781
1.19976
1.20172
1.20368
1.20564
1.20759
1.20953
1.21146
1.21338
1.21528
1.21716
1.21902
1.22085
1.22266
1.22444
1.22619
1.22791
1.22961
1.23127
1.23289
1.23449
1.23606
1.23759
1.2391
1.24057
1.24201
1.24342
1.2448
1.24616
1.24749
1.24879
1.25006
1.25131
1.25254
1.25375
1.25493
1.25609
1.25724
1.25836
1.25948
1.26057
1.26166
1.26273
1.2638
1.26485
1.26589
1.26692
1.26794
1.26896
1.26997
1.27098
1.27198
1.27297
1.27396
1.27495
1.27593
1.27691
1.27789
1.27886
1.27983
1.2808
1.28177
1.28273
1.28369
1.28465
1.28561
1.28656
1.28751
1.28845
1.28939
1.29032
1.29125
1.29218
1.2931
1.29401
1.29491
1.29581
1.2967
1.29757
1.29844
1.29929
1.30014
1.30097
1.30178
1.30258
1.30337
1.30414
1.3049
1.30563
1.30635
1.30705
1.30773
1.30839
1.30903
1.30964
1.31023
1.3108
1.31134
1.31185
1.31233
1.31279
1.31321
1.31361
1.31397
1.31429
1.31458
1.31483
1.31504
1.31522
1.31535
1.31544
1.31549
1.31549
1.31545
1.31537
1.31523
1.31505
1.31481
1.31453
1.31419
1.3138
1.31335
1.31284
1.31228
1.31166
1.31098
1.31024
1.30944
1.30857
1.30764
1.30664
1.30558
1.30445
1.30326
1.302
1.30068
1.29929
1.29783
1.29631
1.29472
1.29306
1.29133
1.28954
1.28768
1.28575
1.28376
1.28171
1.27959
1.27741
1.27517
1.27287
1.27052
1.2681
1.26563
1.26311
1.26054
1.25792
1.25526
1.25256
1.24982
1.24705
1.24424
1.2414
1.23854
1.23566
1.23276
1.22984
1.22691
1.22397
1.22104
1.2181
1.21517
1.21225
1.20934
1.20645
1.20358
1.20074
1.19793
1.19516
1.19243
1.18974
1.18709
1.1845
1.18195
1.17946
1.17703
1.17466
1.17236
1.17013
1.16796
1.16587
1.16385
1.16191
1.16005
1.15826
1.15656
1.15494
1.15341
1.15195
1.15058
1.14929
1.14809
1.14697
1.14593
1.14498
1.1441
1.1433
1.14258
1.14194
1.14137
1.14088
1.14046
1.14011
1.13982
1.13961
1.13946
1.13937
1.13934
1.13937
1.13946
1.1396
1.1398
1.14004
1.14034
1.14068
1.14106
1.14149
1.14195
1.14246
1.143
1.14358
1.14418
1.14482
1.14549
1.14618
1.1469
1.14765
1.14841
1.1492
1.15001
1.15084
1.15168
1.15255
1.15342
1.15432
1.15522
1.15613
1.15706
1.158
1.15894
1.15989
1.16085
1.16181
1.16277
1.16374
1.16471
1.16568
1.16665
1.16762
1.16858
1.16955
1.1705
1.17146
1.1724
1.17335
1.17428
1.17521
1.17612
1.17702
1.17791
1.17878
1.17964
1.18049
1.18132
1.18213
1.18291
1.18368
1.18443
1.18515
1.18585
1.18652
1.18717
1.18779
1.18838
1.18894
1.18947
1.18997
1.19044
1.19087
1.19127
1.19163
1.19196
1.19225
1.1925
1.19271
1.19288
1.19302
1.19311
1.19316
1.19317
1.19314
1.19306
1.19294
1.19278
1.19258
1.19233
1.19203
1.1917
1.19132
1.19091
1.19045
1.18995
1.1894
1.18882
1.1882
1.18753
1.18683
1.18608
1.1853
1.18449
1.18364
1.18275
1.18184
1.18089
1.17991
1.17891
1.17788
1.17683
1.17576
1.17467
1.17355
1.17242
1.17128
1.17013
1.16896
1.16779
1.16662
1.16544
1.16426
1.16308
1.16191
1.16074
1.15958
1.15843
1.1573
1.15617
1.15507
1.15399
1.15292
1.15188
1.15087
1.14988
1.14893
1.14801
1.14712
1.14627
1.14546
1.14469
1.14396
1.14327
1.14264
1.14205
1.14151
1.14101
1.14057
1.14019
1.13986
1.13958
1.13935
1.13919
1.13907
1.13902
1.13902
1.13907
1.13919
1.13935
1.13958
1.13986
1.14019
1.14058
1.14102
1.14151
1.14205
1.14265
1.14329
1.14398
1.14472
1.1455
1.14633
1.1472
1.14811
1.14906
1.15005
1.15107
1.15212
1.1532
1.15431
1.15545
1.15662
1.1578
1.15901
1.16023
1.16147
1.16273
1.16399
1.16527
1.16656
1.16785
1.16915
1.17044
1.17174
1.17304
1.17433
1.17562
1.17689
1.17816
1.17942
1.18066
1.1819
1.18311
1.18431
1.1855
1.18666
1.18781
1.18894
1.19004
1.19113
1.19219
1.19323
1.19425
1.19524
1.19621
1.19716
1.19808
1.19898
1.19986
1.20072
1.20155
1.20237
1.20316
1.20393
1.20468
1.20541
1.20613
1.20683
1.20751
1.20817
1.20882
1.20946
1.21008
1.21069
1.21129
1.21188
1.21246
1.21303
1.21359
1.21415
1.2147
1.21525
1.21579
1.21632
1.21685
1.21738
1.2179
1.21841
1.21892
1.21943
1.21993
1.22043
1.22092
1.22141
1.22188
1.22236
1.22282
1.22328
1.22372
1.22416
1.22458
1.22499
1.22539
1.22577
1.22613
1.22647
1.2268
1.2271
1.22738
1.22763
1.22786
1.22806
1.22822
1.22836
1.22846
1.22852
1.22855
1.22853
1.22848
1.22839
1.22825
1.22807
1.22784
1.22757
1.22725
1.22689
1.22647
1.22601
1.2255
1.22494
1.22433
1.22367
1.22296
1.2222
1.22139
1.22054
1.21963
1.21869
1.2177
1.21666
1.21558
1.21447
1.21331
1.21211
1.21088
1.20961
1.20831
1.20698
1.20561
1.20423
1.20281
1.20138
1.19993
1.19846
1.19699
1.1955
1.19401
1.1925
1.191
1.18949
1.18798
1.18648
1.18498
1.18349
1.18202
1.18056
1.17911
1.17769
1.17628
1.1749
1.17354
1.17221
1.17091
1.16964
1.16841
1.16721
1.16605
1.16493
1.16385
1.1628
1.1618
1.16084
1.15993
1.15906
1.15823
1.15745
1.15672
1.15603
1.15539
1.15479
1.15424
1.15374
1.15329
1.15288
1.15252
1.1522
1.15193
1.1517
1.15152
1.15139
1.1513
1.15126
1.15126
1.15131
1.1514
1.15154
1.15172
1.15194
1.15221
1.15253
1.15289
1.15329
1.15373
1.15423
1.15476
1.15534
1.15597
1.15664
1.15736
1.15813
1.15894
1.15979
1.1607
1.16165
1.16265
1.16369
1.16479
1.16593
1.16712
1.16836
1.16965
1.17098
1.17237
1.1738
1.17528
1.17681
1.17838
1.17999
1.18165
1.18334
1.18508
1.18686
1.18868
1.19053
1.19242
1.19435
1.1963
1.19829
1.2003
1.20233
1.20439
1.20646
1.20855
1.21064
1.21275
1.21485
1.21696
1.21907
1.22117
1.22326
1.22533
1.22739
1.22943
1.23144
1.23342
1.23538
1.23729
1.23917
1.241
1.24279
1.24453
1.24622
1.24786
1.24944
1.25096
1.25241
1.2538
1.25513
1.25638
1.25756
1.25868
1.25971
1.26068
1.26157
1.26238
1.26312
1.26378
1.26437
1.26488
1.26532
1.26569
1.26598
1.2662
1.26636
1.26644
1.26646
1.26641
1.2663
1.26613
1.2659
1.26562
1.26529
1.2649
1.26447
1.26399
1.26347
1.26291
1.26232
1.26169
1.26104
1.26035
1.25965
1.25892
1.25817
1.25741
1.25663
1.25584
1.25505
1.25424
1.25343
1.25262
1.25181
1.251
1.2502
1.24939
1.2486
1.24781
1.24703
1.24626
1.2455
1.24475
1.24402
1.24329
1.24259
1.24189
1.24121
1.24055
1.23989
1.23926
1.23864
1.23803
1.23744
1.23687
1.2363
1.23576
1.23523
1.23471
1.23421
1.23373
1.23326
1.23281
1.23237
1.23194
1.23153
1.23113
1.23075
1.23038
1.23003
1.22969
1.22936
1.22905
1.22876
1.22847
1.22821
1.22796
1.22772
1.2275
1.22729
1.2271
1.22692
1.22676
1.22662
1.22649
1.22638
1.22628
1.2262
1.22614
1.2261
1.22607
1.22605
1.22606
1.22607
1.22611
1.22616
1.22623
1.22631
1.22641
1.22653
1.22667
1.22682
1.22699
1.22718
1.22739
1.22761
1.22785
1.2281
1.22838
1.22867
1.22897
1.2293
1.22964
1.23
1.23038
1.23078
1.23119
1.23162
1.23207
1.23254
1.23302
1.23352
1.23404
1.23458
1.23513
1.2357
1.23629
1.23689
1.23751
1.23815
1.2388
1.23947
1.24015
1.24085
1.24156
1.24228
1.24302
1.24376
1.24452
1.24529
1.24607
1.24686
1.24766
1.24846
1.24926
1.25007
1.25088
1.25168
1.25249
1.25329
1.25409
1.25487
1.25565
1.25642
1.25717
1.25791
1.25863
1.25933
1.26001
1.26067
1.2613
1.2619
1.26248
1.26302
1.26353
1.264
1.26443
1.26482
1.26517
1.26547
1.26573
1.26594
1.2661
1.2662
1.26626
1.26627
1.26622
1.26611
1.26596
1.26574
1.26547
1.26515
1.26477
1.26433
1.26384
1.26329
1.26268
1.26202
1.26131
1.26053
1.25971
1.25883
1.25789
1.2569
1.25587
1.25478
1.25365
1.25246
1.25124
1.24997
1.24865
1.24729
1.24589
1.24445
1.24297
1.24146
1.23991
1.23832
1.2367
1.23505
1.23337
1.23167
1.22994
1.22818
1.22641
1.22461
1.2228
1.22097
1.21914
1.21729
1.21543
1.21358
1.21171
1.20985
1.208
1.20614
1.2043
1.20247
1.20065
1.19884
1.19706
1.19529
1.19356
1.19184
1.19016
1.18851
1.1869
1.18533
1.18379
1.1823
1.18085
1.17945
1.1781
1.1768
1.17556
1.17437
1.17323
1.17216
1.17114
1.17018
1.16928
1.16845
1.16768
1.16697
1.16632
1.16574
1.16523
1.16478
1.1644
1.16408
1.16383
1.16364
1.16352
1.16346
1.16346
1.16354
1.16367
1.16387
1.16413
1.16445
1.16483
1.16527
1.16577
1.16633
1.16695
1.16762
1.16834
1.16912
1.16995
1.17083
1.17176
1.17273
1.17376
1.17483
1.17594
1.17709
1.17829
1.17952
1.18079
1.1821
1.18344
1.18482
1.18623
1.18766
1.18912
1.19061
1.19212
1.19365
1.1952
1.19676
1.19834
1.19994
1.20154
1.20315
1.20477
1.20639
1.20801
1.20962
1.21124
1.21284
1.21444
1.21602
1.21759
1.21915
1.22068
1.2222
1.22369
1.22515
1.22659
1.22799
1.22936
1.23069
1.23198
1.23323
1.23444
1.2356
1.23672
1.23778
1.23879
1.23975
1.24066
1.2415
1.24229
1.24301
1.24368
1.24427
1.24481
1.24527
1.24567
1.24601
1.24627
1.24647
1.24659
1.24665
1.24663
1.24655
1.24639
1.24617
1.24587
1.24551
1.24507
1.24457
1.24401
1.24337
1.24268
1.24192
1.2411
1.24023
1.23929
1.2383
1.23727
1.23618
1.23505
1.23387
1.23266
1.23141
1.23012
1.22881
1.22747
1.22611
1.22474
1.22336
1.22196
1.22056
1.21916
1.21777
1.21639
1.21503
1.21369
1.21237
1.21109
1.20984
1.20863
1.20747
1.20636
1.20531
1.20432
1.20339
1.20253
1.20175
1.20104
1.20042
1.19988
1.19943
1.19907
1.19881
1.19865
1.1986
1.19865
1.1988
1.19907
1.19945
1.19994
1.20055
1.20127
1.2021
1.20305
1.20412
1.2053
1.2066
1.20801
1.20953
1.21116
1.2129
1.21474
1.21669
1.21875
1.2209
1.22315
1.22549
1.22792
1.23044
1.23304
1.23572
1.23848
1.24131
1.24421
1.24717
1.25018
1.25325
1.25637
1.25953
1.26273
1.26596
1.26922
1.27251
1.27581
1.27913
1.28246
1.2858
1.28913
1.29246
1.29578
1.29908
1.30237
1.30563
1.30887
1.31208
1.31526
1.31839
1.32149
1.32454
1.32754
1.33048
1.33337
1.3362
1.33897
1.34167
1.34431
1.34688
1.34938
1.3518
1.35414
1.3564
1.35859
1.36069
1.36271
1.36464
1.36648
1.36824
1.36992
1.3715
1.37299
1.3744
1.37571
1.37694
1.37807
1.37911
1.38007
1.38093
1.38171
1.38239
1.38299
1.3835
1.38392
1.38426
1.3845
1.38467
1.38475
1.38474
1.38466
1.3845
1.38425
1.38393
1.38354
1.38307
1.38253
1.38192
1.38124
1.38049
1.37967
1.37878
1.37783
1.37681
1.37573
1.37459
1.37339
1.37213
1.37081
1.36943
1.368
1.36652
1.36498
1.36338
1.36174
1.36004
1.3583
1.3565
1.35464
1.35274
1.35078
1.34878
1.34672
1.34461
1.34244
1.34022
1.33795
1.33562
1.33324
1.3308
1.3283
1.32574
1.32312
1.32044
1.3177
1.31491
1.31205
1.30912
1.30614
1.30309
1.29998
1.2968
1.29356
1.29026
1.28689
1.28346
1.27996
1.2764
1.27278
1.2691
1.26537
1.26157
1.25772
1.25382
1.24986
1.24586
1.24181
1.23772
1.23358
1.22941
1.2252
1.22096
1.21669
1.2124
1.20808
1.20375
1.1994
1.19504
1.19068
1.18631
1.18194
1.17758
1.17323
1.16888
1.16456
1.16026
1.15598
1.15173
1.14752
1.14334
1.1392
1.13511
1.13107
1.12709
1.12316
1.11929
1.11548
1.11174
1.10808
1.10448
1.10097
1.09753
1.09418
1.09091
1.08774
1.08465
1.08165
1.07876
1.07596
1.07325
1.07065
1.06816
1.06577
1.06348
1.0613
1.05923
1.05726
1.05541
1.05367
1.05204
1.05052
1.04911
1.04781
1.04662
1.04553
1.04456
1.0437
1.04295
1.0423
1.04175
1.04131
1.04097
1.04073
1.04059
1.04055
1.04059
1.04073
1.04096
1.04128
1.04168
1.04216
1.04273
1.04337
1.04408
1.04487
1.04573
1.04666
1.04765
1.0487
1.0498
1.05097
1.05218
1.05344
1.05475
1.0561
1.0575
1.05893
1.0604
1.0619
1.06343
1.065
1.06659
1.0682
1.06984
1.07149
1.07317
1.07486
1.07656
1.07828
1.08001
1.08175
1.08349
1.08524
1.087
1.08876
1.09052
1.09228
1.09404
1.0958
1.09756
1.09932
1.10108
1.10283
1.10458
1.10632
1.10805
1.10978
1.1115
1.1132
1.1149
1.11659
1.11827
1.11994
1.1216
1.12325
1.12488
1.12651
1.12811
1.12971
1.13129
1.13286
1.13441
1.13595
1.13747
1.13898
1.14047
1.14195
1.14341
1.14486
1.14629
1.1477
1.1491
1.15047
1.15184
1.15318
1.15451
1.15582
1.15711
1.15839
1.15964
1.16088
1.16211
1.16332
1.16451
1.16568
1.16684
1.16798
1.16911
1.17022
1.17132
1.1724
1.17347
1.17453
1.17558
1.17662
1.17764
1.17866
1.17967
1.18066
1.18165
1.18264
1.18362
1.18459
1.18556
1.18653
1.1875
1.18846
1.18942
1.19039
1.19136
1.19233
1.1933
1.19429
1.19528
1.19627
1.19728
1.1983
1.19933
1.20037
1.20142
1.20249
1.20358
1.20468
1.2058
1.20694
1.2081
1.20927
1.21047
1.21169
1.21292
1.21418
1.21546
1.21676
1.21808
1.21942
1.22077
1.22214
1.22354
1.22494
1.22637
1.2278
1.22925
1.23072
1.23219
1.23367
1.23516
1.23665
1.23816
1.23966
1.24116
1.24266
1.24416
1.24566
1.24715
1.24864
1.25012
1.25158
1.25304
1.25447
1.25589
1.25729
1.25867
1.26002
1.26134
1.26264
1.26391
1.26514
1.26634
1.26751
1.26863
1.26972
1.27077
1.27177
1.27273
1.27365
1.27451
1.27533
1.2761
1.27682
1.27749
1.2781
1.27867
1.27917
1.27963
1.28003
1.28037
1.28066
1.28089
1.28107
1.2812
1.28126
1.28127
1.28122
1.28112
1.28096
1.28075
1.28048
1.28016
1.27978
1.27936
1.27888
1.27835
1.27777
1.27714
1.27647
1.27575
1.27499
1.27419
1.27334
1.27245
1.27153
1.27057
1.26957
1.26855
1.26749
1.2664
1.26529
1.26416
1.263
1.26182
1.26062
1.25941
1.25819
1.25695
1.25571
1.25446
1.2532
1.25194
1.25068
1.24942
1.24817
1.24692
1.24568
1.24444
1.24322
1.24202
1.24083
1.23965
1.2385
1.23737
1.23626
1.23517
1.23411
1.23308
1.23208
1.2311
1.23016
1.22925
1.22837
1.22753
1.22672
1.22594
1.22521
1.22451
1.22385
1.22322
1.22264
1.22209
1.22158
1.22111
1.22068
1.22029
1.21994
1.21962
1.21935
1.21911
1.2189
1.21874
1.21861
1.21851
1.21845
1.21842
1.21842
1.21846
1.21852
1.21861
1.21873
1.21887
1.21903
1.21922
1.21943
1.21965
1.2199
1.22015
1.22043
1.22071
1.22101
1.22132
1.22163
1.22195
1.22227
1.2226
1.22292
1.22325
1.22357
1.22389
1.2242
1.2245
1.22479
1.22508
1.22535
1.2256
1.22584
1.22607
1.22628
1.22647
1.22665
1.2268
1.22694
1.22704
1.22713
1.22719
1.22722
1.22723
1.22721
1.22716
1.22709
1.22698
1.22685
1.22668
1.22649
1.22626
1.22601
1.22572
1.22541
1.22506
1.22469
1.22429
1.22386
1.2234
1.22292
1.22241
1.22187
1.22131
1.22072
1.22012
1.21949
1.21884
1.21817
1.21748
1.21678
1.21607
1.21534
1.2146
1.21385
1.21309
1.21232
1.21155
1.21078
1.21
1.20922
1.20845
1.20767
1.2069
1.20614
1.20538
1.20463
1.20388
1.20315
1.20243
1.20173
1.20104
1.20037
1.19972
1.19909
1.19848
1.19789
1.19732
1.19677
1.19625
1.19576
1.19529
1.19485
1.19443
1.19404
1.19368
1.19335
1.19305
1.19278
1.19255
1.19234
1.19216
1.19201
1.19189
1.1918
1.19174
1.19171
1.1917
1.19173
1.19178
1.19187
1.19198
1.19211
1.19227
1.19246
1.19267
1.19291
1.19317
1.19346
1.19376
1.19409
1.19445
1.19482
1.19521
1.19562
1.19605
1.1965
1.19697
1.19744
1.19793
1.19844
1.19895
1.19948
1.20001
1.20055
1.2011
1.20164
1.20219
1.20274
1.20328
1.20382
1.20436
1.20489
1.20541
1.20592
1.20641
1.2069
1.20737
1.20782
1.20825
1.20866
1.20905
1.20942
1.20977
1.21009
1.21038
1.21064
1.21088
1.21109
1.21126
1.21141
1.21152
1.21161
1.21166
1.21168
1.21167
1.21163
1.21156
1.21146
1.21134
1.21118
1.211
1.2108
1.21057
1.21032
1.21006
1.20978
1.20948
1.20917
1.20885
1.20852
1.20819
1.20785
1.20752
1.20718
1.20686
1.20654
1.20624
1.20595
1.20568
1.20544
1.20521
1.20502
1.20485
1.20472
1.20462
1.20456
1.20455
1.20458
1.20466
1.20479
1.20497
1.2052
1.2055
1.20585
1.20626
1.20673
1.20727
1.20787
1.20854
1.20927
1.21006
1.21092
1.21184
1.21283
1.21388
1.21499
1.21617
1.21741
1.21871
1.22007
1.22148
1.22295
1.22447
1.22604
1.22765
1.22931
1.23101
1.23274
1.23451
1.2363
1.23812
1.23997
1.24182
1.2437
1.24558
1.24746
1.24935
1.25123
1.25311
1.25497
1.25681
1.25864
1.26043
1.2622
1.26392
1.26561
1.26726
1.26886
1.2704
1.27189
1.27332
1.27469
1.276
1.27723
1.2784
1.27948
1.28049
1.28142
1.28226
1.28302
1.2837
1.28428
1.28477
1.28518
1.28549
1.28571
1.28583
1.28587
1.28581
1.28566
1.28542
1.28509
1.28466
1.28415
1.28355
1.28286
1.28209
1.28125
1.28032
1.27932
1.27825
1.27711
1.27591
1.27464
1.27332
1.27195
1.27053
1.26906
1.26755
1.266
1.26443
1.26282
1.26119
1.25955
1.25789
1.25622
1.25454
1.25286
1.25119
1.24952
1.24787
1.24623
1.24461
1.24302
1.24146
1.23993
1.23843
1.23698
1.23558
1.23421
1.2329
1.23164
1.23043
1.22928
1.22819
1.22717
1.2262
1.22531
1.22448
1.22372
1.22302
1.2224
1.22186
1.22138
1.22098
1.22065
1.2204
1.22022
1.22012
1.22009
1.22013
1.22024
1.22043
1.22068
1.221
1.22139
1.22184
1.22236
1.22293
1.22357
1.22426
1.22501
1.22581
1.22666
1.22756
1.2285
1.22948
1.2305
1.23155
1.23263
1.23375
1.23489
1.23605
1.23723
1.23843
1.23963
1.24085
1.24207
1.24329
1.24452
1.24573
1.24695
1.24815
1.24934
1.25051
1.25166
1.25278
1.25389
1.25496
1.256
1.25701
1.25798
1.25891
1.25979
1.26062
1.26141
1.26214
1.26283
1.26345
1.26402
1.26453
1.26497
1.26535
1.26567
1.26591
1.26608
1.26618
1.26621
1.26615
1.26602
1.26581
1.26552
1.26515
1.26469
1.26416
1.26354
1.26284
1.26205
1.26117
1.2602
1.25915
1.25801
1.25678
1.25546
1.25406
1.25256
1.25098
1.24931
1.24755
1.2457
1.24377
1.24175
1.23964
1.23745
1.23517
1.23282
1.23038
1.22786
1.22526
1.22259
1.21984
1.21701
1.21412
1.21115
1.20813
1.20503
1.20188
1.19866
1.19539
1.19207
1.18869
1.18527
1.1818
1.1783
1.17475
1.17117
1.16755
1.16391
1.16024
1.15655
1.15284
1.14911
1.14538
1.14163
1.13789
1.13414
1.1304
1.12666
1.12294
1.11923
1.11553
1.11187
1.10823
1.10462
1.10104
1.09751
1.09402
1.09057
1.08718
1.08384
1.08055
1.07733
1.07417
1.07107
1.06805
1.0651
1.06222
1.05942
1.05671
1.05408
1.05153
1.04908
1.04671
1.04444
1.04226
1.04017
1.03819
1.0363
1.03452
1.03284
1.03126
1.02978
1.0284
1.02713
1.02596
1.02489
1.02393
1.02307
1.02232
1.02167
1.02112
1.02068
1.02034
1.0201
1.01996
1.01992
1.01998
1.02013
1.02038
1.02073
1.02117
1.0217
1.02232
1.02303
1.02384
1.02472
1.02569
1.02675
1.02788
1.02909
1.03038
1.03174
1.03318
1.03468
1.03626
1.03791
1.03962
1.04139
1.04323
1.04513
1.04709
1.0491
1.05117
1.05329
1.05546
1.05768
1.05994
1.06226
1.06461
1.06701
