-7.22183
-7.22034
-7.21969
-7.2186
-7.21738
-7.21668
-7.21586
-7.21557
-7.21386
-7.21203
-7.21008
-7.20802
-7.20649
-7.2055
-7.20406
-7.20252
-7.20056
-7.19816
-7.19599
-7.19339
-7.19069
-7.18726
-7.18438
-7.18173
-7.17867
-7.17521
-7.17135
-7.16805
-7.16436
-7.15996
-7.15646
-7.1529
-7.1496
-7.14495
-7.14123
-7.13713
-7.13298
-7.12912
-7.12522
-7.12096
-7.11699
-7.11203
-7.10769
-7.10365
-7.09959
-7.0952
-7.09112
-7.08671
-7.08261
-7.07916
-7.07474
-7.07033
-7.06591
-7.06183
-7.05776
-7.05434
-7.0503
-7.04626
-7.04257
-7.0389
-7.03461
-7.03098
-7.02706
-7.02284
-7.0193
-7.01578
-7.01165
-7.00787
-7.00412
-7.00008
-6.99608
-6.99308
-6.98915
-6.98525
-6.98172
-6.97758
-6.97347
-6.97038
-6.96701
-6.96335
-6.95941
-6.95551
-6.9523
-6.94946
-6.94634
-6.94294
-6.9399
-6.93723
-6.93396
-6.93106
-6.92853
-6.92571
-6.92294
-6.91989
-6.91721
-6.91523
-6.91231
-6.90944
-6.90759
-6.90546
-6.90337
-6.90132
-6.89835
-6.89606
-6.89382
-6.89227
-6.89011
-6.88766
-6.88558
-6.88354
-6.8812
-6.87826
-6.87633
-6.87508
-6.87289
-6.87074
-6.86862
-6.86718
-6.86512
-6.8634
-6.86107
-6.85942
-6.85778
-6.85682
-6.85523
-6.85398
-6.85243
-6.85155
-6.85003
-6.84821
-6.84672
-6.84492
-6.84377
-6.84199
-6.83957
-6.83845
-6.83669
-6.8359
-6.83448
-6.83305
-6.83163
-6.82988
-6.82813
-6.82671
-6.82529
-6.82451
-6.82308
-6.82198
-6.82022
-6.81879
-6.81768
-6.81591
-6.81448
-6.81336
-6.8116
-6.81048
-6.80904
-6.80663
-6.8052
-6.80377
-6.80235
-6.80093
-6.79985
-6.79846
-6.79708
-6.79636
-6.79501
-6.794
-6.79301
-6.79107
-6.79014
-6.7889
-6.78738
-6.78621
-6.7841
-6.78268
-6.78195
-6.78192
-6.78063
-6.78004
-6.77918
-6.7787
-6.77794
-6.77725
-6.77565
-6.7754
-6.77393
-6.77349
-6.7741
-6.77348
-6.77325
-6.77343
-6.77335
-6.77303
-6.7731
-6.77325
-6.77347
-6.77345
-6.77415
-6.77493
-6.77481
-6.7751
-6.77578
-6.77654
-6.77704
-6.77795
-6.77827
-6.77932
-6.78042
-6.78128
-6.78251
-6.78381
-6.78485
-6.78626
-6.78805
-6.78957
-6.79114
-6.79276
-6.79377
-6.79482
-6.79592
-6.79802
-6.80015
-6.80264
-6.80386
-6.80607
-6.80799
-6.81024
-6.8109
-6.81254
-6.81516
-6.81682
-6.81913
-6.82113
-6.8228
-6.82576
-6.82774
-6.82972
-6.83104
-6.83268
-6.83462
-6.83687
-6.83975
-6.84164
-6.84449
-6.84698
-6.84783
-6.84931
-6.8514
-6.85281
-6.85484
-6.85651
-6.85814
-6.85974
-6.86065
-6.86249
-6.86397
-6.86573
-6.8668
-6.86815
-6.86913
-6.87039
-6.87161
-6.87343
-6.87455
-6.87595
-6.87698
-6.87796
-6.87921
-6.88009
-6.88125
-6.88171
-6.88244
-6.88377
-6.88408
-6.88467
-6.88391
-6.88472
-6.88516
-6.88523
-6.88591
-6.88621
-6.88647
-6.88604
-6.88588
-6.88699
-6.88676
-6.88746
-6.88747
-6.88712
-6.88706
-6.88697
-6.88781
-6.88733
-6.88715
-6.88661
-6.88702
-6.88708
-6.88647
-6.88552
-6.8852
-6.8855
-6.88515
-6.88478
-6.8844
-6.88434
-6.8846
-6.8842
-6.88348
-6.88244
-6.88205
-6.88199
-6.88096
-6.88059
-6.88023
-6.87989
-6.88086
-6.88087
-6.87993
-6.88063
-6.88007
-6.87985
-6.87933
-6.87851
-6.87838
-6.87763
-6.87755
-6.87686
-6.87685
-6.87688
-6.87759
-6.87802
-6.87783
-6.87768
-6.8779
-6.8775
-6.87779
-6.87909
-6.88076
-6.88117
-6.88161
-6.88242
-6.88294
-6.88285
-6.88312
-6.88343
-6.88441
-6.88511
-6.88584
-6.88692
-6.88739
-6.88918
-6.891
-6.89156
-6.89246
-6.89339
-6.89467
-6.89597
-6.89697
-6.89799
-6.8987
-6.89943
-6.90018
-6.90094
-6.90139
-6.9025
-6.90331
-6.90444
-6.90494
-6.90609
-6.90758
-6.9081
-6.9096
-6.91077
-6.91228
-6.91346
-6.91432
-6.91583
-6.91734
-6.91788
-6.91874
-6.92024
-6.9211
-6.92227
-6.92377
-6.92525
-6.92609
-6.92757
-6.9284
-6.92922
-6.93068
-6.93181
-6.93358
-6.93469
-6.93644
-6.93754
-6.93863
-6.93971
-6.94046
-6.94152
-6.9429
-6.94362
-6.94465
-6.94534
-6.947
-6.94799
-6.94898
-6.95027
-6.9509
-6.95152
-6.95245
-6.95369
-6.95458
-6.95482
-6.95504
-6.95557
-6.9564
-6.9569
-6.9577
-6.95881
-6.95958
-6.96066
-6.96139
-6.96242
-6.96344
-6.96314
-6.96412
-6.96508
-6.96569
-6.96628
-6.96685
-6.96739
-6.96792
-6.96809
-6.96792
-6.96837
-6.96848
-6.9692
-6.96991
-6.97059
-6.97059
-6.97089
-6.97084
-6.97076
-6.97131
-6.97118
-6.97135
-6.97213
-6.9729
-6.97266
-6.97272
-6.97243
-6.97179
-6.97177
-6.9714
-6.97132
-6.97122
-6.97175
-6.97127
-6.97045
-6.97024
-6.97034
-6.96977
-6.96982
-6.96919
-6.96984
-6.96886
-6.96817
-6.96778
-6.96673
-6.9663
-6.96489
-6.9641
-6.96362
-6.96377
-6.96326
-6.9624
-6.96218
-6.96162
-6.96104
-6.96012
-6.95887
-6.95826
-6.95763
-6.95732
-6.95634
-6.95569
-6.95502
-6.95402
-6.95367
-6.95266
-6.95229
-6.95193
-6.9509
-6.9502
-6.94918
-6.94815
-6.94809
-6.94706
-6.94701
-6.94598
-6.94561
-6.94459
-6.94421
-6.9432
-6.94187
-6.94151
-6.94084
-6.93984
-6.93918
-6.93853
-6.93788
-6.93724
-6.93629
-6.93535
-6.93409
-6.93382
-6.93453
-6.93364
-6.93309
-6.93255
-6.93202
-6.93151
-6.93101
-6.93053
-6.93006
-6.92994
-6.93015
-6.92974
-6.92935
-6.92832
-6.92797
-6.92828
-6.92764
-6.92735
-6.92708
-6.92748
-6.92693
-6.92608
-6.92589
-6.92509
-6.9243
-6.92452
-6.92476
-6.92502
-6.92595
-6.92691
-6.9266
-6.92697
-6.92703
-6.92679
-6.92755
-6.92736
-6.92719
-6.92737
-6.9279
-6.92878
-6.92903
-6.9293
-6.92862
-6.92925
-6.92958
-6.93058
-6.93063
-6.93134
-6.93142
-6.93249
-6.93293
-6.93242
-6.93353
-6.93401
-6.93451
-6.93533
-6.93585
-6.93669
-6.93755
-6.93809
-6.93798
-6.93886
-6.93941
-6.93932
-6.93988
-6.94077
-6.94101
-6.94189
-6.94181
-6.94237
-6.94293
-6.94316
-6.94338
-6.94425
-6.94511
-6.94532
-6.94552
-6.94636
-6.94784
-6.94833
-6.94914
-6.94962
-6.95008
-6.95118
-6.95162
-6.95172
-6.95214
-6.95286
-6.95422
-6.95491
-6.95527
-6.95561
-6.95627
-6.9569
-6.95752
-6.95781
-6.95743
-6.95736
-6.95759
-6.95782
-6.95802
-6.95788
-6.95773
-6.95821
-6.95803
-6.95751
-6.95729
-6.95739
-6.95746
-6.95752
-6.95789
-6.95824
-6.9589
-6.9589
-6.95888
-6.95884
-6.95815
-6.95808
-6.95801
-6.95921
-6.95781
-6.95769
-6.95627
-6.95644
-6.95693
-6.95709
-6.9569
-6.95671
-6.95618
-6.95563
-6.9554
-6.95516
-6.9549
-6.95431
-6.95403
-6.95472
-6.9541
-6.95379
-6.9538
-6.95315
-6.95248
-6.95181
-6.95146
-6.95045
-6.9504
-6.9497
-6.94932
-6.94925
-6.94917
-6.94876
-6.94802
-6.9476
-6.94782
-6.94706
-6.94662
-6.94747
-6.94735
-6.94689
-6.94643
-6.94532
-6.94453
-6.94438
-6.94358
-6.94309
-6.94357
-6.94308
-6.94161
-6.94176
-6.94125
-6.9401
-6.93926
-6.93842
-6.93757
-6.93705
-6.93684
-6.93695
-6.93674
-6.93588
-6.93501
-6.93511
-6.93455
-6.934
-6.93409
-6.93418
-6.93329
-6.93272
-6.93216
-6.93191
-6.93199
-6.93238
-6.93116
-6.93059
-6.93001
-6.93008
-6.9295
-6.9286
-6.92835
-6.92842
-6.92785
-6.92759
-6.92702
-6.92678
-6.92653
-6.92596
-6.92572
-6.92516
-6.9246
-6.92405
-6.92414
-6.9223
-6.92143
-6.9209
-6.92004
-6.91886
-6.91769
-6.91718
-6.91667
-6.91681
-6.91631
-6.91582
-6.91534
-6.91486
-6.91438
-6.91456
-6.91443
-6.9143
-6.91385
-6.91276
-6.912
-6.91157
-6.9105
-6.91008
-6.90967
-6.90862
-6.90822
-6.90782
-6.90743
-6.90802
-6.90829
-6.90759
-6.90722
-6.90654
-6.90618
-6.90582
-6.90514
-6.90512
-6.90348
-6.90346
-6.90312
-6.90344
-6.90311
-6.90148
-6.90149
-6.90149
-6.90117
-6.90085
-6.90086
-6.90087
-6.90056
-6.90154
-6.90124
-6.90093
-6.89965
-6.89935
-6.89872
-6.89778
-6.89683
-6.89654
-6.89527
-6.89498
-6.89469
-6.8944
-6.89347
-6.89318
-6.8929
-6.89197
-6.89105
-6.8911
-6.89083
-6.89057
-6.88966
-6.8894
-6.88947
-6.88987
-6.88995
-6.89004
-6.88916
-6.88926
-6.88904
-6.88948
-6.8896
-6.8894
-6.88953
-6.88999
-6.89046
-6.89029
-6.89077
-6.89028
-6.88949
-6.88869
-6.88856
-6.88875
-6.88895
-6.88884
-6.88906
-6.88896
-6.88886
-6.88845
-6.88805
-6.88798
-6.88791
-6.88786
-6.88716
-6.88679
-6.88642
-6.88574
-6.88572
-6.88569
-6.88567
-6.88534
-6.885
-6.88532
-6.88565
-6.88565
-6.88468
-6.88502
-6.88535
-6.88505
-6.88507
-6.88541
-6.88512
-6.88482
-6.88583
-6.88652
-6.88688
-6.88692
-6.88697
-6.88637
-6.8861
-6.88615
-6.88588
-6.88529
-6.88503
-6.88574
-6.8858
-6.88587
-6.88594
-6.88601
-6.88609
-6.88552
-6.88528
-6.88569
-6.8861
-6.88652
-6.88565
-6.88544
-6.88555
-6.886
-6.88612
-6.8869
-6.88703
-6.88685
-6.887
-6.88683
-6.88699
-6.88749
-6.88799
-6.88817
-6.88836
-6.88824
-6.88845
-6.8877
-6.88825
-6.88816
-6.88808
-6.88834
-6.8886
-6.88887
-6.88883
-6.8888
-6.8891
-6.88973
-6.89005
-6.89038
-6.89072
-6.89107
-6.89142
-6.89179
-6.89216
-6.89319
-6.89326
-6.89365
-6.8947
-6.89512
-6.89619
-6.89662
-6.89738
-6.89815
-6.8986
-6.89906
-6.8992
-6.89999
-6.90014
-6.90062
-6.90142
-6.90223
-6.90272
-6.90386
-6.90468
-6.90518
-6.90601
-6.9078
-6.90799
-6.90849
-6.90868
-6.90854
-6.90841
-6.9086
-6.90943
-6.90962
-6.90981
-6.91031
-6.91082
-6.91133
-6.9115
-6.91233
-6.91282
-6.91331
-6.91412
-6.91428
-6.91509
-6.91589
-6.91636
-6.91618
-6.91664
-6.91742
-6.91787
-6.91864
-6.91908
-6.91951
-6.92058
-6.921
-6.92142
-6.92247
-6.9232
-6.92424
-6.92462
-6.92565
-6.92634
-6.92605
-6.92576
-6.92579
-6.92613
-6.92646
-6.9271
-6.92774
-6.92837
-6.92867
-6.92895
-6.92956
-6.9295
-6.92911
-6.92872
-6.92961
-6.93017
-6.93039
-6.93125
-6.93178
-6.931
-6.93086
-6.93072
-6.93121
-6.93136
-6.93216
-6.93229
-6.9321
-6.93221
-6.93264
-6.93274
-6.93218
-6.93226
-6.932
-6.93239
-6.93276
-6.93248
-6.93316
-6.93287
-6.93321
-6.93322
-6.93322
-6.93321
-6.93319
-6.9335
-6.93314
-6.93343
-6.93338
-6.93397
-6.93359
-6.93289
-6.9325
-6.9321
-6.93138
-6.93032
-6.92991
-6.93047
-6.93037
-6.93027
-6.93016
-6.9307
-6.92993
-6.92949
-6.93002
-6.93086
-6.93106
-6.93093
-6.93112
-6.93163
-6.93149
-6.93167
-6.93088
-6.93105
-6.93058
-6.93043
-6.92963
-6.92979
-6.92931
-6.93012
-6.92996
-6.9298
-6.92898
-6.92979
-6.92929
-6.9301
-6.92992
-6.92975
-6.92958
-6.92908
-6.9289
-6.92905
-6.92887
-6.92902
-6.92884
-6.92866
-6.92881
-6.92863
-6.92844
-6.92794
-6.9284
-6.92821
-6.92803
-6.92816
-6.92765
-6.92713
-6.92694
-6.92675
-6.92655
-6.92571
-6.92584
-6.92629
-6.92674
-6.92556
-6.92472
-6.92484
-6.92463
-6.92443
-6.92325
-6.92272
-6.9225
-6.92229
-6.92143
-6.9209
-6.92101
-6.92079
-6.92057
-6.92068
-6.92013
-6.91959
-6.91872
-6.91915
-6.91861
-6.91839
-6.91785
-6.91732
-6.91614
-6.91626
-6.91606
-6.91554
-6.9147
-6.91484
-6.91466
-6.91417
-6.91401
-6.91321
-6.91306
-6.91325
-6.91313
-6.91302
-6.91357
-6.91349
-6.91375
-6.9137
-6.91238
-6.91269
-6.9127
-6.91337
-6.9131
-6.91285
-6.91231
-6.91276
-6.91291
-6.91277
-6.91298
-6.91257
-6.91252
-6.91314
-6.91315
-6.91319
-6.91391
-6.91434
-6.91513
-6.91499
-6.91553
-6.9161
-6.91672
-6.91704
-6.91773
-6.91846
-6.91922
-6.92034
-6.92118
-6.92206
-6.92265
-6.92393
-6.92525
-6.92725
-6.92832
-6.92943
-6.93187
-6.93337
-6.93491
-6.93615
-6.93743
-6.93874
-6.94041
-6.94177
-6.94285
-6.94394
-6.94474
-6.94556
-6.94705
-6.94888
-6.9504
-6.95162
-6.9535
-6.95571
-6.95664
-6.9579
-6.95917
-6.96109
-6.96268
-6.96428
-6.96619
-6.96778
-6.97001
-6.97061
-6.97313
-6.97468
-6.97653
-6.97803
-6.97887
-6.98099
-6.98242
-6.98351
-6.98392
-6.98559
-6.98691
-6.98818
-6.98942
-6.99062
-6.99177
-6.99256
-6.99363
-6.99464
-6.99594
-6.99686
-6.9974
-6.99693
-6.99801
-6.9984
-6.99905
-6.99964
-7.0005
-7.00097
-7.00074
-7.00077
-7.00106
-7.00161
-7.00178
-7.00187
-7.00191
-7.00188
-7.00211
-7.00195
-7.00173
-7.00144
-7.00141
-7.00034
-6.99954
-6.99964
-6.99903
-6.99868
-6.99891
-6.99875
-6.99821
-6.99729
-6.99598
-6.99461
-6.9935
-6.99233
-6.9911
-6.98982
-6.98848
-6.98676
-6.98498
-6.98347
-6.98158
-6.98094
-6.98024
-6.9782
-6.97643
-6.97494
-6.97276
-6.9715
-6.96955
-6.96821
-6.96585
-6.96378
-6.96135
-6.95823
-6.95572
-6.95318
-6.95029
-6.94801
-6.94539
-6.94436
-6.94201
-6.93997
-6.93758
-6.93517
-6.93308
-6.93
-6.92756
-6.92511
-6.92234
-6.91956
-6.91743
-6.91498
-6.91254
-6.91042
-6.908
-6.90623
-6.90351
-6.90114
-6.89846
-6.89612
-6.89414
-6.89219
-6.88961
-6.8874
-6.88522
-6.8834
-6.88163
-6.8786
-6.87691
-6.8743
-6.8727
-6.87116
-6.86967
-6.86888
-6.86718
-6.86585
-6.86427
-6.86338
-6.86159
-6.85954
-6.85884
-6.85821
-6.85668
-6.8552
-6.85412
-6.85278
-6.85151
-6.8503
-6.84948
-6.8484
-6.84836
-6.84774
-6.8475
-6.847
-6.84722
-6.8475
-6.84751
-6.84726
-6.84707
-6.84662
-6.84654
-6.84684
-6.84655
-6.84664
-6.84646
-6.84697
-6.84688
-6.84651
-6.84684
-6.84721
-6.84729
-6.84774
-6.84823
-6.84875
-6.84833
-6.84892
-6.85018
-6.85018
-6.85086
-6.85156
-6.8526
-6.85302
-6.85379
-6.85424
-6.85472
-6.85456
-6.85603
-6.85686
-6.85674
-6.85792
-6.8591
-6.86029
-6.86083
-6.86236
-6.86388
-6.86475
-6.86595
-6.86651
-6.86706
-6.86793
-6.86879
-6.86997
-6.87082
-6.87166
-6.87217
-6.87267
-6.87414
-6.87494
-6.87541
-6.8762
-6.87729
-6.87805
-6.87912
-6.87856
-6.87896
-6.87967
-6.88004
-6.88137
-6.88172
-6.88205
-6.8827
-6.88333
-6.88362
-6.88423
-6.88547
-6.88637
-6.88694
-6.88717
-6.88772
-6.8889
-6.88974
-6.89058
-6.8914
-6.89157
-6.89238
-6.89285
-6.89299
-6.89377
-6.89421
-6.89465
-6.89476
-6.89454
-6.89496
-6.89537
-6.89545
-6.89618
-6.89658
-6.89665
-6.89704
-6.89742
-6.89716
-6.89819
-6.89986
-6.89927
-6.89965
-6.90003
-6.90105
-6.90175
-6.9018
-6.90218
-6.90288
-6.90293
-6.90265
-6.9027
-6.90372
-6.9041
-6.90479
-6.90549
-6.90587
-6.90656
-6.90726
-6.90699
-6.90671
-6.90709
-6.90714
-6.90783
-6.90724
-6.90632
-6.90669
-6.90771
-6.90808
-6.90844
-6.90881
-6.90885
-6.90921
-6.90989
-6.91024
-6.90994
-6.90996
-6.90997
-6.90998
-6.91063
-6.91095
-6.91159
-6.91222
-6.91284
-6.91378
-6.91373
-6.91336
-6.9133
-6.91355
-6.91443
-6.91466
-6.91488
-6.91476
-6.91528
-6.91643
-6.9166
-6.91708
-6.91658
-6.91671
-6.91683
-6.91693
-6.91799
-6.91806
-6.91813
-6.91818
-6.91822
-6.91792
-6.91761
-6.91761
-6.91761
-6.91726
-6.91755
-6.91751
-6.91778
-6.91772
-6.91797
-6.91854
-6.91813
-6.91901
-6.91826
-6.91783
-6.91805
-6.91826
-6.91847
-6.91803
-6.91791
-6.91681
-6.91605
-6.91561
-6.91517
-6.91474
-6.91399
-6.91356
-6.9138
-6.91339
-6.91364
-6.91293
-6.9132
-6.91348
-6.91345
-6.91311
-6.91311
-6.91313
-6.91348
-6.91353
-6.91328
-6.91337
-6.91348
-6.91393
-6.91311
-6.91394
-6.91414
-6.91436
-6.9146
-6.91455
-6.91485
-6.91517
-6.91584
-6.91589
-6.91629
-6.91672
-6.91718
-6.91799
-6.9185
-6.91969
-6.92026
-6.92118
-6.9218
-6.92245
-6.92249
-6.92352
-6.92361
-6.92437
-6.92517
-6.92761
-6.92813
-6.92901
-6.92959
-6.93052
-6.93212
-6.9331
-6.93411
-6.93546
-6.93651
-6.93759
-6.93901
-6.94078
-6.94257
-6.94341
-6.94427
-6.94612
-6.94767
-6.94923
-6.94952
-6.95144
-6.95208
-6.9537
-6.95534
-6.95635
-6.95801
-6.95903
-6.96039
-6.96111
-6.9628
-6.96418
-6.96621
-6.96727
-6.96866
-6.97005
-6.97079
-6.97218
-6.97421
-6.9756
-6.97697
-6.97802
-6.97971
-6.98074
-6.98208
-6.98308
-6.98537
-6.98636
-6.98732
-6.98827
-6.9892
-6.98946
-6.99099
-6.99218
-6.99399
-6.99448
-6.99559
-6.997
-6.9987
-6.99972
-7.00103
-7.00166
-7.00225
-7.00313
-7.00365
-7.00413
-7.00456
-7.00496
-7.00628
-7.00691
-7.00782
-7.00835
-7.00884
-7.00961
-7.01097
-7.01035
-7.00999
-7.01056
-7.01107
-7.01121
-7.0113
-7.01101
-7.01131
-7.01156
-7.01144
-7.01158
-7.01167
-7.01073
-7.01038
-7.00934
-7.00856
-7.00806
-7.00782
-7.00689
-7.00623
-7.00583
-7.00474
-7.0036
-7.00274
-7.00117
-6.99989
-6.99953
-6.99847
-6.99835
-6.99786
-6.99668
-6.99546
-6.99453
-6.99292
-6.99159
-6.9899
-6.9885
-6.98674
-6.98495
-6.98281
-6.98129
-6.97942
-6.9785
-6.97691
-6.97498
-6.97432
-6.97364
-6.97198
-6.9703
-6.96894
-6.96724
-6.96488
-6.96187
-6.95983
-6.95745
-6.9567
-6.95497
-6.95356
-6.95183
-6.94978
-6.94805
-6.94634
-6.94398
-6.9426
-6.94058
-6.93954
-6.93787
-6.93588
-6.93391
-6.9326
-6.93066
-6.92906
-6.9278
-6.92688
-6.92533
-6.92413
-6.92295
-6.92114
-6.91967
-6.91887
-6.91745
-6.91638
-6.91468
-6.91333
-6.91168
-6.91069
-6.90974
-6.90848
-6.90692
-6.90539
-6.90421
-6.90369
-6.90256
-6.90048
-6.89971
-6.89865
-6.89793
-6.89691
-6.89559
-6.89495
-6.894
-6.89307
-6.89152
-6.89031
-6.88913
-6.88699
-6.88521
-6.88474
-6.88429
-6.88386
-6.88313
-6.88209
-6.88075
-6.8804
-6.88007
-6.87911
-6.87882
-6.87952
-6.87895
-6.87871
-6.8772
-6.87733
-6.87716
-6.87635
-6.87621
-6.87577
-6.87534
-6.87526
-6.8752
-6.87483
-6.87513
-6.87514
-6.87419
-6.87391
-6.87333
-6.87343
-6.87387
-6.87336
-6.8732
-6.87339
-6.87329
-6.87353
-6.87348
-6.87281
-6.87347
-6.8735
-6.87357
-6.87367
-6.87348
-6.87365
-6.87385
-6.87441
-6.87469
-6.87435
-6.87406
-6.87477
-6.8752
-6.87599
-6.87682
-6.87737
-6.87828
-6.87891
-6.87991
-6.8803
-6.88073
-6.88153
-6.88237
-6.8839
-6.88353
-6.88514
-6.88647
-6.88751
-6.88891
-6.89133
-6.89281
-6.894
-6.89522
-6.89648
-6.89776
-6.89939
-6.90138
-6.90306
-6.9038
-6.90552
-6.90695
-6.90806
-6.90853
-6.90967
-6.91146
-6.91261
-6.91408
-6.91523
-6.9167
-6.91913
-6.92026
-6.9217
-6.92344
-6.92518
-6.92624
-6.9276
-6.92959
-6.93123
-6.93219
-6.93311
-6.93432
-6.93582
-6.93663
-6.93837
-6.93975
-6.94108
-6.94236
-6.94294
-6.94348
-6.94429
-6.94505
-6.94575
-6.94737
-6.94764
-6.94754
-6.94802
-6.9478
-6.94882
-6.94946
-6.9494
-6.95026
-6.95073
-6.95051
-6.9499
-6.95022
-6.95016
-6.95037
-6.94988
-6.94966
-6.95037
-6.95005
-6.94969
-6.94895
-6.94785
-6.94735
-6.94714
-6.94655
-6.94626
-6.94495
-6.9436
-6.94287
-6.94178
-6.94098
-6.94015
-6.93864
-6.93743
-6.93619
-6.93524
-6.93492
-6.93393
-6.93323
-6.93252
-6.93146
-6.93038
-6.9296
-6.92881
-6.92767
-6.92587
-6.92503
-6.92417
-6.92297
-6.92209
-6.92054
-6.91964
-6.91807
-6.91714
-6.91621
-6.91461
-6.91334
-6.91205
-6.91108
-6.90978
-6.90913
-6.90814
-6.90683
-6.90519
-6.90387
-6.90222
-6.90025
-6.89893
-6.89794
-6.8963
-6.8953
-6.89367
-6.89204
-6.88977
-6.88815
-6.88686
-6.88558
-6.88399
-6.88273
-6.88181
-6.88058
-6.87969
-6.87785
-6.87667
-6.87518
-6.87372
-6.87195
-6.87086
-6.86914
-6.86777
-6.86741
-6.86675
-6.86612
-6.8652
-6.86463
-6.86346
-6.86297
-6.86219
-6.86145
-6.86108
-6.8601
-6.86045
-6.86021
-6.85936
-6.8592
-6.85909
-6.85805
-6.85738
-6.85612
-6.85587
-6.85631
-6.85583
-6.85604
-6.85566
-6.85532
-6.8547
-6.85445
-6.85425
-6.85474
-6.8543
-6.85454
-6.85483
-6.85517
-6.85586
-6.85659
-6.85735
-6.85847
-6.85833
-6.85854
-6.8591
-6.85969
-6.85966
-6.86062
-6.86063
-6.86131
-6.86233
-6.86337
-6.86377
-6.86418
-6.86493
-6.86633
-6.86741
-6.86721
-6.86798
-6.86874
-6.86984
-6.8706
-6.87007
-6.87082
-6.87125
-6.87167
-6.8724
-6.87312
-6.87382
-6.87484
-6.87552
-6.87587
-6.87652
-6.87717
-6.87844
-6.87905
-6.87965
-6.88023
-6.8808
-6.88135
-6.88157
-6.88177
-6.88228
-6.88278
-6.88326
-6.88406
-6.88452
-6.88498
-6.8851
-6.88618
-6.88661
-6.88703
-6.88745
-6.88786
-6.88795
-6.889
-6.88941
-6.88981
-6.8899
-6.89031
-6.89104
-6.89113
-6.89123
-6.891
-6.89144
-6.8922
-6.89394
-6.8944
-6.89552
-6.89632
-6.89713
-6.89827
-6.89877
-6.89993
-6.8998
-6.90065
-6.90151
-6.9014
-6.9026
-6.90316
-6.90339
-6.90396
-6.90485
-6.90509
-6.90598
-6.90655
-6.90744
-6.908
-6.90791
-6.90814
-6.90868
-6.90954
-6.91039
-6.9122
-6.9127
-6.91287
-6.91366
-6.91411
-6.91422
-6.91496
-6.91567
-6.91604
-6.91703
-6.91767
-6.91829
-6.91887
-6.91879
-6.91867
-6.91852
-6.91867
-6.91879
-6.9192
-6.91926
-6.9196
-6.91992
-6.91956
-6.91949
-6.92036
-6.92024
-6.92008
-6.92054
-6.92066
-6.92042
-6.92015
-6.91986
-6.9189
-6.91857
-6.91821
-6.91687
-6.91615
-6.91574
-6.91563
-6.91486
-6.91376
-6.91361
-6.91281
-6.912
-6.91151
-6.911
-6.91017
-6.90934
-6.90883
-6.90896
-6.90812
-6.90696
-6.90678
-6.90627
-6.9048
-6.9043
-6.90316
-6.90267
-6.90252
-6.9014
-6.90192
-6.90146
-6.90038
-6.89995
-6.89953
-6.89977
-6.90001
-6.8993
-6.89892
-6.89791
-6.89722
-6.89688
-6.89654
-6.89622
-6.89622
-6.89527
-6.89529
-6.89468
-6.89569
-6.89542
-6.89516
-6.89426
-6.89401
-6.89377
-6.89354
-6.89365
-6.89376
-6.89323
-6.89239
-6.8922
-6.89203
-6.89187
-6.89204
-6.89223
-6.89211
-6.892
-6.89223
-6.89248
-6.8934
-6.89337
-6.89336
-6.89337
-6.89342
-6.89349
-6.89327
-6.89341
-6.89391
-6.89412
-6.8947
-6.895
-6.89503
-6.8951
-6.89522
-6.89541
-6.89565
-6.89692
-6.89728
-6.89804
-6.89886
-6.90008
-6.90073
-6.90209
-6.90353
-6.90505
-6.90568
-6.90736
-6.90814
-6.90933
-6.91125
-6.91196
-6.91436
-6.91685
-6.91877
-6.92141
-6.92348
-6.92563
-6.92784
-6.92948
-6.93119
-6.93426
-6.93641
-6.93895
-6.94186
-6.94451
-6.94655
-6.94962
-6.95239
-6.95553
-6.95741
-6.96029
-6.96319
-6.96579
-6.96906
-6.97202
-6.97564
-6.97861
-6.98159
-6.98489
-6.98819
-6.99148
-6.99379
-6.99642
-6.99903
-7.00097
-7.00387
-7.00674
-7.00958
-7.0124
-7.01584
-7.01892
-7.02132
-7.02466
-7.02764
-7.03058
-7.03284
-7.03506
-7.03788
-7.04001
-7.0421
-7.04511
-7.04711
-7.04906
-7.05097
-7.05347
-7.0556
-7.05736
-7.05875
-7.06074
-7.06267
-7.06488
-7.06735
-7.06913
-7.07117
-7.07316
-7.07575
-7.07666
-7.07783
-7.07927
-7.08033
-7.08198
-7.08324
-7.08477
-7.08591
-7.08764
-7.08898
-7.08961
-7.0905
-7.09133
-7.09241
-7.09375
-7.09373
-7.09494
-7.09511
-7.09488
-7.09524
-7.0952
-7.09541
-7.09588
-7.09627
-7.09595
-7.09554
-7.09572
-7.09485
-7.09422
-7.09417
-7.09405
-7.0932
-7.0926
-7.09192
-7.09117
-7.09034
-7.08975
-7.08909
-7.08803
-7.08689
-7.08536
-7.08439
-7.08302
-7.08126
-7.08007
-7.07783
-7.07746
-7.07507
-7.07358
-7.0717
-7.06942
-7.06772
-7.06563
-7.06379
-7.06156
-7.05926
-7.05689
-7.05446
-7.05165
-7.04909
-7.0468
-7.04445
-7.04172
-7.03861
-7.03641
-7.03384
-7.0309
-7.02791
-7.02487
-7.02146
-7.01769
-7.01453
-7.01166
-7.00908
-7.00549
-7.00188
-6.99889
-6.99588
-6.9922
-6.98882
-6.98478
-6.98137
-6.97796
-6.97487
-6.97145
-6.96835
-6.96461
-6.96185
-6.95878
-6.9554
-6.95171
-6.94804
-6.94408
-6.93982
-6.93689
-6.93335
-6.9305
-6.9264
-6.92332
-6.91965
-6.91668
-6.91377
-6.91093
-6.90815
-6.90576
-6.90345
-6.90057
-6.89809
-6.89537
-6.89305
-6.89115
-6.88934
-6.88698
-6.88536
-6.88351
-6.88175
-6.88042
-6.87854
-6.87741
-6.8754
-6.87381
-6.872
-6.87157
-6.87092
-6.86971
-6.86924
-6.86821
-6.86695
-6.86609
-6.86596
-6.86493
-6.86494
-6.86438
-6.8642
-6.86376
-6.86305
-6.86239
-6.86243
-6.86283
-6.86262
-6.86244
-6.86229
-6.86216
-6.86205
-6.86164
-6.86188
-6.86181
-6.86272
-6.86297
-6.86258
-6.86283
-6.86307
-6.86329
-6.86351
-6.86403
-6.86421
-6.86469
-6.86516
-6.86496
-6.86538
-6.86578
-6.86519
-6.86489
-6.86523
-6.86554
-6.86518
-6.8648
-6.86473
-6.86463
-6.86517
-6.86439
-6.86457
-6.86408
-6.86391
-6.86372
-6.8632
-6.86364
-6.86342
-6.86353
-6.86331
-6.8634
-6.8635
-6.86327
-6.8624
-6.86186
-6.86262
-6.86209
-6.86124
-6.86138
-6.86153
-6.86169
-6.86089
-6.86076
-6.86129
-6.86151
-6.86175
-6.86168
-6.86099
-6.86128
-6.86095
-6.86064
-6.86067
-6.86073
-6.86145
-6.8609
-6.86102
-6.86116
-6.86035
-6.86053
-6.86106
-6.86128
-6.86088
-6.86115
-6.86208
-6.86271
-6.86304
-6.86338
-6.86375
-6.86412
-6.86387
-6.86428
-6.86406
-6.8645
-6.8656
-6.86542
-6.86655
-6.86704
-6.86656
-6.86707
-6.86759
-6.86844
-6.86865
-6.86919
-6.87005
-6.87157
-6.87245
-6.87333
-6.87388
-6.87379
-6.87402
-6.87425
-6.87512
-6.87566
-6.8762
-6.87705
-6.8779
-6.87874
-6.8799
-6.88072
-6.88186
-6.88233
-6.8828
-6.88324
-6.88335
-6.88377
-6.88417
-6.88487
-6.88458
-6.8846
-6.88492
-6.88555
-6.8855
-6.88608
-6.88631
-6.88717
-6.88768
-6.88751
-6.88764
-6.88742
-6.88652
-6.88528
-6.8853
-6.88464
-6.88428
-6.88357
-6.88347
-6.88335
-6.88352
-6.88365
-6.88376
-6.88287
-6.88292
-6.88262
-6.88196
-6.88192
-6.88185
-6.88143
-6.88098
-6.88018
-6.88
-6.87979
-6.87988
-6.87962
-6.87869
-6.87806
-6.87773
-6.87737
-6.87635
-6.87562
-6.87488
-6.87378
-6.87364
-6.87284
-6.87233
-6.87149
-6.87063
-6.86943
-6.86789
-6.86666
-6.8651
-6.86385
-6.86355
-6.86293
-6.86197
-6.86165
-6.86133
-6.86036
-6.85938
-6.85839
-6.85741
-6.85642
-6.85544
-6.85446
-6.85348
-6.85284
-6.85187
-6.85059
-6.84964
-6.84871
-6.84778
-6.84654
-6.84532
-6.84444
-6.84325
-6.84208
-6.84126
-6.84046
-6.84001
-6.83959
-6.83887
-6.83753
-6.83719
-6.83656
-6.83629
-6.83573
-6.83553
-6.83472
-6.83362
-6.83354
-6.83285
-6.83253
-6.83193
-6.83169
-6.83118
-6.83104
-6.83063
-6.83091
-6.83092
-6.83099
-6.83143
-6.83095
-6.83117
-6.83113
-6.83082
-6.83153
-6.83166
-6.83152
-6.83241
-6.83238
-6.83274
-6.83347
-6.83459
-6.83512
-6.83635
-6.83731
-6.83833
-6.83909
-6.84022
-6.84205
-6.84297
-6.84491
-6.84625
-6.84765
-6.84942
-6.85092
-6.85213
-6.85437
-6.85665
-6.85833
-6.8594
-6.86084
-6.86297
-6.86513
-6.86701
-6.86925
-6.87184
-6.87382
-6.87519
-6.87755
-6.88091
-6.883
-6.88512
-6.88725
-6.8894
-6.89189
-6.89375
-6.89627
-6.89847
-6.90036
-6.90258
-6.90448
-6.9067
-6.90958
-6.9118
-6.91402
-6.91623
-6.91844
-6.92095
-6.92314
-6.92563
-6.92875
-6.93154
-6.93333
-6.93575
-6.93782
-6.94019
-6.94254
-6.9442
-6.94616
-6.94809
-6.94967
-6.95153
-6.95238
-6.95385
-6.9556
-6.95698
-6.95864
-6.96026
-6.96184
-6.96401
-6.96582
-6.9666
-6.96799
-6.96964
-6.97092
-6.97248
-6.97365
-6.9751
-6.97617
-6.97783
-6.97878
-6.97968
-6.98053
-6.98164
-6.98204
-6.98271
-6.9843
-6.98453
-6.98535
-6.98579
-6.98617
-6.98747
-6.98741
-6.98795
-6.9881
-6.98852
-6.98889
-6.98855
-6.98816
-6.98739
-6.98721
-6.98698
-6.98637
-6.98637
-6.98599
-6.98426
-6.98443
-6.98423
-6.98302
-6.98273
-6.98176
-6.98074
-6.97968
-6.97859
-6.97778
-6.97695
-6.9764
-6.9755
-6.97424
-6.97361
-6.9723
-6.97097
-6.9706
-6.96923
-6.96785
-6.9658
-6.96472
-6.9633
-6.96188
-6.96077
-6.95999
-6.95888
-6.95777
-6.957
-6.95655
-6.95514
-6.95406
-6.95267
-6.95098
-6.95027
-6.94926
-6.94795
-6.94633
-6.94539
-6.94416
-6.94231
-6.94178
-6.94064
-6.94083
-6.93944
-6.9384
-6.93838
-6.93743
-6.93748
-6.93661
-6.93579
-6.93468
-6.93426
-6.93486
-6.9355
-6.93522
-6.93465
-6.93478
-6.9356
-6.93582
-6.93608
-6.9367
-6.9364
-6.93712
-6.93755
-6.93737
-6.93788
-6.9381
-6.93869
-6.93898
-6.93931
-6.93967
-6.94006
-6.94081
-6.94255
-6.94271
-6.94321
-6.94276
-6.94298
-6.94354
-6.94477
-6.94504
-6.94532
-6.94658
-6.94689
-6.94752
-6.94815
-6.94814
-6.94878
-6.94974
-6.95005
-6.951
-6.95163
-6.95224
-6.95349
-6.95441
-6.95532
-6.9562
-6.95643
-6.95696
-6.95746
-6.95827
-6.95841
-6.95918
-6.95959
-6.95965
-6.95936
-6.95969
-6.95999
-6.96026
-6.96017
-6.9607
-6.96023
-6.96037
-6.96048
-6.96055
-6.9606
-6.96093
-6.9609
-6.96019
-6.96042
-6.9603
-6.96078
-6.96123
-6.96068
-6.96042
-6.96045
-6.96045
-6.9601
-6.95971
-6.95995
-6.9595
-6.95903
-6.95885
-6.95897
-6.95874
-6.95784
-6.95659
-6.95597
-6.95467
-6.95401
-6.95332
-6.9523
-6.95158
-6.95084
-6.95009
-6.949
-6.94822
-6.94711
-6.94696
-6.94615
-6.94501
-6.94355
-6.94175
-6.94093
-6.9401
-6.93895
-6.93747
-6.93665
-6.93583
-6.93502
-6.93389
-6.93309
-6.93197
-6.93119
-6.92978
-6.9287
-6.92763
-6.92723
-6.92717
-6.92615
-6.92548
-6.92483
-6.9242
-6.92294
-6.92203
-6.92179
-6.92125
-6.92106
-6.92058
-6.92076
-6.92033
-6.92024
-6.91987
-6.91952
-6.91952
-6.91891
-6.91832
-6.91842
-6.9179
-6.91805
-6.91824
-6.91813
-6.9174
-6.91735
-6.91765
-6.91765
-6.91768
-6.91806
-6.91846
-6.91889
-6.91902
-6.91852
-6.91805
-6.91921
-6.91942
-6.91932
-6.91924
-6.91917
-6.91911
-6.91874
-6.91903
-6.919
-6.91962
-6.9196
-6.92087
-6.92117
-6.92147
-6.92144
-6.92172
-6.92232
-6.92226
-6.92219
-6.92242
-6.92199
-6.92187
-6.9214
-6.92123
-6.92233
-6.92211
-6.92153
-6.9219
-6.92158
-6.92188
-6.92085
-6.92076
-6.92159
-6.92142
-6.92056
-6.91999
-6.91937
-6.91903
-6.91897
-6.91855
-6.9184
-6.91757
-6.91669
-6.91608
-6.91544
-6.91475
-6.91402
-6.91325
-6.91243
-6.91157
-6.91036
-6.90878
-6.90781
-6.90713
-6.90642
-6.90502
-6.9036
-6.90182
-6.90099
-6.8998
-6.8986
-6.89737
-6.89677
-6.8955
-6.89455
-6.89326
-6.89195
-6.88999
-6.88835
-6.88703
-6.88604
-6.8844
-6.88309
-6.88275
-6.88178
-6.8805
-6.87924
-6.87799
-6.87644
-6.87588
-6.87502
-6.87419
-6.87372
-6.87328
-6.87287
-6.87186
-6.87088
-6.86929
-6.86873
-6.8682
-6.8674
-6.86633
-6.86563
-6.86466
-6.86342
-6.86353
-6.86272
-6.86198
-6.86162
-6.86164
-6.86172
-6.8609
-6.86111
-6.86041
-6.86074
-6.86179
-6.86226
-6.86312
-6.86371
-6.86437
-6.8651
-6.86589
-6.86642
-6.86637
-6.86671
-6.8671
-6.86821
-6.86905
-6.86995
-6.87156
-6.8729
-6.87397
-6.87542
-6.87659
-6.87717
-6.87844
-6.87976
-6.88112
-6.8835
-6.88461
-6.88642
-6.88826
-6.88915
-6.89105
-6.89266
-6.89461
-6.89691
-6.89922
-6.90123
-6.90228
-6.90399
-6.90636
-6.90808
-6.90949
-6.91154
-6.91294
-6.91498
-6.91701
-6.91903
-6.92039
-6.92205
-6.9237
-6.92532
-6.92692
-6.92784
-6.92938
-6.93056
-6.93171
-6.93315
-6.9339
-6.93558
-6.93721
-6.93848
-6.93971
-6.94088
-6.94233
-6.9434
-6.94442
-6.94507
-6.94663
-6.94814
-6.94894
-6.94936
-6.95006
-6.95005
-6.95127
-6.95147
-6.95162
-6.95138
-6.95044
-6.95139
-6.95131
-6.9515
-6.95164
-6.95204
-6.95207
-6.95237
-6.9523
-6.9525
-6.95234
-6.95245
-6.95219
-6.95189
-6.95156
-6.95086
-6.95045
-6.95001
-6.94889
-6.94807
-6.94787
-6.94699
-6.9474
-6.9465
-6.94623
-6.94627
-6.94598
-6.94536
-6.94474
-6.94314
-6.94252
-6.94191
-6.94131
-6.94105
-6.94079
-6.94023
-6.94002
-6.93951
-6.93999
-6.93953
-6.93878
-6.93839
-6.93835
-6.93868
-6.93839
-6.93783
-6.93731
-6.93748
-6.93769
-6.93763
-6.93794
-6.93797
-6.93773
-6.93786
-6.93772
-6.93827
-6.93919
-6.94017
-6.94055
-6.94065
-6.94209
-6.94293
-6.94317
-6.94377
-6.94441
-6.94508
-6.94547
-6.94556
-6.94633
-6.94713
-6.94827
-6.94847
-6.94998
-6.95085
-6.95044
-6.95134
-6.95224
-6.95347
-6.95502
-6.95559
-6.95648
-6.95736
-6.95887
-6.95971
-6.96118
-6.96165
-6.96307
-6.96413
-6.96483
-6.96518
-6.96548
-6.96574
-6.96661
-6.96743
-6.96756
-6.96796
-6.96831
-6.96796
-6.96788
-6.96774
-6.96755
-6.96762
-6.96764
-6.96696
-6.96686
-6.9667
-6.96714
-6.9672
-6.96687
-6.96617
-6.96509
-6.96428
-6.96342
-6.96316
-6.96253
-6.96185
-6.96177
-6.96036
-6.95988
-6.95968
-6.95783
-6.95692
-6.95599
-6.95534
-6.95403
-6.95366
-6.95231
-6.95159
-6.95052
-6.94913
-6.94837
-6.94728
-6.94619
-6.94511
-6.94402
-6.94261
-6.94284
-6.94242
-6.94137
-6.94002
-6.939
-6.93768
-6.9367
-6.93575
-6.9345
-6.9336
-6.93305
-6.93253
-6.93075
-6.93029
-6.92922
-6.92786
-6.92621
-6.9259
-6.92626
-6.92538
-6.92485
-6.92403
-6.92358
-6.92317
-6.92246
-6.92245
-6.92182
-6.92155
-6.92132
-6.92209
-6.9229
-6.92278
-6.92268
-6.9223
-6.92291
-6.92259
-6.92262
-6.923
-6.92276
-6.92254
-6.92235
-6.92186
-6.92301
-6.92322
-6.92409
-6.92465
-6.92459
-6.92551
-6.9258
-6.92578
-6.9261
-6.9261
-6.92644
-6.92711
-6.92746
-6.9275
-6.92786
-6.92791
-6.92828
-6.92865
-6.9287
-6.92874
-6.92943
-6.92979
-6.93015
-6.93018
-6.92955
-6.92989
-6.92989
-6.92988
-6.93018
-6.93015
-6.93009
-6.93068
-6.93092
-6.93146
-6.93199
-6.93152
-6.93136
-6.9315
-6.93161
-6.93235
-6.93242
-6.93311
-6.93345
-6.93408
-6.93437
-6.93397
-6.93355
-6.93374
-6.9339
-6.93403
-6.93316
-6.93355
-6.93326
-6.93261
-6.93225
-6.93154
-6.93046
-6.93032
-6.9295
-6.92929
-6.92808
-6.92748
-6.92652
-6.92521
-6.92516
-6.92475
-6.92431
-6.92352
-6.92205
-6.92088
-6.91999
-6.91941
-6.91847
-6.91751
-6.9162
-6.91519
-6.91448
-6.91343
-6.91204
-6.91095
-6.90984
-6.90872
-6.90759
-6.90677
-6.90561
-6.90413
-6.90296
-6.90211
-6.90029
-6.89912
-6.89795
-6.89678
-6.89561
-6.89446
-6.89299
-6.89153
-6.8904
-6.88929
-6.8882
-6.88713
-6.88576
-6.88408
-6.88308
-6.88275
-6.88213
-6.88187
-6.88067
-6.8795
-6.87935
-6.87955
-6.87851
-6.8775
-6.87655
-6.87596
-6.87477
-6.87396
-6.87352
-6.87346
-6.87313
-6.87252
-6.87295
-6.87278
-6.87267
-6.87164
-6.87197
-6.87204
-6.87184
-6.87202
-6.87227
-6.87257
-6.87293
-6.87336
-6.87351
-6.87341
-6.87368
-6.87435
-6.87474
-6.87584
-6.87667
-6.87724
-6.87818
-6.87885
-6.87957
-6.88164
-6.88312
-6.88431
-6.88555
-6.88749
-6.88817
-6.88954
-6.89062
-6.89174
-6.89322
-6.89472
-6.89691
-6.8988
-6.90039
-6.902
-6.90363
-6.90528
-6.90759
-6.9096
-6.91096
-6.9133
-6.915
-6.91671
-6.91808
-6.9201
-6.9218
-6.9238
-6.92483
-6.92617
-6.92814
-6.93009
-6.93073
-6.93232
-6.93388
-6.93542
-6.93693
-6.9384
-6.93985
-6.94094
-6.94231
-6.94398
-6.94495
-6.94686
-6.9484
-6.95022
-6.95103
-6.95212
-6.95284
-6.95383
-6.95445
-6.95535
-6.95717
-6.95764
-6.95871
-6.95974
-6.96006
-6.96066
-6.96153
-6.96137
-6.96182
-6.96253
-6.96384
-6.9638
-6.96469
-6.96521
-6.9647
-6.96447
-6.96516
-6.96451
-6.96447
-6.9647
-6.96391
-6.96308
-6.96253
-6.96194
-6.96131
-6.96162
-6.96156
-6.96114
-6.96036
-6.95956
-6.95904
-6.95882
-6.95921
-6.95829
-6.95734
-6.95702
-6.95603
-6.956
-6.95529
-6.95523
-6.95385
-6.95311
-6.95139
-6.95031
-6.95019
-6.94814
-6.9477
-6.94661
-6.94618
-6.94574
-6.94532
-6.94425
-6.94417
-6.94345
-6.94275
-6.94206
-6.94074
-6.93944
-6.93881
-6.93788
-6.93729
-6.9364
-6.9349
-6.93536
-6.93456
-6.93378
-6.93369
-6.93265
-6.93197
-6.93164
-6.93102
-6.93075
-6.93117
-6.92999
-6.9308
-6.93001
-6.92991
-6.92951
-6.92915
-6.92881
-6.92883
-6.92887
-6.92926
-6.92936
-6.93045
-6.92995
-6.92979
-6.92965
-6.93083
-6.93106
-6.9313
-6.93156
-6.93151
-6.93244
-6.93241
-6.93238
-6.93172
-6.93171
-6.93202
-6.93233
-6.93297
-6.9336
-6.93358
-6.93322
-6.93351
-6.93378
-6.93437
-6.93462
-6.93485
-6.9341
-6.93559
-6.93577
-6.93593
-6.93639
-6.93683
-6.93659
-6.93665
-6.93636
-6.93669
-6.93667
-6.93662
-6.93589
-6.93579
-6.93598
-6.93581
-6.93529
-6.93409
-6.93384
-6.93388
-6.93292
-6.93257
-6.9322
-6.93213
-6.93267
-6.93221
-6.93173
-6.93122
-6.92972
-6.92916
-6.92858
-6.92831
-6.92737
-6.92673
-6.92575
-6.92475
-6.92439
-6.92434
-6.92299
-6.92227
-6.92187
-6.92081
-6.92007
-6.9203
-6.91988
-6.91914
-6.91808
-6.91734
-6.91629
-6.91491
-6.91452
-6.91479
-6.91378
-6.91311
-6.91277
-6.9118
-6.91086
-6.90994
-6.90936
-6.90913
-6.9086
-6.90906
-6.90891
-6.90846
-6.90869
-6.90831
-6.90795
-6.90828
-6.90831
-6.90741
-6.90719
-6.90733
-6.9075
-6.90706
-6.90699
-6.90727
-6.90758
-6.90697
-6.90768
-6.90778
-6.90792
-6.90841
-6.90894
-6.90853
-6.9088
-6.90942
-6.91008
-6.91044
-6.91019
-6.9106
-6.91105
-6.91184
-6.91201
-6.91285
-6.91371
-6.91362
-6.9142
-6.91447
-6.91443
-6.91506
-6.91634
-6.91667
-6.91702
-6.91769
-6.9187
-6.91907
-6.92042
-6.92112
-6.92281
-6.92321
-6.92393
-6.92498
-6.92668
-6.92677
-6.9275
-6.92824
-6.928
-6.92874
-6.93013
-6.93086
-6.93127
-6.93233
-6.93273
-6.93379
-6.93451
-6.93524
-6.93628
-6.93765
-6.93804
-6.93844
-6.9398
-6.94018
-6.94089
-6.94126
-6.94131
-6.94168
-6.94205
-6.94305
-6.94373
-6.9444
-6.94474
-6.9454
-6.94605
-6.94637
-6.94765
-6.94763
-6.9476
-6.94821
-6.9488
-6.94971
-6.94963
-6.95019
-6.94976
-6.94964
-6.9508
-6.9513
-6.95145
-6.95158
-6.95235
-6.95309
-6.95381
-6.9545
-6.95485
-6.95485
-6.9558
-6.95607
-6.95598
-6.95684
-6.95767
-6.95782
-6.95827
-6.95835
-6.95776
-6.95745
-6.95743
-6.95738
-6.95762
-6.95814
-6.95766
-6.95747
-6.95789
-6.95729
-6.95731
-6.95762
-6.95725
-6.95684
-6.95705
-6.95657
-6.95638
-6.95583
-6.95526
-6.95433
-6.95336
-6.95238
-6.95201
-6.9513
-6.95056
-6.94947
-6.94804
-6.94659
-6.94544
-6.94396
-6.9431
-6.94256
-6.94168
-6.94112
-6.9412
-6.94063
-6.94038
-6.94013
-6.93923
-6.93898
-6.93777
-6.93624
-6.93472
-6.93354
-6.93269
-6.93186
-6.93104
-6.93056
-6.92978
-6.9287
-6.92796
-6.92725
-6.92688
-6.92621
-6.92622
-6.92561
-6.92502
-6.92382
-6.92361
-6.92279
-6.92265
-6.92221
-6.9218
-6.92174
-6.92139
-6.92041
-6.91979
-6.9192
-6.91895
-6.91841
-6.91821
-6.91836
-6.91886
-6.91872
-6.91829
-6.91819
-6.91844
-6.91805
-6.91832
-6.91893
-6.91955
-6.91985
-6.92016
-6.92047
-6.92014
-6.91949
-6.91948
-6.91979
-6.91912
-6.91909
-6.91906
-6.91837
-6.91832
-6.91727
-6.91719
-6.91741
-6.91697
-6.9165
-6.91699
-6.91681
-6.9166
-6.91669
-6.91642
-6.91613
-6.91549
-6.91417
-6.91314
-6.91241
-6.91165
-6.91215
-6.91165
-6.91177
-6.9112
-6.91029
-6.90966
-6.90933
-6.90865
-6.90762
-6.90655
-6.90578
-6.90434
-6.90319
-6.90235
-6.9018
-6.90026
-6.89903
-6.89778
-6.89651
-6.89555
-6.89522
-6.89424
-6.89259
-6.89191
-6.89091
-6.88957
-6.88856
-6.88722
-6.88621
-6.8852
-6.8842
-6.88289
-6.88159
-6.88095
-6.88032
-6.87972
-6.87881
-6.87695
-6.87609
-6.87525
-6.87476
-6.87334
-6.87291
-6.87188
-6.87152
-6.87153
-6.87222
-6.87166
-6.87115
-6.87035
-6.87121
-6.87115
-6.87016
-6.86987
-6.86995
-6.86976
-6.86961
-6.87048
-6.87043
-6.86978
-6.86983
-6.8709
-6.87105
-6.87124
-6.87115
-6.87112
-6.87113
-6.87118
-6.8716
-6.87207
-6.8729
-6.87344
-6.87403
-6.87465
-6.87531
-6.87632
-6.87705
-6.87812
-6.87891
-6.87971
-6.88119
-6.88204
-6.88292
-6.88478
-6.88569
-6.8879
-6.88916
-6.8901
-6.89073
-6.89135
-6.89263
-6.89326
-6.89356
-6.8945
-6.89511
-6.89603
-6.89694
-6.89751
-6.89871
-6.89925
-6.90074
-6.90155
-6.90202
-6.90279
-6.9032
-6.90424
-6.90524
-6.90589
-6.9065
-6.90708
-6.90827
-6.90909
-6.90924
-6.90934
-6.90973
-6.91073
-6.91136
-6.91227
-6.91185
-6.91204
-6.91219
-6.91294
-6.91301
-6.91271
-6.91302
-6.91296
-6.91222
-6.91177
-6.9116
-6.91236
-6.91147
-6.9112
-6.91024
-6.9099
-6.90888
-6.90847
-6.90739
-6.90693
-6.90677
-6.90594
-6.90573
-6.90517
-6.9046
-6.90433
-6.90437
-6.90374
-6.90311
-6.90246
-6.90115
-6.90048
-6.89884
-6.89816
-6.89748
-6.8968
-6.89548
-6.89447
-6.89413
-6.89346
-6.8928
-6.89182
-6.89086
-6.89055
-6.88993
-6.889
-6.88809
-6.88785
-6.88763
-6.88645
-6.88595
-6.88515
-6.88502
-6.88491
-6.88483
-6.88446
-6.88412
-6.8838
-6.88384
-6.88327
-6.88305
-6.88255
-6.8824
-6.88261
-6.88254
-6.88315
-6.88283
-6.8832
-6.8836
-6.8834
-6.88357
-6.88345
-6.88338
-6.88334
-6.88368
-6.88438
-6.88512
-6.88494
-6.88577
-6.88633
-6.88724
-6.88724
-6.8876
-6.888
-6.88877
-6.88958
-6.89044
-6.89166
-6.8926
-6.89423
-6.89524
-6.89598
-6.8974
-6.89918
-6.89971
-6.90124
-6.90216
-6.90376
-6.9054
-6.90642
-6.90747
-6.90854
-6.9103
-6.91176
-6.91259
-6.91474
-6.91594
-6.91749
-6.91906
-6.92064
-6.92289
-6.92419
-6.92581
-6.92745
-6.9291
-6.93108
-6.9321
-6.93377
-6.93512
-6.93647
-6.93782
-6.93981
-6.94148
-6.9438
-6.94546
-6.94711
-6.94876
-6.94942
-6.95104
-6.95298
-6.95393
-6.95583
-6.9574
-6.95894
-6.9608
-6.96198
-6.96315
-6.96461
-6.9667
-6.96747
-6.96886
-6.97054
-6.97285
-6.97416
-6.97511
-6.97603
-6.97789
-6.97875
-6.9799
-6.98101
-6.98274
-6.98378
-6.98479
-6.98576
-6.98572
-6.98693
-6.98779
-6.9886
-6.99002
-6.99141
-6.9921
-6.99275
-6.99368
-6.99425
-6.99478
-6.99591
-6.99635
-6.99772
-6.99808
-6.99807
-6.99835
-6.99858
-6.99877
-6.99892
-6.9987
-6.99909
-6.99879
-6.9991
-6.9984
-6.99864
-6.99754
-6.99769
-6.99782
-6.99758
-6.99698
-6.99668
-6.99634
-6.99564
-6.99524
-6.99448
-6.99402
-6.99385
-6.99398
-6.99311
-6.99254
-6.99162
-6.99068
-6.99069
-6.99035
-6.99
-6.9893
-6.98858
-6.9872
-6.98613
-6.98537
-6.98524
-6.9851
-6.9843
-6.9835
-6.98301
-6.98186
-6.98135
-6.9802
-6.98033
-6.97981
-6.97864
-6.97779
-6.97759
-6.97772
-6.97687
-6.97602
-6.97518
-6.97434
-6.97384
-6.97204
-6.97122
-6.97139
-6.97059
-6.97012
-6.96934
-6.96889
-6.96813
-6.96641
-6.96535
-6.96463
-6.96327
-6.96257
-6.96189
-6.96154
-6.96089
-6.9596
-6.95897
-6.95804
-6.95777
-6.95719
-6.95631
-6.95576
-6.9549
-6.95471
-6.95486
-6.9547
-6.95358
-6.95346
-6.95334
-6.9526
-6.95219
-6.95212
-6.95271
-6.95202
-6.95231
-6.95165
-6.95165
-6.951
-6.95037
-6.94975
-6.94947
-6.94984
-6.94956
-6.9493
-6.95002
-6.9488
-6.94823
-6.94767
-6.94744
-6.9472
-6.94632
-6.94576
-6.94521
-6.94497
-6.94409
-6.94353
-6.94329
-6.94338
-6.94313
-6.94223
-6.94198
-6.94107
-6.94113
-6.94086
-6.94123
-6.94062
-6.94034
-6.94004
-6.94006
-6.93943
-6.9391
-6.93877
-6.93811
-6.93776
-6.93708
-6.93703
-6.93666
-6.93692
-6.93815
-6.93775
-6.93734
-6.9366
-6.93585
-6.93542
-6.93498
-6.9342
-6.93375
-6.93328
-6.93281
-6.93234
-6.93218
-6.93169
-6.9312
-6.9307
-6.93053
-6.93002
-6.92952
-6.92965
-6.92849
-6.92766
-6.92714
-6.92663
-6.92578
-6.92527
-6.92442
-6.92423
-6.92371
-6.92384
-6.92299
-6.92312
-6.9226
-6.92273
-6.92221
-6.92169
-6.92117
-6.92065
-6.92013
-6.91993
-6.91941
-6.91856
-6.91803
-6.91717
-6.91631
-6.91545
-6.91523
-6.91436
-6.91381
-6.91292
-6.91268
-6.91178
-6.91119
-6.91059
-6.90901
-6.90839
-6.90743
-6.90613
-6.90514
-6.90414
-6.90312
-6.9024
-6.90134
-6.90058
-6.89947
-6.89866
-6.89751
-6.89665
-6.89577
-6.89421
-6.8936
-6.89328
-6.89261
-6.89126
-6.89019
-6.88942
-6.8883
-6.88714
-6.88659
-6.88568
-6.88442
-6.88312
-6.88178
-6.88073
-6.87932
-6.8782
-6.87738
-6.87619
-6.87464
-6.87338
-6.87144
-6.86947
-6.86812
-6.86673
-6.86531
-6.86386
-6.86271
-6.86057
-6.8584
-6.85652
-6.85431
-6.85239
-6.85046
-6.84851
-6.84687
-6.84457
-6.84258
-6.84026
-6.83825
-6.8356
-6.83359
-6.83029
-6.82828
-6.82693
-6.82461
-6.82296
-6.82099
-6.81871
-6.8171
-6.81486
-6.81265
-6.81111
-6.80863
-6.8065
-6.80506
-6.80366
-6.80197
-6.79999
-6.79872
-6.79652
-6.79566
-6.79389
-6.79249
-6.79084
-6.78989
-6.78835
-6.7872
-6.7858
-6.78544
-6.78386
-6.783
-6.78254
-6.7815
-6.78087
-6.78
-6.77889
-6.77819
-6.77789
-6.77736
-6.77724
-6.77785
-6.77791
-6.77838
-6.7783
-6.77928
-6.7797
-6.78054
-6.78115
-6.78218
-6.78265
-6.78354
-6.78388
-6.78463
-6.78613
-6.78803
-6.78938
-6.7905
-6.7917
-6.79364
-6.79502
-6.79616
-6.79802
-6.79964
-6.80135
-6.80345
-6.80562
-6.8082
-6.81084
-6.81387
-6.81665
-6.81884
-6.82142
-6.82405
-6.82674
-6.8298
-6.83258
-6.83606
-6.83926
-6.84218
-6.84513
-6.84844
-6.8508
-6.85384
-6.85885
-6.86193
-6.86471
-6.86847
-6.87095
-6.87505
-6.87819
-6.88132
-6.88445
-6.88757
-6.89068
-6.89411
-6.89751
-6.90057
-6.90296
-6.90663
-6.91091
-6.91386
-6.91678
-6.91934
-6.92218
-6.92531
-6.92774
-6.93077
-6.9331
-6.93506
-6.93696
-6.94042
-6.94253
-6.9449
-6.94786
-6.94978
-6.95131
-6.95375
-6.95547
-6.95711
-6.95933
-6.96115
-6.96225
-6.96392
-6.96583
-6.9667
-6.96846
-6.96949
-6.97108
-6.97195
-6.97242
-6.97377
-6.97472
-6.97559
-6.97638
-6.97709
-6.97804
-6.97859
-6.97938
-6.9801
-6.98138
-6.98162
-6.98179
-6.98189
-6.98191
-6.98251
-6.98175
-6.98125
-6.98069
-6.98006
-6.98002
-6.97993
-6.97913
-6.97828
-6.97739
-6.97644
-6.97611
-6.9754
-6.97466
-6.97486
-6.97406
-6.97193
-6.97107
-6.97019
-6.96961
-6.96934
-6.96841
-6.96748
-6.96621
-6.96526
-6.96399
-6.96304
-6.96178
-6.9615
-6.96059
-6.95936
-6.95816
-6.95729
-6.9571
-6.95629
-6.95519
-6.95476
-6.95373
-6.95272
-6.95208
-6.95148
-6.95092
-6.95073
-6.94993
-6.9495
-6.94913
-6.94912
-6.94981
-6.94958
-6.94844
-6.94896
-6.94889
-6.9492
-6.94956
-6.94964
-6.94978
-6.94964
-6.9502
-6.95048
-6.95081
-6.95151
-6.95193
-6.95337
-6.95356
-6.95378
-6.95405
-6.95435
-6.95501
-6.9557
-6.95642
-6.95685
-6.95795
-6.95875
-6.95924
-6.95942
-6.96027
-6.96016
-6.96135
-6.96223
-6.96278
-6.9643
-6.96453
-6.9654
-6.96626
-6.96646
-6.96632
-6.96714
-6.96794
-6.96871
-6.96913
-6.97017
-6.97054
-6.97054
-6.97148
-6.97206
-6.97259
-6.97341
-6.97385
-6.97458
-6.9746
-6.97457
-6.97384
-6.97403
-6.97417
-6.97456
-6.97458
-6.97421
-6.97379
-6.97427
-6.97404
-6.97408
-6.97373
-6.97331
-6.97251
-6.9723
-6.97235
-6.97169
-6.97064
-6.96986
-6.96934
-6.96877
-6.96781
-6.96712
-6.96573
-6.96494
-6.96345
-6.96256
-6.9613
-6.95935
-6.95833
-6.95662
-6.95585
-6.95407
-6.95227
-6.9501
-6.94889
-6.94668
-6.9451
-6.94383
-6.94319
-6.93995
-6.93832
-6.937
-6.93536
-6.93339
-6.93175
-6.93011
-6.92848
-6.92783
-6.92622
-6.9243
-6.92304
-6.92115
-6.92024
-6.91871
-6.9172
-6.91603
-6.91489
-6.91344
-6.91235
-6.91096
-6.90959
-6.90825
-6.90759
-6.90663
-6.90537
-6.90414
-6.90294
-6.90242
-6.90192
-6.90081
-6.8994
-6.89801
-6.8973
-6.89597
-6.89467
-6.89339
-6.89278
-6.89155
-6.89002
-6.88948
-6.888
-6.88621
-6.88477
-6.88433
-6.88422
-6.88414
-6.88311
-6.88241
-6.88206
-6.88108
-6.88012
-6.87982
-6.87922
-6.87895
-6.8787
-6.87814
-6.8776
-6.87707
-6.87656
-6.87508
-6.87427
-6.8738
-6.87367
-6.8729
-6.87214
-6.87205
-6.87261
-6.87222
-6.87184
-6.87147
-6.87144
-6.87013
-6.8698
-6.86948
-6.8695
-6.86922
-6.86926
-6.86868
-6.86908
-6.86917
-6.86862
-6.86907
-6.86888
-6.86838
-6.86822
-6.86808
-6.86893
-6.86947
-6.87035
-6.87029
-6.87056
-6.87021
-6.86989
-6.87055
-6.8706
-6.87034
-6.86979
-6.87023
-6.87005
-6.86991
-6.86979
-6.8697
-6.86997
-6.87027
-6.8706
-6.87065
-6.87105
-6.87246
-6.87391
-6.87475
-6.87531
-6.87655
-6.87751
-6.87851
-6.87923
-6.87934
-6.88014
-6.88034
-6.88252
-6.8841
-6.88507
-6.88576
-6.88648
-6.8879
-6.88936
-6.89118
-6.89175
-6.893
-6.89429
-6.89593
-6.89761
-6.89933
-6.9014
-6.90285
-6.90433
-6.90584
-6.9064
-6.90796
-6.90954
-6.91049
-6.91243
-6.91277
-6.91377
-6.91543
-6.9171
-6.91877
-6.92078
-6.92246
-6.92414
-6.92582
-6.92781
-6.92916
-6.9305
-6.93215
-6.93346
-6.93444
-6.93572
-6.93667
-6.93824
-6.93979
-6.94067
-6.9425
-6.94398
-6.94576
-6.94685
-6.94792
-6.94993
-6.95094
-6.95288
-6.95382
-6.95537
-6.95721
-6.95869
-6.9598
-6.96088
-6.96127
-6.96291
-6.96387
-6.96446
-6.96501
-6.96616
-6.96759
-6.96801
-6.96871
-6.96969
-6.96998
-6.97087
-6.97139
-6.97154
-6.97165
-6.97203
-6.9714
-6.97203
-6.97228
-6.97314
-6.97201
-6.97213
-6.97221
-6.97193
-6.97225
-6.9722
-6.97146
-6.97133
-6.97149
-6.97096
-6.97039
-6.96978
-6.96946
-6.96911
-6.96936
-6.96829
-6.96783
-6.96798
-6.96778
-6.96723
-6.96697
-6.96635
-6.96539
-6.96504
-6.965
-6.96396
-6.9629
-6.96214
-6.96103
-6.9599
-6.95908
-6.95857
-6.95836
-6.95716
-6.9566
-6.95602
-6.95478
-6.95386
-6.95357
-6.95262
-6.95102
-6.94973
-6.94908
-6.94811
-6.9468
-6.94581
-6.94514
-6.94415
-6.94315
-6.94216
-6.94116
-6.93951
-6.93916
-6.93784
-6.93653
-6.93553
-6.9352
-6.93421
-6.93323
-6.93226
-6.93162
-6.93099
-6.93003
-6.92844
-6.92718
-6.92626
-6.92566
-6.92476
-6.92548
-6.9246
-6.9234
-6.92255
-6.92138
-6.92055
-6.91973
-6.91926
-6.91815
-6.91738
-6.91695
-6.91622
-6.91486
-6.91416
-6.91284
-6.91219
-6.91091
-6.90998
-6.90973
-6.90917
-6.90832
-6.90846
-6.90766
-6.90754
-6.90712
-6.90673
-6.90637
-6.90605
-6.90543
-6.90485
-6.90463
-6.90412
-6.90461
-6.90418
-6.90476
-6.90537
-6.90538
-6.90543
-6.90552
-6.90533
-6.90551
-6.90573
-6.90631
-6.9063
-6.90568
-6.90576
-6.90652
-6.90701
-6.90754
-6.90812
-6.90841
-6.90908
-6.90946
-6.91021
-6.91068
-6.91152
-6.91272
-6.91396
-6.91395
-6.91559
-6.91598
-6.91641
-6.91654
-6.91801
-6.91919
-6.9204
-6.92164
-6.92258
-6.92354
-6.92389
-6.92522
-6.92658
-6.92763
-6.92901
-6.93074
-6.93183
-6.93325
-6.93565
-6.93741
-6.9382
-6.94029
-6.9414
-6.94251
-6.94362
-6.94471
-6.94644
-6.94849
-6.95019
-6.95253
-6.95388
-6.95488
-6.95651
-6.95747
-6.95937
-6.9606
-6.96147
-6.96328
-6.96409
-6.96454
-6.9656
-6.96662
-6.96728
-6.96855
-6.96945
-6.97063
-6.9708
-6.97189
-6.97197
-6.97298
-6.97393
-6.97419
-6.97376
-6.97425
-6.97468
-6.97507
-6.97573
-6.97602
-6.97626
-6.97645
-6.97691
-6.977
-6.97769
-6.97703
-6.9773
-6.97687
-6.9764
-6.9762
-6.97596
-6.97535
-6.97501
-6.97464
-6.97454
-6.97408
-6.97358
-6.97303
-6.97245
-6.97215
-6.97116
-6.97046
-6.97005
-6.96929
-6.96816
-6.96733
-6.9655
-6.96493
-6.964
-6.96241
-6.96176
-6.9614
-6.96103
-6.95998
-6.95891
-6.9575
-6.95607
-6.95527
-6.95445
-6.9533
-6.95212
-6.95093
-6.94973
-6.94852
-6.94794
-6.94671
-6.94579
-6.94487
-6.94329
-6.94202
-6.94108
-6.93981
-6.93951
-6.93888
-6.93728
-6.93568
-6.93538
-6.93443
-6.93317
-6.9319
-6.93129
-6.93004
-6.9288
-6.92756
-6.92634
-6.92544
-6.92456
-6.92402
-6.92316
-6.92167
-6.92052
-6.91939
-6.91763
-6.91621
-6.91513
-6.91439
-6.91304
-6.91138
-6.91006
-6.90942
-6.90881
-6.90789
-6.907
-6.90614
-6.90498
-6.90385
-6.90307
-6.90199
-6.90159
-6.90057
-6.89958
-6.89861
-6.89736
-6.89678
-6.89623
-6.89571
-6.89521
-6.89475
-6.89431
-6.8939
-6.89352
-6.89316
-6.89315
-6.89187
-6.89223
-6.89262
-6.89238
-6.89249
-6.89229
-6.89243
-6.89195
-6.8918
-6.8907
-6.89059
-6.89049
-6.89007
-6.89129
-6.89219
-6.89181
-6.89209
-6.89237
-6.892
-6.89229
-6.89194
-6.89223
-6.8922
-6.89218
-6.89247
-6.89277
-6.89273
-6.8927
-6.89299
-6.89295
-6.89258
-6.89253
-6.89312
-6.89306
-6.89396
-6.89389
-6.89382
-6.89406
-6.89429
-6.89355
-6.89345
-6.89303
-6.89227
-6.89216
-6.89205
-6.89161
-6.89084
-6.89072
-6.89027
-6.89014
-6.89034
-6.88957
-6.88944
-6.88868
-6.88791
-6.88845
-6.88834
-6.88824
-6.88847
-6.88903
-6.88928
-6.88921
-6.88948
-6.88944
-6.88909
-6.8881
-6.88778
-6.8878
-6.88783
-6.88755
-6.88665
-6.88674
-6.88685
-6.88697
-6.88745
-6.88729
-6.88717
-6.88673
-6.8873
-6.88821
-6.8898
-6.89076
-6.8911
-6.89147
-6.89185
-6.89259
-6.8927
-6.89283
-6.89331
-6.89479
-6.89531
-6.89586
-6.89675
-6.89767
-6.89892
-6.89955
-6.90019
-6.90118
-6.90153
-6.90222
-6.90292
-6.90331
-6.90436
-6.9051
-6.90616
-6.9069
-6.90798
-6.9084
-6.90851
-6.90894
-6.90969
-6.91043
-6.91117
-6.9119
-6.91262
-6.91332
-6.91434
-6.91534
-6.91568
-6.91568
-6.9163
-6.9169
-6.91748
-6.91803
-6.91791
-6.91905
-6.91984
-6.9206
-6.921
-6.92137
-6.92138
-6.92167
-6.92225
-6.92279
-6.92264
-6.92245
-6.92222
-6.92227
-6.92227
-6.9219
-6.92148
-6.92167
-6.9218
-6.92157
-6.92064
-6.9203
-6.92025
-6.91949
-6.91868
-6.91815
-6.91789
-6.91725
-6.91657
-6.91519
-6.91506
-6.91359
-6.91337
-6.91084
-6.90892
-6.90825
-6.90722
-6.90614
-6.90471
-6.90324
-6.9027
-6.90181
-6.90024
-6.89897
-6.89799
-6.89699
-6.89564
-6.89428
-6.89289
-6.8915
-6.88976
-6.88769
-6.88692
-6.88581
-6.88406
-6.88295
-6.88088
-6.88043
-6.87999
-6.8786
-6.87657
-6.87521
-6.87419
-6.87288
-6.87126
-6.87096
-6.86973
-6.86884
-6.86735
-6.86621
-6.86478
-6.86339
-6.86172
-6.86074
-6.85851
-6.85762
-6.8571
-6.855
-6.85458
-6.8542
-6.85355
-6.85262
-6.85206
-6.85188
-6.8524
-6.85167
-6.85196
-6.85165
-6.85139
-6.85086
-6.84972
-6.85025
-6.85051
-6.85113
-6.85114
-6.85088
-6.8513
-6.85177
-6.85195
-6.85216
-6.85306
-6.85302
-6.85399
-6.85434
-6.85407
-6.85545
-6.85589
-6.85668
-6.85685
-6.85736
-6.85758
-6.85878
-6.85937
-6.85997
-6.86026
-6.8609
-6.86156
-6.8619
-6.86292
-6.8633
-6.86402
-6.86508
-6.86583
-6.8666
-6.86738
-6.86817
-6.86898
-6.86981
-6.87066
-6.87119
-6.87175
-6.87232
-6.87355
-6.87513
-6.87544
-6.87641
-6.8774
-6.87873
-6.88009
-6.88082
-6.88189
-6.88299
-6.88443
-6.88558
-6.88642
-6.88729
-6.88883
-6.89039
-6.89069
-6.89166
-6.8933
-6.89431
-6.89535
-6.89738
-6.89879
-6.90022
-6.902
-6.90315
-6.90496
-6.90615
-6.90768
-6.90988
-6.91144
-6.91334
-6.91525
-6.9175
-6.91879
-6.9217
-6.92333
-6.92463
-6.92627
-6.92757
-6.92921
-6.93116
-6.93246
-6.93408
-6.93537
-6.93633
-6.93825
-6.94015
-6.94204
-6.94327
-6.94415
-6.94566
-6.94747
-6.94925
-6.95069
-6.95145
-6.95283
-6.95386
-6.95453
-6.95549
-6.95675
-6.95796
-6.95947
-6.95997
-6.96075
-6.96149
-6.96219
-6.96318
-6.96379
-6.96501
-6.96619
-6.96699
-6.9684
-6.96879
-6.96978
-6.97007
-6.97097
-6.97116
-6.97099
-6.97174
-6.97212
-6.97374
-6.97435
-6.97458
-6.97541
-6.97619
-6.97692
-6.97696
-6.97727
-6.97558
-6.97547
-6.97499
-6.97414
-6.97291
-6.97229
-6.97163
-6.97156
-6.97146
-6.97098
-6.97111
-6.97023
-6.96963
-6.96867
-6.96832
-6.96728
-6.96718
-6.96575
-6.96429
-6.96345
-6.96258
-6.962
-6.96075
-6.96012
-6.95849
-6.95652
-6.95583
-6.95447
-6.95374
-6.95268
-6.95161
-6.95085
-6.95008
-6.94931
-6.94854
-6.94809
-6.94731
-6.94622
-6.9448
-6.94339
-6.94232
-6.94061
-6.93955
-6.93917
-6.93782
-6.93714
-6.93681
-6.9365
-6.93557
-6.93499
-6.93378
-6.93294
-6.93115
-6.93069
-6.92961
-6.92922
-6.92854
-6.92758
-6.9273
-6.92641
-6.92589
-6.92541
-6.92466
-6.92427
-6.9249
-6.92395
-6.92338
-6.92317
-6.92333
-6.9229
-6.92283
-6.9228
-6.9225
-6.92257
-6.92333
-6.92316
-6.92401
-6.92458
-6.92423
-6.92424
-6.92461
-6.92503
-6.92548
-6.9263
-6.92683
-6.9274
-6.928
-6.92864
-6.92931
-6.93034
-6.93139
-6.93183
-6.93262
-6.93246
-6.93297
-6.93448
-6.93504
-6.93561
-6.93653
-6.93778
-6.93905
-6.94065
-6.9413
-6.94195
-6.94294
-6.94457
-6.94621
-6.94753
-6.94853
-6.94984
-6.94986
-6.94988
-6.95053
-6.9515
-6.95278
-6.95308
-6.95434
-6.95494
-6.95551
-6.95639
-6.95758
-6.95842
-6.95924
-6.96004
-6.96048
-6.96122
-6.96194
-6.96165
-6.96296
-6.96391
-6.96515
-6.96636
-6.96689
-6.96739
-6.96784
-6.96859
-6.96865
-6.96933
-6.96931
-6.96894
-6.96885
-6.96937
-6.96953
-6.969
-6.96973
-6.96912
-6.96879
-6.96875
-6.96866
-6.96854
-6.96869
-6.96881
-6.96888
-6.96892
-6.96794
-6.96789
-6.96748
-6.96702
-6.9662
-6.96632
-6.96575
-6.96546
-6.96481
-6.96477
-6.96405
-6.96265
-6.96218
-6.96168
-6.96147
-6.9596
-6.95771
-6.95675
-6.95545
-6.95443
-6.95468
-6.95362
-6.95284
-6.95204
-6.95057
-6.94779
-6.94627
-6.94474
-6.9435
-6.94225
-6.94098
-6.94034
-6.93936
-6.93772
-6.93671
-6.93537
-6.93434
-6.93297
-6.93192
-6.93086
-6.92947
-6.9284
-6.92765
-6.92592
-6.92483
-6.92343
-6.92201
-6.92028
-6.91822
-6.91746
-6.91574
-6.91531
-6.91391
-6.9122
-6.91049
-6.90943
-6.90838
-6.90702
-6.90566
-6.90432
-6.90266
-6.90165
-6.90002
-6.89904
-6.89742
-6.89582
-6.89422
-6.89329
-6.89205
-6.89115
-6.88929
-6.88841
-6.88755
-6.88606
-6.88523
-6.88409
-6.88232
-6.8809
-6.87981
-6.87939
-6.87834
-6.87731
-6.87565
-6.87498
-6.87402
-6.87307
-6.87215
-6.87028
-6.8694
-6.8692
-6.86806
-6.86726
-6.86714
-6.86575
-6.86439
-6.86371
-6.86274
-6.8618
-6.86155
-6.86068
-6.86017
-6.86002
-6.85959
-6.85855
-6.85787
-6.85659
-6.85633
-6.85643
-6.85626
-6.85613
-6.85605
-6.85602
-6.85636
-6.85644
-6.85624
-6.85577
-6.85666
-6.85727
-6.85762
-6.8577
-6.85784
-6.85805
-6.85798
-6.85863
-6.85934
-6.8601
-6.86093
-6.86149
-6.86341
-6.86442
-6.86484
-6.86597
-6.86651
-6.86743
-6.86874
-6.8701
-6.87184
-6.87267
-6.87419
-6.87544
-6.87675
-6.87842
-6.87982
-6.88159
-6.88405
-6.88558
-6.88714
-6.88907
-6.89168
-6.89399
-6.89569
-6.89773
-6.89979
-6.90156
-6.90301
-6.90512
-6.90725
-6.90873
-6.91216
-6.9143
-6.91644
-6.91922
-6.92166
-6.92377
-6.92555
-6.92795
-6.93034
-6.93303
-6.93537
-6.93735
-6.93898
-6.94122
-6.94408
-6.9456
-6.94707
-6.94883
-6.95119
-6.9535
-6.95544
-6.95765
-6.95948
-6.96093
-6.96233
-6.96367
-6.96462
-6.96584
-6.96603
-6.96712
-6.96782
-6.96879
-6.96969
-6.96955
-6.97064
-6.97135
-6.97166
-6.97256
-6.97274
-6.97448
-6.97486
-6.9755
-6.97543
-6.97594
-6.9764
-6.97615
-6.97648
-6.97644
-6.97666
-6.97682
-6.97661
-6.97601
-6.9757
-6.97565
-6.97555
-6.97476
-6.97425
-6.97369
-6.97374
-6.97342
-6.97371
-6.97332
-6.97256
-6.97113
-6.97128
-6.96946
-6.96858
-6.96767
-6.96641
-6.9661
-6.96512
-6.96412
-6.96278
-6.96143
-6.95973
-6.95835
-6.95663
-6.95555
-6.95413
-6.95335
-6.95289
-6.95177
-6.95098
-6.95018
-6.9497
-6.9489
-6.94745
-6.94633
-6.94585
-6.94473
-6.94361
-6.94249
-6.94073
-6.93995
-6.93917
-6.93775
-6.93666
-6.93557
-6.93417
-6.93342
-6.93236
-6.9313
-6.93026
-6.92889
-6.92819
-6.92749
-6.92681
-6.92516
-6.92449
-6.92351
-6.92319
-6.92224
-6.92161
-6.921
-6.91975
-6.91884
-6.91633
-6.91512
-6.91489
-6.91403
-6.91318
-6.91267
-6.91087
-6.90974
-6.90926
-6.90848
-6.90836
-6.90761
-6.90623
-6.90518
-6.90383
-6.90379
-6.90442
-6.90312
-6.90151
-6.90122
-6.90063
-6.90005
-6.8995
-6.89864
-6.89845
-6.89763
-6.89715
-6.89605
-6.89562
-6.89522
-6.89483
-6.89447
-6.89446
-6.89382
-6.89353
-6.89359
-6.89335
-6.89346
-6.89359
-6.89343
-6.89297
-6.8935
-6.89342
-6.89369
-6.89333
-6.89366
-6.89303
-6.89341
-6.89316
-6.89359
-6.89372
-6.89356
-6.89374
-6.89427
-6.89451
-6.89477
-6.89505
-6.89504
-6.89473
-6.89476
-6.89514
-6.89522
-6.89532
-6.89577
-6.89624
-6.89544
-6.89595
-6.89681
-6.89865
-6.89923
-6.89982
-6.89978
-6.89976
-6.9004
-6.90139
-6.90142
-6.90211
-6.90249
-6.90288
-6.90361
-6.90435
-6.9051
-6.90586
-6.9063
-6.90708
-6.90786
-6.90929
-6.91041
-6.91023
-6.91104
-6.91216
-6.91329
-6.91443
-6.91524
-6.91604
-6.9162
-6.91733
-6.91813
-6.91731
-6.91779
-6.91825
-6.91904
-6.91917
-6.91994
-6.9207
-6.92113
-6.92188
-6.92261
-6.92334
-6.92405
-6.92475
-6.92544
-6.92709
-6.92775
-6.92905
-6.93002
-6.93096
-6.93157
-6.93282
-6.9334
-6.93396
-6.93451
-6.93504
-6.93556
-6.93638
-6.93718
-6.93796
-6.93873
-6.93948
-6.93988
-6.94059
-6.94096
-6.94164
-6.94229
-6.94292
-6.94289
-6.94348
-6.94373
-6.94428
-6.94449
-6.94467
-6.94483
-6.94497
-6.94542
-6.94486
-6.94462
-6.94402
-6.94373
-6.94342
-6.94405
-6.94467
-6.94461
-6.94389
-6.94314
-6.94366
-6.94416
-6.94399
-6.94379
-6.94325
-6.94333
-6.94307
-6.9431
-6.94343
-6.94375
-6.94338
-6.943
-6.94292
-6.94249
-6.94398
-6.94318
-6.94301
-6.94217
-6.94163
-6.94043
-6.93985
-6.9386
-6.93765
-6.93701
-6.93668
-6.93568
-6.93434
-6.93363
-6.93257
-6.93313
-6.93205
-6.93096
-6.93018
-6.92971
-6.92955
-6.92842
-6.92728
-6.92614
-6.92563
-6.92383
-6.923
-6.92281
-6.92165
-6.9205
-6.91967
-6.91884
-6.91899
-6.91818
-6.91738
-6.91562
-6.91452
-6.91375
-6.91268
-6.91194
-6.91188
-6.91118
-6.91019
-6.90955
-6.9086
-6.90801
-6.90712
-6.90626
-6.90544
-6.90562
-6.90615
-6.90543
-6.90506
-6.90474
-6.90444
-6.90419
-6.90431
-6.90414
-6.90368
-6.90359
-6.90387
-6.90387
-6.90391
-6.90302
-6.90282
-6.90332
-6.90321
-6.90282
-6.90344
-6.90411
-6.90418
-6.90461
-6.90509
-6.9056
-6.90649
-6.90676
-6.90772
-6.90774
-6.90813
-6.90887
-6.90998
-6.91078
-6.91162
-6.91281
-6.91468
-6.91528
-6.9159
-6.91654
-6.91753
-6.91886
-6.91987
-6.92123
-6.92259
-6.92364
-6.92471
-6.92545
-6.92619
-6.92694
-6.92801
-6.9294
-6.93078
-6.93183
-6.93288
-6.93358
-6.93428
-6.93528
-6.93595
-6.93691
-6.93819
-6.93911
-6.93969
-6.94089
-6.94206
-6.94288
-6.94335
-6.94444
-6.94549
-6.94618
-6.94717
-6.94844
-6.94871
-6.94926
-6.94946
-6.95026
-6.9507
-6.9511
-6.95082
-6.9505
-6.95079
-6.95104
-6.95157
-6.95207
-6.9522
-6.951
-6.95106
-6.95109
-6.95075
-6.95038
-6.94965
-6.94953
-6.94971
-6.94985
-6.94997
-6.94941
-6.94914
-6.94949
-6.94917
-6.94883
-6.94846
-6.94743
-6.94701
-6.94658
-6.94613
-6.94502
-6.94421
-6.94371
-6.9432
-6.94235
-6.94181
-6.94127
-6.94104
-6.94015
-6.93959
-6.93869
-6.93876
-6.93851
-6.93858
-6.93832
-6.93775
-6.9375
-6.93628
-6.93539
-6.93515
-6.93459
-6.93437
-6.9335
-6.93297
-6.93115
-6.92999
-6.92981
-6.92931
-6.92883
-6.92836
-6.92822
-6.92842
-6.92831
-6.92854
-6.92846
-6.92807
-6.9277
-6.92701
-6.92699
-6.92666
-6.92668
-6.92638
-6.92675
-6.92682
-6.92658
-6.92604
-6.92551
-6.92533
-6.92452
-6.9247
-6.92491
-6.92448
-6.92473
-6.92532
-6.92561
-6.92592
-6.92658
-6.92629
-6.92602
-6.92739
-6.92781
-6.92794
-6.92841
-6.92826
-6.92812
-6.92802
-6.92793
-6.92852
-6.92881
-6.9288
-6.92945
-6.92949
-6.92987
-6.93027
-6.93069
-6.93179
-6.93225
-6.93242
-6.93292
-6.93313
-6.93303
-6.93295
-6.9332
-6.9338
-6.93474
-6.9357
-6.93602
-6.93636
-6.93736
-6.93804
-6.93907
-6.9401
-6.94082
-6.9409
-6.94099
-6.94174
-6.94249
-6.94325
-6.9437
-6.94479
-6.94589
-6.94635
-6.94746
-6.9489
-6.95002
-6.95081
-6.95225
-6.95337
-6.95417
-6.95496
-6.95608
-6.95654
-6.95701
-6.95747
-6.95857
-6.95903
-6.9598
-6.96056
-6.9623
-6.96305
-6.9638
-6.96454
-6.9656
-6.96632
-6.96704
-6.96743
-6.96813
-6.96817
-6.96918
-6.96985
-6.97051
-6.97083
-6.97147
-6.97177
-6.97238
-6.97297
-6.97356
-6.97445
-6.97468
-6.97489
-6.97542
-6.9756
-6.97576
-6.97655
-6.9783
-6.97873
-6.97913
-6.97984
-6.97988
-6.97924
-6.97891
-6.97919
-6.97978
-6.97936
-6.97891
-6.97973
-6.98052
-6.98063
-6.98038
-6.98074
-6.98042
-6.98039
-6.98
-6.97989
-6.9791
-6.97859
-6.97836
-6.97777
-6.97714
-6.97712
-6.97641
-6.97598
-6.9755
-6.97499
-6.97443
-6.97513
-6.97416
-6.97315
-6.97275
-6.97166
-6.9715
-6.97098
-6.96978
-6.96886
-6.9679
-6.96691
-6.96686
-6.96677
-6.96601
-6.96522
-6.96375
-6.9629
-6.96106
-6.96049
-6.95958
-6.95897
-6.95835
-6.95772
-6.95675
-6.95545
-6.95413
-6.95282
-6.95117
-6.94985
-6.94853
-6.94786
-6.94719
-6.94653
-6.94556
-6.94427
-6.94267
-6.94109
-6.93952
-6.93797
-6.93611
-6.93524
-6.93407
-6.9326
-6.9318
-6.93037
-6.92864
-6.92791
-6.92656
-6.92523
-6.92425
-6.92329
-6.92171
-6.92048
-6.91895
-6.91776
-6.9166
-6.91546
-6.91467
-6.91454
-6.91379
-6.91241
-6.91105
-6.911
-6.91031
-6.909
-6.9077
-6.90739
-6.90579
-6.90485
-6.90393
-6.90334
-6.90275
-6.90217
-6.9016
-6.90136
-6.90113
-6.90057
-6.90034
-6.90011
-6.89892
-6.89837
-6.89815
-6.89761
-6.89706
-6.89555
-6.89468
-6.89478
-6.89294
-6.89271
-6.89249
-6.89161
-6.8904
-6.88984
-6.88928
-6.88871
-6.88878
-6.88821
-6.8873
-6.88672
-6.88613
-6.88553
-6.88461
-6.88401
-6.88373
-6.88344
-6.88283
-6.88221
-6.88191
-6.88193
-6.88195
-6.88164
-6.88101
-6.87972
-6.87875
-6.87811
-6.87713
-6.87615
-6.87614
-6.87515
-6.87449
-6.87414
-6.87249
-6.87182
-6.87113
-6.87013
-6.86976
-6.86907
-6.86837
-6.86703
-6.866
-6.86562
-6.86524
-6.86454
-6.86383
-6.86215
-6.86208
-6.86137
-6.86066
-6.8606
-6.85989
-6.85918
-6.85718
-6.85647
-6.85675
-6.85605
-6.85536
-6.85499
-6.85464
-6.85429
-6.85363
-6.85297
-6.85232
-6.85201
-6.85074
-6.8498
-6.84888
-6.84829
-6.84707
-6.84684
-6.84598
-6.84579
-6.84497
-6.84449
-6.84372
-6.84361
-6.84385
-6.84379
-6.84279
-6.84213
-6.84119
-6.84092
-6.84068
-6.84079
-6.84126
-6.84144
-6.84133
-6.84093
-6.84154
-6.84154
-6.84157
-6.84229
-6.8424
-6.84255
-6.84241
-6.84199
-6.84259
-6.84387
-6.84423
-6.84495
-6.84539
-6.8462
-6.84705
-6.84729
-6.84856
-6.84889
-6.84959
-6.85001
-6.85079
-6.85194
-6.85346
-6.85437
-6.855
-6.85599
-6.85735
-6.85875
-6.85986
-6.86069
-6.86155
-6.8631
-6.86404
-6.86533
-6.86699
-6.86835
-6.87007
-6.8715
-6.87296
-6.8738
-6.875
-6.87687
-6.87779
-6.88004
-6.88199
-6.88396
-6.88563
-6.887
-6.88871
-6.89011
-6.89153
-6.89297
-6.89442
-6.89653
-6.89865
-6.90046
-6.90227
-6.90377
-6.9056
-6.90743
-6.90927
-6.91078
-6.9123
-6.91414
-6.91565
-6.91748
-6.91963
-6.92177
-6.92359
-6.92507
-6.9259
-6.92768
-6.92913
-6.93122
-6.93264
-6.93404
-6.93607
-6.93744
-6.93911
-6.94141
-6.94304
-6.94465
-6.94623
-6.94779
-6.94964
-6.95147
-6.95263
-6.95473
-6.95583
-6.95723
-6.95859
-6.95993
-6.96123
-6.96283
-6.96408
-6.96529
-6.96615
-6.96763
-6.96874
-6.96886
-6.97024
-6.97159
-6.97225
-6.97321
-6.97413
-6.97535
-6.97653
-6.97767
-6.97846
-6.97922
-6.98091
-6.98096
-6.98162
-6.98224
-6.98316
-6.98404
-6.98392
-6.98441
-6.98487
-6.98594
-6.98633
-6.98669
-6.98638
-6.98732
-6.98791
-6.98814
-6.98769
-6.98754
-6.98799
-6.98744
-6.98783
-6.98883
-6.98916
-6.98944
-6.98937
-6.98863
-6.98817
-6.98832
-6.98877
-6.98821
-6.98794
-6.98763
-6.98697
-6.98692
-6.98586
-6.98542
-6.98495
-6.98509
-6.98454
-6.98364
-6.98239
-6.98175
-6.98107
-6.98037
-6.97995
-6.97951
-6.97871
-6.97788
-6.97702
-6.97548
-6.97521
-6.97459
-6.97297
-6.97165
-6.9703
-6.96925
-6.9685
-6.96708
-6.96629
-6.96515
-6.96399
-6.96184
-6.96129
-6.96008
-6.9582
-6.9563
-6.9544
-6.95312
-6.95216
-6.95151
-6.94988
-6.94791
-6.94626
-6.94493
-6.94294
-6.94126
-6.93991
-6.93887
-6.93815
-6.93646
-6.93574
-6.93404
-6.93234
-6.92999
-6.92893
-6.92723
-6.92553
-6.92447
-6.92342
-6.9214
-6.91938
-6.91704
-6.91568
-6.91464
-6.91296
-6.91161
-6.91059
-6.90892
-6.90662
-6.90561
-6.90559
-6.90492
-6.90361
-6.90231
-6.90102
-6.89973
-6.8991
-6.89816
-6.89657
-6.89467
-6.89343
-6.89253
-6.89196
-6.89075
-6.88923
-6.88805
-6.88688
-6.88573
-6.88459
-6.88346
-6.88268
-6.88224
-6.88053
-6.8798
-6.87877
-6.87777
-6.8771
-6.87647
-6.87488
-6.87332
-6.87212
-6.87223
-6.87141
-6.87126
-6.87049
-6.86975
-6.86872
-6.86805
-6.86677
-6.86681
-6.86657
-6.86604
-6.86522
-6.86509
-6.86467
-6.86462
-6.86428
-6.8643
-6.86437
-6.86415
-6.8643
-6.86384
-6.86407
-6.86434
-6.86434
-6.86437
-6.86477
-6.86489
-6.86537
-6.86525
-6.86581
-6.8661
-6.86674
-6.86776
-6.86848
-6.86925
-6.86973
-6.86992
-6.86951
-6.87009
-6.87039
-6.87104
-6.87173
-6.87244
-6.87351
-6.87461
-6.87444
-6.87526
-6.87578
-6.87665
-6.87753
-6.87779
-6.87903
-6.87932
-6.87962
-6.88058
-6.88123
-6.88188
-6.88319
-6.88482
-6.88581
-6.88647
-6.88745
-6.88843
-6.89005
-6.8907
-6.89166
-6.8926
-6.89354
-6.89446
-6.89536
-6.89624
-6.8971
-6.89827
-6.89844
-6.89956
-6.90066
-6.90108
-6.90212
-6.90249
-6.90347
-6.90475
-6.906
-6.90722
-6.90711
-6.90826
-6.90905
-6.90917
-6.90892
-6.90929
-6.91027
-6.91122
-6.91181
-6.91205
-6.91225
-6.91209
-6.91191
-6.9117
-6.91178
-6.91151
-6.91155
-6.91252
-6.91251
-6.91247
-6.91209
-6.91136
-6.91192
-6.91246
-6.91234
-6.91253
-6.91207
-6.91161
-6.91179
-6.91068
-6.91054
-6.90976
-6.90995
-6.90984
-6.91006
-6.91062
-6.90991
-6.90987
-6.91017
-6.91018
-6.91119
-6.91158
-6.91168
-6.91214
-6.91232
-6.91189
-6.91214
-6.9118
-6.91214
-6.9122
-6.91328
-6.91376
-6.91429
-6.91519
-6.91614
-6.91648
-6.91558
-6.91537
-6.91521
-6.91574
-6.91664
-6.91726
-6.91889
-6.92024
-6.92098
-6.92208
-6.92224
-6.92406
-6.92526
-6.92648
-6.92838
-6.92997
-6.93127
-6.93258
-6.93423
-6.93557
-6.9366
-6.93796
-6.93998
-6.9407
-6.94239
-6.94344
-6.94481
-6.94617
-6.94849
-6.94886
-6.95051
-6.95215
-6.95377
-6.95473
-6.95599
-6.95755
-6.95844
-6.95963
-6.96046
-6.96224
-6.96399
-6.96506
-6.96578
-6.96679
-6.96841
-6.9687
-6.96895
-6.97014
-6.97161
-6.97337
-6.97379
-6.97417
-6.97483
-6.97512
-6.97537
-6.97623
-6.97607
-6.97618
-6.97626
-6.97725
-6.97755
-6.97781
-6.97834
-6.97883
-6.97927
-6.97934
-6.97968
-6.97934
-6.97894
-6.97915
-6.97866
-6.9778
-6.97754
-6.97723
-6.97688
-6.9768
-6.97571
-6.97586
-6.97597
-6.97506
-6.97313
-6.97214
-6.97175
-6.97099
-6.96986
-6.96869
-6.96812
-6.96751
-6.96653
-6.96518
-6.96412
-6.96367
-6.9622
-6.96167
-6.96078
-6.9592
-6.95792
-6.95659
-6.95459
-6.95287
-6.95113
-6.94968
-6.94853
-6.9467
-6.94484
-6.94328
-6.94138
-6.93945
-6.93751
-6.93587
-6.93421
-6.93287
-6.93086
-6.92916
-6.92681
-6.92542
-6.92338
-6.92198
-6.92123
-6.91983
-6.91746
-6.91639
-6.91468
-6.91297
-6.91095
-6.90893
-6.90725
-6.90591
-6.90426
-6.90263
-6.90102
-6.89975
-6.89785
-6.89663
-6.89511
-6.89362
-6.8928
-6.89137
-6.89029
-6.88891
-6.88725
-6.8866
-6.88631
-6.88508
-6.88454
-6.88339
-6.88195
-6.88088
-6.87985
-6.87886
-6.87791
-6.87668
-6.87517
-6.87402
-6.87324
-6.87154
-6.87084
-6.87117
-6.87024
-6.86968
-6.86981
-6.86933
-6.86922
-6.86882
-6.86879
-6.8688
-6.86853
-6.86829
-6.86874
-6.86922
-6.86845
-6.86836
-6.86863
-6.86828
-6.86797
-6.86833
-6.86841
-6.86851
-6.86831
-6.86879
-6.8693
-6.87016
-6.87072
-6.8713
-6.87224
-6.87254
-6.87319
-6.87322
-6.87391
-6.87398
-6.87504
-6.87514
-6.87559
-6.87638
-6.87686
-6.87735
-6.87819
-6.87807
-6.87861
-6.88014
-6.88039
-6.88064
-6.88156
-6.8825
-6.88247
-6.88278
-6.88213
-6.88311
-6.88346
-6.88446
-6.88547
-6.88617
-6.88656
-6.88727
-6.88768
-6.88841
-6.88916
-6.88991
-6.89067
-6.89047
-6.89125
-6.89236
-6.89284
-6.89396
-6.89478
-6.89559
-6.89609
-6.89693
-6.89776
-6.89925
-6.89978
-6.90063
-6.90149
-6.90268
-6.90387
-6.90475
-6.9053
-6.90618
-6.90772
-6.90861
-6.90917
-6.91007
-6.91064
-6.91121
-6.91146
-6.91268
-6.91325
-6.91351
-6.91505
-6.91595
-6.91684
-6.91773
-6.91797
-6.91886
-6.92038
-6.92125
-6.92277
-6.92363
-6.92448
-6.92468
-6.9252
-6.92635
-6.92718
-6.92863
-6.92944
-6.9299
-6.93036
-6.9308
-6.93155
-6.93294
-6.934
-6.93471
-6.93509
-6.93578
-6.93645
-6.9371
-6.93839
-6.93837
-6.93898
-6.93893
-6.93983
-6.94007
-6.93997
-6.9405
-6.94037
-6.94054
-6.94102
-6.94148
-6.94193
-6.94236
-6.94245
-6.94284
-6.94322
-6.94391
-6.94426
-6.94557
-6.94621
-6.94684
-6.94714
-6.94741
-6.948
-6.94891
-6.94882
-6.94841
-6.94863
-6.94948
-6.94936
-6.94955
-6.94941
-6.94991
-6.94943
-6.9496
-6.95008
-6.95055
-6.9507
-6.95085
-6.95066
-6.95113
-6.95126
-6.95204
-6.95218
-6.95231
-6.95276
-6.95289
-6.95335
-6.95348
-6.95329
-6.95343
-6.95356
-6.95435
-6.95482
-6.95497
-6.95544
-6.95494
-6.95574
-6.95622
-6.95638
-6.95654
-6.95574
-6.95526
-6.9551
-6.95495
-6.95609
-6.95626
-6.95676
-6.9566
-6.95645
-6.95662
-6.95711
-6.95792
-6.95808
-6.95759
-6.95742
-6.9579
-6.95804
-6.95818
-6.95863
-6.95843
-6.95854
-6.95833
-6.95874
-6.95915
-6.95955
-6.95928
-6.95933
-6.95936
-6.95971
-6.95939
-6.9597
-6.95999
-6.95962
-6.95923
-6.95947
-6.95936
-6.95988
-6.96005
-6.95989
-6.95937
-6.95916
-6.95924
-6.95898
-6.95902
-6.95871
-6.95805
-6.95768
-6.95664
-6.95622
-6.95544
-6.95464
-6.9538
-6.95327
-6.95335
-6.95243
-6.95213
-6.95082
-6.95079
-6.9504
-6.94933
-6.94889
-6.94809
-6.94695
-6.9461
-6.94523
-6.94433
-6.94277
-6.94183
-6.94119
-6.94021
-6.93954
-6.93885
-6.93814
-6.9371
-6.93605
-6.93597
-6.93522
-6.93447
-6.93307
-6.93167
-6.93092
-6.9305
-6.92943
-6.92837
-6.92731
-6.92562
-6.92427
-6.92293
-6.92128
-6.92062
-6.91966
-6.91904
-6.91716
-6.91626
-6.9154
-6.91456
-6.91278
-6.91264
-6.91222
-6.91184
-6.91051
-6.90987
-6.90926
-6.90933
-6.90847
-6.90796
-6.9075
-6.90707
-6.90635
-6.90502
-6.90438
-6.90442
-6.90417
-6.90331
-6.90281
-6.90268
-6.90257
-6.90186
-6.90182
-6.90182
-6.90185
-6.90126
-6.90167
-6.9018
-6.90227
-6.90213
-6.90267
-6.9029
-6.90317
-6.90346
-6.90378
-6.90379
-6.90416
-6.90487
-6.90528
-6.90571
-6.90649
-6.90663
-6.90614
-6.90632
-6.90619
-6.9064
-6.90695
-6.90686
-6.90776
-6.90834
-6.90861
-6.90888
-6.90916
-6.90945
-6.91072
-6.91135
-6.9123
-6.91261
-6.91356
-6.91485
-6.91516
-6.91645
-6.91708
-6.91772
-6.91802
-6.91865
-6.91928
-6.91957
-6.9205
-6.92111
-6.92171
-6.9223
-6.92288
-6.92378
-6.92369
-6.92393
-6.92447
-6.92532
-6.92552
-6.92635
-6.92782
-6.92831
-6.92878
-6.92924
-6.92968
-6.93044
-6.93085
-6.93093
-6.93099
-6.93104
-6.9314
-6.93141
-6.93174
-6.93237
-6.93267
-6.93295
-6.93321
-6.93346
-6.9337
-6.93392
-6.93413
-6.93432
-6.93384
-6.934
-6.93447
-6.93461
-6.9344
-6.93451
-6.93461
-6.93469
-6.93476
-6.93483
-6.9352
-6.93557
-6.93594
-6.93565
-6.93567
-6.93537
-6.93539
-6.9354
-6.93477
-6.93543
-6.93544
-6.93512
-6.93578
-6.9358
-6.93581
-6.93648
-6.93683
-6.93718
-6.93754
-6.93661
-6.93699
-6.93737
-6.93744
-6.93751
-6.93825
-6.93834
-6.93845
-6.93889
-6.93902
-6.93948
-6.9406
-6.94141
-6.94126
-6.94112
-6.94099
-6.94119
-6.9414
-6.94098
-6.94088
-6.94079
-6.94071
-6.94063
-6.94088
-6.94145
-6.94138
-6.94195
-6.94317
-6.94341
-6.94495
-6.94486
-6.94541
-6.9453
-6.9455
-6.94569
-6.94652
-6.94668
-6.94779
-6.94792
-6.94802
-6.94811
-6.94816
-6.94788
-6.94756
-6.94819
-6.94815
-6.94776
-6.94766
-6.94753
-6.94769
-6.94717
-6.94695
-6.94669
-6.94608
-6.94576
-6.94508
-6.94405
-6.94331
-6.94221
-6.94173
-6.94154
-6.941
-6.94043
-6.94047
-6.93984
-6.93983
-6.9385
-6.93844
-6.93868
-6.93825
-6.93715
-6.93668
-6.93555
-6.93472
-6.93419
-6.93301
-6.93246
-6.93158
-6.93004
-6.93011
-6.92888
-6.9283
-6.92771
-6.92744
-6.9262
-6.92528
-6.92437
-6.92313
-6.92223
-6.92165
-6.92141
-6.9202
-6.91932
-6.91878
-6.91857
-6.91805
-6.91722
-6.9164
-6.91592
-6.91448
-6.91371
-6.91262
-6.91187
-6.91114
-6.91107
-6.91004
-6.90967
-6.90867
-6.90833
-6.90704
-6.90608
-6.90546
-6.90453
-6.90362
-6.90368
-6.90279
-6.90223
-6.90169
-6.90115
-6.90062
-6.9001
-6.89895
-6.89942
-6.89861
-6.89812
-6.89797
-6.89782
-6.89736
-6.89625
-6.89548
-6.89503
-6.89426
-6.89415
-6.89307
-6.89264
-6.89157
-6.89115
-6.89074
-6.89001
-6.88993
-6.88824
-6.88786
-6.8878
-6.88743
-6.88707
-6.88704
-6.88637
-6.88571
-6.88442
-6.88411
-6.88284
-6.88256
-6.88229
-6.88237
-6.88213
-6.88192
-6.88173
-6.8822
-6.88173
-6.88095
-6.88085
-6.88078
-6.88073
-6.88039
-6.8804
-6.88109
-6.88117
-6.88063
-6.88045
-6.88096
-6.88086
-6.8808
-6.88077
-6.88209
-6.8828
-6.88323
-6.88305
-6.88357
-6.88381
-6.88475
-6.88508
-6.88676
-6.88751
-6.88799
-6.88819
-6.88844
-6.88971
-6.89039
-6.89176
-6.89285
-6.89367
-6.89421
-6.89512
-6.8964
-6.89773
-6.90007
-6.90084
-6.90197
-6.9038
-6.90534
-6.90724
-6.90886
-6.91019
-6.91156
-6.91328
-6.91471
-6.91617
-6.91799
-6.91983
-6.92202
-6.92423
-6.92712
-6.9297
-6.93229
-6.93393
-6.93656
-6.93855
-6.94087
-6.94288
-6.94457
-6.94658
-6.94892
-6.95126
-6.95326
-6.95559
-6.95791
-6.95989
-6.96153
-6.96349
-6.96575
-6.96831
-6.96989
-6.97144
-6.97296
-6.9751
-6.97689
-6.97833
-6.98005
-6.98174
-6.9834
-6.98501
-6.98626
-6.98747
-6.98928
-6.9904
-6.99212
-6.99411
-6.99541
-6.99633
-6.99785
-6.99996
-7.00138
-7.00273
-7.0037
-7.00429
-7.00515
-7.00595
-7.00701
-7.00735
-7.00764
-7.00786
-7.00705
-7.00811
-7.00879
-7.00908
-7.00865
-7.00848
-7.00793
-7.00762
-7.00823
-7.00844
-7.00826
-7.00801
-7.00769
-7.00698
-7.0062
-7.00601
-7.00542
-7.00541
-7.0047
-7.00359
-7.00371
-7.0028
-7.00215
-7.00046
-7.00001
-6.99852
-6.99535
-6.99439
-6.99337
-6.99197
-6.98954
-6.98867
-6.9871
-6.98547
-6.98347
-6.98173
-6.98092
-6.97908
-6.97752
-6.97527
-6.97329
-6.97159
-6.96985
-6.96774
-6.9656
-6.96309
-6.96119
-6.95699
-6.9547
-6.9527
-6.94937
-6.94667
-6.94394
-6.9415
-6.93937
-6.93689
-6.93407
-6.93188
-6.92935
-6.92713
-6.92425
-6.92168
-6.91943
-6.91621
-6.91362
-6.91007
-6.90748
-6.9049
-6.9033
-6.90106
-6.8985
-6.89628
-6.89439
-6.89187
-6.88937
-6.88689
-6.88313
-6.88069
-6.8786
-6.87589
-6.87419
-6.87186
-6.86957
-6.86731
-6.86509
-6.86292
-6.8611
-6.85901
-6.85664
-6.85463
-6.85268
-6.8511
-6.84925
-6.84713
-6.84572
-6.84371
-6.84274
-6.84085
-6.83935
-6.83759
-6.83687
-6.83589
-6.83465
-6.83348
-6.83206
-6.83104
-6.82976
-6.8292
-6.8284
-6.82702
-6.82636
-6.82578
-6.82528
-6.82453
-6.82451
-6.82392
-6.82308
-6.82265
-6.82294
-6.82331
-6.82246
-6.82234
-6.8223
-6.82266
-6.82341
-6.82327
-6.82418
-6.82484
-6.82556
-6.82603
-6.82657
-6.82751
-6.8285
-6.82923
-6.83068
-6.83218
-6.83406
-6.83535
-6.83767
-6.83906
-6.84082
-6.84231
-6.84416
-6.84605
-6.84798
-6.84962
-6.85097
-6.85266
-6.85438
-6.85645
-6.85886
-6.86064
-6.86308
-6.86489
-6.8667
-6.86819
-6.87
-6.87214
-6.87427
-6.87574
-6.87721
-6.87834
-6.88011
-6.88217
-6.88357
-6.8856
-6.88727
-6.88891
-6.89053
-6.8921
-6.89365
-6.89515
-6.89662
-6.89805
-6.89912
-6.90014
-6.90274
-6.90367
-6.90456
-6.90605
-6.90717
-6.90791
-6.90893
-6.90925
-6.90952
-6.91072
-6.91121
-6.91198
-6.91205
-6.91337
-6.91399
-6.91489
-6.91542
-6.9159
-6.91601
-6.91575
-6.91641
-6.91671
-6.91728
-6.91749
-6.91767
-6.9178
-6.91724
-6.91664
-6.91666
-6.91664
-6.91691
-6.91683
-6.91736
-6.91721
-6.91736
-6.91812
-6.91789
-6.91828
-6.91768
-6.91706
-6.91707
-6.91673
-6.9167
-6.91762
-6.91724
-6.9162
-6.91611
-6.91537
-6.91462
-6.91451
-6.91407
-6.91362
-6.91318
-6.9124
-6.91195
-6.9115
-6.91105
-6.91093
-6.91114
-6.91071
-6.91061
-6.90923
-6.9085
-6.90778
-6.90772
-6.908
-6.90732
-6.906
-6.90568
-6.90504
-6.90475
-6.90447
-6.90453
-6.90364
-6.90342
-6.9029
-6.90272
-6.9032
-6.90306
-6.90327
-6.90252
-6.90244
-6.90238
-6.90298
-6.90232
-6.902
-6.90202
-6.90141
-6.90212
-6.90155
-6.90164
-6.90142
-6.90155
-6.90136
-6.90151
-6.90134
-6.90217
-6.90268
-6.90287
-6.9034
-6.90361
-6.90415
-6.90438
-6.90428
-6.90483
-6.90539
-6.90529
-6.90552
-6.90608
-6.90695
-6.90653
-6.90642
-6.90664
-6.90652
-6.90671
-6.90722
-6.90772
-6.90789
-6.90837
-6.90818
-6.90798
-6.90777
-6.90754
-6.90729
-6.90735
-6.90706
-6.90708
-6.90676
-6.90675
-6.90638
-6.90633
-6.90625
-6.90679
-6.90635
-6.90491
-6.90442
-6.90457
-6.90468
-6.90413
-6.90421
-6.90394
-6.90366
-6.90335
-6.9027
-6.90236
-6.90232
-6.90226
-6.9022
-6.90179
-6.90072
-6.89997
-6.89952
-6.89907
-6.89861
-6.89814
-6.89865
-6.89817
-6.89802
-6.89722
-6.89707
-6.89693
-6.89679
-6.89634
-6.89623
-6.89612
-6.89538
-6.89499
-6.89526
-6.89522
-6.89489
-6.89491
-6.89462
-6.8947
-6.89416
-6.89397
-6.89415
-6.89404
-6.89397
-6.8933
-6.89299
-6.89272
-6.89283
-6.89298
-6.89319
-6.89376
-6.8931
-6.89313
-6.89419
-6.89498
-6.8955
-6.89575
-6.89637
-6.89803
-6.89941
-6.9002
-6.90169
-6.90259
-6.90353
-6.90485
-6.90558
-6.90667
-6.90749
-6.90834
-6.91022
-6.91181
-6.91279
-6.91413
-6.91582
-6.91691
-6.91834
-6.92045
-6.92194
-6.92345
-6.92499
-6.92751
-6.9281
-6.93001
-6.93159
-6.93351
-6.93544
-6.93704
-6.93962
-6.94155
-6.94219
-6.94379
-6.94505
-6.94631
-6.94788
-6.94976
-6.95129
-6.95281
-6.95464
-6.9558
-6.95661
-6.9574
-6.95914
-6.95956
-6.96124
-6.96193
-6.96389
-6.9655
-6.96708
-6.96831
-6.96951
-6.97067
-6.97148
-6.97291
-6.9743
-6.97533
-6.97633
-6.97665
-6.97791
-6.97945
-6.97999
-6.98147
-6.98292
-6.98303
-6.98441
-6.98543
-6.98609
-6.98671
-6.98763
-6.98818
-6.98903
-6.98984
-6.99029
-6.99037
-6.9914
-6.99174
-6.99205
-6.99232
-6.99287
-6.99275
-6.99291
-6.99336
-6.99312
-6.99317
-6.99318
-6.99218
-6.99277
-6.99266
-6.9922
-6.99234
-6.9918
-6.99122
-6.99093
-6.99059
-6.99022
-6.98948
-6.98871
-6.98886
-6.98865
-6.98711
-6.9865
-6.98553
-6.98516
-6.98443
-6.98431
-6.98383
-6.98299
-6.98113
-6.97892
-6.97797
-6.97697
-6.97594
-6.97423
-6.97313
-6.97199
-6.97081
-6.9696
-6.96803
-6.96675
-6.96609
-6.96475
-6.96434
-6.96326
-6.96183
-6.96037
-6.9592
-6.95768
-6.95614
-6.95456
-6.95264
-6.95135
-6.95003
-6.94869
-6.94733
-6.94562
-6.94455
-6.94248
-6.94072
-6.93895
-6.93749
-6.93504
-6.93258
-6.92979
-6.92764
-6.92581
-6.92267
-6.92115
-6.91833
-6.91584
-6.91399
-6.91181
-6.90997
-6.90812
-6.90693
-6.90444
-6.90262
-6.9008
-6.89867
-6.8959
-6.89445
-6.89366
-6.89192
-6.88987
-6.88818
-6.88586
-6.88454
-6.8826
-6.88102
-6.87979
-6.87763
-6.87583
-6.8744
-6.87333
-6.87198
-6.87101
-6.87008
-6.86953
-6.86903
-6.86794
-6.8669
-6.86593
-6.86533
-6.86448
-6.86369
-6.86361
-6.86359
-6.86235
-6.86215
-6.86104
-6.86033
-6.86034
-6.8601
-6.8596
-6.85917
-6.85946
-6.8595
-6.85993
-6.85979
-6.86036
-6.86067
-6.86137
-6.86182
-6.86232
-6.86354
-6.86449
-6.86485
-6.86526
-6.86637
-6.86753
-6.86842
-6.86903
-6.86967
-6.87036
-6.87205
-6.87248
-6.87293
-6.87342
-6.8749
-6.8764
-6.87759
-6.87847
-6.88034
-6.88189
-6.88344
-6.88435
-6.88656
-6.88779
-6.88934
-6.89023
-6.89144
-6.89296
-6.89413
-6.89562
-6.89675
-6.89755
-6.89864
-6.89906
-6.9001
-6.90079
-6.9021
-6.90273
-6.90462
-6.90519
-6.90573
-6.90655
-6.90734
-6.90778
-6.90882
-6.90919
-6.91081
-6.91143
-6.91169
-6.91224
-6.91244
-6.9126
-6.91306
-6.91285
-6.9126
-6.91297
-6.91332
-6.91397
-6.91492
-6.91488
-6.91546
-6.91571
-6.91658
-6.91712
-6.91797
-6.91784
-6.91769
-6.91787
-6.91804
-6.91755
-6.91836
-6.9182
-6.91837
-6.91854
-6.91839
-6.91825
-6.91779
-6.91832
-6.9182
-6.91843
-6.91866
-6.91924
-6.9195
-6.91946
-6.91944
-6.91976
-6.92042
-6.9211
-6.92116
-6.92156
-6.92231
-6.92243
-6.92321
-6.9237
-6.92454
-6.9254
-6.92595
-6.92621
-6.92681
-6.92808
-6.92904
-6.92971
-6.93137
-6.93207
-6.93311
-6.93352
-6.9346
-6.93569
-6.93679
-6.93693
-6.93773
-6.93854
-6.93968
-6.94051
-6.94102
-6.9412
-6.94172
-6.94321
-6.94405
-6.94425
-6.94412
-6.94528
-6.94547
-6.94597
-6.94647
-6.94664
-6.94744
-6.94823
-6.94933
-6.95009
-6.95084
-6.95125
-6.95196
-6.95298
-6.95365
-6.95528
-6.95624
-6.95686
-6.95681
-6.95771
-6.95858
-6.95878
-6.96058
-6.96074
-6.9612
-6.96163
-6.96237
-6.9621
-6.96312
-6.96345
-6.96409
-6.96406
-6.96434
-6.96459
-6.96481
-6.96502
-6.96489
-6.96506
-6.96488
-6.96534
-6.96545
-6.96588
-6.96564
-6.96539
-6.9661
-6.96453
-6.96457
-6.96427
-6.96462
-6.96463
-6.96464
-6.96561
-6.96593
-6.96592
-6.96624
-6.96687
-6.96686
-6.96781
-6.96747
-6.96778
-6.96776
-6.9684
-6.96806
-6.96805
-6.96804
-6.96868
-6.96899
-6.96898
-6.96866
-6.96865
-6.96832
-6.96865
-6.96897
-6.96864
-6.96831
-6.96831
-6.96798
-6.96765
-6.96764
-6.96795
-6.96794
-6.96889
-6.96919
-6.96948
-6.96913
-6.96909
-6.96839
-6.96802
-6.96764
-6.96854
-6.96943
-6.96902
-6.9686
-6.96817
-6.9687
-6.96889
-6.96842
-6.96826
-6.96776
-6.96758
-6.96738
-6.96749
-6.96758
-6.96701
-6.96675
-6.96647
-6.9665
-6.96619
-6.96618
-6.96584
-6.96548
-6.96543
-6.96472
-6.96398
-6.96485
-6.96538
-6.9646
-6.96413
-6.96429
-6.96379
-6.96327
-6.96306
-6.96122
-6.96066
-6.95944
-6.95853
-6.95794
-6.95765
-6.95702
-6.95639
-6.95541
-6.95508
-6.95376
-6.95243
-6.95207
-6.95104
-6.95001
-6.94896
-6.94759
-6.94717
-6.9461
-6.94535
-6.94459
-6.94415
-6.94305
-6.94194
-6.94148
-6.94069
-6.93957
-6.93844
-6.93796
-6.93683
-6.93602
-6.93553
-6.93439
-6.9339
-6.93308
-6.93194
-6.93081
-6.92935
-6.92821
-6.9274
-6.92692
-6.92612
-6.92565
-6.92421
-6.92278
-6.92233
-6.92157
-6.92114
-6.92104
-6.92063
-6.91927
-6.91857
-6.91756
-6.91657
-6.91657
-6.91593
-6.91532
-6.91505
-6.91383
-6.91361
-6.9134
-6.91323
-6.91243
-6.91199
-6.91124
-6.9115
-6.91114
-6.91081
-6.91116
-6.91024
-6.91001
-6.91046
-6.91095
-6.91114
-6.91105
-6.91099
-6.9113
-6.91099
-6.91072
-6.91146
-6.91158
-6.91142
-6.91259
-6.9125
-6.91277
-6.91276
-6.9131
-6.91412
-6.91388
-6.91432
-6.91414
-6.91432
-6.91453
-6.91541
-6.91599
-6.9166
-6.91788
-6.91853
-6.91985
-6.92055
-6.92125
-6.92198
-6.92239
-6.92313
-6.92453
-6.92562
-6.92671
-6.92748
-6.92793
-6.92934
-6.93076
-6.93152
-6.93259
-6.93269
-6.93342
-6.93414
-6.93484
-6.93585
-6.9362
-6.93684
-6.93746
-6.93774
-6.93831
-6.93885
-6.93969
-6.9405
-6.94096
-6.9417
-6.94209
-6.9418
-6.94212
-6.94241
-6.94298
-6.94319
-6.94336
-6.94317
-6.94294
-6.94299
-6.94204
-6.94169
-6.94195
-6.94152
-6.94138
-6.94119
-6.94064
-6.93941
-6.93878
-6.93941
-6.93871
-6.93862
-6.93817
-6.93768
-6.93715
-6.93691
-6.93664
-6.93601
-6.9347
-6.93368
-6.93361
-6.93286
-6.93208
-6.93062
-6.92979
-6.92959
-6.92871
-6.92814
-6.92722
-6.92628
-6.92566
-6.92437
-6.92274
-6.92175
-6.92076
-6.91975
-6.91809
-6.91741
-6.91542
-6.91474
-6.91406
-6.91339
-6.91209
-6.91047
-6.90919
-6.9076
-6.90635
-6.90513
-6.9049
-6.9047
-6.90388
-6.90309
-6.90201
-6.90161
-6.9006
-6.89962
-6.89837
-6.8978
-6.89662
-6.89613
-6.89569
-6.89465
-6.89462
-6.89366
-6.89308
-6.89287
-6.8927
-6.89258
-6.89217
-6.89182
-6.89215
-6.89188
-6.89229
-6.89275
-6.89324
-6.89409
-6.89434
-6.89493
-6.89556
-6.89654
-6.89722
-6.89727
-6.89767
-6.89809
-6.89852
-6.89832
-6.8991
-6.89891
-6.89873
-6.89921
-6.9
-6.89982
-6.90029
-6.90107
-6.90152
-6.90228
-6.90271
-6.9028
-6.9032
-6.90358
-6.90362
-6.90461
-6.90558
-6.90589
-6.90585
-6.90643
-6.90699
-6.90721
-6.90676
-6.90693
-6.9074
-6.9072
-6.90698
-6.90707
-6.90745
-6.90716
-6.90718
-6.90686
-6.90684
-6.90681
-6.90676
-6.90669
-6.90693
-6.90684
-6.90673
-6.90661
-6.90648
-6.90667
-6.90685
-6.90702
-6.90687
-6.90639
-6.90655
-6.90607
-6.90591
-6.90543
-6.90592
-6.90545
-6.90563
-6.90549
-6.90569
-6.90622
-6.90547
-6.90506
-6.90498
-6.90524
-6.90455
-6.90452
-6.90484
-6.90517
-6.90488
-6.90525
-6.90501
-6.90543
-6.90523
-6.90539
-6.90459
-6.90545
-6.90633
-6.90659
-6.90688
-6.90655
-6.90658
-6.90728
-6.90737
-6.90781
-6.90827
-6.90813
-6.90833
-6.9089
-6.90852
-6.90946
-6.91044
-6.91111
-6.91214
-6.91287
-6.91395
-6.91408
-6.91521
-6.91636
-6.91753
-6.91839
-6.91992
-6.92049
-6.92205
-6.92362
-6.92391
-6.92551
-6.92646
-6.92678
-6.92839
-6.92936
-6.93
-6.93097
-6.93193
-6.93288
-6.93383
-6.93444
-6.93537
-6.93628
-6.93717
-6.93773
-6.93859
-6.93943
-6.93895
-6.93974
-6.93986
-6.94092
-6.94163
-6.94231
-6.94295
-6.94323
-6.94413
-6.94434
-6.94517
-6.94595
-6.9467
-6.94676
-6.94775
-6.94806
-6.94896
-6.94918
-6.94903
-6.94884
-6.9486
-6.948
-6.94833
-6.94829
-6.94821
-6.94809
-6.94792
-6.94739
-6.94746
-6.94685
-6.94652
-6.94551
-6.94575
-6.94563
-6.94516
-6.94465
-6.9441
-6.94352
-6.94292
-6.94228
-6.94193
-6.94124
-6.94019
-6.93913
-6.93836
-6.93693
-6.93613
-6.93531
-6.9348
-6.93427
-6.93341
-6.93254
-6.93199
-6.93143
-6.93054
-6.93061
-6.92972
-6.92883
-6.92761
-6.92705
-6.92714
-6.92723
-6.92637
-6.92487
-6.92371
-6.92255
-6.92077
-6.91997
-6.91918
-6.91809
-6.91702
-6.91628
-6.91557
-6.9152
-6.91485
-6.91388
-6.9139
-6.91329
-6.9127
-6.91247
-6.91258
-6.91206
-6.91157
-6.91077
-6.90967
-6.90925
-6.90917
-6.90878
-6.90842
-6.90742
-6.9071
-6.90614
-6.90489
-6.90494
-6.90469
-6.90413
-6.90424
-6.90435
-6.90416
-6.90398
-6.90381
-6.90462
-6.9048
-6.90498
-6.90453
-6.90408
-6.90428
-6.90482
-6.90439
-6.90428
-6.90385
-6.90376
-6.90366
-6.90389
-6.90379
-6.90337
-6.90424
-6.90447
-6.90404
-6.90362
-6.90254
-6.90276
-6.90297
-6.90318
-6.90274
-6.9023
-6.90186
-6.90142
-6.90162
-6.9015
-6.90138
-6.90158
-6.90146
-6.90101
-6.90056
-6.90045
-6.90033
-6.89957
-6.89881
-6.89871
-6.89829
-6.89821
-6.8978
-6.89773
-6.89735
-6.8973
-6.89759
-6.89724
-6.89723
-6.89756
-6.89758
-6.89794
-6.89865
-6.89872
-6.89882
-6.89894
-6.89843
-6.89892
-6.89878
-6.89931
-6.9002
-6.90013
-6.90075
-6.90009
-6.90076
-6.9008
-6.90088
-6.90163
-6.90305
-6.90418
-6.90469
-6.90556
-6.90645
-6.90704
-6.90799
-6.90864
-6.90996
-6.91002
-6.91042
-6.9115
-6.91163
-6.9121
-6.91293
-6.91442
-6.91464
-6.91553
-6.91708
-6.91768
-6.91861
-6.92021
-6.9215
-6.92216
-6.92347
-6.92415
-6.92483
-6.9265
-6.92785
-6.92855
-6.92959
-6.9303
-6.93101
-6.93172
-6.93308
-6.93412
-6.93515
-6.93617
-6.93686
-6.93788
-6.93855
-6.93955
-6.94053
-6.94151
-6.94214
-6.94244
-6.9437
-6.94494
-6.9452
-6.94641
-6.94793
-6.94911
-6.94962
-6.95011
-6.95059
-6.95072
-6.9518
-6.95221
-6.95324
-6.95425
-6.95492
-6.95524
-6.95586
-6.95645
-6.95831
-6.95918
-6.96035
-6.96052
-6.96099
-6.96207
-6.96216
-6.96158
-6.96226
-6.96259
-6.96289
-6.96349
-6.96309
-6.96362
-6.96414
-6.96397
-6.9641
-6.9642
-6.96394
-6.96398
-6.964
-6.9643
-6.96458
-6.96418
-6.96472
-6.96427
-6.96476
-6.96457
-6.96501
-6.96477
-6.96385
-6.96291
-6.9626
-6.96225
-6.96221
-6.96246
-6.96075
-6.96
-6.95954
-6.95809
-6.95792
-6.9574
-6.95622
-6.95567
-6.9551
-6.95485
-6.95425
-6.95364
-6.95301
-6.95269
-6.95204
-6.95203
-6.95168
-6.951
-6.94999
-6.94961
-6.94859
-6.94755
-6.94684
-6.94612
-6.94573
-6.94468
-6.94363
-6.94291
-6.94251
-6.94113
-6.94106
-6.94066
-6.93929
-6.93857
-6.93851
-6.93812
-6.93838
-6.93833
-6.93763
-6.93726
-6.93625
-6.93621
-6.93554
-6.93519
-6.93485
-6.93451
-6.93386
-6.93321
-6.93257
-6.93129
-6.93033
-6.93004
-6.9291
-6.9272
-6.9266
-6.92568
-6.92444
-6.92419
-6.92361
-6.92304
-6.92313
-6.92225
-6.92203
-6.92149
-6.92129
-6.92044
-6.91928
-6.91911
-6.91862
-6.91813
-6.91734
-6.9172
-6.91707
-6.91663
-6.91621
-6.91612
-6.91539
-6.91533
-6.91528
-6.9146
-6.91458
-6.91425
-6.91427
-6.91366
-6.91404
-6.91378
-6.91388
-6.91334
-6.91315
-6.91298
-6.91218
-6.91238
-6.9126
-6.91252
-6.91246
-6.91243
-6.91209
-6.91211
-6.91215
-6.91222
-6.91231
-6.9134
-6.9129
-6.91307
-6.9136
-6.91382
-6.91439
-6.91532
-6.91529
-6.9153
-6.91565
-6.91667
-6.91707
-6.91781
-6.91858
-6.91872
-6.91824
-6.91874
-6.91863
-6.91918
-6.91909
-6.91968
-6.91996
-6.92123
-6.92154
-6.92219
-6.92318
-6.92385
-6.92519
-6.9259
-6.92661
-6.92734
-6.92807
-6.92914
-6.9299
-6.93098
-6.93176
-6.93221
-6.93364
-6.93476
-6.93556
-6.93604
-6.9362
-6.93734
-6.93849
-6.93996
-6.94046
-6.94162
-6.94278
-6.94329
-6.94413
-6.94433
-6.94517
-6.94505
-6.94622
-6.94546
-6.94632
-6.94718
-6.94772
-6.94891
-6.94978
-6.95065
-6.95152
-6.9524
-6.95392
-6.95545
-6.95601
-6.9569
-6.95779
-6.95965
-6.96087
-6.96112
-6.96169
-6.9626
-6.9635
-6.96441
-6.96629
-6.96656
-6.96683
-6.9671
-6.96834
-6.96861
-6.96792
-6.9682
-6.96912
-6.97037
-6.97194
-6.97287
-6.97411
-6.97504
-6.97531
-6.9759
-6.97681
-6.97772
-6.97862
-6.97919
-6.98007
-6.98128
-6.98182
-6.98301
-6.98386
-6.98535
-6.98618
-6.98733
-6.98813
-6.98893
-6.98971
-6.99047
-6.99122
-6.99195
-6.99331
-6.99335
-6.9937
-6.99468
-6.99499
-6.99593
-6.99684
-6.99708
-6.9986
-6.99814
-6.99863
-6.99942
-7.00051
-7.00059
-7.0013
-7.00133
-7.00165
-7.00129
-7.0009
-7.00144
-7.00164
-7.00179
-7.00191
-7.00167
-7.00205
-7.00206
-7.00171
-7.00165
-7.00155
-7.00174
-7.00156
-7.00167
-7.00109
-7.00079
-7.00111
-7.00041
-6.99999
-6.99986
-6.99969
-6.99947
-6.99889
-6.99762
-6.99727
-6.99624
-6.99517
-6.99438
-6.99355
-6.99267
-6.99142
-6.99176
-6.99075
-6.98971
-6.98894
-6.98781
-6.98696
-6.98575
-6.98481
-6.98351
-6.98087
-6.97949
-6.97774
-6.97594
-6.97508
-6.9732
-6.97192
-6.97029
-6.96861
-6.96721
-6.9661
-6.96365
-6.96214
-6.95993
-6.95801
-6.95573
-6.95341
-6.95138
-6.94932
-6.94722
-6.94541
-6.94389
-6.94201
-6.9401
-6.93784
-6.93555
-6.93324
-6.93089
-6.92853
-6.92646
-6.92405
-6.92065
-6.91756
-6.91478
-6.91198
-6.90852
-6.90603
-6.90385
-6.90101
-6.8985
-6.89598
-6.89281
-6.89029
-6.88713
-6.88462
-6.88212
-6.87931
-6.87618
-6.87372
-6.87031
-6.86788
-6.86581
-6.86376
-6.86108
-6.85876
-6.85647
-6.85454
-6.85296
-6.85013
-6.84798
-6.84587
-6.84382
-6.8418
-6.83886
-6.83727
-6.83572
-6.83391
-6.83214
-6.83076
-6.82911
-6.82818
-6.82665
-6.82422
-6.8225
-6.82117
-6.82087
-6.82
-6.81919
-6.81781
-6.81618
-6.81526
-6.81409
-6.81332
-6.81328
-6.81201
-6.81114
-6.81003
-6.80931
-6.80932
-6.80875
-6.80859
-6.8085
-6.80882
-6.80889
-6.8087
-6.80892
-6.80922
-6.80926
-6.80938
-6.8099
-6.81114
-6.81213
-6.81319
-6.81367
-6.81422
-6.81516
-6.81649
-6.81724
-6.81805
-6.81892
-6.82082
-6.82246
-6.8235
-6.82557
-6.82705
-6.82825
-6.82983
-6.83177
-6.83408
-6.83578
-6.83719
-6.83832
-6.83915
-6.84034
-6.84221
-6.84378
-6.84569
-6.84763
-6.84958
-6.85187
-6.85418
-6.85649
-6.85849
-6.86082
-6.86283
-6.86386
-6.86587
-6.8682
-6.87052
-6.87186
-6.87352
-6.87549
-6.87744
-6.87971
-6.88195
-6.88386
-6.88542
-6.88695
-6.88879
-6.89093
-6.89271
-6.89414
-6.89587
-6.8979
-6.89957
-6.90089
-6.90249
-6.9044
-6.90595
-6.90746
-6.90895
-6.91072
-6.91215
-6.91386
-6.91522
-6.91687
-6.91881
-6.91975
-6.92065
-6.92121
-6.92238
-6.92385
-6.92497
-6.92638
-6.92745
-6.92817
-6.92983
-6.93115
-6.9318
-6.93308
-6.93369
-6.93494
-6.93552
-6.93609
-6.93697
-6.93783
-6.93869
-6.93987
-6.94104
-6.94156
-6.94207
-6.94291
-6.94439
-6.94491
-6.94608
-6.94724
-6.94809
-6.94862
-6.95013
-6.951
-6.95155
-6.95243
-6.95365
-6.9552
-6.95611
-6.95703
-6.95829
-6.9589
-6.96018
-6.96049
-6.96146
-6.96244
-6.96375
-6.96506
-6.96573
-6.96641
-6.96773
-6.96906
-6.96974
-6.97074
-6.97173
-6.97304
-6.97403
-6.97533
-6.97662
-6.97789
-6.97947
-6.98039
-6.98162
-6.98282
-6.98335
-6.98386
-6.9837
-6.98512
-6.98555
-6.98659
-6.98728
-6.98792
-6.98886
-6.99008
-6.98996
-6.99045
-6.9909
-6.99098
-6.99166
-6.99295
-6.9929
-6.99377
-6.99427
-6.9944
-6.99449
-6.99485
-6.99419
-6.99413
-6.99467
-6.99452
-6.9953
-6.99507
-6.99479
-6.99479
-6.99378
-6.99338
-6.99262
-6.99214
-6.99097
-6.99042
-6.98951
-6.9876
-6.98728
-6.9866
-6.98589
-6.98548
-6.98407
-6.98361
-6.98313
-6.98166
-6.98016
-6.9793
-6.97939
-6.97881
-6.97822
-6.97697
-6.97571
-6.97444
-6.97283
-6.97186
-6.97056
-6.96924
-6.96857
-6.96725
-6.96689
-6.96588
-6.96518
-6.96351
-6.96217
-6.9605
-6.95947
-6.95876
-6.95741
-6.95606
-6.95439
-6.95304
-6.95234
-6.95132
-6.9503
-6.94896
-6.94828
-6.94696
-6.94531
-6.94465
-6.94335
-6.94237
-6.94174
-6.94078
-6.93984
-6.93859
-6.93767
-6.93709
-6.93652
-6.93597
-6.93446
-6.9333
-6.93281
-6.93168
-6.93155
-6.93112
-6.92975
-6.92936
-6.92836
-6.92835
-6.92772
-6.92712
-6.92687
-6.92633
-6.92582
-6.92631
-6.92587
-6.92513
-6.92572
-6.9257
-6.92474
-6.92447
-6.9239
-6.92435
-6.92451
-6.92406
-6.92397
-6.92457
-6.92455
-6.92523
-6.92529
-6.92603
-6.92617
-6.92635
-6.92656
-6.92713
-6.92773
-6.92772
-6.92775
-6.92781
-6.92855
-6.92933
-6.93013
-6.93064
-6.9315
-6.93207
-6.93201
-6.93231
-6.93327
-6.9336
-6.93493
-6.9353
-6.93536
-6.93641
-6.93714
-6.93692
-6.93799
-6.93843
-6.93854
-6.94028
-6.94007
-6.94083
-6.94159
-6.94201
-6.94275
-6.94315
-6.94419
-6.94456
-6.94524
-6.94655
-6.94783
-6.94845
-6.94872
-6.94896
-6.9495
-6.95033
-6.95113
-6.9519
-6.95166
-6.95172
-6.95239
-6.95205
-6.95232
-6.95288
-6.95275
-6.95323
-6.95302
-6.95277
-6.95281
-6.95313
-6.95309
-6.95236
-6.95288
-6.95272
-6.95251
-6.95259
-6.9523
-6.95166
-6.95129
-6.95121
-6.95174
-6.95062
-6.94914
-6.94892
-6.94833
-6.94707
-6.94674
-6.94605
-6.9463
-6.94555
-6.94476
-6.94395
-6.94407
-6.94287
-6.94131
-6.94038
-6.94006
-6.93906
-6.93869
-6.93764
-6.93688
-6.93546
-6.93432
-6.93349
-6.93231
-6.93207
-6.93051
-6.92925
-6.92797
-6.92698
-6.92565
-6.92461
-6.92291
-6.92183
-6.92105
-6.9196
-6.91878
-6.91729
-6.91545
-6.91327
-6.91108
-6.90951
-6.90793
-6.906
-6.90471
-6.90308
-6.90176
-6.89945
-6.89843
-6.89675
-6.89409
-6.8924
-6.89102
-6.88932
-6.88697
-6.88526
-6.88387
-6.88249
-6.88111
-6.87877
-6.87643
-6.87443
-6.87244
-6.87079
-6.86916
-6.86883
