igen, l2_best, l2_mean
0, 40.6636, 57.8419
1, 33.7483, 52.3174
2, 30.0078, 47.1669
3, 29.0136, 42.4463
4, 25.9593, 39.2739
5, 25.4104, 37.3029
6, 21.5692, 35.7529
7, 21.5692, 33.9382
8, 18.9103, 31.7681
9, 18.9103, 30.1821
10, 16.5378, 27.8542
11, 14.9716, 25.8664
12, 14.8647, 24.2049
13, 13.2867, 22.6491
14, 13.1868, 21.9484
15, 12.5824, 21.0498
16, 10.5169, 19.972
17, 9.44231, 18.9945
18, 9.44231, 18.2867
19, 9.41831, 17.1308
20, 8.94005, 16.4465
21, 8.86131, 15.74
22, 8.44381, 14.9896
23, 7.58213, 14.7805
24, 7.58213, 14.0004
25, 7.0195, 13.1406
26, 6.13603, 12.557
27, 6.13603, 11.7984
28, 5.51638, 10.8492
29, 5.51638, 10.0982
30, 4.41264, 9.17299
31, 4.23686, 9.0875
32, 3.61997, 8.43456
33, 3.58887, 7.27554
34, 3.58887, 6.88494
35, 3.45086, 6.09484
36, 2.50258, 5.47468
37, 1.95334, 4.70023
38, 1.60112, 3.95218
39, 1.57003, 3.59683
40, 0.953133, 3.0278
41, 0.748142, 2.47494
42, 0.748142, 1.90533
43, 0.748142, 1.451
44, 0.554447, 1.20629
45, 0.163595, 0.951585
46, 0.163595, 0.597911
47, 0.163595, 0.325741
48, 0.163595, 0.177666
49, 0.163595, 0.163595
50, 0.163595, 0.163595
51, 0.163595, 0.163595
52, 0.163595, 0.163595
53, 0.163595, 0.163595
54, 0.163595, 0.163595
55, 0.163595, 0.163595
56, 0.163595, 0.163595
57, 0.163595, 0.163595
58, 0.163595, 0.163595
59, 0.163595, 0.163595
60, 0.163595, 0.163595
61, 0.163595, 0.163595
62, 0.163595, 0.163595
63, 0.163595, 0.163595
64, 0.163595, 0.163595
65, 0.163595, 0.163595
66, 0.163595, 0.163595
67, 0.163595, 0.163595
68, 0.163595, 0.163595
69, 0.163595, 0.163595
70, 0.163595, 0.163595
71, 0.163595, 0.163595
72, 0.163595, 0.163595
73, 0.163595, 0.163595
74, 0.163595, 0.163595
75, 0.163595, 0.163595
76, 0.163595, 0.163595
77, 0.163595, 0.163595
78, 0.163595, 0.163595
79, 0.163595, 0.163595
80, 0.163595, 0.163595
81, 0.163595, 0.163595
82, 0.163595, 0.163595
83, 0.163595, 0.163595
84, 0.163595, 0.163595
85, 0.163595, 0.163595
86, 0.163595, 0.163595
87, 0.163595, 0.163595
88, 0.163595, 0.163595
89, 0.163595, 0.163595
90, 0.163595, 0.163595
91, 0.163595, 0.163595
92, 0.163595, 0.163595
93, 0.163595, 0.163595
94, 0.163595, 0.163595
95, 0.163595, 0.163595
96, 0.163595, 0.163595
97, 0.163595, 0.163595
98, 0.163595, 0.163595
99, 0.163595, 0.163595
100, 0.163595, 0.163595
101, 0.163595, 0.163595
102, 0.163595, 0.163595
103, 0.163595, 0.163595
104, 0.163595, 0.163595
105, 0.163595, 0.163595
106, 0.163595, 0.163595
107, 0.163595, 0.163595
108, 0.163595, 0.163595
109, 0.163595, 0.163595
110, 0.163595, 0.163595
111, 0.163595, 0.163595
112, 0.163595, 0.163595
113, 0.163595, 0.163595
114, 0.163595, 0.163595
115, 0.163595, 0.163595
116, 0.163595, 0.163595
117, 0.163595, 0.163595
118, 0.163595, 0.163595
119, 0.163595, 0.163595
120, 0.163595, 0.163595
121, 0.163595, 0.163595
122, 0.163595, 0.163595
123, 0.163595, 0.163595
124, 0.163595, 0.163595
125, 0.163595, 0.163595
126, 0.163595, 0.163595
127, 0.163595, 0.163595
128, 0.163595, 0.163595
129, 0.163595, 0.163595
130, 0.163595, 0.163595
131, 0.163595, 0.163595
132, 0.163595, 0.163595
133, 0.163595, 0.163595
134, 0.163595, 0.163595
135, 0.163595, 0.163595
136, 0.163595, 0.163595
137, 0.163595, 0.163595
138, 0.163595, 0.163595
139, 0.163595, 0.163595
140, 0.163595, 0.163595
141, 0.163595, 0.163595
142, 0.163595, 0.163595
143, 0.163595, 0.163595
144, 0.163595, 0.163595
145, 0.163595, 0.163595
146, 0.163595, 0.163595
147, 0.163595, 0.163595
148, 0.163595, 0.163595
149, 0.163595, 0.163595
150, 0.163595, 0.163595
151, 0.163595, 0.163595
152, 0.163595, 0.163595
153, 0.163595, 0.163595
154, 0.163595, 0.163595
155, 0.163595, 0.163595
156, 0.163595, 0.163595
157, 0.163595, 0.163595
158, 0.163595, 0.163595
159, 0.163595, 0.163595
160, 0.163595, 0.163595
161, 0.163595, 0.163595
162, 0.163595, 0.163595
163, 0.163595, 0.163595
164, 0.163595, 0.163595
165, 0.163595, 0.163595
166, 0.163595, 0.163595
167, 0.163595, 0.163595
168, 0.163595, 0.163595
169, 0.163595, 0.163595
170, 0.163595, 0.163595
171, 0.163595, 0.163595
172, 0.163595, 0.163595
173, 0.163595, 0.163595
174, 0.163595, 0.163595
175, 0.163595, 0.163595
176, 0.163595, 0.163595
177, 0.163595, 0.163595
178, 0.163595, 0.163595
179, 0.163595, 0.163595
180, 0.163595, 0.163595
181, 0.163595, 0.163595
182, 0.163595, 0.163595
183, 0.163595, 0.163595
184, 0.163595, 0.163595
185, 0.163595, 0.163595
186, 0.163595, 0.163595
187, 0.163595, 0.163595
188, 0.163595, 0.163595
189, 0.163595, 0.163595
190, 0.163595, 0.163595
191, 0.163595, 0.163595
192, 0.163595, 0.163595
193, 0.163595, 0.163595
194, 0.163595, 0.163595
195, 0.163595, 0.163595
196, 0.163595, 0.163595
197, 0.163595, 0.163595
198, 0.163595, 0.163595
199, 0.163595, 0.163595
200, 0.163595, 0.163595
201, 0.163595, 0.163595
202, 0.163595, 0.163595
203, 0.163595, 0.163595
204, 0.163595, 0.163595
205, 0.163595, 0.163595
206, 0.163595, 0.163595
207, 0.163595, 0.163595
208, 0.163595, 0.163595
209, 0.163595, 0.163595
210, 0.163595, 0.163595
211, 0.163595, 0.163595
212, 0.163595, 0.163595
213, 0.163595, 0.163595
214, 0.163595, 0.163595
215, 0.163595, 0.163595
216, 0.163595, 0.163595
217, 0.163595, 0.163595
218, 0.163595, 0.163595
219, 0.163595, 0.163595
220, 0.163595, 0.163595
221, 0.163595, 0.163595
222, 0.163595, 0.163595
223, 0.163595, 0.163595
224, 0.163595, 0.163595
225, 0.163595, 0.163595
226, 0.163595, 0.163595
227, 0.163595, 0.163595
228, 0.163595, 0.163595
229, 0.163595, 0.163595
230, 0.163595, 0.163595
231, 0.163595, 0.163595
232, 0.163595, 0.163595
233, 0.163595, 0.163595
234, 0.163595, 0.163595
235, 0.163595, 0.163595
236, 0.163595, 0.163595
237, 0.163595, 0.163595
238, 0.163595, 0.163595
239, 0.163595, 0.163595
240, 0.163595, 0.163595
241, 0.163595, 0.163595
242, 0.163595, 0.163595
243, 0.163595, 0.163595
244, 0.163595, 0.163595
245, 0.163595, 0.163595
246, 0.163595, 0.163595
247, 0.163595, 0.163595
248, 0.163595, 0.163595
249, 0.163595, 0.163595
250, 0.163595, 0.163595
251, 0.163595, 0.163595
252, 0.163595, 0.163595
253, 0.163595, 0.163595
254, 0.163595, 0.163595
255, 0.163595, 0.163595
256, 0.163595, 0.163595
257, 0.163595, 0.163595
258, 0.163595, 0.163595
259, 0.163595, 0.163595
260, 0.163595, 0.163595
261, 0.163595, 0.163595
262, 0.163595, 0.163595
263, 0.163595, 0.163595
264, 0.163595, 0.163595
265, 0.163595, 0.163595
266, 0.163595, 0.163595
267, 0.163595, 0.163595
268, 0.163595, 0.163595
269, 0.163595, 0.163595
270, 0.163595, 0.163595
271, 0.163595, 0.163595
272, 0.163595, 0.163595
273, 0.163595, 0.163595
274, 0.163595, 0.163595
275, 0.163595, 0.163595
276, 0.163595, 0.163595
277, 0.163595, 0.163595
278, 0.163595, 0.163595
279, 0.163595, 0.163595
280, 0.163595, 0.163595
281, 0.163595, 0.163595
282, 0.163595, 0.163595
283, 0.163595, 0.163595
284, 0.163595, 0.163595
285, 0.163595, 0.163595
286, 0.163595, 0.163595
287, 0.163595, 0.163595
288, 0.163595, 0.163595
289, 0.163595, 0.163595
290, 0.163595, 0.163595
291, 0.163595, 0.163595
292, 0.163595, 0.163595
293, 0.163595, 0.163595
294, 0.163595, 0.163595
295, 0.163595, 0.163595
296, 0.163595, 0.163595
297, 0.163595, 0.163595
298, 0.163595, 0.163595
299, 0.163595, 0.163595
300, 0.163595, 0.163595
301, 0.163595, 0.163595
302, 0.163595, 0.163595
303, 0.163595, 0.163595
304, 0.163595, 0.163595
305, 0.163595, 0.163595
306, 0.163595, 0.163595
307, 0.163595, 0.163595
308, 0.163595, 0.163595
309, 0.163595, 0.163595
310, 0.163595, 0.163595
311, 0.163595, 0.163595
312, 0.163595, 0.163595
313, 0.163595, 0.163595
314, 0.163595, 0.163595
315, 0.163595, 0.163595
316, 0.163595, 0.163595
317, 0.163595, 0.163595
318, 0.163595, 0.163595
319, 0.163595, 0.163595
320, 0.163595, 0.163595
321, 0.163595, 0.163595
322, 0.163595, 0.163595
323, 0.163595, 0.163595
324, 0.163595, 0.163595
325, 0.163595, 0.163595
326, 0.163595, 0.163595
327, 0.163595, 0.163595
328, 0.163595, 0.163595
329, 0.163595, 0.163595
330, 0.163595, 0.163595
331, 0.163595, 0.163595
332, 0.163595, 0.163595
333, 0.163595, 0.163595
334, 0.163595, 0.163595
335, 0.163595, 0.163595
336, 0.163595, 0.163595
337, 0.163595, 0.163595
338, 0.163595, 0.163595
339, 0.163595, 0.163595
340, 0.163595, 0.163595
341, 0.163595, 0.163595
342, 0.163595, 0.163595
343, 0.163595, 0.163595
344, 0.163595, 0.163595
345, 0.163595, 0.163595
346, 0.163595, 0.163595
347, 0.163595, 0.163595
348, 0.163595, 0.163595
349, 0.163595, 0.163595
350, 0.163595, 0.163595
351, 0.163595, 0.163595
352, 0.163595, 0.163595
