beta, l1
0, 37.0362
0.200401, 45.9736
0.400802, 38.9806
0.601202, 31.1287
0.801603, 27.252
1.002, 26.3393
1.2024, 25.3032
1.40281, 23.8599
1.60321, 17.7343
1.80361, 14.3342
2.00401, 22.407
2.20441, 20.5995
2.40481, 22.698
2.60521, 16.723
2.80561, 12.7909
3.00601, 12.1352
3.20641, 13.6045
3.40681, 12.7063
3.60721, 13.777
3.80762, 12.7894
4.00802, 12.2159
4.20842, 10.3756
4.40882, 9.77473
4.60922, 8.57427
4.80962, 8.69014
5.01002, 9.89007
5.21042, 10.0588
5.41082, 7.96157
5.61122, 7.11449
5.81162, 8.60559
6.01202, 8.47991
6.21242, 8.60597
6.41283, 8.35993
6.61323, 7.23757
6.81363, 7.14113
7.01403, 7.94437
7.21443, 6.88654
7.41483, 8.01869
7.61523, 7.20623
7.81563, 7.28129
8.01603, 7.36541
8.21643, 8.03831
8.41683, 6.79126
8.61723, 6.74175
8.81764, 6.62138
9.01804, 6.93802
9.21844, 6.8385
9.41884, 6.64149
9.61924, 6.70363
9.81964, 6.9691
10.02, 6.94918
10.2204, 6.73451
10.4208, 6.41608
10.6212, 7.32131
10.8216, 6.44059
11.022, 6.48666
11.2224, 8.06905
11.4228, 6.77926
11.6232, 6.39323
11.8236, 7.10236
12.024, 6.84357
12.2244, 7.11999
12.4248, 6.8619
12.6253, 6.96015
12.8257, 6.92511
13.0261, 7.02705
13.2265, 6.32043
13.4269, 6.73301
13.6273, 6.39323
13.8277, 6.72971
14.0281, 6.76712
14.2285, 6.41415
14.4289, 6.97223
14.6293, 6.40514
14.8297, 6.5627
15.0301, 6.789
15.2305, 6.42846
15.4309, 6.42243
15.6313, 6.69375
15.8317, 6.33714
16.0321, 6.32676
16.2325, 6.41141
16.4329, 6.69089
16.6333, 6.44668
16.8337, 6.35532
17.0341, 6.36433
17.2345, 6.39361
17.4349, 6.39359
17.6353, 6.48769
17.8357, 6.5557
18.0361, 6.73165
18.2365, 6.5341
18.4369, 6.65284
18.6373, 6.49839
18.8377, 6.39361
19.0381, 6.43281
19.2385, 6.58818
19.4389, 6.45579
19.6393, 6.35532
19.8397, 6.39359
20.0401, 6.42332
20.2405, 6.38104
20.4409, 6.3873
20.6413, 6.34972
20.8417, 6.32523
21.0421, 6.469
21.2425, 6.32523
21.4429, 6.34615
21.6433, 6.34615
21.8437, 6.53408
22.0441, 6.42848
22.2445, 6.34494
22.4449, 6.45097
22.6453, 6.39792
22.8457, 6.34972
23.0461, 6.36785
23.2465, 6.60235
23.4469, 6.44666
23.6473, 6.48155
23.8477, 6.32523
24.0481, 6.34494
24.2485, 6.32523
24.4489, 6.36787
24.6493, 6.36787
24.8497, 6.34967
25.0501, 6.30225
25.2505, 6.39357
25.4509, 6.32523
25.6513, 6.51897
25.8517, 6.40514
26.0521, 6.54471
26.2525, 6.45531
26.4529, 6.32676
26.6533, 6.43866
26.8537, 6.52218
27.0541, 6.32523
27.2545, 6.30225
27.4549, 6.38104
27.6553, 6.40554
27.8557, 6.42243
28.0561, 6.35532
28.2565, 6.36012
28.4569, 6.34967
28.6573, 6.34967
28.8577, 6.38104
29.0581, 6.34969
29.2585, 6.46337
29.4589, 6.34969
29.6593, 6.32523
29.8597, 6.34969
30.0601, 6.45732
30.2605, 6.30225
30.4609, 6.38458
30.6613, 6.32676
30.8617, 6.32523
31.0621, 6.30225
31.2625, 6.32523
31.4629, 6.34494
31.6633, 6.30225
31.8637, 6.34967
32.0641, 6.30225
32.2645, 6.32043
32.4649, 6.38104
32.6653, 6.36789
32.8657, 6.32523
33.0661, 6.34972
33.2665, 6.30225
33.4669, 6.35532
33.6673, 6.36433
33.8677, 6.65074
34.0681, 6.44783
34.2685, 6.40276
34.4689, 6.32523
34.6693, 6.32523
34.8697, 6.34615
35.0701, 6.32523
35.2705, 6.36913
35.4709, 6.32523
35.6713, 6.36785
35.8717, 6.34967
36.0721, 6.32043
36.2725, 6.39323
36.4729, 6.3873
36.6733, 6.36789
36.8737, 6.30225
37.0741, 6.4285
37.2745, 6.30225
37.4749, 6.30225
37.6754, 6.32043
37.8758, 6.30225
38.0762, 6.32523
38.2766, 6.32043
38.477, 6.34341
38.6774, 6.33714
38.8778, 6.34967
39.0782, 6.32676
39.2786, 6.34972
39.479, 6.32523
39.6794, 6.4359
39.8798, 6.30225
40.0802, 6.30225
40.2806, 6.37025
40.481, 6.36913
40.6814, 6.42332
40.8818, 6.49828
41.0822, 6.36433
41.2826, 6.35532
41.483, 6.32043
41.6834, 6.47074
41.8838, 6.32043
42.0842, 6.30225
42.2846, 6.45579
42.485, 6.30225
42.6854, 6.36785
42.8858, 6.46159
43.0862, 6.34615
43.2866, 6.32676
43.487, 6.50081
43.6874, 6.30225
43.8878, 6.32523
44.0882, 6.38458
44.2886, 6.30225
44.489, 6.36012
44.6894, 6.32043
44.8898, 6.30225
45.0902, 6.36012
45.2906, 6.34969
45.491, 6.30225
45.6914, 6.34967
45.8918, 6.32043
46.0922, 6.32043
46.2926, 6.32043
46.493, 6.32676
46.6934, 6.36165
46.8938, 6.36787
47.0942, 6.32676
47.2946, 6.36012
47.495, 6.36787
47.6954, 6.34494
47.8958, 6.32523
48.0962, 6.4209
48.2966, 6.36165
48.497, 6.33714
48.6974, 6.30225
48.8978, 6.36789
49.0982, 6.37066
49.2986, 6.32523
49.499, 6.32523
49.6994, 6.32676
49.8998, 6.34494
50.1002, 6.32523
50.3006, 6.3873
50.501, 6.32043
50.7014, 6.40514
50.9018, 6.32676
51.1022, 6.32523
51.3026, 6.34969
51.503, 6.34967
51.7034, 6.32043
51.9038, 6.32043
52.1042, 6.30225
52.3046, 6.30225
52.505, 6.34341
52.7054, 6.32523
52.9058, 6.32676
53.1062, 6.30225
53.3066, 6.32523
53.507, 6.30225
53.7074, 6.32043
53.9078, 6.33714
54.1082, 6.36787
54.3086, 6.37066
54.509, 6.32043
54.7094, 6.30225
54.9098, 6.32676
55.1102, 6.30225
55.3106, 6.34969
55.511, 6.32043
55.7114, 6.33714
55.9118, 6.30225
56.1122, 6.32043
56.3126, 6.34494
56.513, 6.32043
56.7134, 6.30225
56.9138, 6.36433
57.1142, 6.36789
57.3146, 6.30225
57.515, 6.30225
57.7154, 6.32043
57.9158, 6.36913
58.1162, 6.32043
58.3166, 6.34494
58.517, 6.30225
58.7174, 6.32043
58.9178, 6.33714
59.1182, 6.32523
59.3186, 6.32523
59.519, 6.30225
59.7194, 6.30225
59.9198, 6.32523
60.1202, 6.32523
60.3206, 6.32523
60.521, 6.33714
60.7214, 6.34967
60.9218, 6.30225
61.1222, 6.32523
61.3226, 6.30225
61.523, 6.35532
61.7234, 6.32676
61.9238, 6.30225
62.1242, 6.32043
62.3246, 6.30225
62.5251, 6.33714
62.7255, 6.33714
62.9259, 6.36785
63.1263, 6.32523
63.3267, 6.30225
63.5271, 6.32523
63.7275, 6.32676
63.9279, 6.32523
64.1283, 6.32523
64.3287, 6.32043
64.5291, 6.30225
64.7295, 6.30225
64.9299, 6.30225
65.1303, 6.33714
65.3307, 6.30225
65.5311, 6.34615
65.7315, 6.30225
65.9319, 6.32676
66.1323, 6.30225
66.3327, 6.30225
66.5331, 6.32523
66.7335, 6.30225
66.9339, 6.32676
67.1343, 6.32676
67.3347, 6.32676
67.5351, 6.32523
67.7355, 6.30225
67.9359, 6.39357
68.1363, 6.34341
68.3367, 6.30225
68.5371, 6.30225
68.7375, 6.30225
68.9379, 6.35532
69.1383, 6.30225
69.3387, 6.30225
69.5391, 6.32523
69.7395, 6.30225
69.9399, 6.32043
70.1403, 6.34341
70.3407, 6.37025
70.5411, 6.34972
70.7415, 6.32043
70.9419, 6.34967
71.1423, 6.32043
71.3427, 6.30225
71.5431, 6.30225
71.7435, 6.32043
71.9439, 6.32043
72.1443, 6.34615
72.3447, 6.32043
72.5451, 6.33714
72.7455, 6.30225
72.9459, 6.30225
73.1463, 6.30225
73.3467, 6.30225
73.5471, 6.32523
73.7475, 6.30225
73.9479, 6.30225
74.1483, 6.32523
74.3487, 6.36165
74.5491, 6.34969
74.7495, 6.32676
74.9499, 6.30225
75.1503, 6.38843
75.3507, 6.34972
75.5511, 6.40514
75.7515, 6.35532
75.9519, 6.32523
76.1523, 6.35532
76.3527, 6.32676
76.5531, 6.30225
76.7535, 6.30225
76.9539, 6.32043
77.1543, 6.32043
77.3547, 6.32676
77.5551, 6.30225
77.7555, 6.32043
77.9559, 6.30225
78.1563, 6.30225
78.3567, 6.33714
78.5571, 6.30225
78.7575, 6.30225
78.9579, 6.32523
79.1583, 6.30225
79.3587, 6.30225
79.5591, 6.30225
79.7595, 6.30225
79.9599, 6.30225
80.1603, 6.30225
80.3607, 6.30225
80.5611, 6.30225
80.7615, 6.30225
80.9619, 6.37025
81.1623, 6.30225
81.3627, 6.34341
81.5631, 6.30225
81.7635, 6.33714
81.9639, 6.32523
82.1643, 6.30225
82.3647, 6.30225
82.5651, 6.30225
82.7655, 6.32676
82.9659, 6.30225
83.1663, 6.30225
83.3667, 6.30225
83.5671, 6.30225
83.7675, 6.30225
83.9679, 6.32043
84.1683, 6.36787
84.3687, 6.32523
84.5691, 6.32043
84.7695, 6.34341
84.9699, 6.30225
85.1703, 6.33714
85.3707, 6.30225
85.5711, 6.30225
85.7715, 6.30225
85.9719, 6.32043
86.1723, 6.32676
86.3727, 6.32676
86.5731, 6.32043
86.7735, 6.32676
86.9739, 6.32523
87.1743, 6.30225
87.3747, 6.32043
87.5752, 6.32043
87.7756, 6.30225
87.976, 6.32043
88.1764, 6.30225
88.3768, 6.30225
88.5772, 6.36165
88.7776, 6.30225
88.978, 6.32676
89.1784, 6.30225
89.3788, 6.30225
89.5792, 6.30225
89.7796, 6.30225
89.98, 6.34494
90.1804, 6.30225
90.3808, 6.33714
90.5812, 6.30225
90.7816, 6.34967
90.982, 6.30225
91.1824, 6.34969
91.3828, 6.30225
91.5832, 6.32043
91.7836, 6.30225
91.984, 6.30225
92.1844, 6.30225
92.3848, 6.32676
92.5852, 6.30225
92.7856, 6.30225
92.986, 6.32523
93.1864, 6.30225
93.3868, 6.30225
93.5872, 6.30225
93.7876, 6.30225
93.988, 6.34967
94.1884, 6.32043
94.3888, 6.37025
94.5892, 6.30225
94.7896, 6.32676
94.99, 6.30225
95.1904, 6.30225
95.3908, 6.30225
95.5912, 6.34494
95.7916, 6.30225
95.992, 6.32043
96.1924, 6.36787
96.3928, 6.30225
96.5932, 6.34969
96.7936, 6.30225
96.994, 6.30225
97.1944, 6.32043
97.3948, 6.32523
97.5952, 6.32043
97.7956, 6.30225
97.996, 6.32523
98.1964, 6.30225
98.3968, 6.30225
98.5972, 6.32043
98.7976, 6.33714
98.998, 6.30225
99.1984, 6.30225
99.3988, 6.32043
99.5992, 6.32043
99.7996, 6.32043
100, 6.30225
