chi2
87.44
101
102.04
78.28
74.26
89.7
97.18
87.38
85.9
119.92
98.74
124.56
86.84
80.12
90.68
118.52
90.66
112.88
101.32
100.66
102.28
88.7
91.64
103.6
96
97.02
113.32
96.16
96.48
89.66
127.24
93.12
97.06
98.22
82.34
108.48
107.44
99.82
96.56
100.22
87.62
88.08
85.9
98.32
104.64
93.06
96.22
106.46
113.8
85.38
78.94
97.82
109.64
101.56
113.08
96.82
104.82
86.86
96.74
117.4
91.4
97.44
108.42
107.16
113.3
76.44
88.4
84.18
95.1
123.24
127.08
121
110.8
93.24
106.82
84.86
113.24
106.14
97.42
71.04
82.5
86.72
107.96
85.76
113.62
95.84
99.6
75.22
118.92
72.98
97.28
106.96
77.64
103.54
88.54
88.04
108.34
106.42
113.66
115.2
