           1    0.186952    0.320772           0
           2    0.187952    0.321847        -nan
           3    0.184352    0.319332        -nan
           4    0.181556    0.316994        -nan
           5    0.184092    0.316614        -nan
           6    0.177152     0.31385        -nan
           7     0.18406    0.313908        -nan
           8    0.181776     0.31349        -nan
           9    0.182224    0.313145        -nan
          10    0.186496    0.313745        -nan
          11    0.183484    0.313738        -nan
          12    0.183996    0.313836        -nan
          13    0.184216    0.313921        -nan
          14    0.180452    0.313388        -nan
          15    0.186112    0.313791        -nan
          16    0.181752    0.313555        -nan
          17    0.183224    0.313485        -nan
          18    0.185696     0.31374        -nan
          19    0.186844    0.314098        -nan
          20    0.184844    0.314197        -nan
           1    0.186952     -2.2827           0
           2    0.187952    -2.27792    0.961404
           3    0.184352    -2.30243    0.681561
           4    0.181556    -2.30017    0.554219
           5    0.184092     -2.2974    0.479354
           6    0.177152    -2.30773    0.428078
           7     0.18406    -2.31024    0.391016
           8    0.181776    -2.30718    0.361523
           9    0.182224    -2.31067     0.33827
          10    0.186496    -2.31152    0.319259
          11    0.183484    -2.31033     0.30278
          12    0.183996    -2.30827    0.288592
          13    0.184216    -2.30811    0.276323
          14    0.180452    -2.31191     0.26552
          15    0.186112    -2.30896    0.255849
          16    0.181752    -2.30906    0.247086
          17    0.183224    -2.31078    0.239309
          18    0.185696    -2.30985    0.232199
          19    0.186844    -2.30849    0.225704
          20    0.184844    -2.30859    0.219718
