           1    0.000512    0.000512           0
           2     0.00072    0.000616    0.000104
           3     0.00032 0.000517333 0.000115501
           4    0.001532    0.000771  0.00026649
           5    0.000964   0.0008096     0.00021
           6     2.4e-05 0.000678667  0.00021574
           7   -0.000508 0.000509143 0.000248965
           8     -0.0002   0.0004205 0.000233121
           9    0.000648 0.000445778 0.000207142
          10    -0.00072   0.0003292 0.000218898
          11    0.000348 0.000330909 0.000198008
          12    -0.00142    0.000185 0.000232298
          13    0.000872 0.000237846 0.000220121
          14   -0.000724 0.000169143 0.000215061
          15    0.000808 0.000211733 0.000204691
          16   -0.001328   0.0001155 0.000214294
          17    0.001696 0.000208471 0.000221727
          18     0.00076 0.000239111  0.00021128
          19    0.000604 0.000258316 0.000200771
          20    0.001036   0.0002972 0.000194397
           1    0.000512    0.000512           0
           2     0.00072    0.000616    0.000104
           3     0.00032 0.000517333 0.000115501
           4    0.001532    0.000771  0.00026649
           5    0.000964   0.0008096     0.00021
           6     2.4e-05 0.000678667  0.00021574
           7   -0.000508 0.000509143 0.000248965
           8     -0.0002   0.0004205 0.000233121
           9    0.000648 0.000445778 0.000207142
          10    -0.00072   0.0003292 0.000218898
          11    0.000348 0.000330909 0.000198008
          12    -0.00142    0.000185 0.000232298
          13    0.000872 0.000237846 0.000220121
          14   -0.000724 0.000169143 0.000215061
          15    0.000808 0.000211733 0.000204691
          16   -0.001328   0.0001155 0.000214294
          17    0.001696 0.000208471 0.000221727
          18     0.00076 0.000239111  0.00021128
          19    0.000604 0.000258316 0.000200771
          20    0.001036   0.0002972 0.000194397
