17, 23, 13, 29, 14, 9, 26, 30, 8, 2, 28, 16, 21, 11, 15, 3, 6, 1, 20, 31, 4, 27, 5, 10, 12, 24, 18, 7, 22, 19, 25
21, 6, 27, 9, 8, 16, 15, 10, 5, 13, 14, 29, 20, 19, 31, 3, 12, 24, 4, 30, 28, 18, 26, 22, 17, 25, 1, 2, 7, 23, 11
19, 30, 25, 17, 14, 3, 22, 6, 27, 5, 28, 18, 2, 8, 9, 26, 13, 4, 24, 12, 20, 1, 29, 31, 7, 10, 15, 16, 23, 11, 21
19, 30, 25, 17, 14, 3, 22, 6, 27, 5, 28, 18, 2, 8, 9, 26, 13, 4, 24, 12, 20, 1, 29, 31, 7, 10, 15, 16, 23, 11, 21
19, 30, 25, 17, 14, 3, 22, 6, 27, 5, 28, 4, 2, 15, 13, 23, 8, 16, 7, 26, 18, 24, 12, 20, 1, 21, 29, 31, 10, 11, 9
19, 30, 25, 17, 14, 3, 22, 6, 27, 5, 28, 4, 2, 15, 13, 23, 8, 16, 7, 26, 18, 24, 12, 20, 1, 21, 29, 31, 11, 9, 10
19, 30, 25, 17, 14, 3, 22, 6, 27, 5, 28, 4, 2, 15, 13, 23, 8, 16, 7, 26, 18, 24, 12, 20, 1, 29, 31, 21, 9, 10, 11
19, 30, 25, 17, 14, 3, 22, 6, 27, 5, 28, 18, 26, 13, 2, 8, 9, 4, 24, 16, 21, 1, 31, 29, 20, 12, 7, 23, 10, 15, 11
19, 30, 25, 17, 14, 3, 22, 6, 27, 5, 28, 4, 2, 15, 13, 23, 7, 8, 16, 26, 18, 24, 12, 20, 1, 21, 29, 31, 11, 9, 10
19, 30, 25, 17, 14, 3, 22, 6, 1, 31, 29, 20, 12, 7, 23, 10, 15, 27, 5, 28, 18, 26, 13, 2, 8, 9, 4, 24, 16, 21, 11
19, 30, 25, 17, 14, 3, 22, 6, 31, 29, 21, 1, 20, 12, 24, 18, 26, 16, 8, 7, 23, 13, 15, 2, 4, 28, 5, 27, 11, 9, 10
19, 30, 25, 17, 14, 3, 22, 6, 31, 29, 21, 1, 20, 12, 24, 18, 26, 16, 8, 7, 23, 13, 15, 2, 4, 28, 5, 27, 9, 10, 11
19, 30, 17, 14, 25, 3, 22, 6, 31, 29, 21, 1, 20, 12, 24, 18, 26, 16, 8, 7, 23, 13, 15, 2, 4, 28, 5, 27, 9, 10, 11
19, 30, 25, 17, 14, 3, 22, 6, 31, 29, 21, 1, 20, 12, 24, 18, 26, 16, 8, 7, 23, 13, 15, 2, 4, 28, 5, 27, 10, 9, 11
17, 14, 25, 19, 30, 3, 22, 6, 31, 29, 21, 1, 20, 12, 24, 18, 26, 16, 8, 7, 23, 13, 15, 2, 4, 28, 5, 27, 10, 9, 11
19, 30, 25, 17, 14, 3, 22, 6, 31, 29, 21, 1, 20, 12, 28, 18, 26, 16, 8, 7, 23, 13, 15, 2, 4, 24, 5, 27, 10, 9, 11
19, 30, 25, 17, 14, 3, 22, 6, 31, 29, 21, 1, 20, 12, 24, 18, 26, 28, 4, 16, 8, 7, 23, 13, 15, 2, 5, 27, 10, 9, 11
19, 30, 25, 17, 14, 3, 22, 6, 31, 29, 21, 1, 20, 12, 24, 18, 26, 28, 4, 16, 8, 7, 23, 13, 15, 2, 5, 27, 10, 9, 11
19, 30, 25, 17, 14, 3, 22, 6, 31, 29, 21, 1, 20, 12, 24, 26, 18, 28, 4, 16, 8, 7, 23, 13, 15, 2, 5, 27, 10, 9, 11
17, 19, 30, 25, 14, 3, 22, 6, 31, 29, 21, 1, 20, 12, 24, 26, 18, 28, 4, 16, 8, 7, 23, 13, 15, 2, 5, 27, 10, 9, 11
17, 19, 30, 25, 14, 3, 22, 6, 31, 29, 21, 1, 20, 12, 24, 26, 18, 28, 4, 16, 8, 7, 23, 13, 15, 2, 5, 27, 10, 9, 11
17, 19, 30, 25, 14, 3, 22, 6, 31, 29, 21, 1, 20, 12, 24, 4, 26, 18, 28, 16, 8, 7, 23, 13, 15, 2, 5, 27, 10, 9, 11
14, 17, 25, 30, 19, 3, 22, 6, 31, 29, 21, 1, 20, 12, 24, 26, 18, 28, 4, 16, 8, 7, 23, 13, 15, 2, 5, 27, 10, 9, 11
14, 17, 25, 30, 19, 3, 22, 6, 31, 29, 21, 1, 20, 12, 24, 4, 26, 18, 28, 16, 8, 7, 23, 13, 15, 2, 5, 27, 10, 9, 11
14, 17, 25, 30, 19, 3, 22, 6, 31, 29, 21, 1, 20, 12, 24, 4, 26, 18, 28, 16, 8, 7, 23, 10, 27, 5, 2, 15, 13, 9, 11
17, 14, 25, 30, 19, 3, 22, 6, 31, 29, 21, 1, 20, 12, 24, 4, 26, 18, 28, 16, 8, 7, 23, 13, 15, 2, 5, 27, 10, 9, 11
17, 14, 25, 30, 19, 3, 6, 31, 29, 22, 21, 1, 20, 12, 24, 4, 26, 18, 28, 16, 8, 7, 23, 13, 15, 2, 5, 27, 10, 9, 11
17, 14, 25, 30, 19, 3, 22, 6, 29, 31, 21, 1, 20, 12, 24, 26, 4, 28, 18, 16, 23, 7, 8, 13, 15, 2, 5, 27, 10, 9, 11
17, 14, 25, 30, 19, 3, 22, 6, 29, 31, 21, 1, 20, 12, 24, 26, 4, 28, 18, 16, 13, 8, 7, 23, 15, 2, 5, 27, 10, 9, 11
17, 14, 25, 30, 19, 3, 22, 6, 31, 29, 21, 1, 20, 12, 24, 4, 26, 18, 28, 16, 13, 15, 2, 5, 27, 10, 23, 7, 8, 9, 11
17, 14, 25, 30, 19, 3, 22, 6, 29, 31, 21, 1, 20, 12, 24, 4, 26, 18, 28, 16, 13, 15, 2, 5, 27, 10, 23, 7, 8, 9, 11
17, 14, 25, 30, 19, 3, 29, 6, 31, 22, 21, 1, 20, 12, 24, 4, 26, 18, 28, 16, 13, 15, 2, 5, 27, 10, 23, 7, 8, 9, 11
17, 30, 25, 14, 19, 3, 22, 6, 29, 31, 21, 1, 20, 12, 24, 4, 26, 18, 28, 16, 13, 15, 2, 5, 27, 10, 23, 7, 8, 9, 11
17, 30, 25, 14, 19, 3, 22, 6, 29, 31, 21, 1, 20, 12, 24, 4, 26, 18, 28, 16, 13, 15, 2, 5, 27, 10, 23, 7, 8, 9, 11
17, 30, 25, 14, 19, 22, 3, 6, 29, 31, 21, 1, 20, 12, 24, 4, 26, 18, 28, 16, 13, 15, 2, 5, 27, 10, 23, 7, 8, 9, 11
17, 9, 8, 7, 23, 10, 27, 5, 2, 15, 13, 16, 28, 18, 26, 4, 24, 12, 20, 1, 21, 22, 31, 6, 29, 3, 19, 30, 25, 14, 11
17, 30, 25, 9, 8, 7, 23, 10, 27, 5, 2, 15, 13, 16, 28, 18, 26, 4, 24, 12, 20, 1, 21, 22, 31, 6, 29, 3, 19, 14, 11
17, 30, 25, 9, 8, 7, 23, 10, 27, 5, 2, 15, 13, 16, 28, 18, 26, 4, 24, 12, 20, 1, 21, 22, 31, 6, 29, 3, 19, 14, 11
17, 30, 25, 9, 8, 7, 23, 10, 27, 5, 2, 15, 13, 16, 28, 18, 26, 4, 24, 12, 20, 1, 21, 22, 31, 3, 29, 6, 19, 14, 11
17, 30, 25, 9, 8, 7, 23, 10, 27, 5, 2, 15, 13, 16, 28, 18, 26, 4, 24, 12, 20, 1, 21, 22, 31, 3, 29, 6, 19, 14, 11
17, 30, 25, 9, 8, 7, 23, 10, 27, 5, 2, 15, 13, 12, 24, 4, 26, 18, 28, 16, 20, 1, 21, 22, 31, 6, 29, 3, 19, 14, 11
17, 30, 25, 9, 8, 7, 23, 10, 27, 5, 2, 15, 13, 12, 24, 4, 26, 18, 28, 16, 20, 1, 21, 22, 31, 6, 29, 3, 19, 14, 11
17, 30, 25, 9, 8, 7, 23, 10, 27, 5, 2, 13, 15, 12, 24, 4, 26, 18, 28, 16, 20, 1, 21, 22, 31, 3, 29, 6, 19, 14, 11
17, 30, 25, 9, 8, 7, 23, 10, 27, 5, 2, 13, 15, 12, 24, 4, 26, 18, 28, 16, 20, 1, 21, 22, 31, 3, 29, 6, 19, 14, 11
17, 30, 25, 9, 8, 7, 23, 10, 27, 5, 2, 13, 15, 12, 24, 4, 26, 18, 28, 16, 20, 1, 21, 22, 31, 3, 29, 6, 19, 14, 11
17, 30, 25, 9, 8, 7, 23, 10, 27, 5, 28, 18, 26, 4, 24, 12, 15, 13, 2, 16, 20, 1, 21, 22, 31, 6, 29, 3, 19, 14, 11
17, 30, 25, 9, 7, 8, 23, 10, 27, 5, 28, 18, 26, 4, 24, 12, 15, 13, 2, 16, 20, 1, 21, 22, 31, 6, 29, 3, 19, 14, 11
17, 30, 25, 9, 8, 7, 23, 10, 27, 5, 2, 13, 15, 12, 24, 4, 26, 28, 18, 16, 20, 1, 21, 22, 31, 6, 29, 3, 19, 14, 11
17, 30, 25, 9, 8, 7, 23, 10, 27, 5, 2, 13, 15, 12, 24, 4, 26, 28, 18, 16, 20, 1, 21, 22, 31, 3, 29, 6, 19, 14, 11
17, 30, 25, 9, 7, 8, 23, 10, 27, 5, 2, 13, 15, 12, 24, 4, 26, 28, 18, 16, 20, 1, 21, 22, 31, 6, 29, 3, 19, 14, 11
17, 30, 25, 9, 7, 8, 23, 10, 27, 5, 2, 13, 15, 12, 24, 4, 26, 28, 18, 16, 20, 1, 21, 22, 31, 3, 29, 6, 19, 14, 11
17, 30, 25, 9, 7, 8, 23, 10, 27, 5, 2, 13, 15, 12, 24, 4, 26, 28, 18, 16, 20, 1, 21, 22, 31, 3, 29, 6, 19, 14, 11
30, 17, 25, 9, 8, 7, 23, 10, 27, 5, 2, 13, 15, 12, 24, 4, 26, 28, 18, 16, 20, 1, 21, 22, 31, 3, 29, 6, 19, 14, 11
30, 17, 25, 9, 8, 7, 23, 10, 27, 5, 2, 13, 15, 12, 24, 4, 26, 28, 18, 16, 20, 1, 21, 22, 31, 3, 29, 6, 19, 14, 11
30, 17, 25, 9, 7, 8, 23, 10, 27, 5, 2, 13, 15, 12, 24, 4, 26, 28, 18, 16, 20, 1, 21, 22, 31, 3, 29, 6, 19, 14, 11
30, 17, 25, 9, 7, 8, 23, 10, 27, 5, 2, 13, 15, 12, 24, 4, 26, 28, 18, 16, 20, 1, 21, 22, 31, 3, 29, 6, 19, 14, 11
30, 17, 25, 9, 7, 8, 23, 10, 27, 5, 2, 13, 15, 12, 24, 4, 26, 28, 18, 16, 20, 1, 21, 22, 31, 3, 29, 6, 19, 14, 11
30, 17, 25, 9, 7, 8, 23, 10, 27, 5, 2, 13, 15, 12, 24, 4, 26, 28, 18, 16, 20, 1, 21, 22, 31, 3, 29, 6, 19, 14, 11
30, 17, 25, 9, 7, 8, 23, 10, 27, 5, 13, 2, 15, 12, 24, 4, 26, 28, 18, 16, 20, 1, 21, 22, 31, 3, 29, 6, 19, 14, 11
30, 17, 25, 9, 7, 8, 23, 10, 27, 5, 13, 2, 15, 12, 24, 4, 26, 28, 18, 16, 20, 1, 21, 22, 31, 3, 29, 6, 19, 14, 11
30, 17, 25, 9, 7, 8, 23, 10, 27, 5, 13, 2, 15, 12, 24, 4, 26, 28, 18, 16, 20, 1, 21, 22, 31, 3, 29, 6, 19, 14, 11
30, 17, 25, 9, 7, 8, 23, 10, 27, 5, 13, 2, 15, 12, 24, 4, 26, 28, 18, 16, 20, 1, 21, 22, 31, 3, 29, 6, 19, 14, 11
30, 17, 25, 9, 7, 8, 23, 10, 27, 5, 13, 2, 15, 12, 24, 4, 26, 28, 18, 16, 20, 1, 21, 22, 31, 3, 29, 6, 19, 14, 11
30, 17, 25, 9, 7, 8, 23, 10, 27, 5, 13, 2, 15, 12, 24, 4, 26, 28, 18, 16, 20, 1, 21, 22, 31, 3, 29, 6, 19, 14, 11
30, 17, 25, 9, 7, 8, 23, 10, 27, 5, 13, 2, 15, 12, 24, 4, 26, 28, 18, 16, 20, 1, 21, 22, 31, 3, 29, 6, 19, 14, 11
30, 17, 25, 9, 7, 8, 23, 10, 27, 5, 13, 2, 15, 12, 24, 4, 26, 28, 18, 16, 20, 1, 21, 22, 31, 3, 29, 6, 19, 14, 11
30, 17, 25, 9, 7, 8, 23, 10, 27, 5, 13, 2, 15, 12, 24, 4, 26, 28, 18, 16, 20, 1, 21, 22, 31, 3, 29, 6, 19, 14, 11
30, 17, 25, 9, 7, 8, 23, 10, 27, 5, 13, 2, 15, 12, 24, 4, 26, 28, 18, 16, 20, 1, 21, 22, 31, 3, 29, 6, 19, 14, 11
30, 17, 25, 9, 7, 8, 23, 10, 27, 5, 13, 2, 15, 12, 24, 4, 26, 28, 18, 16, 20, 1, 21, 22, 31, 3, 29, 6, 19, 14, 11
30, 17, 25, 9, 7, 8, 23, 10, 27, 5, 13, 2, 15, 12, 24, 4, 26, 28, 18, 16, 20, 1, 21, 22, 31, 3, 29, 6, 19, 14, 11
30, 17, 25, 9, 7, 8, 23, 10, 27, 5, 13, 2, 15, 12, 24, 4, 26, 28, 18, 16, 20, 1, 21, 22, 31, 3, 29, 6, 19, 14, 11
30, 17, 25, 9, 7, 8, 23, 10, 27, 5, 13, 2, 15, 12, 24, 4, 26, 28, 18, 16, 20, 1, 21, 22, 31, 3, 29, 6, 19, 14, 11
30, 17, 25, 9, 7, 8, 23, 10, 27, 5, 13, 2, 15, 12, 24, 4, 26, 28, 18, 16, 20, 1, 21, 22, 31, 3, 29, 6, 19, 14, 11
30, 17, 25, 9, 7, 8, 23, 10, 27, 5, 13, 2, 15, 12, 24, 4, 26, 28, 18, 16, 20, 1, 21, 22, 31, 3, 29, 6, 19, 14, 11
30, 17, 25, 9, 7, 8, 23, 10, 27, 5, 13, 2, 15, 12, 24, 4, 26, 28, 18, 16, 20, 1, 21, 22, 31, 3, 29, 6, 19, 14, 11
30, 17, 25, 9, 7, 8, 23, 10, 27, 5, 12, 24, 4, 26, 28, 18, 16, 13, 2, 15, 20, 1, 21, 22, 31, 3, 29, 6, 19, 14, 11
30, 17, 25, 9, 7, 8, 23, 10, 27, 5, 12, 24, 4, 26, 28, 18, 16, 13, 2, 15, 20, 1, 21, 22, 31, 3, 29, 6, 19, 14, 11
30, 17, 25, 9, 7, 8, 23, 10, 27, 5, 12, 24, 4, 26, 28, 18, 16, 13, 2, 15, 20, 1, 21, 22, 31, 3, 29, 6, 19, 14, 11
30, 17, 25, 9, 7, 8, 23, 10, 27, 5, 12, 24, 4, 26, 28, 18, 16, 13, 2, 15, 20, 1, 21, 22, 31, 3, 29, 6, 19, 14, 11
30, 17, 25, 9, 7, 8, 23, 10, 27, 5, 12, 24, 4, 26, 28, 18, 16, 13, 2, 15, 20, 1, 21, 22, 31, 3, 29, 6, 19, 14, 11
30, 17, 25, 9, 7, 8, 23, 10, 27, 5, 12, 24, 4, 26, 28, 18, 16, 13, 2, 15, 20, 1, 21, 22, 31, 3, 29, 6, 19, 14, 11
30, 17, 25, 9, 7, 8, 23, 10, 27, 5, 12, 24, 4, 26, 28, 18, 16, 15, 2, 13, 20, 1, 21, 22, 31, 3, 29, 6, 19, 14, 11
30, 17, 25, 9, 7, 8, 23, 10, 27, 5, 12, 24, 4, 26, 28, 18, 16, 15, 2, 13, 20, 1, 21, 22, 31, 3, 29, 6, 19, 14, 11
30, 17, 25, 9, 7, 8, 23, 10, 27, 5, 12, 24, 4, 26, 28, 18, 16, 15, 2, 13, 20, 1, 21, 22, 31, 3, 29, 6, 19, 14, 11
30, 17, 25, 9, 7, 8, 23, 10, 27, 5, 12, 24, 4, 26, 28, 18, 16, 15, 2, 13, 20, 1, 21, 22, 31, 3, 29, 6, 19, 14, 11
30, 17, 25, 9, 7, 8, 23, 10, 27, 5, 12, 24, 4, 26, 28, 18, 16, 15, 2, 13, 20, 1, 21, 22, 31, 3, 29, 6, 19, 14, 11
30, 17, 25, 9, 7, 8, 23, 10, 27, 5, 12, 24, 4, 26, 28, 18, 16, 15, 2, 13, 20, 1, 21, 22, 31, 3, 29, 6, 19, 14, 11
30, 17, 25, 9, 7, 8, 23, 10, 27, 5, 12, 24, 4, 26, 28, 18, 16, 15, 2, 13, 20, 1, 21, 22, 31, 3, 29, 6, 19, 14, 11
30, 17, 25, 9, 7, 8, 23, 10, 27, 5, 12, 24, 4, 26, 28, 18, 16, 15, 2, 13, 20, 1, 21, 22, 31, 3, 29, 6, 19, 14, 11
30, 17, 25, 9, 7, 8, 23, 10, 27, 5, 12, 24, 4, 26, 28, 18, 16, 15, 2, 13, 20, 1, 21, 22, 31, 3, 29, 6, 19, 14, 11
30, 17, 25, 9, 7, 8, 23, 10, 27, 5, 12, 24, 4, 26, 28, 18, 16, 15, 2, 13, 20, 1, 21, 22, 31, 3, 29, 6, 19, 14, 11
17, 30, 19, 6, 29, 3, 31, 22, 21, 1, 20, 13, 2, 15, 16, 18, 28, 26, 4, 24, 12, 5, 27, 10, 23, 8, 7, 9, 25, 14, 11
17, 30, 19, 6, 29, 3, 31, 22, 21, 1, 20, 13, 2, 15, 16, 18, 28, 26, 4, 24, 12, 5, 27, 10, 23, 8, 7, 9, 25, 14, 11
17, 30, 19, 6, 29, 3, 31, 22, 21, 1, 20, 13, 2, 15, 16, 18, 28, 26, 4, 24, 12, 5, 27, 10, 23, 8, 7, 9, 25, 14, 11
17, 30, 19, 6, 29, 3, 31, 22, 21, 1, 20, 13, 2, 15, 16, 18, 28, 26, 4, 24, 12, 5, 27, 10, 23, 8, 7, 9, 25, 14, 11
17, 30, 19, 6, 29, 3, 31, 22, 21, 1, 20, 13, 2, 15, 16, 18, 28, 26, 4, 24, 12, 5, 27, 10, 23, 8, 7, 9, 25, 14, 11
17, 30, 19, 6, 29, 3, 31, 22, 21, 1, 20, 13, 2, 15, 16, 18, 28, 26, 4, 24, 12, 5, 27, 10, 23, 8, 7, 9, 25, 14, 11
17, 30, 19, 6, 29, 3, 31, 22, 21, 1, 20, 13, 2, 15, 16, 18, 28, 26, 4, 24, 12, 5, 27, 10, 23, 8, 7, 9, 25, 14, 11
17, 30, 19, 6, 29, 3, 31, 22, 21, 1, 20, 13, 2, 15, 16, 18, 28, 26, 4, 24, 12, 5, 27, 10, 23, 8, 7, 9, 25, 14, 11
17, 30, 19, 6, 29, 3, 31, 22, 21, 1, 20, 13, 2, 15, 16, 18, 28, 26, 4, 24, 12, 5, 27, 10, 23, 9, 25, 7, 8, 14, 11
17, 30, 19, 6, 29, 3, 31, 22, 21, 1, 20, 13, 2, 15, 16, 18, 28, 26, 4, 24, 12, 5, 27, 10, 23, 9, 25, 7, 8, 14, 11
17, 30, 19, 6, 29, 3, 31, 22, 21, 1, 20, 13, 2, 15, 16, 18, 28, 26, 4, 24, 12, 5, 27, 10, 23, 9, 25, 7, 8, 14, 11
17, 30, 19, 6, 29, 3, 31, 22, 21, 1, 20, 13, 2, 15, 16, 18, 28, 26, 4, 24, 12, 5, 27, 10, 23, 9, 25, 7, 8, 14, 11
17, 30, 19, 6, 29, 3, 31, 22, 21, 1, 20, 13, 2, 15, 16, 18, 28, 26, 4, 24, 12, 5, 27, 10, 23, 9, 25, 7, 8, 14, 11
17, 30, 19, 6, 29, 3, 31, 22, 21, 1, 20, 13, 2, 15, 16, 18, 28, 26, 4, 24, 12, 5, 27, 10, 23, 9, 25, 7, 8, 14, 11
17, 30, 19, 6, 29, 3, 31, 22, 21, 1, 20, 13, 2, 15, 16, 18, 28, 26, 4, 24, 12, 5, 27, 10, 23, 9, 25, 7, 8, 14, 11
17, 30, 19, 6, 29, 3, 31, 22, 21, 1, 20, 13, 2, 15, 16, 18, 28, 26, 4, 24, 12, 5, 27, 10, 23, 9, 25, 7, 8, 14, 11
17, 30, 19, 6, 29, 3, 31, 22, 21, 1, 20, 13, 2, 15, 16, 18, 28, 26, 4, 24, 12, 5, 27, 10, 23, 9, 25, 7, 8, 14, 11
17, 30, 19, 6, 29, 3, 31, 22, 21, 1, 20, 13, 2, 15, 16, 18, 28, 26, 4, 24, 12, 5, 27, 10, 23, 9, 25, 7, 8, 14, 11
17, 30, 19, 6, 29, 3, 31, 22, 21, 1, 20, 13, 2, 15, 16, 18, 28, 26, 4, 24, 12, 5, 27, 10, 23, 9, 25, 7, 8, 14, 11
17, 30, 19, 6, 29, 3, 31, 22, 21, 1, 20, 13, 2, 15, 16, 18, 28, 26, 4, 24, 12, 5, 27, 10, 23, 9, 25, 7, 8, 14, 11
17, 30, 19, 6, 29, 3, 31, 22, 21, 1, 20, 13, 2, 15, 16, 18, 28, 26, 4, 24, 12, 5, 27, 10, 23, 9, 25, 7, 8, 14, 11
17, 30, 19, 6, 29, 3, 31, 22, 21, 1, 20, 13, 2, 15, 16, 18, 28, 26, 4, 24, 12, 5, 27, 10, 23, 9, 25, 7, 8, 14, 11
17, 30, 19, 6, 29, 3, 31, 22, 21, 1, 20, 13, 2, 15, 16, 18, 28, 26, 4, 24, 12, 5, 27, 10, 23, 9, 25, 7, 8, 14, 11
17, 30, 19, 6, 29, 3, 31, 22, 21, 1, 20, 13, 2, 15, 16, 18, 28, 26, 4, 24, 12, 5, 27, 10, 23, 9, 25, 7, 8, 14, 11
17, 30, 19, 6, 29, 3, 31, 22, 21, 1, 20, 13, 2, 15, 16, 18, 28, 26, 4, 24, 12, 5, 27, 10, 23, 9, 25, 7, 8, 14, 11
17, 30, 19, 6, 29, 3, 31, 22, 21, 1, 20, 13, 2, 15, 16, 18, 28, 26, 4, 24, 12, 5, 27, 10, 23, 9, 25, 7, 8, 14, 11
17, 30, 19, 6, 29, 3, 31, 22, 21, 1, 20, 13, 2, 15, 16, 18, 28, 26, 4, 24, 12, 5, 27, 10, 23, 9, 25, 7, 8, 14, 11
17, 30, 19, 6, 29, 3, 31, 22, 21, 1, 20, 13, 2, 15, 16, 18, 28, 26, 4, 24, 12, 5, 27, 10, 23, 9, 25, 7, 8, 14, 11
17, 30, 19, 6, 29, 3, 31, 22, 21, 1, 20, 13, 2, 15, 16, 18, 28, 26, 4, 24, 12, 5, 27, 10, 23, 9, 25, 7, 8, 14, 11
17, 30, 19, 6, 29, 3, 31, 22, 21, 1, 20, 13, 2, 15, 16, 18, 28, 26, 4, 24, 12, 5, 27, 10, 23, 9, 25, 7, 8, 14, 11
17, 30, 19, 6, 29, 3, 31, 22, 21, 1, 20, 13, 2, 15, 16, 18, 28, 26, 4, 24, 12, 5, 27, 10, 23, 9, 25, 7, 8, 14, 11
17, 30, 19, 6, 29, 3, 31, 22, 21, 1, 20, 13, 2, 15, 16, 18, 28, 26, 4, 24, 12, 5, 27, 10, 23, 9, 25, 7, 8, 14, 11
17, 30, 19, 6, 29, 3, 31, 22, 21, 1, 20, 13, 2, 15, 16, 18, 28, 26, 4, 24, 12, 5, 27, 10, 23, 9, 25, 7, 8, 14, 11
17, 30, 19, 6, 29, 3, 31, 22, 21, 1, 20, 13, 2, 15, 16, 18, 28, 26, 4, 24, 12, 5, 27, 10, 23, 9, 25, 7, 8, 14, 11
17, 30, 19, 6, 29, 3, 31, 22, 21, 1, 20, 13, 2, 15, 16, 18, 28, 26, 4, 24, 12, 5, 27, 10, 23, 9, 25, 7, 8, 14, 11
17, 30, 19, 6, 29, 3, 31, 22, 21, 1, 20, 13, 2, 15, 16, 18, 28, 26, 4, 24, 12, 5, 27, 10, 23, 9, 25, 7, 8, 14, 11
17, 30, 19, 6, 29, 3, 31, 22, 21, 1, 20, 13, 2, 15, 16, 18, 28, 26, 4, 24, 12, 5, 27, 10, 23, 9, 25, 7, 8, 14, 11
17, 30, 19, 6, 29, 3, 31, 22, 21, 1, 20, 13, 2, 15, 16, 18, 28, 26, 4, 24, 12, 5, 27, 10, 23, 9, 25, 7, 8, 14, 11
17, 30, 19, 6, 29, 3, 31, 22, 21, 1, 20, 13, 2, 15, 16, 18, 28, 26, 4, 24, 12, 5, 27, 10, 23, 9, 25, 7, 8, 14, 11
17, 30, 19, 6, 29, 3, 31, 22, 21, 1, 20, 13, 2, 15, 16, 18, 28, 26, 4, 24, 12, 5, 27, 10, 23, 9, 25, 7, 8, 14, 11
17, 30, 19, 6, 29, 3, 31, 22, 21, 1, 20, 13, 2, 15, 16, 18, 28, 26, 4, 24, 12, 5, 27, 10, 23, 9, 25, 7, 8, 14, 11
17, 30, 19, 6, 29, 3, 31, 22, 21, 1, 20, 13, 2, 15, 16, 18, 28, 26, 4, 24, 12, 5, 27, 10, 23, 9, 25, 7, 8, 14, 11
17, 30, 19, 6, 29, 3, 31, 22, 21, 1, 20, 13, 2, 15, 16, 18, 28, 26, 4, 24, 12, 5, 27, 10, 23, 9, 25, 7, 8, 14, 11
17, 30, 19, 6, 29, 3, 31, 22, 21, 1, 20, 13, 2, 15, 16, 18, 28, 26, 4, 24, 12, 5, 27, 10, 23, 9, 25, 7, 8, 14, 11
17, 30, 19, 6, 29, 3, 31, 22, 21, 1, 20, 13, 2, 15, 16, 18, 28, 26, 4, 24, 12, 5, 27, 10, 23, 9, 25, 7, 8, 14, 11
17, 30, 19, 6, 29, 3, 31, 22, 21, 1, 20, 13, 2, 15, 16, 18, 28, 26, 4, 24, 12, 5, 27, 10, 23, 9, 25, 7, 8, 14, 11
17, 30, 19, 6, 29, 3, 31, 22, 21, 1, 20, 13, 2, 15, 16, 18, 28, 26, 4, 24, 12, 5, 27, 10, 23, 9, 25, 7, 8, 14, 11
17, 30, 19, 6, 29, 3, 31, 22, 21, 1, 20, 13, 2, 15, 16, 18, 28, 26, 4, 24, 12, 5, 27, 10, 23, 9, 25, 7, 8, 14, 11
17, 30, 19, 6, 29, 3, 31, 22, 21, 1, 20, 13, 2, 15, 16, 18, 28, 26, 4, 24, 12, 5, 27, 10, 23, 9, 25, 7, 8, 14, 11
17, 30, 19, 6, 29, 3, 31, 22, 21, 1, 20, 13, 2, 15, 16, 18, 28, 26, 4, 24, 12, 5, 27, 10, 23, 9, 25, 7, 8, 14, 11
17, 30, 19, 6, 29, 3, 31, 22, 21, 1, 20, 13, 2, 15, 16, 18, 28, 26, 4, 24, 12, 5, 27, 10, 23, 9, 25, 7, 8, 14, 11
17, 30, 19, 6, 29, 3, 31, 22, 21, 1, 20, 13, 2, 15, 16, 18, 28, 26, 4, 24, 12, 5, 27, 10, 23, 9, 25, 7, 8, 14, 11
17, 30, 19, 6, 29, 3, 31, 22, 21, 1, 20, 13, 2, 15, 16, 18, 28, 26, 4, 24, 12, 5, 27, 10, 23, 9, 25, 7, 8, 14, 11
17, 30, 19, 6, 29, 3, 31, 22, 21, 1, 20, 13, 2, 15, 16, 18, 28, 26, 4, 24, 12, 5, 27, 10, 23, 9, 25, 7, 8, 14, 11
17, 30, 19, 6, 29, 3, 31, 22, 21, 1, 20, 13, 2, 15, 16, 18, 28, 26, 4, 24, 12, 5, 27, 10, 23, 9, 25, 7, 8, 14, 11
17, 30, 19, 6, 29, 3, 31, 22, 21, 1, 20, 13, 2, 15, 16, 18, 28, 26, 4, 24, 12, 5, 27, 10, 23, 9, 25, 7, 8, 14, 11
17, 30, 19, 6, 29, 3, 31, 22, 21, 1, 20, 13, 2, 15, 16, 18, 28, 26, 4, 24, 12, 5, 27, 10, 23, 9, 25, 7, 8, 14, 11
17, 30, 19, 6, 29, 3, 31, 22, 21, 1, 20, 13, 2, 15, 16, 18, 28, 26, 4, 24, 12, 5, 27, 10, 23, 9, 25, 7, 8, 14, 11
17, 30, 19, 6, 29, 3, 31, 22, 21, 1, 20, 13, 2, 15, 16, 18, 28, 26, 4, 24, 12, 5, 27, 10, 23, 9, 25, 7, 8, 14, 11
17, 30, 19, 6, 29, 3, 31, 22, 21, 1, 20, 13, 2, 15, 16, 18, 28, 26, 4, 24, 12, 5, 27, 10, 23, 9, 25, 7, 8, 14, 11
17, 30, 19, 6, 29, 3, 31, 22, 21, 1, 20, 13, 2, 15, 16, 18, 28, 26, 4, 24, 12, 5, 27, 10, 23, 9, 25, 7, 8, 14, 11
17, 30, 19, 6, 29, 3, 31, 22, 21, 1, 20, 13, 2, 15, 16, 18, 28, 26, 4, 24, 12, 5, 27, 10, 23, 9, 25, 7, 8, 14, 11
17, 30, 19, 6, 29, 3, 31, 22, 21, 1, 20, 13, 2, 15, 16, 18, 28, 26, 4, 24, 12, 5, 27, 10, 23, 9, 25, 7, 8, 14, 11
17, 30, 19, 6, 29, 3, 31, 22, 21, 1, 20, 13, 2, 15, 16, 18, 28, 26, 4, 24, 12, 5, 27, 10, 23, 9, 25, 7, 8, 14, 11
17, 30, 19, 6, 29, 3, 31, 22, 21, 1, 20, 13, 2, 15, 16, 18, 28, 26, 4, 24, 12, 5, 27, 10, 23, 9, 25, 7, 8, 14, 11
17, 30, 19, 6, 29, 3, 31, 22, 21, 1, 20, 13, 2, 15, 16, 18, 28, 26, 4, 24, 12, 5, 27, 10, 23, 9, 25, 7, 8, 14, 11
17, 30, 19, 6, 29, 3, 31, 22, 21, 1, 20, 13, 2, 15, 16, 18, 28, 26, 4, 24, 12, 5, 27, 10, 23, 9, 25, 7, 8, 14, 11
17, 30, 19, 6, 29, 3, 31, 22, 21, 1, 20, 13, 2, 15, 16, 18, 28, 26, 4, 24, 12, 5, 27, 10, 23, 9, 25, 7, 8, 14, 11
17, 30, 19, 6, 29, 3, 31, 22, 21, 1, 20, 13, 2, 15, 16, 18, 28, 26, 4, 24, 12, 5, 27, 10, 23, 9, 25, 7, 8, 14, 11
17, 30, 19, 6, 29, 3, 31, 22, 21, 1, 20, 13, 2, 15, 16, 18, 28, 26, 4, 24, 12, 5, 27, 10, 23, 9, 25, 7, 8, 14, 11
17, 30, 19, 6, 29, 3, 31, 22, 21, 1, 20, 13, 2, 15, 16, 18, 28, 26, 4, 24, 12, 5, 27, 10, 23, 9, 25, 7, 8, 14, 11
17, 30, 19, 6, 29, 3, 31, 22, 21, 1, 20, 13, 2, 15, 16, 18, 28, 26, 4, 24, 12, 5, 27, 10, 23, 9, 25, 7, 8, 14, 11
17, 30, 19, 6, 29, 3, 31, 22, 21, 1, 20, 13, 2, 15, 16, 18, 28, 26, 4, 24, 12, 5, 27, 10, 23, 9, 25, 7, 8, 14, 11
17, 30, 19, 6, 29, 3, 31, 22, 21, 1, 20, 13, 2, 15, 16, 18, 28, 26, 4, 24, 12, 5, 27, 10, 23, 9, 25, 7, 8, 14, 11
17, 30, 19, 6, 29, 3, 31, 22, 21, 1, 20, 13, 2, 15, 16, 18, 28, 26, 4, 24, 12, 5, 27, 10, 23, 9, 25, 7, 8, 14, 11
17, 30, 19, 6, 29, 3, 31, 22, 21, 1, 20, 13, 2, 15, 16, 18, 28, 26, 4, 24, 12, 5, 27, 10, 23, 9, 25, 7, 8, 14, 11
17, 30, 19, 6, 29, 3, 31, 22, 21, 1, 20, 13, 2, 15, 16, 18, 28, 26, 4, 24, 12, 5, 27, 10, 23, 9, 25, 7, 8, 14, 11
17, 30, 19, 6, 29, 3, 31, 22, 21, 1, 20, 13, 2, 15, 16, 18, 28, 26, 4, 24, 12, 5, 27, 10, 23, 9, 25, 7, 8, 14, 11
17, 30, 19, 6, 29, 3, 31, 22, 21, 1, 20, 13, 2, 15, 16, 18, 28, 26, 4, 24, 12, 5, 27, 10, 23, 9, 25, 7, 8, 14, 11
17, 30, 19, 6, 29, 3, 31, 22, 21, 1, 20, 13, 2, 15, 16, 18, 28, 26, 4, 24, 12, 5, 27, 10, 23, 9, 25, 7, 8, 14, 11
17, 30, 19, 6, 29, 3, 31, 22, 21, 1, 20, 13, 2, 15, 16, 18, 28, 26, 4, 24, 12, 5, 27, 10, 23, 9, 25, 7, 8, 14, 11
17, 30, 19, 6, 29, 3, 31, 22, 21, 1, 20, 13, 2, 15, 16, 18, 28, 26, 4, 24, 12, 5, 27, 10, 23, 9, 25, 7, 8, 14, 11
17, 30, 19, 6, 29, 3, 31, 22, 21, 1, 20, 13, 2, 15, 16, 18, 28, 26, 4, 24, 12, 5, 27, 10, 23, 9, 25, 7, 8, 14, 11
17, 30, 19, 6, 29, 3, 31, 22, 21, 1, 20, 13, 2, 15, 16, 18, 28, 26, 4, 24, 12, 5, 27, 10, 23, 9, 25, 7, 8, 14, 11
17, 30, 19, 6, 29, 3, 31, 22, 21, 1, 20, 13, 2, 15, 16, 18, 28, 26, 4, 24, 12, 5, 27, 10, 23, 9, 25, 7, 8, 14, 11
17, 30, 19, 6, 29, 3, 31, 22, 21, 1, 20, 13, 2, 15, 16, 18, 28, 26, 4, 24, 12, 5, 27, 10, 23, 9, 25, 7, 8, 14, 11
17, 30, 19, 6, 29, 3, 31, 22, 21, 1, 20, 13, 2, 15, 16, 18, 28, 26, 4, 24, 12, 5, 27, 10, 23, 9, 25, 7, 8, 14, 11
17, 30, 19, 6, 29, 3, 31, 22, 21, 1, 20, 13, 2, 15, 16, 18, 28, 26, 4, 24, 12, 5, 27, 10, 23, 9, 25, 7, 8, 14, 11
17, 30, 19, 6, 29, 3, 31, 22, 21, 1, 20, 13, 2, 15, 16, 18, 28, 26, 4, 24, 12, 5, 27, 10, 23, 9, 25, 7, 8, 14, 11
17, 30, 19, 6, 29, 3, 31, 22, 21, 1, 20, 13, 2, 15, 16, 18, 28, 26, 4, 24, 12, 5, 27, 10, 23, 9, 25, 7, 8, 14, 11
17, 30, 19, 6, 29, 3, 31, 22, 21, 1, 20, 13, 2, 15, 16, 18, 28, 26, 4, 24, 12, 5, 27, 10, 23, 9, 25, 7, 8, 14, 11
17, 30, 19, 6, 29, 3, 31, 22, 21, 1, 20, 13, 2, 15, 16, 18, 28, 26, 4, 24, 12, 5, 27, 10, 23, 9, 25, 7, 8, 14, 11
17, 30, 19, 6, 29, 3, 31, 22, 21, 1, 20, 13, 2, 15, 16, 18, 28, 26, 4, 24, 12, 5, 27, 10, 23, 9, 25, 7, 8, 14, 11
17, 30, 19, 6, 29, 3, 31, 22, 21, 1, 20, 13, 2, 15, 16, 18, 28, 26, 4, 24, 12, 5, 27, 10, 23, 9, 25, 7, 8, 14, 11
17, 30, 19, 6, 29, 3, 31, 22, 21, 1, 20, 13, 2, 15, 16, 18, 28, 26, 4, 24, 12, 5, 27, 10, 23, 9, 25, 7, 8, 14, 11
17, 30, 19, 6, 29, 3, 31, 22, 21, 1, 20, 13, 2, 15, 16, 18, 28, 26, 4, 24, 12, 5, 27, 10, 23, 9, 25, 7, 8, 14, 11
17, 30, 19, 6, 29, 3, 31, 22, 21, 1, 20, 13, 2, 15, 16, 18, 28, 26, 4, 24, 12, 5, 27, 10, 23, 9, 25, 7, 8, 14, 11
17, 30, 19, 6, 29, 3, 31, 22, 21, 1, 20, 13, 2, 15, 16, 18, 28, 26, 4, 24, 12, 5, 27, 10, 23, 9, 25, 7, 8, 14, 11
17, 30, 19, 6, 29, 3, 31, 22, 21, 1, 20, 13, 2, 15, 16, 18, 28, 26, 4, 24, 12, 5, 27, 10, 23, 9, 25, 7, 8, 14, 11
17, 30, 19, 6, 29, 3, 31, 22, 21, 1, 20, 13, 2, 15, 16, 18, 28, 26, 4, 24, 12, 5, 27, 10, 23, 9, 25, 7, 8, 14, 11
17, 30, 19, 6, 29, 3, 31, 22, 21, 1, 20, 13, 2, 15, 16, 18, 28, 26, 4, 24, 12, 5, 27, 10, 23, 9, 25, 7, 8, 14, 11
17, 30, 19, 6, 29, 3, 31, 22, 21, 1, 20, 13, 2, 15, 16, 18, 28, 26, 4, 24, 12, 5, 27, 10, 23, 9, 25, 7, 8, 14, 11
17, 30, 19, 6, 29, 3, 31, 22, 21, 1, 20, 13, 2, 15, 16, 18, 28, 26, 4, 24, 12, 5, 27, 10, 23, 9, 25, 7, 8, 14, 11
17, 30, 19, 6, 29, 3, 31, 22, 21, 1, 20, 13, 2, 15, 16, 18, 28, 26, 4, 24, 12, 5, 27, 10, 23, 9, 25, 7, 8, 14, 11
17, 30, 19, 6, 29, 3, 31, 22, 21, 1, 20, 13, 2, 15, 16, 18, 28, 26, 4, 24, 12, 5, 27, 10, 23, 9, 25, 7, 8, 14, 11
17, 30, 19, 6, 29, 3, 31, 22, 21, 1, 20, 13, 2, 15, 16, 18, 28, 26, 4, 24, 12, 5, 27, 10, 23, 9, 25, 7, 8, 14, 11
17, 30, 19, 6, 29, 3, 31, 22, 21, 1, 20, 13, 2, 15, 16, 18, 28, 26, 4, 24, 12, 5, 27, 10, 23, 9, 25, 7, 8, 14, 11
17, 30, 19, 6, 29, 3, 31, 22, 21, 1, 20, 13, 2, 15, 16, 18, 28, 26, 4, 24, 12, 5, 27, 10, 23, 9, 25, 7, 8, 14, 11
17, 30, 19, 6, 29, 3, 31, 22, 21, 1, 20, 13, 2, 15, 16, 18, 28, 26, 4, 24, 12, 5, 27, 10, 23, 9, 25, 7, 8, 14, 11
17, 30, 19, 6, 29, 3, 31, 22, 21, 1, 20, 13, 2, 15, 16, 18, 28, 26, 4, 24, 12, 5, 27, 10, 23, 9, 25, 7, 8, 14, 11
17, 30, 19, 6, 29, 3, 31, 22, 21, 1, 20, 13, 2, 15, 16, 18, 28, 26, 4, 24, 12, 5, 27, 10, 23, 9, 25, 7, 8, 14, 11
17, 30, 19, 6, 29, 3, 31, 22, 21, 1, 20, 13, 2, 15, 16, 18, 28, 26, 4, 24, 12, 5, 27, 10, 23, 9, 25, 7, 8, 14, 11
17, 30, 19, 6, 29, 3, 31, 22, 21, 1, 20, 13, 2, 15, 16, 18, 28, 26, 4, 24, 12, 5, 27, 10, 23, 9, 25, 7, 8, 14, 11
17, 30, 19, 6, 29, 3, 31, 22, 21, 1, 20, 13, 2, 15, 16, 18, 28, 26, 4, 24, 12, 5, 27, 10, 23, 9, 25, 7, 8, 14, 11
17, 30, 19, 6, 29, 3, 31, 22, 21, 1, 20, 13, 2, 15, 16, 18, 28, 26, 4, 24, 12, 5, 27, 10, 23, 9, 25, 7, 8, 14, 11
17, 30, 19, 6, 29, 3, 31, 22, 21, 1, 20, 13, 2, 15, 16, 18, 28, 26, 4, 24, 12, 5, 27, 10, 23, 9, 25, 7, 8, 14, 11
17, 30, 19, 6, 29, 3, 31, 22, 21, 1, 20, 13, 2, 15, 16, 18, 28, 26, 4, 24, 12, 5, 27, 10, 23, 9, 25, 7, 8, 14, 11
17, 30, 19, 6, 29, 3, 31, 22, 21, 1, 20, 13, 2, 15, 16, 18, 28, 26, 4, 24, 12, 5, 27, 10, 23, 9, 25, 7, 8, 14, 11
17, 30, 19, 6, 29, 3, 31, 22, 21, 1, 20, 13, 2, 15, 16, 18, 28, 26, 4, 24, 12, 5, 27, 10, 23, 9, 25, 7, 8, 14, 11
17, 30, 19, 6, 29, 3, 31, 22, 21, 1, 20, 13, 2, 15, 16, 18, 28, 26, 4, 24, 12, 5, 27, 10, 23, 9, 25, 7, 8, 14, 11
17, 30, 19, 6, 29, 3, 31, 22, 21, 1, 20, 13, 2, 15, 16, 18, 28, 26, 4, 24, 12, 5, 27, 10, 23, 9, 25, 7, 8, 14, 11
17, 30, 19, 6, 29, 3, 31, 22, 21, 1, 20, 13, 2, 15, 16, 18, 28, 26, 4, 24, 12, 5, 27, 10, 23, 9, 25, 7, 8, 14, 11
17, 30, 19, 6, 29, 3, 31, 22, 21, 1, 20, 13, 2, 15, 16, 18, 28, 26, 4, 24, 12, 5, 27, 10, 23, 9, 25, 7, 8, 14, 11
17, 30, 19, 6, 29, 3, 31, 22, 21, 1, 20, 13, 2, 15, 16, 18, 28, 26, 4, 24, 12, 5, 27, 10, 23, 9, 25, 7, 8, 14, 11
17, 30, 19, 6, 29, 3, 31, 22, 21, 1, 20, 13, 2, 15, 16, 18, 28, 26, 4, 24, 12, 5, 27, 10, 23, 9, 25, 7, 8, 14, 11
17, 30, 19, 6, 29, 3, 31, 22, 21, 1, 20, 13, 2, 15, 16, 18, 28, 26, 4, 24, 12, 5, 27, 10, 23, 9, 25, 7, 8, 14, 11
17, 30, 19, 6, 29, 3, 31, 22, 21, 1, 20, 13, 2, 15, 16, 18, 28, 26, 4, 24, 12, 5, 27, 10, 23, 9, 25, 7, 8, 14, 11
17, 30, 19, 6, 29, 3, 31, 22, 21, 1, 20, 13, 2, 15, 16, 18, 28, 26, 4, 24, 12, 5, 27, 10, 23, 9, 25, 7, 8, 14, 11
17, 30, 19, 6, 29, 3, 31, 22, 21, 1, 20, 13, 2, 15, 16, 18, 28, 26, 4, 24, 12, 5, 27, 10, 23, 9, 25, 7, 8, 14, 11
17, 30, 19, 6, 29, 3, 31, 22, 21, 1, 20, 13, 2, 15, 16, 18, 28, 26, 4, 24, 12, 5, 27, 10, 23, 9, 25, 7, 8, 14, 11
17, 30, 19, 6, 29, 3, 31, 22, 21, 1, 20, 13, 2, 15, 16, 18, 28, 26, 4, 24, 12, 5, 27, 10, 23, 9, 25, 7, 8, 14, 11
17, 30, 19, 6, 29, 3, 31, 22, 21, 1, 20, 13, 2, 15, 16, 18, 28, 26, 4, 24, 12, 5, 27, 10, 23, 9, 25, 7, 8, 14, 11
17, 30, 19, 6, 29, 3, 31, 22, 21, 1, 20, 13, 2, 15, 16, 18, 28, 26, 4, 24, 12, 5, 27, 10, 23, 9, 25, 7, 8, 14, 11
17, 30, 19, 6, 29, 3, 31, 22, 21, 1, 20, 13, 2, 15, 16, 18, 28, 26, 4, 24, 12, 5, 27, 10, 23, 9, 25, 7, 8, 14, 11
17, 30, 19, 6, 29, 3, 31, 22, 21, 1, 20, 13, 2, 15, 16, 18, 28, 26, 4, 24, 12, 5, 27, 10, 23, 9, 25, 7, 8, 14, 11
17, 30, 19, 6, 29, 3, 31, 22, 21, 1, 20, 13, 2, 15, 16, 18, 28, 26, 4, 24, 12, 5, 27, 10, 23, 9, 25, 7, 8, 14, 11
17, 30, 19, 6, 29, 3, 31, 22, 21, 1, 20, 13, 2, 15, 16, 18, 28, 26, 4, 24, 12, 5, 27, 10, 23, 9, 25, 7, 8, 14, 11
17, 30, 19, 6, 29, 3, 31, 22, 21, 1, 20, 13, 2, 15, 16, 18, 28, 26, 4, 24, 12, 5, 27, 10, 23, 9, 25, 7, 8, 14, 11
17, 30, 19, 6, 29, 3, 31, 22, 21, 1, 20, 13, 2, 15, 16, 18, 28, 26, 4, 24, 12, 5, 27, 10, 23, 9, 25, 7, 8, 14, 11
17, 30, 19, 6, 29, 3, 31, 22, 21, 1, 20, 13, 2, 15, 16, 18, 28, 26, 4, 24, 12, 5, 27, 10, 23, 9, 25, 7, 8, 14, 11
17, 30, 19, 6, 29, 3, 31, 22, 21, 1, 20, 13, 2, 15, 16, 18, 28, 26, 4, 24, 12, 5, 27, 10, 23, 9, 25, 7, 8, 14, 11
17, 30, 19, 6, 29, 3, 31, 22, 21, 1, 20, 13, 2, 15, 16, 18, 28, 26, 4, 24, 12, 5, 27, 10, 23, 9, 25, 7, 8, 14, 11
17, 30, 19, 6, 29, 3, 31, 22, 21, 1, 20, 13, 2, 15, 16, 18, 28, 26, 4, 24, 12, 5, 27, 10, 23, 9, 25, 7, 8, 14, 11
17, 30, 19, 6, 29, 3, 31, 22, 21, 1, 20, 13, 2, 15, 16, 18, 28, 26, 4, 24, 12, 5, 27, 10, 23, 9, 25, 7, 8, 14, 11
17, 30, 19, 6, 29, 3, 31, 22, 21, 1, 20, 13, 2, 15, 16, 18, 28, 26, 4, 24, 12, 5, 27, 10, 23, 9, 25, 7, 8, 14, 11
17, 30, 19, 6, 29, 3, 31, 22, 21, 1, 20, 13, 2, 15, 16, 18, 28, 26, 4, 24, 12, 5, 27, 10, 23, 9, 25, 7, 8, 14, 11
17, 30, 19, 6, 29, 3, 31, 22, 21, 1, 20, 13, 2, 15, 16, 18, 28, 26, 4, 24, 12, 5, 27, 10, 23, 9, 25, 7, 8, 14, 11
17, 30, 19, 6, 29, 3, 31, 22, 21, 1, 20, 13, 2, 15, 16, 18, 28, 26, 4, 24, 12, 5, 27, 10, 23, 9, 25, 7, 8, 14, 11
17, 30, 19, 6, 29, 3, 31, 22, 21, 1, 20, 13, 2, 15, 16, 18, 28, 26, 4, 24, 12, 5, 27, 10, 23, 9, 25, 7, 8, 14, 11
17, 30, 19, 6, 29, 3, 31, 22, 21, 1, 20, 13, 2, 15, 16, 18, 28, 26, 4, 24, 12, 5, 27, 10, 23, 9, 25, 7, 8, 14, 11
17, 30, 19, 6, 29, 3, 31, 22, 21, 1, 20, 13, 2, 15, 16, 18, 28, 26, 4, 24, 12, 5, 27, 10, 23, 9, 25, 7, 8, 14, 11
17, 30, 19, 6, 29, 3, 31, 22, 21, 1, 20, 13, 2, 15, 16, 18, 28, 26, 4, 24, 12, 5, 27, 10, 23, 9, 25, 7, 8, 14, 11
17, 30, 19, 6, 29, 3, 31, 22, 21, 1, 20, 13, 2, 15, 16, 18, 28, 26, 4, 24, 12, 5, 27, 10, 23, 9, 25, 7, 8, 14, 11
17, 30, 19, 6, 29, 3, 31, 22, 21, 1, 20, 13, 2, 15, 16, 18, 28, 26, 4, 24, 12, 5, 27, 10, 23, 9, 25, 7, 8, 14, 11
17, 30, 19, 6, 29, 3, 31, 22, 21, 1, 20, 13, 2, 15, 16, 18, 28, 26, 4, 24, 12, 5, 27, 10, 23, 9, 25, 7, 8, 14, 11
17, 30, 19, 6, 29, 3, 31, 22, 21, 1, 20, 13, 2, 15, 16, 18, 28, 26, 4, 24, 12, 5, 27, 10, 23, 9, 25, 7, 8, 14, 11
17, 30, 19, 6, 29, 3, 31, 22, 21, 1, 20, 13, 2, 15, 16, 18, 28, 26, 4, 24, 12, 5, 27, 10, 23, 9, 25, 7, 8, 14, 11
17, 30, 19, 6, 29, 3, 31, 22, 21, 1, 20, 13, 2, 15, 16, 18, 28, 26, 4, 24, 12, 5, 27, 10, 23, 9, 25, 7, 8, 14, 11
17, 30, 19, 6, 29, 3, 31, 22, 21, 1, 20, 13, 2, 15, 16, 18, 28, 26, 4, 24, 12, 5, 27, 10, 23, 9, 25, 7, 8, 14, 11
17, 30, 19, 6, 29, 3, 31, 22, 21, 1, 20, 13, 2, 15, 16, 18, 28, 26, 4, 24, 12, 5, 27, 10, 23, 9, 25, 7, 8, 14, 11
