igen, l1_best, l1_mean
0, 25.0819, 33.2831
1, 23.7183, 30.9419
2, 23.7183, 28.3723
3, 22.5278, 26.0028
4, 21.4561, 24.5973
5, 21.2254, 23.4969
6, 19.9299, 22.6305
7, 19.5639, 21.7158
8, 18.0737, 20.9498
9, 17.6521, 20.3071
10, 16.9644, 19.7659
11, 16.8913, 18.8712
12, 16.1019, 18.1636
13, 15.9815, 17.3945
14, 15.19, 16.9181
15, 15.19, 16.515
16, 15.0452, 16.1536
17, 15.0452, 15.722
18, 14.516, 15.44
19, 14.2003, 15.2123
20, 13.7523, 14.9933
21, 13.6815, 14.7545
22, 13.6815, 14.3871
23, 13.6815, 14.1877
24, 13.5649, 13.9676
25, 13.5023, 13.897
26, 13.5023, 13.7465
27, 13.2562, 13.738
28, 13.2553, 13.5738
29, 13.1652, 13.5142
30, 13.1652, 13.3822
31, 12.7566, 13.3316
32, 12.7558, 13.2126
33, 12.507, 13.1217
34, 12.507, 13.0793
35, 12.3413, 12.9514
36, 12.0296, 12.7319
37, 12.0287, 12.5667
38, 12.0072, 12.3852
39, 11.8639, 12.2046
40, 11.8639, 12.1509
41, 11.863, 12.112
42, 11.7677, 11.9641
43, 11.7111, 11.9205
44, 11.6149, 11.8632
45, 11.6149, 11.8275
46, 11.6149, 11.7798
47, 11.3077, 11.7427
48, 11.3077, 11.786
49, 11.2624, 11.6795
50, 11.2624, 11.5019
51, 10.6281, 11.4145
52, 10.6281, 11.3304
53, 10.6281, 11.1948
54, 10.6281, 11.0072
55, 10.6281, 10.8398
56, 9.93722, 10.7194
57, 9.93722, 10.6901
58, 9.93722, 10.6884
59, 9.93722, 10.5554
60, 9.93722, 10.2821
61, 9.93722, 10.3735
62, 9.93722, 10.3507
63, 9.93722, 10.2056
64, 9.93471, 10.174
65, 9.93471, 10.1628
66, 9.93471, 10.0298
67, 9.93471, 9.96745
68, 9.88818, 10.0261
69, 9.88818, 9.94158
70, 9.88818, 9.93041
71, 9.88818, 9.91334
72, 9.88818, 9.9084
73, 9.88818, 9.9011
74, 9.86749, 9.89274
75, 9.86749, 9.88677
76, 9.44307, 9.86429
77, 9.44307, 9.79094
78, 9.44307, 9.69299
79, 9.44307, 9.62326
80, 9.44307, 9.53828
81, 9.44307, 9.4878
82, 9.44307, 9.46297
83, 9.44307, 9.50814
84, 9.44307, 9.53178
85, 9.44307, 9.49072
86, 9.44307, 9.50134
87, 9.44307, 9.47062
88, 9.44307, 9.50679
89, 9.44307, 9.44473
90, 9.44307, 9.45989
91, 9.44307, 9.51386
92, 9.44307, 9.4874
93, 9.44307, 9.45464
94, 9.44307, 9.46805
95, 9.44307, 9.46827
96, 9.44307, 9.50013
97, 9.44307, 9.44743
98, 9.44307, 9.4586
99, 9.44307, 9.45303
100, 9.44307, 9.45041
101, 9.44307, 9.44307
102, 9.44307, 9.52715
103, 9.44307, 9.48763
104, 9.44307, 9.46356
105, 9.44307, 9.45109
106, 9.44307, 9.48746
107, 9.44307, 9.44997
108, 9.44307, 9.45126
109, 9.44307, 9.4824
110, 9.44307, 9.46488
111, 9.44307, 9.44307
112, 9.44307, 9.4431
113, 9.44307, 9.44414
114, 9.44307, 9.4778
115, 9.44307, 9.46456
116, 9.44307, 9.44393
117, 9.44307, 9.44555
118, 9.44307, 9.4501
119, 9.44307, 9.49738
120, 9.44307, 9.47561
121, 9.44307, 9.50754
122, 9.44307, 9.50388
123, 9.44307, 9.44455
124, 9.44307, 9.44312
125, 9.44307, 9.44307
126, 9.29795, 9.48736
127, 9.29795, 9.64716
128, 9.29795, 9.77761
129, 9.29795, 9.78705
130, 9.29795, 9.72955
131, 9.29795, 9.70221
132, 9.29795, 9.55436
133, 9.29795, 9.4028
134, 9.29795, 9.41971
135, 9.29795, 9.33188
136, 9.29795, 9.35041
137, 9.29795, 9.35272
138, 9.29795, 9.37184
139, 9.29795, 9.3667
140, 9.29795, 9.3706
141, 9.29795, 9.38138
142, 9.29795, 9.38617
143, 9.29795, 9.32103
144, 9.29795, 9.35649
145, 9.29795, 9.37367
146, 9.29795, 9.3765
147, 9.29795, 9.43029
148, 9.29795, 9.38497
149, 9.29795, 9.32378
150, 9.29795, 9.31089
151, 9.29795, 9.32185
152, 9.29795, 9.31539
153, 9.29795, 9.3448
154, 9.29795, 9.29795
155, 9.29795, 9.29795
156, 9.29795, 9.29878
157, 9.29795, 9.29795
158, 9.29795, 9.29795
159, 9.29795, 9.29795
160, 9.29795, 9.32699
161, 9.29795, 9.32345
162, 9.29795, 9.3476
163, 9.29795, 9.31175
164, 9.29795, 9.3297
165, 9.29795, 9.32134
166, 9.29795, 9.33084
167, 9.29795, 9.34228
168, 9.29795, 9.31075
169, 9.29795, 9.29812
170, 9.29795, 9.29862
171, 9.29795, 9.30285
172, 9.29795, 9.30518
173, 9.29795, 9.29795
174, 9.29795, 9.29795
175, 9.29795, 9.30511
176, 9.29795, 9.34552
177, 9.29795, 9.34845
178, 9.29795, 9.33754
179, 9.29795, 9.33601
180, 9.29795, 9.30416
181, 9.29795, 9.31706
182, 9.29795, 9.29802
183, 9.29795, 9.30087
184, 9.29795, 9.29795
185, 9.29795, 9.31458
186, 9.29795, 9.29795
187, 9.29795, 9.29798
188, 9.29795, 9.29795
189, 9.29795, 9.30572
190, 9.29795, 9.31713
191, 9.29795, 9.3
192, 9.29795, 9.29795
193, 9.29795, 9.30015
194, 9.29795, 9.30137
195, 9.29795, 9.29795
196, 9.29795, 9.30379
197, 9.29795, 9.29795
198, 9.29795, 9.30231
199, 9.29795, 9.3177
200, 9.29795, 9.32163
201, 9.29795, 9.32959
202, 9.29795, 9.31819
203, 9.29795, 9.33054
204, 9.29795, 9.30813
205, 9.29795, 9.32661
206, 9.29795, 9.31972
207, 9.29795, 9.30415
208, 9.29795, 9.30846
209, 9.29795, 9.33408
210, 9.29795, 9.29795
211, 9.29795, 9.31414
212, 9.29795, 9.29956
213, 9.29795, 9.31581
214, 9.29795, 9.31751
215, 9.29795, 9.37567
216, 9.29795, 9.39293
217, 9.29795, 9.35378
218, 9.29795, 9.35239
219, 9.29795, 9.35051
220, 9.29795, 9.33646
221, 9.29795, 9.31907
222, 9.29795, 9.35422
223, 9.29795, 9.29808
224, 9.29795, 9.29921
225, 9.29795, 9.30597
226, 9.29795, 9.30299
227, 9.29795, 9.31291
228, 9.29795, 9.29795
229, 9.29795, 9.29795
230, 9.29795, 9.30183
231, 9.29795, 9.33207
232, 9.29795, 9.30208
233, 9.29795, 9.32086
234, 9.29795, 9.34061
235, 9.29795, 9.30956
236, 9.29795, 9.29795
237, 9.29795, 9.29795
238, 9.29795, 9.29795
239, 9.29795, 9.31369
240, 9.29795, 9.35576
241, 9.29795, 9.3275
242, 9.29795, 9.37124
243, 9.29795, 9.35599
244, 9.29795, 9.33051
245, 9.29795, 9.29795
246, 9.29795, 9.29795
247, 9.29795, 9.29795
248, 9.29795, 9.32692
249, 9.29795, 9.30002
250, 9.29795, 9.30657
