igen, l1_best, l1_mean
0, 26.8386, 32.8277
1, 25.1675, 31.0502
2, 21.5522, 29.3878
3, 21.541, 27.3314
4, 20.9398, 25.5366
5, 20.3645, 23.7701
6, 19.2809, 22.3403
7, 17.1199, 21.5234
8, 17.1199, 20.4416
9, 16.072, 19.4569
10, 16.072, 18.5191
11, 15.8222, 17.487
12, 15.7675, 16.7937
13, 15.6511, 16.4201
14, 14.372, 16.173
15, 14.372, 15.8342
16, 14.229, 15.5174
17, 14.229, 15.1839
18, 14.1776, 14.923
19, 14.0346, 14.6932
20, 14.0346, 14.5204
21, 13.7412, 14.3533
22, 13.5468, 14.1465
23, 13.4879, 14.0257
24, 13.2834, 13.8735
25, 13.168, 13.7673
26, 13.168, 13.6628
27, 13.1, 13.4964
28, 12.9636, 13.406
29, 12.9636, 13.3487
30, 12.9377, 13.2875
31, 12.9201, 13.2372
32, 12.7118, 13.1613
33, 12.7118, 12.9982
34, 12.6586, 12.9318
35, 12.3398, 12.8791
36, 12.3398, 12.7767
37, 12.2011, 12.6432
38, 11.8291, 12.5875
39, 11.804, 12.4484
40, 11.804, 12.2477
41, 11.804, 12.2447
42, 11.3102, 12.0315
43, 11.3102, 11.8145
44, 11.2938, 11.6658
45, 10.979, 11.5624
46, 10.4607, 11.5082
47, 10.4607, 11.5422
48, 10.4607, 11.4995
49, 10.4607, 11.2981
50, 10.4142, 11.0641
51, 10.4142, 11.0854
52, 10.0081, 10.908
53, 10.0081, 10.7512
54, 9.96153, 10.5708
55, 9.96153, 10.3448
56, 9.96153, 10.1583
57, 9.96153, 10.0652
58, 9.96153, 10.0461
59, 9.95548, 10.0221
60, 9.95548, 10.0314
61, 9.89068, 10.0351
62, 9.88464, 9.9793
63, 9.88464, 9.9238
64, 9.88464, 9.90934
65, 9.82047, 9.93764
66, 9.82047, 9.95987
67, 9.82047, 10.0915
68, 9.82047, 10.1807
69, 9.82047, 10.332
70, 9.82047, 10.3386
71, 9.77462, 10.2937
72, 9.74065, 10.2672
73, 9.74065, 10.1218
74, 9.58293, 9.92646
75, 9.58003, 9.80728
76, 9.42231, 9.73961
77, 9.42231, 9.70293
78, 9.42231, 9.6573
79, 9.42231, 9.57313
80, 9.42231, 9.53394
81, 9.42231, 9.5229
82, 9.42231, 9.47107
83, 9.42231, 9.48271
84, 9.42231, 9.47228
85, 9.42231, 9.43894
86, 9.42231, 9.42231
87, 9.42231, 9.44411
88, 9.42231, 9.47308
89, 9.42231, 9.42423
90, 9.42231, 9.42231
91, 9.42231, 9.42248
92, 9.42231, 9.43507
93, 9.42231, 9.43121
94, 9.42231, 9.42273
95, 9.42231, 9.42864
96, 9.29795, 9.41822
97, 9.29795, 9.43334
98, 9.29795, 9.37131
99, 9.29795, 9.32314
100, 9.29795, 9.3262
101, 9.29795, 9.36104
102, 9.29795, 9.31456
103, 9.29795, 9.32326
104, 9.29795, 9.31764
105, 9.29795, 9.33693
106, 9.29795, 9.38318
107, 9.29795, 9.41179
108, 9.29795, 9.31468
109, 9.29795, 9.3145
110, 9.29795, 9.34467
111, 9.29795, 9.37528
112, 9.29795, 9.30467
113, 9.29795, 9.30961
114, 9.29795, 9.34129
115, 9.29795, 9.36759
116, 9.29795, 9.35025
117, 9.29795, 9.33819
118, 9.29795, 9.32436
119, 9.29795, 9.31176
120, 9.29795, 9.29982
121, 9.29795, 9.31126
122, 9.29795, 9.31156
123, 9.29795, 9.31963
124, 9.29795, 9.32148
125, 9.29795, 9.3433
126, 9.29795, 9.29795
127, 9.29795, 9.33278
128, 9.29795, 9.3541
129, 9.29795, 9.32564
130, 9.29795, 9.31366
131, 9.29795, 9.39367
132, 9.29795, 9.30752
133, 9.29795, 9.29801
134, 9.29795, 9.31991
135, 9.29795, 9.31051
136, 9.29795, 9.30442
137, 9.29795, 9.32648
138, 9.29795, 9.34033
139, 9.29795, 9.35156
140, 9.29795, 9.3849
141, 9.29795, 9.30172
142, 9.29795, 9.30255
143, 9.29795, 9.31373
144, 9.29795, 9.32241
145, 9.29795, 9.36426
146, 9.29795, 9.30353
147, 9.29795, 9.29981
148, 9.29795, 9.29795
149, 9.29795, 9.30883
150, 9.29795, 9.30138
151, 9.29795, 9.3032
152, 9.29795, 9.29835
153, 9.29795, 9.29795
154, 9.29795, 9.29795
155, 9.29795, 9.29795
156, 9.29795, 9.29795
157, 9.29795, 9.29795
158, 9.29795, 9.30611
159, 9.29795, 9.29795
160, 9.29795, 9.29795
161, 9.29795, 9.30385
162, 9.29795, 9.31213
163, 9.29795, 9.34097
164, 9.29795, 9.42722
165, 9.29795, 9.35947
166, 9.29795, 9.33653
167, 9.29795, 9.30672
168, 9.29795, 9.317
169, 9.29795, 9.31825
170, 9.29795, 9.37234
171, 9.29795, 9.32642
172, 9.29795, 9.34379
173, 9.29795, 9.36379
174, 9.29795, 9.36918
175, 9.29795, 9.35449
176, 9.29795, 9.30184
177, 9.29795, 9.29795
178, 9.29795, 9.29795
179, 9.29795, 9.29982
180, 9.29795, 9.29799
181, 9.29795, 9.30224
182, 9.29795, 9.29795
183, 9.29795, 9.29907
184, 9.29795, 9.31169
185, 9.29795, 9.33264
186, 9.29795, 9.34475
187, 9.29795, 9.32599
188, 9.29795, 9.31131
189, 9.29795, 9.32347
190, 9.29795, 9.29795
191, 9.29795, 9.33452
192, 9.29795, 9.36052
193, 9.29795, 9.393
194, 9.29795, 9.30171
195, 9.29795, 9.30416
196, 9.29795, 9.30159
197, 9.29795, 9.29932
198, 9.29795, 9.30598
199, 9.29795, 9.34269
200, 9.29795, 9.34986
201, 9.29795, 9.30314
202, 9.29795, 9.3029
203, 9.29795, 9.35783
204, 9.29795, 9.33219
205, 9.29795, 9.31205
206, 9.29795, 9.30018
207, 9.29795, 9.29817
208, 9.29795, 9.29855
209, 9.29795, 9.31842
210, 9.29795, 9.30436
211, 9.29795, 9.29884
212, 9.29795, 9.30436
213, 9.29795, 9.33535
214, 9.29795, 9.32453
215, 9.29795, 9.41019
216, 9.29795, 9.37671
217, 9.29795, 9.31154
218, 9.29795, 9.3039
219, 9.29795, 9.29863
220, 9.29795, 9.29795
221, 9.29795, 9.29795
222, 9.29795, 9.30215
223, 9.29795, 9.31402
224, 9.29795, 9.30193
225, 9.29795, 9.33856
226, 9.29795, 9.31869
227, 9.29795, 9.32937
228, 9.29795, 9.35342
229, 9.29795, 9.34366
230, 9.29795, 9.36255
231, 9.29795, 9.30667
232, 9.29795, 9.34357
233, 9.29795, 9.40406
234, 9.29795, 9.35671
235, 9.29795, 9.33333
236, 9.29795, 9.33731
237, 9.29795, 9.36578
238, 9.29795, 9.37872
239, 9.29795, 9.46571
240, 9.29795, 9.39877
241, 9.29795, 9.30358
242, 9.29795, 9.29795
243, 9.29795, 9.29795
244, 9.29795, 9.29795
245, 9.29795, 9.29795
246, 9.29795, 9.3358
247, 9.29795, 9.33402
248, 9.29795, 9.36724
249, 9.29795, 9.30995
250, 9.29795, 9.29795
