0 -0.764235 0.00470722
1 -0.765438 0.00438299
2 -0.766236 0.00421537
3 -0.7683 0.00321841
4 -0.767704 0.0034849
5 -0.768211 0.00400983
6 -0.769772 0.00408691
7 -0.770177 0.00348493
8 -0.772535 0.00334971
9 -0.774009 0.00367537
10 -0.772727 0.00328928
11 -0.772454 0.00369968
12 -0.776399 0.00373
13 -0.772085 0.00465151
14 -0.77128 0.00396781
15 -0.772674 0.00398234
16 -0.772175 0.00425251
17 -0.773491 0.0037669
18 -0.774012 0.00315609
19 -0.777066 0.00296903
20 -0.778359 0.0028982
21 -0.776639 0.00293665
22 -0.778615 0.00264605
23 -0.778216 0.00306994
24 -0.780938 0.00297845
25 -0.780385 0.00365508
26 -0.776121 0.00357737
27 -0.777683 0.00359355
28 -0.776284 0.00297161
29 -0.77376 0.00343408
30 -0.775107 0.0029933
31 -0.776479 0.00301094
32 -0.776856 0.00303167
33 -0.776 0.00296087
34 -0.774558 0.00273808
35 -0.77368 0.00295506
36 -0.77535 0.00263736
37 -0.77572 0.00217212
38 -0.77477 0.00196533
39 -0.77596 0.00169134
40 -0.776477 0.00227878
41 -0.778104 0.00243168
42 -0.77765 0.002997
43 -0.778226 0.00336743
44 -0.77924 0.00305645
45 -0.776379 0.00288618
46 -0.777327 0.00308944
47 -0.779481 0.00295391
48 -0.77934 0.00260889
49 -0.779356 0.00273301
50 -0.780042 0.00246695
51 -0.78115 0.00299732
52 -0.780443 0.00313861
53 -0.780523 0.00303334
54 -0.780999 0.00269385
55 -0.781246 0.00269508
56 -0.778062 0.00324528
57 -0.776853 0.00269201
58 -0.775117 0.00285939
59 -0.776421 0.0026708
60 -0.775789 0.00295005
61 -0.779018 0.00270341
62 -0.77968 0.00358601
63 -0.779972 0.00327058
64 -0.780983 0.00348837
65 -0.780735 0.00297221
66 -0.780378 0.00341313
67 -0.779306 0.0033599
68 -0.779533 0.00349097
69 -0.781481 0.00341267
70 -0.780688 0.00373203
71 -0.782296 0.00402296
72 -0.783381 0.00384948
73 -0.784014 0.00328805
74 -0.784745 0.00279785
75 -0.785702 0.00258434
76 -0.784307 0.00293281
77 -0.785365 0.00262832
78 -0.784753 0.00249042
79 -0.783363 0.00275811
80 -0.782528 0.00269877
81 -0.781948 0.00287581
82 -0.782127 0.0025281
83 -0.781082 0.00257134
84 -0.781003 0.00263672
85 -0.779469 0.00237005
86 -0.779532 0.00251025
87 -0.780254 0.00243231
88 -0.780337 0.00242336
89 -0.777796 0.00224963
90 -0.778017 0.00236585
91 -0.777446 0.00250461
92 -0.777027 0.00289522
93 -0.776135 0.00317427
94 -0.779225 0.00348535
95 -0.780842 0.00352741
96 -0.782847 0.00343142
97 -0.781393 0.003917
98 -0.781479 0.00405132
99 -0.780899 0.00396867
100 -0.781773 0.00340488
101 -0.780977 0.00329896
102 -0.779016 0.00370236
103 -0.777669 0.00392455
104 -0.778328 0.00304217
105 -0.779203 0.00279644
106 -0.780141 0.00251961
107 -0.778443 0.00254526
108 -0.778045 0.00294583
109 -0.782828 0.00266278
110 -0.782733 0.00258469
111 -0.783884 0.00317266
112 -0.782363 0.00374007
113 -0.78127 0.00347543
114 -0.781416 0.00339815
115 -0.781665 0.00325474
116 -0.779996 0.00344252
117 -0.781085 0.00311384
118 -0.783231 0.00236712
119 -0.781888 0.00190992
120 -0.780733 0.00215756
121 -0.782364 0.00209605
122 -0.781587 0.00211616
123 -0.780144 0.00199275
124 -0.778587 0.00247594
125 -0.777041 0.00219415
126 -0.778826 0.00259906
127 -0.780412 0.0022036
128 -0.779513 0.00264668
129 -0.781658 0.00245353
130 -0.785254 0.00283932
131 -0.784975 0.00293658
132 -0.784752 0.0031059
133 -0.784957 0.00345374
134 -0.78312 0.00316707
135 -0.779974 0.00355094
136 -0.779547 0.00266701
137 -0.778924 0.00312877
138 -0.779868 0.00288671
139 -0.777966 0.00330473
140 -0.778465 0.00348725
141 -0.776268 0.00379551
142 -0.777091 0.003604
143 -0.778658 0.00340574
144 -0.7782 0.0035228
145 -0.778042 0.00327937
146 -0.779106 0.00283109
147 -0.779403 0.00320961
148 -0.781937 0.00321497
149 -0.78098 0.00373823
150 -0.781544 0.00314851
151 -0.781531 0.00304701
152 -0.780945 0.00272837
153 -0.779487 0.00190701
154 -0.780121 0.00204047
155 -0.777693 0.00174872
156 -0.780149 0.00187648
157 -0.779394 0.0018864
158 -0.778496 0.00211659
159 -0.779066 0.0022673
160 -0.777358 0.00230378
161 -0.77721 0.00221806
162 -0.777003 0.00203132
163 -0.777397 0.00221939
164 -0.778385 0.0021545
165 -0.777806 0.00199367
166 -0.77774 0.00218959
167 -0.779589 0.00241062
168 -0.775728 0.00265257
169 -0.775538 0.00285045
170 -0.775412 0.00302008
171 -0.775847 0.00310183
172 -0.778523 0.002863
173 -0.778303 0.0028792
174 -0.779186 0.00235635
175 -0.777726 0.0027297
176 -0.776545 0.0029044
177 -0.77409 0.00356819
178 -0.7737 0.00299815
179 -0.772195 0.00343792
180 -0.775403 0.00302294
181 -0.778724 0.00301301
182 -0.777732 0.00345898
183 -0.776242 0.00317529
184 -0.775886 0.0030239
185 -0.776521 0.00296562
186 -0.776379 0.00323139
187 -0.77603 0.00319094
188 -0.777861 0.00316375
189 -0.774491 0.00312414
190 -0.775113 0.00310321
191 -0.778634 0.00281193
192 -0.77989 0.00276035
193 -0.778298 0.00305589
194 -0.778688 0.00275698
195 -0.775692 0.00231509
196 -0.776124 0.00242153
197 -0.776119 0.00242539
198 -0.778664 0.00269343
199 -0.780012 0.00220862
200 -0.780019 0.00246071
201 -0.777976 0.00217194
202 -0.778237 0.00210391
203 -0.776018 0.00205373
204 -0.775138 0.00238376
205 -0.776354 0.00270377
206 -0.777375 0.00304078
207 -0.778148 0.00294645
208 -0.779322 0.00218464
209 -0.778018 0.00225593
210 -0.779409 0.00327108
211 -0.781691 0.0028839
212 -0.780949 0.00246781
213 -0.780924 0.00328877
214 -0.780905 0.00318281
215 -0.779851 0.0035419
216 -0.779562 0.00322635
217 -0.782167 0.00372198
218 -0.78127 0.00340368
219 -0.784484 0.00283481
220 -0.784972 0.00284346
221 -0.786798 0.00288959
222 -0.786013 0.00306408
223 -0.785794 0.00313237
224 -0.784866 0.00312564
225 -0.78475 0.00225767
226 -0.78543 0.00269049
227 -0.78116 0.00241182
228 -0.783601 0.0021475
229 -0.780852 0.00242071
230 -0.779484 0.00228228
231 -0.780256 0.00247488
232 -0.780859 0.00284755
233 -0.78223 0.00287885
234 -0.780961 0.00248314
235 -0.777092 0.0021327
236 -0.776701 0.00171444
237 -0.775361 0.00172329
238 -0.776482 0.00203855
239 -0.775712 0.00220353
240 -0.776011 0.00229583
241 -0.774852 0.00244999
242 -0.775907 0.00309988
243 -0.777243 0.00332826
244 -0.77718 0.00312448
245 -0.776953 0.00316655
246 -0.776383 0.00282385
247 -0.775322 0.00285357
248 -0.77393 0.0028788
249 -0.775089 0.00320709
250 -0.777273 0.00366663
251 -0.779858 0.00357215
252 -0.775747 0.00412185
253 -0.778204 0.00393378
254 -0.775479 0.00383883
255 -0.777018 0.00411101
256 -0.775319 0.00469335
257 -0.775106 0.00471419
258 -0.776774 0.0040097
259 -0.775202 0.00408572
260 -0.776233 0.0036693
261 -0.775008 0.00354348
262 -0.777692 0.0027503
263 -0.776817 0.00381025
264 -0.778679 0.00267999
265 -0.781205 0.00222678
266 -0.781413 0.00253593
267 -0.783174 0.00264624
268 -0.783853 0.00242242
269 -0.783615 0.00229987
270 -0.785297 0.00249137
271 -0.782686 0.00262956
272 -0.783028 0.00267728
273 -0.782146 0.00276309
274 -0.780868 0.0028202
275 -0.77837 0.00293201
276 -0.776554 0.0030075
277 -0.77682 0.00262632
278 -0.774161 0.00278454
279 -0.772685 0.00354822
280 -0.77258 0.00432358
281 -0.770824 0.00412502
282 -0.773327 0.00348562
283 -0.774309 0.00329472
284 -0.77252 0.00363774
285 -0.773308 0.00333965
286 -0.771503 0.00341832
287 -0.769025 0.00354521
288 -0.766982 0.0041316
289 -0.766482 0.00372574
290 -0.764562 0.00387312
291 -0.765272 0.00404335
292 -0.765181 0.00377602
293 -0.767105 0.00352867
294 -0.769306 0.00358727
295 -0.771942 0.00334088
296 -0.769542 0.0034382
297 -0.766907 0.00243671
298 -0.762982 0.00261926
299 -0.759884 0.00319548
