0 19.7652 0.582149
1 19.7636 0.582225
2 19.7645 0.581684
3 19.7639 0.581632
4 19.7643 0.581408
5 19.7635 0.581299
6 19.7634 0.581328
7 19.761 0.581323
8 19.7608 0.581246
9 19.761 0.581393
10 19.7616 0.581506
11 19.7624 0.581758
12 19.7608 0.581491
13 19.7598 0.581391
14 19.7593 0.581427
15 19.7574 0.581658
16 19.7564 0.581643
17 19.7572 0.581181
18 19.7546 0.581103
19 19.753 0.580668
20 19.7517 0.58032
21 19.7515 0.580243
22 19.7515 0.580386
23 19.7507 0.57972
24 19.7517 0.579346
25 19.7519 0.579273
26 19.7513 0.579249
27 19.7524 0.579257
28 19.7509 0.579077
29 19.75 0.578975
30 19.7493 0.579186
31 19.7493 0.579542
32 19.7499 0.579809
33 19.7504 0.579915
34 19.7488 0.579713
35 19.748 0.579565
36 19.7474 0.578912
37 19.7497 0.579422
38 19.7515 0.578799
39 19.7503 0.578463
40 19.7484 0.578782
41 19.7494 0.578529
42 19.7504 0.578231
43 19.7493 0.578451
44 19.7465 0.577947
45 19.7455 0.578097
46 19.7456 0.578287
47 19.7435 0.577789
48 19.743 0.577477
49 19.7419 0.57763
50 19.7437 0.578027
51 19.7437 0.577881
52 19.7433 0.578354
53 19.742 0.578244
54 19.7414 0.578264
55 19.744 0.577653
56 19.7462 0.577553
57 19.7465 0.577173
58 19.7461 0.577417
59 19.7464 0.577735
60 19.7474 0.577363
61 19.7462 0.577078
62 19.746 0.577136
63 19.7459 0.577546
64 19.7443 0.577624
65 19.7429 0.577693
66 19.7426 0.577994
67 19.7419 0.578169
68 19.7423 0.578444
69 19.7425 0.578655
70 19.7414 0.578743
71 19.7419 0.578478
72 19.7415 0.578026
73 19.7418 0.577984
74 19.7432 0.577841
75 19.7424 0.577762
76 19.7413 0.577566
77 19.74 0.57733
78 19.7408 0.57775
79 19.7413 0.577308
80 19.7396 0.577433
81 19.7395 0.577681
82 19.7383 0.577317
83 19.7388 0.577076
84 19.7389 0.576867
85 19.7367 0.576523
86 19.7379 0.576678
87 19.7367 0.576622
88 19.7367 0.576512
89 19.7341 0.576053
90 19.7335 0.576252
91 19.7323 0.576442
92 19.7304 0.576296
93 19.7315 0.576594
94 19.7291 0.576856
95 19.7285 0.576619
96 19.7307 0.577114
97 19.7288 0.577542
98 19.7299 0.578026
99 19.7324 0.577952
100 19.7281 0.577686
101 19.7285 0.577658
102 19.7309 0.577497
103 19.7303 0.577394
104 19.7298 0.577606
105 19.7291 0.577936
106 19.7304 0.578178
107 19.7287 0.578002
108 19.7265 0.577927
109 19.7278 0.578241
110 19.7266 0.578205
111 19.7252 0.578881
112 19.7232 0.578392
113 19.7224 0.578591
114 19.7197 0.5787
115 19.7203 0.579213
116 19.7202 0.579164
117 19.7208 0.578844
118 19.7207 0.57853
119 19.7185 0.578189
120 19.7189 0.578056
121 19.7186 0.577907
122 19.7189 0.578153
123 19.7197 0.577801
124 19.719 0.57798
125 19.7207 0.57852
126 19.7191 0.578032
127 19.7202 0.577991
128 19.7206 0.578251
129 19.7204 0.57798
130 19.7183 0.578133
131 19.7182 0.577957
132 19.7181 0.577742
133 19.7175 0.577931
134 19.7148 0.57785
135 19.7147 0.578289
136 19.7137 0.578186
137 19.7146 0.578146
138 19.7133 0.578027
139 19.7151 0.578239
140 19.7149 0.578209
141 19.7145 0.578395
142 19.7151 0.578348
143 19.7136 0.578735
144 19.7149 0.578761
145 19.7162 0.578583
146 19.7173 0.578716
147 19.716 0.578487
148 19.7143 0.578286
149 19.715 0.578541
150 19.7125 0.578229
151 19.7142 0.578425
152 19.7148 0.578889
153 19.7177 0.578976
154 19.7174 0.579099
155 19.7166 0.5791
156 19.7167 0.579053
157 19.7181 0.579151
158 19.7168 0.579357
159 19.7187 0.579518
160 19.7184 0.579497
161 19.7188 0.57955
162 19.7177 0.579278
163 19.7177 0.579075
164 19.7186 0.579285
165 19.7186 0.579599
166 19.7179 0.579888
167 19.7191 0.580018
168 19.7178 0.579517
169 19.7198 0.579997
170 19.72 0.579937
171 19.7196 0.579668
172 19.7205 0.579362
173 19.7191 0.579485
174 19.7203 0.579464
175 19.7214 0.579235
176 19.722 0.579532
177 19.7181 0.579538
178 19.7172 0.579742
179 19.7196 0.579931
180 19.7204 0.580334
181 19.7208 0.580462
182 19.7206 0.580457
183 19.7199 0.580689
184 19.7179 0.580428
185 19.7209 0.580391
186 19.7206 0.580672
187 19.7187 0.580739
188 19.7185 0.580692
189 19.7169 0.580563
190 19.7175 0.580812
191 19.7171 0.580509
192 19.7155 0.580474
193 19.7163 0.580695
194 19.7164 0.581109
195 19.7147 0.5812
196 19.7163 0.581852
197 19.716 0.581517
198 19.7157 0.581346
199 19.7162 0.581506
200 19.7177 0.581661
201 19.7167 0.581655
202 19.7161 0.581132
203 19.7166 0.580718
204 19.7163 0.580757
205 19.7179 0.58075
206 19.718 0.58085
207 19.7165 0.580763
208 19.7181 0.581223
209 19.7198 0.581027
210 19.7197 0.581319
211 19.7173 0.58106
212 19.7157 0.58089
213 19.7172 0.581086
214 19.717 0.580879
215 19.7164 0.58101
216 19.717 0.581103
217 19.7174 0.580721
218 19.7188 0.580872
219 19.7178 0.580353
220 19.7209 0.580642
221 19.7206 0.580568
222 19.7216 0.580763
223 19.7238 0.580814
224 19.7245 0.581018
225 19.7228 0.581231
226 19.7224 0.581062
227 19.7239 0.580784
228 19.7242 0.580643
229 19.7231 0.580372
230 19.726 0.58045
231 19.7265 0.580443
232 19.7253 0.580401
233 19.7263 0.580711
234 19.7251 0.581222
235 19.7257 0.581587
236 19.7241 0.581516
237 19.7238 0.581836
238 19.7249 0.581871
239 19.7269 0.582546
240 19.7268 0.582456
241 19.7286 0.582566
242 19.727 0.582628
243 19.7269 0.582408
244 19.7273 0.582223
245 19.7274 0.582721
246 19.726 0.583164
247 19.7269 0.583304
248 19.728 0.582734
249 19.7279 0.582776
250 19.7278 0.582957
251 19.7291 0.582636
252 19.7288 0.582113
253 19.7267 0.582066
254 19.7271 0.58227
255 19.7249 0.58243
256 19.7269 0.582623
257 19.7288 0.582444
258 19.7288 0.582688
259 19.7295 0.582841
260 19.729 0.582687
261 19.7288 0.582804
262 19.7307 0.582935
263 19.7299 0.583289
264 19.7306 0.583604
265 19.7314 0.583613
266 19.7329 0.583786
267 19.7353 0.584021
268 19.7332 0.58423
269 19.7337 0.584229
270 19.7341 0.583962
271 19.735 0.583772
272 19.7367 0.584489
273 19.7365 0.584766
274 19.7396 0.585022
275 19.7393 0.585636
276 19.7395 0.585132
277 19.7406 0.585391
278 19.7414 0.585908
279 19.742 0.585975
280 19.7436 0.585942
281 19.7456 0.586242
282 19.7471 0.586574
283 19.7466 0.586479
284 19.7502 0.586859
285 19.7525 0.586832
286 19.7522 0.586853
287 19.7516 0.587244
288 19.7523 0.587478
289 19.7524 0.58756
290 19.7529 0.587664
291 19.7543 0.58785
292 19.7528 0.587557
293 19.7527 0.586854
294 19.7528 0.587101
295 19.7525 0.587347
296 19.7519 0.587341
297 19.7545 0.587721
298 19.7563 0.588068
299 19.7561 0.588642
