-6.63269
-6.63146
-6.63083
-6.6305
-6.63013
-6.6294
-6.62832
-6.62687
-6.62572
-6.62452
-6.62362
-6.62139
-6.61977
-6.61813
-6.61613
-6.61442
-6.61268
-6.61124
-6.60945
-6.60763
-6.60579
-6.60425
-6.60236
-6.60045
-6.59853
-6.59725
-6.59562
-6.59334
-6.59169
-6.59004
-6.58838
-6.58673
-6.58475
-6.58374
-6.58209
-6.58012
-6.57881
-6.57719
-6.57558
-6.57399
-6.57274
-6.57022
-6.56837
-6.56655
-6.56476
-6.56364
-6.56256
-6.56183
-6.5605
-6.5592
-6.55794
-6.55673
-6.55491
-6.55378
-6.5527
-6.55166
-6.551
-6.55039
-6.54919
-6.54836
-6.54791
-6.54783
-6.54716
-6.54752
-6.54664
-6.54581
-6.54536
-6.54497
-6.54561
-6.54566
-6.54478
-6.54462
-6.54418
-6.54347
-6.54314
-6.54286
-6.54328
-6.54343
-6.54363
-6.54387
-6.54416
-6.54515
-6.54585
-6.5466
-6.54675
-6.54726
-6.54781
-6.54839
-6.54934
-6.54968
-6.55102
-6.55272
-6.55445
-6.5546
-6.55574
-6.55626
-6.55745
-6.55802
-6.55894
-6.55987
-6.56082
-6.56179
-6.56277
-6.5628
-6.56348
-6.56483
-6.56618
-6.56689
-6.56794
-6.56834
-6.56875
-6.56949
-6.57056
-6.57162
-6.57269
-6.57376
-6.57515
-6.57621
-6.57728
-6.57834
-6.57972
-6.58142
-6.58247
-6.58352
-6.58457
-6.58593
-6.58665
-6.58801
-6.58905
-6.59041
-6.59144
-6.59311
-6.59414
-6.59582
-6.59717
-6.59884
-6.59988
-6.60123
-6.60227
-6.60396
-6.60565
-6.60639
-6.6068
-6.60885
-6.60961
-6.61038
-6.61181
-6.61293
-6.61406
-6.61553
-6.61668
-6.61688
-6.61872
-6.6196
-6.62115
-6.62239
-6.62461
-6.62589
-6.62751
-6.62915
-6.63048
-6.6315
-6.63254
-6.6336
-6.63532
-6.63674
-6.6385
-6.63962
-6.64076
-6.64192
-6.64374
-6.64525
-6.64742
-6.64895
-6.65113
-6.65268
-6.65457
-6.65613
-6.65738
-6.65863
-6.66053
-6.66147
-6.66305
-6.66496
-6.6672
-6.66845
-6.67036
-6.67096
-6.67254
-6.6741
-6.67533
-6.67688
-6.67842
-6.67996
-6.68181
-6.68267
-6.6845
-6.68567
-6.68714
-6.68828
-6.68973
-6.69085
-6.69291
-6.69464
-6.69602
-6.69674
-6.69745
-6.69878
-6.7001
-6.70172
-6.70299
-6.70457
-6.70516
-6.70702
-6.70789
-6.7097
-6.71085
-6.71229
-6.71338
-6.71446
-6.71518
-6.71522
-6.71622
-6.71718
-6.71876
-6.71967
-6.72054
-6.72202
-6.7225
-6.72262
-6.72271
-6.7234
-6.72373
-6.7237
-6.72428
-6.72449
-6.72499
-6.72576
-6.72649
-6.72653
-6.72717
-6.72743
-6.72732
-6.72781
-6.72825
-6.72799
-6.72832
-6.7286
-6.72883
-6.72901
-6.7288
-6.72854
-6.72855
-6.72786
-6.72614
-6.72598
-6.72513
-6.72421
-6.72357
-6.72287
-6.72148
-6.72035
-6.71982
-6.71956
-6.71828
-6.71728
-6.71623
-6.71448
-6.71268
-6.71214
-6.71123
-6.70932
-6.70834
-6.70635
-6.70465
-6.7039
-6.70214
-6.70133
-6.69952
-6.69769
-6.69552
-6.69333
-6.69145
-6.68988
-6.68895
-6.68737
-6.68578
-6.68419
-6.68228
-6.6807
-6.67848
-6.67692
-6.67538
-6.67449
-6.67233
-6.67085
-6.66906
-6.66698
-6.66557
-6.6655
-6.66417
-6.66255
-6.66097
-6.6604
-6.65923
-6.6581
-6.65701
-6.6563
-6.65531
-6.65437
-6.65412
-6.65327
-6.65215
-6.6514
-6.65103
-6.65037
-6.64976
-6.64985
-6.64965
-6.64917
-6.64906
-6.64932
-6.64864
-6.64768
-6.64741
-6.64652
-6.64566
-6.64548
-6.64468
-6.64455
-6.64444
-6.64436
-6.64494
-6.64521
-6.64517
-6.64482
-6.64513
-6.64545
-6.64577
-6.64643
-6.64644
-6.64645
-6.64581
-6.64615
-6.64649
-6.64618
-6.64619
-6.64653
-6.64719
-6.64688
-6.64657
-6.64659
-6.6466
-6.64662
-6.64664
-6.64666
-6.64669
-6.64706
-6.64775
-6.64781
-6.64756
-6.64764
-6.64775
-6.64722
-6.64768
-6.64785
-6.64804
-6.64793
-6.6485
-6.64845
-6.64877
-6.64912
-6.64918
-6.64961
-6.65007
-6.65123
-6.65244
-6.6537
-6.65469
-6.6554
-6.65617
-6.65666
-6.65754
-6.65913
-6.66044
-6.66182
-6.66294
-6.66378
-6.66502
-6.66663
-6.66799
-6.66907
-6.67054
-6.67207
-6.67334
-6.67531
-6.67733
-6.67942
-6.68156
-6.68278
-6.68405
-6.68634
-6.68869
-6.68978
-6.69092
-6.69308
-6.69592
-6.69751
-6.69946
-6.70176
-6.70507
-6.70775
-6.71045
-6.71318
-6.71591
-6.71737
-6.71981
-6.72226
-6.72568
-6.72812
-6.73057
-6.73268
-6.73446
-6.73686
-6.73925
-6.74161
-6.74395
-6.74593
-6.74819
-6.74945
-6.75132
-6.75346
-6.75524
-6.75728
-6.75927
-6.76152
-6.76403
-6.76648
-6.76788
-6.76889
-6.77014
-6.77229
-6.7737
-6.77568
-6.77627
-6.7771
-6.77783
-6.77879
-6.77933
-6.78107
-6.78205
-6.78229
-6.78274
-6.78308
-6.78299
-6.78344
-6.78344
-6.78366
-6.78311
-6.78341
-6.78263
-6.78173
-6.78135
-6.78021
-6.77959
-6.77951
-6.77833
-6.77769
-6.7766
-6.77443
-6.77311
-6.7707
-6.76915
-6.76717
-6.76507
-6.76286
-6.76021
-6.75843
-6.7559
-6.75391
-6.75021
-6.74705
-6.74445
-6.74175
-6.73864
-6.73545
-6.73151
-6.72847
-6.72503
-6.72086
-6.71759
-6.71458
-6.7115
-6.70772
-6.70452
-6.70062
-6.69602
-6.69235
-6.68734
-6.68326
-6.67882
-6.67436
-6.67083
-6.66632
-6.6621
-6.65755
-6.65332
-6.64875
-6.64515
-6.64091
-6.63603
-6.63149
-6.62696
-6.62278
-6.61927
-6.61514
-6.61136
-6.6073
-6.60328
-6.59963
-6.59603
-6.59216
-6.58834
-6.58361
-6.57959
-6.57597
-6.57306
-6.56958
-6.56649
-6.56382
-6.5609
-6.55741
-6.55434
-6.55039
-6.54848
-6.54537
-6.54235
-6.54008
-6.53726
-6.53487
-6.53225
-6.52975
-6.52734
-6.52569
-6.52382
-6.52206
-6.5204
-6.51885
-6.5174
-6.51606
-6.5145
-6.51304
-6.51201
-6.51108
-6.51058
-6.50986
-6.50859
-6.50807
-6.50764
-6.50731
-6.50772
-6.5066
-6.50654
-6.5069
-6.5067
-6.5069
-6.50752
-6.50821
-6.50802
-6.5079
-6.50818
-6.50886
-6.50929
-6.51011
-6.51068
-6.51196
-6.51266
-6.5131
-6.51392
-6.5148
-6.51607
-6.51739
-6.51779
-6.51922
-6.5207
-6.52159
-6.52285
-6.52448
-6.52615
-6.5282
-6.52997
-6.53177
-6.53298
-6.53552
-6.53713
-6.53911
-6.54176
-6.54381
-6.54622
-6.54769
-6.54953
-6.55236
-6.5549
-6.55715
-6.55943
-6.56206
-6.5644
-6.56676
-6.56881
-6.57122
-6.57364
-6.57608
-6.57887
-6.58102
-6.58481
-6.58731
-6.59015
-6.59268
-6.59522
-6.59776
-6.60128
-6.60318
-6.60573
-6.60827
-6.61081
-6.61367
-6.61651
-6.61902
-6.62184
-6.62529
-6.62808
-6.63052
-6.63262
-6.63469
-6.63771
-6.64037
-6.64171
-6.64367
-6.64656
-6.64844
-6.65028
-6.65273
-6.65514
-6.65685
-6.65884
-6.66079
-6.66268
-6.66516
-6.6663
-6.66803
-6.67003
-6.67164
-6.67288
-6.6734
-6.67549
-6.67751
-6.67882
-6.68006
-6.68091
-6.6817
-6.68241
-6.68338
-6.68428
-6.68479
-6.68491
-6.68527
-6.68622
-6.6871
-6.68823
-6.68832
-6.68867
-6.68927
-6.6898
-6.69027
-6.69035
-6.69036
-6.69096
-6.69118
-6.69102
-6.69047
-6.69052
-6.69052
-6.69078
-6.691
-6.69052
-6.69
-6.68944
-6.68851
-6.68787
-6.68751
-6.68615
-6.6854
-6.68463
-6.68382
-6.68332
-6.68311
-6.68224
-6.68102
-6.67978
-6.67885
-6.67758
-6.6763
-6.67565
-6.67467
-6.67303
-6.67171
-6.67038
-6.66969
-6.66867
-6.66765
-6.66662
-6.66526
-6.66391
-6.66319
-6.66215
-6.66111
-6.66006
-6.659
-6.65698
-6.65656
-6.65549
-6.65474
-6.65366
-6.65225
-6.65083
-6.6494
-6.64763
-6.64715
-6.64634
-6.64423
-6.64307
-6.64126
-6.64008
-6.63921
-6.63801
-6.63712
-6.63589
-6.63562
-6.6347
-6.63247
-6.63088
-6.62993
-6.62897
-6.62735
-6.62606
-6.62444
-6.62346
-6.62248
-6.62118
-6.61956
-6.61762
-6.61602
-6.61475
-6.61414
-6.6129
-6.61169
-6.60952
-6.60965
-6.60819
-6.60708
-6.60601
-6.60531
-6.604
-6.60338
-6.60217
-6.60165
-6.60055
-6.60015
-6.5995
-6.59827
-6.59775
-6.59796
-6.5976
-6.59667
-6.59712
-6.59765
-6.59828
-6.59867
-6.60013
-6.60006
-6.60139
-6.6025
-6.60305
-6.60371
-6.6035
-6.60404
-6.60436
-6.60479
-6.60532
-6.6066
-6.6083
-6.60979
-6.61202
-6.61338
-6.61516
-6.61768
-6.61964
-6.62203
-6.62417
-6.62608
-6.62774
-6.63079
-6.63293
-6.6358
-6.63777
-6.64046
-6.64223
-6.64537
-6.64791
-6.65115
-6.65444
-6.65746
-6.66117
-6.66459
-6.66707
-6.66991
-6.67343
-6.67632
-6.6802
-6.68378
-6.68705
-6.69066
-6.69394
-6.69691
-6.70053
-6.70382
-6.70743
-6.71038
-6.71462
-6.71756
-6.72113
-6.72468
-6.72789
-6.73107
-6.73391
-6.73673
-6.73919
-6.74194
-6.74531
-6.74865
-6.75196
-6.75489
-6.75779
-6.76065
-6.76379
-6.76591
-6.7696
-6.7713
-6.77392
-6.77584
-6.77803
-6.78081
-6.7832
-6.78554
-6.78749
-6.78938
-6.79152
-6.79392
-6.79463
-6.79656
-6.79842
-6.80053
-6.80256
-6.80419
-6.80606
-6.80752
-6.80857
-6.81018
-6.81106
-6.81249
-6.81318
-6.81377
-6.8146
-6.81597
-6.8166
-6.81745
-6.81853
-6.81919
-6.82039
-6.82052
-6.82086
-6.82078
-6.82028
-6.82031
-6.81894
-6.81812
-6.81752
-6.81682
-6.81633
-6.8151
-6.81376
-6.81232
-6.81078
-6.80881
-6.80707
-6.8062
-6.80426
-6.80191
-6.80076
-6.79855
-6.79593
-6.79388
-6.79141
-6.78887
-6.78689
-6.78485
-6.7824
-6.78054
-6.77731
-6.77499
-6.77196
-6.7692
-6.76638
-6.76319
-6.76028
-6.757
-6.75465
-6.75194
-6.74887
-6.74545
-6.742
-6.73949
-6.73665
-6.73346
-6.72993
-6.72672
-6.72382
-6.72027
-6.71672
-6.71349
-6.71058
-6.70704
-6.70349
-6.70061
-6.69774
-6.6952
-6.69268
-6.68921
-6.6864
-6.68297
-6.68021
-6.6778
-6.67508
-6.67207
-6.66942
-6.66549
-6.66257
-6.65936
-6.65682
-6.654
-6.6512
-6.64779
-6.64538
-6.64236
-6.63904
-6.63544
-6.63284
-6.63059
-6.62903
-6.62621
-6.62406
-6.62163
-6.6189
-6.61685
-6.61418
-6.61155
-6.60895
-6.60671
-6.60385
-6.60231
-6.59983
-6.59705
-6.59462
-6.59287
-6.59115
-6.58945
-6.58745
-6.58613
-6.58418
-6.58225
-6.5797
-6.57749
-6.57595
-6.57379
-6.5723
-6.56985
-6.5684
-6.56664
-6.56489
-6.56284
-6.56146
-6.56008
-6.55808
-6.55577
-6.55412
-6.55183
-6.55053
-6.54925
-6.54765
-6.5464
-6.5445
-6.54263
-6.54141
-6.53988
-6.53804
-6.53654
-6.53441
-6.5323
-6.53053
-6.52942
-6.528
-6.5266
-6.52555
-6.5242
-6.52286
-6.52188
-6.5206
-6.51967
-6.51813
-6.51694
-6.51579
-6.51467
-6.51359
-6.51288
-6.51123
-6.51061
-6.50938
-6.50886
-6.50839
-6.50797
-6.50729
-6.50731
-6.50675
-6.50561
-6.50518
-6.50417
-6.50389
-6.50335
-6.50387
-6.50349
-6.50416
-6.50426
-6.50412
-6.50471
-6.50539
-6.50551
-6.50636
-6.50665
-6.50735
-6.50781
-6.50836
-6.50997
-6.51134
-6.51248
-6.51434
-6.51532
-6.51606
-6.51753
-6.51941
-6.52136
-6.52339
-6.52517
-6.52768
-6.52993
-6.53225
-6.5343
-6.53643
-6.53861
-6.54052
-6.54346
-6.5458
-6.54852
-6.55095
-6.55343
-6.5553
-6.55817
-6.56011
-6.56304
-6.56536
-6.56802
-6.57102
-6.575
-6.57771
-6.57977
-6.58282
-6.58522
-6.58826
-6.59131
-6.59402
-6.59607
-6.59909
-6.60177
-6.60378
-6.60643
-6.60937
-6.61229
-6.61389
-6.61643
-6.61894
-6.62141
-6.62385
-6.62625
-6.62861
-6.63092
-6.63319
-6.63477
-6.63727
-6.63973
-6.64148
-6.64351
-6.64548
-6.64739
-6.64893
-6.65137
-6.65279
-6.65544
-6.65771
-6.65894
-6.66043
-6.66218
-6.66321
-6.6645
-6.66572
-6.66622
-6.66729
-6.6683
-6.6689
-6.67008
-6.67119
-6.67157
-6.67188
-6.67308
-6.67356
-6.67332
-6.67267
-6.6739
-6.67505
-6.67417
-6.6742
-6.67414
-6.67433
-6.67477
-6.67448
-6.67444
-6.67431
-6.67379
-6.67319
-6.67219
-6.6708
-6.669
-6.66876
-6.66746
-6.66675
-6.66596
-6.66478
-6.66354
-6.6619
-6.65988
-6.65877
-6.65663
-6.65605
-6.65476
-6.65309
-6.65105
-6.6496
-6.64746
-6.64559
-6.64368
-6.64108
-6.63909
-6.63706
-6.63532
-6.63291
-6.6308
-6.62866
-6.6265
-6.624
-6.62213
-6.61961
-6.61677
-6.61456
-6.61236
-6.60984
-6.60798
-6.60549
-6.60302
-6.59991
-6.59814
-6.59574
-6.5937
-6.59105
-6.58909
-6.58685
-6.58531
-6.58349
-6.58174
-6.58004
-6.57807
-6.57682
-6.57564
-6.57421
-6.57286
-6.57157
-6.57069
-6.57054
-6.5695
-6.56854
-6.56702
-6.56623
-6.5652
-6.56492
-6.56439
-6.56395
-6.56393
-6.56432
-6.5648
-6.56407
-6.56407
-6.56351
-6.56368
-6.56394
-6.56395
-6.56436
-6.5655
-6.56639
-6.56702
-6.56805
-6.56882
-6.56966
-6.57056
-6.57184
-6.57285
-6.57359
-6.5747
-6.57618
-6.5777
-6.5783
-6.58022
-6.58121
-6.58288
-6.58458
-6.5863
-6.58739
-6.58916
-6.59094
-6.59241
-6.59389
-6.59538
-6.59655
-6.59772
-6.59922
-6.60104
-6.60189
-6.60337
-6.60389
-6.60601
-6.60715
-6.60892
-6.60972
-6.61049
-6.6119
-6.6133
-6.61532
-6.61667
-6.61735
-6.61867
-6.62028
-6.62187
-6.62311
-6.62401
-6.62489
-6.62606
-6.62754
-6.62899
-6.63042
-6.63183
-6.63257
-6.63329
-6.63464
-6.63597
-6.63695
-6.63791
-6.63821
-6.63913
-6.64069
-6.64127
-6.64215
-6.64334
-6.64453
-6.64441
-6.64557
-6.64706
-6.64886
-6.64937
-6.65051
-6.65166
-6.65248
-6.65266
-6.65348
-6.65463
-6.65547
-6.65631
-6.6562
-6.65707
-6.65827
-6.65949
-6.66008
-6.66037
-6.66132
-6.66262
-6.66362
-6.66464
-6.66568
-6.66773
-6.66818
-6.66932
-6.67048
-6.67167
-6.6729
-6.67383
-6.67512
-6.67645
-6.67813
-6.6792
-6.68096
-6.68177
-6.68327
-6.68513
-6.68832
-6.68927
-6.69058
-6.69192
-6.69361
-6.6963
-6.69837
-6.69949
-6.70129
-6.7031
-6.70525
-6.70677
-6.7083
-6.71049
-6.71204
-6.71359
-6.71579
-6.71735
-6.71922
-6.72108
-6.72293
-6.72412
-6.72594
-6.72806
-6.72983
-6.73222
-6.73361
-6.73529
-6.73661
-6.73821
-6.74074
-6.74161
-6.74339
-6.74448
-6.74648
-6.74745
-6.74966
-6.75116
-6.75259
-6.75298
-6.75298
-6.75421
-6.75439
-6.7558
-6.75648
-6.75774
-6.75827
-6.75905
-6.75943
-6.75972
-6.75961
-6.76039
-6.76044
-6.76009
-6.75998
-6.75979
-6.75952
-6.75916
-6.75905
-6.75854
-6.75795
-6.75696
-6.75524
-6.7541
-6.7532
-6.75288
-6.75184
-6.75138
-6.75053
-6.74929
-6.74799
-6.74694
-6.74616
-6.74499
-6.74311
-6.74086
-6.73952
-6.73749
-6.7354
-6.73327
-6.73077
-6.7292
-6.72759
-6.72659
-6.72426
-6.72222
-6.72015
-6.71773
-6.71463
-6.71217
-6.71001
-6.70815
-6.70499
-6.70312
-6.70092
-6.69968
-6.69748
-6.69495
-6.69275
-6.69024
-6.68839
-6.68591
-6.68312
-6.68101
-6.67957
-6.67718
-6.67516
-6.67284
-6.67186
-6.66995
-6.66873
-6.66756
-6.66611
-6.66407
-6.66208
-6.66047
-6.65924
-6.65742
-6.65598
-6.65428
-6.65265
-6.65141
-6.65055
-6.64977
-6.6484
-6.64678
-6.6449
-6.64439
-6.64362
-6.64228
-6.64068
-6.63979
-6.63832
-6.63789
-6.63687
-6.63657
-6.636
-6.63581
-6.63568
-6.63593
-6.6359
-6.63625
-6.63601
-6.6358
-6.63629
-6.63649
-6.63705
-6.63765
-6.63764
-6.63797
-6.63834
-6.63906
-6.63947
-6.6399
-6.63971
-6.64179
-6.6426
-6.64341
-6.64488
-6.64538
-6.64589
-6.64705
-6.64788
-6.64806
-6.64954
-6.65003
-6.6502
-6.65036
-6.65116
-6.6513
-6.65175
-6.65252
-6.65328
-6.65306
-6.65314
-6.6529
-6.65394
-6.65464
-6.65501
-6.65504
-6.65635
-6.65669
-6.65733
-6.65732
-6.65763
-6.65793
-6.65757
-6.65785
-6.65845
-6.65905
-6.65964
-6.65958
-6.66016
-6.66075
-6.66101
-6.66095
-6.66153
-6.66147
-6.66206
-6.66169
-6.66165
-6.66226
-6.66223
-6.6622
-6.66316
-6.66316
-6.66381
-6.6635
-6.66385
-6.66454
-6.66556
-6.66562
-6.66569
-6.66609
-6.66683
-6.66693
-6.66672
-6.66716
-6.66762
-6.66776
-6.66823
-6.6687
-6.66886
-6.66966
-6.66982
-6.67063
-6.67143
-6.67288
-6.67335
-6.67446
-6.67459
-6.67471
-6.67514
-6.67587
-6.67627
-6.67729
-6.67731
-6.67764
-6.67794
-6.67853
-6.67877
-6.67962
-6.67882
-6.67896
-6.67905
-6.6791
-6.67912
-6.67908
-6.67933
-6.67888
-6.67774
-6.6772
-6.67758
-6.67727
-6.67691
-6.6765
-6.67603
-6.67617
-6.67495
-6.67401
-6.67335
-6.6736
-6.67284
-6.67234
-6.67213
-6.6709
-6.66994
-6.66862
-6.6679
-6.66681
-6.66504
-6.66387
-6.66202
-6.66045
-6.65918
-6.65787
-6.65653
-6.65515
-6.65408
-6.65201
-6.64991
-6.64812
-6.64631
-6.64513
-6.64361
-6.64143
-6.64021
-6.63931
-6.63775
-6.63522
-6.63366
-6.63177
-6.62989
-6.62898
-6.62744
-6.62493
-6.62373
-6.62255
-6.62105
-6.62055
-6.61878
-6.61735
-6.61627
-6.6149
-6.61452
-6.61321
-6.61192
-6.61036
-6.60915
-6.6083
-6.6075
-6.60641
-6.60536
-6.60436
-6.60373
-6.60121
-6.601
-6.6002
-6.59945
-6.59941
-6.59909
-6.5985
-6.59765
-6.59718
-6.59644
-6.59641
-6.59579
-6.59588
-6.59635
-6.59655
-6.5965
-6.5965
-6.59592
-6.59604
-6.5959
-6.59646
-6.59709
-6.59712
-6.59786
-6.59833
-6.59886
-6.59879
-6.59975
-6.60043
-6.60052
-6.6013
-6.60244
-6.60299
-6.60357
-6.60452
-6.6055
-6.60619
-6.60724
-6.608
-6.6091
-6.61023
-6.61171
-6.6132
-6.61438
-6.61526
-6.61679
-6.61769
-6.61891
-6.62013
-6.62168
-6.6229
-6.62411
-6.62499
-6.62586
-6.62672
-6.62788
-6.62805
-6.62982
-6.6306
-6.63168
-6.63272
-6.63309
-6.6344
-6.63535
-6.63627
-6.63715
-6.63832
-6.63944
-6.64053
-6.64158
-6.64324
-6.64453
-6.64546
-6.64472
-6.64525
-6.64508
-6.64584
-6.64591
-6.64692
-6.64755
-6.64848
-6.64806
-6.64794
-6.6481
-6.64854
-6.64831
-6.64836
-6.64838
-6.64869
-6.64865
-6.64891
-6.64913
-6.64869
-6.64822
-6.64838
-6.64755
-6.64703
-6.64681
-6.64626
-6.64602
-6.64609
-6.64551
-6.64557
-6.64531
-6.64505
-6.64479
-6.64421
-6.64396
-6.6434
-6.6435
-6.64394
-6.64407
-6.6439
-6.64343
-6.64234
-6.64192
-6.64217
-6.64246
-6.64246
-6.64218
-6.64225
-6.6427
-6.64286
-6.64307
-6.64332
-6.64363
-6.64431
-6.64439
-6.64518
-6.64537
-6.64562
-6.64529
-6.64663
-6.64836
-6.64919
-6.64975
-6.65005
-6.65074
-6.65181
-6.65262
-6.65349
-6.65475
-6.65639
-6.65842
-6.65986
-6.66168
-6.66356
-6.66452
-6.66683
-6.66789
-6.66933
-6.67081
-6.67104
-6.67326
-6.67551
-6.67682
-6.67914
-6.68149
-6.68353
-6.68625
-6.68768
-6.6901
-6.69156
-6.69431
-6.6961
-6.69853
-6.69997
-6.70238
-6.70445
-6.7065
-6.70884
-6.71019
-6.71215
-6.71375
-6.7153
-6.71713
-6.71924
-6.72032
-6.72166
-6.72326
-6.72577
-6.72691
-6.72829
-6.72993
-6.73083
-6.73197
-6.73269
-6.73365
-6.73451
-6.73527
-6.73625
-6.73712
-6.73822
-6.73824
-6.73782
-6.73697
-6.7373
-6.73751
-6.73793
-6.73759
-6.73874
-6.73881
-6.73812
-6.7373
-6.73669
-6.73595
-6.73445
-6.73283
-6.7311
-6.72892
-6.72664
-6.72456
-6.7227
-6.72074
-6.71835
-6.71586
-6.71424
-6.71156
-6.70911
-6.70626
-6.70494
-6.70193
-6.70014
-6.697
-6.69412
-6.69215
-6.68917
-6.68615
-6.68244
-6.67902
-6.6759
-6.67276
-6.66961
-6.66711
-6.66395
-6.66081
-6.65767
-6.65488
-6.65179
-6.64873
-6.64603
-6.64207
-6.63881
-6.63626
-6.63311
-6.631
-6.6283
-6.62633
-6.62475
-6.62229
-6.62023
-6.6163
-6.61409
-6.61294
-6.61123
-6.60864
-6.6068
-6.60473
-6.6021
-6.60054
-6.59908
-6.59706
-6.59643
-6.59525
-6.59383
-6.59218
-6.59159
-6.59012
-6.59003
-6.59002
-6.58945
-6.58862
-6.5882
-6.58785
-6.58756
-6.58702
-6.58685
-6.58707
-6.58702
-6.58701
-6.58737
-6.58713
-6.58758
-6.58773
-6.58759
-6.58716
-6.5874
-6.58733
-6.58825
-6.58822
-6.58819
-6.58915
-6.58946
-6.58946
-6.58977
-6.59041
-6.59072
-6.59135
-6.59197
-6.59291
-6.59319
-6.59346
-6.59372
-6.59397
-6.59453
-6.59443
-6.59431
-6.59483
-6.59502
-6.59519
-6.59439
-6.59487
-6.59534
-6.59484
-6.59498
-6.59609
-6.59623
-6.59669
-6.59781
-6.59731
-6.59683
-6.59733
-6.59751
-6.59707
-6.59729
-6.59785
-6.59844
-6.59872
-6.59904
-6.59938
-6.6004
-6.6008
-6.60091
-6.60203
-6.60286
-6.60341
-6.60366
-6.60493
-6.6056
-6.60597
-6.6064
-6.60654
-6.60705
-6.60727
-6.60819
-6.60915
-6.60918
-6.60958
-6.61033
-6.61178
-6.61294
-6.61414
-6.61569
-6.61761
-6.61892
-6.62058
-6.62195
-6.62302
-6.6251
-6.62655
-6.62835
-6.62985
-6.63137
-6.63226
-6.6335
-6.6354
-6.63699
-6.63859
-6.64021
-6.64216
-6.64379
-6.6451
-6.64706
-6.64837
-6.64969
-6.65099
-6.65197
-6.65391
-6.65552
-6.65777
-6.65935
-6.66124
-6.66344
-6.6653
-6.66778
-6.6696
-6.67139
-6.67186
-6.67327
-6.67433
-6.67568
-6.67732
-6.67893
-6.67985
-6.68074
-6.68224
-6.68338
-6.68448
-6.68586
-6.68688
-6.6872
-6.68814
-6.68935
-6.6902
-6.691
-6.69143
-6.69247
-6.69313
-6.69279
-6.69369
-6.6939
-6.69503
-6.69548
-6.69685
-6.69721
-6.6972
-6.69748
-6.69707
-6.69823
-6.69807
-6.69786
-6.69859
-6.69831
-6.69832
-6.69861
-6.69855
-6.69814
-6.69834
-6.69852
-6.69835
-6.69815
-6.69696
-6.69705
-6.69678
-6.6965
-6.69653
-6.69589
-6.69523
-6.69489
-6.69389
-6.69353
-6.69315
-6.69278
-6.69207
-6.69136
-6.69033
-6.68962
-6.68923
-6.68917
-6.68879
-6.68874
-6.68805
-6.6877
-6.688
-6.68734
-6.68767
-6.68671
-6.68609
-6.68614
-6.68523
-6.68564
-6.68574
-6.68553
-6.68534
-6.6855
-6.68534
-6.68618
-6.68607
-6.68565
-6.68558
-6.68553
-6.68581
-6.6858
-6.68548
-6.6855
-6.68554
-6.68593
-6.68634
-6.68644
-6.68624
-6.6867
-6.68653
-6.68703
-6.68723
-6.68744
-6.68702
-6.68856
-6.68915
-6.68911
-6.6894
-6.69004
-6.69069
-6.69103
-6.69106
-6.69111
-6.6915
-6.69189
-6.69133
-6.69176
-6.6922
-6.69265
-6.69214
-6.69293
-6.69341
-6.69358
-6.69441
-6.69525
-6.69577
-6.69662
-6.69781
-6.69836
-6.69956
-6.70012
-6.70069
-6.70191
-6.70248
-6.70306
-6.70365
-6.70423
-6.70449
-6.70476
-6.70567
-6.70658
-6.70748
-6.70773
-6.7083
-6.70854
-6.70942
-6.7106
-6.71113
-6.71132
-6.71214
-6.71261
-6.71306
-6.71381
-6.71422
-6.71524
-6.71559
-6.71623
-6.71683
-6.71643
-6.71631
-6.71712
-6.71789
-6.71861
-6.71799
-6.71796
-6.71724
-6.71711
-6.7166
-6.71636
-6.71671
-6.71667
-6.71592
-6.71575
-6.7152
-6.71458
-6.71389
-6.71249
-6.71167
-6.71078
-6.71014
-6.7091
-6.708
-6.7065
-6.70493
-6.70329
-6.7019
-6.70044
-6.69827
-6.69667
-6.69501
-6.69393
-6.69117
-6.68899
-6.6874
-6.68542
-6.68338
-6.68064
-6.67882
-6.67629
-6.67501
-6.67369
-6.67264
-6.67026
-6.66783
-6.66569
-6.66319
-6.66034
-6.65778
-6.65518
-6.65225
-6.64961
-6.64599
-6.64267
-6.63935
-6.63731
-6.63461
-6.63224
-6.62922
-6.6262
-6.62352
-6.62117
-6.61851
-6.61586
-6.61291
-6.60999
-6.60709
-6.60389
-6.60138
-6.59922
-6.59678
-6.59405
-6.59169
-6.58873
-6.58615
-6.58491
-6.58276
-6.58099
-6.57928
-6.57731
-6.57508
-6.57325
-6.57148
-6.56978
-6.56784
-6.56662
-6.56515
-6.56344
-6.56213
-6.5609
-6.55976
-6.5587
-6.55741
-6.5562
-6.55477
-6.55342
-6.55216
-6.55164
-6.55089
-6.55056
-6.55031
-6.55049
-6.55011
-6.55048
-6.55061
-6.55084
-6.55052
-6.55061
-6.55112
-6.55237
-6.55274
-6.5532
-6.55407
-6.5547
-6.55542
-6.55622
-6.55742
-6.55806
-6.56007
-6.56183
-6.56334
-6.56459
-6.5672
-6.56858
-6.57035
-6.57152
-6.57339
-6.57531
-6.5776
-6.57961
-6.58166
-6.58341
-6.58552
-6.58733
-6.58949
-6.59166
-6.59385
-6.59637
-6.59857
-6.6011
-6.60297
-6.6055
-6.60736
-6.60953
-6.61234
-6.61512
-6.61659
-6.61869
-6.6214
-6.62376
-6.62608
-6.62739
-6.62899
-6.63087
-6.63206
-6.63385
-6.63624
-6.63859
-6.64023
-6.64183
-6.64306
-6.64423
-6.64502
-6.64642
-6.64743
-6.64905
-6.65029
-6.65148
-6.65294
-6.65403
-6.65475
-6.65511
-6.65639
-6.65731
-6.65818
-6.65837
-6.65851
-6.65895
-6.65968
-6.66037
-6.66103
-6.6623
-6.6629
-6.6638
-6.66435
-6.66487
-6.6657
-6.66618
-6.66665
-6.66741
-6.66784
-6.66728
-6.66735
-6.66774
-6.66875
-6.66911
-6.66977
-6.6701
-6.67074
-6.67137
-6.67199
-6.67196
-6.6732
-6.67282
-6.67308
-6.67365
-6.67356
-6.67379
-6.67465
-6.67517
-6.67537
-6.67555
-6.67605
-6.67686
-6.67701
-6.67715
-6.67793
-6.67772
-6.67718
-6.67695
-6.67736
-6.67776
-6.67815
-6.67788
-6.67792
-6.67796
-6.67798
-6.67735
-6.67834
-6.67899
-6.67931
-6.67963
-6.67994
-6.68025
-6.6799
-6.67987
-6.67984
-6.6798
-6.67977
-6.6794
-6.67969
-6.67964
-6.68025
-6.68053
-6.68048
-6.68043
-6.67974
-6.67969
-6.68061
-6.68056
-6.68051
-6.68046
-6.68106
-6.68101
-6.68063
-6.67993
-6.67922
-6.67882
-6.6781
-6.67801
-6.67825
-6.67782
-6.6777
-6.67789
-6.67709
-6.67692
-6.67609
-6.67523
-6.67436
-6.6741
-6.67414
-6.67447
-6.67445
-6.67407
-6.67365
-6.67223
-6.67205
-6.67151
-6.6706
-6.66964
-6.66928
-6.66919
-6.66839
-6.66787
-6.66696
-6.66534
-6.66495
-6.66385
-6.66268
-6.66177
-6.66078
-6.66005
-6.6586
-6.65611
-6.65451
-6.65122
-6.64948
-6.64798
-6.64609
-6.64412
-6.64175
-6.63931
-6.63711
-6.63485
-6.63154
-6.62946
-6.62699
-6.62445
-6.62217
-6.61918
-6.61678
-6.61401
-6.61086
-6.60798
-6.60441
-6.60144
-6.59909
-6.59638
-6.593
-6.59056
-6.58746
-6.58401
-6.58057
-6.57711
-6.57366
-6.57055
-6.56874
-6.56565
-6.56291
-6.55988
-6.5572
-6.55457
-6.55198
-6.54847
-6.54598
-6.54324
-6.54023
-6.53762
-6.53508
-6.53197
-6.5296
-6.52731
-6.52511
-6.52268
-6.52035
-6.51844
-6.51662
-6.51492
-6.51396
-6.51246
-6.51107
-6.51011
-6.50894
-6.50755
-6.50659
-6.50541
-6.50402
-6.50339
-6.50318
-6.50275
-6.50209
-6.50186
-6.50173
-6.50136
-6.50012
-6.49994
-6.49952
-6.50049
-6.50024
-6.50072
-6.50159
-6.50221
-6.5029
-6.50399
-6.50481
-6.50634
-6.50696
-6.50796
-6.50868
-6.50946
-6.51061
-6.51277
-6.51369
-6.51496
-6.51628
-6.51861
-6.52032
-6.52175
-6.52256
-6.52404
-6.52524
-6.5271
-6.52867
-6.52995
-6.53221
-6.53386
-6.53617
-6.53754
-6.5386
-6.53969
-6.54145
-6.5429
-6.54438
-6.5462
-6.54772
-6.54991
-6.5518
-6.55404
-6.55597
-6.55761
-6.56023
-6.56256
-6.56491
-6.56761
-6.56968
-6.57114
-6.57326
-6.57606
-6.57856
-6.58108
-6.58266
-6.58491
-6.58784
-6.58981
-6.59214
-6.59481
-6.59686
-6.59958
-6.602
-6.60509
-6.60723
-6.60971
-6.6119
-6.61474
-6.61761
-6.62017
-6.62275
-6.62534
-6.62826
-6.63055
-6.63317
-6.63612
-6.63941
-6.64205
-6.64437
-6.64798
-6.65062
-6.65358
-6.65589
-6.65884
-6.66113
-6.66373
-6.66696
-6.66856
-6.67112
-6.67366
-6.67617
-6.67833
-6.6808
-6.68356
-6.68597
-6.68834
-6.69134
-6.69365
-6.6956
-6.69881
-6.70069
-6.70286
-6.7053
-6.70739
-6.70943
-6.71208
-6.71468
-6.71595
-6.71782
-6.71965
-6.72078
-6.72219
-6.72355
-6.72455
-6.72615
-6.72737
-6.72952
-6.73163
-6.73337
-6.73474
-6.73574
-6.73734
-6.73825
-6.7388
-6.73995
-6.74203
-6.74309
-6.74379
-6.74542
-6.74734
-6.74824
-6.74943
-6.74993
-6.75071
-6.75082
-6.75218
-6.75318
-6.75318
-6.75379
-6.75436
-6.75556
-6.75607
-6.75655
-6.75667
-6.75708
-6.75746
-6.75684
-6.7578
-6.75809
-6.75834
-6.75856
-6.75875
-6.75924
-6.75904
-6.75913
-6.7592
-6.75923
-6.75923
-6.75855
-6.75848
-6.75806
-6.75727
-6.75808
-6.75852
-6.75763
-6.75735
-6.75704
-6.75668
-6.75661
-6.75617
-6.75536
-6.75419
-6.75233
-6.75139
-6.75073
-6.75034
-6.74926
-6.74845
-6.74791
-6.74635
-6.7457
-6.745
-6.74359
-6.74278
-6.74191
-6.74033
-6.73998
-6.73861
-6.73717
-6.73632
-6.73444
-6.73249
-6.73081
-6.72874
-6.72595
-6.72343
-6.72149
-6.71949
-6.71711
-6.71498
-6.71377
-6.7112
-6.70922
-6.70751
-6.70477
-6.70326
-6.70041
-6.69816
-6.69488
-6.69188
-6.68916
-6.68575
-6.68295
-6.68043
-6.67756
-6.67465
-6.67106
-6.6681
-6.66609
-6.66276
-6.66006
-6.65703
-6.65431
-6.65158
-6.6482
-6.64548
-6.64243
-6.63875
-6.63573
-6.6324
-6.62974
-6.62711
-6.6245
-6.62096
-6.61811
-6.61529
-6.61317
-6.61046
-6.60779
-6.6055
-6.60328
-6.60047
-6.59837
-6.59505
-6.59374
-6.59122
-6.58942
-6.58673
-6.58445
-6.58323
-6.58177
-6.58007
-6.57847
-6.57632
-6.57427
-6.57296
-6.57142
-6.56998
-6.56865
-6.56807
-6.56727
-6.56624
-6.56597
-6.56548
-6.56477
-6.56449
-6.56464
-6.56457
-6.56461
-6.56572
-6.56565
-6.566
-6.56645
-6.56635
-6.56733
-6.56841
-6.56927
-6.57054
-6.57192
-6.57306
-6.5743
-6.57563
-6.57672
-6.57758
-6.57949
-6.58116
-6.58227
-6.58378
-6.58569
-6.58767
-6.59005
-6.5925
-6.59469
-6.59694
-6.59925
-6.60097
-6.60339
-6.60618
-6.60871
-6.6116
-6.61486
-6.61751
-6.61987
-6.62291
-6.62502
-6.62716
-6.62932
-6.63215
-6.63468
-6.63819
-6.64172
-6.64494
-6.64817
-6.65141
-6.65432
-6.6582
-6.66208
-6.66434
-6.66755
-6.67076
-6.67428
-6.67681
-6.68029
-6.68343
-6.68589
-6.68833
-6.69106
-6.69311
-6.69611
-6.69874
-6.70134
-6.7039
-6.70641
-6.70824
-6.71066
-6.71272
-6.71505
-6.71798
-6.72022
-6.72207
-6.72387
-6.72659
-6.72892
-6.7312
-6.73212
-6.73427
-6.73603
-6.73741
-6.73905
-6.74062
-6.74147
-6.74355
-6.74555
-6.74652
-6.74838
-6.74921
-6.75028
-6.75095
-6.75089
-6.75206
-6.7525
-6.75319
-6.75412
-6.75562
-6.7564
-6.75709
-6.7577
-6.75693
-6.75674
-6.75711
-6.75642
-6.7563
-6.75611
-6.75615
-6.75579
-6.75502
-6.75386
-6.75326
-6.75291
-6.75118
-6.75036
-6.74978
-6.74881
-6.74777
-6.74698
-6.74515
-6.74423
-6.74195
-6.74124
-6.74014
-6.73866
-6.73648
-6.73522
-6.73327
-6.73191
-6.7302
-6.72811
-6.72664
-6.72481
-6.72327
-6.7217
-6.71978
-6.71751
-6.71523
-6.71196
-6.70997
-6.70829
-6.7066
-6.70556
-6.70354
-6.70151
-6.69949
-6.69747
-6.69545
-6.69279
-6.69112
-6.68946
-6.68749
-6.68521
-6.68326
-6.68134
-6.67943
-6.6769
-6.67406
-6.67189
-6.66974
-6.66793
-6.66745
-6.6657
-6.66429
-6.66258
-6.66024
-6.6589
-6.65726
-6.65564
-6.65339
-6.65247
-6.65091
-6.64905
-6.64787
-6.64605
-6.64425
-6.64313
-6.64169
-6.64157
-6.63984
-6.63814
-6.63678
-6.63543
-6.63377
-6.63246
-6.63148
-6.63052
-6.62926
-6.62833
-6.62741
-6.62716
-6.62628
-6.62573
-6.62456
-6.62307
-6.62225
-6.62176
-6.6213
-6.61923
-6.61718
-6.6158
-6.61475
-6.61308
-6.61176
-6.61077
-6.61013
-6.60951
-6.60827
-6.6077
-6.60683
-6.60566
-6.60483
-6.60404
-6.60359
-6.60285
-6.60213
-6.60177
-6.60144
-6.60114
-6.60087
-6.60031
-6.60011
-6.59962
-6.59949
-6.5994
-6.59903
-6.59869
-6.59839
-6.5978
-6.59823
-6.59838
-6.59857
-6.59944
-6.60004
-6.59907
-6.59911
-6.5992
-6.59868
-6.59918
-6.59875
-6.59902
-6.599
-6.59838
-6.59813
-6.5989
-6.59972
-6.59992
-6.60017
-6.60079
-6.60177
-6.60279
-6.60288
-6.60398
-6.60447
-6.60532
-6.60653
-6.60713
-6.60775
-6.60906
-6.61007
-6.61144
-6.61283
-6.61393
-6.61472
-6.61618
-6.61734
-6.61852
-6.61906
-6.62027
-6.62117
-6.62272
-6.62396
-6.62521
-6.62646
-6.62804
-6.62994
-6.63055
-6.63149
-6.63274
-6.63399
-6.63491
-6.63582
-6.63737
-6.63794
-6.63882
-6.64033
-6.64118
-6.64299
-6.64349
-6.6443
-6.64541
-6.64618
-6.64692
-6.64733
-6.64803
-6.64839
-6.64938
-6.65001
-6.65159
-6.6525
-6.65404
-6.65457
-6.65541
-6.65557
-6.65635
-6.65711
-6.65784
-6.65855
-6.65956
-6.66054
-6.66117
-6.66146
-6.66108
-6.66165
-6.66219
-6.66271
-6.66386
-6.665
-6.66482
-6.66527
-6.66602
-6.66644
-6.66652
-6.66691
-6.66696
-6.66733
-6.66833
-6.669
-6.66967
-6.67032
-6.67065
-6.6713
-6.67129
-6.67161
-6.67224
-6.67256
-6.67254
-6.6735
-6.67349
-6.67381
-6.67511
-6.67544
-6.67577
-6.67676
-6.67678
-6.67713
-6.67749
-6.67754
-6.67889
-6.67895
-6.67935
-6.67942
-6.67983
-6.68025
-6.68068
-6.68111
-6.68155
-6.68167
-6.68245
-6.68324
-6.68403
-6.6845
-6.6853
-6.68611
-6.68659
-6.68741
-6.6879
-6.68839
-6.68888
-6.68905
-6.6889
-6.68907
-6.68923
-6.69004
-6.69052
-6.691
-6.69276
-6.69322
-6.694
-6.69444
-6.69585
-6.69627
-6.69668
-6.69741
-6.69747
-6.69784
-6.69852
-6.6982
-6.69885
-6.69882
-6.69942
-6.69935
-6.69991
-6.70045
-6.70032
-6.69984
-6.70063
-6.70106
-6.70212
-6.70089
-6.70124
-6.70027
-6.69992
-6.70019
-6.69912
-6.69835
-6.69884
-6.69865
-6.69843
-6.69881
-6.69819
-6.69753
-6.69716
-6.69708
-6.6976
-6.69711
-6.69594
-6.69569
-6.69508
-6.69378
-6.69373
-6.69332
-6.69254
-6.69204
-6.69085
-6.68929
-6.68834
-6.68702
-6.68597
-6.68424
-6.68279
-6.68194
-6.68072
-6.67914
-6.67751
-6.67649
-6.67511
-6.67368
-6.67255
-6.67137
-6.66951
-6.66762
-6.66602
-6.66406
-6.66207
-6.66103
-6.65834
-6.65692
-6.65484
-6.65339
-6.65095
-6.64914
-6.64668
-6.64517
-6.64302
-6.64086
-6.63838
-6.63623
-6.63505
-6.63356
-6.63111
-6.62965
-6.62788
-6.62613
-6.62408
-6.62238
-6.62071
-6.61842
-6.61681
-6.61556
-6.61435
-6.61351
-6.61238
-6.61098
-6.60962
-6.60863
-6.60769
-6.60551
-6.60436
-6.60326
-6.60189
-6.60025
-6.59867
-6.59812
-6.59729
-6.59718
-6.59776
-6.59678
-6.59586
-6.59563
-6.59514
-6.59437
-6.59429
-6.59427
-6.59364
-6.59307
-6.59285
-6.59203
-6.5919
-6.59181
-6.59142
-6.59075
-6.59075
-6.59047
-6.59085
-6.59126
-6.59137
-6.59117
-6.59164
-6.5918
-6.59165
-6.59183
-6.5917
-6.5919
-6.59275
-6.59264
-6.59317
-6.59338
-6.59326
-6.59315
-6.59367
-6.59386
-6.59437
-6.59454
-6.59535
-6.59486
-6.59499
-6.59511
-6.59553
-6.59529
-6.59502
-6.59506
-6.59508
-6.59443
-6.5944
-6.59403
-6.59395
-6.59417
-6.59339
-6.59324
-6.5937
-6.5938
-6.59356
-6.59328
-6.59265
-6.59231
-6.59194
-6.59057
-6.59014
-6.59
-6.5895
-6.5893
-6.58809
-6.5875
-6.58721
-6.58655
-6.58652
-6.58613
-6.5857
-6.58525
-6.58413
-6.58297
-6.58244
-6.58123
-6.57935
-6.57874
-6.57746
-6.5768
-6.5758
-6.5751
-6.57405
-6.57332
-6.57257
-6.57181
-6.57006
-6.56895
-6.56751
-6.56606
-6.56428
-6.56315
-6.56202
-6.56154
-6.56042
-6.5593
-6.55787
-6.55613
-6.55472
-6.55333
-6.5526
-6.55157
-6.55056
-6.54991
-6.54863
-6.54738
-6.54584
-6.54531
-6.54385
-6.54308
-6.54203
-6.54103
-6.54104
-6.54111
-6.54059
-6.54044
-6.54003
-6.53969
-6.53908
-6.53854
-6.53807
-6.53865
-6.53865
-6.53775
-6.53791
-6.53782
-6.53813
-6.53854
-6.53903
-6.53993
-6.54124
-6.54265
-6.54318
-6.5451
-6.54647
-6.54762
-6.54983
-6.55052
-6.55196
-6.55415
-6.55547
-6.55721
-6.55905
-6.56163
-6.564
-6.56581
-6.56772
-6.56973
-6.57248
-6.575
-6.57762
-6.58065
-6.58345
-6.58666
-6.58995
-6.59333
-6.59679
-6.60065
-6.60394
-6.60795
-6.61074
-6.61425
-6.61814
-6.62177
-6.62611
-6.62986
-6.63365
-6.63653
-6.63978
-6.64371
-6.64801
-6.65202
-6.65639
-6.66144
-6.66521
-6.66933
-6.67379
-6.67859
-6.68308
-6.68692
-6.69077
-6.69462
-6.69944
-6.7036
-6.70775
-6.71221
-6.71665
-6.72107
-6.72481
-6.72853
-6.73286
-6.73651
-6.7398
-6.74336
-6.74721
-6.75035
-6.75408
-6.75743
-6.76105
-6.7646
-6.7684
-6.77148
-6.77448
-6.77805
-6.78186
-6.78462
-6.78728
-6.7892
-6.792
-6.79502
-6.79761
-6.80075
-6.80378
-6.80638
-6.80918
-6.81187
-6.81346
-6.81623
-6.81758
-6.81946
-6.82088
-6.82184
-6.82364
-6.82466
-6.82523
-6.8263
-6.82691
-6.82706
-6.82773
-6.82695
-6.82669
-6.82629
-6.82543
-6.8254
-6.82491
-6.82428
-6.82417
-6.82361
-6.82227
-6.82144
-6.82016
-6.81877
-6.81693
-6.81561
-6.81321
-6.81134
-6.80969
-6.80729
-6.8051
-6.80281
-6.80011
-6.79731
-6.79442
-6.79145
-6.7884
-6.78528
-6.7824
-6.77946
-6.77679
-6.77308
-6.76965
-6.76714
-6.76265
-6.75941
-6.75614
-6.75317
-6.74984
-6.7465
-6.74281
-6.73944
-6.73574
-6.73203
-6.72833
-6.72463
-6.72062
-6.71758
-6.71425
-6.71093
-6.70731
-6.70405
-6.70081
-6.69858
-6.69541
-6.69228
-6.68919
-6.6855
-6.6825
-6.67954
-6.67664
-6.67346
-6.67001
-6.66727
-6.66457
-6.66193
-6.65903
-6.65682
-6.65435
-6.65193
-6.65054
-6.64857
-6.646
-6.64349
-6.64103
-6.63895
-6.63823
-6.63658
-6.63435
-6.63249
-6.63069
-6.62893
-6.62723
-6.62525
-6.62332
-6.62176
-6.62025
-6.61845
-6.61606
-6.61501
-6.61368
-6.61174
-6.61114
-6.60993
-6.60877
-6.60764
-6.60623
-6.60551
-6.60353
-6.60223
-6.60129
-6.60039
-6.59952
-6.59869
-6.59822
-6.59778
-6.59672
-6.59603
-6.59569
-6.59538
-6.59479
-6.59422
-6.59401
-6.59319
-6.59207
-6.59195
-6.59155
-6.59117
-6.59083
-6.59051
-6.59054
-6.59093
-6.5907
-6.59082
-6.59064
-6.59081
-6.59068
-6.59123
-6.59115
-6.59077
-6.59042
-6.59008
-6.5901
-6.59045
-6.5905
-6.59024
-6.59097
-6.59075
-6.59086
-6.59099
-6.59178
-6.59161
-6.59242
-6.5926
-6.59246
-6.59264
-6.59252
-6.59207
-6.59228
-6.59087
-6.59142
-6.59164
-6.59154
-6.59209
-6.59297
-6.5932
-6.59343
-6.59333
-6.59389
-6.59476
-6.59532
-6.59522
-6.59545
-6.59535
-6.5959
-6.59677
-6.59668
-6.59691
-6.59714
-6.59705
-6.59793
-6.59882
-6.60004
-6.60094
-6.6012
-6.60147
-6.60175
-6.60204
-6.60266
-6.60297
-6.60362
-6.60364
-6.60399
-6.60404
-6.60442
-6.60483
-6.60396
-6.60473
-6.60553
-6.60602
-6.60687
-6.60806
-6.60864
-6.60923
-6.60986
-6.60987
-6.6099
-6.61127
-6.61201
-6.61278
-6.61359
-6.61474
-6.61528
-6.61682
-6.61742
-6.61773
-6.61871
-6.62004
-6.62205
-6.62279
-6.62356
-6.62435
-6.62548
-6.62697
-6.62847
-6.62934
-6.63056
-6.63179
-6.63239
-6.63397
-6.63524
-6.63716
-6.63876
-6.64005
-6.64069
-6.6423
-6.64359
-6.64487
-6.64582
-6.6471
-6.64836
-6.64993
-6.65085
-6.65175
-6.65329
-6.65416
-6.65533
-6.65648
-6.65794
-6.65969
-6.66077
-6.66183
-6.66318
-6.66354
-6.66419
-6.66578
-6.66702
-6.66791
-6.66941
-6.67088
-6.67135
-6.67179
-6.67285
-6.67419
-6.67518
-6.67614
-6.67673
-6.67698
-6.6772
-6.67803
-6.67818
-6.6783
-6.67872
-6.6791
-6.67816
-6.67817
-6.6788
-6.67939
-6.67931
-6.67986
-6.68037
-6.68119
-6.68101
-6.68081
-6.68156
-6.68196
-6.68234
-6.68173
-6.68142
-6.68077
-6.68107
-6.682
-6.68258
-6.68186
-6.68209
-6.68262
-6.68281
-6.68266
-6.68249
-6.68262
-6.68241
-6.68186
-6.68129
-6.68038
-6.67944
-6.67979
-6.67978
-6.67944
-6.67939
-6.67932
-6.67891
-6.67815
-6.67769
-6.67592
-6.67542
-6.67424
-6.67369
-6.6728
-6.67123
-6.67062
-6.66966
-6.669
-6.66799
-6.6673
-6.66658
-6.66585
-6.6651
-6.66433
-6.66323
-6.66276
-6.66358
-6.66277
-6.66195
-6.66177
-6.66126
-6.66173
-6.66089
-6.65974
-6.65924
-6.65809
-6.65727
-6.65614
-6.65534
-6.65455
-6.6541
-6.65334
-6.65163
-6.6509
-6.65052
-6.64983
-6.64917
-6.6482
-6.64791
-6.64764
-6.64674
-6.64587
-6.64568
-6.64551
-6.64471
-6.64427
-6.64418
-6.64443
-6.64277
-6.64211
-6.64147
-6.64151
-6.64124
-6.64197
-6.64239
-6.64154
-6.64168
-6.64119
-6.64039
-6.64091
-6.64078
-6.64003
-6.63993
-6.64016
-6.64008
-6.63968
-6.63961
-6.64052
-6.64014
-6.64009
-6.63939
-6.63805
-6.638
-6.63731
-6.63694
-6.63624
-6.63652
-6.63679
-6.63738
-6.637
-6.63726
-6.63752
-6.63713
-6.63706
-6.63828
-6.63853
-6.63813
-6.63772
-6.63795
-6.63722
-6.63745
-6.63735
-6.63725
-6.63747
-6.63769
-6.63661
-6.6365
-6.63574
-6.63563
-6.63552
-6.63476
-6.63529
-6.63614
-6.63601
-6.63556
-6.63543
-6.63497
-6.63483
-6.63436
-6.63421
-6.63405
-6.63422
-6.63405
-6.63355
-6.63369
-6.63447
-6.63395
-6.63569
-6.63515
-6.6346
-6.63436
-6.63411
-6.63288
-6.6326
-6.63166
-6.63167
-6.63134
-6.631
-6.63031
-6.6309
-6.63115
-6.63074
-6.6303
-6.62984
-6.62871
-6.62821
-6.62672
-6.62617
-6.62528
-6.62469
-6.62439
-6.62376
-6.62374
-6.62305
-6.62234
-6.62193
-6.62117
-6.62007
-6.61927
-6.61909
-6.61824
-6.61769
-6.6168
-6.61588
-6.61494
-6.61398
-6.61396
-6.61328
-6.61193
-6.61153
-6.61078
-6.60969
-6.60858
-6.60745
-6.60566
-6.60449
-6.60395
-6.60243
-6.60186
-6.59933
-6.59679
-6.59585
-6.59458
-6.59199
-6.59005
-6.58841
-6.58645
-6.58544
-6.5841
-6.58308
-6.5814
-6.58005
-6.57836
-6.57765
-6.57597
-6.57396
-6.57261
-6.57158
-6.57025
-6.56827
-6.56728
-6.56598
-6.56502
-6.56376
-6.56252
-6.5613
-6.56011
-6.55895
-6.55751
-6.55674
-6.55569
-6.55468
-6.5534
-6.55185
-6.55131
-6.55019
-6.54913
-6.54844
-6.5475
-6.54696
-6.54648
-6.5464
-6.54608
-6.54551
-6.54632
-6.54625
-6.54594
-6.54605
-6.54624
-6.54621
-6.54661
-6.54613
-6.54705
-6.54839
-6.5492
-6.55011
-6.55145
-6.55225
-6.55317
-6.55419
-6.55564
-6.55753
-6.5592
-6.5613
-6.56287
-6.56552
-6.56795
-6.57016
-6.5728
-6.57522
-6.57774
-6.57971
-6.58274
-6.58489
-6.58778
-6.59076
-6.59349
-6.59662
-6.5995
-6.60246
-6.60613
-6.61051
-6.61366
-6.61718
-6.62076
-6.6247
-6.629
-6.63269
-6.63642
-6.64081
-6.6449
-6.64868
-6.65215
-6.65562
-6.65877
-6.66223
-6.66569
-6.6688
-6.67351
-6.67787
-6.68188
-6.68585
-6.68946
-6.69367
-6.69685
-6.70096
-6.70436
-6.70769
-6.71096
-6.71383
-6.71727
-6.7203
-6.7239
-6.72708
-6.72953
-6.73221
-6.73511
-6.7379
-6.7406
-6.74253
-6.74469
-6.7464
-6.74865
-6.75013
-6.7515
-6.75306
-6.75418
-6.75615
-6.758
-6.75843
-6.7597
-6.76118
-6.76187
-6.76245
-6.76322
-6.76353
-6.7634
-6.76347
-6.76342
-6.76259
-6.76262
-6.76155
-6.76069
-6.75971
-6.75863
-6.75775
-6.75676
-6.75567
-6.75415
-6.75383
-6.75244
-6.75031
-6.74873
-6.7474
-6.74565
-6.74383
-6.74162
-6.73965
-6.73827
-6.73521
-6.73307
-6.73152
-6.7296
-6.727
-6.72404
-6.72137
-6.71868
-6.71564
-6.71291
-6.71083
-6.70906
-6.70633
-6.70426
-6.70154
-6.69982
-6.69747
-6.69515
-6.69319
-6.69093
-6.6884
-6.68624
-6.6838
-6.68206
-6.67941
-6.67779
-6.67558
-6.67377
-6.67171
-6.67004
-6.66844
-6.6666
-6.66549
-6.66445
-6.66253
-6.66102
-6.66023
-6.65986
-6.65892
-6.65775
-6.65666
-6.65566
-6.65473
-6.65422
-6.65378
-6.6531
-6.65282
-6.65165
-6.65152
-6.65113
-6.65211
-6.65251
-6.65297
-6.65316
-6.65341
-6.65339
-6.65438
-6.65477
-6.6552
-6.65567
-6.65682
-6.65735
-6.65823
-6.65913
-6.6594
-6.66032
-6.66223
-6.66285
-6.66347
-6.66377
-6.66406
-6.66466
-6.66525
-6.66583
-6.66639
-6.66757
-6.66775
-6.66856
-6.66934
-6.66976
-6.67014
-6.67081
-6.67177
-6.67204
-6.67227
-6.67277
-6.67356
-6.67463
-6.67468
-6.67501
-6.67496
-6.67552
-6.67506
-6.67424
-6.67336
-6.67308
-6.67244
-6.67239
-6.67231
-6.67218
-6.67136
-6.67082
-6.66991
-6.6693
-6.66896
-6.66827
-6.6669
-6.66517
-6.66535
-6.66486
-6.66369
-6.66283
-6.66258
-6.66167
-6.66074
-6.6598
-6.65916
-6.65851
-6.65753
-6.65588
-6.65521
-6.6542
-6.65287
-6.65186
-6.65052
-6.64951
-6.6485
-6.64653
-6.64585
-6.64421
-6.64323
-6.64291
-6.64162
-6.64067
-6.64038
-6.63978
-6.63886
-6.63796
-6.6361
-6.63524
-6.63438
-6.63322
-6.63304
-6.63289
-6.63209
-6.63197
-6.63088
-6.62949
-6.62843
-6.62772
-6.62669
-6.62567
-6.62467
-6.62369
-6.62272
-6.62208
-6.62081
-6.6202
-6.61961
-6.61902
-6.61878
-6.61757
-6.61768
-6.61651
-6.61471
-6.61454
-6.61374
-6.61394
-6.61253
-6.6121
-6.6117
-6.61132
-6.61096
-6.61094
-6.61095
-6.61098
-6.61071
-6.61079
-6.60992
-6.61038
-6.61022
-6.61041
-6.61063
-6.61089
-6.61052
-6.61052
-6.61087
-6.61125
-6.61264
-6.61341
-6.61325
-6.61312
-6.61303
-6.61329
-6.61262
-6.6123
-6.61267
-6.61306
-6.61381
-6.61427
-6.61444
-6.61463
-6.61518
-6.61607
-6.61667
-6.61729
-6.61858
-6.61892
-6.6196
-6.62063
-6.62103
-6.62144
-6.62187
-6.62264
-6.62374
-6.6242
-6.62403
-6.62484
-6.62565
-6.62679
-6.62762
-6.62812
-6.62895
-6.62977
-6.63028
-6.63143
-6.63225
-6.63372
-6.63486
-6.63567
-6.6368
-6.63695
-6.6384
-6.63918
-6.63996
-6.64073
-6.64084
-6.64127
-6.64137
-6.64243
-6.64283
-6.64387
-6.64393
-6.64367
-6.64469
-6.64538
-6.64638
-6.64738
-6.64804
-6.64838
-6.64903
-6.65001
-6.64967
-6.64966
-6.65029
-6.65059
-6.65121
-6.6515
-6.65178
-6.65271
-6.65428
-6.65455
-6.65482
-6.65541
-6.656
-6.65658
-6.65716
-6.65773
-6.65895
-6.65919
-6.65942
-6.66031
-6.66086
-6.66108
-6.6613
-6.66151
-6.66204
-6.66289
-6.6634
-6.66422
-6.66504
-6.66553
-6.66601
-6.6668
-6.66725
-6.66737
-6.66845
-6.66886
-6.66893
-6.66899
-6.66936
-6.66938
-6.66907
-6.66906
-6.66936
-6.66995
-6.67021
-6.67012
-6.66936
-6.66922
-6.66971
-6.6705
-6.67158
-6.67167
-6.67173
-6.67242
-6.67242
-6.67208
-6.67138
-6.6713
-6.67152
-6.67074
-6.67057
-6.67005
-6.66982
-6.67053
-6.67056
-6.67056
-6.67019
-6.66979
-6.66935
-6.66952
-6.66901
-6.6691
-6.66753
-6.66689
-6.66621
-6.6658
-6.66503
-6.66453
-6.66334
-6.66307
-6.6621
-6.66076
-6.65937
-6.65824
-6.6577
-6.65614
-6.65484
-6.65316
-6.65141
-6.65026
-6.64742
-6.64581
-6.64381
-6.64207
-6.64059
-6.63839
-6.63613
-6.63412
-6.63205
-6.63055
-6.62835
-6.6264
-6.62438
-6.62166
-6.61919
-6.61667
-6.61441
-6.61176
-6.60874
-6.60632
-6.60255
-6.60003
-6.59812
-6.5952
-6.5916
-6.58862
-6.58593
-6.58354
-6.57985
-6.57711
-6.57404
-6.57098
-6.56824
-6.56487
-6.56217
-6.55948
-6.55619
-6.55325
-6.55067
-6.54814
-6.54535
-6.54293
-6.54026
-6.53766
-6.53546
-6.53302
-6.53034
-6.52808
-6.52623
-6.52352
-6.52123
-6.51872
-6.51698
-6.51566
-6.51414
-6.5124
-6.51111
-6.5109
-6.50951
-6.50888
-6.50805
-6.50732
-6.50638
-6.50556
-6.50483
-6.50454
-6.50499
-6.50457
-6.50488
-6.50496
-6.50544
-6.50535
-6.50598
-6.50668
-6.50777
-6.50859
-6.50882
-6.50942
-6.51103
-6.51139
-6.5121
-6.51317
-6.51426
-6.51473
-6.51488
-6.51473
-6.51524
-6.51607
-6.51724
-6.51711
-6.5173
-6.51846
-6.51896
-6.52043
-6.52189
-6.52205
-6.52284
-6.52427
-6.52536
-6.52611
-6.52685
-6.52823
-6.52894
-6.52997
-6.52969
-6.53102
-6.53105
-6.53204
-6.53237
-6.53303
-6.53368
-6.53432
-6.53497
-6.53594
-6.53724
-6.53822
-6.53855
-6.53987
-6.54055
-6.54124
-6.54194
-6.54396
-6.54502
-6.54513
-6.54559
-6.54607
-6.54689
-6.54742
-6.5483
-6.54921
-6.54982
-6.55014
-6.5505
-6.55153
-6.5526
-6.5537
-6.55484
-6.55536
-6.5569
-6.55814
-6.55943
-6.56042
-6.56178
-6.56252
-6.56395
-6.56574
-6.56692
-6.56845
-6.5697
-6.57228
-6.57393
-6.57561
-6.57732
-6.57907
-6.58085
-6.58299
-6.58516
-6.58801
-6.5896
-6.59122
-6.59319
-6.59488
-6.59691
-6.59898
-6.60108
-6.6032
-6.60536
-6.60722
-6.60944
-6.61202
-6.61494
-6.61758
-6.61992
-6.62262
-6.62503
-6.62715
-6.62995
-6.63278
-6.63499
-6.63756
-6.64016
-6.64215
-6.64514
-6.64849
-6.65188
-6.6553
-6.65777
-6.66061
-6.66316
-6.66509
-6.66802
-6.67099
-6.67496
-6.67799
-6.68138
-6.68446
-6.6879
-6.69104
-6.69485
-6.69771
-6.70092
-6.70414
-6.70674
-6.71
-6.71327
-6.71623
-6.71887
-6.72185
-6.72547
-6.72877
-6.73174
-6.73535
-6.73863
-6.74222
-6.74579
-6.74901
-6.75254
-6.75604
-6.7595
-6.76293
-6.76631
-6.76869
-6.77134
-6.77426
-6.77712
-6.7796
-6.78233
-6.78467
-6.78693
-6.78912
-6.79122
-6.79389
-6.79615
-6.79863
-6.8007
-6.80298
-6.80485
-6.80661
-6.80761
-6.80915
-6.81025
-6.81124
-6.81277
-6.81385
-6.81514
-6.81565
-6.81573
-6.816
-6.81648
-6.81716
-6.81804
-6.81816
-6.81782
-6.81737
-6.81615
-6.81578
-6.81529
-6.81469
-6.81397
-6.81281
-6.81187
-6.81146
-6.81095
-6.81002
-6.80963
-6.80881
-6.80726
-6.80593
-6.80483
-6.80236
-6.80012
-6.79747
-6.79637
-6.79326
-6.79105
-6.78909
-6.78739
-6.78531
-6.78317
-6.78065
-6.77841
-6.77514
-6.7728
-6.7701
-6.76671
-6.76425
-6.76176
-6.7586
-6.75573
-6.75283
-6.74959
-6.74698
-6.74338
-6.74041
-6.73743
-6.7341
-6.73109
-6.72807
-6.72536
-6.722
-6.71896
-6.71624
-6.71319
-6.71013
-6.70707
-6.70401
-6.69998
-6.69692
-6.69353
-6.69015
-6.68644
-6.6837
-6.68032
-6.67791
-6.67453
-6.67115
-6.66875
-6.66635
-6.66395
-6.66091
-6.65691
-6.65388
-6.65086
-6.64784
-6.64581
-6.64217
-6.63918
-6.63621
-6.63358
-6.63097
-6.62772
-6.62483
-6.62098
-6.61879
-6.61598
-6.61353
-6.61079
-6.60712
-6.60479
-6.60219
-6.59996
-6.59748
-6.59473
-6.59334
-6.59106
-6.58885
-6.58704
-6.58532
-6.58402
-6.58216
-6.58007
-6.57874
-6.57719
-6.57575
-6.57507
-6.57385
-6.57243
-6.57145
-6.57059
-6.56985
-6.56956
-6.56874
-6.56837
-6.56811
-6.56766
-6.56797
-6.56872
-6.56862
-6.56896
-6.5694
-6.56963
-6.57029
-6.57105
-6.57223
-6.57286
-6.5739
-6.57502
-6.5759
-6.57718
-6.57854
-6.58028
-6.58209
-6.58332
-6.5846
-6.58658
-6.5899
-6.59133
-6.59312
-6.59463
-6.59714
-6.59936
-6.60095
-6.6029
-6.60423
-6.60622
-6.60791
-6.60929
-6.611
-6.61273
-6.61479
-6.61589
-6.61861
-6.62101
-6.62309
-6.6255
-6.62726
-6.62934
-6.63109
-6.63284
-6.63524
-6.6373
-6.63936
-6.64108
-6.64345
-6.64547
-6.64781
-6.64982
-6.65083
-6.6528
-6.65541
-6.6567
-6.65959
-6.66084
-6.66207
-6.66393
-6.66544
-6.66692
-6.66902
-6.67045
-6.67185
-6.67354
-6.67487
-6.6765
-6.67809
-6.67965
-6.68149
-6.68329
-6.68538
-6.6871
-6.68879
-6.69043
-6.69202
-6.69422
-6.69442
-6.69555
-6.69631
-6.69799
-6.69897
-6.69926
-6.70046
-6.70129
-6.70207
-6.70311
-6.70377
-6.70438
-6.70429
-6.70479
-6.70523
-6.70561
-6.70594
-6.70653
-6.70707
-6.70722
-6.70733
-6.7077
-6.70736
-6.70665
-6.70686
-6.70604
-6.70549
-6.70489
-6.70424
-6.70386
-6.70376
-6.7036
-6.7034
-6.70282
-6.70252
-6.70153
-6.70082
-6.69941
-6.69829
-6.69745
-6.69656
-6.69531
-6.69467
-6.69367
-6.69263
-6.69188
-6.6911
-6.68995
-6.68813
-6.68692
-6.68568
-6.68409
-6.68279
-6.68147
-6.67979
-6.67939
-6.67799
-6.67721
-6.67609
-6.6743
-6.67217
-6.67099
-6.66946
-6.66824
-6.66602
-6.66411
-6.66283
-6.66088
-6.65988
-6.65854
-6.65751
-6.65582
-6.65443
-6.65271
-6.65064
-6.64823
-6.64613
-6.64433
-6.64252
-6.64037
-6.63885
-6.63699
-6.63544
-6.63387
-6.63196
-6.63036
-6.62777
-6.62582
-6.6245
-6.62284
-6.62084
-6.6185
-6.61615
-6.61411
-6.61173
-6.60999
-6.60824
-6.6068
-6.60567
-6.60356
-6.60145
-6.59933
-6.59687
-6.59441
-6.59227
-6.59013
-6.58766
-6.58552
-6.58305
-6.58123
-6.57941
-6.57631
-6.5745
-6.5727
-6.57027
-6.56817
-6.56543
-6.56336
-6.56131
-6.55895
-6.55628
-6.55396
-6.55198
-6.55003
-6.54777
-6.54587
-6.54433
-6.54184
-6.54069
-6.53892
-6.53719
-6.53582
-6.53417
-6.53159
-6.53035
-6.52851
-6.52736
-6.52594
-6.52456
-6.52292
-6.52133
-6.52012
-6.51832
-6.51723
-6.5162
-6.51491
-6.51401
-6.51286
-6.51243
-6.51304
-6.51243
-6.51157
-6.51144
-6.51172
-6.51142
-6.51122
-6.51207
-6.51203
-6.51209
-6.51225
-6.51217
-6.51219
-6.51231
-6.51286
-6.51318
-6.51426
-6.51545
-6.51675
-6.51718
-6.51805
-6.51839
-6.51981
-6.52102
-6.52268
-6.52412
-6.52568
-6.52735
-6.52946
-6.53169
-6.53436
-6.53649
-6.5397
-6.5427
-6.5458
-6.54902
-6.55201
-6.55542
-6.55861
-6.5619
-6.56462
-6.56776
-6.57098
-6.57492
-6.57926
-6.58335
-6.5875
-6.59073
-6.59402
-6.59833
-6.603
-6.60804
-6.61278
-6.61657
-6.62071
-6.62453
-6.62836
-6.63285
-6.63732
-6.64115
-6.64528
-6.64939
-6.65315
-6.65624
-6.66027
-6.66393
-6.66788
-6.67145
-6.6753
-6.67909
-6.68282
-6.68617
-6.68977
-6.6933
-6.69612
-6.69919
-6.7025
-6.70606
-6.70922
-6.71229
-6.71593
-6.71852
-6.72166
-6.72505
-6.72737
-6.72993
-6.73272
-6.73511
-6.7374
-6.7396
-6.74138
-6.74243
-6.74436
-6.74587
-6.74794
-6.7496
-6.75084
-6.75199
-6.75369
-6.75497
-6.75779
-6.75889
-6.76022
-6.76114
-6.76229
-6.76334
-6.76496
-6.76518
-6.76499
-6.76536
-6.76596
-6.76614
-6.7659
-6.76589
-6.76547
-6.76592
-6.76564
-6.76526
-6.76414
-6.76357
-6.76324
-6.76281
-6.76196
-6.76102
-6.7603
-6.75949
-6.75795
-6.7563
-6.75457
-6.75338
-6.75178
-6.75009
-6.74831
-6.74675
-6.74414
-6.74273
-6.74026
-6.73836
-6.73604
-6.73267
-6.73052
-6.72699
-6.72468
-6.72197
-6.71919
-6.71569
-6.71277
-6.7098
-6.70676
-6.70335
-6.70021
-6.69768
-6.69383
-6.69058
-6.68764
-6.68435
-6.68074
-6.67744
-6.6735
-6.67086
-6.66824
-6.6663
-6.66278
-6.65962
-6.65619
-6.65314
-6.65016
-6.64757
-6.64443
-6.64169
-6.63873
-6.63685
-6.6354
-6.63342
-6.63124
-6.62886
-6.62693
-6.6261
-6.62379
-6.62227
-6.62153
-6.62061
-6.6195
-6.61884
-6.618
-6.61728
-6.61734
-6.61687
-6.61619
-6.61563
-6.61516
-6.61512
-6.61517
-6.61562
-6.61615
-6.61675
-6.61708
-6.61714
-6.61756
-6.61802
-6.61883
-6.61966
-6.61954
-6.61941
-6.62026
-6.62045
-6.62062
-6.62143
-6.62156
-6.62134
-6.62173
-6.62175
-6.62239
-6.62233
-6.62254
-6.62239
-6.6225
-6.62256
-6.62257
-6.62252
-6.62241
-6.62225
-6.62301
-6.62274
-6.62275
-6.62206
-6.62165
-6.62118
-6.62133
-6.62046
-6.61988
-6.61991
-6.61959
-6.61827
-6.61789
-6.61718
-6.61645
-6.61603
-6.6143
-6.61419
-6.61376
-6.61269
-6.61194
-6.61121
-6.61017
-6.60947
-6.60847
-6.60816
-6.60658
-6.60601
-6.60515
-6.60402
-6.60391
-6.60288
-6.60255
-6.60195
-6.60142
-6.60127
-6.60086
-6.60116
-6.60122
-6.60135
-6.60057
-6.60085
-6.60087
-6.60162
-6.60179
-6.6027
-6.60238
-6.60312
-6.60361
-6.6045
-6.60546
-6.6065
-6.60762
-6.60881
-6.61007
-6.61139
-6.61214
-6.61295
-6.61479
-6.61637
-6.61834
-6.62035
-6.62242
-6.62356
-6.62539
-6.62726
-6.62949
-6.63079
-6.63277
-6.63444
-6.63647
-6.63819
-6.63992
-6.64135
-6.64375
-6.64583
-6.64824
-6.65032
-6.65272
-6.65511
-6.65683
-6.65951
-6.66151
-6.66317
-6.66544
-6.66703
-6.66859
-6.67109
-6.67321
-6.67465
-6.67572
-6.67803
-6.67932
-6.68023
-6.68173
-6.68382
-6.6852
-6.68651
-6.68874
-6.68993
-6.69105
-6.6921
-6.69276
-6.694
-6.69451
-6.69561
-6.69663
-6.69661
-6.69717
-6.69765
-6.69741
-6.69711
-6.69737
-6.69757
-6.6964
-6.69711
-6.69743
-6.69703
-6.69754
-6.69733
-6.69674
-6.69642
-6.69603
-6.69527
-6.6951
-6.69456
-6.69429
-6.6943
-6.69361
-6.69289
-6.69212
-6.69164
-6.69047
-6.68863
-6.68805
-6.68745
-6.68649
-6.68552
-6.68453
-6.68384
-6.68283
-6.6818
-6.67947
-6.67844
-6.67773
-6.67702
-6.67567
-6.67465
-6.6743
-6.67363
-6.67234
-6.67171
-6.67078
-6.66987
-6.66931
-6.66846
-6.66764
-6.66686
-6.6661
-6.66636
-6.66601
-6.66538
-6.66446
-6.66359
-6.66309
-6.66263
-6.66223
-6.66187
-6.66155
-6.66129
-6.66107
-6.6609
-6.66078
-6.66135
-6.66197
-6.66296
-6.66271
-6.66282
-6.66331
-6.66318
-6.66375
-6.66435
-6.66403
-6.66471
-6.66382
-6.66457
-6.66471
-6.66519
-6.66603
-6.66689
-6.66777
-6.66932
-6.66991
-6.67019
-6.67048
-6.67014
-6.67078
-6.67142
-6.67173
-6.67237
-6.67333
-6.6746
-6.67652
-6.67745
-6.67837
-6.67991
-6.68112
-6.68198
-6.68249
-6.68265
-6.68278
-6.68321
-6.68361
-6.68365
-6.68398
-6.68491
-6.68549
-6.68603
-6.6862
-6.68633
-6.68642
-6.68679
-6.68679
-6.68674
-6.68567
-6.68521
-6.68373
-6.68381
-6.68353
-6.68352
-6.68314
-6.68271
-6.68321
-6.68171
-6.68114
-6.68052
-6.67954
-6.67883
-6.67775
-6.67662
-6.67611
-6.67522
-6.67397
-6.67269
-6.67136
-6.67
-6.66893
-6.66782
-6.66604
-6.66487
-6.664
-6.66278
-6.66154
-6.6606
-6.65931
-6.65801
-6.65701
-6.65536
-6.65369
-6.65234
-6.65098
-6.64994
-6.64858
-6.64786
-6.6465
-6.64579
-6.64508
-6.64374
-6.6424
-6.64075
-6.63944
-6.63717
-6.63589
-6.63527
-6.63403
-6.6328
-6.63192
-6.63139
-6.63056
-6.63008
-6.62866
-6.62726
-6.62621
-6.62486
-6.62354
-6.62289
-6.6226
-6.62104
-6.62016
-6.61801
-6.61686
-6.61606
-6.61496
-6.61421
-6.61381
-6.61246
-6.61145
-6.61047
-6.61048
-6.60986
-6.60926
-6.60868
-6.60811
-6.60787
-6.60732
-6.60711
-6.60723
-6.60671
-6.60716
-6.606
-6.60517
-6.60498
-6.60383
-6.60299
-6.60215
-6.60162
-6.60141
-6.60055
-6.59967
-6.59942
-6.59884
-6.59824
-6.59762
-6.59731
-6.59633
-6.59565
-6.59527
-6.59358
-6.59251
-6.59174
-6.59094
-6.59012
-6.58863
-6.58808
-6.58653
-6.58657
-6.5853
-6.58432
-6.58299
-6.58196
-6.58122
-6.57981
-6.57806
-6.57692
-6.57577
-6.57491
-6.57371
-6.57282
-6.57158
-6.57129
-6.57034
-6.56873
-6.56646
-6.56613
-6.56547
-6.56447
-6.56283
-6.56151
-6.56019
-6.55855
-6.55757
-6.55563
-6.55467
-6.5534
-6.55216
-6.55158
-6.55071
-6.54986
-6.5484
-6.5473
-6.54624
-6.54489
-6.54424
-6.54332
-6.54244
-6.54227
-6.54086
-6.5408
-6.53952
-6.53862
-6.53812
-6.53736
-6.53635
-6.53575
-6.53587
-6.53575
-6.53635
-6.5364
-6.53685
-6.53674
-6.53769
-6.53808
-6.53823
-6.53847
-6.53945
-6.54085
-6.54168
-6.54326
-6.54395
-6.54473
-6.54592
-6.5472
-6.54759
-6.54904
-6.55122
-6.55251
-6.5542
-6.555
-6.55652
-6.55779
-6.55946
-6.56151
-6.56267
-6.56453
-6.56678
-6.56973
-6.57209
-6.5745
-6.57696
-6.58011
-6.58233
-6.58491
-6.58753
-6.5905
-6.59317
-6.59491
-6.59796
-6.60103
-6.60346
-6.60689
-6.60967
-6.61213
-6.61524
-6.61771
-6.62081
-6.62456
-6.62701
-6.62944
-6.63185
-6.63489
-6.63695
-6.64027
-6.64324
-6.64522
-6.64748
-6.65069
-6.65353
-6.65601
-6.65878
-6.66182
-6.6645
-6.6668
-6.66938
-6.67159
-6.67374
-6.67552
-6.67756
-6.67955
-6.68148
-6.68303
-6.68452
-6.68627
-6.6873
-6.68827
-6.69015
-6.69196
-6.69337
-6.69472
-6.69632
-6.69752
-6.69865
-6.69971
-6.7007
-6.70161
-6.70277
-6.7032
-6.70389
-6.70418
-6.70439
-6.70484
-6.70555
-6.7065
-6.7064
-6.70687
-6.70759
-6.70758
-6.70814
-6.70797
-6.70773
-6.70805
-6.70798
-6.70718
-6.70727
-6.70761
-6.70691
-6.70646
-6.7056
-6.70435
-6.70303
-6.70163
-6.70049
-6.69928
-6.698
-6.69697
-6.69555
-6.69342
-6.69123
-6.68963
-6.68894
-6.6869
-6.68546
-6.68332
-6.6821
-6.67953
-6.67725
-6.67557
-6.67418
-6.67243
-6.66999
-6.66753
-6.66472
-6.66252
-6.65998
-6.65807
-6.65615
-6.65453
-6.65225
-6.64997
-6.64767
-6.64538
-6.64308
-6.64079
-6.63818
-6.6359
-6.6346
-6.63235
-6.62914
-6.62757
-6.62602
-6.62449
-6.62299
-6.62086
-6.61844
-6.61605
-6.61368
-6.612
-6.6097
-6.60776
-6.60586
-6.60399
-6.60183
-6.59939
-6.59732
-6.59593
-6.59425
-6.59261
-6.59102
-6.58979
-6.58763
-6.58584
-6.58344
-6.58238
-6.58104
-6.58007
-6.5785
-6.57696
-6.57579
-6.57499
-6.57391
-6.57222
-6.57057
-6.56929
-6.56806
-6.56718
-6.56635
-6.56523
-6.5648
-6.56344
-6.56309
-6.56245
-6.56218
-6.56097
-6.56077
-6.56028
-6.56015
-6.5594
-6.55837
-6.55801
-6.55769
-6.55707
-6.55648
-6.55591
-6.55505
-6.55486
-6.55469
-6.55487
-6.55475
-6.55432
-6.55391
-6.55448
-6.55508
-6.55472
-6.55469
-6.55468
-6.555
-6.555
-6.55534
-6.55536
-6.55539
-6.55477
-6.55513
-6.55485
-6.55521
-6.55525
-6.5553
-6.55501
-6.55473
-6.55445
-6.55384
-6.5542
-6.55423
-6.55394
-6.55461
-6.55496
-6.55499
-6.555
-6.55534
-6.55503
-6.55439
-6.55407
-6.5544
-6.55538
-6.55505
-6.55538
-6.55602
-6.5557
-6.55505
-6.55538
-6.55537
-6.55602
-6.55635
-6.55636
-6.55507
-6.55444
-6.55446
-6.55448
-6.55451
-6.55454
-6.55458
-6.55462
-6.55467
-6.55472
-6.55446
-6.55452
-6.55524
-6.555
-6.55443
-6.5542
-6.5543
-6.5544
-6.55483
-6.55495
-6.55506
-6.55519
-6.55564
-6.5561
-6.55656
-6.5567
-6.55652
-6.55667
-6.55746
-6.55728
-6.55776
-6.5579
-6.55805
-6.5582
-6.55769
-6.55783
-6.55764
-6.55842
-6.55823
-6.55835
-6.55846
-6.55857
-6.55899
-6.5594
-6.55915
-6.55922
-6.55895
-6.55932
-6.55935
-6.5597
-6.56035
-6.56002
-6.56
-6.55868
-6.55863
-6.55857
-6.55882
-6.55938
-6.5596
-6.55948
-6.55871
-6.55857
-6.55907
-6.5589
-6.55905
-6.55886
-6.55931
-6.55877
-6.55888
-6.55897
-6.55906
-6.55849
-6.55824
-6.55799
-6.55773
-6.55779
-6.55752
-6.55757
-6.55698
-6.55638
-6.55612
-6.55585
-6.55559
-6.55533
-6.5554
-6.55516
-6.55395
-6.55372
-6.55351
-6.55363
-6.55214
-6.55164
-6.55116
-6.55037
-6.55025
-6.55014
-6.55006
-6.54935
-6.54932
-6.5493
-6.54996
-6.55032
-6.55103
-6.5508
-6.55059
-6.55074
-6.5506
-6.55082
-6.55106
-6.55102
-6.55166
-6.55267
-6.55306
-6.55381
-6.55461
-6.55609
-6.55697
-6.55757
-6.55788
-6.55856
-6.55962
-6.56007
-6.56089
-6.56176
-6.56236
-6.56333
-6.56468
-6.56575
-6.56785
-6.56935
-6.57059
-6.57188
-6.57323
-6.57431
-6.57578
-6.5773
-6.57888
-6.58051
-6.58221
-6.58429
-6.58546
-6.58701
-6.58895
-6.59127
-6.59332
-6.59479
-6.59697
-6.59954
-6.60151
-6.60387
-6.60662
-6.60975
-6.61229
-6.61553
-6.61851
-6.6222
-6.62498
-6.62781
-6.63038
-6.63365
-6.63697
-6.64034
-6.64409
-6.64627
-6.64979
-6.65304
-6.65697
-6.66062
-6.66432
-6.6674
-6.67116
-6.67528
-6.67845
-6.68295
-6.68618
-6.69008
-6.69334
-6.6976
-6.70121
-6.70516
-6.70879
-6.71178
-6.71443
-6.71871
-6.72232
-6.7256
-6.72919
-6.7321
-6.73564
-6.73947
-6.74263
-6.74575
-6.74916
-6.75252
-6.75616
-6.75877
-6.76263
-6.76578
-6.76725
-6.77028
-6.77324
-6.77645
-6.77895
-6.78136
-6.78435
-6.78661
-6.78911
-6.7912
-6.79352
-6.79608
-6.7979
-6.80027
-6.80191
-6.80377
-6.80586
-6.80785
-6.80975
-6.81122
-6.81389
-6.81419
-6.81505
-6.81548
-6.81678
-6.81765
-6.81843
-6.81943
-6.82034
-6.82082
-6.82089
-6.82151
-6.8217
-6.8218
-6.82149
-6.82141
-6.82123
-6.82129
-6.82127
-6.82082
-6.8203
-6.81936
-6.81867
-6.81756
-6.81605
-6.81511
-6.81473
-6.81363
-6.81277
-6.81087
-6.80986
-6.80877
-6.80729
-6.80703
-6.80508
-6.8024
-6.80095
-6.79846
-6.79655
-6.79489
-6.7922
-6.78976
-6.7879
-6.7863
-6.78432
-6.78195
-6.77952
-6.77606
-6.77319
-6.77091
-6.7689
-6.76749
-6.76538
-6.76257
-6.76004
-6.75747
-6.75453
-6.75123
-6.74821
-6.74515
-6.74206
-6.73894
-6.73547
-6.73229
-6.72909
-6.72587
-6.72069
-6.71712
-6.71418
-6.7109
-6.70697
-6.70369
-6.70008
-6.69744
-6.69416
-6.69024
-6.68665
-6.68372
-6.68049
-6.67727
-6.67408
-6.67058
-6.66646
-6.66431
-6.66122
-6.65817
-6.65547
-6.65215
-6.6492
-6.64694
-6.64439
-6.64156
-6.63909
-6.63635
-6.63333
-6.63035
-6.62742
-6.62454
-6.62139
-6.61893
-6.61652
-6.61384
-6.61154
-6.60961
-6.60773
-6.60526
-6.60349
-6.60178
-6.59979
-6.59754
-6.59566
-6.59352
-6.59176
-6.59005
-6.5884
-6.58648
-6.58462
-6.58153
-6.58012
-6.57941
-6.57844
-6.57753
-6.57668
-6.57622
-6.57517
-6.57418
-6.57293
-6.57208
-6.57128
-6.57056
-6.56989
-6.56898
-6.56877
-6.56831
-6.56857
-6.56793
-6.56672
-6.56654
-6.56676
-6.56673
-6.56676
-6.56687
-6.56706
-6.56764
-6.56862
-6.56869
-6.56885
-6.56939
-6.56969
-6.56974
-6.57018
-6.57101
-6.57224
-6.57386
-6.5749
-6.57633
-6.57751
-6.57907
-6.58037
-6.58108
-6.5825
-6.58365
-6.58486
-6.58645
-6.58808
-6.59009
-6.59149
-6.59294
-6.59507
-6.59627
-6.59686
-6.59846
-6.6004
-6.60205
-6.60404
-6.60638
-6.6084
-6.61109
-6.61346
-6.61615
-6.61788
-6.6222
-6.62457
-6.62628
-6.62831
-6.63064
-6.63231
-6.63395
-6.63589
-6.63715
-6.63903
-6.6412
-6.64235
-6.64411
-6.64615
-6.64782
-6.64944
-6.65068
-6.65187
-6.65332
-6.65503
-6.65701
-6.65827
-6.65883
-6.66028
-6.6607
-6.66201
-6.66261
-6.66346
-6.66424
-6.66526
-6.66621
-6.66741
-6.66756
-6.66764
-6.66764
-6.66822
-6.66807
-6.66817
-6.66787
-6.66847
-6.669
-6.66816
-6.6679
-6.66789
-6.66717
-6.66638
-6.66553
-6.66558
-6.66558
-6.66422
-6.66313
-6.66231
-6.66209
-6.66085
-6.65988
-6.65952
-6.65911
-6.65803
-6.65691
-6.65575
-6.65457
-6.65304
-6.65213
-6.65088
-6.65027
-6.64964
-6.64803
-6.64772
-6.64611
-6.64482
-6.64323
-6.64196
-6.64039
-6.63787
-6.63634
-6.63484
-6.63337
-6.63226
-6.63053
-6.6295
-6.62883
-6.62854
-6.62733
-6.62681
-6.62636
-6.62564
-6.62563
-6.62568
-6.62548
-6.62502
-6.62496
-6.62464
-6.62375
-6.62327
-6.62318
-6.62284
-6.62323
-6.62208
-6.62231
-6.62197
-6.62235
-6.62314
-6.62368
-6.62398
-6.62468
-6.6261
-6.62727
-6.6282
-6.62919
-6.62993
-6.63172
-6.63324
-6.63483
-6.63648
-6.63786
-6.63833
-6.63918
-6.64008
-6.64167
-6.64363
-6.64564
-6.64703
-6.64975
-6.65121
-6.6527
-6.65453
-6.65638
-6.65825
-6.66013
-6.66266
-6.6652
-6.66676
-6.66898
-6.67053
-6.67241
-6.67394
-6.67578
-6.67857
-6.67972
-6.68213
-6.68354
-6.68491
-6.68592
-6.68689
-6.68847
-6.68934
-6.69082
-6.69257
-6.69393
-6.69556
-6.6981
-6.69928
-6.70039
-6.70144
-6.70209
-6.70299
-6.70447
-6.70491
-6.70591
-6.70684
-6.70801
-6.70781
-6.70818
-6.70782
-6.70868
-6.70881
-6.70886
-6.70754
-6.70776
-6.70693
-6.70667
-6.70633
-6.70495
-6.70479
-6.70422
-6.70326
-6.70223
-6.70081
-6.70029
-6.6997
-6.69904
-6.69768
-6.69625
-6.69542
-6.6942
-6.6926
-6.69225
-6.69249
-6.69172
-6.69024
-6.68872
-6.68716
-6.68523
-6.68358
-6.68254
-6.68049
-6.67872
-6.67628
-6.6738
-6.67226
-6.67005
-6.66813
-6.66553
-6.66388
-6.66188
-6.65952
-6.65747
-6.6554
-6.65362
-6.65183
-6.64937
-6.64818
-6.64568
-6.64349
-6.64095
-6.63937
-6.63648
-6.63454
-6.63291
-6.63061
-6.62863
-6.6263
-6.62397
-6.62162
-6.61958
-6.61785
-6.61579
-6.6134
-6.61132
-6.60956
-6.60715
-6.60538
-6.60296
-6.60054
-6.5978
-6.59537
-6.59264
-6.59055
-6.5888
-6.58576
-6.58338
-6.58102
-6.57867
-6.57667
-6.57404
-6.57176
-6.56918
-6.56729
-6.56511
-6.56296
-6.56085
-6.55879
-6.55644
-6.55318
-6.55094
-6.54876
-6.54728
-6.54521
-6.54354
-6.54193
-6.54039
-6.5386
-6.53689
-6.53558
-6.53435
-6.53288
-6.53215
-6.53053
-6.52998
-6.52887
-6.52817
-6.52757
-6.52675
-6.52602
-6.52603
-6.5255
-6.52572
-6.52603
-6.52579
-6.52598
-6.52691
-6.52697
-6.52712
-6.52737
-6.52771
-6.52911
-6.52996
-6.53089
-6.53224
-6.53334
-6.53421
-6.53515
-6.5365
-6.53759
-6.53941
-6.54162
-6.54293
-6.54496
-6.54672
-6.54822
-6.55107
-6.55268
-6.55499
-6.558
-6.56009
-6.56221
-6.56503
-6.56724
-6.56884
-6.57047
-6.57246
-6.57481
-6.57654
-6.57926
-6.58169
-6.58413
-6.58596
-6.5878
-6.5903
-6.5925
-6.59439
-6.59694
-6.59951
-6.60208
-6.60434
-6.6066
-6.60887
-6.61212
-6.61439
-6.61666
-6.61925
-6.62184
-6.62506
-6.62763
-6.63083
-6.63401
-6.6375
-6.64032
-6.64214
-6.64458
-6.64635
-6.64808
-6.65041
-6.65205
-6.6543
-6.65616
-6.65829
-6.66069
-6.66335
-6.66529
-6.66748
-6.66959
-6.67097
-6.67259
-6.67412
-6.67524
-6.67658
-6.6775
-6.67831
-6.67902
-6.67993
-6.68106
-6.68142
-6.68296
-6.68373
-6.68438
-6.68523
-6.6853
-6.68557
-6.68539
-6.6854
-6.68561
-6.68537
-6.68501
-6.68484
-6.6839
-6.68284
-6.68165
-6.68035
-6.67958
-6.67869
-6.67705
-6.67531
-6.67313
-6.67119
-6.66883
-6.66702
-6.66449
-6.66221
-6.65985
-6.65743
-6.65527
-6.65241
-6.65015
-6.64754
-6.64489
-6.64222
-6.63985
-6.63748
-6.63446
-6.63209
-6.62909
-6.6258
-6.62383
-6.62061
-6.61775
-6.61528
-6.61255
-6.61021
-6.60859
-6.60609
-6.60433
-6.60202
-6.60013
-6.59933
-6.59799
-6.59612
-6.59469
-6.59404
-6.59254
-6.59182
-6.5909
-6.58947
-6.58883
-6.588
-6.58698
-6.58674
-6.58631
-6.58634
-6.58682
-6.58744
-6.58753
-6.58807
-6.58873
-6.58951
-6.59041
-6.59174
-6.59286
-6.59409
-6.59413
-6.59685
-6.59774
-6.59904
-6.60043
-6.60224
-6.60412
-6.60707
-6.60911
-6.61124
-6.61343
-6.61537
-6.6177
-6.61912
-6.62191
-6.62443
-6.62701
-6.62964
-6.63201
-6.63508
-6.63788
-6.64171
-6.64526
-6.64854
-6.6509
-6.65427
-6.65769
-6.6605
-6.66336
-6.66658
-6.66984
-6.6738
-6.67714
-6.68052
-6.68458
-6.68836
-6.69314
-6.69666
-6.69989
-6.70283
-6.70709
-6.71072
-6.71374
-6.71742
-6.72113
-6.72388
-6.72762
-6.73105
-6.73417
-6.73795
-6.7414
-6.74519
-6.74865
-6.75243
-6.7562
-6.75964
-6.76339
-6.76777
-6.7702
-6.77389
-6.77789
-6.78218
-6.78546
-6.78806
-6.79223
-6.79572
-6.79947
-6.80317
-6.80649
-6.80942
-6.81262
-6.81574
-6.81879
-6.82144
-6.82433
-6.82713
-6.82952
-6.83247
-6.83468
-6.83776
-6.84008
-6.8423
-6.84474
-6.84674
-6.84992
-6.85233
-6.8543
-6.85583
-6.85755
-6.85947
-6.85996
-6.86129
-6.86217
-6.86258
-6.86286
-6.86299
-6.86299
-6.86317
-6.86321
-6.86376
-6.86352
-6.86313
-6.8626
-6.86193
-6.86143
-6.85983
-6.8584
-6.85716
-6.8561
-6.85425
-6.85291
-6.85176
-6.85016
-6.84744
-6.84524
-6.84356
-6.84079
-6.8382
-6.83518
-6.83203
-6.82909
-6.82603
-6.82352
-6.8196
-6.81622
-6.81241
-6.80851
-6.80419
-6.80075
-6.7969
-6.79265
-6.78864
-6.78488
-6.78008
-6.77586
-6.77126
-6.7666
-6.76189
-6.7581
-6.7533
-6.74813
-6.74326
-6.73901
-6.73474
-6.73077
-6.72613
-6.72116
-6.71619
-6.71219
-6.70819
-6.70388
-6.69959
-6.69498
-6.6904
-6.68552
-6.68034
-6.67617
-6.67172
-6.66633
-6.66132
-6.65668
-6.65241
-6.64788
-6.64438
-6.63996
-6.63594
-6.63263
-6.62841
-6.62395
-6.61989
-6.61687
-6.61361
-6.60979
-6.60637
-6.60304
-6.59948
-6.59698
-6.59327
-6.59031
-6.58679
-6.58499
-6.58199
-6.57942
-6.57662
-6.57458
-6.57231
-6.5708
-6.56939
-6.56842
-6.56659
-6.56519
-6.56261
-6.56111
-6.55972
-6.55844
-6.55695
-6.5559
-6.55497
-6.55383
-6.5528
-6.55221
-6.55206
-6.55137
-6.55015
-6.55002
-6.54935
-6.54944
-6.54932
-6.54995
-6.55004
-6.55056
-6.55119
-6.55191
-6.55306
-6.55397
-6.55401
-6.55479
-6.55533
-6.55692
-6.5586
-6.56002
-6.56087
-6.56212
-6.56407
-6.56576
-6.56816
-6.56963
-6.57213
-6.57467
-6.57628
-6.57921
-6.58153
-6.58356
-6.58527
-6.58798
-6.59005
-6.59245
-6.59421
-6.59629
-6.59803
-6.60009
-6.60214
-6.60385
-6.60521
-6.60688
-6.60916
-6.61141
-6.61363
-6.61581
-6.61731
-6.61941
-6.62147
-6.62317
-6.6245
-6.62611
-6.62799
-6.62983
-6.63064
-6.63238
-6.63472
-6.63538
-6.63665
-6.63787
-6.63872
-6.64017
-6.64125
-6.64261
-6.64295
-6.6439
-6.64449
-6.64568
-6.64619
-6.64731
-6.64743
-6.64816
-6.64886
-6.64954
-6.65019
-6.65114
-6.65239
-6.65363
-6.65452
-6.65475
-6.65561
-6.65548
-6.65567
-6.65618
-6.65668
-6.65716
-6.65764
-6.65844
-6.65924
-6.66002
-6.66016
-6.66126
-6.66139
-6.66184
-6.66229
-6.66305
-6.66348
-6.66423
-6.66368
-6.66442
-6.66483
-6.66555
-6.66562
-6.666
-6.66604
-6.66574
-6.66608
-6.6664
-6.66605
-6.66633
-6.66626
-6.66682
-6.6667
-6.66687
-6.66734
-6.66713
-6.66786
-6.66822
-6.66953
-6.66853
-6.66814
-6.66771
-6.66723
-6.66703
-6.66614
-6.6665
-6.66616
-6.66545
-6.66534
-6.66518
-6.66464
-6.66437
-6.66405
-6.66336
-6.66294
-6.66182
-6.66098
-6.6604
-6.65945
-6.65845
-6.65675
-6.65598
-6.65483
-6.65396
-6.65273
-6.65145
-6.65013
-6.64975
-6.64868
-6.64725
-6.64612
-6.64495
-6.64343
-6.64189
-6.63968
-6.63778
-6.63683
-6.6349
-6.63361
-6.63231
-6.63069
-6.62875
-6.62746
-6.62489
-6.62265
-6.62141
-6.61986
-6.61802
-6.61685
-6.61572
-6.61528
-6.61391
-6.61258
-6.61162
-6.61008
-6.60859
-6.60749
-6.60613
-6.60484
-6.60427
-6.60345
-6.60239
-6.60173
-6.60148
-6.60197
-6.60222
-6.60159
-6.6017
-6.60125
-6.60122
-6.60128
-6.60079
-6.60202
-6.60172
-6.60217
-6.60303
-6.60334
-6.60373
-6.60421
-6.60478
-6.60608
-6.60682
-6.60828
-6.60949
-6.61078
-6.61116
-6.61225
-6.61341
-6.61559
-6.61718
-6.61881
-6.61952
-6.62124
-6.62396
-6.62542
-6.62787
-6.63002
-6.63155
-6.63373
-6.63495
-6.6365
-6.63837
-6.64056
-6.64209
-6.64426
-6.64577
-6.64758
-6.65002
-6.65146
-6.65384
-6.65554
-6.65754
-6.65917
-6.6598
-6.66135
-6.66286
-6.664
-6.6664
-6.66712
-6.66845
-6.66941
-6.67064
-6.67215
-6.67264
-6.6734
-6.67443
-6.67509
-6.67635
-6.67724
-6.67775
-6.67821
-6.67831
-6.67965
-6.6803
-6.68123
-6.68212
-6.68296
-6.68312
-6.68292
-6.68299
-6.68271
-6.68336
-6.68301
-6.68294
-6.68284
-6.68336
-6.68417
-6.68431
-6.68539
-6.68514
-6.6852
-6.6849
-6.68458
-6.68424
-6.68388
-6.68382
-6.68375
-6.68397
-6.68385
-6.68372
-6.68388
-6.68404
-6.68384
-6.68331
-6.68308
-6.68284
-6.68226
-6.68231
-6.68137
-6.68074
-6.68074
-6.67975
-6.68004
-6.68
-6.67993
-6.67888
-6.67814
-6.67835
-6.67823
-6.67776
-6.67793
-6.67743
-6.67724
-6.67638
-6.67649
-6.67625
-6.676
-6.67477
-6.67482
-6.67421
-6.67391
-6.67329
-6.67265
-6.67266
-6.67233
-6.67136
-6.67103
-6.67006
-6.66909
-6.66877
-6.66781
-6.66686
-6.66593
-6.66502
-6.66412
-6.66324
-6.66272
-6.6619
-6.66176
-6.66133
-6.66127
-6.66093
-6.65998
-6.65877
-6.65857
-6.65811
-6.65835
-6.65832
-6.65869
-6.65977
-6.6593
-6.66053
-6.66086
-6.66094
-6.66046
-6.66103
-6.66233
-6.66144
-6.66291
-6.66414
-6.66449
-6.66622
-6.6677
-6.66895
-6.66963
-6.67137
-6.67254
-6.67412
-6.67675
-6.6788
-6.67964
-6.68088
-6.68283
-6.68517
-6.68758
-6.6894
-6.6916
-6.69418
-6.69681
-6.6998
-6.70219
-6.70494
-6.70707
-6.70988
-6.71239
-6.71492
-6.71779
-6.72066
-6.72321
-6.72642
-6.72929
-6.73119
-6.73371
-6.73558
-6.73774
-6.74084
-6.74326
-6.74597
-6.74766
-6.74995
-6.75316
-6.75567
-6.75779
-6.76017
-6.76216
-6.76439
-6.7672
-6.76895
-6.7703
-6.77188
-6.77369
-6.77508
-6.77606
-6.77725
-6.77867
-6.77998
-6.78118
-6.78227
-6.78292
-6.78378
-6.7842
-6.78482
-6.78532
-6.7857
-6.78531
-6.78479
-6.78415
-6.78404
-6.78379
-6.7831
-6.78196
-6.78167
-6.78061
-6.77942
-6.77778
-6.77602
-6.77382
-6.77182
-6.77035
-6.76812
-6.76675
-6.76429
-6.7614
-6.75841
-6.75629
-6.75309
-6.75077
-6.74835
-6.74617
-6.74228
-6.73928
-6.73587
-6.73272
-6.72819
-6.72489
-6.72056
-6.71682
-6.71334
-6.71014
-6.70657
-6.7036
-6.69995
-6.69659
-6.69224
-6.68851
-6.68509
-6.68035
-6.67659
-6.67347
-6.66905
-6.66529
-6.66186
-6.6578
-6.65409
-6.65008
-6.64642
-6.64247
-6.63986
-6.63632
-6.63347
-6.63035
-6.62761
-6.6246
-6.62101
-6.61781
-6.61467
-6.61226
-6.60895
-6.60669
-6.60418
-6.60177
-6.59846
-6.5959
-6.59375
-6.59073
-6.58877
-6.58724
-6.58452
-6.58223
-6.58004
-6.57796
-6.57599
-6.57445
-6.5727
-6.57235
-6.57018
-6.56942
-6.5678
-6.56695
-6.56621
-6.56559
-6.56443
-6.56436
-6.56409
-6.56264
-6.56228
-6.56204
-6.56256
-6.56287
-6.56362
-6.56383
-6.56512
-6.56588
-6.56675
-6.56772
-6.56847
-6.57029
-6.57222
-6.57359
-6.57539
-6.57695
-6.57796
-6.58002
-6.58249
-6.58407
-6.58573
-6.58779
-6.58959
-6.59178
-6.59436
-6.59732
-6.60099
-6.60374
-6.60653
-6.60937
-6.61193
-6.61451
-6.61649
-6.61946
-6.62214
-6.62483
-6.62721
-6.62863
-6.63104
-6.63344
-6.63585
-6.63923
-6.6413
-6.64498
-6.64735
-6.65036
-6.65269
-6.65533
-6.65794
-6.66084
-6.66242
-6.66428
-6.66708
-6.66952
-6.67224
-6.67459
-6.6769
-6.67916
-6.68072
-6.68288
-6.68499
-6.68704
-6.68936
-6.69131
-6.69319
-6.6947
-6.69679
-6.69818
-6.69951
-6.70143
-6.70296
-6.70475
-6.70616
-6.70816
-6.70945
-6.71067
-6.71184
-6.71326
-6.71398
-6.71431
-6.71491
-6.7161
-6.71723
-6.7183
-6.71898
-6.71929
-6.72018
-6.72069
-6.72115
-6.72124
-6.72127
-6.72124
-6.72182
-6.72234
-6.72249
-6.72292
-6.72297
-6.72298
-6.72424
-6.72416
-6.72371
-6.72355
-6.72334
-6.7231
-6.7225
-6.72218
-6.72151
-6.72113
-6.72071
-6.72059
-6.72076
-6.72058
-6.72006
-6.72016
-6.71959
-6.71835
-6.71806
-6.71679
-6.71614
-6.71516
-6.71384
-6.71316
-6.71214
-6.71143
-6.71104
-6.70999
-6.70894
-6.70756
-6.70682
-6.70608
-6.70533
-6.70426
-6.70416
-6.70374
-6.70331
-6.70289
-6.70246
-6.70139
-6.70064
-6.6999
-6.69915
-6.69872
-6.69733
-6.6969
-6.69551
-6.69379
-6.69336
-6.69292
-6.69183
-6.69074
-6.68996
-6.68885
-6.68772
-6.68724
-6.68609
-6.68493
-6.68375
-6.68256
-6.68167
-6.68076
-6.6795
-6.67854
-6.67787
-6.67718
-6.67678
-6.67506
-6.67427
-6.6728
-6.67097
-6.67008
-6.66882
-6.66816
-6.66649
-6.66509
-6.663
-6.66086
-6.65964
-6.65837
-6.65673
-6.65568
-6.65328
-6.65179
-6.64992
-6.648
-6.64601
-6.64365
-6.64155
-6.63939
-6.63782
-6.63554
-6.63256
-6.62984
-6.62642
-6.62489
-6.62233
-6.61972
-6.61706
-6.61402
-6.61126
-6.60814
-6.60497
-6.60176
-6.59884
-6.59557
-6.59291
-6.58991
-6.58656
-6.58384
-6.58079
-6.57708
-6.57435
-6.5713
-6.56857
-6.5649
-6.56156
-6.5589
-6.5566
-6.55271
-6.55048
-6.54798
-6.54585
-6.54346
-6.5408
-6.53821
-6.53536
-6.53357
-6.53185
-6.52891
-6.52703
-6.52525
-6.52355
-6.52129
-6.51945
-6.51739
-6.51607
-6.51549
-6.51437
-6.51302
-6.51176
-6.51028
-6.50922
-6.50826
-6.50739
-6.50693
-6.50657
-6.50629
-6.5061
-6.50599
-6.50564
-6.5057
-6.5055
-6.50506
-6.50404
-6.50407
-6.50448
-6.50431
-6.50486
-6.50513
-6.50482
-6.50554
-6.50566
-6.50615
-6.50702
-6.50793
-6.50855
-6.50922
-6.50993
-6.51133
-6.51179
-6.51261
-6.51346
-6.51435
-6.51558
-6.51653
-6.51782
-6.51914
-6.52082
-6.52186
-6.52294
-6.52468
-6.5258
-6.52694
-6.5281
-6.52961
-6.53081
-6.53169
-6.53292
-6.53385
-6.53446
-6.53638
-6.53767
-6.53832
-6.53995
-6.54126
-6.54258
-6.54391
-6.54556
-6.54625
-6.54758
-6.54859
-6.55025
-6.55061
-6.55194
-6.55294
-6.55393
-6.55491
-6.5562
-6.55748
-6.55874
-6.55966
-6.56089
-6.56177
-6.56263
-6.56282
-6.56363
-6.56474
-6.5655
-6.56655
-6.56757
-6.56823
-6.56951
-6.57043
-6.57131
-6.57249
-6.57298
-6.5744
-6.57514
-6.5765
-6.57782
-6.57781
-6.57809
-6.57833
-6.57887
-6.57906
-6.57953
-6.57934
-6.57944
-6.58017
-6.58088
-6.58092
-6.5816
-6.58194
-6.58195
-6.58196
-6.58229
-6.58262
-6.58328
-6.58363
-6.58334
-6.58372
-6.58347
-6.58358
-6.58403
-6.5842
-6.58472
-6.58464
-6.58525
-6.58494
-6.58597
-6.58673
-6.58754
-6.58874
-6.58934
-6.58967
-6.59072
-6.59149
-6.59266
-6.59388
-6.59549
-6.59651
-6.59791
-6.59872
-6.60023
-6.60212
-6.60405
-6.60604
-6.60742
-6.60916
-6.61127
-6.61341
-6.61525
-6.61745
-6.61935
-6.62126
-6.6232
-6.62514
-6.62644
-6.62872
-6.63036
-6.63264
-6.63459
-6.63654
-6.63782
-6.63974
-6.64099
-6.64319
-6.6457
-6.64754
-6.64934
-6.65112
-6.65255
-6.6546
-6.65661
-6.65795
-6.65926
-6.6615
-6.66339
-6.66525
-6.66707
-6.66854
-6.6716
-6.67302
-6.67408
-6.67543
-6.67708
-6.67838
-6.68031
-6.68221
-6.68376
-6.68496
-6.68615
-6.68666
-6.68748
-6.68893
-6.69037
-6.69082
-6.6919
-6.6933
-6.69436
-6.69509
-6.69581
-6.69652
-6.69754
-6.69888
-6.69989
-6.70154
-6.70287
-6.70419
-6.7055
-6.70681
-6.70812
-6.70877
-6.71007
-6.71169
-6.71266
-6.71331
-6.7146
-6.71557
-6.71653
-6.71749
-6.71941
-6.72004
-6.72066
-6.72096
-6.7219
-6.72219
-6.72247
-6.72404
-6.72593
-6.72717
-6.7284
-6.72994
-6.73115
-6.7317
-6.73322
-6.7344
-6.73491
-6.73574
-6.73624
-6.73736
-6.73847
-6.73957
-6.74
-6.74106
-6.74113
-6.7428
-6.74283
-6.74382
-6.74413
-6.74442
-6.74501
-6.74622
-6.74644
-6.74663
-6.74711
-6.74724
-6.74735
-6.74774
-6.74842
-6.74874
-6.74871
-6.74896
-6.74917
-6.74967
-6.74948
-6.74925
-6.74994
-6.74962
-6.74894
-6.74917
-6.74904
-6.74885
-6.74894
-6.74769
-6.74767
-6.7476
-6.74683
-6.746
-6.74609
-6.74547
-6.74511
-6.74405
-6.74292
-6.74205
-6.74112
-6.74045
-6.74036
-6.73858
-6.73837
-6.73711
-6.73546
-6.73407
-6.73326
-6.73174
-6.73014
-6.72816
-6.72676
-6.72464
-6.72246
-6.72021
-6.71822
-6.71584
-6.71405
-6.71187
-6.70963
-6.70733
-6.7053
-6.70288
-6.70041
-6.69821
-6.69629
-6.694
-6.69134
-6.68961
-6.68622
-6.68345
-6.67967
-6.67748
-6.67526
-6.67206
-6.66883
-6.66591
-6.66331
-6.66037
-6.65711
-6.65385
-6.65124
-6.648
-6.64444
-6.64188
-6.63868
-6.63519
-6.63239
-6.63059
-6.62753
-6.62484
-6.62219
-6.6196
-6.61705
-6.61456
-6.61278
-6.61041
-6.60811
-6.60587
-6.60338
-6.60064
-6.59863
-6.59636
-6.59417
-6.59239
-6.59101
-6.58939
-6.58753
-6.58608
-6.58503
-6.58245
-6.5806
-6.57948
-6.57909
-6.57813
-6.57693
-6.57678
-6.57574
-6.57542
-6.57517
-6.57597
-6.57588
-6.57553
-6.57589
-6.57535
-6.57488
-6.57544
-6.57476
-6.57447
-6.57423
-6.57405
-6.57425
-6.57417
-6.57414
-6.57513
-6.57454
-6.57464
-6.57479
-6.57464
-6.57519
-6.57544
-6.57572
-6.57636
-6.57768
-6.57869
-6.57941
-6.58048
-6.58157
-6.58269
-6.58382
-6.58465
-6.58517
-6.58571
-6.58691
-6.5878
-6.5887
-6.58994
-6.59087
-6.59213
-6.59243
-6.59273
-6.59401
-6.59432
-6.59529
-6.59625
-6.59755
-6.59787
-6.59852
-6.59981
-6.60175
-6.60271
-6.60367
-6.60397
-6.60492
-6.60586
-6.6068
-6.60805
-6.60863
-6.60954
-6.61075
-6.61195
-6.61346
-6.6143
-6.61513
-6.61594
-6.61737
-6.61814
-6.61889
-6.62026
-6.62063
-6.62033
-6.62098
-6.62128
-6.62219
-6.62308
-6.62361
-6.62443
-6.62522
-6.625
-6.62443
-6.62479
-6.6248
-6.62573
-6.62631
-6.62652
-6.62637
-6.62683
-6.62725
-6.62697
-6.62795
-6.62857
-6.62882
-6.6287
-6.62724
-6.62736
-6.62743
-6.62682
-6.62583
-6.62546
-6.62569
-6.62523
-6.62473
-6.62451
-6.6236
-6.6233
-6.62264
-6.62193
-6.62054
-6.61976
-6.61927
-6.61809
-6.61689
-6.61629
-6.61632
-6.61502
-6.61434
-6.61331
-6.61226
-6.61086
-6.61009
-6.60898
-6.60785
-6.60638
-6.60523
-6.60374
-6.60225
-6.60172
-6.60022
-6.59904
-6.59787
-6.59637
-6.5952
-6.59404
-6.59289
-6.59208
-6.59063
-6.58985
-6.58877
-6.5877
-6.58666
-6.58565
-6.58466
-6.58403
-6.58376
-6.58287
-6.5817
-6.58121
-6.58044
-6.57906
-6.57838
-6.57806
-6.57747
-6.57661
-6.57741
-6.57632
-6.57561
-6.57593
-6.57597
-6.57543
-6.57558
-6.5745
-6.57477
-6.57477
-6.57515
-6.57558
-6.57575
-6.5763
-6.57625
-6.57659
-6.57665
-6.57709
-6.57726
-6.5778
-6.57807
-6.57872
-6.57941
-6.58015
-6.58125
-6.58241
-6.58231
-6.58289
-6.58417
-6.58515
-6.58585
-6.5869
-6.58766
-6.58877
-6.58991
-6.59075
-6.59194
-6.59282
-6.59437
-6.59463
-6.59524
-6.59618
-6.59746
-6.5981
-6.59939
-6.60037
-6.60166
-6.60199
-6.60329
-6.60361
-6.60489
-6.60617
-6.60744
-6.60837
-6.60865
-6.61053
-6.61271
-6.61294
-6.61413
-6.61562
-6.61644
-6.61692
-6.61835
-6.61944
-6.6205
-6.62154
-6.6232
-6.62452
-6.62581
-6.62676
-6.62768
-6.62923
-6.63011
-6.63064
-6.63116
-6.63164
-6.63211
-6.63288
-6.63428
-6.63469
-6.63606
-6.6374
-6.63808
-6.63875
-6.63972
-6.64036
-6.64065
-6.64094
-6.64121
-6.64148
-6.64109
-6.64231
-6.64287
-6.6444
-6.64527
-6.64517
-6.64603
-6.64722
-6.64775
-6.64892
-6.64911
-6.64963
-6.65014
-6.65065
-6.65147
-6.65229
-6.65311
-6.65392
-6.65375
-6.6539
-6.65436
-6.65417
-6.65494
-6.65473
-6.65548
-6.65556
-6.65628
-6.65634
-6.65735
-6.65705
-6.65673
-6.65735
-6.65795
-6.65756
-6.65779
-6.65831
-6.65912
-6.65958
-6.65903
-6.65942
-6.6588
-6.65879
-6.65906
-6.65896
-6.65883
-6.65767
-6.65745
-6.65685
-6.65686
-6.65649
-6.6564
-6.65562
-6.6551
-6.65454
-6.65393
-6.65327
-6.65256
-6.6518
-6.65067
-6.64982
-6.64892
-6.64765
-6.64665
-6.6453
-6.6439
-6.64375
-6.64291
-6.64204
-6.64113
-6.63954
-6.63824
-6.63755
-6.63619
-6.63545
-6.63436
-6.63228
-6.63115
-6.63033
-6.62853
-6.6264
-6.6249
-6.6234
-6.62189
-6.62038
-6.6192
-6.61802
-6.61652
-6.61504
-6.61388
-6.61275
-6.6113
-6.60987
-6.60847
-6.60741
-6.60605
-6.6044
-6.60245
-6.60151
-6.6006
-6.59973
-6.59792
-6.5968
-6.59571
-6.59499
-6.59431
-6.59303
-6.59244
-6.59157
-6.5901
-6.58932
-6.58826
-6.58757
-6.58758
-6.58698
-6.58676
-6.58658
-6.5858
-6.58571
-6.58535
-6.58536
-6.58573
-6.58616
-6.58533
-6.58552
-6.58543
-6.58571
-6.58539
-6.58576
-6.5865
-6.58664
-6.58682
-6.58737
-6.58764
-6.58731
-6.58766
-6.58774
-6.58851
-6.589
-6.58954
-6.59077
-6.5914
-6.59239
-6.59311
-6.59388
-6.59436
-6.59587
-6.59645
-6.59707
-6.59775
-6.59912
-6.60086
-6.602
-6.60352
-6.60476
-6.60637
-6.6077
-6.60844
-6.61052
-6.612
-6.61353
-6.61542
-6.61703
-6.61804
-6.61942
-6.62148
-6.62326
-6.62475
-6.62564
-6.62753
-6.62848
-6.63108
-6.63274
-6.63605
-6.63744
-6.63884
-6.64092
-6.643
-6.64477
-6.64655
-6.64931
-6.65174
-6.65417
-6.65692
-6.65933
-6.66076
-6.6625
-6.66486
-6.66687
-6.66885
-6.67113
-6.67305
-6.67525
-6.67773
-6.67952
-6.68158
-6.68327
-6.68588
-6.68843
-6.68995
-6.69141
-6.69312
-6.69444
-6.69505
-6.69624
-6.69735
-6.69806
-6.69935
-6.69991
-6.70138
-6.70211
-6.70245
-6.70369
-6.70323
-6.70367
-6.70468
-6.7053
-6.7052
-6.70535
-6.70576
-6.70577
-6.70605
-6.70561
-6.70577
-6.70522
-6.70494
-6.70395
-6.70292
-6.70281
-6.70234
-6.70214
-6.70126
-6.70099
-6.70004
-6.69938
-6.69773
-6.69637
-6.69597
-6.69554
-6.69542
-6.69562
-6.69516
-6.69403
-6.69258
-6.69145
-6.68999
-6.68918
-6.68837
-6.68757
-6.68579
-6.685
-6.68453
-6.6831
-6.68233
-6.6819
-6.68115
-6.68042
-6.67905
-6.67866
-6.67862
-6.67761
-6.67598
-6.67468
-6.67469
-6.67407
-6.67346
-6.67287
-6.6723
-6.67173
-6.67054
-6.67001
-6.67014
-6.66964
-6.66948
-6.66869
-6.66759
-6.66715
-6.66672
-6.66566
-6.66527
-6.66489
-6.66419
-6.66384
-6.66285
-6.66123
-6.66124
-6.66095
-6.66164
-6.66105
-6.66079
-6.66056
-6.66033
-6.66013
-6.65994
-6.66041
-6.66089
-6.66075
-6.6603
-6.66019
-6.66009
-6.66099
-6.6606
-6.66056
-6.6602
-6.66051
-6.66084
-6.66086
-6.66122
-6.66159
-6.66166
-6.6611
-6.66152
-6.66229
-6.66275
-6.6629
-6.66307
-6.66294
-6.66282
-6.66304
-6.6636
-6.66386
-6.66381
-6.66442
-6.6644
-6.6657
-6.66604
-6.66641
-6.66646
-6.66686
-6.6663
-6.66608
-6.66653
-6.66732
-6.66781
-6.66831
-6.66947
-6.66969
-6.67024
-6.67048
-6.67172
-6.67264
-6.67456
-6.67487
-6.6752
-6.67587
-6.6772
-6.67789
-6.67893
-6.67965
-6.68039
-6.68049
-6.6819
-6.68331
-6.68409
-6.68488
-6.68568
-6.68712
-6.68793
-6.68874
-6.68954
-6.69003
-6.69051
-6.69131
-6.69211
-6.69225
-6.69335
-6.69444
-6.69487
-6.69496
-6.69536
-6.69541
-6.69674
-6.69739
-6.69803
-6.69863
-6.69953
-6.70007
-6.70058
-6.70073
-6.70116
-6.70155
-6.70222
-6.70252
-6.70246
-6.70267
-6.70315
-6.70294
-6.70332
-6.70364
-6.70327
-6.70284
-6.70236
-6.70215
-6.70221
-6.70221
-6.70215
-6.70236
-6.70187
-6.70099
-6.70071
-6.69908
-6.69804
-6.69727
-6.69579
-6.69491
-6.69462
-6.69428
-6.69357
-6.69184
-6.69006
-6.6892
-6.68862
-6.68735
-6.68538
-6.68338
-6.68165
-6.68021
-6.67841
-6.6769
-6.67502
-6.67408
-6.67279
-6.67114
-6.66946
-6.66775
-6.66602
-6.66491
-6.66281
-6.66037
-6.65888
-6.65706
-6.65522
-6.6537
-6.65152
-6.64998
-6.64747
-6.64529
-6.64311
-6.64093
-6.64006
-6.63855
-6.63641
-6.6346
-6.63249
-6.63105
-6.62834
-6.62728
-6.62624
-6.62395
-6.62169
-6.62044
-6.61826
-6.61644
-6.61499
-6.61359
-6.61289
-6.61094
-6.61067
-6.60948
-6.60834
-6.60759
-6.60592
-6.60464
-6.60375
-6.60259
-6.60182
-6.60111
-6.60079
-6.6015
-6.60099
-6.60054
-6.60015
-6.59919
-6.59861
-6.59842
-6.59765
-6.59792
-6.59792
-6.598
-6.59845
-6.59865
-6.59988
-6.59988
-6.59994
-6.60006
-6.59959
-6.60015
-6.60076
-6.60143
-6.60216
-6.60261
-6.60408
-6.60432
-6.6046
-6.6059
-6.6066
-6.60767
-6.60878
-6.60961
-6.6108
-6.61139
-6.61331
-6.61397
-6.61531
-6.61669
-6.61874
-6.62018
-6.62164
-6.62345
-6.62528
-6.62681
-6.62771
-6.62896
-6.63054
-6.63116
-6.63212
-6.63405
-6.63567
-6.63761
-6.63923
-6.64052
-6.64181
-6.64342
-6.64404
-6.64563
-6.64752
-6.65037
-6.65159
-6.65278
-6.65394
-6.6567
-6.65879
-6.66019
-6.66123
-6.66224
-6.66386
-6.66511
-6.66632
-6.66715
-6.66859
-6.66998
-6.67067
-6.6726
-6.67351
-6.67468
-6.67546
-6.67619
-6.67652
-6.67745
-6.6783
-6.67812
-6.6782
-6.67885
-6.68009
-6.68158
-6.68171
-6.68176
-6.68175
-6.68199
-6.68118
-6.68096
-6.68066
-6.68062
-6.67954
-6.67969
-6.67912
-6.67849
-6.67747
-6.67736
-6.67654
-6.67566
-6.67441
-6.67309
-6.67206
-6.67097
-6.67016
-6.66866
-6.66745
-6.66587
-6.66491
-6.6636
-6.66258
-6.6609
-6.65953
-6.65814
-6.65675
-6.65535
-6.65395
-6.65256
-6.65086
-6.64917
-6.6475
-6.64554
-6.64426
-6.64301
-6.64212
-6.64064
-6.64017
-6.64042
-6.63943
-6.6385
-6.63732
-6.63588
-6.63518
-6.63423
-6.63369
-6.63291
-6.63353
-6.63327
-6.63344
-6.63338
-6.63343
-6.63391
-6.63385
-6.63455
-6.6344
-6.635
-6.6354
-6.63591
-6.63719
-6.63858
-6.64008
-6.64106
-6.64246
-6.64366
-6.64594
-6.64768
-6.64953
-6.6518
-6.65385
-6.65633
-6.65858
-6.66157
-6.66432
-6.66684
-6.66944
-6.67148
-6.67423
-6.67706
-6.67931
-6.6826
-6.68497
-6.68804
-6.69148
-6.69464
-6.69784
-6.70075
-6.70304
-6.70633
-6.70931
-6.71263
-6.71563
-6.71897
-6.72198
-6.72595
-6.72927
-6.73225
-6.73489
-6.73913
-6.74301
-6.7459
-6.7494
-6.75254
-6.75434
-6.75706
-6.76006
-6.76301
-6.76622
-6.7697
-6.77279
-6.7755
-6.77813
-6.7807
-6.78352
-6.78562
-6.78796
-6.79088
-6.79306
-6.79484
-6.79685
-6.79814
-6.79998
-6.80174
-6.80342
-6.80435
-6.80552
-6.80725
-6.80824
-6.80914
-6.81027
-6.81132
-6.81292
-6.81443
-6.81521
-6.81589
-6.81584
-6.81635
-6.81677
-6.81646
-6.81671
-6.8172
-6.81792
-6.81857
-6.81784
-6.81767
-6.8184
-6.81873
-6.81834
-6.81787
-6.81765
-6.81704
-6.81636
-6.81593
-6.81511
-6.81422
-6.81262
-6.81161
-6.81053
-6.80971
-6.80883
-6.8066
-6.80625
-6.80423
-6.8028
-6.80066
-6.79912
-6.79721
-6.79621
-6.79484
-6.79309
-6.79161
-6.79009
-6.78818
-6.78622
-6.78389
-6.78216
-6.78069
-6.77885
-6.77664
-6.77436
-6.77171
-6.76965
-6.76721
-6.76503
-6.76215
-6.75921
-6.75621
-6.75444
-6.75164
-6.74846
-6.74521
-6.74288
-6.73983
-6.73574
-6.73354
-6.7303
-6.72732
-6.72395
-6.72116
-6.71702
-6.71379
-6.71049
-6.70649
-6.7021
-6.69798
-6.69446
-6.69023
-6.68627
-6.68292
-6.67854
-6.67445
-6.66935
-6.6655
-6.66161
-6.65705
-6.65245
-6.64719
-6.64255
-6.63789
-6.63322
-6.62854
-6.62449
-6.6198
-6.61446
-6.6101
-6.60607
-6.60238
-6.59805
-6.59375
-6.58882
-6.5849
-6.58068
-6.57651
-6.57269
-6.5686
-6.56489
-6.5609
-6.55632
-6.55278
-6.54832
-6.54459
-6.5406
-6.53635
-6.53316
-6.52973
-6.5267
-6.52376
-6.52122
-6.51814
-6.51547
-6.51257
-6.50912
-6.50609
-6.50317
-6.50035
-6.49861
-6.49632
-6.49414
-6.49207
-6.49075
-6.48922
-6.48748
-6.4852
-6.484
-6.48259
-6.48097
-6.4801
-6.47935
-6.47838
-6.47654
-6.47611
-6.47546
-6.47492
-6.4748
-6.47479
-6.47422
-6.4744
-6.47404
-6.47376
-6.4739
-6.47445
-6.47445
-6.47452
-6.47501
-6.47492
-6.47556
-6.47531
-6.47577
-6.47663
-6.47756
-6.47887
-6.47992
-6.48071
-6.48219
-6.48373
-6.48499
-6.48598
-6.48766
-6.48937
-6.49016
-6.49292
-6.49442
-6.49661
-6.49784
-6.49976
-6.50202
-6.50398
-6.50628
-6.50796
-6.50933
-6.51071
-6.51242
-6.51383
-6.51492
-6.51699
-6.51874
-6.52082
-6.52225
-6.52401
-6.5261
-6.52818
-6.52995
-6.53171
-6.53347
-6.53522
-6.53697
-6.53937
-6.54111
-6.54284
-6.54425
-6.54564
-6.54735
-6.54905
-6.55041
-6.55242
-6.55473
-6.55639
-6.55804
-6.56
-6.56195
-6.56323
-6.56483
-6.56705
-6.56862
-6.57018
-6.57204
-6.57389
-6.57572
-6.57786
-6.57869
-6.5808
-6.58257
-6.58399
-6.58508
-6.5868
-6.58753
-6.5889
-6.58992
-6.59157
-6.59255
-6.59449
-6.59577
-6.59703
-6.59794
-6.59917
-6.60038
-6.60124
-6.60274
-6.60422
-6.60472
-6.60585
-6.60696
-6.60806
-6.60914
-6.61053
-6.61192
-6.61264
-6.61368
-6.61471
-6.61637
-6.61673
-6.61772
-6.61839
-6.61905
-6.62003
-6.62068
-6.62165
-6.6223
-6.62326
-6.62423
-6.62519
-6.62486
-6.62583
-6.6268
-6.62745
-6.62778
-6.6291
-6.63042
-6.63142
-6.63244
-6.63379
-6.63484
-6.63589
-6.63696
-6.63707
-6.63818
-6.63962
-6.64076
-6.64159
-6.64277
-6.64429
-6.64486
-6.64771
-6.64897
-6.64993
-6.65123
-6.65351
-6.65485
-6.65588
-6.65758
-6.6593
-6.6607
-6.66213
-6.66389
-6.66502
-6.66615
-6.66665
-6.66846
-6.67027
-6.67241
-6.67392
-6.67542
-6.67692
-6.67875
-6.68025
-6.68142
-6.68292
-6.6844
-6.68523
-6.68702
-6.68847
-6.68959
-6.69101
-6.69273
-6.69443
-6.69611
-6.69743
-6.69905
-6.70032
-6.70155
-6.70308
-6.70424
-6.70537
-6.70548
-6.7062
-6.70818
-6.70914
-6.70973
-6.7106
-6.71077
-6.71122
-6.71129
-6.71228
-6.71354
-6.71411
-6.71429
-6.71442
-6.71482
-6.71516
-6.71545
-6.71601
-6.71586
-6.71566
-6.71476
-6.71509
-6.71504
-6.71494
-6.71478
-6.71392
-6.71398
-6.71365
-6.71263
-6.7122
-6.7114
-6.7112
-6.71094
-6.70999
-6.70932
-6.70795
-6.70752
-6.70671
-6.70586
-6.70465
-6.70405
-6.70309
-6.70209
-6.70107
-6.70001
-6.69925
-6.69781
-6.69732
-6.69617
-6.69499
-6.69379
-6.6929
-6.69168
-6.69012
-6.68888
-6.68763
-6.68637
-6.68511
-6.68352
-6.68194
-6.68069
-6.67976
-6.67852
-6.67761
-6.67671
-6.67583
-6.67593
-6.67411
-6.67296
-6.67183
-6.67201
-6.67158
-6.67052
-6.66948
-6.66816
-6.66686
-6.66592
-6.66468
-6.6638
-6.66199
-6.66085
-6.66073
-6.66064
-6.65864
-6.65863
-6.65865
-6.65774
-6.65719
-6.65636
-6.65557
-6.65514
-6.6541
-6.65407
-6.65376
-6.65348
-6.65259
-6.65207
-6.6519
-6.65209
-6.65232
-6.65194
-6.65191
-6.65159
-6.65194
-6.65233
-6.65242
-6.65286
-6.653
-6.65317
-6.65238
-6.65227
-6.65249
-6.65338
-6.65397
-6.65424
-6.65485
-6.6545
-6.65448
-6.6548
-6.65479
-6.65512
-6.65544
-6.65609
-6.65706
-6.65803
-6.65867
-6.65931
-6.65831
-6.65861
-6.65857
-6.65884
-6.65877
-6.65836
-6.65664
-6.65718
-6.65608
-6.65787
-6.65868
-6.65913
-6.65924
-6.6603
-6.66003
-6.66007
-6.66072
-6.66006
-6.66001
-6.66026
-6.66015
-6.66002
-6.65985
-6.65966
-6.65911
-6.65918
-6.65889
-6.65825
-6.65823
-6.65689
-6.65714
-6.65671
-6.65657
-6.65641
-6.6559
-6.65536
-6.6561
-6.65551
-6.65523
-6.6546
-6.65363
-6.65296
-6.65195
-6.65125
-6.64924
-6.64818
-6.64615
-6.6454
-6.64432
-6.64323
-6.64278
-6.64233
-6.64188
-6.64078
-6.64
-6.63923
-6.63813
-6.63704
-6.63661
-6.63585
-6.63511
-6.6347
-6.63495
-6.6336
-6.63259
-6.6316
-6.6316
-6.63064
-6.63035
-6.63009
-6.62919
-6.6293
-6.62845
-6.62796
-6.62813
-6.62802
-6.6276
-6.62721
-6.62653
-6.6262
-6.62622
-6.62595
-6.62474
-6.62453
-6.62371
-6.62388
-6.62376
-6.62432
-6.62491
-6.62487
-6.62487
-6.6249
-6.62463
-6.62471
-6.6245
-6.62463
-6.62479
-6.62466
-6.62519
-6.62576
-6.62602
-6.6263
-6.62693
-6.62662
-6.62762
-6.62799
-6.62806
-6.62879
-6.6289
-6.62935
-6.63013
-6.63029
-6.63046
-6.63031
-6.6305
-6.63071
-6.63253
-6.63275
-6.63297
-6.63384
-6.63406
-6.63429
-6.63516
-6.63602
-6.63656
-6.63741
-6.63858
-6.63876
-6.63861
-6.63942
-6.64086
-6.64131
-6.64174
-6.64216
-6.6432
-6.64357
-6.6452
-6.64617
-6.64614
-6.64608
-6.64632
-6.64652
-6.64605
-6.64652
-6.64664
-6.64672
-6.64677
-6.64679
-6.64711
-6.64707
-6.64635
-6.64657
-6.64612
-6.64565
-6.64547
-6.64526
-6.64439
-6.64544
-6.64517
-6.64489
-6.64459
-6.64461
-6.64461
-6.6446
-6.64459
-6.64329
-6.64295
-6.64229
-6.64132
-6.64165
-6.64135
-6.64171
-6.64144
-6.64119
-6.64129
-6.64109
-6.64125
-6.6408
-6.6407
-6.64064
-6.6416
-6.64163
-6.64171
-6.64184
-6.64137
-6.64161
-6.64222
-6.64322
-6.64266
-6.64281
-6.64464
-6.64557
-6.64623
-6.64728
-6.6484
-6.64894
-6.64986
-6.65085
-6.65255
-6.65301
-6.65387
-6.65478
-6.65576
-6.65712
-6.65788
-6.65935
-6.66087
-6.66147
-6.66308
-6.66442
-6.66644
-6.6672
-6.66897
-6.67044
-6.67226
-6.67443
-6.67596
-6.67816
-6.68068
-6.68257
-6.68446
-6.68634
-6.68789
-6.68943
-6.69128
-6.6931
-6.69489
-6.69666
-6.69806
-6.69943
-6.70075
-6.70235
-6.70422
-6.70539
-6.70617
-6.70689
-6.70755
-6.70943
-6.7106
-6.71168
-6.71269
-6.71427
-6.71479
-6.7149
-6.71622
-6.71648
-6.7173
-6.71738
-6.71704
-6.71694
-6.71609
-6.71645
-6.71672
-6.71657
-6.71633
-6.71599
-6.71524
-6.71473
-6.71348
-6.71312
-6.71268
-6.71215
-6.71155
-6.7099
-6.70915
-6.70801
-6.70681
-6.70619
-6.70455
-6.70318
-6.70208
-6.70126
-6.69942
-6.69788
-6.69662
-6.69567
-6.69469
-6.69304
-6.69105
-6.68906
-6.68738
-6.68571
-6.68436
-6.68269
-6.68136
-6.67972
-6.6781
-6.67651
-6.67494
-6.67374
-6.67225
-6.6708
-6.66874
-6.6677
-6.66671
-6.66545
-6.66424
-6.66309
-6.662
-6.66065
-6.65937
-6.65815
-6.65732
-6.65623
-6.65586
-6.65557
-6.65469
-6.65454
-6.65511
-6.65543
-6.65518
-6.65436
-6.65425
-6.65422
-6.65426
-6.65438
-6.65488
-6.65546
-6.65514
-6.65585
-6.6563
-6.65649
-6.65674
-6.65803
-6.6584
-6.65947
-6.66027
-6.66145
-6.66202
-6.66263
-6.66361
-6.66431
-6.66504
-6.66645
-6.66724
-6.6687
-6.66986
-6.67137
-6.67224
-6.67377
-6.67499
-6.67621
-6.67776
-6.67898
-6.67987
-6.68173
-6.68293
-6.6838
-6.68529
-6.68709
-6.68822
-6.68899
-6.6891
-6.69014
-6.69082
-6.69179
-6.69304
-6.6936
-6.69444
-6.69555
-6.69596
-6.69696
-6.69791
-6.69816
-6.69899
-6.69944
-6.70014
-6.7011
-6.70135
-6.70152
-6.70194
-6.70229
-6.70224
-6.7021
-6.70157
-6.7016
-6.70155
-6.70045
-6.70024
-6.6993
-6.69892
-6.69716
-6.69628
-6.69467
-6.69264
-6.6915
-6.69027
-6.68798
-6.68561
-6.68347
-6.68188
-6.68054
-6.6791
-6.67757
-6.67596
-6.67427
-6.67216
-6.66932
-6.6664
-6.66469
-6.66258
-6.65973
-6.65746
-6.65543
-6.65301
-6.65018
-6.64793
-6.64562
-6.64324
-6.63982
-6.63634
-6.63345
-6.62985
-6.62621
-6.62251
-6.61941
-6.61627
-6.61211
-6.60759
-6.60336
-6.59942
-6.59578
-6.59211
-6.58842
-6.58503
-6.58163
-6.57789
-6.57415
-6.57105
-6.5673
-6.56324
-6.5595
-6.55513
-6.55174
-6.54837
-6.54471
-6.54107
-6.53713
-6.53388
-6.53034
-6.52621
-6.52211
-6.51904
-6.51603
-6.51242
-6.50855
-6.50506
-6.50229
-6.49894
-6.49599
-6.49214
-6.48967
-6.4863
-6.48335
-6.48048
-6.4777
-6.47533
-6.47274
-6.47023
-6.46783
-6.46519
-6.46396
-6.46185
-6.46017
-6.45826
-6.45711
-6.45541
-6.45446
-6.45329
-6.45222
-6.45126
-6.4504
-6.449
-6.44835
-6.44813
-6.44769
-6.44734
-6.4471
-6.44696
-6.44757
-6.44763
-6.44779
-6.44804
-6.44806
-6.4485
-6.44935
-6.44965
-6.45069
-6.45214
-6.4527
-6.454
-6.45505
-6.45651
-6.45772
-6.45901
-6.46037
-6.4618
-6.46331
-6.46553
-6.46686
-6.46889
-6.47067
-6.47283
-6.47473
-6.47669
-6.47902
-6.48044
-6.48289
-6.48571
-6.48793
-6.49019
-6.49186
-6.49454
-6.49726
