9.78617
9.79224
9.79709
9.80141
9.80593
9.81133
9.81762
9.8248
9.83146
9.83831
9.84462
9.85393
9.862
9.87023
9.87933
9.88788
9.89658
9.90471
9.91369
9.9228
9.93202
9.94065
9.95009
9.95962
9.96923
9.9775
9.98653
9.99703
10.0062
10.0153
10.0245
10.0336
10.0435
10.0512
10.0603
10.0701
10.0783
10.0873
10.0961
10.1048
10.1127
10.1234
10.1324
10.1414
10.1501
10.1573
10.1643
10.1704
10.1777
10.1848
10.1917
10.1983
10.2062
10.2123
10.2183
10.2239
10.2286
10.233
10.2385
10.2431
10.2466
10.2492
10.2528
10.2541
10.2578
10.2613
10.2638
10.2659
10.2657
10.2665
10.2691
10.2701
10.2714
10.2732
10.274
10.2744
10.2732
10.2724
10.2714
10.27
10.2684
10.2652
10.2624
10.2593
10.2574
10.2546
10.2516
10.2483
10.2441
10.2412
10.2359
10.2297
10.2234
10.2204
10.2151
10.2111
10.2055
10.2013
10.1961
10.1909
10.1855
10.1801
10.1745
10.171
10.166
10.1595
10.1529
10.1477
10.1417
10.1371
10.1324
10.127
10.1209
10.1147
10.1085
10.1023
10.0954
10.0892
10.083
10.0767
10.0698
10.0622
10.0559
10.0497
10.0435
10.0366
10.031
10.0241
10.0179
10.011
10.0048
9.99718
9.99096
9.98332
9.97638
9.96872
9.96245
9.95546
9.94915
9.94139
9.9336
9.92789
9.92283
9.9142
9.90834
9.90242
9.89503
9.88828
9.88146
9.87387
9.86692
9.86201
9.85348
9.84699
9.83901
9.83164
9.82207
9.81452
9.80617
9.79774
9.78993
9.78273
9.77545
9.76809
9.75922
9.75099
9.74197
9.73428
9.72651
9.71868
9.70938
9.70071
9.69058
9.68182
9.6716
9.66275
9.65316
9.64425
9.63603
9.62779
9.61812
9.61058
9.60162
9.59196
9.58161
9.5734
9.5638
9.55706
9.54825
9.53948
9.53146
9.5228
9.51419
9.50564
9.49645
9.48946
9.48042
9.47288
9.46472
9.45735
9.44937
9.44219
9.433
9.42462
9.41705
9.411
9.40507
9.39784
9.39073
9.38304
9.37618
9.36874
9.36355
9.35568
9.35006
9.34248
9.33645
9.32986
9.32414
9.31857
9.31387
9.31075
9.30568
9.30079
9.29466
9.29014
9.2858
9.28026
9.27704
9.27473
9.27263
9.26934
9.26698
9.26555
9.26295
9.26129
9.25916
9.25659
9.25426
9.25361
9.25181
9.25099
9.25115
9.25018
9.24949
9.25049
9.25037
9.25054
9.251
9.25175
9.25351
9.25556
9.25721
9.26057
9.26634
9.26887
9.2731
9.27763
9.28174
9.28614
9.29223
9.29789
9.30241
9.30649
9.31296
9.31897
9.32523
9.33314
9.34129
9.34684
9.35331
9.3621
9.36895
9.3781
9.38672
9.39337
9.40229
9.40922
9.4184
9.42767
9.43774
9.4479
9.45741
9.46626
9.47374
9.48265
9.49157
9.50048
9.51007
9.51891
9.5291
9.53781
9.54644
9.55355
9.56337
9.57165
9.58049
9.58988
9.59769
9.60249
9.60992
9.61785
9.62556
9.63093
9.63748
9.64379
9.64985
9.65496
9.66051
9.66581
9.66943
9.67419
9.6794
9.68365
9.68692
9.69064
9.6941
9.6959
9.69816
9.70088
9.70266
9.70351
9.70625
9.70949
9.7111
9.71394
9.7166
9.71767
9.71999
9.72075
9.72137
9.72186
9.72082
9.72038
9.72056
9.72134
9.72064
9.71987
9.71903
9.71744
9.71721
9.71694
9.71804
9.717
9.71592
9.71623
9.71581
9.71465
9.71277
9.71297
9.71315
9.71259
9.712
9.71138
9.71071
9.70999
9.70922
9.70768
9.70537
9.70439
9.70402
9.70286
9.7016
9.70163
9.69942
9.69778
9.696
9.69477
9.69196
9.69039
9.68792
9.68526
9.6831
9.68002
9.67671
9.67176
9.66656
9.66111
9.6561
9.65152
9.64668
9.64226
9.63684
9.62972
9.62302
9.61601
9.60941
9.60321
9.59601
9.58779
9.57998
9.57258
9.56417
9.55547
9.54718
9.5372
9.52692
9.51637
9.50556
9.4966
9.48738
9.4758
9.46398
9.45476
9.44533
9.43358
9.42022
9.40952
9.39794
9.38551
9.37084
9.35746
9.34399
9.33043
9.31681
9.30597
9.29298
9.27999
9.26487
9.25191
9.23899
9.22684
9.21548
9.20282
9.19028
9.17788
9.16565
9.15431
9.14247
9.13297
9.12229
9.11117
9.10104
9.09049
9.08026
9.06967
9.05872
9.04814
9.04007
9.03311
9.02586
9.01694
9.00989
9.0019
8.99722
8.99233
8.98796
8.9834
8.98008
8.97449
8.97087
8.96924
8.96748
8.9663
8.96644
8.96577
8.96642
8.96699
8.9696
8.97072
8.9746
8.97912
8.98286
8.98866
8.99369
8.99794
9.00495
9.01118
9.01876
9.02907
9.03789
9.04945
9.05951
9.07088
9.08285
9.09541
9.10925
9.12155
9.13582
9.14923
9.16671
9.18329
9.19897
9.21514
9.2325
9.25032
9.27001
9.28801
9.30714
9.32809
9.34729
9.36614
9.38534
9.40627
9.4261
9.44763
9.47083
9.49216
9.51653
9.53899
9.56233
9.58582
9.60734
9.63109
9.65422
9.67813
9.70138
9.72535
9.74721
9.77045
9.79507
9.8189
9.84264
9.86555
9.88692
9.90954
9.93127
9.9535
9.97551
9.99656
10.0174
10.0386
10.0595
10.0822
10.1031
10.123
10.141
10.1601
10.1781
10.1949
10.212
10.23
10.2468
10.2653
10.2791
10.2951
10.3106
10.3242
10.3387
10.3518
10.3652
10.378
10.3902
10.4004
10.4108
10.4206
10.4298
10.4384
10.4465
10.454
10.4616
10.4686
10.4744
10.4796
10.4835
10.4876
10.4925
10.4955
10.4979
10.4998
10.4998
10.5028
10.5032
10.5023
10.5024
10.5013
10.499
10.4963
10.4952
10.4936
10.491
10.4872
10.4836
10.479
10.4747
10.4686
10.4635
10.4588
10.453
10.4468
10.4396
10.4321
10.4263
10.4181
10.4097
10.4023
10.3939
10.3845
10.3749
10.3643
10.3541
10.3436
10.3344
10.322
10.3115
10.3001
10.2871
10.2752
10.2625
10.2516
10.2399
10.2258
10.2123
10.1992
10.1861
10.172
10.1585
10.1449
10.1318
10.1179
10.1039
10.0898
10.0748
10.0612
10.044
10.0296
10.0143
9.99975
9.98513
9.97048
9.95369
9.94043
9.92577
9.91112
9.89651
9.88124
9.86603
9.85159
9.83652
9.82013
9.80526
9.79121
9.77799
9.76492
9.74987
9.7357
9.72452
9.71212
9.6978
9.68581
9.67404
9.66109
9.64839
9.63734
9.62586
9.61465
9.60372
9.59167
9.58275
9.57272
9.5623
9.55291
9.54456
9.53795
9.52817
9.51873
9.51106
9.50376
9.49753
9.49168
9.4862
9.48039
9.47497
9.47064
9.4674
9.46384
9.45924
9.45503
9.4505
9.44847
9.44611
9.44342
9.4411
9.43915
9.43826
9.43772
9.43612
9.43556
9.43603
9.43752
9.43792
9.43862
9.43891
9.43949
9.44174
9.44424
9.447
9.4507
9.45393
9.45667
9.46173
9.46557
9.46959
9.47378
9.47743
9.48052
9.48516
9.49064
9.49624
9.50125
9.50706
9.51297
9.51756
9.52293
9.5298
9.53601
9.54229
9.54722
9.55291
9.55864
9.56443
9.57096
9.57754
9.58274
9.58869
9.59469
9.60072
9.6068
9.61503
9.61978
9.62599
9.63154
9.63785
9.64492
9.65204
9.65922
9.66717
9.67235
9.6783
9.68713
9.69391
9.70217
9.70908
9.71535
9.7224
9.7288
9.73597
9.74109
9.74767
9.75712
9.76521
9.77193
9.77868
9.78688
9.79439
9.80263
9.80945
9.81627
9.82378
9.83197
9.84082
9.84891
9.85623
9.86205
9.86919
9.87621
9.88522
9.88914
9.89642
9.90281
9.90901
9.91428
9.92073
9.92551
9.93143
9.93565
9.94096
9.94454
9.94848
9.95345
9.95664
9.95801
9.96037
9.96372
9.96379
9.9634
9.96253
9.96188
9.95861
9.95835
9.95474
9.95131
9.94876
9.94566
9.94413
9.94063
9.93729
9.93338
9.92892
9.92249
9.9148
9.90727
9.89779
9.88988
9.88075
9.86969
9.85953
9.84816
9.83702
9.82611
9.81545
9.80152
9.78928
9.77522
9.76287
9.74874
9.73637
9.72082
9.70637
9.6902
9.67374
9.65772
9.64004
9.62283
9.60753
9.59134
9.57356
9.55704
9.53827
9.52009
9.50251
9.48415
9.46643
9.44937
9.43088
9.41307
9.39456
9.37748
9.3576
9.3406
9.32224
9.30396
9.28648
9.26909
9.25253
9.23609
9.2205
9.20436
9.18696
9.16974
9.15271
9.13658
9.12067
9.10498
9.08882
9.07503
9.05796
9.04539
9.03098
9.01827
9.00517
8.99096
8.97778
8.96494
8.95315
8.94171
8.92994
8.91785
8.90967
8.89906
8.88887
8.87839
8.86835
8.85946
8.85032
8.84235
8.83556
8.82785
8.82204
8.81533
8.81054
8.80627
8.80182
8.7965
8.79314
8.78961
8.78594
8.78352
8.78025
8.77968
8.77896
8.77953
8.78138
8.7824
8.78682
8.79041
8.79387
8.7979
8.8018
8.80768
8.81413
8.82115
8.82872
8.83756
8.84623
8.85333
8.86307
8.87403
8.88269
8.89395
8.90641
8.91793
8.93062
8.94376
8.95592
8.96849
8.98218
8.99485
9.01072
9.02484
9.0407
9.05618
9.07198
9.08877
9.10513
9.12245
9.13788
9.15425
9.17152
9.18968
9.208
9.22436
9.24156
9.25958
9.27841
9.2966
9.31416
9.33318
9.35223
9.3706
9.38827
9.40735
9.4264
9.44401
9.46158
9.47838
9.49511
9.51388
9.53114
9.54972
9.56678
9.58301
9.59982
9.61721
9.63376
9.65298
9.66992
9.68742
9.70334
9.71981
9.73611
9.75365
9.7689
9.78539
9.80241
9.81995
9.83519
9.84954
9.8623
9.8777
9.89151
9.90584
9.9207
9.93396
9.94846
9.96277
9.97689
9.99014
10.0046
10.0161
10.0295
10.0435
10.0566
10.0681
10.0795
10.0907
10.1024
10.1126
10.124
10.1353
10.1478
10.1595
10.1697
10.1811
10.1909
10.2028
10.2124
10.2225
10.2325
10.2432
10.2522
10.2612
10.2714
10.2823
10.2916
10.3022
10.3105
10.3188
10.3276
10.3356
10.3449
10.3541
10.3618
10.37
10.3788
10.3868
10.3961
10.4053
10.4136
10.4203
10.4276
10.4348
10.4411
10.4479
10.4546
10.4603
10.4666
10.472
10.4786
10.4843
10.4897
10.4949
10.4998
10.5038
10.5096
10.5131
10.5176
10.5204
10.5229
10.5251
10.5276
10.5284
10.5302
10.533
10.5341
10.5361
10.5364
10.5369
10.5349
10.5346
10.5317
10.5297
10.5281
10.5245
10.5205
10.5174
10.5125
10.5085
10.5033
10.4983
10.4929
10.4849
10.4771
10.4696
10.4602
10.4524
10.445
10.4357
10.4252
10.4143
10.4031
10.3921
10.3794
10.367
10.3542
10.3418
10.3291
10.316
10.3034
10.2884
10.2745
10.2597
10.2454
10.2308
10.2175
10.2019
10.1883
10.1724
10.1577
10.1423
10.1261
10.1077
10.0921
10.0779
10.0616
10.0466
10.0303
10.014
9.99848
9.98443
9.96836
9.95308
9.93934
9.92431
9.90872
9.89329
9.88086
9.86649
9.85232
9.83837
9.82463
9.81113
9.79788
9.78489
9.77216
9.76113
9.74826
9.73569
9.72484
9.71361
9.70269
9.69212
9.68259
9.67129
9.66247
9.65118
9.64097
9.63326
9.62522
9.61687
9.61032
9.60348
9.59704
9.59243
9.58682
9.58163
9.57758
9.57255
9.56795
9.56519
9.56288
9.55889
9.55675
9.55646
9.55732
9.55438
9.55189
9.55407
9.55458
9.55554
9.55623
9.55666
9.55894
9.56096
9.56341
9.567
9.57102
9.57617
9.58244
9.58982
9.59409
9.60087
9.60663
9.61278
9.62002
9.62763
9.6363
9.64603
9.65398
9.66437
9.67156
9.68046
9.69037
9.70127
9.71103
9.72246
9.73343
9.74463
9.75746
9.76908
9.78087
9.79213
9.80494
9.81717
9.82952
9.84197
9.85519
9.86705
9.88036
9.89439
9.907
9.91958
9.93283
9.94459
9.95767
9.97063
9.98488
9.99615
10.0087
10.0203
10.0331
10.0442
10.0558
10.0657
10.076
10.0861
10.0957
10.1058
10.1141
10.1219
10.1301
10.1379
10.1453
10.1515
10.1559
10.162
10.1676
10.1741
10.1787
10.1836
10.1866
10.1898
10.1925
10.194
10.1944
10.1942
10.1964
10.1967
10.1979
10.1973
10.1962
10.1954
10.1934
10.1896
10.1861
10.1829
10.1785
10.1746
10.1702
10.1655
10.1598
10.1544
10.1494
10.1435
10.1366
10.1294
10.1241
10.1157
10.1093
10.1012
10.093
10.0846
10.0775
10.0688
10.06
10.0519
10.0436
10.0352
10.0275
10.0198
10.0113
10.0021
9.995
9.98648
9.98008
9.97018
9.96242
9.95328
9.94631
9.93938
9.93111
9.9229
9.91336
9.90531
9.89875
9.89087
9.88238
9.87398
9.86639
9.8596
9.85291
9.84562
9.83773
9.82993
9.82224
9.81465
9.80857
9.80258
9.79529
9.78808
9.78168
9.77536
9.77054
9.76439
9.7569
9.7516
9.74566
9.73908
9.73254
9.72887
9.72242
9.7153
9.7075
9.70254
9.69619
9.68985
9.68422
9.67999
9.67433
9.66795
9.66224
9.65649
9.65281
9.64695
9.64033
9.63363
9.62827
9.62352
9.61726
9.61019
9.60372
9.59714
9.59044
9.58149
9.57593
9.56882
9.56156
9.55416
9.5466
9.5396
9.53172
9.52369
9.5148
9.50715
9.49793
9.49066
9.48183
9.47213
9.45945
9.45156
9.44283
9.43396
9.42425
9.41231
9.40167
9.39304
9.38291
9.3727
9.36172
9.3521
9.34243
9.33133
9.32162
9.31192
9.30082
9.29117
9.28086
9.27062
9.26046
9.25182
9.24188
9.23137
9.22171
9.21081
9.20221
9.19311
9.18493
9.17627
9.16575
9.15902
9.15045
9.14359
9.13491
9.12868
9.11994
9.11297
9.10635
9.10221
9.09916
9.09366
9.09067
9.08526
9.08166
9.07706
9.07429
9.07123
9.06931
9.06782
9.06746
9.06543
9.06523
9.06618
9.06686
9.06797
9.06951
9.07149
9.07319
9.07601
9.07926
9.08362
9.08981
9.09498
9.09985
9.10369
9.10933
9.11392
9.11959
9.12631
9.13338
9.14009
9.14642
9.15377
9.16284
9.17292
9.18116
9.19108
9.20126
9.21169
9.22306
9.23254
9.24222
9.25068
9.26215
9.27308
9.28416
9.29608
9.30954
9.32169
9.33322
9.34412
9.35791
9.3689
9.38063
9.39025
9.40197
9.41438
9.42604
9.43835
9.44917
9.46131
9.47404
9.48524
9.49487
9.50647
9.51719
9.52841
9.53661
9.54671
9.55516
9.56335
9.57199
9.58177
9.59127
9.59977
9.60726
9.61584
9.6234
9.63133
9.63891
9.64545
9.65093
9.65606
9.66224
9.66876
9.67563
9.67931
9.68334
9.68842
9.69385
9.69751
9.70224
9.70451
9.70785
9.70946
9.71145
9.71243
9.71311
9.71279
9.7129
9.71204
9.71234
9.71239
9.71081
9.70971
9.70771
9.70552
9.70457
9.70275
9.70077
9.69796
9.69573
9.6934
9.69238
9.68633
9.68304
9.67968
9.67488
9.67215
9.6694
9.66522
9.66174
9.65968
9.65481
9.65208
9.65008
9.64812
9.64479
9.64291
9.64037
9.63719
9.63405
9.6331
9.6315
9.63066
9.62706
9.62423
9.62217
9.62088
9.61683
9.61496
9.61244
9.61139
9.60969
9.60804
9.60785
9.60629
9.60408
9.6019
9.59975
9.59905
9.59697
9.5949
9.59356
9.59294
9.59091
9.59031
9.58829
9.58838
9.58776
9.58572
9.58507
9.58441
9.5816
9.58089
9.57874
9.57869
9.57719
9.57496
9.57199
9.57111
9.5702
9.56856
9.56619
9.56521
9.56491
9.56317
9.56142
9.56037
9.5586
9.55684
9.5558
9.55336
9.55235
9.54996
9.54762
9.54391
9.54237
9.53949
9.5388
9.53821
9.537
9.53519
9.53422
9.53195
9.53195
9.53139
9.53099
9.53006
9.53002
9.52875
9.53122
9.53177
9.53254
9.53354
9.53477
9.53625
9.53726
9.53994
9.54428
9.54747
9.54881
9.55182
9.5551
9.55865
9.56247
9.56516
9.57093
9.57627
9.58118
9.58423
9.58965
9.59463
9.59916
9.60605
9.61247
9.61984
9.62602
9.63312
9.64185
9.64938
9.65851
9.66712
9.67521
9.68346
9.69187
9.70042
9.70841
9.71863
9.72897
9.7387
9.74852
9.757
9.76625
9.77696
9.7856
9.79356
9.80295
9.81445
9.82383
9.83389
9.84392
9.85178
9.86099
9.87224
9.88058
9.88882
9.89766
9.90425
9.91353
9.92196
9.92952
9.93761
9.94341
9.95113
9.95864
9.96664
9.97372
9.97985
9.98574
9.99209
9.99817
10.004
10.0088
10.0176
10.0211
10.0258
10.0301
10.0327
10.0357
10.0391
10.0428
10.0456
10.0486
10.05
10.0524
10.053
10.0526
10.0525
10.0528
10.0528
10.0538
10.0531
10.0527
10.0505
10.0481
10.0467
10.0436
10.0408
10.0378
10.0358
10.0314
10.0274
10.0246
10.0201
10.0146
10.0102
10.0056
10.0001
9.99437
9.98913
9.98298
9.97737
9.97088
9.96424
9.95675
9.94914
9.94213
9.93573
9.92784
9.9213
9.914
9.90667
9.89862
9.89127
9.88392
9.87731
9.87074
9.86422
9.85706
9.85211
9.84371
9.83753
9.83076
9.82411
9.81902
9.81196
9.80576
9.79973
9.79388
9.7875
9.7813
9.7753
9.76949
9.76248
9.75637
9.75117
9.74971
9.74564
9.74319
9.73883
9.7361
9.73146
9.72773
9.72351
9.72231
9.7206
9.71838
9.71564
9.7145
9.71283
9.71133
9.70929
9.70811
9.70638
9.70479
9.70474
9.70481
9.70359
9.70458
9.70497
9.70473
9.70527
9.70517
9.70442
9.70511
9.70442
9.70446
9.7045
9.70453
9.70525
9.70523
9.70587
9.70504
9.70344
9.70246
9.7021
9.70233
9.70386
9.70385
9.70228
9.70056
9.69937
9.69872
9.69716
9.6947
9.69274
9.69055
9.68814
9.68549
9.68188
9.67943
9.67531
9.67232
9.66906
9.66692
9.66096
9.654
9.64885
9.64412
9.63979
9.63445
9.62811
9.62217
9.61594
9.60871
9.60048
9.59126
9.58318
9.57412
9.56479
9.55733
9.5468
9.53885
9.52998
9.5209
9.51445
9.50358
9.49255
9.48349
9.47218
9.46075
9.44993
9.43763
9.42809
9.4164
9.40681
9.39439
9.38413
9.37249
9.36305
9.35157
9.34092
9.33039
9.31932
9.31054
9.30055
9.29149
9.28267
9.27341
9.26373
9.25648
9.24885
9.24087
9.23114
9.22463
9.21782
9.21073
9.20551
9.20004
9.19576
9.19127
9.18729
9.18384
9.18023
9.17717
9.17397
9.17346
9.17424
9.17632
9.17618
9.17665
9.17703
9.17944
9.17894
9.18118
9.18546
9.19037
9.1952
9.20066
9.20815
9.21625
9.22497
9.23498
9.24558
9.25606
9.26639
9.27727
9.28939
9.30204
9.31306
9.32668
9.34006
9.35458
9.36598
9.38129
9.39415
9.41016
9.42578
9.43955
9.45568
9.47204
9.48999
9.50739
9.52421
9.54113
9.5581
9.57369
9.59069
9.60764
9.62453
9.64061
9.65727
9.67376
9.68936
9.70756
9.7241
9.73896
9.75493
9.76845
9.78304
9.79584
9.80755
9.82097
9.83326
9.84935
9.86145
9.87097
9.88143
9.89352
9.90371
9.91411
9.92542
9.93412
9.94232
9.95143
9.95722
9.96393
9.97086
9.97802
9.98259
9.98881
9.99176
9.99426
9.99774
10.0015
10.0042
10.0065
10.0084
10.0107
10.0119
10.0121
10.0128
10.0131
10.0125
10.0131
10.012
10.0114
10.0114
10.0118
10.0108
10.0103
10.0075
10.0068
10.006
10.003
10.0014
10.0004
9.99868
9.99625
9.99452
9.99209
9.98967
9.98656
9.98488
9.98324
9.98164
9.98006
9.97782
9.97704
9.9763
9.97418
9.97281
9.97148
9.97229
9.9703
9.96834
9.9685
9.96725
9.96388
9.96261
9.96062
9.95717
9.95722
9.95721
9.95502
9.95346
9.95322
9.95148
9.94892
9.94625
9.94415
9.94192
9.93955
9.93561
9.93292
9.93076
9.92631
9.92238
9.91897
9.91607
9.91085
9.90685
9.90334
9.89962
9.89639
9.89224
9.88859
9.88332
9.87784
9.87426
9.86978
9.86439
9.85739
9.85091
9.84423
9.83667
9.82822
9.82102
9.81294
9.80542
9.79846
9.78924
9.7813
9.77253
9.76435
9.75607
9.74911
9.74134
9.73209
9.72347
9.7148
9.70607
9.6966
9.68781
9.67971
9.67019
9.66208
9.65399
9.64592
9.6386
9.6292
9.62057
9.61058
9.60208
9.59296
9.58323
9.57431
9.56409
9.5554
9.54684
9.54125
9.53369
9.527
9.51977
9.512
9.50442
9.49843
9.49264
9.48564
9.47954
9.47366
9.46729
9.46185
9.45805
9.45305
9.44758
9.44305
9.43877
9.43542
9.43091
9.42734
9.42613
9.42234
9.42019
9.41617
9.41381
9.40956
9.40766
9.40669
9.40524
9.40543
9.4023
9.40222
9.40234
9.40055
9.40108
9.4011
9.4006
9.40099
9.40226
9.40227
9.40244
9.40347
9.40464
9.40806
9.40878
9.41032
9.41198
9.41303
9.4156
9.41824
9.42026
9.42376
9.4259
9.4281
9.43034
9.43332
9.43632
9.44005
9.44307
9.4454
9.44701
9.44932
9.4509
9.45387
9.4561
9.45686
9.4597
9.46036
9.46378
9.46643
9.4676
9.47081
9.47112
9.47205
9.4736
9.47505
9.47571
9.47698
9.47603
9.47711
9.47879
9.47966
9.48044
9.4804
9.48097
9.48214
9.4825
9.48276
9.48221
9.48155
9.4815
9.48205
9.48109
9.48144
9.48028
9.47973
9.47908
9.47975
9.47609
9.47446
9.47415
9.47305
9.47116
9.46918
9.46783
9.4671
9.46629
9.4647
9.46303
9.46341
9.4616
9.45972
9.45777
9.45788
9.4551
9.45297
9.45148
9.44852
9.44552
9.44316
9.44005
9.43619
9.43369
9.42974
9.42717
9.42456
9.42052
9.41786
9.41518
9.41248
9.40978
9.40777
9.40576
9.40235
9.39896
9.39558
9.39365
9.39105
9.3892
9.38599
9.38214
9.37978
9.3782
9.37531
9.37322
9.37126
9.36871
9.367
9.36403
9.36263
9.36069
9.35894
9.3595
9.35956
9.35772
9.35611
9.35473
9.35643
9.35698
9.35921
9.3603
9.3624
9.36408
9.36466
9.36626
9.3696
9.37185
9.37514
9.37876
9.38274
9.38847
9.39314
9.39818
9.40286
9.40861
9.41473
9.42191
9.42945
9.43734
9.44488
9.45278
9.46244
9.47103
9.47995
9.4878
9.4995
9.51011
9.51962
9.53013
9.54094
9.55344
9.5641
9.57642
9.58618
9.59616
9.60567
9.6182
9.63093
9.64315
9.65623
9.67019
9.68358
9.6971
9.71143
9.72515
9.74107
9.75634
9.77166
9.78418
9.79813
9.81138
9.82602
9.84062
9.85446
9.86753
9.88121
9.89479
9.90896
9.923
9.93688
9.9513
9.96413
9.97605
9.98846
10.0014
10.0133
10.0264
10.0385
10.0475
10.0583
10.0681
10.0776
10.0874
10.0976
10.1067
10.1154
10.1238
10.1324
10.1393
10.1464
10.1538
10.1601
10.1659
10.1713
10.1763
10.1814
10.1861
10.1911
10.1956
10.1995
10.2016
10.2039
10.205
10.2057
10.2051
10.2054
10.2039
10.2025
10.2007
10.1997
10.1976
10.1943
10.1891
10.1856
10.1816
10.1764
10.1715
10.1662
10.1604
10.1535
10.1476
10.1385
10.1297
10.1212
10.1131
10.1019
10.0931
10.0834
10.0747
10.0644
10.0538
10.0423
10.0313
10.0201
10.0095
9.99795
9.987
9.97524
9.96339
9.95148
9.93881
9.92683
9.91413
9.90285
9.89019
9.879
9.86717
9.85401
9.84097
9.83086
9.81948
9.80684
9.79507
9.78349
9.77421
9.76444
9.75419
9.74557
9.73578
9.72483
9.71413
9.70509
9.69632
9.68853
9.68101
9.67446
9.66678
9.66008
9.65223
9.64537
9.63877
9.63173
9.62566
9.62054
9.61638
9.61034
9.60524
9.60037
9.59714
9.59412
9.59059
9.58656
9.58272
9.57907
9.57418
9.57087
9.567
9.56399
9.56113
9.55769
9.55509
9.55261
9.54954
9.54728
9.54725
9.5459
9.54394
9.54066
9.53889
9.53649
9.53487
9.53263
9.53047
9.52838
9.52777
9.52441
9.52464
9.52354
9.52179
9.52153
9.52063
9.51839
9.51693
9.51623
9.51559
9.51432
9.51241
9.51198
9.51162
9.50991
9.51039
9.51164
9.51224
9.51149
9.5108
9.51017
9.511
9.51119
9.51143
9.51173
9.51348
9.51174
9.51075
9.5105
9.51028
9.5101
9.50995
9.51124
9.51185
9.51248
9.51314
9.51381
9.5152
9.51518
9.51589
9.51519
9.51521
9.51595
9.51669
9.51885
9.51961
9.51825
9.51903
9.51981
9.5206
9.51999
9.52081
9.52236
9.52463
9.52694
9.52858
9.53097
9.53199
9.53236
9.53421
9.53542
9.53601
9.5388
9.54027
9.54326
9.54637
9.5496
9.55155
9.55294
9.55378
9.5555
9.5581
9.56089
9.566
9.5685
9.57193
9.57631
9.58093
9.5844
9.58744
9.59218
9.59649
9.60182
9.60888
9.61343
9.61972
9.62635
9.63263
9.63926
9.64555
9.65361
9.66416
9.67296
9.68567
9.69523
9.70445
9.71477
9.72546
9.73723
9.74938
9.76119
9.77337
9.78802
9.80018
9.8134
9.82694
9.8401
9.85496
9.86871
9.88343
9.89912
9.91435
9.93121
9.94686
9.96128
9.97656
9.99339
10.0082
10.0245
10.0416
10.0588
10.0759
10.093
10.1094
10.1229
10.1391
10.1545
10.1704
10.1855
10.2003
10.2149
10.2314
10.2455
10.2599
10.2748
10.2885
10.3019
10.3163
10.3289
10.341
10.3526
10.3645
10.3759
10.3861
10.3958
10.4049
10.4121
10.4201
10.4276
10.4339
10.4403
10.4468
10.4521
10.4575
10.4631
10.4667
10.469
10.4716
10.4743
10.4757
10.4767
10.4779
10.4807
10.4809
10.4814
10.4785
10.4781
10.4758
10.4724
10.4693
10.4659
10.4613
10.4571
10.4512
10.447
10.4419
10.4371
10.432
10.426
10.4176
10.4117
10.4049
10.3979
10.3885
10.3803
10.3726
10.3661
10.358
10.3505
10.3413
10.3327
10.3246
10.3142
10.3051
10.2945
10.2857
10.2776
10.2693
10.2594
10.2501
10.2407
10.2304
10.2206
10.2093
10.1986
10.187
10.176
10.1655
10.1528
10.1407
10.1283
10.1152
10.1033
10.0926
10.0804
10.0667
10.0535
10.0401
10.0287
10.0158
10.0012
9.98869
9.9753
9.96106
9.94809
9.93358
9.91964
9.90415
9.89066
9.87634
9.86261
9.84735
9.832
9.81725
9.80241
9.78749
9.7718
9.75745
9.74234
9.72648
9.70988
9.69465
9.68011
9.66274
9.6475
9.63156
9.61706
9.60119
9.58678
9.57172
9.55531
9.54251
9.52768
9.51295
9.49833
9.48454
9.47018
9.45525
9.44118
9.42728
9.41212
9.39856
9.38588
9.37057
9.35829
9.3455
9.33222
9.31987
9.30774
9.29443
9.28134
9.27131
9.26011
9.24916
9.23986
9.23011
9.2206
9.21206
9.20235
9.19361
9.183
9.17265
9.16325
9.15481
9.14733
9.13869
9.13171
9.12569
9.1185
9.10943
9.10272
9.09696
9.08932
9.08121
9.07545
9.06922
9.06463
9.05956
9.05612
9.05008
9.04497
9.04218
9.03819
9.03441
9.02943
9.02607
9.02292
9.02068
9.01795
9.01542
9.01521
9.01167
9.00976
9.00804
9.00654
9.00523
9.00343
9.00325
9.00257
9.0021
9.00184
9.0018
9.00339
9.00379
9.00512
9.00738
9.00634
9.00624
9.0092
9.01099
9.01303
9.01533
9.01717
9.01999
9.02378
9.02855
9.03501
9.03964
9.04386
9.04766
9.05318
9.0583
9.06303
9.07019
9.07555
9.08125
9.08869
9.09505
9.10176
9.11022
9.11621
9.12466
9.13347
9.14121
9.15143
9.16201
9.17224
9.18354
9.1966
9.20932
9.22097
9.23298
9.24605
9.25875
9.26967
9.28375
9.29675
9.30936
9.3244
9.33692
9.35256
9.36707
9.38397
9.40042
9.41641
9.43405
9.45049
9.46643
9.48326
9.50027
9.51884
9.53614
9.55145
9.56967
9.58657
9.60424
9.62124
9.63827
9.65671
9.67372
9.69139
9.71042
9.72795
9.74609
9.76268
9.77913
9.7954
9.8136
9.83017
9.8465
9.86116
9.87696
9.89246
9.90694
9.92108
9.93628
9.9497
9.96555
9.97675
9.99035
10.0021
10.0155
10.0278
10.0374
10.0472
10.0573
10.0668
10.0772
10.0871
10.095
10.1031
10.1106
10.1175
10.1224
10.1275
10.1327
10.1359
10.1392
10.1426
10.1447
10.1455
10.1465
10.1468
10.1445
10.1443
10.1429
10.1409
10.1398
10.1359
10.1315
10.1272
10.1217
10.1156
10.1097
10.1033
10.0964
10.0897
10.0832
10.074
10.0651
10.0572
10.0481
10.0379
10.0273
10.0155
10.0034
9.99154
9.97936
9.96683
9.95539
9.94221
9.92803
9.91428
9.89954
9.88385
9.86934
9.85531
9.83966
9.82595
9.81206
9.79802
9.78243
9.76741
9.75018
9.73285
9.71615
9.6994
9.6826
9.66649
9.64825
9.63001
9.61532
9.59855
9.58183
9.56446
9.5493
9.53211
9.51573
9.50089
9.48618
9.47091
9.45721
9.44156
9.4268
9.41223
9.39788
9.38374
9.37124
9.35756
9.34484
9.33167
9.31735
9.30472
9.29309
9.28174
9.26858
9.25643
9.24461
9.23594
9.22477
9.21465
9.20559
9.19618
9.18713
9.17987
9.17015
9.16082
9.15399
9.14544
9.1394
9.13306
9.12783
9.12443
9.11862
9.11465
9.11039
9.10586
9.10034
9.09667
9.09344
9.09065
9.09112
9.09062
9.08914
9.09023
9.09034
9.09089
9.09117
9.0926
9.09516
9.09886
9.10157
9.10399
9.10965
9.1136
9.11725
9.12199
9.12712
9.13192
9.13921
9.14473
9.15343
9.15892
9.16545
9.17299
9.18225
9.18967
9.19877
9.20673
9.21564
9.22548
9.23414
9.2437
9.25275
9.26197
9.27206
9.283
9.29407
9.30736
9.31793
9.32789
9.33792
9.34659
9.35743
9.36831
9.37922
9.39013
9.40105
9.41336
9.42353
9.43367
9.44448
9.45594
9.46664
9.47728
9.48785
9.49975
9.51229
9.52332
9.53427
9.54441
9.55164
9.56159
9.57074
9.58049
9.59155
9.60039
9.60984
9.61919
9.62985
9.63758
9.64663
9.65628
9.66442
9.67388
9.68324
9.6911
9.69958
9.70514
9.71414
9.72306
9.73117
9.73921
9.74786
9.75572
9.76279
9.76978
9.77738
9.7842
9.79093
9.79617
9.80272
9.80849
9.81557
9.82327
9.82947
9.83486
9.84015
9.84887
9.85748
9.86457
9.87084
9.87841
9.88515
9.89107
9.89615
9.9011
9.90733
9.912
9.91724
9.92303
9.92797
9.93275
9.93666
9.94111
9.94539
9.94879
9.952
9.95503
9.95787
9.96123
9.96367
9.96662
9.96865
9.97047
9.97278
9.97487
9.97673
9.97908
9.97907
9.97954
9.97977
9.97835
9.9774
9.97972
9.97969
9.9794
9.98029
9.97881
9.97921
9.97794
9.97714
9.97751
9.97692
9.97398
9.9708
9.96879
9.96656
9.96339
9.9593
9.95499
9.95259
9.94786
9.94433
9.93991
9.93459
9.93051
9.92625
9.92042
9.91513
9.90899
9.9027
9.89699
9.89186
9.88521
9.87916
9.87301
9.86819
9.86188
9.85621
9.84907
9.8426
9.83609
9.82954
9.82228
9.8143
9.80914
9.80328
9.79673
9.7902
9.78441
9.77867
9.77156
9.76662
9.76104
9.75412
9.74868
9.7412
9.73663
9.73145
9.72565
9.72066
9.71578
9.7117
9.70704
9.70319
9.69806
9.69375
9.68745
9.68268
9.67663
9.67283
9.66844
9.6656
9.66147
9.65747
9.65359
9.64984
9.64551
9.64129
9.63791
9.63534
9.63429
9.63124
9.62829
9.62545
9.62129
9.61722
9.61606
9.61358
9.61047
9.60814
9.60658
9.60437
9.60293
9.60084
9.59738
9.59466
9.59198
9.58932
9.58739
9.58477
9.58358
9.58169
9.57909
9.5772
9.57601
9.57269
9.57147
9.56952
9.56542
9.56341
9.56137
9.55787
9.55646
9.5543
9.5521
9.55056
9.54614
9.5445
9.5421
9.54037
9.53788
9.53535
9.53277
9.53015
9.52749
9.52548
9.52203
9.51854
9.51501
9.51216
9.50857
9.50495
9.50202
9.49837
9.49541
9.49244
9.48946
9.48719
9.48562
9.48336
9.48111
9.47747
9.47456
9.47168
9.46601
9.4632
9.45973
9.45702
9.45224
9.44964
9.44711
9.44393
9.44225
9.43994
9.43702
9.43631
9.43357
9.43236
9.42984
9.42885
9.42656
9.42439
9.42376
9.42397
9.42149
9.41986
9.41696
9.41916
9.41799
9.41979
9.42036
9.41968
9.42199
9.42378
9.42292
9.42366
9.42459
9.42431
9.42634
9.42857
9.43029
9.43152
9.43155
9.43391
9.4379
9.44
9.44302
9.44768
9.44975
9.45275
9.45669
9.46016
9.46527
9.47132
9.4762
9.48202
9.48737
9.49436
9.50089
9.50623
9.51251
9.51973
9.52717
9.53342
9.54059
9.54797
9.55485
9.56193
9.57061
9.57948
9.58782
9.59703
9.60641
9.61382
9.62489
9.63327
9.64317
9.65176
9.66257
9.67204
9.68299
9.69188
9.70222
9.71258
9.72365
9.73402
9.74224
9.75114
9.76211
9.77089
9.7803
9.78962
9.79953
9.80862
9.81757
9.82779
9.83644
9.8442
9.85178
9.85846
9.86563
9.8733
9.88073
9.88723
9.89348
9.90231
9.90875
9.91494
9.92156
9.92863
9.93542
9.93981
9.94464
9.94779
9.94925
9.95397
9.95843
9.96122
9.96446
9.96816
9.9702
9.972
9.97498
9.97775
9.97959
9.98264
9.98409
9.98536
9.98715
9.98949
9.99026
9.9916
9.9914
9.99107
9.99134
9.99222
9.99161
9.99163
9.99229
9.99219
9.99276
9.99258
9.99098
9.99148
9.99057
9.99037
9.99089
9.99143
9.9906
9.99051
9.98977
9.98979
9.98847
9.99004
9.99028
9.99062
9.99034
9.99157
9.99292
9.99367
9.99453
9.99693
9.99804
9.99999
10.0014
10.0022
10.0053
10.0071
10.0077
10.0091
10.0114
10.0138
10.0171
10.0199
10.0228
10.028
10.0313
10.034
10.0376
10.0407
10.046
10.0501
10.0537
10.0581
10.0613
10.0653
10.0695
10.0739
10.0798
10.0859
10.0906
10.097
10.1048
10.11
10.1167
10.1221
10.1283
10.1338
10.1402
10.146
10.1518
10.1576
10.1657
10.1723
10.1797
10.1872
10.1953
10.202
10.2087
10.2139
10.2205
10.227
10.2342
10.242
10.249
10.2559
10.2613
10.2672
10.273
10.2779
10.2841
10.29
10.2965
10.3006
10.3066
10.3109
10.3157
10.3202
10.3222
10.324
10.3269
10.3287
10.3308
10.3326
10.3348
10.3365
10.3378
10.3366
10.3364
10.3379
10.3368
10.3359
10.3339
10.3313
10.3283
10.324
10.3186
10.3126
10.3082
10.3004
10.2935
10.2867
10.2773
10.2709
10.2624
10.252
10.2432
10.233
10.2224
10.2097
10.1972
10.1855
10.1733
10.1606
10.1458
10.1313
10.1162
10.1
10.0839
10.0666
10.0488
10.0306
10.0119
9.99202
9.97315
9.95246
9.93418
9.91411
9.89297
9.87218
9.84965
9.82821
9.80649
9.7866
9.76575
9.74324
9.71981
9.69689
9.67308
9.64769
9.625
9.60147
9.57714
9.55203
9.52757
9.50448
9.48138
9.45828
9.43309
9.40935
9.38569
9.3614
9.33723
9.31318
9.2907
9.26838
9.24484
9.22292
9.20194
9.18052
9.15866
9.13851
9.11726
9.09706
9.07651
9.05633
9.03585
9.0172
8.99899
8.97983
8.96043
8.94365
8.92738
8.91306
8.89716
8.88113
8.86639
8.85084
8.83591
8.82231
8.80865
8.79565
8.78545
8.77311
8.76429
8.75478
8.74669
8.74005
8.73203
8.72616
8.72177
8.71672
8.71314
8.71104
8.70829
8.70914
8.70935
8.71033
8.71279
8.71389
8.71645
8.71977
8.72243
8.72652
8.73276
8.7383
8.74525
8.7529
8.76192
8.77021
8.78125
8.79153
8.80171
8.8139
8.82596
8.83859
8.85246
8.86686
8.88174
8.89711
8.91292
8.92917
8.94511
8.96144
8.97741
8.99583
9.01385
9.03003
9.0507
9.06878
9.08706
9.10482
9.12344
9.14219
9.16176
9.1807
9.20042
9.22016
9.23993
9.25969
9.28012
9.29839
9.3173
9.33611
9.35552
9.3741
9.39253
9.40869
9.42679
9.4447
9.46241
9.48131
9.49857
9.51559
9.53235
9.54956
9.56721
9.58316
9.59883
9.61422
9.63002
9.64411
9.6586
9.67279
9.68456
9.69742
9.71139
9.72506
9.73842
9.75076
9.75998
9.77101
9.78315
9.79429
9.80514
9.81569
9.82596
9.83666
9.84708
9.85651
9.86568
9.87529
9.88604
9.89371
9.90184
9.91112
9.91734
9.92472
9.93186
9.93877
9.94614
9.95188
9.96021
9.96691
9.97269
9.97825
9.98359
9.98872
9.99294
9.99695
10.0022
10.0065
10.0099
10.0131
10.0168
10.0203
10.0229
10.0267
10.031
10.033
10.0356
10.0379
10.0401
10.0421
10.0432
10.0434
10.0448
10.0454
10.0465
10.0468
10.0476
10.0468
10.0473
10.0484
10.0493
10.05
10.0499
10.049
10.0487
10.049
10.047
10.047
10.0462
10.0454
10.043
10.0426
10.0401
10.0389
10.0383
10.0369
10.0362
10.0362
10.0347
10.0366
10.0343
10.0326
10.0316
10.0292
10.026
10.0242
10.0224
10.0212
10.0186
10.0153
10.0127
10.0115
10.0095
10.0082
10.0055
10.0021
10.0008
9.99872
9.99662
9.99519
9.99162
9.988
9.98364
9.97994
9.97759
9.97519
9.97272
9.97019
9.96689
9.96422
9.96076
9.95863
9.95571
9.95339
9.95027
9.94705
9.94653
9.94236
9.93808
9.93437
9.92982
9.92443
9.92032
9.91606
9.91166
9.90853
9.90524
9.89898
9.89397
9.88882
9.88351
9.87734
9.87244
9.86526
9.86006
9.85541
9.84921
9.84217
9.83357
9.82767
9.82165
9.81551
9.80855
9.80078
9.79291
9.78637
9.77903
9.77163
9.76557
9.75734
9.74977
9.74076
9.73242
9.72478
9.71854
9.71019
9.70255
9.69494
9.68807
9.68053
9.67304
9.66491
9.65826
9.65169
9.64379
9.6374
9.63041
9.62354
9.61607
9.60803
9.60153
9.59518
9.58826
9.58361
9.5784
9.57124
9.56494
9.55952
9.55285
9.54635
9.54214
9.53811
9.53285
9.52705
9.52215
9.51742
9.51358
9.51063
9.50784
9.50382
9.50139
9.49914
9.49635
9.49373
9.4941
9.49252
9.48968
9.48701
9.4859
9.48354
9.48133
9.47855
9.47804
9.47766
9.47531
9.47379
9.47241
9.47327
9.47355
9.47466
9.47377
9.47158
9.47023
9.47181
9.47139
9.47038
9.47019
9.47082
9.47158
9.47174
9.47273
9.47453
9.47646
9.47921
9.48208
9.48225
9.48324
9.48507
9.48633
9.48771
9.48992
9.49297
9.49544
9.50086
9.50359
9.50786
9.51084
9.51466
9.52002
9.52337
9.52756
9.53116
9.53557
9.53938
9.5433
9.54731
9.55141
9.55559
9.56056
9.56419
9.56505
9.5695
9.57398
9.5771
9.58095
9.58269
9.58727
9.59255
9.5964
9.60165
9.60616
9.61134
9.61576
9.62013
9.62373
9.62796
9.63422
9.63828
9.64154
9.6454
9.64915
9.65349
9.65631
9.659
9.66298
9.66683
9.66914
9.67131
9.67477
9.67739
9.67917
9.68011
9.68516
9.68796
9.69062
9.69176
9.69348
9.69297
9.69306
9.69586
9.69644
9.69835
9.70087
9.70049
9.70144
9.70374
9.70456
9.70462
9.70533
9.7067
9.70733
9.7058
9.70706
9.7076
9.70952
9.71284
9.71333
9.71522
9.71639
9.71827
9.71804
9.71781
9.71688
9.71809
9.71789
9.7177
9.71894
9.71948
9.71722
9.71709
9.71838
9.71969
9.71961
9.72166
9.72161
9.72228
9.72297
9.72297
9.72299
9.72585
9.7266
9.72878
9.72955
9.73035
9.73258
9.73201
9.73075
9.73163
9.73324
9.73418
9.73585
9.73685
9.73859
9.73966
9.74078
9.74123
9.74243
9.74439
9.74498
9.74422
9.74634
9.74359
9.74583
9.74816
9.74986
9.75164
9.75562
9.75758
9.76105
9.7625
9.76475
9.76711
9.77029
9.77076
9.77204
9.77486
9.7778
9.78086
9.78547
9.7888
9.79437
9.79796
9.80238
9.80624
9.80954
9.81367
9.81653
9.82094
9.8255
9.82948
9.83431
9.83997
9.84507
9.84889
9.85425
9.85904
9.86467
9.87043
9.87632
9.88234
9.88636
9.89191
9.899
9.90408
9.90999
9.91671
9.92354
9.93049
9.93894
9.94608
9.95191
9.95994
9.96594
9.97627
9.98666
9.9936
10.0013
10.0119
10.0212
10.0298
10.0391
10.0464
10.0544
10.0617
10.0704
10.0785
10.0873
10.0939
10.1027
10.1121
10.12
10.1272
10.1351
10.1443
10.1513
10.1589
10.1656
10.173
10.1802
10.1872
10.1941
10.2008
10.2081
10.2136
10.2197
10.2255
10.2317
10.2384
10.2426
10.248
10.253
10.2569
10.2612
10.2644
10.2672
10.2689
10.2708
10.273
10.272
10.2725
10.2733
10.2729
10.2719
10.2711
10.2691
10.2687
10.2649
10.2598
10.2555
10.2507
10.2445
10.2392
10.2333
10.2268
10.219
10.2099
10.2009
10.1906
10.1812
10.169
10.157
10.145
10.1319
10.1188
10.1053
10.0926
10.0773
10.0636
10.048
10.0319
10.0161
9.9992
9.98257
9.96554
9.94673
9.92617
9.9081
9.88903
9.86968
9.84938
9.82814
9.80812
9.78792
9.76617
9.74501
9.72445
9.70454
9.6846
9.66535
9.6454
9.62551
9.60639
9.58384
9.56211
9.54125
9.52057
9.50079
9.47983
9.46124
9.44081
9.4221
9.40371
9.38568
9.36872
9.35075
9.33391
9.31609
9.29943
9.28466
9.26968
9.2545
9.23986
9.22576
9.21363
9.20138
9.19041
9.17864
9.16888
9.15975
9.15055
9.14269
9.13335
9.12467
9.11947
9.11281
9.1061
9.10148
9.09752
9.09353
9.0909
9.08965
9.08836
9.08772
9.08913
9.08908
9.09178
9.0944
9.09764
9.10149
9.10522
9.10953
9.11442
9.12056
9.12441
9.13089
9.13929
9.14677
9.154
9.16238
9.17119
9.1811
9.19068
9.19921
9.2116
9.22217
9.23162
9.24202
9.25407
9.26702
9.27944
9.29202
9.30542
9.31821
9.32965
9.34042
9.35333
9.3648
9.37765
9.38832
9.40031
9.41218
9.4232
9.43477
9.44685
9.45802
9.46967
9.47965
9.49148
9.50091
9.51144
9.52093
9.5308
9.53961
9.54806
9.55684
9.56382
9.57041
9.57872
9.58591
9.59128
9.59552
9.60076
9.60629
9.61141
9.61611
9.6204
9.62358
9.62636
9.62947
9.63148
9.63524
9.63652
9.63817
9.63665
9.63623
9.6355
9.63518
9.6346
9.63447
9.63198
9.63068
9.62919
9.62751
9.62425
9.62226
9.61944
9.61652
9.61493
9.61186
9.60663
9.60419
9.60174
9.60001
9.59829
9.59592
9.59361
9.59137
9.58923
9.58579
9.58459
9.5821
9.57977
9.57829
9.577
9.57517
9.57284
9.57211
9.57159
9.57058
9.56908
9.5671
9.56745
9.56733
9.56815
9.56779
9.56979
9.57272
9.57588
9.57787
9.58079
9.58252
9.58448
9.58665
9.59045
9.59374
9.59795
9.60164
9.60481
9.60887
9.61451
9.62101
9.62343
9.62739
9.63291
9.63784
9.64148
9.64663
9.65187
9.6572
9.66189
9.66664
9.67216
9.67913
9.68402
9.68963
9.69597
9.70161
9.70796
9.71359
9.71921
9.72692
9.73177
9.7387
9.74417
9.74818
9.75426
9.75957
9.7634
9.76787
9.77298
9.77802
9.78509
9.78996
9.79475
9.80017
9.80339
9.80652
9.81098
9.81394
9.81894
9.82456
9.8294
9.83344
9.83812
9.84271
9.84723
9.85166
9.85601
9.85959
9.86449
9.86791
9.87124
9.8745
9.87697
9.88147
9.88306
9.88739
9.89304
9.89506
9.8984
9.89952
9.90407
9.90639
9.90861
9.91072
9.91271
9.91386
9.9149
9.9158
9.91727
9.9179
9.9205
9.92012
9.92101
9.92102
9.92087
9.92055
9.92147
9.92151
9.92067
9.91965
9.91634
9.91425
9.9141
9.91376
9.91324
9.91183
9.91236
9.912
9.91006
9.90794
9.90494
9.90248
9.90057
9.89849
9.89556
9.89177
9.88855
9.88519
9.8803
9.87739
9.87366
9.86912
9.86588
9.86255
9.85913
9.85492
9.84994
9.84629
9.844
9.83953
9.83501
9.82975
9.82516
9.82124
9.8166
9.81194
9.80797
9.80259
9.79791
9.79182
9.78644
9.78178
9.77644
9.77322
9.76721
9.76263
9.75807
9.75355
9.75047
9.74672
9.7437
9.7386
9.73495
9.72992
9.72704
9.72489
9.71995
9.71575
9.71088
9.70604
9.70193
9.69856
9.69452
9.68979
9.68791
9.68536
9.68141
9.6782
9.67431
9.67115
9.66801
9.66348
9.65755
9.65447
9.6514
9.64764
9.64391
9.6402
9.63651
9.63285
9.6278
9.62488
9.622
9.61772
9.61418
9.61138
9.60861
9.60588
9.60248
9.59842
9.59511
9.59114
9.58723
9.58407
9.58098
9.57723
9.57426
9.57207
9.56784
9.5651
9.56315
9.56129
9.55882
9.55715
9.55628
9.55481
9.55275
9.55009
9.54825
9.54724
9.54777
9.54702
9.54499
9.54239
9.53923
9.53832
9.53757
9.53556
9.53512
9.53554
9.53683
9.53688
9.53638
9.53818
9.53874
9.54018
9.5411
9.54009
9.54068
9.54147
9.54317
9.54508
9.5472
9.54812
9.55067
9.55205
9.55717
9.56042
9.56392
9.56695
9.57095
9.57451
9.57974
9.58312
9.5882
9.59426
9.60062
9.60657
9.61141
9.61868
9.62557
9.63348
9.64172
9.64889
9.65991
9.66845
9.67805
9.68728
9.69617
9.70681
9.71781
9.72845
9.73945
9.74938
9.76108
9.7724
9.78407
9.79748
9.8105
9.82384
9.83679
9.85073
9.86566
9.87944
9.89629
9.91056
9.92363
9.93902
9.956
9.97172
9.98687
10.0014
10.0189
10.0343
10.0504
10.0666
10.082
10.0988
10.114
10.1292
10.1456
10.1611
10.1758
10.1902
10.205
10.2188
10.233
10.2469
10.2597
10.2727
10.2861
10.2983
10.3093
10.3219
10.3333
10.3449
10.3545
10.3629
10.3714
10.38
10.3874
10.3921
10.399
10.4039
10.409
10.4135
10.4182
10.4223
10.4259
10.4282
10.4287
10.4307
10.4309
10.4314
10.4307
10.4311
10.4296
10.4279
10.425
10.4226
10.4213
10.4191
10.4145
10.4125
10.4096
10.4059
10.402
10.3994
10.3974
10.396
10.3932
10.3896
10.3852
10.3837
10.3814
10.377
10.374
10.369
10.3639
10.3617
10.3582
10.3533
10.3491
10.3456
10.3423
10.3375
10.3342
10.3303
10.3292
10.3246
10.3228
10.319
10.3166
10.3135
10.3104
10.3073
10.3041
10.3003
10.2957
10.2918
10.2892
10.2845
10.2811
10.2777
10.2741
10.2676
10.2632
10.2607
10.2574
10.254
10.2498
10.2461
10.2415
10.2368
10.2326
10.229
10.2252
10.2197
10.2141
10.2083
10.2023
10.1975
10.1904
10.1838
10.1769
10.1706
10.1634
10.1573
10.1497
10.1411
10.1337
10.1254
10.1176
10.1068
10.0979
10.0888
10.0794
10.0699
10.0602
10.0495
10.0387
10.0263
10.0165
10.0065
9.99559
9.98521
9.97394
9.96248
9.95083
9.93901
9.92699
9.9155
9.90311
9.88983
9.87566
9.86201
9.84888
9.83485
9.82134
9.80834
9.79375
9.77897
9.76541
9.75096
9.73632
9.72291
9.70719
9.69058
9.67378
9.65679
9.64174
9.6258
9.61039
9.59621
9.57973
9.56309
9.54417
9.5272
9.50938
9.49212
9.47402
9.45649
9.43742
9.42036
9.40249
9.38453
9.3679
9.34979
9.33162
9.31412
9.29729
9.27975
9.2608
9.24257
9.22509
9.20625
9.18818
9.16951
9.15095
9.13322
9.11495
9.09684
9.07893
9.06124
9.04379
9.0287
9.01319
8.99728
8.9817
8.96718
8.95233
8.93857
8.92523
8.91232
8.89986
8.88646
8.87427
8.86188
8.85072
8.83941
8.82936
8.81988
8.81241
8.80413
8.79717
8.79083
8.78371
8.77794
8.77211
8.76836
8.76597
8.76353
8.76106
8.75854
8.75599
8.75552
8.75641
8.75797
8.76159
8.76375
8.76656
8.77
8.77407
8.77947
8.78477
8.78925
8.79432
8.80067
8.80616
8.8129
8.82159
8.83008
8.83838
8.84997
8.86133
8.87385
8.88326
8.89732
8.90966
8.92166
8.93333
8.94605
8.95909
8.97315
8.98679
9.00282
9.01699
9.03211
9.04886
9.06371
9.07874
9.09537
9.11145
9.12768
9.14475
9.16053
9.17853
9.19522
9.21201
9.22957
9.2465
9.26348
9.27981
9.29759
9.3147
9.33113
9.34829
9.36546
9.38264
9.39982
9.41912
9.43629
9.45416
9.47201
9.49056
9.50696
9.52475
9.5404
9.55814
9.57584
9.59138
9.60688
9.62234
9.63916
9.65804
9.67474
9.69137
9.70794
9.7223
9.74011
9.75641
9.7726
9.78797
9.80322
9.81973
9.83539
9.85299
9.86687
9.88197
9.89614
9.91078
9.92729
9.94069
9.9545
9.96729
9.98045
9.99395
10.0042
10.0163
10.0278
10.0383
10.0482
10.057
10.0666
10.0764
10.0843
10.0923
10.0997
10.1051
10.1113
10.1176
10.1226
10.1269
10.1306
10.1329
10.136
10.1377
10.1388
10.14
10.1392
10.137
10.1363
10.1343
10.1317
10.1293
10.1256
10.1214
10.116
10.1114
10.1057
10.0996
10.0937
10.0867
10.0793
10.0709
10.0621
10.0544
10.0463
10.0366
10.0238
10.015
10.0053
9.99601
9.98446
9.97343
9.96367
9.95305
9.94372
9.93286
9.9226
9.91296
9.90255
9.89206
9.88082
9.87166
9.85892
9.84687
9.83551
9.82344
9.81278
9.80143
9.7908
9.78019
9.76819
9.75695
9.74574
9.7353
9.72351
9.71248
9.70083
9.68996
9.68129
9.6706
9.65859
9.64952
9.63702
9.62818
9.61947
9.60947
9.60033
9.59133
9.58108
9.5724
9.56389
9.55486
9.54671
9.53804
9.52958
9.52132
9.51257
9.50404
9.49502
9.48694
9.47909
9.47149
9.46415
9.45564
9.45164
9.44578
9.4409
9.43417
9.42914
9.4258
9.42064
9.41646
9.41259
9.4083
9.40503
9.40205
9.4008
9.39844
9.39638
9.39464
9.3932
9.39137
9.38984
9.38932
9.3891
9.38849
9.38958
9.39168
9.39195
9.39463
9.39689
9.39944
9.40227
9.40468
9.40665
9.40888
9.41139
9.41485
9.41787
9.42255
9.42676
9.43263
9.43803
9.44294
9.44808
9.45415
9.45901
9.46479
9.47077
9.47623
9.48189
9.48843
9.49656
9.50346
9.51051
9.51844
9.52581
9.53333
9.54171
9.5474
9.55534
9.56201
9.5695
9.57853
9.58838
9.59622
9.60489
9.61296
9.62326
9.63296
9.64135
9.65126
9.65915
9.66784
9.67591
9.68549
9.69446
9.70422
9.71478
9.72613
9.73687
9.74699
9.7572
9.7682
9.77787
9.78833
9.79817
9.80809
9.8188
9.82888
9.84116
9.8521
9.8617
9.87208
9.88324
9.89517
9.90717
9.91852
9.93064
9.9414
9.95221
9.96236
9.97185
9.9835
9.99518
10.0069
10.0193
10.0318
10.0435
10.0553
10.0678
10.0795
10.0919
10.1029
10.1139
10.1277
10.1385
10.1493
10.1615
10.1729
10.1856
10.1968
10.2079
10.2196
10.2319
10.2433
10.2539
10.2644
10.2754
10.2855
10.2947
10.3059
10.314
10.3233
10.3324
10.3406
10.3493
10.3598
10.3672
10.3758
10.3827
10.39
10.397
10.4044
10.4114
10.4175
10.4246
10.43
10.4349
10.4403
10.4445
10.4491
10.4518
10.452
10.4546
10.4575
10.4585
10.4584
10.4592
10.4595
10.4572
10.4565
10.4554
10.4537
10.4522
10.4501
10.4475
10.4437
10.44
10.4343
10.428
10.4211
10.4157
10.4091
10.4032
10.3946
10.3861
10.3763
10.3665
10.3562
10.3452
10.3329
10.32
10.3058
10.2924
10.2763
10.2603
10.2438
10.2266
10.2097
10.1915
10.1735
10.1551
10.1375
10.1188
10.0997
10.0788
10.0568
10.0351
10.0131
9.99292
9.97246
9.94963
9.92589
9.90125
9.87716
9.85506
9.83216
9.8099
9.7876
9.76388
9.74018
9.71795
9.69508
9.67232
9.6504
9.63005
9.60775
9.58637
9.56451
9.54361
9.52228
9.50124
9.48052
9.46084
9.4408
9.42113
9.40325
9.38506
9.36657
9.34779
9.33016
9.31297
9.29482
9.27924
9.26272
9.24597
9.23181
9.21744
9.20286
9.18947
9.17659
9.16421
9.15304
9.1438
9.13294
9.1233
9.11276
9.10344
9.09534
9.08777
9.0793
9.07206
9.06181
9.05562
9.04923
9.04408
9.03874
9.03393
9.02822
9.02586
9.02472
9.02269
9.02048
9.01951
9.01976
9.01983
9.02113
9.02083
9.02247
9.02463
9.02872
9.03193
9.03495
9.03849
9.04326
9.04855
9.05366
9.05928
9.06682
9.07489
9.08346
9.09112
9.09999
9.10937
9.11924
9.12889
9.14114
9.15105
9.16354
9.17507
9.18776
9.203
9.21585
9.23193
9.24558
9.26033
9.27544
9.29231
9.3081
9.32421
9.3406
9.35795
9.37483
9.3905
9.40918
9.42658
9.44339
9.46099
9.47933
9.49697
9.516
9.53213
9.54815
9.5626
9.5804
9.59725
9.61455
9.63082
9.64675
9.66157
9.67737
9.692
9.70683
9.719
9.7299
9.74162
9.75342
9.76528
9.77578
9.78348
9.79403
9.80245
9.80877
9.81508
9.82141
9.82634
9.8313
9.83559
9.83783
9.84086
9.84399
9.84656
9.84858
9.84939
9.84973
9.84893
9.84773
9.84616
9.84499
9.84424
9.84254
9.84065
9.83788
9.83499
9.83412
9.83321
9.83016
9.82853
9.82695
9.82404
9.82263
9.82206
9.82022
9.81926
9.81708
9.81651
9.81546
9.81534
9.81476
9.81442
9.81434
9.81452
9.81496
9.81566
9.8145
9.8157
9.81645
9.81884
9.82076
9.8229
9.82384
9.82708
9.82981
9.83128
9.83362
9.83821
9.84079
9.84418
9.84764
9.85045
9.85613
9.8583
9.86117
9.86544
9.86895
9.87241
9.87649
9.87976
9.88361
9.8859
9.89085
9.8935
9.89664
9.90028
9.90155
9.90469
9.90615
9.90802
9.90959
9.91015
9.91109
9.91027
9.90982
9.909
9.90994
9.90839
9.90718
9.90417
9.90218
9.8984
9.89705
9.89319
9.88966
9.88504
9.88003
9.87465
9.8689
9.86279
9.85632
9.84951
9.84378
9.83773
9.82924
9.82117
9.8121
9.80276
9.79317
9.78545
9.77611
9.76656
9.75611
9.74761
9.73755
9.72805
9.71773
9.70803
9.69825
9.68911
9.67781
9.6672
9.65588
9.64528
9.63401
9.62281
9.61309
9.60134
9.59112
9.58174
9.57109
9.56202
9.55312
9.54229
9.53238
9.52411
9.51678
9.50687
9.49935
9.49281
9.48515
9.47637
9.46932
9.46259
9.45406
9.44798
9.44225
9.43686
9.43252
9.42714
9.42353
9.41886
9.41457
9.41275
9.40989
9.40741
9.4067
9.40635
9.40496
9.40392
9.40607
9.40433
9.40364
9.4047
9.40397
9.40499
9.40702
9.40866
9.4106
9.41353
9.41533
9.41809
9.42041
9.42226
9.42575
9.42946
9.43339
9.43679
9.44179
9.44837
9.45227
9.45631
9.46118
9.46616
9.47123
9.47567
9.48087
9.48612
9.49423
9.49952
9.50411
9.50869
9.51464
9.51985
9.52359
9.52796
9.53365
9.53783
9.54261
9.54727
9.55108
9.55545
9.55966
9.5637
9.56757
9.56913
9.5719
9.57516
9.57892
9.58246
9.58506
9.58744
9.58957
9.59147
9.59313
9.59455
9.59572
9.59666
9.59735
9.59639
9.59519
9.59305
9.5935
9.59302
9.59161
9.5914
9.58958
9.58755
9.58745
9.58504
9.58599
9.58325
9.58176
9.57944
9.57628
9.573
9.56963
9.56475
9.56191
9.55971
9.55746
9.55658
9.55354
9.55049
9.54815
9.54512
9.5414
9.53703
9.53128
9.52772
9.52424
9.51943
9.51543
9.51225
9.5099
9.50839
9.50703
9.50512
9.50337
9.50251
9.50111
9.4985
9.4968
9.49529
9.4947
9.49433
9.49419
9.49357
9.4939
9.49446
9.49738
9.49913
9.50324
9.50407
9.50585
9.50718
9.50947
9.51201
9.51268
9.51782
9.52109
9.5246
9.52906
9.53305
9.53797
9.54311
9.54707
9.55194
9.55773
9.56371
9.56989
9.57625
9.58208
9.58808
9.59566
9.60196
9.6077
9.61428
9.62097
9.62707
9.63398
9.64097
9.64733
9.65517
9.66307
9.6703
9.67756
9.68414
9.69144
9.69732
9.7046
9.71045
9.71627
9.72346
9.7306
9.73839
9.74541
9.75446
9.76132
9.76666
9.77332
9.77988
9.78561
9.79052
9.79602
9.80067
9.80731
9.81382
9.81949
9.82572
9.83181
9.83635
9.84004
9.84641
9.85123
9.85873
9.86398
9.86838
9.87336
9.87751
9.88083
9.88615
9.89066
9.89505
9.89723
9.90072
9.90413
9.90745
9.91071
9.9132
9.91634
9.91873
9.92037
9.92339
9.92427
9.92867
9.93235
9.93462
9.93902
9.94274
9.94649
9.94957
9.95199
9.95588
9.95983
9.96243
9.96583
9.96931
9.97288
9.97584
9.98032
9.98421
9.9875
9.99373
9.99867
10.003
10.0075
10.0122
10.0183
10.0225
10.029
10.032
10.038
10.0434
10.0497
10.0554
10.0606
10.0672
10.0747
10.0809
10.0872
10.093
10.0995
10.1054
10.1121
10.1168
10.1229
10.1306
10.1396
10.1445
10.1501
10.1564
10.1642
10.1712
10.1782
10.1859
10.1921
10.2003
10.2063
10.213
10.2195
10.2245
10.23
10.2354
10.2419
10.2476
10.2531
10.259
10.2632
10.2679
10.2723
10.275
10.2802
10.2822
10.2867
10.2902
10.2925
10.2952
10.2981
10.2999
10.2999
10.3002
10.2986
10.2979
10.2961
10.2953
10.2918
10.2892
10.2869
10.2841
10.2794
10.2735
10.2685
10.2617
10.2564
10.2507
10.2438
10.2364
10.2306
10.2223
10.2122
10.2037
10.194
10.1861
10.1763
10.1668
10.1563
10.1447
10.1348
10.1232
10.1105
10.0961
10.0828
10.0693
10.0554
10.04
10.0264
10.0119
9.99717
9.98159
9.96655
9.9535
9.93749
9.92137
9.90659
9.88961
9.874
9.85906
9.8427
9.82776
9.81142
9.79371
9.77887
9.7641
9.74942
9.73343
9.71967
9.70323
9.68763
9.67431
9.66046
9.64467
9.62979
9.61584
9.6014
9.5865
9.57256
9.55959
9.54618
9.53377
9.52164
9.51052
9.49901
9.48781
9.47695
9.46712
9.45764
9.44781
9.43976
9.43207
9.42263
9.41358
9.40562
9.39806
9.39018
9.38341
9.37705
9.3711
9.36557
9.36046
9.35506
9.3515
9.34765
9.34495
9.34267
9.34013
9.33731
9.33422
9.33369
9.33219
9.33042
9.3305
9.32961
9.33057
9.33197
9.33239
9.33395
9.33736
9.33908
9.34051
9.34449
9.34817
9.35297
9.35889
9.36521
9.37194
9.37835
9.38514
9.39231
9.39915
9.40705
9.41672
9.42673
9.43566
9.44278
9.45304
9.46218
9.47301
9.482
9.49407
9.50568
9.51611
9.52604
9.53688
9.54931
9.56192
9.57539
9.58759
9.60062
9.61234
9.62415
9.63534
9.648
9.66071
9.67345
9.6862
9.69896
9.71171
9.72513
9.7378
9.74829
9.76083
9.7754
9.78634
9.79716
9.80787
9.81844
9.83028
9.84268
9.85492
9.86699
9.87747
9.88918
9.89999
9.9106
9.92101
9.93192
9.94331
9.95379
9.96262
9.97194
9.98103
9.98989
9.99781
10.0076
10.0165
10.0265
10.0334
10.0408
10.0473
10.0549
10.0623
10.0687
10.0742
10.0802
10.0873
10.0942
10.1001
10.1058
10.1105
10.115
10.12
10.1233
10.1285
10.1314
10.1348
10.1372
10.1416
10.1436
10.1461
10.1477
10.1505
10.1538
10.1556
10.1571
10.1592
10.1611
10.1628
10.1652
10.1659
10.1665
10.1663
10.1666
10.1675
10.1683
10.1669
10.1654
10.1659
10.1657
10.1653
10.1642
10.1637
10.1624
10.1618
10.1612
10.1619
10.1605
10.1604
10.159
10.1582
10.1574
10.1573
10.1571
10.157
10.1576
10.1561
10.1553
10.1552
10.153
10.1514
10.1507
10.1499
10.1484
10.1484
10.1491
10.1491
10.1476
10.1448
10.1448
10.1435
10.1414
10.1414
10.1421
10.1408
10.1401
10.138
10.1367
10.136
10.1382
10.1389
10.1382
10.1375
10.1368
10.136
10.1353
10.1346
10.1338
10.133
10.1329
10.1321
10.1299
10.1297
10.1303
10.1301
10.1292
10.1284
10.1267
10.1258
10.1249
10.124
10.1223
10.1207
10.1191
10.1181
10.1179
10.117
10.1147
10.1145
10.113
10.1121
10.1113
10.1106
10.1112
10.1106
10.1106
10.1086
10.1087
10.1082
10.1078
10.1074
10.1064
10.1054
10.106
10.1059
10.1066
10.1059
10.1061
10.1056
10.1045
10.1056
10.1061
10.1095
10.1101
10.1109
10.111
10.1106
10.1109
10.112
10.1146
10.1159
10.1158
10.1172
10.118
10.1196
10.1198
10.1222
10.1233
10.1244
10.1256
10.1282
10.1301
10.1321
10.1341
10.1355
10.1375
10.1389
10.1417
10.1445
10.1466
10.1486
10.1507
10.1527
10.1539
10.1559
10.1599
10.1617
10.1635
10.1645
10.169
10.1712
10.1734
10.1761
10.1774
10.1785
10.1796
10.1819
10.1826
10.1833
10.1823
10.182
10.1807
10.1814
10.182
10.1817
10.1818
10.1811
10.1802
10.1798
10.1778
10.1748
10.1731
10.1704
10.1674
10.1629
10.1595
10.1565
10.154
10.1505
10.1461
10.1428
10.1385
10.1339
10.1298
10.1247
10.1185
10.1128
10.1046
10.0976
10.0909
10.0839
10.0766
10.0697
10.0617
10.0534
10.0448
10.0358
10.0265
10.0162
10.0076
9.99804
9.98738
9.97568
9.96434
9.95406
9.94204
9.92896
9.91696
9.90391
9.88982
9.87468
9.86063
9.84483
9.82941
9.81226
9.7969
9.78123
9.76596
9.74898
9.7317
9.71414
9.69559
9.6803
9.66193
9.64402
9.62446
9.60537
9.58608
9.56799
9.54831
9.52775
9.50914
9.48757
9.46869
9.44828
9.4292
9.40791
9.38797
9.36729
9.34729
9.3287
9.31082
9.28944
9.26953
9.25039
9.23064
9.21242
9.19293
9.17288
9.15441
9.13613
9.11736
9.09882
9.07984
9.06324
9.04411
9.0267
9.01315
8.99641
8.98003
8.96333
8.94842
8.93392
8.91843
8.90479
8.89089
8.87816
8.8652
8.85201
8.84073
8.82853
8.81825
8.80778
8.79712
8.78699
8.77739
8.76902
8.75837
8.75321
8.74717
8.74237
8.73601
8.73089
8.72632
8.72158
8.71738
8.71441
8.71269
8.71008
8.70871
8.70786
8.70822
8.7084
8.70908
8.70956
8.71053
8.7127
8.71536
8.7192
8.72281
8.7276
8.73356
8.73857
8.74262
8.74852
8.75417
8.76237
8.76888
8.77582
8.78389
8.78955
8.79915
8.81058
8.81959
8.83111
8.84161
8.85179
8.86447
8.87683
8.88813
8.8991
8.91112
8.92419
8.93761
8.95349
8.96827
8.98196
8.99525
9.00742
9.02129
9.03685
9.05197
9.06733
9.08365
9.10091
9.11768
9.13466
9.15183
9.16918
9.18741
9.20508
9.22289
9.24083
9.2631
9.28194
9.29944
9.31771
9.33744
9.3558
9.37487
9.39183
9.41018
9.42992
9.4489
9.46642
9.48457
9.50263
9.52059
9.53915
9.55899
9.57445
9.59188
9.60914
9.62553
9.64314
9.65986
9.67496
9.69056
9.70663
9.72178
9.73739
9.75347
9.7693
9.78487
9.80017
9.81592
9.82999
9.84378
9.85799
9.87121
9.88344
9.89537
9.90841
9.91974
9.93077
9.9422
9.95402
9.96483
9.97603
9.9862
9.99605
10.0056
10.0155
10.025
10.0371
10.0453
10.0517
10.0585
10.0649
10.071
10.076
10.0821
10.0878
10.0939
10.0988
10.1034
10.1076
10.1115
10.1156
10.118
10.1207
10.1215
10.1241
10.1277
10.1287
10.1287
10.1289
10.1287
10.1281
10.1272
10.125
10.1218
10.1203
10.1183
10.1153
10.1125
10.1101
10.1065
10.1019
10.0961
10.0893
10.0835
10.0766
10.07
10.0624
10.0552
10.049
10.0411
10.0335
10.0257
10.0169
10.0077
9.99765
9.98871
9.97954
9.96872
9.95982
9.95212
9.94213
9.93127
9.92097
9.90984
9.89789
9.88656
9.87375
9.86158
9.84868
9.83787
9.82142
9.80921
9.79845
9.78705
9.77502
9.76448
9.75406
9.74307
9.73363
9.72294
9.71173
9.70283
9.69273
9.68216
9.67253
9.66316
9.65478
9.64667
9.63816
9.62925
9.61995
9.6124
9.60661
9.59905
9.59396
9.58712
9.58207
9.57669
9.57169
9.56638
9.56146
9.55623
9.55352
9.5512
9.54929
9.54637
9.54526
9.54383
9.54351
9.54146
9.53981
9.54135
9.54187
9.54205
9.544
9.54632
9.54898
9.54986
9.55107
9.55542
9.55937
9.56292
9.56534
9.57014
9.5745
9.57769
9.58111
9.58615
9.59139
9.59681
9.6024
9.60885
9.61401
9.62
9.62467
9.62942
9.63635
9.64049
9.64747
9.65374
9.66071
9.66693
9.6738
9.68271
9.6894
9.69597
9.70241
9.70799
9.71481
9.72003
9.72434
9.72772
9.73297
9.73656
9.73987
9.74361
9.74564
9.74735
9.74945
9.75192
9.75334
9.75511
9.75793
9.75968
9.76034
9.76133
9.76053
9.76286
9.76198
9.76211
9.76045
9.75769
9.75524
9.75312
9.74991
9.74491
9.74023
9.7359
9.73121
9.72688
9.7201
9.71369
9.70696
9.69993
9.69331
9.68854
9.68278
9.67678
9.66913
9.66055
9.65177
9.64422
9.63367
9.6258
9.61779
9.60896
9.60003
9.59104
9.58199
9.57148
9.56096
9.55255
9.54275
9.5344
9.5254
9.51718
9.50835
9.49751
9.49033
9.48048
9.47291
9.46553
9.45906
9.4528
9.44536
9.43959
9.43266
9.42531
9.41896
9.41221
9.40366
9.39827
9.39322
9.38852
9.38489
9.38092
9.37593
9.37343
9.36992
9.36681
9.36339
9.36321
9.36203
9.36267
9.36091
9.36096
9.36144
9.36514
9.36572
9.36883
9.37094
9.37345
9.37847
9.38107
9.38476
9.38954
9.3947
9.40092
9.40539
9.41021
9.41538
9.42229
9.42952
9.43566
9.44281
9.45096
9.45657
9.46104
9.4679
9.47642
9.4852
9.49421
9.50416
9.51363
9.5219
9.53249
9.54257
9.55425
9.56611
9.57602
9.58751
9.59844
9.61095
9.62148
9.63285
9.64507
9.65671
9.66847
9.67964
9.69092
9.70372
9.7138
9.7268
9.73919
9.75238
9.76353
9.77759
9.78961
9.801
9.81388
9.82611
9.83911
9.85217
9.86529
9.87775
9.88954
9.90207
9.91534
9.92792
9.93982
9.95313
9.96504
9.97834
9.99163
10.0056
10.0188
10.0327
10.0451
10.0568
10.0712
10.084
10.0968
10.1095
10.1213
10.1344
10.1466
10.1593
10.1704
10.1821
10.1934
10.2046
10.2155
10.2268
10.24
10.2507
10.2611
10.2698
10.2795
10.2881
10.2964
10.3042
10.3124
10.3201
10.3267
10.3328
10.3391
10.3436
10.3496
10.3531
10.3575
10.3606
10.3633
10.3661
10.3683
10.3687
10.3699
10.3691
10.3678
10.3674
10.3658
10.3622
10.3602
10.3576
10.3546
10.351
10.3449
10.3396
10.3339
10.327
10.3203
10.3139
10.3071
10.2991
10.2914
10.2819
10.2713
10.2625
10.2519
10.2417
10.2318
10.2188
10.2084
10.1962
10.1824
10.1704
10.1582
10.1443
10.1317
10.1203
10.1086
10.0962
10.0828
10.0707
10.0563
10.0426
10.0287
10.0161
10.0035
9.98929
9.97577
9.96289
9.94855
9.93416
9.91974
9.90601
9.89227
9.87852
9.86268
9.84898
9.83531
9.82099
9.80673
9.79114
9.77705
9.76166
9.74639
9.73056
9.71629
9.70431
9.69111
9.67953
9.66818
9.65567
9.64485
9.6329
9.62198
9.61069
9.59905
9.58708
9.57693
9.56648
9.55649
9.54837
9.54002
9.53218
9.52556
9.51878
9.51327
9.50833
9.50398
9.49954
9.49501
9.49253
9.48786
9.48526
9.48331
9.48133
9.48143
9.48151
9.48297
9.4844
9.48581
9.48859
9.49205
9.49546
9.50094
9.50706
9.51382
9.52121
9.52779
9.53496
9.54412
9.55382
9.56477
9.57551
9.58745
9.59843
9.61125
9.62376
9.63664
9.64986
9.66267
9.67716
9.69048
9.70469
9.71906
9.73355
9.74741
9.76131
9.77661
9.79045
9.80562
9.82137
9.83412
9.84949
9.86389
9.8773
9.89109
9.9038
9.91469
9.92726
9.93795
9.94954
9.9599
9.96756
9.97606
9.98535
9.99331
9.99921
10.0066
10.0118
10.0171
10.0231
10.0269
10.0308
10.0346
10.0363
10.0381
10.0383
10.0372
10.0354
10.0344
10.0319
10.0288
10.025
10.0206
10.0149
10.0093
10.0031
9.99908
9.9889
9.9824
9.97467
9.96643
9.95698
9.94704
9.93453
9.92368
9.9124
9.9007
9.88929
9.87679
9.86601
9.85203
9.8384
9.82442
9.81009
9.79614
9.78044
9.76514
9.74741
9.73008
9.71316
9.69808
9.6806
9.66285
9.64626
9.6294
9.6116
9.59354
9.57384
9.55533
9.53659
9.51623
9.49637
9.4742
9.45466
9.43565
9.41717
9.39571
9.37552
9.3566
9.33614
9.31558
9.29702
9.27627
9.25615
9.23668
9.21576
9.19552
9.17455
9.15431
9.13338
9.11249
9.09237
9.07163
9.04957
9.03186
9.01147
8.99051
8.96903
8.94987
8.93234
8.91152
8.89238
8.87282
8.85356
8.83534
8.81817
8.80067
8.78356
8.76686
8.7513
8.7355
8.72016
8.70603
8.69099
8.67791
8.66326
8.65059
8.63851
8.62633
8.61547
8.60243
8.59145
8.58185
8.57363
8.5654
8.55718
8.55249
8.54641
8.54178
8.53861
8.53619
8.53453
8.53365
8.53283
8.53279
8.53212
8.53364
8.53595
8.53905
8.54294
8.5469
8.55377
8.56072
8.56773
8.57481
8.58407
8.59267
8.60132
8.61142
8.62436
8.63662
8.64818
8.66256
8.67692
8.69266
8.70906
8.7254
8.74236
8.75852
8.77809
8.79683
8.81683
8.83737
8.85913
8.87927
8.90059
8.92307
8.94527
8.96717
8.99157
9.01493
9.03932
9.06402
9.08901
9.11214
9.13763
9.16402
9.1899
9.21452
9.23927
9.26343
9.28908
9.31549
9.34193
9.36626
9.39057
9.41553
9.44043
9.46594
9.49134
9.5173
9.54381
9.56801
9.59271
9.61931
9.64495
9.66962
9.69329
9.71736
9.73899
9.76241
9.78476
9.80533
9.82762
9.85023
9.87171
9.89063
9.90982
9.92997
9.94893
9.96742
9.98611
10.0022
10.0206
10.037
10.0543
10.0676
10.0831
10.0974
10.1118
10.1242
10.1367
10.1472
10.1572
10.1658
10.1759
10.1847
10.1957
10.2039
10.2116
10.2186
10.2256
10.2314
10.2364
10.2416
10.2461
10.2493
10.2511
10.2537
10.2571
10.2577
10.2591
10.2585
10.258
10.2555
10.2538
10.2508
10.2472
10.2431
10.2377
10.2325
10.2289
10.2234
10.2181
10.2102
10.2019
10.1939
10.1868
10.1787
10.1688
10.1593
10.148
10.1385
10.1267
10.1146
10.1043
10.0911
10.0791
10.0676
10.0567
10.0436
10.0319
10.0193
10.0081
9.99625
9.98507
9.97323
9.96143
9.9504
9.94017
9.92935
9.91724
9.90527
9.89346
9.88182
9.87178
9.86052
9.84947
9.83934
9.83013
9.82046
9.81033
9.80044
9.79293
9.78355
9.77301
9.76627
9.75837
9.75073
9.74406
9.73622
9.72933
9.72199
9.717
9.71084
9.70562
9.69921
9.69442
9.68843
9.68476
9.67987
9.67515
9.67062
9.66625
9.66132
9.65585
9.6505
9.646
9.64302
9.63876
9.63671
9.63406
9.6308
9.62763
9.62454
9.62153
9.61789
9.61433
9.61083
9.60882
9.60475
9.60287
9.60035
9.5979
9.59481
9.59251
9.58957
9.58953
9.58675
9.58476
9.58215
9.58106
9.57936
9.57847
9.57841
9.57705
9.57583
9.57616
9.57523
9.57516
9.57384
9.5741
9.57384
9.57307
9.5739
9.57282
9.57266
9.57059
9.57368
9.5756
9.57775
9.58014
9.58209
9.5857
9.58674
9.58946
9.59316
9.59571
9.59853
9.60234
9.60572
9.60936
9.61399
9.61818
9.62405
9.62948
9.63448
9.64045
9.64667
9.65455
9.66056
9.66751
9.67398
9.68138
9.68899
9.6968
9.70267
9.71014
9.71848
9.72626
9.73418
9.74293
9.75178
9.76214
9.77187
9.77953
9.78935
9.79779
9.80622
9.81535
9.82514
9.83345
9.84452
9.85477
9.86279
9.87137
9.8805
9.88802
9.89534
9.90103
9.90858
9.91586
9.92215
9.92954
9.9366
9.9426
9.94894
9.95489
9.95903
9.96345
9.96814
9.97168
9.97406
9.97455
9.97526
9.9776
9.97803
9.97936
9.97948
9.9791
9.9796
9.97606
9.97554
9.9731
9.96945
9.96671
9.96349
9.95978
9.95561
9.94958
9.94451
9.93761
9.931
9.92399
9.91873
9.9117
9.90434
9.89455
9.88589
9.87695
9.8699
9.8605
9.84879
9.83973
9.82839
9.81764
9.8082
9.79726
9.78838
9.77876
9.76843
9.7574
9.74781
9.73686
9.7274
9.71732
9.70593
9.69678
9.68566
9.6761
9.66601
9.65681
9.64992
9.64113
9.63256
9.62491
9.61468
9.60822
9.6006
9.59394
9.58683
9.57927
9.5741
9.56849
9.56245
9.55738
9.55117
9.54593
9.54167
9.53768
9.53465
9.52905
9.52512
9.52074
9.51661
9.51272
9.51047
9.50917
9.50738
9.50652
9.50375
9.50332
9.50238
9.50164
9.49968
9.4972
9.49631
9.49347
9.49363
9.49324
9.49372
9.49434
9.49511
9.49601
9.49635
9.49682
9.49672
9.49744
9.49829
9.49855
9.49892
9.50012
9.50213
9.50354
9.50506
9.50739
9.5084
9.51164
9.51426
9.51557
9.51909
9.51989
9.52148
9.52316
9.52705
9.53033
9.53157
9.53361
9.53644
9.53794
9.54092
9.54329
9.54713
9.54893
9.55151
9.55414
9.55895
9.56098
9.56448
9.5673
9.57087
9.57445
9.57664
9.57953
9.58383
9.58671
9.59097
9.59518
9.59793
9.60203
9.60604
9.60996
9.61377
9.61745
9.62098
9.62365
9.62685
9.62844
9.63052
9.63166
9.63327
9.63603
9.6392
9.63997
9.64113
9.64055
9.64034
9.63906
9.636
9.63608
9.63224
9.6301
9.62824
9.62737
9.62394
9.61866
9.61787
9.61168
9.60573
9.60145
9.59388
9.58657
9.57951
9.57341
9.56475
9.55707
9.54825
9.53689
9.52652
9.51859
9.50956
9.49875
9.48687
9.47466
9.46354
9.45141
9.43829
9.42491
9.41058
9.39745
9.38341
9.37061
9.35625
9.34247
9.32859
9.31392
9.29921
9.28518
9.26973
9.25501
9.24246
9.22857
9.2162
9.20325
9.18833
9.17501
9.16119
9.14971
9.13708
9.12261
9.10985
9.09812
9.08603
9.07501
9.06369
9.05137
9.0416
9.03299
9.02415
9.0151
9.00726
9.00065
8.99387
8.98695
8.98059
8.97482
8.96965
8.9658
8.96186
8.95926
8.95659
8.95457
8.95321
8.95392
8.9553
8.95735
8.95866
8.96064
8.964
8.96874
8.97204
8.97743
8.98348
8.99091
8.99899
9.00844
9.01782
9.02643
9.03708
9.04623
9.0581
9.07126
9.08501
9.0972
9.11206
9.12534
9.13914
9.15273
9.17033
9.18627
9.20336
9.22017
9.24021
9.2578
9.27786
9.29684
9.31543
9.33359
9.35273
9.37069
9.39027
9.40933
9.43067
9.45073
9.47019
9.49256
9.51287
9.5318
9.55355
9.57388
9.59345
9.61437
9.63448
9.65517
9.67502
9.69541
9.71277
9.73204
9.74966
9.76772
9.78479
9.80227
9.82084
9.83836
9.85553
9.8709
9.888
9.90256
9.91739
9.93178
9.94783
9.96198
9.97493
9.98949
10.0014
10.0121
10.0251
10.0368
10.0479
10.0585
10.0685
10.0771
10.0859
10.0913
10.1003
10.1058
10.1129
10.1179
10.1223
10.126
10.1306
10.1323
10.1342
10.1382
10.1395
10.1402
10.1388
10.1375
10.1349
10.133
10.1285
10.1248
10.1204
10.1155
10.1108
10.1033
10.0954
10.0882
10.0799
10.0718
10.0645
10.0547
10.0437
10.0344
10.0247
10.0138
10.0033
9.99163
9.97895
9.96523
9.94979
9.93617
9.92228
9.90814
9.89448
9.88062
9.86798
9.85305
9.83869
9.82422
9.81035
9.79851
9.7845
9.77045
9.75639
9.74021
9.72687
9.71005
9.6961
9.68081
9.66703
9.65266
9.6384
9.62359
9.61175
9.59938
9.58507
9.57166
9.55776
9.54477
9.53202
9.51951
9.50866
9.49665
9.48491
9.47345
9.46156
9.45066
9.44005
9.43046
9.41975
9.41076
9.40208
9.39231
9.38355
9.37441
9.3663
9.35709
9.34962
9.34248
9.33566
9.32845
9.32298
9.31854
9.3137
9.30778
9.30217
9.29688
9.2926
9.28934
9.28498
9.28162
9.27855
9.27649
9.27471
9.27322
9.27059
9.26824
9.26686
9.26504
9.26419
9.2636
9.26042
9.26032
9.26114
9.26149
9.26206
9.26285
9.26454
9.26574
9.26783
9.26941
9.27116
9.27238
9.27305
9.27459
9.27697
9.27808
9.28073
9.28492
9.28711
9.29152
9.29462
9.29852
9.30322
9.30658
9.31072
9.31422
9.31708
9.32141
9.32579
9.33091
9.33467
9.33845
9.34227
9.34683
9.34929
9.35248
9.35569
9.35892
9.36216
9.36684
9.37083
9.37484
9.37887
9.38221
9.3877
9.39109
9.39663
9.4029
9.40639
9.40993
9.41492
9.41997
9.42438
9.42956
9.43482
9.43874
9.44417
9.44969
9.45531
9.46104
9.4662
9.47148
9.47761
9.48318
9.4882
9.49339
9.49804
9.5057
9.51143
9.51877
9.52703
9.53338
9.54067
9.54679
9.55526
9.56328
9.57297
9.58293
9.59104
9.59942
9.6088
9.61705
9.62842
9.63797
9.64853
9.65939
9.67056
9.68275
9.69454
9.70664
9.71764
9.73036
9.74479
9.75881
9.77454
9.78633
9.80051
9.81496
9.82968
9.84536
9.86057
9.87671
9.89306
9.90961
9.92564
9.94253
9.95815
9.97459
9.99184
10.0078
10.0244
10.0425
10.0585
10.0752
10.0911
10.1091
10.1262
10.1418
10.1565
10.1745
10.1889
10.2036
10.2174
10.2316
10.2462
10.2605
10.275
10.2871
10.2988
10.3129
10.3244
10.3355
10.346
10.3576
10.3679
10.3784
10.387
10.3937
10.4013
10.4091
10.4164
10.4238
10.4301
10.4358
10.441
10.4451
10.4486
10.4517
10.4543
10.4564
10.4588
10.4601
10.4616
10.4635
10.4663
10.4667
10.4659
10.4662
10.4648
10.4637
10.4636
10.4612
10.4599
10.4575
10.4542
10.4506
10.4474
10.444
10.4404
10.4351
10.4317
10.4274
10.4229
10.4182
10.4125
10.4074
10.4015
10.3953
10.3883
10.3825
10.3766
10.3691
10.3629
10.3566
10.3501
10.3428
10.336
10.3299
10.323
10.3166
10.3109
10.3023
10.295
10.289
10.2809
10.2734
10.2658
10.2582
10.2499
10.2436
10.2359
10.2289
10.2205
10.2149
10.2072
10.2003
10.1933
10.1864
10.1789
10.1714
10.164
10.1574
10.1501
10.1437
10.1374
10.1326
10.1265
10.1198
10.114
10.1076
10.1014
10.0961
10.0894
10.0837
10.0782
10.0721
10.0676
10.0611
10.0563
10.0502
10.0443
10.0414
10.038
10.0348
10.031
10.028
10.0245
10.0226
10.0201
10.0162
10.0125
10.0103
10.0068
10.004
10.002
10
9.99735
9.99468
9.99128
9.98855
9.98718
9.98432
9.98277
9.98041
9.97721
9.97457
9.97107
9.96878
9.96489
9.9629
9.95786
9.95329
9.94847
9.9427
9.93807
9.93388
9.928
9.92255
9.91612
9.9094
9.90171
9.89515
9.88762
9.88125
9.87321
9.86423
9.85502
9.8456
9.83738
9.82828
9.8183
9.80817
9.79861
9.78822
9.77844
9.76858
9.75865
9.74868
9.74009
9.72937
9.72007
9.70938
9.69943
9.68953
9.68112
9.67138
9.66314
9.65289
9.64206
9.63276
9.6236
9.61458
9.60642
9.59701
9.58775
9.58007
9.57255
9.56308
9.55448
9.54604
9.53778
9.53038
9.51962
9.51254
9.50631
9.49953
9.49219
9.4857
9.47793
9.47029
9.46347
9.45749
9.45161
9.44726
9.4423
9.43602
9.42982
9.42582
9.42048
9.4145
9.40929
9.40484
9.40044
9.39609
9.39108
9.3854
9.38046
9.37414
9.36855
9.36299
9.35744
9.35192
9.34641
9.34233
9.33685
9.33067
9.32592
9.32188
9.31643
9.3117
9.30698
9.30228
9.29546
9.29148
9.28751
9.28426
9.27962
9.2764
9.27321
9.26721
9.26052
9.25527
9.25006
9.24417
9.23903
9.23533
9.22956
9.22455
9.221
9.21679
9.21336
9.20857
9.20385
9.1992
9.19603
9.19154
9.18924
9.18351
9.18139
9.17726
9.17465
9.17215
9.16905
9.16467
9.16253
9.16052
9.15795
9.15623
9.15466
9.15254
9.14988
9.14811
9.14721
9.1458
9.14458
9.14286
9.14275
9.14286
9.14106
9.14162
9.14311
9.14272
9.14329
9.14412
9.1445
9.14797
9.14889
9.15009
9.153
9.15619
9.15757
9.16067
9.16337
9.16781
9.17257
9.17695
9.18167
9.18602
9.1893
9.19645
9.20041
9.20683
9.21431
9.22144
9.22751
9.23535
9.24354
9.25278
9.26097
9.27092
9.28122
9.29185
9.30213
9.31344
9.32368
9.33495
9.34653
9.35843
9.36992
9.3824
9.39518
9.40752
9.4194
9.43224
9.44602
9.45791
9.47352
9.4879
9.50458
9.51788
9.53131
9.54698
9.56276
9.57791
9.59241
9.60766
9.62363
9.63961
9.65414
9.67005
9.6866
9.70094
9.71659
9.73281
9.74747
9.75983
9.77483
9.78891
9.80276
9.81637
9.82971
9.84277
9.85412
9.86657
9.87869
9.89046
9.90259
9.91505
9.92572
9.93671
9.9473
9.95679
9.96515
9.97381
9.98274
9.99055
9.99723
10.007
10.015
10.0211
10.0254
10.0306
10.0362
10.0392
10.044
10.0469
10.0495
10.0495
10.0513
10.0535
10.0539
10.056
10.0578
10.0572
10.059
10.0599
10.0604
10.0607
10.06
10.0597
10.0592
10.0563
10.0567
10.0554
10.054
10.053
10.0505
10.0484
10.0462
10.0431
10.0385
10.0344
10.0309
10.0265
10.022
10.0174
10.0127
10.0086
10.005
10.0014
9.99636
9.9919
9.98738
9.98209
9.97744
9.97205
9.96873
9.96537
9.95987
9.95646
9.95162
9.94677
9.94121
9.93777
9.93362
9.92808
9.92113
9.91633
9.91156
9.90824
9.90354
9.89888
9.89427
9.88902
9.88524
9.88082
9.87578
9.87081
9.86522
9.86114
9.85715
9.85328
9.8481
9.84445
9.84092
9.83611
9.83355
9.83254
9.82956
9.82744
9.82406
9.82085
9.81851
9.81564
9.81294
9.81254
9.81303
9.81159
9.81106
9.80861
9.80707
9.80643
9.80671
9.8058
9.80509
9.80602
9.80435
9.8036
9.80378
9.80489
9.80906
9.80991
9.811
9.81372
9.81736
9.81981
9.82106
9.82395
9.82704
9.82965
9.83387
9.83689
9.84081
9.84494
9.85066
9.85516
9.85913
9.86468
9.8704
9.87486
9.87806
9.88422
9.8891
9.8948
9.90062
9.90725
9.91256
9.91865
9.92482
9.93176
9.93803
9.94505
9.95209
9.95703
9.96408
9.97042
9.97673
9.98372
9.98995
9.99613
10.0022
10.0075
10.0142
10.0193
10.025
10.0305
10.036
10.0412
10.0463
10.0506
10.0539
10.0584
10.0634
10.0668
10.0707
10.0758
10.0792
10.0816
10.0845
10.0878
10.0873
10.0907
10.0932
10.0932
10.0936
10.0952
10.095
10.0974
10.0966
10.0963
10.0949
10.0932
10.0919
10.0896
10.0883
10.0861
10.0843
10.0815
10.0791
10.0758
10.0728
10.0689
10.0647
10.0602
10.0548
10.0491
10.0461
10.0413
10.035
10.0292
10.0238
10.0176
10.0119
10.0054
9.99867
9.99253
9.98554
9.97915
9.97124
9.96605
9.96007
9.95331
9.94578
9.93961
9.93198
9.92504
9.91737
9.91181
9.90413
9.89858
9.89094
9.88333
9.87576
9.86895
9.86361
9.85481
9.84537
9.84024
9.83308
9.82531
9.81904
9.81359
9.80612
9.79947
9.79294
9.78652
9.77881
9.77193
9.76518
9.75925
9.75345
9.74636
9.7408
9.73608
9.73147
9.72699
9.72263
9.71768
9.71143
9.70741
9.70138
9.69545
9.69103
9.68672
9.68179
9.67766
9.67433
9.67108
9.66791
9.6648
9.66318
9.6581
9.65449
9.64883
9.64463
9.64261
9.63853
9.63378
9.63051
9.62587
9.6234
9.62027
9.61719
9.61417
9.61049
9.60686
9.60328
9.59976
9.59842
9.59644
9.59382
9.59269
9.58951
9.58853
9.58553
9.58402
9.58121
9.57991
9.57661
9.57625
9.57603
9.57381
9.57175
9.57195
9.57091
9.56932
9.56721
9.56598
9.56707
9.56623
9.56772
9.56802
9.56782
9.56856
9.56953
9.57286
9.5743
9.5767
9.57794
9.58014
9.58189
9.58531
9.58828
9.59152
9.59501
9.59876
9.60278
9.60705
9.61228
9.61705
9.62207
9.62803
9.63352
9.63995
9.6466
9.65064
9.65629
9.66215
9.6682
9.67584
9.68294
9.68878
9.69619
9.70232
9.70928
9.71846
9.72562
9.73215
9.74087
9.75034
9.75844
9.76657
9.77471
9.78286
9.79029
9.7977
9.80577
9.81378
9.82103
9.82819
9.83596
9.84364
9.85119
9.85791
9.8652
9.87304
9.88142
9.88751
9.89342
9.89914
9.90677
9.91279
9.9186
9.92348
9.92814
9.93398
9.93816
9.94282
9.94863
9.95279
9.95741
9.96107
9.96306
9.96621
9.9684
9.97033
9.97341
9.97483
9.97669
9.97759
9.97753
9.97721
9.97946
9.97933
9.97966
9.97902
9.97955
9.9784
9.97631
9.97537
9.97418
9.97203
9.97034
9.96981
9.96762
9.96589
9.9625
9.95956
9.95638
9.95152
9.94782
9.94317
9.93897
9.93452
9.93051
9.92414
9.91962
9.91485
9.90982
9.90312
9.89545
9.88894
9.88147
9.87445
9.86647
9.85894
9.85256
9.84312
9.83485
9.82633
9.81688
9.80791
9.80013
9.79143
9.7811
9.77129
9.76199
9.75391
9.74355
9.73514
9.72305
9.71294
9.69918
9.68954
9.6798
9.66858
9.6573
9.64668
9.63604
9.62327
9.61121
9.59917
9.58648
9.57456
9.56483
9.55451
9.54289
9.53212
9.52151
9.51036
9.50012
9.48939
9.47819
9.46864
9.45865
9.44965
9.43882
9.4283
9.42022
9.41248
9.40438
9.39735
9.39209
9.3858
9.3799
9.3751
9.36928
9.36527
9.35955
9.35565
9.35285
9.34835
9.34778
9.34549
9.34218
9.33998
9.33957
9.33884
9.33777
9.33777
9.33742
9.33883
9.33916
9.34121
9.34287
9.34623
9.34987
9.35167
9.35443
9.35672
9.36065
9.36338
9.36771
9.37151
9.3776
9.38314
9.38669
9.39037
9.39345
9.39591
9.39987
9.40531
9.41152
9.41706
9.42335
9.42825
9.43317
9.43809
9.44512
9.45002
9.4542
9.46047
9.46529
9.46936
9.4741
9.47878
9.48482
9.48869
9.49178
9.49693
9.50342
9.50913
9.51195
9.5161
9.52018
9.52418
9.5281
9.53194
9.53711
9.54079
9.54297
9.54647
9.54918
9.55321
9.55787
9.56103
9.56409
9.56848
9.57137
9.57417
9.57758
9.5802
9.58413
9.58938
9.591
9.59322
9.59323
9.59597
9.59789
9.59972
9.60144
9.60305
9.60455
9.60453
9.6044
9.60558
9.60734
9.60828
9.60911
9.6077
9.60899
9.60946
9.61052
9.61005
9.60947
9.60946
9.60863
9.60768
9.60731
9.60823
9.60691
9.60476
9.60319
9.60221
9.60109
9.60056
9.59991
9.59843
9.59611
9.59439
9.59324
9.59057
9.58918
9.58484
9.5825
9.58003
9.57816
9.57546
9.57475
9.57322
9.57016
9.56627
9.56298
9.55958
9.55465
9.55173
9.54799
9.54485
9.53949
9.53473
9.52775
9.5242
9.52056
9.51611
9.51017
9.50555
9.50014
9.49537
9.49053
9.48703
9.48064
9.4742
9.46912
9.464
9.45885
9.45226
9.44706
9.44186
9.43665
9.43216
9.42768
9.42254
9.41743
9.41378
9.40808
9.40245
9.39832
9.39498
9.39106
9.38795
9.38215
9.37791
9.37382
9.36989
9.36543
9.36187
9.35851
9.35608
9.35316
9.35047
9.34733
9.34515
9.34393
9.34229
9.34022
9.33985
9.33836
9.33717
9.3377
9.33854
9.33969
9.34045
9.34083
9.34153
9.34255
9.34319
9.34557
9.34898
9.3513
9.35676
9.36113
9.36512
9.37083
9.37544
9.37895
9.38276
9.38757
9.39479
9.40229
9.40795
9.41318
9.42008
9.42865
9.43748
9.44583
9.45372
9.46255
9.47088
9.48014
9.48747
9.49571
9.50483
9.51412
9.52358
9.53318
9.54151
9.55209
9.56349
9.57286
9.58304
9.59329
9.6029
9.61397
9.62367
9.6355
9.64664
9.65777
9.66888
9.67712
9.68673
9.69768
9.70785
9.71863
9.72788
9.73983
9.74811
9.75623
9.76701
9.7776
9.78587
9.79604
9.80528
9.81359
9.82163
9.82801
9.83693
9.84204
9.84898
9.85561
9.86123
9.86865
9.87503
9.88038
9.8861
9.89077
9.89509
9.89836
9.89916
9.90243
9.90534
9.90789
9.91149
9.91403
9.91551
9.91804
9.9181
9.91851
9.91856
9.91756
9.91692
9.91383
9.91321
9.91225
9.91097
9.91078
9.90815
9.9052
9.90195
9.89839
9.89525
9.88971
9.8867
9.88342
9.87776
9.87325
9.86778
9.86206
9.85682
9.85065
9.84567
9.83766
9.83226
9.82526
9.81809
9.80933
9.80183
9.79419
9.7857
9.77708
9.76905
9.76233
9.75481
9.74651
9.74025
9.73324
9.72407
9.71558
9.70637
9.69786
9.69007
9.6823
9.67387
9.66761
9.6593
9.65035
9.63939
9.63205
9.62483
9.61775
9.60729
9.59839
9.59108
9.58467
9.57845
9.57104
9.56455
9.5583
9.553
9.54654
9.54036
9.53586
9.52883
9.52421
9.5192
9.51521
9.51154
9.50892
9.50522
9.50186
9.50098
9.49974
9.49745
9.49411
9.49042
9.48993
9.48981
9.49005
9.48996
9.49235
9.4937
9.49542
9.49679
9.50063
9.50199
9.50512
9.50857
9.51307
9.51576
9.52017
9.52489
9.5306
9.53658
9.54212
9.5479
9.55321
9.56014
9.56656
9.57387
9.57992
9.58682
9.59314
9.60095
9.60814
9.61538
9.62265
9.62993
9.63718
9.6444
9.65225
9.66
9.66763
9.67582
9.68242
9.68882
9.6943
9.70093
9.70517
9.70769
9.71271
9.71738
9.72239
9.72771
9.73119
9.73495
9.73754
9.74037
9.73987
9.74097
9.74084
9.74088
9.74035
9.73855
9.73759
9.73462
9.73318
9.72972
9.72636
9.72239
9.7164
9.7098
9.70259
9.69618
9.68847
9.68087
9.67057
9.66109
9.65106
9.63975
9.62861
9.61623
9.60404
9.58994
9.57606
9.56242
9.54833
9.53523
9.52031
9.505
9.49074
9.47401
9.45909
9.44247
9.42487
9.40774
9.39039
9.37356
9.35797
9.34011
9.32285
9.30479
9.28736
9.26919
9.25171
9.23212
9.21397
9.19659
9.18
9.15998
9.14078
9.12384
9.10566
9.08838
9.07413
9.05799
9.0414
9.02508
9.00833
8.99119
8.97506
8.95997
8.94523
8.93085
8.91615
8.90324
8.89003
8.87582
8.86345
8.85222
8.84072
8.83108
8.82049
8.81036
8.8007
8.79292
8.78492
8.77599
8.76895
8.76241
8.75564
8.74937
8.74218
8.73547
8.73067
8.72636
8.72395
8.72062
8.71777
8.71681
8.71493
8.71281
8.71046
8.70858
8.70998
8.71042
8.70919
8.70911
8.71088
8.71308
8.715
8.71805
8.72151
8.72467
8.72894
8.73361
8.74008
8.74552
8.75133
8.75682
8.76266
8.7717
8.77684
8.78587
8.79383
8.80354
8.81218
8.82185
8.82973
8.83864
8.84859
8.85815
8.86804
8.87895
8.89019
8.90245
8.91363
8.92442
8.93624
8.9491
8.96229
8.97651
8.98967
9.00386
9.01769
9.03328
9.04921
9.0655
9.07932
9.0956
9.11294
9.13065
9.14659
9.1643
9.18449
9.2008
9.21959
9.23803
9.25752
9.27595
9.29755
9.31737
9.33753
9.35942
9.38234
9.40485
9.42625
9.44934
9.472
9.49351
9.51739
9.54078
9.56651
9.58962
9.61291
9.63777
9.66279
9.68934
9.71458
9.73991
9.76531
9.79075
9.81481
9.84028
9.86715
9.89185
9.91579
9.93894
9.96339
9.98772
10.0133
10.0366
10.0604
10.084
10.1066
10.1297
10.1518
10.1743
10.1979
10.219
10.2419
10.263
10.2843
10.306
10.3252
10.3445
10.3628
10.3805
10.397
10.4145
10.4307
10.447
10.4643
10.4803
10.4957
10.5105
10.5227
10.5356
10.548
10.5598
10.5695
10.5793
10.5893
10.6
10.608
10.616
10.6242
10.6303
10.6358
10.6415
10.6486
10.6523
10.6561
10.6593
10.6612
10.6626
10.6648
10.6651
10.6662
10.6667
10.6661
10.6642
10.6633
10.6618
10.6592
10.6576
10.654
10.6522
10.6485
10.6438
10.6386
10.6324
10.6265
10.621
10.6137
10.6061
10.599
10.5922
10.5838
10.5752
10.5684
10.5571
10.5485
10.5383
10.53
10.5201
10.5093
10.4992
10.4881
10.4784
10.4692
10.46
10.4499
10.4405
10.4317
10.4208
10.4104
10.3994
10.3897
10.3792
10.3681
10.3569
10.3464
10.3359
10.3254
10.3149
10.3045
10.2926
10.2821
10.2717
10.2621
10.2524
10.2421
10.2319
10.2223
10.2115
10.2
10.1899
10.1799
10.1693
10.1587
10.1496
10.1399
10.1289
10.1193
10.1098
10.0997
10.0897
10.0797
10.0692
10.0615
10.0512
10.0416
10.0328
10.0248
10.0155
10.0085
10.0001
9.99249
9.98359
9.97621
9.96681
9.95892
9.95114
9.94417
9.93658
9.9291
9.92242
9.91443
9.90653
9.90085
9.89385
9.88695
9.88013
9.87341
9.86605
9.85878
9.853
9.84658
9.84025
9.83257
9.82778
9.82164
9.81626
9.81093
9.80494
9.79971
9.7938
9.78864
9.7828
9.77699
9.7712
9.76824
9.76246
9.75669
9.75161
9.74724
9.74073
9.7342
9.72835
9.72246
9.71584
9.70987
9.70386
9.6978
9.6938
9.68761
9.68066
9.67434
9.66866
9.66221
9.65497
9.64977
9.63954
9.63277
9.62662
9.6197
9.61058
9.6035
9.59706
9.58914
9.58115
9.57381
9.5664
9.55825
9.55146
9.54463
9.53917
9.53087
9.52255
9.51351
9.50587
9.49824
9.49063
9.48233
9.47477
9.46795
9.46047
9.45305
9.4471
9.43912
9.43193
9.42554
9.41856
9.41099
9.40355
9.39625
9.3898
9.38281
9.3767
9.37077
9.36431
9.35877
9.35342
9.35041
9.34621
9.33941
9.33497
9.33148
9.32754
9.32527
9.32256
9.32082
9.31723
9.31322
9.3109
9.30958
9.30855
9.3071
9.30594
9.30508
9.30381
9.30424
9.30497
9.30741
9.30732
9.30823
9.30944
9.31094
9.31414
9.31551
9.31787
9.32191
9.32481
9.32869
9.33141
9.33439
9.33903
9.34321
9.34903
9.35295
9.35781
9.36288
9.36885
9.3736
9.37925
9.38506
9.39104
9.39717
9.40274
9.40985
9.41495
9.42158
9.42831
9.43513
9.44131
9.44826
9.45597
9.46301
9.47008
9.47718
9.48427
9.49207
9.49986
9.50691
9.51322
9.52019
9.52639
9.53251
9.53857
9.54241
9.55039
9.55685
9.56319
9.56658
9.57124
9.57718
9.58297
9.5893
9.59547
9.60076
9.60659
9.61152
9.61839
9.62366
9.62661
9.62936
9.63615
9.63849
9.64063
9.64468
9.64781
9.65144
9.65485
9.65735
9.66105
9.66243
9.6643
9.66597
9.66885
9.67083
9.6719
9.67208
9.67207
9.6733
9.67364
9.67452
9.67382
9.67297
9.67268
9.67153
9.67096
9.67027
9.67157
9.67135
9.67033
9.6678
9.66589
9.66461
9.66256
9.66258
9.66184
9.66035
9.65954
9.65801
9.65646
9.65421
9.65127
9.64834
9.64613
9.64397
9.64538
9.64401
9.64341
9.64217
9.64172
9.64205
9.6453
9.64369
9.64571
9.64148
9.63949
9.63832
9.63798
9.63566
9.6363
9.63637
9.63517
9.63694
9.63745
9.6374
9.63822
9.6392
9.64033
9.64162
9.64378
9.64469
9.64646
9.6491
9.65048
9.65484
9.65582
9.65836
9.66034
9.66246
9.66543
9.66854
9.66895
9.67231
9.67509
9.67868
9.68308
9.68689
9.69148
9.69547
9.70235
9.70718
9.7142
9.71844
9.72343
9.72847
9.73211
9.73579
9.73947
9.74457
9.74896
9.75334
9.75841
9.76344
9.76703
9.77128
9.77548
9.7789
9.78085
9.78625
9.79085
9.79536
9.79766
9.80196
9.80475
9.80742
9.81138
9.81309
9.81678
9.81963
9.82093
9.82278
9.8252
9.82746
9.83028
9.83222
9.83331
9.83493
9.8385
9.83979
9.84232
9.84257
9.84337
9.84258
9.84163
9.84193
9.84207
9.84204
9.84255
9.84221
9.84241
9.84175
9.84094
9.84069
9.83887
9.83691
9.83552
9.83399
9.83162
9.83123
9.8279
9.82586
9.8244
9.82141
9.81973
9.81725
9.81396
9.81199
9.80994
9.80852
9.80632
9.80406
9.79821
9.79585
9.79344
9.7896
9.78714
9.78467
9.78079
9.77691
9.77375
9.7699
9.76537
9.76301
9.76139
9.75772
9.75269
9.74985
9.7471
9.74443
9.74044
9.73797
9.73278
9.72912
9.7277
9.7264
9.72453
9.72279
9.7226
9.72042
9.7191
9.71792
9.71688
9.71598
9.71452
9.7139
9.71483
9.71377
9.71424
9.71484
9.71485
9.71497
9.7166
9.71408
9.71447
9.71492
9.71544
9.7153
9.7152
9.71513
9.71507
9.71783
9.71846
9.71977
9.72174
9.72082
9.72125
9.72017
9.7204
9.72051
9.71979
9.71963
9.71859
9.7188
9.71811
9.71721
9.71397
9.71262
9.71103
9.70919
9.7085
9.70611
9.70274
9.69837
9.69723
9.69436
9.68766
9.68276
9.67824
9.6727
9.66684
9.66207
9.65628
9.65017
9.64235
9.63703
9.63071
9.62409
9.61718
9.60929
9.60255
9.59414
9.58549
9.57872
9.56963
9.56104
9.55086
9.54335
9.53357
9.52437
9.51436
9.50357
9.49412
9.48322
9.47158
9.46136
9.45117
9.44102
9.43164
9.42236
9.41249
9.40276
9.39319
9.3838
9.37532
9.36707
9.35907
9.35063
9.34178
9.33465
9.32856
9.32281
9.31741
9.30958
9.30355
9.29793
9.29275
9.28658
9.28298
9.28055
9.27575
9.27355
9.27042
9.26919
9.26916
9.26891
9.27057
9.2699
9.26971
9.27073
9.27223
9.27422
9.27739
9.28032
9.28513
9.28826
9.29183
9.29581
9.30021
9.30712
9.31229
9.31852
9.32508
9.33056
9.33846
9.34593
9.35296
9.35951
9.36841
9.37678
9.38462
9.3919
9.3993
9.40821
9.4179
9.42764
9.43671
9.44577
9.45412
9.46313
9.47136
9.48022
9.48897
9.49758
9.50603
9.51361
9.52169
9.52956
9.53861
9.5453
9.55173
9.55859
9.56515
9.57141
9.57734
9.58366
9.58963
9.59524
9.5998
9.60469
9.60779
9.61052
9.61427
9.61622
9.61637
9.61683
9.6183
9.62079
9.62148
9.62178
9.62169
9.62122
9.61967
9.61774
9.61757
9.61493
9.61265
9.61075
9.60851
9.60384
9.60098
9.59642
9.59228
9.58718
9.58324
9.57907
9.57397
9.56937
9.56458
9.55821
9.55309
9.54642
9.54034
9.53345
9.52788
9.52084
9.51445
9.50803
9.50089
9.49445
9.48875
9.48095
9.47463
9.46908
9.46222
9.45475
9.44881
9.44372
9.4402
9.43472
9.43015
9.42507
9.41951
9.41559
9.41122
9.40641
9.40329
9.39905
9.39511
9.39289
9.38959
9.38734
9.38474
9.38179
9.38063
9.37986
9.37878
9.3781
9.37855
9.37942
9.38143
9.38246
9.38394
9.38798
9.39036
9.39461
9.39791
9.40451
9.40946
9.41631
9.42434
9.43073
9.43761
9.44709
9.45706
9.4668
9.47562
9.48421
9.49329
9.50285
9.51288
9.52338
9.53505
9.5486
9.5626
9.57423
9.58701
9.60163
9.61527
9.62863
9.64309
9.65867
9.67322
9.68814
9.70342
9.72117
9.73926
9.75626
9.77498
9.794
9.81329
9.83143
9.84982
9.87056
9.89221
9.91335
9.93396
9.95403
9.97424
9.99457
10.0143
10.0341
10.0547
10.0753
10.0946
10.1152
10.1365
10.1571
10.1791
10.1989
10.2185
10.2388
10.2589
10.2795
10.2986
10.3181
10.3389
10.3594
10.3775
10.3954
10.4143
10.4337
10.452
10.4685
10.4861
10.5027
10.5209
10.5359
10.5526
10.5681
10.5832
10.5978
10.6113
10.6249
10.6381
10.6507
10.6636
10.6731
10.6842
10.694
10.704
10.7121
10.721
10.728
10.7351
10.7416
10.7476
10.7531
10.7594
10.7637
10.7668
10.7701
10.7728
10.7749
10.7765
10.7762
10.7767
10.7768
10.7763
10.776
10.7744
10.7717
10.7699
10.7662
10.7613
10.7581
10.753
10.7481
10.7421
10.7364
10.7302
10.7236
10.7167
10.7093
10.7001
10.6927
10.6834
10.6746
10.6646
10.6551
10.6452
10.6342
10.6251
10.6136
10.601
10.5896
10.5779
10.5674
10.5544
10.5413
