1.2
1.19987
1.1995
1.19887
1.198
1.19687
1.1955
1.19388
1.19202
1.18991
1.18755
1.18496
1.18212
1.17905
1.17573
1.17218
1.1684
1.16438
1.16014
1.15567
1.15097
1.14605
1.14092
1.13556
1.13
1.12422
1.11823
1.11203
1.10563
1.09903
1.09223
1.08523
1.07804
1.07065
1.06308
1.05532
1.04737
1.03925
1.03095
1.02249
1.01385
1.00505
0.996086
0.98697
0.977704
0.968292
0.958739
0.94905
0.939228
0.929279
0.919208
0.90902
0.898723
0.88832
0.877819
0.867225
0.856543
0.845782
0.834948
0.824046
0.813082
0.802064
0.790999
0.779893
0.768754
0.757589
0.746405
0.735209
0.724009
0.712812
0.701625
0.690456
0.679313
0.668203
0.657134
0.646114
0.63515
0.62425
0.613423
0.602676
0.592016
0.58145
0.570988
0.560635
0.5504
0.540289
0.530311
0.520472
0.51078
0.50124
0.491861
0.482648
0.473607
0.464746
0.45607
0.447584
0.439295
0.431208
0.423327
0.415659
0.408208
0.400978
0.393973
0.387197
0.380653
0.374345
0.368276
0.362448
0.356863
0.351524
0.346432
0.341588
0.336994
0.332651
0.328558
0.324716
0.321125
0.317784
0.314694
0.311852
0.309258
0.306908
0.304803
0.30294
0.301315
0.299927
0.298772
0.297848
0.297149
0.296674
0.296417
0.296375
0.296543
0.296918
0.297493
0.298265
0.299227
0.300376
0.301705
0.303209
0.304882
0.30672
0.308715
0.310863
0.313158
0.315594
0.318164
0.320863
0.323685
0.326623
0.329671
0.332824
0.336075
0.339417
0.342846
0.346355
0.349939
0.353591
0.357306
0.361077
0.364899
0.368767
0.372673
0.376614
0.380583
0.384575
0.388586
0.392609
0.396642
0.400677
0.40471
0.408737
0.412754
0.416756
0.420739
0.424698
0.42863
0.432531
0.436396
0.440224
0.444009
0.447747
0.451437
0.455074
0.458656
0.462181
0.465644
0.469045
0.472379
0.475645
0.478841
0.481964
0.485013
0.487986
0.49088
0.493695
0.496428
0.499079
0.501646
0.504127
0.506523
0.508832
0.511055
0.51319
0.515237
0.517195
0.519065
0.520845
0.522535
0.524135
0.525646
0.527068
0.528401
0.529646
0.530803
0.531872
0.532854
0.533749
0.534558
0.535284
0.535926
0.536486
0.536964
0.537361
0.537678
0.537917
0.538079
0.538166
0.538178
0.538117
0.537985
0.537784
0.537515
0.53718
0.536781
0.536319
0.535797
0.535217
0.53458
0.533887
0.533141
0.532344
0.531499
0.530606
0.52967
0.52869
0.52767
0.526612
0.525516
0.524387
0.523225
0.522034
0.520815
0.519571
0.518303
0.517015
0.515709
0.514387
0.513053
0.511706
0.51035
0.508987
0.507618
0.506246
0.504873
0.503502
0.502135
0.500774
0.499421
0.498078
0.496748
0.495432
0.494134
0.492855
0.491598
0.490366
0.489158
0.487978
0.486827
0.485708
0.484621
0.48357
0.482556
0.48158
0.480644
0.479751
0.478902
0.478099
0.477344
0.47664
0.475987
0.475387
0.474842
0.474352
0.47392
0.473545
0.473231
0.472979
0.472789
0.472664
0.472603
0.472608
0.47268
0.472821
0.473031
0.473311
0.473663
0.474087
0.474583
0.475153
0.475799
0.476519
0.477315
0.478187
0.479136
0.48016
0.48126
0.482438
0.483692
0.485023
0.486432
0.487917
0.48948
0.491119
0.492833
0.494623
0.496487
0.498426
0.500439
0.502525
0.504683
0.506912
0.509213
0.511583
0.514022
0.516528
0.519102
0.521741
0.524443
0.527206
0.530029
0.53291
0.535849
0.538843
0.541889
0.544986
0.548132
0.551325
0.554563
0.557842
0.561162
0.564519
0.567913
0.571341
0.574801
0.578291
0.581806
0.585346
0.588907
0.592487
0.596086
0.599699
0.603322
0.606953
0.61059
0.61423
0.617871
0.621509
0.625142
0.628766
0.63238
0.635982
0.639569
0.643137
0.646684
0.650208
0.653707
0.657177
0.660615
0.66402
0.66739
0.670721
0.674014
0.677265
0.680472
0.683632
0.686742
0.689802
0.692809
0.695761
0.698656
0.701492
0.704267
0.706981
0.709631
0.712216
0.714734
0.717184
0.719564
0.721875
0.724114
0.72628
0.728371
0.730388
0.732329
0.734193
0.73598
0.737688
0.739317
0.740866
0.742334
0.74372
0.745026
0.746249
0.747391
0.748452
0.749432
0.750331
0.751149
0.751884
0.75254
0.753117
0.753613
0.754028
0.754363
0.754619
0.754795
0.754893
0.754915
0.75486
0.75473
0.754525
0.754248
0.753898
0.753476
0.752985
0.752425
0.751797
0.751104
0.750344
0.74952
0.748635
0.747689
0.746684
0.74562
0.744501
0.743326
0.742098
0.740819
0.73949
0.738116
0.736695
0.735229
0.73372
0.732171
0.730583
0.728959
0.727298
0.725604
0.723878
0.722122
0.720337
0.718526
0.716688
0.714826
0.712941
0.711037
0.709114
0.707175
0.705222
0.703256
0.701278
0.69929
0.697294
0.695292
0.693285
0.691276
0.689265
0.687253
0.685242
0.683234
0.681229
0.67923
0.677237
0.675252
0.673275
0.671307
0.669352
0.667407
0.665475
0.663556
0.661652
0.659763
0.65789
0.656033
0.654194
0.652372
0.650569
0.648785
0.647021
0.645278
0.643556
0.641854
0.640175
0.638519
0.636886
0.635275
0.633687
0.632122
0.630581
0.629064
0.62757
0.626099
0.624651
0.623227
0.621827
0.620452
0.619102
0.617775
0.616473
0.615193
0.613938
0.612705
0.611498
0.610314
0.609154
0.608016
0.606902
0.605809
0.604739
0.603691
0.602665
0.601662
0.60068
0.599722
0.598785
0.597869
0.596974
0.596101
0.595249
0.594418
0.593607
0.592816
0.592046
0.591296
0.590566
0.589856
0.589167
0.588498
0.587851
0.587224
0.586619
0.586033
0.585468
0.584921
0.584395
0.583888
0.583402
0.582936
0.582491
0.582066
0.581662
0.581279
0.580917
0.580576
0.580256
0.579958
0.579681
0.579426
0.579193
0.578983
0.578794
0.578628
0.578485
0.578364
0.578266
0.578192
0.57814
0.578113
0.578109
0.578129
0.578174
0.578243
0.578336
0.578454
0.578596
0.578765
0.57896
0.57918
0.579424
0.579693
0.579986
0.580305
0.580649
0.581018
0.581412
0.581831
0.582275
0.582743
0.583235
0.583751
0.58429
0.584853
0.58544
0.586051
0.586686
0.587344
0.588025
0.588728
0.589454
0.590201
0.590969
0.591756
0.592564
0.59339
0.594235
0.595098
0.595979
0.596878
0.597792
0.598723
0.599669
0.600628
0.601601
0.602587
0.603585
0.604593
0.605612
0.606641
0.607679
0.608724
0.609776
0.610835
0.611898
0.612966
0.614038
0.615113
0.616189
0.617266
0.618342
0.619417
0.620488
0.621557
0.622621
0.62368
0.624733
0.62578
0.626819
0.62785
0.628872
0.629885
0.630887
0.631877
0.632855
0.63382
0.634771
0.635709
0.636632
0.637539
0.638432
0.639309
0.640169
0.641012
0.641838
0.642646
0.643435
0.644205
0.644956
0.645689
0.646401
0.647094
0.647767
0.64842
0.649054
0.649666
0.650259
0.65083
0.651382
0.651913
0.652425
0.652915
0.653383
0.653831
0.654258
0.654664
0.655048
0.655412
0.655756
0.65608
0.656384
0.656668
0.656934
0.65718
0.657407
0.657615
0.657804
0.657974
0.658125
0.658259
0.658375
0.658474
0.658554
0.658618
0.658666
0.658698
0.658712
0.658711
0.658693
0.658659
0.658609
0.658543
0.65846
0.658362
0.65825
0.658124
0.657983
0.65783
0.657662
0.657482
0.657288
0.657082
0.656862
0.65663
0.656384
0.656127
0.655859
0.655579
0.655286
0.654983
0.654668
0.654343
0.654007
0.653661
0.653305
0.652939
0.652563
0.652178
0.651785
0.651382
0.650971
0.650553
0.650126
0.649692
0.64925
0.6488
0.648342
0.647877
0.647404
0.646925
0.646438
0.645945
0.645446
0.644944
0.644436
0.643923
0.643404
0.64288
0.642353
0.641823
0.641289
0.640753
0.640214
0.639672
0.639127
0.63858
0.638032
0.637483
0.636933
0.636383
0.635833
0.635283
0.634733
0.634183
0.633633
0.633084
0.632535
0.631989
0.631442
0.630898
0.630356
0.629815
0.629278
0.628743
0.628211
0.627682
0.627156
0.626635
0.626117
0.625605
0.625098
0.624597
0.624102
0.623613
0.623131
0.622654
0.622184
0.62172
0.621263
0.620815
0.620375
0.619942
0.619518
0.619104
0.6187
0.618305
0.617919
0.617542
0.617175
0.616816
0.616466
0.616126
0.615795
0.615474
0.615164
0.614865
0.614578
0.614302
0.614036
0.613782
0.613539
0.61331
0.613092
0.612887
0.612694
0.612514
0.612346
0.612191
0.612048
0.611919
0.611802
0.611698
0.611607
0.611528
0.611463
0.611411
0.611372
0.611348
0.611337
0.611341
0.611359
0.61139
0.611434
0.611492
0.611564
0.611649
0.611748
0.61186
0.611986
0.612125
0.612277
0.61244
0.612615
0.6128
0.612996
0.613203
0.613421
0.613649
0.613885
0.61413
0.614384
0.614645
0.614913
0.615189
0.615471
0.615758
0.616049
0.616343
0.616639
0.616936
0.617234
0.617532
0.617829
0.618123
0.618414
0.618701
0.618985
0.619262
0.619534
0.619799
0.620055
0.620302
0.620537
0.62076
0.620971
0.621168
0.62135
0.621517
0.621667
0.621798
0.621911
0.622004
0.622076
0.622128
0.622157
0.622163
0.622146
0.622105
0.622038
0.621944
0.621824
0.621677
0.621501
0.621295
0.62106
0.620794
0.620498
0.620171
0.619813
0.619424
0.619003
0.618549
0.618063
0.617544
0.616992
0.616407
0.61579
0.61514
0.614458
0.613743
0.612997
0.61222
0.611414
0.610577
0.60971
0.608813
0.607886
0.606931
0.605948
0.604939
0.603905
0.602848
0.601766
0.600661
0.599534
0.598386
0.597218
0.596032
0.594827
0.593606
0.592369
0.591118
0.589854
0.588579
0.587293
0.585999
0.584697
0.58339
0.582078
0.580764
0.579449
0.578134
0.57682
0.575511
0.574207
0.572912
0.571624
0.570346
0.569079
0.567825
0.566584
0.565357
0.564146
0.562953
0.561778
0.560623
0.559491
0.558381
0.557294
0.556232
0.555196
0.554186
0.553205
0.552254
0.551332
0.550441
0.549581
0.548754
0.547959
0.547197
0.54647
0.545779
0.545123
0.544503
0.543918
0.543369
0.542856
0.542379
0.541939
0.541535
0.541168
0.540838
0.540544
0.540286
0.540064
0.539877
0.539725
0.539609
0.539528
0.539482
0.53947
0.539491
0.539545
0.539632
0.53975
0.5399
0.54008
0.54029
0.540528
0.540795
0.541089
0.54141
0.541758
0.542131
0.542528
0.542947
0.543389
0.543851
0.544333
0.544835
0.545355
0.545893
0.546447
0.547016
0.5476
0.548196
0.548804
0.549424
0.550053
0.550691
0.551336
0.551988
0.552645
0.553308
0.553974
0.554642
0.555313
0.555983
0.556654
0.557325
0.557993
0.558658
0.559319
0.559973
0.560621
0.561262
0.561895
0.562519
0.563132
0.563735
0.564326
0.564905
0.565471
0.566022
0.566557
0.567078
0.567583
0.568071
0.56854
0.568991
0.569423
0.569836
0.570229
0.570601
0.57095
0.571276
0.571578
0.571857
0.572111
0.572341
0.572547
0.572727
0.572881
0.57301
0.573112
0.573188
0.573237
0.57326
0.573256
0.573226
0.57317
0.573086
0.572977
0.572841
0.572679
0.572491
0.572278
0.57204
0.571777
0.57149
0.571179
0.570843
0.570485
0.570103
0.569699
0.569273
0.568826
0.568361
0.567877
0.567375
0.566856
0.56632
0.56577
0.565206
0.564627
0.564035
0.563432
0.562818
0.562195
0.561564
0.560927
0.560285
0.559639
0.55899
0.558341
0.557691
0.557043
0.556398
0.555759
0.555125
0.5545
0.553883
0.553276
0.552681
0.552098
0.551529
0.550977
0.550443
0.549929
0.549436
0.548965
0.548519
0.548098
0.547703
0.547336
0.546998
0.54669
0.546414
0.546172
0.545965
0.545793
0.54566
0.545565
0.54551
0.545495
0.545522
0.545592
0.545705
0.545863
0.546066
0.546317
0.546616
0.546963
0.54736
0.547806
0.548301
0.548846
0.549441
0.550087
0.550783
0.55153
0.552328
0.553179
0.554082
0.555036
0.556041
0.557097
0.558204
0.559363
0.560571
0.561829
0.563137
0.564494
0.5659
0.567353
0.568854
0.570401
0.571993
0.573629
0.57531
0.577033
0.578797
0.580602
0.582445
0.584328
0.586247
0.588202
0.590191
0.592213
0.594268
0.596353
0.598468
0.60061
0.602779
0.604972
0.607188
0.609425
0.611683
0.613959
0.616253
0.618563
0.620886
0.623222
0.625568
0.627922
0.630284
0.632652
0.635024
0.637398
0.639773
0.642147
0.644518
0.646884
0.649244
0.651597
0.653942
0.656277
0.6586
0.66091
0.663205
0.665483
0.667745
0.669988
0.672209
0.674408
0.676584
0.678734
0.680857
0.682953
0.685019
0.687055
0.689058
0.691028
0.692963
0.694862
0.696725
0.698551
0.700339
0.702087
0.703794
0.70546
0.707084
0.708664
0.7102
0.711691
0.713137
0.714537
0.71589
0.717195
0.718451
0.719658
0.720817
0.721926
0.722983
0.723989
0.724942
0.725843
0.72669
0.727485
0.728225
0.728911
0.729543
0.73012
0.730643
0.731111
0.731524
0.731883
0.732188
0.732438
0.732633
0.732774
0.73286
0.732892
0.73287
0.732794
0.732665
0.732481
0.732245
0.731955
0.731613
0.731219
0.730774
0.730279
0.729735
0.729142
0.7285
0.72781
0.727071
0.726284
0.72545
0.724571
0.723645
0.722676
0.721663
0.720607
0.719509
0.71837
0.717191
0.715973
0.714718
0.713427
0.7121
0.710738
0.709342
0.707913
0.706454
0.704965
0.703446
0.701899
0.700326
0.698727
0.697103
0.695456
0.693787
0.692099
0.690391
0.688665
0.686924
0.685169
0.683401
0.68162
0.679829
0.678028
0.67622
0.674405
0.672587
0.670764
0.66894
0.667115
0.665292
0.663471
0.661654
0.659843
0.658038
0.656242
0.654454
0.652678
0.650914
0.649165
0.64743
0.645714
0.644016
0.642338
0.64068
0.639044
0.637431
0.635843
0.634282
0.632748
0.631245
0.629771
0.628329
0.626919
0.625542
0.6242
0.622895
0.621626
0.620394
0.619201
0.618046
0.616933
0.61586
0.614829
0.613839
0.612892
0.611988
0.611129
0.610315
0.609544
0.608819
0.608139
0.607506
0.606918
0.606377
0.605883
0.605433
0.605028
0.604668
0.604352
0.604081
0.603852
0.603667
0.603523
0.603419
0.603356
0.603332
0.603346
0.603397
0.603484
0.603604
0.603757
0.603942
0.604155
0.604397
0.604666
0.60496
0.605277
0.605617
0.605978
0.606357
0.606754
0.607166
0.607594
0.608033
0.608483
0.608942
0.609408
0.609879
0.610353
0.61083
0.611308
0.611784
0.612258
0.612728
0.613193
0.613652
0.614105
0.61455
0.614985
0.61541
0.615826
0.61623
0.61662
0.616996
0.617356
0.6177
0.618028
0.618339
0.618633
0.618908
0.619166
0.619405
0.619625
0.619824
0.620003
0.620161
0.620297
0.620411
0.620505
0.620577
0.620627
0.620657
0.620665
0.620651
0.620616
0.62056
0.620483
0.620386
0.620269
0.620131
0.619973
0.619795
0.619598
0.619382
0.619147
0.618892
0.618618
0.618326
0.618015
0.617686
0.617339
0.616974
0.616592
0.616192
0.615776
0.615344
0.614895
0.614431
0.613952
0.613456
0.612946
0.612421
0.611881
0.611327
0.61076
0.610179
0.609585
0.608979
0.60836
0.60773
0.607088
0.606435
0.60577
0.605095
0.60441
0.603714
0.603008
0.602294
0.601571
0.60084
0.6001
0.599352
0.598597
0.597835
0.597066
0.596291
0.59551
0.594723
0.593932
0.593137
0.592336
0.591533
0.590727
0.589919
0.589109
0.588299
0.587487
0.586675
0.585864
0.585053
0.584243
0.583435
0.58263
0.581828
0.58103
0.580236
0.579447
0.578663
0.577885
0.577113
0.576349
0.575593
0.574846
0.574108
0.57338
0.572661
0.571953
0.571257
0.570574
0.569902
0.569244
0.5686
0.567971
0.567357
0.566759
0.566177
0.565611
0.565063
0.564533
0.564023
0.563531
0.563059
0.562607
0.562176
0.561765
0.561376
0.561008
0.560663
0.560341
0.560043
0.559771
0.559524
0.559301
0.559105
0.558933
0.558787
0.558667
0.558574
0.558508
0.55847
0.55846
0.558478
0.558526
0.558605
0.558713
0.558851
0.559019
0.559217
0.559444
0.559703
0.559993
0.560314
0.560667
0.561052
0.561469
0.561918
0.562398
0.56291
0.563453
0.564028
0.564635
0.565273
0.565942
0.566643
0.567374
0.568135
0.568928
0.569751
0.570602
0.571483
0.572391
0.573327
0.574288
0.575275
0.576287
0.577324
0.578383
0.579465
0.580567
0.581689
0.582832
0.583991
0.585167
0.586356
0.587559
0.588773
0.589999
0.591233
0.592474
0.593721
0.594972
0.596226
0.59748
0.598733
0.599983
0.601229
0.602468
0.6037
0.604922
0.606132
0.607328
0.60851
0.609674
0.61082
0.611946
0.613052
0.614136
0.615195
0.616227
0.617232
0.618208
0.619155
0.62007
0.620953
0.621801
0.622613
0.623389
0.624128
0.624828
0.62549
0.626113
0.626696
0.627237
0.627737
0.628196
0.628613
0.628987
0.629318
0.629605
0.62985
0.630051
0.630209
0.630324
0.630397
0.630427
0.630414
0.63036
0.630263
0.630125
0.629948
0.629732
0.629478
0.629185
0.628858
0.628495
0.628098
0.627667
0.627204
0.626709
0.626185
0.625633
0.625053
0.624446
0.623814
0.623158
0.622478
0.621778
0.621059
0.620321
0.619567
0.618796
0.61801
0.617211
0.6164
0.615578
0.614746
0.613906
0.61306
0.612207
0.61135
0.610491
0.609629
0.608766
0.607903
0.607039
0.606177
0.605316
0.604459
0.603606
0.602757
0.601915
0.601078
0.600248
0.599426
0.598611
0.597804
0.597005
0.596215
0.595436
0.594666
0.593906
0.593155
0.592415
0.591686
0.590967
0.590258
0.589561
0.588875
0.588201
0.587538
0.586888
0.586252
0.585628
0.585017
0.584418
0.58383
0.583254
0.582691
0.582139
0.581601
0.581077
0.580566
0.580069
0.579585
0.579115
0.57866
0.57822
0.577795
0.577385
0.576991
0.576613
0.576251
0.575907
0.57558
0.575271
0.574981
0.574711
0.574462
0.574232
0.574023
0.573836
0.57367
0.573529
0.573411
0.573318
0.57325
0.573207
0.573191
0.573202
0.57324
0.573306
0.573401
0.573525
0.573679
0.573864
0.574079
0.574325
0.574603
0.574914
0.575259
0.575639
0.576051
0.576495
0.576971
0.577481
0.578025
0.578602
0.579212
0.579855
0.580531
0.58124
0.581982
0.582755
0.583561
0.584399
0.585269
0.58617
0.587102
0.588064
0.589057
0.590078
0.591128
0.592205
0.593309
0.59444
0.595596
0.596778
0.597984
0.599214
0.600466
0.601741
0.603037
0.604354
0.605691
0.607046
0.608418
0.609807
0.611211
0.612629
0.61406
0.615503
0.616958
0.618423
0.619897
0.621379
0.622868
0.624363
0.625862
0.627366
0.628873
0.630384
0.631896
0.633408
0.634918
0.636427
0.637933
0.639436
0.640933
0.642425
0.643911
0.645389
0.646857
0.648316
0.649763
0.651199
0.652621
0.654029
0.655422
0.656799
0.658159
0.6595
0.660822
0.662124
0.663405
0.664664
0.6659
0.667112
0.668301
0.669465
0.670603
0.671718
0.672806
0.673865
0.674897
0.6759
0.676872
0.677814
0.678724
0.679603
0.680449
0.681261
0.682039
0.682783
0.68349
0.684162
0.684797
0.685396
0.68596
0.686486
0.686975
0.687426
0.687837
0.688208
0.68854
0.688832
0.689085
0.689299
0.689472
0.689605
0.689697
0.68975
0.689762
0.689734
0.689666
0.689557
0.689407
0.689219
0.688992
0.688726
0.68842
0.688074
0.687689
0.687265
0.686804
0.686305
0.685769
0.685195
0.684585
0.683938
0.683256
0.682539
0.681787
0.681002
0.680184
0.679333
0.678452
0.67754
0.676598
0.675627
0.67463
0.673605
0.672553
0.671476
0.670374
0.669248
0.668099
0.666929
0.665739
0.664529
0.663302
0.662059
0.6608
0.659525
0.658236
0.656935
0.655622
0.6543
0.652968
0.651628
0.650281
0.648928
0.647571
0.64621
0.644846
0.643483
0.64212
0.640759
0.639401
0.638047
0.636698
0.635357
0.634025
0.632701
0.631387
0.630085
0.628796
0.627522
0.626265
0.625024
0.6238
0.622596
0.621413
0.620251
0.619111
0.617994
0.616901
0.615833
0.61479
0.613774
0.612787
0.611828
0.610899
0.61
0.609131
0.608293
0.607488
0.606715
0.605975
0.605269
0.604597
0.60396
0.603357
0.602789
0.602257
0.601762
0.601302
0.600878
0.600489
0.600136
0.599818
0.599536
0.59929
0.599078
0.5989
0.598758
0.59865
0.598577
0.598537
0.598531
0.598557
0.598616
0.598707
0.598829
0.598982
0.599164
0.599374
0.599612
0.599877
0.600169
0.600487
0.600831
0.6012
0.601592
0.602007
0.602442
0.602897
0.603372
0.603866
0.604378
0.604907
0.60545
0.606008
0.606579
0.607163
0.607757
0.608362
0.608976
0.609597
0.610226
0.610861
0.611501
0.612145
0.612793
0.613444
0.614096
0.614748
0.615401
0.616054
0.616704
0.617352
0.617996
0.618636
0.619272
0.619903
0.620529
0.621148
0.62176
0.622365
0.622961
0.623548
0.624126
0.624693
0.625249
0.625793
0.626325
0.626845
0.627352
0.627846
0.628326
0.628794
0.629247
0.629687
0.630112
0.630522
0.630917
0.631298
0.631663
0.632012
0.632345
0.632663
0.632965
0.633251
0.633521
0.633774
0.634011
0.634231
0.634434
0.634621
0.634792
0.634949
0.635089
0.635213
0.635322
0.635416
0.635494
0.635558
0.635607
0.635641
0.635662
0.635668
0.63566
0.635638
0.635602
0.635551
0.635489
0.635414
0.635326
0.635225
0.635112
0.634987
0.63485
0.634701
0.634541
0.63437
0.634189
0.633999
0.633799
0.633589
0.63337
0.633143
0.632908
0.632666
0.632417
0.632162
0.6319
0.631633
0.631361
0.631084
0.630801
0.630514
0.630224
0.629929
0.62963
0.629327
0.629021
0.628711
0.628397
0.628081
0.627761
0.62744
0.627115
0.626788
0.626459
0.626127
0.625793
0.625455
0.625115
0.624773
0.624429
0.624083
0.623736
0.623387
0.623036
0.622683
0.622327
0.62197
0.621609
0.621245
0.620878
0.620508
0.620135
0.619757
0.619377
0.618992
0.618603
0.618211
0.617814
0.617412
0.617007
0.616598
0.616184
0.615767
0.615344
0.614918
0.614486
0.61405
0.61361
0.613166
0.612717
0.612263
0.611804
0.611342
0.610876
0.610405
0.609929
0.609448
0.608963
0.608473
0.607979
0.607482
0.606981
0.606477
0.605969
0.605458
0.604943
0.604426
0.603906
0.603384
0.602859
0.602333
0.601805
0.601275
0.600744
0.600211
0.599679
0.599148
0.598617
0.598086
0.597556
0.597026
0.596498
0.595972
0.595448
0.594926
0.594407
0.59389
0.593376
0.592865
0.592357
0.591852
0.59135
0.590853
0.590361
0.589874
0.589391
0.588913
0.58844
0.587972
0.587509
0.587052
0.586601
0.586156
0.585718
0.585286
0.584861
0.584442
0.58403
0.583626
0.583229
0.582839
0.582456
0.582081
0.581714
0.581356
0.581005
0.580663
0.580328
0.580003
0.579687
0.57938
0.579081
0.57879
0.57851
0.578238
0.577975
0.577721
0.577478
0.577245
0.57702
0.576806
0.576599
0.576403
0.576216
0.576039
0.575872
0.575715
0.575568
0.575432
0.575307
0.575191
0.575085
0.574991
0.574907
0.574835
0.574772
0.574721
0.574681
0.574653
0.574637
0.574632
0.57464
0.574659
0.574689
0.574732
0.574787
0.574855
0.574935
0.575028
0.575133
0.575251
0.575381
0.575525
0.575681
0.575849
0.576031
0.576225
0.576432
0.576652
0.576886
0.577133
0.577393
0.577667
0.577954
0.578256
0.57857
0.578898
0.579239
0.579595
0.579966
0.58035
0.580748
0.581162
0.581589
0.582028
0.58248
0.582945
0.583422
0.583911
0.584412
0.584925
0.585451
0.585989
0.586537
0.587097
0.587667
0.588247
0.588836
0.589433
0.590039
0.590654
0.591276
0.591905
0.592542
0.593186
0.593835
0.594489
0.595147
0.595808
0.596473
0.59714
0.59781
0.598482
0.599155
0.599828
0.600501
0.601171
0.601839
0.602503
0.603162
0.603817
0.604465
0.605108
0.605742
0.606367
0.606983
0.607589
0.608186
0.608772
0.609345
0.609905
0.61045
0.61098
0.611493
0.611991
0.612473
0.612937
0.613382
0.613809
0.614216
0.614603
0.614969
0.615314
0.615637
0.615938
0.616216
0.616472
0.616705
0.616914
0.617099
0.61726
0.617395
0.617505
0.617589
0.617648
0.617681
0.617688
0.61767
0.617626
0.617556
0.61746
0.61734
0.617194
0.617024
0.616829
0.616609
0.616366
0.616099
0.615809
0.615496
0.61516
0.614803
0.614425
0.614027
0.613609
0.613172
0.612716
0.612241
0.61175
0.611241
0.610717
0.610177
0.609623
0.609054
0.608472
0.607878
0.607274
0.606659
0.606034
0.6054
0.604759
0.60411
0.603456
0.602796
0.602131
0.601462
0.600789
0.600114
0.599437
0.598759
0.598081
0.597403
0.596725
0.596048
0.595371
0.594698
0.594027
0.59336
0.592696
0.592036
0.591381
0.590731
0.590088
0.589451
0.58882
0.588197
0.587581
0.586973
0.586374
0.585783
0.585201
0.584627
0.584064
0.583509
0.582963
0.582425
0.581895
0.581375
0.580863
0.580361
0.579868
0.579384
0.578909
0.578443
0.577987
0.57754
0.577101
0.576671
0.576249
0.575834
0.575427
0.575028
0.574637
0.574254
0.573879
0.57351
0.57315
0.572797
0.57245
0.572111
0.571778
0.571452
0.571133
0.57082
0.570514
0.570214
0.569922
0.569635
0.569356
0.569084
0.56882
0.568563
0.568311
0.568066
0.567829
0.567598
0.567375
0.56716
0.566951
0.56675
0.566557
0.566372
0.566195
0.566026
0.565865
0.565712
0.565568
0.565432
0.565307
0.56519
0.565083
0.564985
0.564898
0.564822
0.564755
0.564699
0.564654
0.564619
0.564595
0.564583
0.564582
0.564593
0.564615
0.564648
0.564693
0.564751
0.564821
0.564903
0.564998
0.565106
0.565226
0.565357
0.565502
0.565659
0.565829
0.566011
0.566205
0.566412
0.56663
0.56686
0.567101
0.567355
0.56762
0.567898
0.568187
0.568486
0.568796
0.569116
0.569446
0.569785
0.570134
0.570491
0.570858
0.571232
0.571614
0.572006
0.572406
0.572813
0.573226
0.573646
0.574073
0.574507
0.574946
0.575392
0.575842
0.576297
0.576757
0.577222
0.577691
0.578164
0.57864
0.579119
0.579602
0.580086
0.580573
0.581064
0.581558
0.582054
0.582551
0.583051
0.583551
0.584052
0.584554
0.585057
0.585562
0.586068
0.586575
0.587085
0.587596
0.588108
0.588622
0.589137
0.589654
0.590173
0.590693
0.591216
0.591742
0.59227
0.592802
0.593337
0.593876
0.594419
0.594966
0.595517
0.596072
0.596632
0.597197
0.597767
0.598342
0.598923
0.59951
0.600102
0.600699
0.601302
0.601912
0.602528
0.60315
0.60378
0.604417
0.60506
0.605711
0.606368
0.607032
0.607703
0.608381
0.609066
0.609758
0.610457
0.611164
0.611879
0.612602
0.613332
0.614069
0.614814
0.615564
0.616321
0.617085
0.617857
0.618634
0.619418
0.620208
0.621005
0.621808
0.622618
0.623433
0.624254
0.625082
0.625916
0.626756
0.627603
0.628455
0.629312
0.630174
0.631041
0.631913
0.63279
0.633671
0.634557
0.635448
0.636345
0.637247
0.638154
0.639067
0.639985
0.640908
0.641835
0.642768
0.643705
0.644647
0.645594
0.646545
0.647502
0.648462
0.649427
0.650396
0.651368
0.652343
0.653322
0.654304
0.655288
0.656276
0.657266
0.658259
0.659256
0.660255
0.661254
0.662254
0.663256
0.664257
0.665258
0.666259
0.66726
0.668261
0.669261
0.67026
0.671257
0.672251
0.673242
0.674227
0.675209
0.676188
0.677161
0.678128
0.67909
0.680044
0.680989
0.681926
0.682853
0.683771
0.684678
0.685574
0.686459
0.687331
0.688189
0.689034
0.689865
0.690681
0.691482
0.692267
0.693033
0.693783
0.694516
0.69523
0.695926
0.696602
0.697258
0.697892
0.698504
0.699093
0.699661
0.700207
0.700731
0.701231
0.701708
0.702159
0.702584
0.702983
0.703355
0.7037
0.704018
0.70431
0.704574
0.704811
0.70502
0.7052
0.705352
0.705475
0.705571
0.705639
0.705681
0.705694
0.705678
0.705634
0.705561
0.705459
0.705328
0.705169
0.704982
0.704766
0.704522
0.704249
0.703948
0.70362
0.703264
0.70288
0.702469
0.702032
0.701569
0.70108
0.700564
0.700022
0.699454
0.698861
0.698242
0.697599
0.696932
0.696243
0.69553
0.694794
0.694035
0.693255
0.692453
0.691629
0.690785
0.68992
0.689035
0.68813
0.687206
0.686262
0.685302
0.684323
0.683325
0.682311
0.681279
0.680231
0.679166
0.678086
0.67699
0.675881
0.674757
0.673618
0.672464
0.671296
0.670115
0.66892
0.667712
0.666492
0.665259
0.664016
0.662761
0.661496
0.660219
0.658932
0.657634
0.656326
0.655009
0.653682
0.652347
0.651002
0.64965
0.648291
0.646925
0.645554
0.644176
0.642794
0.641406
0.640014
0.638619
0.637221
0.635819
0.634414
0.633008
0.631599
0.63019
0.628779
0.627369
0.625958
0.624548
0.623139
0.62173
0.620324
0.618921
0.617521
0.616126
0.614737
0.613353
0.611975
0.610604
0.609239
0.607882
0.606533
0.605193
0.603862
0.602542
0.601232
0.599932
0.598646
0.597373
0.596114
0.59487
0.593642
0.592431
0.591236
0.590058
0.588899
0.587758
0.586636
0.585535
0.584456
0.583398
0.582363
0.581352
0.580365
0.579403
0.578467
0.577557
0.576676
0.575821
0.574994
0.574196
0.573428
0.572689
0.571983
0.571308
0.570666
0.570057
0.569481
0.56894
0.568434
0.567963
0.567527
0.567126
0.566761
0.566432
0.566139
0.565882
0.565662
0.565478
0.565331
0.565221
0.565148
0.565113
0.565114
0.565151
0.565225
0.565334
0.565479
0.56566
0.565877
0.566128
0.566414
0.566732
0.567083
0.567465
0.567878
0.568321
0.568794
0.569296
0.569826
0.570381
0.570962
0.571567
0.572194
0.572845
0.573516
0.574208
0.574918
0.575645
0.576387
0.577143
0.577911
0.57869
0.579478
0.580273
0.581075
0.58188
0.582689
0.5835
0.58431
0.585118
0.585922
0.586722
0.587516
0.588302
0.589079
0.589845
0.590599
0.591337
0.59206
0.592765
0.593452
0.594118
0.594763
0.595385
0.595983
0.596555
0.597101
0.597618
0.598105
0.598563
0.59899
0.599384
0.599746
0.600073
0.600367
0.600625
0.600846
0.601032
0.601181
0.601293
0.601368
0.601405
0.601403
0.601363
0.601284
0.601166
0.601009
0.600813
0.60058
0.600309
0.6
0.599654
0.599271
0.598853
0.5984
0.597913
0.597393
0.596841
0.596257
0.595642
0.594998
0.594325
0.593625
0.5929
0.59215
0.591377
0.590583
0.589767
0.588934
0.588084
0.587219
0.586339
0.585448
0.584547
0.583638
0.582724
0.581805
0.580884
0.579964
0.579045
0.578129
0.577217
0.576314
0.575419
0.574537
0.573668
0.572814
0.571977
0.57116
0.570363
0.56959
0.568842
0.568119
0.567424
0.566759
0.566125
0.565525
0.564959
0.564432
0.563943
0.563493
0.563084
0.562716
0.562392
0.562112
0.561877
0.561688
0.561547
0.561454
0.561411
0.561418
0.561475
0.561584
0.561746
0.56196
0.562226
0.562544
0.562914
0.563338
0.563814
0.564343
0.564925
0.56556
0.566247
0.566986
0.567776
0.568618
0.569511
0.570453
0.571444
0.572484
0.573571
0.574706
0.575888
0.577114
0.578383
0.579695
0.58105
0.582446
0.583881
0.585354
0.586862
0.588406
0.589984
0.591595
0.593236
0.594908
0.596608
0.598334
0.600084
0.601856
0.603648
0.60546
0.607289
0.609135
0.610995
0.612867
0.614749
0.616641
0.618539
0.620443
0.622351
0.62426
0.626169
0.628076
0.629979
0.631878
0.633769
0.635651
0.637522
0.63938
0.641224
0.643052
0.644863
0.646655
0.648425
0.650175
0.651901
0.653602
0.655275
0.656921
0.658537
0.660123
0.661677
0.663197
0.664683
0.666133
0.667545
0.668917
0.67025
0.671543
0.672795
0.674004
0.67517
0.67629
0.677366
0.678394
0.679375
0.680309
0.681194
0.682029
0.682814
0.683548
0.684231
0.684865
0.685448
0.685977
0.686455
0.68688
0.687252
0.687571
0.687835
0.688044
0.688199
0.6883
0.688346
0.688337
0.688274
0.688156
0.687984
0.687757
0.687477
0.687144
0.686755
0.686313
0.68582
0.685274
0.684674
0.684023
0.683319
0.682563
0.681756
0.680897
0.679988
0.67903
0.678023
0.676967
0.675863
0.674711
0.673513
0.672269
0.67098
0.669647
0.668269
0.666849
0.665387
0.663884
0.662341
0.660759
0.659138
0.65748
0.655786
0.654057
0.652294
0.650499
0.648673
0.646817
0.644932
0.64302
0.641082
0.63912
0.637134
0.635125
0.633096
0.63105
0.628988
0.62691
0.624818
0.622715
0.6206
0.618475
0.616342
0.614203
0.61206
0.609916
0.60777
0.605626
0.603485
0.601348
0.599218
0.597097
0.594987
0.592889
0.590804
0.588735
0.586684
0.584653
0.582643
0.580656
0.578695
0.576759
0.574852
0.572974
0.571127
0.569314
0.567535
0.565791
0.564086
0.562419
0.560793
0.559209
0.557669
0.556174
0.554724
0.553323
0.551969
0.550666
0.549414
0.548213
0.547065
0.545973
0.544935
0.543953
0.543027
0.542158
0.541348
0.540594
0.539899
0.53926
0.53868
0.538159
0.537698
0.537296
0.536953
0.536668
0.536442
0.536273
0.536163
0.536109
0.536113
0.536172
0.536287
0.536456
0.53668
0.536957
0.537288
0.53767
0.538104
0.538588
0.539122
0.539704
0.540334
0.541011
0.541734
0.542502
0.543313
0.544167
0.545061
0.545995
0.546967
0.547976
0.549022
0.550103
0.551218
0.552365
0.553543
0.554751
0.555987
0.55725
0.558539
0.559853
0.56119
0.56255
0.56393
0.56533
0.566748
0.568183
0.569635
0.571102
0.572584
0.574079
0.575585
0.5771
0.578625
0.580158
0.581697
0.583241
0.58479
0.586342
0.587896
0.589451
0.591006
0.592561
0.594115
0.595667
0.597215
0.598758
0.600295
0.601825
0.603346
0.604859
0.606363
0.607856
0.609337
0.610806
0.612261
0.613702
0.615128
0.616537
0.617929
0.619302
0.620657
0.621992
0.623307
0.624599
0.625868
0.627113
0.628334
0.62953
0.6307
0.631843
0.632959
0.634046
0.635106
0.636135
0.637134
0.638102
0.639041
0.639948
0.640823
0.641665
0.642475
0.643252
0.643996
0.644706
0.645383
0.646026
0.646635
0.647211
0.647752
0.648258
0.64873
0.649168
0.649572
0.649944
0.650281
0.650585
0.650856
0.651094
0.6513
0.651474
0.651615
0.651725
0.651803
0.651851
0.651869
0.651858
0.651818
0.651751
0.651655
0.651532
0.651383
0.65121
0.651012
0.65079
0.650545
0.650276
0.649986
0.649674
0.649342
0.648991
0.648622
0.648235
0.647832
0.647413
0.646978
0.64653
0.646067
0.645592
0.645105
0.644606
0.644096
0.643577
0.643048
0.642511
0.641967
0.641418
0.640862
0.640302
0.639738
0.63917
0.6386
0.638027
0.637452
0.636878
0.636303
0.63573
0.635157
0.634586
0.634018
0.633454
0.632894
0.632338
0.631786
0.631241
0.630702
0.63017
0.629647
0.629132
0.628623
0.628123
0.627631
0.627149
0.626676
0.626212
0.625759
0.625315
0.624883
0.624461
0.62405
0.623651
0.623263
0.622889
0.622526
0.622176
0.621838
0.621512
0.621199
0.620897
0.620607
0.62033
0.620066
0.619815
0.619579
0.619355
0.619145
0.618949
0.618766
0.618596
0.618439
0.618293
0.61816
0.61804
0.617933
0.617839
0.617759
0.617691
0.617636
0.617593
0.617562
0.617543
0.617535
0.617539
0.617553
0.617579
0.617618
0.617667
0.617728
0.617799
0.617882
0.617975
0.618079
0.618194
0.618319
0.618454
0.618599
0.618755
0.618921
0.619096
0.619282
0.619477
0.619681
0.619893
0.620114
0.620343
0.620582
0.620829
0.621084
0.621348
0.62162
0.6219
0.622187
0.622482
0.622784
0.623093
0.623408
0.62373
0.624058
0.624392
0.624732
0.625078
0.62543
0.625787
0.626149
0.626517
0.626889
0.627264
0.627645
0.628028
0.628414
0.628803
0.629194
0.629587
0.629983
0.63038
0.630778
0.631176
0.631574
0.631974
0.632373
0.632771
0.633168
0.633562
0.633954
0.634344
0.63473
0.635112
0.63549
0.635862
0.636231
0.636594
0.63695
0.6373
0.637643
0.63798
0.638308
0.638629
0.63894
0.639241
0.639531
0.63981
0.640077
0.640333
0.640577
0.640808
0.641026
0.641231
0.641421
0.641596
0.641757
0.641904
0.642036
0.642153
0.642256
0.642342
0.642413
0.642467
0.642503
0.642524
0.642527
0.642514
0.642483
0.642436
0.642373
0.642293
0.642195
0.642082
0.641952
0.641806
0.641644
0.641468
0.641275
0.641067
0.640843
0.640604
0.640349
0.640079
0.639793
0.639491
0.639175
0.638844
0.638498
0.638138
0.637765
0.63738
0.636982
0.636571
0.636148
0.635712
0.635265
0.634804
0.634332
0.633849
0.633355
0.63285
0.632334
0.631806
0.631267
0.630719
0.63016
0.62959
0.629009
0.628417
0.627814
0.6272
0.626576
0.625941
0.625295
0.624637
0.623968
0.623288
0.622597
0.621895
0.621182
0.620458
0.619723
0.618976
0.618217
0.617446
0.616664
0.615871
0.615067
0.61425
0.613421
0.612581
0.611728
0.610863
0.609986
0.609099
0.6082
0.607289
0.606367
0.605434
0.604488
0.603531
0.602564
0.601586
0.600599
0.599603
0.598597
0.597582
0.596558
0.595527
0.594487
0.59344
0.592386
0.591324
0.590257
0.589184
0.588107
0.587025
0.58594
0.584853
0.583763
0.582671
0.581579
0.580487
0.579397
0.578309
0.577224
0.576144
0.575068
0.573998
0.572936
0.571882
0.570838
0.569805
0.568783
0.567775
0.566781
0.565803
0.56484
0.563895
0.562967
0.562059
0.561172
0.560306
0.559463
0.558643
0.557848
0.557079
0.556337
0.555622
0.554937
0.554281
0.553657
0.553065
0.552506
0.551982
0.551491
0.551035
0.550615
0.550231
0.549884
0.549574
0.549302
0.549068
0.548872
0.548715
0.5486
0.548525
0.54849
0.548496
0.548541
0.548627
0.548753
0.54892
0.549127
0.549373
0.54966
0.549986
0.550352
0.550756
0.551199
0.551679
0.552197
0.552751
0.553342
0.553969
0.55463
0.555327
0.556058
0.556822
0.557618
0.558445
0.559304
0.560194
0.561112
0.562059
0.563032
0.564032
0.565058
0.566108
0.567181
0.568276
0.569391
0.570527
0.571682
0.572855
0.574045
0.575252
0.576473
0.577708
0.578956
0.580217
0.58149
0.582773
0.584066
0.585367
0.586674
0.587989
0.589309
0.590634
0.591962
0.593292
0.594623
0.595956
0.597288
0.598619
0.599949
0.601276
0.602599
0.603918
0.605233
0.606542
0.607844
0.60914
0.610427
0.611705
0.612975
0.614235
0.615485
0.616724
0.61795
0.619163
0.620363
0.621549
0.622719
0.623875
0.625014
0.626138
0.627247
0.628338
0.629411
0.630466
0.631501
0.632518
0.633515
0.634491
0.635445
0.636378
0.637289
0.638176
0.639041
0.639883
0.6407
0.641494
0.642266
0.643012
0.643733
0.644429
0.645099
0.645743
0.64636
0.64695
0.647514
0.64805
0.648559
0.649041
0.649494
0.64992
0.650317
0.650686
0.651026
0.651337
0.65162
0.651873
0.652098
0.652296
0.652464
0.652604
0.652715
0.652795
0.652847
0.652869
0.652861
0.652824
0.652758
0.652663
0.652541
0.65239
0.65221
0.652003
0.651767
0.651504
0.651213
0.650894
0.650548
0.650174
0.649773
0.649345
0.64889
0.64841
0.647904
0.647373
0.646817
0.646237
0.645633
0.645005
0.644356
0.643684
0.64299
0.642276
0.641541
0.640787
0.640014
0.639221
0.638412
0.637585
0.636743
0.635886
0.635014
0.634128
0.633229
0.63232
0.631398
0.630466
0.629524
0.628573
0.627615
0.62665
0.625679
0.624703
0.623724
0.622742
0.621758
0.620773
0.619789
0.618805
0.617825
0.616849
0.615877
0.614911
0.613952
0.613001
0.612059
0.611129
0.610211
0.609307
0.608416
0.607541
0.606682
0.605841
0.605019
0.604216
0.603434
0.602674
0.601935
0.601222
0.600533
0.599869
0.599233
0.598624
0.598043
0.597491
0.596969
0.596477
0.596016
0.595586
0.595187
0.594822
0.59449
0.594191
0.593928
0.593698
0.593503
0.593343
0.593217
0.593126
0.593071
0.593051
0.593065
0.593116
0.593202
0.593324
0.593479
0.593669
0.593893
0.594148
0.594436
0.594756
0.595107
0.595489
0.5959
0.596339
0.596806
0.597299
0.597817
0.59836
0.598926
0.599515
0.600125
0.600756
0.601405
0.602073
0.602757
0.603457
0.604171
0.604897
0.605635
0.606383
0.60714
0.607905
0.608677
0.609454
0.610235
0.611019
0.611806
0.612592
0.613378
0.614161
0.614942
0.61572
0.616493
0.617259
0.618017
0.618767
0.619507
0.620237
0.620957
0.621666
0.622362
0.623046
0.623717
0.624373
0.625013
0.625638
0.626247
0.626839
0.627414
0.62797
0.628507
0.629025
0.629524
0.630004
0.630465
0.630907
0.63133
0.631734
0.632119
0.632484
0.63283
0.633157
0.633464
0.633754
0.634024
0.634276
0.634508
0.634723
0.634921
0.635102
0.635264
0.63541
0.635538
0.635651
0.635749
0.635832
0.635901
0.635955
0.635995
0.63602
0.636033
0.636033
0.636021
0.635996
0.635961
0.635917
0.635864
0.635801
0.63573
0.635652
0.635565
0.635471
0.635369
0.63526
0.635145
0.635023
0.634897
0.634765
0.634629
0.634491
0.634349
0.634204
0.634056
0.633905
0.633753
0.633597
0.633439
0.633279
0.633118
0.632955
0.632791
0.632627
0.632462
0.632298
0.632135
0.63197
0.631806
0.631642
0.63148
0.631319
0.631159
0.631002
0.630845
0.63069
0.630536
0.630382
0.630229
0.630075
0.629923
0.629773
0.629624
0.629475
0.629325
0.629176
0.629027
0.628876
0.628724
0.628571
0.628416
0.628259
0.628099
0.627937
0.627772
0.627603
0.62743
0.627253
0.627072
0.626885
0.626694
0.626498
0.626295
0.626087
0.625871
0.625648
0.625419
0.625181
0.624934
0.624678
0.624412
0.624136
0.623851
0.623556
0.623251
0.622934
0.622606
0.622266
0.621913
0.621548
0.621169
0.620778
0.620373
0.619952
0.619517
0.619067
0.618601
0.618119
0.617621
0.617108
0.616577
0.616031
0.615469
0.61489
0.614294
0.613683
0.613055
0.612411
0.611751
0.611076
0.610385
0.60968
0.608958
0.608222
0.607471
0.606707
0.605929
0.605139
0.604337
0.603524
0.602701
0.601868
0.601026
0.600177
0.599322
0.598462
0.597595
0.596724
0.59585
0.594974
0.594098
0.593223
0.59235
0.59148
0.590614
0.589754
0.588901
0.588057
0.587223
0.586402
0.585594
0.584801
0.584024
0.583266
0.582527
0.581809
0.581114
0.580443
0.579799
0.579184
0.5786
0.578049
0.577532
0.577049
0.576602
0.576193
0.575825
0.575497
0.575211
0.574967
0.574769
0.574616
0.574511
0.574452
0.574442
0.57448
0.574569
0.574709
0.5749
0.575143
0.575438
0.575787
0.576188
0.576642
0.577149
0.57771
0.578322
0.578987
0.579702
0.58047
0.581289
0.582159
0.583078
0.584046
0.585062
0.586124
0.587232
0.588384
0.589578
0.590812
0.592087
0.593399
0.594747
0.59613
0.597548
0.598997
0.600475
0.601981
0.603513
0.605069
0.606648
0.608246
0.609862
0.611494
0.613139
0.614794
0.616461
0.618136
0.619817
0.621501
0.623187
0.624872
0.626555
0.628235
0.629909
0.631576
0.633233
0.634878
0.636512
0.638131
0.639735
0.641322
0.642891
0.644439
0.645967
0.647472
0.648954
0.650411
0.651843
0.653248
0.654625
0.655972
0.657289
0.658574
0.659828
0.66105
0.662239
0.663395
0.664516
0.665602
0.666652
0.667664
0.66864
0.669578
0.670479
0.671343
0.672169
0.672959
0.673709
0.674422
0.675098
0.675736
0.676336
0.676897
0.677419
0.677904
0.67835
0.678758
0.679128
0.679462
0.679758
0.680016
0.680237
0.68042
0.680567
0.680676
0.68075
0.680787
0.680788
0.680753
0.680683
0.680578
0.680438
0.680264
0.680056
0.679815
0.679541
0.679235
0.678896
0.678525
0.678123
0.677691
0.677228
0.676734
0.676211
0.675659
0.675077
0.674466
0.673827
0.673161
0.672468
0.671749
0.671002
0.67023
0.669434
0.668613
0.667766
0.666895
0.666001
0.665082
0.664139
0.663173
0.662185
0.661174
0.660141
0.659087
0.658013
0.65692
0.655806
0.654673
0.653523
0.652356
0.651172
0.64997
0.648751
0.647513
0.646259
0.644988
0.643701
0.6424
0.641084
0.639753
0.638408
0.637048
0.635676
0.634291
0.632895
0.631486
0.630066
0.628634
0.627192
0.62574
0.624279
0.622809
0.62133
0.619844
0.618352
0.616853
0.615348
0.613838
0.612322
0.610803
0.609281
0.607756
0.606228
0.604697
0.603165
0.601633
0.6001
0.598568
0.597038
0.595511
0.593986
0.592464
0.590947
0.589435
0.58793
0.586432
0.584943
0.583462
0.581993
0.580534
0.579088
0.577655
0.576236
0.574832
0.573442
0.572069
0.570713
0.569376
0.568057
0.566759
0.565484
0.564231
0.563002
0.561798
0.560621
0.55947
0.558348
0.557256
0.556195
0.555165
0.554168
0.553204
0.552274
0.55138
0.550521
0.549699
0.548916
0.548172
0.547468
0.546806
0.546187
0.54561
0.545079
0.544594
0.544155
0.543764
0.54342
0.543124
0.542877
0.542678
0.542529
0.542432
0.542385
0.54239
0.542447
0.542556
0.542717
0.542931
0.543197
0.543515
0.543887
0.544311
0.544788
0.545316
0.545895
0.546526
0.547208
0.547939
0.54872
0.549551
0.550431
0.551358
0.552331
0.553349
0.554412
0.555518
0.556666
0.557855
0.559085
0.560354
0.561659
0.563
0.564374
0.56578
0.567217
0.568684
0.570177
0.571696
0.573238
0.574802
0.576386
0.577988
0.579605
0.581237
0.582879
0.584531
0.58619
0.587856
0.589525
0.591197
0.592868
0.594535
0.596198
0.597855
0.599505
0.601144
0.60277
0.604382
0.605979
0.607559
0.60912
0.61066
0.612177
0.613669
0.615135
0.616572
0.617981
0.619358
0.620703
0.622013
0.623289
0.624528
0.62573
0.626893
0.628017
0.6291
0.630141
0.63114
0.632097
0.63301
0.63388
0.634704
0.635483
0.636215
0.636902
0.637543
0.638137
0.638684
0.639186
0.639641
0.640049
0.640411
0.640728
0.640999
0.641225
0.641407
0.641545
0.641639
0.641691
0.641702
0.641671
0.6416
0.641488
0.641336
0.641146
0.64092
0.640658
0.640361
0.640032
0.639669
0.639276
0.638851
0.638398
0.637917
0.63741
0.636879
0.636325
0.635749
0.635153
0.63454
0.633909
0.633264
0.632605
0.631933
0.631249
0.630558
0.629859
0.629154
0.628444
0.62773
0.627013
0.626295
0.625576
0.624859
0.624144
0.623436
0.622735
0.62204
0.621353
0.620673
0.620004
0.619346
0.6187
0.618066
0.617446
0.61684
0.616248
0.615671
0.615111
0.614569
0.614043
0.613536
0.613046
0.612575
0.612122
0.611688
0.611274
0.610879
0.610505
0.610151
0.609817
0.609504
0.609212
0.608939
0.608688
0.608457
0.608246
0.608056
0.607887
0.607739
0.607611
0.607503
0.607415
0.607348
0.607301
0.607274
0.607267
0.607279
0.607311
0.607362
0.607434
0.607525
0.607636
0.607768
0.60792
0.608091
0.608283
0.608494
0.608725
0.608974
0.609243
0.609531
0.609837
0.610163
0.610507
0.610869
0.611251
0.611652
0.612069
0.612504
0.612955
0.613424
0.613909
0.614411
0.614929
0.615462
0.616009
0.616569
0.617142
0.617727
0.618322
0.618927
0.619541
0.620162
0.62079
0.621423
0.622061
0.622702
0.623345
0.623988
0.624632
0.625272
0.625908
0.626536
0.627157
0.627768
0.628368
0.628954
0.629525
0.63008
0.630616
0.631134
0.631631
0.632104
0.632553
0.632976
0.63337
0.633736
0.634072
0.634376
0.634647
0.634883
0.635084
0.635249
0.635376
0.635465
0.635514
0.635523
0.635491
0.635416
0.635298
0.635139
0.634935
0.634687
0.634394
0.634057
0.633674
0.633246
0.632774
0.632256
0.631695
0.631089
0.630439
0.629747
0.629011
0.628232
0.627412
0.626549
0.625647
0.624704
0.623723
0.622704
0.621647
0.620553
0.619425
0.618264
0.617072
0.615849
0.614599
0.613322
0.612018
0.61069
0.609339
0.607966
0.606576
0.605168
0.603745
0.602308
0.600858
0.599399
0.597931
0.596456
0.594977
0.593494
0.59201
0.590528
0.589049
0.587576
0.58611
0.584653
0.583209
0.581777
0.580361
0.578961
0.577581
0.576222
0.574887
0.573575
0.57229
0.571034
0.569808
0.568613
0.567451
0.566326
0.565238
0.564187
0.563174
0.562202
0.56127
0.560381
0.559535
0.558733
0.557977
0.557267
0.556604
0.555989
0.555422
0.554905
0.554436
0.554019
0.553653
0.553337
0.55307
0.552854
0.552689
0.552573
0.552507
0.552491
0.552526
0.55261
0.552744
0.552928
0.553161
0.553441
0.55377
0.554146
0.554569
0.555038
0.555552
0.556111
0.556712
0.557356
0.558042
0.558768
0.559533
0.560337
0.56118
0.56206
0.562976
0.563927
0.564912
0.565929
0.566977
0.568056
0.569164
0.570299
0.57146
0.572647
0.573858
0.575091
0.576346
0.577621
0.578915
0.580227
0.581555
0.582899
0.584257
0.585629
0.587013
0.58841
0.589818
0.591233
0.592656
0.594086
0.595522
0.596962
0.598405
0.599851
0.601299
0.602746
0.604191
0.605632
0.60707
0.608503
0.60993
0.611351
0.612764
0.614168
0.615563
0.616948
0.618322
0.619683
0.62103
0.622363
0.623682
0.624983
0.626267
0.627533
0.628781
0.630012
0.631223
0.632413
0.633582
0.634729
0.635855
0.636957
0.638036
0.639092
0.640123
0.641131
0.642113
0.643069
0.644001
0.644908
0.645787
0.646641
0.647467
0.648267
0.649038
0.649784
0.650504
0.651198
0.651865
0.652505
0.653117
0.653703
0.654263
0.654796
0.655304
0.655787
0.656243
0.656675
0.657083
0.657466
0.657826
0.658161
0.658474
0.658764
0.659032
0.659278
0.659502
0.659706
0.65989
0.660054
0.660198
0.660324
0.660431
0.660521
0.660593
0.66065
0.660693
0.660721
0.660735
0.660735
0.660721
0.660695
0.66066
0.660613
0.660557
0.660491
0.660415
0.66033
0.660237
0.660135
0.660026
0.659909
0.659786
0.659657
0.659522
0.659382
0.659238
0.659091
0.658942
0.65879
0.658634
0.658477
0.658317
0.658155
0.657991
0.657826
0.65766
0.657493
0.657326
0.657159
0.656992
0.656825
0.65666
0.656496
0.656334
0.656174
0.656015
0.655858
0.655703
0.65555
0.6554
0.655253
0.655108
0.654967
0.654829
0.654693
0.654562
0.654434
0.65431
0.654189
0.654071
0.653957
0.653846
0.653738
0.653634
0.653533
0.653436
0.653343
0.653252
0.653164
0.653078
0.652995
0.652914
0.652836
0.65276
0.652686
0.652615
0.652546
0.65248
0.652416
0.652354
0.652292
0.652232
0.652175
0.65212
0.652066
0.652013
0.651959
0.651904
0.651848
0.651791
0.651732
0.651672
0.651608
0.651541
0.651471
0.651399
0.651323
0.651243
0.651159
0.65107
0.650977
0.650879
0.650776
0.650667
0.650553
0.650432
0.650305
0.650171
0.65003
0.649882
0.649727
0.649565
0.649397
0.649221
0.649036
0.648842
0.648639
0.648426
0.648204
0.647973
0.647731
0.647481
0.64722
0.64695
0.64667
0.646381
0.646083
0.645775
0.645457
0.645129
0.644792
0.644446
0.64409
0.643725
0.643351
0.642969
0.642578
0.64218
0.641775
0.641361
0.640941
0.640513
0.640076
0.63963
0.639178
0.638718
0.638251
0.637777
0.637295
0.636809
0.636316
0.635817
0.635311
0.634799
0.634282
0.63376
0.633232
0.632699
0.632162
0.63162
0.631074
0.630525
0.629972
0.629418
0.62886
0.628299
0.627736
0.627173
0.626608
0.626043
0.625476
0.624908
0.624341
0.623773
0.623206
0.622641
0.622076
0.621514
0.620954
0.620397
0.619844
0.619293
0.618746
0.618205
0.617669
0.617139
0.616615
0.616099
0.61559
0.615088
0.614596
0.614114
0.613641
0.613177
0.612724
0.612282
0.61185
0.61143
0.611022
0.610626
0.610242
0.609872
0.609515
0.609172
0.608845
0.608533
0.608237
0.607956
0.607691
0.607443
0.607211
0.606996
0.606797
0.606617
0.606455
0.606312
0.606188
0.60608
0.605989
0.605916
0.60586
0.605821
0.605797
0.605792
0.605802
0.605829
0.605871
0.605928
0.606
0.606086
0.606185
0.606296
0.60642
0.606556
0.606703
0.606861
0.607029
0.607205
0.60739
0.607583
0.607785
0.607992
0.608205
0.608422
0.608641
0.608863
0.609086
0.609309
0.609532
0.609753
0.609972
0.610188
0.610401
0.610609
0.610811
0.611007
0.611195
0.611375
0.611547
0.61171
0.611865
0.61201
0.612145
0.612269
0.61238
0.612478
0.612561
0.612632
0.612688
0.61273
0.612758
0.61277
0.612765
0.612743
0.612705
0.61265
0.612578
0.612489
0.612383
0.612261
0.612123
0.611967
0.611793
0.611601
0.611391
0.611163
0.610916
0.610652
0.61037
0.610069
0.60975
0.609414
0.609061
0.60869
0.608301
0.607894
0.607471
0.607033
0.606579
0.606108
0.605621
0.605119
0.604602
0.604069
0.60352
0.602956
0.602377
0.601784
0.601177
0.600554
0.599917
0.599267
0.598603
0.597926
0.597235
0.596532
0.595817
0.595089
0.594349
0.593599
0.592837
0.592066
0.591285
0.590494
0.589693
0.588883
0.588065
0.587238
0.586404
0.585562
0.584714
0.583862
0.583004
0.58214
0.581271
0.580398
0.579521
0.578641
0.577759
0.576873
0.575985
0.575095
0.574204
0.573312
0.57242
0.571529
0.57064
0.569752
0.568867
0.567987
0.56711
0.566239
0.565373
0.564514
0.563662
0.562818
0.561981
0.561153
0.560334
0.559525
0.558728
0.557942
0.557169
0.55641
0.555665
0.554935
0.55422
0.553521
0.552839
0.552173
0.551526
0.550897
0.550288
0.549699
0.549131
0.548585
0.54806
0.547559
0.547082
0.546628
0.5462
0.545797
0.545419
0.545066
0.544739
0.544438
0.544164
0.543917
0.543698
0.543506
0.543342
0.543208
0.543101
0.543023
0.542974
0.542952
0.542959
0.542995
0.54306
0.543154
0.543277
0.54343
0.54361
0.543819
0.544056
0.544321
0.544613
0.544931
0.545276
0.545647
0.546044
0.546466
0.546912
0.547382
0.547875
0.548391
0.54893
0.549492
0.550075
0.550681
0.551307
0.551952
0.552615
0.553297
0.553995
0.554709
0.555438
0.556183
0.556941
0.557712
0.558495
0.55929
0.560096
0.560912
0.561737
0.56257
0.563411
0.564259
0.565114
0.565975
0.56684
0.567708
0.568579
0.569452
0.570326
0.571201
0.572076
0.572949
0.573821
0.574691
0.575558
0.57642
0.577277
0.57813
0.578976
0.579817
0.580651
0.581479
0.5823
0.583112
0.583914
0.584707
0.585489
0.58626
0.58702
0.587768
0.588504
0.589227
0.589938
0.590636
0.59132
0.591991
0.59265
0.593294
0.593923
0.594537
0.595136
0.595719
0.596287
0.59684
0.597376
0.597898
0.598405
0.598895
0.59937
0.59983
0.600276
0.600707
0.601122
0.601523
0.601907
0.602277
0.602633
0.602975
0.603302
0.603616
0.603916
0.604203
0.604478
0.604742
0.604994
0.605234
0.605463
0.605682
0.605891
0.606091
0.606281
0.606462
0.606636
0.606803
0.606962
0.607114
0.60726
0.6074
0.607535
0.607665
0.607791
0.607913
0.608032
0.608148
0.608262
0.608373
0.608483
0.608593
0.608703
0.608814
0.608925
0.609038
0.609153
0.609269
0.609386
0.609505
0.609627
0.60975
0.609877
0.610006
0.610139
0.610274
0.610413
0.610554
0.610698
0.610846
0.610996
0.611149
0.611303
0.61146
0.611619
0.611781
0.611944
0.612108
0.612273
0.612439
0.612606
0.612774
0.612941
0.613108
0.613275
0.613442
0.613608
0.613773
0.613936
0.614096
0.614254
0.614409
0.614561
0.614711
0.614858
0.615001
0.61514
0.615274
0.615403
0.615526
0.615645
0.615757
0.615863
0.615964
0.616059
0.616148
0.61623
0.616305
0.616373
0.616434
0.616487
0.616533
0.616572
0.616605
0.616631
0.616652
0.616666
0.616672
0.616672
0.616664
0.61665
0.616629
0.616603
0.616571
0.616531
0.616486
0.616434
0.616376
0.616313
0.616243
0.616167
0.616086
0.616
0.615909
0.615814
0.615714
0.61561
0.615502
0.61539
0.615273
0.615153
0.615028
0.6149
0.614768
0.614632
0.614493
0.614351
0.614209
0.614065
0.61392
0.613773
0.613624
0.613474
0.613322
0.61317
0.613017
0.612864
0.612711
0.612558
0.612406
0.612254
0.612103
0.611954
0.611808
0.611665
0.611525
0.611387
0.611253
0.611123
0.610998
0.610877
0.610762
0.610653
0.610551
0.610456
0.61037
0.610292
0.610221
0.61016
0.610108
0.610066
0.610033
0.610012
0.610001
0.610003
0.610017
0.610044
0.610084
0.610138
0.610206
0.61029
0.610388
0.610501
0.61063
0.610774
0.610933
0.611108
0.6113
0.611508
0.611732
0.611974
0.612232
0.612507
0.612801
0.613112
0.61344
0.613787
0.61415
0.614529
0.614926
0.615339
0.615767
0.616212
0.616673
0.617149
0.61764
0.618144
0.618661
0.61919
0.619732
0.620285
0.620849
0.621423
0.622007
0.622599
0.623198
0.623804
0.624415
0.625031
0.625652
0.626275
0.626901
0.627529
0.628158
0.628787
0.629415
0.630039
0.630661
0.631278
0.631889
0.632495
0.633095
0.633688
0.634273
0.63485
0.635417
0.635974
0.63652
0.637055
0.637577
0.638088
0.638587
0.639073
0.639546
0.640006
0.640452
0.640886
0.641307
0.641714
0.642109
0.642491
0.642859
0.643215
0.643558
0.643889
0.644209
0.644518
0.644816
0.645105
0.645383
0.645652
0.645912
0.646165
0.646412
0.646653
0.646889
0.647122
0.647353
0.647582
0.647808
0.648035
0.648263
0.648491
0.648719
0.648948
0.649179
0.649413
0.649649
0.649888
0.650132
0.650383
0.650638
0.650898
0.651165
0.651438
0.651716
0.652002
0.652294
0.652593
0.652898
0.65321
0.653529
0.653854
0.654185
0.654523
0.654866
0.655215
0.65557
0.655931
0.656297
0.656669
0.657043
0.657421
0.657802
0.658184
0.658569
0.658955
0.659343
0.659731
0.660119
0.660505
0.660889
0.661271
0.661649
0.662024
0.662395
0.662761
0.663121
0.663474
0.66382
0.664159
0.664489
0.66481
0.66512
0.66542
0.665708
0.665984
0.666246
0.666494
0.666727
0.666945
0.667146
0.66733
0.667497
0.667645
0.667774
0.667885
0.667977
0.66805
0.668102
0.668134
0.668146
0.668136
0.668105
0.668053
0.667978
0.667879
0.667755
0.667605
0.667429
0.667227
0.666999
0.666745
0.666465
0.666158
0.665825
0.665467
0.665081
0.664669
0.664231
0.663766
0.663274
0.662755
0.66221
0.66164
0.661045
0.660423
0.659777
0.659105
0.658409
0.657688
0.656944
0.656177
0.655387
0.654576
0.653743
0.652891
0.65202
0.651131
0.650225
0.649302
0.648364
0.647411
0.646445
0.645467
0.644481
0.643485
0.642481
0.641471
0.640456
0.639439
0.638419
0.6374
0.636382
0.635366
0.634355
0.633349
0.632352
0.631364
0.630388
0.629426
0.628478
0.627546
0.626631
0.625735
0.624859
0.624005
0.623174
0.622367
0.621585
0.620829
0.620102
0.619402
0.618732
0.618091
0.617482
0.616904
0.61636
0.615848
0.615371
0.614926
0.614516
0.61414
0.613797
0.613488
0.613212
0.612971
0.612764
0.61259
0.612449
0.61234
0.612263
0.612218
0.612203
0.612218
0.612261
0.612332
0.61243
0.612553
0.612701
0.612873
0.613067
0.613283
0.613519
0.613774
0.614046
0.614333
0.614635
0.61495
0.615277
0.615614
0.615961
0.616317
0.61668
0.617047
0.617418
0.617791
0.618164
0.618536
0.618908
0.619277
0.61964
0.619997
0.620347
0.620687
0.621018
0.621338
0.621645
0.621939
0.622219
0.622483
0.622733
0.622967
0.623184
0.623381
0.623559
0.623717
0.623852
0.623966
0.624057
0.624127
0.624174
0.624197
0.624197
0.624172
0.624122
0.624048
0.623948
0.623822
0.62367
0.623494
0.623291
0.623063
0.622808
0.622527
0.62222
0.621887
0.621529
0.621144
0.620733
0.620298
0.619837
0.619351
0.618841
0.618306
0.617747
0.617165
0.61656
0.615934
0.615285
0.614616
0.613925
0.613214
0.612482
0.61173
0.61096
0.610171
0.609366
0.608543
0.607705
0.606852
0.605984
0.605103
0.604208
0.603303
0.602387
0.601462
0.600528
0.599587
0.598638
0.597684
0.596725
0.595761
0.594793
0.593823
0.592852
0.591881
0.590911
0.589943
0.588979
0.588018
0.587063
0.586114
0.585174
0.584242
0.58332
0.582411
0.581515
0.580632
0.579764
0.578911
0.578074
0.577255
0.576454
0.575673
0.574912
0.574174
0.573458
0.572766
0.572099
0.571459
0.570845
0.570257
0.569697
0.569166
0.568663
0.56819
0.567747
0.567337
0.566958
0.566613
0.566301
0.566022
0.565774
0.56556
0.565378
0.56523
0.565114
0.565032
0.564983
0.564968
0.564986
0.565036
0.565117
0.565231
0.565375
0.565551
0.565758
0.565993
0.566258
0.566549
0.566868
0.567215
0.567587
0.567984
0.568406
0.568851
0.569319
0.569808
0.570318
0.570848
0.571396
0.571962
0.572544
0.573142
0.573755
0.574383
0.575024
0.575679
0.576346
0.577022
0.577709
0.578404
0.579108
0.57982
0.580539
0.581261
0.581988
0.582718
0.583452
0.584187
0.584923
0.58566
0.586396
0.58713
0.587863
0.588593
0.58932
0.590044
0.590764
0.591481
0.592192
0.592898
0.593597
0.59429
0.594978
0.595658
0.596329
0.596992
0.597646
0.598291
0.598927
0.599554
0.600171
0.600777
0.601373
0.601959
0.602536
0.603102
0.603658
0.604202
0.604735
0.605257
0.605769
0.606269
0.606759
0.607238
0.607706
0.608164
0.608611
0.609048
0.609475
0.609892
0.610299
0.610696
0.611084
0.611461
0.611829
0.612188
0.612539
0.612882
0.613216
0.613542
0.61386
0.614171
0.614474
0.61477
0.615059
0.615343
0.61562
0.615891
0.616157
0.616418
0.616674
0.616925
0.617173
0.617417
0.617658
0.617897
0.618134
0.61837
0.618604
0.618836
0.619068
0.619297
0.619525
0.619751
0.619976
0.6202
0.620423
0.620644
0.620866
0.621087
0.621309
0.621532
0.621755
0.621977
0.622199
0.62242
0.622641
0.622862
0.623082
0.6233
0.623516
0.623733
0.623949
0.624163
0.624375
0.624585
0.624793
0.624998
0.625201
0.625402
0.625599
0.625793
0.625983
0.626168
0.626351
0.626529
0.626702
0.62687
0.627035
0.627196
0.627352
0.627502
0.627648
0.62779
0.627925
0.628054
0.628174
0.628287
0.628393
0.62849
0.628581
0.628663
0.628739
0.628808
0.62887
0.628923
0.628968
0.629004
0.629033
0.629054
0.629067
0.629071
0.629067
0.629054
0.629034
0.629007
0.628971
0.628929
0.628879
0.628822
0.628757
0.628686
0.628609
0.628524
0.628433
0.628335
0.628231
0.628121
0.628004
0.627881
0.627751
0.627614
0.627472
0.627324
0.62717
0.627011
0.626845
0.626675
0.626499
0.626318
0.626133
0.625944
0.62575
0.625552
0.625348
0.62514
0.624927
0.62471
0.624488
0.624263
0.624033
0.623797
0.623556
0.623309
0.623056
0.622799
0.622536
0.622268
0.621995
0.621717
0.621433
0.621145
0.620852
0.620553
0.620248
0.619937
0.619621
0.619299
0.618974
0.618645
0.61831
0.617969
0.617624
0.617274
0.61692
0.61656
0.616196
0.615827
0.615454
0.615076
0.614693
0.614307
0.613916
0.613522
0.613125
0.612727
0.612326
0.611923
0.611519
0.611116
0.610713
0.610308
0.609905
0.609502
0.609101
0.608701
0.608303
0.607908
0.607516
0.607128
0.606744
0.606364
0.60599
0.60562
0.605257
0.6049
0.60455
0.604208
0.603875
0.603553
0.603241
0.602939
0.602649
0.602369
0.602101
0.601846
0.601602
0.601372
0.601156
0.600954
0.600767
0.600595
0.600438
0.600298
0.600175
0.60007
0.599983
0.599915
0.599864
0.599833
0.599821
0.599828
0.599856
0.599903
0.59997
0.600057
0.600162
0.600287
0.60043
0.600594
0.600777
0.60098
0.601202
0.601444
0.601704
0.601983
0.602279
0.602593
0.602925
0.603274
0.603641
0.604027
0.604432
0.604854
0.605293
0.605745
0.606213
0.606695
0.60719
0.607697
0.608217
0.608748
0.609289
0.609841
0.610404
0.610976
0.611557
0.612148
0.612749
0.613358
0.613974
0.614595
0.615222
0.615853
0.616488
0.617126
0.617767
0.618411
0.619057
0.619704
0.620352
0.621002
0.621652
0.622302
0.62295
0.623597
0.62424
0.624882
0.625521
0.626155
0.626786
0.627412
0.628033
0.628649
0.629259
0.629864
0.630461
0.631051
0.631632
0.632206
0.632773
0.633331
0.633881
0.634421
0.634951
0.63547
0.635979
0.636477
0.636963
0.637436
0.637898
0.638349
0.638785
0.639209
0.639619
0.640015
0.640397
0.640765
0.641117
0.641455
0.641778
0.642087
0.642382
0.642661
0.642924
0.64317
0.643399
0.643611
0.643804
0.643978
0.644134
0.644271
0.644389
0.644488
0.644569
0.64463
0.644672
0.644694
0.644695
0.644675
0.644635
0.644575
0.644496
0.644398
0.644279
0.644139
0.643978
0.643795
0.643592
0.643369
0.643124
0.642858
0.642571
0.642264
0.641938
0.641591
0.641224
0.640838
0.640432
0.640009
0.639568
0.639109
0.638631
0.638134
0.63762
0.637088
0.636541
0.635978
0.635399
0.634804
0.634195
0.633572
0.632935
0.632286
0.631626
0.630955
0.630274
0.629583
0.628884
0.628177
0.627463
0.626741
0.626014
0.625281
0.624544
0.623804
0.623062
0.622317
0.621572
0.620826
0.620081
0.619338
0.618597
0.61786
0.617126
0.616397
0.615674
0.614957
0.614248
0.613547
0.612854
0.612171
0.611497
0.610834
0.610181
0.609539
0.60891
0.608293
0.607689
0.607099
0.606523
0.605961
0.605412
0.604879
0.604362
0.60386
0.603374
0.602903
0.602449
0.602011
0.601589
0.601183
0.600793
0.60042
0.600062
0.59972
0.599394
0.599085
0.598792
0.598514
0.598251
0.598003
0.59777
0.597553
0.597352
0.597166
0.596994
0.596837
0.596694
0.596563
0.596445
0.59634
0.596246
0.596165
0.596094
0.596035
0.595986
0.595948
0.595919
0.595899
0.595888
0.595885
0.59589
0.595903
0.595924
0.595951
0.595985
0.596026
0.596072
0.596125
0.596185
0.59625
0.59632
0.596394
0.596473
0.596557
0.596646
0.596739
0.596836
0.596937
0.597041
0.597149
0.597261
0.597377
0.597496
0.59762
0.597749
0.597883
0.598022
0.598165
0.598315
0.598469
0.598628
0.598792
0.598961
0.599137
0.599319
0.599507
0.599701
0.599904
0.600113
0.60033
0.600555
0.600787
0.601029
0.601281
0.601543
0.601814
0.602095
0.602387
0.60269
0.603005
0.603331
0.603668
0.604017
0.604378
0.60475
0.605135
0.605531
0.605941
0.606363
0.606798
0.607247
0.607709
0.608183
0.60867
0.60917
0.609681
0.610205
0.61074
0.611288
0.611846
0.612416
0.612998
0.613591
0.614196
0.614813
0.615439
0.616074
0.616717
0.617368
0.618027
0.618691
0.619363
0.620039
0.620722
0.621409
0.622101
0.622798
0.623499
0.624202
0.624907
0.625615
0.626324
0.627034
0.627745
0.628456
0.629167
0.629878
0.630587
0.631296
0.632002
0.632707
0.633409
0.634109
0.634806
0.635498
0.636187
0.636872
0.637552
0.638228
0.638899
0.639565
0.640227
0.640883
0.641534
0.642177
0.642814
0.643444
0.644067
0.644683
0.645292
0.645892
0.646487
0.647074
0.647653
0.648224
0.648786
0.64934
0.649885
0.650421
0.650949
0.651466
0.651974
0.652473
0.652962
0.653442
0.653911
0.654368
0.654816
0.655252
0.655677
0.65609
0.656492
0.656881
0.657258
0.657623
0.657976
0.658316
0.658644
0.658961
0.659264
0.659555
0.659832
0.660095
0.660345
0.660581
0.660801
0.661007
0.661197
0.661371
0.66153
0.661672
0.661798
0.661908
0.662001
0.662079
0.662141
0.662186
0.662215
0.662226
0.662219
0.662193
0.662149
0.662087
0.662006
0.661907
0.661789
0.661651
0.661494
0.661316
0.661117
0.660898
0.660657
0.660394
0.660108
0.659801
0.65947
0.659116
0.65874
0.65834
0.657917
0.65747
0.656999
0.656503
0.655982
0.655434
0.65486
0.65426
0.653635
0.652984
0.652306
0.651602
0.650871
0.650114
0.64933
0.648519
0.64768
0.646813
0.645919
0.644999
0.644051
0.643076
0.642073
0.641044
0.639987
0.638902
0.637789
0.636649
0.635481
0.634287
0.633067
0.631821
0.63055
0.629253
0.627932
0.626586
0.625217
0.623825
0.622411
0.620974
0.619516
0.618037
0.616538
0.615019
0.613482
0.611927
0.610356
0.608768
0.607165
0.605547
0.603916
0.602272
0.600616
0.59895
0.597276
0.595596
0.593911
0.592221
0.590529
0.588833
0.587138
0.585442
0.583748
0.582058
0.580371
0.57869
0.577016
0.575351
0.573695
0.572051
0.570419
0.568801
0.567199
0.565613
0.564046
0.562499
0.560974
0.559471
0.557993
0.556541
0.555117
0.55372
0.552354
0.551018
0.549714
0.548442
0.547204
0.546002
0.544836
0.543707
0.542615
0.541563
0.54055
0.539579
0.53865
0.537761
0.536915
0.536111
0.535351
0.534634
0.53396
0.533331
0.532746
0.532205
0.531709
0.531256
0.530849
0.530486
0.530167
0.529891
0.529657
0.529466
0.529315
0.529205
0.529134
0.529103
0.52911
0.529155
0.529238
0.529356
0.529509
0.529696
0.529916
0.530167
0.53045
0.530762
0.531103
0.53147
0.531864
0.532284
0.532729
0.533196
0.533685
0.534193
0.534721
0.535265
0.535826
0.536401
0.53699
0.537592
0.538205
0.538829
0.539462
0.540104
0.540753
0.541407
0.542067
0.542731
0.543398
0.544068
0.544739
0.545411
0.546084
0.546757
0.547429
0.548099
0.548767
0.549431
0.550092
0.550748
0.551401
0.55205
0.552696
0.553336
0.553972
0.554602
0.555226
0.555844
0.556457
0.557064
0.557664
0.558258
0.558845
0.559426
0.560001
0.560569
0.561132
0.561688
0.562238
0.562782
0.563321
0.563853
0.56438
0.5649
0.565414
0.565922
0.566424
0.566918
0.567406
0.567887
0.56836
0.568827
0.569285
0.569735
0.570177
0.570611
0.571036
0.571453
0.571859
0.572257
0.572643
0.573019
0.573383
0.573736
0.574076
0.574403
0.574716
0.575016
0.575302
0.575573
0.575831
0.576073
0.5763
0.576512
0.576707
0.576887
0.57705
0.577195
0.577324
0.577436
0.577531
0.577608
0.577668
0.577711
0.577736
0.577745
0.577738
0.577714
0.577673
0.577618
0.577548
0.577464
0.577366
0.577255
0.577131
0.576995
0.576848
0.57669
0.576523
0.576347
0.576164
0.575975
0.575779
0.57558
0.575378
0.575174
0.57497
0.574765
0.574563
0.574363
0.574168
0.573978
0.573795
0.573621
0.573456
0.573301
0.57316
0.573032
0.572919
0.572824
0.572746
0.572687
0.572649
0.572632
0.572638
0.572667
0.572722
0.572803
0.572911
0.573048
0.573215
0.573411
0.573639
0.573899
0.574192
0.574519
0.57488
0.575277
0.575709
0.576177
0.576682
0.577226
0.577807
0.578425
0.579082
0.579777
0.580511
0.581285
0.582099
0.582952
0.583842
0.584771
0.585738
0.586743
0.587786
0.588866
0.589983
0.591135
0.592323
0.593547
0.594805
0.596097
0.597422
0.59878
0.60017
0.60159
0.603042
0.604522
0.60603
0.607565
0.609127
0.610713
0.612325
0.613961
0.615619
0.617297
0.618995
0.620712
0.622446
0.624195
0.62596
0.627738
0.629529
0.63133
0.633141
0.634961
0.636788
0.638623
0.640462
0.642304
0.64415
0.645996
0.647842
0.649686
0.651528
0.653365
0.655197
0.657024
0.658843
0.660655
0.662458
0.66425
0.66603
0.667798
0.669553
0.671294
0.67302
0.674728
0.676419
0.67809
0.679743
0.681377
0.682989
0.684579
0.686146
0.687689
0.689206
0.690698
0.692165
0.693604
0.695017
0.696402
0.697757
0.699083
0.70038
0.701647
0.702882
0.704085
0.705256
0.706394
0.707498
0.708568
0.709603
0.710602
0.711565
0.712491
0.713381
0.714233
0.715049
0.715827
0.716567
0.717268
0.717931
0.718556
0.719142
0.719688
0.720196
0.720662
0.721088
0.721473
0.721818
0.722122
0.722385
0.722606
0.722784
0.722919
0.723013
0.723064
0.723072
0.723037
0.722958
0.722837
0.722672
0.722464
0.722213
0.721917
0.721578
0.721196
0.720771
0.720302
0.719788
0.719229
0.718626
0.717978
0.717287
0.716552
0.715773
0.714951
0.714084
0.713174
0.71222
0.711224
0.710187
0.709107
0.707985
0.706821
0.705615
0.704369
0.703082
0.701756
0.700391
0.698989
0.697549
0.696071
0.694558
0.69301
0.691427
0.689809
0.688157
0.686473
0.684757
0.683011
0.681236
0.679431
0.677601
0.675747
0.673867
0.671965
0.67004
0.668094
0.666127
0.664141
0.662138
0.660117
0.658082
0.656034
0.653975
0.651905
0.649827
0.647741
0.64565
0.643556
0.641461
0.639365
0.637272
0.635182
0.633098
0.631022
0.628954
0.626897
0.62485
0.622817
0.6208
0.618798
0.616816
0.614854
0.612913
0.610996
0.609105
0.607241
0.605405
0.603601
0.601828
0.60009
0.598386
0.596719
0.595089
0.593499
0.591948
0.59044
0.588976
0.587556
0.586182
0.584855
0.583575
0.582345
0.581164
0.580032
0.578951
0.577921
0.576943
0.576016
0.575144
0.574324
0.573558
0.572846
0.572188
0.571583
0.571033
0.570538
0.570098
0.569712
0.569381
0.569103
0.568879
0.568709
0.568592
0.568527
0.568516
0.568557
0.56865
0.568794
0.568989
0.569234
0.569527
0.569868
0.570256
0.570691
0.571171
0.571695
0.572262
0.572871
0.573522
0.574212
0.57494
0.575707
0.576511
0.57735
0.578222
0.579127
0.580062
0.581027
0.58202
0.58304
0.584085
0.585155
0.586247
0.587361
0.588497
0.58965
0.590821
0.592008
0.593209
0.594422
0.595646
0.59688
0.598121
0.599368
0.600619
0.601875
0.603131
0.604387
0.605642
0.606895
0.608142
0.609385
0.61062
0.611846
0.613062
0.614266
0.615457
0.616635
0.617796
0.618939
0.620064
0.621167
0.622249
0.623307
0.624342
0.625352
0.626335
0.627291
0.628219
0.629117
0.629984
0.63082
0.631625
0.632398
0.633137
0.633842
0.634512
0.635145
0.635742
0.636302
0.636824
0.637309
0.637755
0.638164
0.638534
0.638866
0.639157
0.639411
0.639624
0.639799
0.639935
0.640032
0.64009
0.64011
0.640091
0.640035
0.639942
0.639812
0.639647
0.639446
0.63921
0.638939
0.638634
0.638294
0.637923
0.637519
0.637085
0.63662
0.636127
0.635604
0.635054
0.634478
0.633875
0.633248
0.632597
0.631922
0.631226
0.630509
0.629773
0.629019
0.628247
0.627457
0.626652
0.625832
0.625
0.624155
0.623299
0.622433
0.621558
0.620674
0.619782
0.618883
0.61798
0.617071
0.616158
0.615242
0.614325
0.613407
0.612489
0.611572
0.610657
0.609745
0.608836
0.607931
0.607033
0.60614
0.605255
0.604379
0.603512
0.602656
0.601811
0.600977
0.600157
0.599349
0.598556
0.597778
0.597016
0.59627
0.595541
0.594829
0.594136
0.593462
0.59281
0.592178
0.591568
0.590979
0.590413
0.589871
0.589353
0.588859
0.588391
0.587951
0.587538
0.587154
0.586797
0.586469
0.586168
0.585897
0.585655
0.585442
0.58526
0.585108
0.584986
0.584894
0.584834
0.584804
0.584806
0.584838
0.5849
0.584993
0.585117
0.585272
0.585457
0.585673
0.585918
0.586192
0.586495
0.586825
0.587182
0.587565
0.587975
0.588409
0.588867
0.589347
0.58985
0.590374
0.590917
0.591478
0.592056
0.59265
0.593258
0.593879
0.59451
0.595151
0.5958
0.596457
0.59712
0.597788
0.598458
0.59913
0.599802
0.600473
0.60114
0.601802
0.602458
0.603106
0.603746
0.604377
0.604997
0.605606
0.606201
0.606782
0.607346
0.607894
0.608424
0.608935
0.609427
0.6099
0.610352
0.610782
0.61119
0.611575
0.611936
0.612271
0.612582
0.612867
0.613126
0.613361
0.61357
0.613753
0.61391
0.614041
0.614147
0.614229
0.614286
0.61432
0.614328
0.614313
0.614274
0.614213
0.614129
0.614023
0.613897
0.613752
0.613587
0.613403
0.613203
0.612984
0.61275
0.6125
0.612236
0.611961
0.611674
0.611377
0.611071
0.610755
0.61043
0.610098
0.609759
0.609415
0.609066
0.608714
0.608359
0.608002
0.607644
0.607285
0.606929
0.606575
0.606226
0.60588
0.605537
0.605199
0.604866
0.604539
0.604219
0.603907
0.603602
0.603305
0.603017
0.602739
0.60247
0.60221
0.60196
0.601721
0.601493
0.601275
0.601068
0.600872
0.600686
0.600511
0.600346
0.600192
0.60005
0.599917
0.599794
0.59968
0.599576
0.59948
0.599392
0.599312
0.599239
0.599171
0.599109
0.599053
0.599002
0.598957
0.598915
0.598877
0.598842
0.59881
0.59878
0.59875
0.598721
0.598692
0.598661
0.59863
0.598595
0.598558
0.598519
0.598476
0.59843
0.598379
0.598321
0.598258
0.59819
0.598115
0.598033
0.597944
0.597848
0.597745
0.597636
0.59752
0.597398
0.597268
0.59713
0.596985
0.596832
0.596671
0.596503
0.596328
0.596146
0.595959
0.595766
0.595568
0.595364
0.595155
0.594943
0.594727
0.594508
0.594287
0.594065
0.593841
0.593618
0.593396
0.593178
0.592962
0.59275
0.592542
0.592337
0.592138
0.591945
0.59176
0.591581
0.591412
0.591251
0.591101
0.590961
0.590834
0.59072
0.590621
0.590536
0.590467
0.590414
0.590379
0.590362
0.590364
0.590385
0.590425
0.590486
0.590567
0.590669
0.590792
0.590937
0.591105
0.591296
0.591511
0.59175
0.592013
0.5923
0.59261
0.592943
0.593301
0.593681
0.594086
0.594513
0.594963
0.595437
0.595934
0.596454
0.596996
0.59756
0.598143
0.598747
0.599371
0.600014
0.600676
0.601354
0.602049
0.60276
0.603486
0.604225
0.604977
0.60574
0.606515
0.6073
0.608093
0.608893
0.609699
0.61051
0.611324
0.612141
0.61296
0.613779
0.614598
0.615413
0.616225
0.617031
0.61783
0.61862
0.619402
0.620172
0.620931
0.621677
0.62241
0.623127
0.623829
0.624512
0.625177
0.625821
0.626444
0.627046
0.627625
0.62818
0.628709
0.629211
0.629686
0.630132
0.63055
0.63094
0.631301
0.631631
0.63193
0.632197
0.632433
0.632637
0.632807
0.632944
0.633047
0.633115
0.633148
0.633149
0.633115
0.633047
0.632945
0.632808
0.632636
0.63243
0.632191
0.631918
0.631613
0.631275
0.630905
0.630503
0.63007
0.629606
0.629113
0.62859
0.62804
0.627464
0.626862
0.626235
0.625584
0.624908
0.62421
0.623491
0.622751
0.621991
0.621214
0.620421
0.619613
0.618791
0.617955
0.617107
0.616248
0.615379
0.614501
0.613615
0.612724
0.611829
0.61093
0.610028
0.609126
0.608224
0.607323
0.606425
0.60553
0.604639
0.603755
0.602877
0.602006
0.601144
0.600292
0.599452
0.598622
0.597805
0.597002
0.596212
0.595438
0.594681
0.593941
0.593218
0.592513
0.591826
0.59116
0.590513
0.589886
0.589279
0.588694
0.58813
0.587589
0.587071
0.586575
0.586101
0.585649
0.585221
0.584816
0.584436
0.584079
0.583746
0.583437
0.583152
0.582892
0.582657
0.582446
0.58226
0.582099
0.581963
0.58185
0.581763
0.581701
0.581664
0.581653
0.581667
0.581705
0.581767
0.581854
0.581965
0.582102
0.582264
0.58245
0.58266
0.582894
0.583153
0.583437
0.583746
0.584078
0.584434
0.584814
0.585218
0.585647
0.5861
0.586579
0.587082
0.587611
0.588165
0.588744
0.589347
0.589974
0.590625
0.591301
0.592002
0.592727
0.593476
0.594249
0.595046
0.595867
0.596712
0.59758
0.598471
0.599386
0.600322
0.601282
0.602263
0.603265
0.604289
0.605333
0.606397
0.607481
0.608586
0.609709
0.610852
0.612012
0.61319
0.614384
0.615593
0.616816
0.618054
0.619305
0.620569
0.621843
0.623127
0.624421
0.625724
0.627035
0.628353
0.629674
0.630999
0.632325
0.633653
0.63498
0.636307
0.637632
0.638953
0.64027
0.641582
0.642888
0.644185
0.645471
0.646747
0.648011
0.649261
0.650496
0.651716
0.652917
0.6541
0.655264
0.656406
0.657526
0.658623
0.659696
0.660744
0.661767
0.662763
0.663732
0.664671
0.66558
0.666458
0.667303
0.668116
0.668895
0.669639
0.670347
0.671019
0.671655
0.672253
0.672814
0.673335
0.673819
0.674263
0.674669
0.675035
0.675362
0.675648
0.675894
0.676098
0.67626
0.67638
0.676459
0.676496
0.676491
0.676443
0.676354
0.676222
0.67605
0.675836
0.67558
0.675282
0.674944
0.674566
0.674148
0.67369
0.673194
0.672659
0.672084
0.671471
0.670819
0.670129
0.669402
0.668637
0.667838
0.667005
0.666138
0.665236
0.664301
0.663332
0.662331
0.661299
0.660236
0.659143
0.658022
0.656872
0.655695
0.654493
0.653266
0.652015
0.65074
0.649443
0.648125
0.646787
0.64543
0.644055
0.642663
0.641256
0.639834
0.638401
0.636956
0.635501
0.634035
0.632561
0.631082
0.629598
0.628109
0.626618
0.625125
0.623631
0.622138
0.620646
0.619158
0.617675
0.616199
0.614732
0.613275
0.611828
0.610393
0.60897
0.607563
0.606172
0.6048
0.603447
0.602114
0.600803
0.599516
0.598253
0.597016
0.595806
0.594624
0.59347
0.592347
0.591255
0.590196
0.589171
0.588179
0.587223
0.586304
0.585422
0.584578
0.583772
0.583005
0.582277
0.581591
0.580946
0.580342
0.57978
0.57926
0.578781
0.578344
0.577949
0.577595
0.577284
0.577014
0.576787
0.576601
0.576457
0.576355
0.576293
0.576271
0.576287
0.576342
0.576435
0.576566
0.576733
0.576934
0.57717
0.57744
0.577742
0.578074
0.578437
0.57883
0.579251
0.5797
0.580174
0.580672
0.581193
0.581735
0.582297
0.582878
0.583478
0.584094
0.584725
0.585369
0.586025
0.586691
0.587366
0.588049
0.588737
0.589429
0.590123
0.590818
0.591512
0.592204
0.592893
0.593578
0.594258
0.594929
0.595591
0.596243
0.596885
0.597514
0.598128
0.598726
0.599308
0.599871
0.600416
0.60094
0.601441
0.60192
0.602376
0.602807
0.603212
0.603591
0.603942
0.604266
0.604562
0.604827
0.605062
0.605267
0.60544
0.605583
0.605693
0.605772
0.605818
0.605832
0.605814
0.605763
0.60568
0.605565
0.605417
0.605237
0.605026
0.604783
0.604509
0.604205
0.60387
0.603504
0.60311
0.602687
0.602236
0.601759
0.601255
0.600727
0.600175
0.599598
0.599
0.598379
0.597738
0.597077
0.596398
0.595702
0.594989
0.594263
0.593523
0.592769
0.592004
0.591229
0.590444
0.589651
0.588852
0.588047
0.587239
0.586428
0.585615
0.584803
0.583993
0.583185
0.58238
0.58158
0.580786
0.580001
0.579224
0.578456
0.5777
0.576957
0.576227
0.575511
0.574811
0.574127
0.573461
0.572814
0.572186
0.57158
0.570995
0.570433
0.569895
0.569382
0.568894
0.568432
0.567997
0.56759
0.567212
0.566862
0.566543
0.566253
0.565994
0.565766
0.56557
0.565406
0.565274
0.565174
0.565108
0.565077
0.565081
0.565118
0.565191
0.565298
0.56544
0.565618
0.565831
0.56608
0.566366
0.566688
0.567047
0.567441
0.567872
0.568338
0.56884
0.569376
0.569948
0.570556
0.571197
0.571872
0.57258
0.573321
0.574094
0.574899
0.575736
0.576604
0.577502
0.57843
0.579388
0.580374
0.581387
0.582427
0.583492
0.584581
0.585694
0.58683
0.587988
0.589169
0.590372
0.591595
0.592836
0.594096
0.595373
0.596665
0.597972
0.599293
0.600627
0.601971
0.603325
0.604689
0.606061
0.60744
0.608825
0.610216
0.611611
0.613009
0.614408
0.615807
0.617206
0.618604
0.619998
0.621389
0.622774
0.624154
0.625527
0.626891
0.628246
0.629589
0.63092
0.63224
0.633546
0.634837
0.636114
0.637373
0.638615
0.639839
0.641044
0.64223
0.643394
0.644536
0.645656
0.646753
0.647827
0.648875
0.649899
0.650895
0.651866
0.652808
0.653723
0.65461
0.655469
0.656298
0.657098
0.657868
0.658609
0.659318
0.659996
0.660641
0.661255
0.661837
0.662386
0.662903
0.663386
0.663837
0.664257
0.664644
0.664999
0.665321
0.665611
0.665869
0.666095
0.666287
0.666447
0.666576
0.666673
0.666739
0.666773
0.666778
0.666753
0.666696
0.66661
0.666493
0.666348
0.666173
0.665971
0.665742
0.665485
0.665202
0.664893
0.664559
0.6642
0.663817
0.663411
0.662982
0.66253
0.662058
0.661565
0.661052
0.660521
0.659972
0.659405
0.658822
0.658223
0.657609
0.65698
0.656337
0.655681
0.655012
0.654332
0.65364
0.652938
0.652227
0.651507
0.650778
0.650043
0.6493
0.648551
0.647796
0.647036
0.646273
0.645505
0.644733
0.643957
0.643179
0.6424
0.641619
0.640836
0.640051
0.639266
0.63848
0.637694
0.636907
0.63612
0.635333
0.634546
0.633759
0.632973
0.632188
0.631404
0.630621
0.629839
0.629057
0.628275
0.627494
0.626712
0.625931
0.62515
0.62437
0.623589
0.622809
0.622028
0.621246
0.620464
0.619681
0.618895
0.618108
0.617319
0.616527
0.615731
0.614932
0.614129
0.613323
0.612513
0.611699
0.61088
0.610056
0.609227
0.608393
0.607555
0.606711
0.605862
0.605009
0.604151
0.603288
0.602421
0.60155
0.600676
0.599796
0.598912
0.598025
0.597133
0.596238
0.595338
0.594435
0.593529
0.592622
0.591712
0.590801
0.589888
0.588974
0.588059
0.587145
0.586231
0.585318
0.584406
0.583497
0.582593
0.581691
0.580794
0.579902
0.579014
0.578133
0.577259
0.576393
0.575535
0.574688
0.57385
0.573023
0.572208
0.571405
0.570616
0.569842
0.569082
0.568339
0.567611
0.566899
0.566205
0.56553
0.564874
0.564237
0.563621
0.563025
0.562452
0.561902
0.561376
0.560874
0.560397
0.559947
0.559522
0.559125
0.558754
0.55841
0.558094
0.557807
0.557549
0.55732
0.557121
0.55695
0.55681
0.556702
0.556625
0.556579
0.556564
0.55658
0.556627
0.556704
0.556814
0.556954
0.557126
0.557329
0.557563
0.557827
0.558121
0.558445
0.558799
0.559183
0.559596
0.560038
0.560508
0.561007
0.561534
0.562089
0.56267
0.563278
0.563913
0.564574
0.56526
0.56597
0.566703
0.567459
0.568237
0.569037
0.569857
0.570697
0.571557
0.572436
0.573333
0.574247
0.575177
0.576123
0.577082
0.578056
0.579042
0.58004
0.58105
0.58207
0.583099
0.584138
0.585185
0.58624
0.587302
0.58837
0.589443
0.590522
0.591605
0.592694
0.593785
0.594879
0.595976
0.597075
0.598175
0.599277
0.600381
0.601483
0.602586
0.603687
0.604789
0.605891
0.606991
0.608089
0.609186
0.610281
0.611374
0.612464
0.613552
0.614636
0.615718
0.616799
0.617877
0.618952
0.620024
0.621092
0.622158
0.623221
0.624281
0.625338
0.626392
0.627444
0.628493
0.62954
0.630584
0.631626
0.632664
0.633701
0.634736
0.635769
0.636798
0.637824
0.638848
0.63987
0.640889
0.641906
0.642919
0.643928
0.644934
0.645937
0.646935
0.647929
0.648918
0.649901
0.650878
0.651849
0.652814
0.653771
0.654719
0.655659
0.656588
0.657507
0.658415
0.659311
0.660195
0.661065
0.661922
0.662764
0.663589
0.664397
0.665187
0.665957
0.666706
0.667435
0.668143
0.668828
0.669488
0.670124
0.670734
0.671317
0.671873
0.672399
0.672897
0.673365
0.673802
0.674207
0.674581
0.674921
0.675228
0.675499
0.675735
0.675935
0.676099
0.676227
0.676316
0.676368
0.676381
0.676357
0.676294
0.676194
0.676055
0.675876
0.675659
0.675403
0.675108
0.674774
0.6744
0.673988
0.673538
0.67305
0.672525
0.671962
0.671364
0.670732
0.670065
0.669363
0.668627
0.667858
0.667058
0.666226
0.665364
0.664471
0.663549
0.662598
0.661618
0.660611
0.659578
0.658519
0.657436
0.656328
0.655198
0.654047
0.652875
0.651684
0.650474
0.649246
0.648001
0.646739
0.645461
0.64417
0.642867
0.641552
0.640227
0.63889
0.637545
0.636192
0.634832
0.633466
0.632095
0.630721
0.629343
0.627964
0.626582
0.625199
0.623817
0.622437
0.62106
0.619687
0.618319
0.616958
0.615601
0.614251
0.612909
0.611575
0.610251
0.608936
0.607631
0.606337
0.605054
0.603784
0.602526
0.601282
0.600051
0.598835
0.597634
0.596447
0.595276
0.594121
0.592983
0.591862
0.590759
0.589673
0.588604
0.587554
0.586522
0.58551
0.584516
0.583543
0.58259
0.581658
0.580746
0.579856
0.578987
0.57814
0.577315
0.576511
0.57573
0.574971
0.574234
0.573521
0.572831
0.572163
0.571518
0.570896
0.570296
0.569719
0.569165
0.568635
0.568128
0.567645
0.567184
0.566746
0.566331
0.56594
0.565573
0.56523
0.56491
0.564613
0.56434
0.56409
0.563865
0.563663
0.563485
0.563329
0.563196
0.563086
0.563001
0.562938
0.562897
0.562878
0.56288
0.562905
0.562951
0.563019
0.563109
0.563219
0.563352
0.563505
0.563679
0.563873
0.564088
0.564323
0.564577
0.564851
0.565144
0.565456
0.565789
0.566139
0.566508
0.566896
0.567301
0.567723
0.568161
0.568615
0.569085
0.56957
0.57007
0.570586
0.571116
0.571661
0.572219
0.572788
0.57337
0.573963
0.574567
0.575182
0.575806
0.57644
0.577084
0.577735
0.578394
0.579059
0.57973
0.580407
0.581089
0.581776
0.582466
0.583159
0.583856
0.584553
0.585252
0.585951
0.586649
0.587347
0.588043
0.588736
0.589425
0.59011
0.59079
0.591465
0.592133
0.592794
0.593448
0.594093
0.59473
0.595356
0.595972
0.596577
0.597172
0.597755
0.598328
0.598886
0.599432
0.599964
0.600481
0.600984
0.60147
0.601939
0.602391
0.602826
0.603243
0.603642
0.604022
0.604384
0.604726
0.605049
0.605353
0.605638
0.605903
0.606149
0.606376
0.606583
0.60677
0.606938
0.607085
0.607214
0.607324
0.607415
0.607486
0.607541
0.607578
0.607598
0.607601
0.607589
0.607564
0.607524
0.60747
0.607403
0.607323
0.607233
0.607131
0.60702
0.606899
0.60677
0.606634
0.606491
0.606341
0.606185
0.606026
0.605864
0.6057
0.605535
0.60537
0.605206
0.605042
0.604881
0.604724
0.604573
0.604429
0.604292
0.604163
0.604042
0.603932
0.603832
0.603744
0.603668
0.603606
0.603559
0.603527
0.603513
0.603516
0.603538
0.603578
0.603638
0.603719
0.603821
0.603946
0.604093
0.604264
0.604458
0.604677
0.604921
0.60519
0.605485
0.605806
0.606154
0.606529
0.606932
0.607361
0.607818
0.608303
0.608815
0.609355
0.609924
0.610521
0.611146
0.611798
0.612478
0.613186
0.613922
0.614685
0.615473
0.616287
0.617125
0.617989
0.618877
0.619788
0.620723
0.62168
0.622657
0.623655
0.624671
0.625705
0.626755
0.627822
0.628904
0.629999
0.631107
0.632227
0.633356
0.634496
0.635644
0.6368
0.637962
0.63913
0.6403
0.641474
0.642651
0.643828
0.645005
0.646181
0.647355
0.648524
0.64969
0.65085
0.652002
0.653147
0.654283
0.655409
0.656524
0.657627
0.658718
0.659795
0.660858
0.661905
0.662937
0.663953
0.664953
0.665937
0.666903
0.667852
0.668781
0.669691
0.67058
0.67145
0.672299
0.673126
0.673931
0.674715
0.675476
0.676214
0.676929
0.677623
0.678294
0.678941
0.679565
0.680167
0.680744
0.681297
0.681827
0.682332
0.682815
0.683274
0.683709
0.684119
0.684506
0.684868
0.685205
0.685517
0.685805
0.686068
0.686307
0.686522
0.686712
0.686876
0.687016
0.68713
0.687218
0.687281
0.687318
0.687332
0.687323
0.687289
0.68723
0.687147
0.687038
0.686903
0.686743
0.686557
0.686345
0.686107
0.685844
0.685557
0.685245
0.684908
0.684547
0.68416
0.683749
0.683312
0.682849
0.682361
0.681847
0.681309
0.680747
0.680162
0.679554
0.678921
0.678264
0.677583
0.676878
0.676148
0.675393
0.674614
0.673813
0.67299
0.672143
0.671274
0.670382
0.66947
0.668537
0.667584
0.666612
0.66562
0.664608
0.663578
0.662528
0.661461
0.660376
0.659275
0.658157
0.657025
0.655879
0.654718
0.653543
0.652356
0.651158
0.649948
0.648729
0.6475
0.646261
0.645015
0.643762
0.642502
0.641235
0.639964
0.638688
0.637409
0.636128
0.634845
0.633562
0.63228
0.631
0.629722
0.628445
0.62717
0.625899
0.624632
0.623369
0.62211
0.620857
0.619609
0.618367
0.617133
0.615906
0.614686
0.613475
0.612273
0.61108
0.609897
0.608723
0.60756
0.606407
0.605264
0.604132
0.60301
0.6019
0.6008
0.599711
0.598633
0.597566
0.596509
0.595464
0.59443
0.593405
0.592391
0.591387
0.590392
0.589409
0.588437
0.587474
0.58652
0.585575
0.584639
0.583711
0.582791
0.581878
0.580973
0.580076
0.579186
0.578304
0.57743
0.576561
0.575698
0.57484
0.573987
0.57314
0.572297
0.571459
0.570625
0.569794
0.568968
0.568145
0.567325
0.566508
0.565696
0.564886
0.56408
0.563276
0.562475
0.561676
0.56088
0.560087
0.559297
0.558511
0.557727
0.556947
0.556171
0.555399
0.55463
0.553864
0.553103
0.552346
0.551593
0.550844
0.5501
0.549361
0.548627
0.547899
0.547176
0.54646
0.545752
0.54505
0.544355
0.543668
0.542989
0.542319
0.541659
0.541009
0.540369
0.539738
0.539118
0.538509
0.537911
0.537325
0.536751
0.536191
0.535644
0.535111
0.534592
0.534088
0.533598
0.533123
0.532665
0.532222
0.531797
0.531389
0.530998
0.530624
0.530269
0.529931
0.529613
0.529315
0.529035
0.528776
0.528537
0.528319
0.528121
0.527945
0.52779
0.527657
0.527548
0.527462
0.527398
0.527356
0.527336
0.527338
0.527363
0.52741
0.527479
0.527572
0.527687
0.527826
0.527987
0.528172
0.52838
0.528612
0.528867
0.529146
0.529449
0.529775
0.530125
0.530498
0.530893
0.531312
0.531753
0.532219
0.532708
0.53322
0.533755
0.534313
0.534893
0.535495
0.536119
0.536764
0.537431
0.538119
0.538829
0.53956
0.540312
0.541085
0.541879
0.542694
0.543528
0.544383
0.545258
0.546153
0.547066
0.547999
0.548951
0.549921
0.55091
0.551917
0.552941
0.553983
0.55504
0.556114
0.557205
0.558312
0.559434
0.560571
0.561723
0.56289
0.564072
0.565267
0.566474
0.567694
0.568925
0.570167
0.57142
0.572684
0.573958
0.575241
0.576532
0.577832
0.579138
0.580452
0.581771
0.583097
0.584429
0.585764
0.587103
0.588446
0.589792
0.591139
0.592486
0.593834
0.595183
0.596533
0.597883
0.599231
0.600575
0.601916
0.603252
0.604584
0.60591
0.607231
0.608545
0.609852
0.611152
0.612443
0.613724
0.614995
0.616254
0.617502
0.618738
0.61996
0.62117
0.622366
0.623548
0.624716
0.625869
0.627008
0.628131
0.629237
0.630326
0.631399
0.632454
0.633492
0.634513
0.635515
0.636497
0.637461
0.638407
0.639334
0.640243
0.641131
0.642001
0.642852
0.643683
0.644495
0.645288
0.646061
0.646814
0.647548
0.64826
0.648953
0.649625
0.650278
0.650911
0.651524
0.652117
0.65269
0.653243
0.653778
0.654293
0.654788
0.655264
0.65572
0.656158
0.656577
0.656977
0.65736
0.657724
0.65807
0.658397
0.658706
0.658997
0.65927
0.659527
0.659766
0.659987
0.66019
0.660375
0.660543
0.660695
0.660832
0.660954
0.661059
0.661151
0.661227
0.661287
0.661332
0.661362
0.661377
0.661376
0.661359
0.661327
0.661282
0.661223
0.661151
0.661067
0.660971
0.660863
0.660742
0.660611
0.660468
0.660316
0.660154
0.659982
0.6598
0.65961
0.659412
0.659208
0.658999
0.658785
0.658566
0.658342
0.658115
0.657887
0.657658
0.65743
0.657202
0.656976
0.656754
0.656536
0.656321
0.656113
0.655911
0.655717
0.655531
0.655354
0.655188
0.655033
0.65489
0.654761
0.654646
0.654546
0.654463
0.654397
0.65435
0.654323
0.654315
0.654329
0.654364
0.654423
0.654505
0.654612
0.654742
0.654896
0.655073
0.655274
0.655502
0.655756
0.656035
0.656339
0.656667
0.65702
0.657397
0.657798
0.658223
0.658673
0.659146
0.659643
0.660163
0.660706
0.661269
0.661853
0.662457
0.663079
0.663719
0.664374
0.665045
0.665729
0.666426
0.667133
0.66785
0.668575
0.669306
0.670042
0.670783
0.671526
0.67227
0.673013
0.673755
0.674492
0.675224
0.67595
0.676668
0.677375
0.678071
0.678753
0.679419
0.680069
0.6807
0.681312
0.681903
0.682473
0.683019
0.68354
0.684036
0.684505
0.684945
0.685356
0.685737
0.686087
0.686405
0.686689
0.686937
0.687151
0.687329
0.68747
0.687572
0.687636
0.68766
0.687645
0.687589
0.687493
0.687357
0.68718
0.686964
0.686707
0.68641
0.686073
0.685695
0.685279
0.684823
0.684328
0.683795
0.683224
0.682616
0.681971
0.68129
0.680574
0.679822
0.679037
0.67822
0.677372
0.676493
0.675584
0.674647
0.673683
0.672693
0.671678
0.67064
0.66958
0.6685
0.667399
0.666278
0.665141
0.663988
0.662821
0.66164
0.660447
0.659244
0.658031
0.65681
0.655583
0.654351
0.653115
0.651878
0.65064
0.649403
0.648168
0.646936
0.645709
0.644488
0.643273
0.642067
0.640871
0.639685
0.638512
0.63735
0.636204
0.635073
0.633958
0.632859
0.631779
0.630718
0.629678
0.628658
0.627658
0.626681
0.625726
0.624793
0.623884
0.622998
0.622136
0.621299
0.620486
0.619696
0.618931
0.618191
0.617476
0.616785
0.616118
0.615475
0.614856
0.614261
0.613688
0.613138
0.612609
0.612101
0.611614
0.611148
0.610701
0.610271
0.609859
0.609464
0.609086
0.608722
0.608371
0.608033
0.607707
0.607393
0.607088
0.606792
0.606503
0.606222
0.605947
0.605677
0.605411
0.605146
0.604882
0.604617
0.60435
0.60408
0.603806
0.603529
0.603245
0.602955
0.602657
0.60235
0.602035
0.601708
0.60137
0.601019
0.600655
0.600276
0.599883
0.599474
0.599049
0.598608
0.59815
0.597676
0.597186
0.596677
0.596151
0.595606
0.595043
0.594463
0.593866
0.59325
0.592618
0.59197
0.591306
0.590627
0.589933
0.589225
0.588503
0.587768
0.587023
0.586269
0.585505
0.584734
0.583956
0.583172
0.582384
0.581594
0.580802
0.58001
0.579219
0.578432
0.577647
0.576868
0.576096
0.575333
0.574579
0.573836
0.573105
0.572389
0.571689
0.571007
0.570344
0.569701
0.569079
0.568481
0.567906
0.567357
0.566833
0.566337
0.565869
0.565431
0.565024
0.56465
0.564308
0.564
0.563724
0.563482
0.563276
0.563105
0.562969
0.562868
0.562804
0.562776
0.562783
0.562826
0.562905
0.563019
0.563168
0.563352
0.56357
0.563823
0.564109
0.564428
0.564779
0.565161
0.565575
0.566018
0.56649
0.566991
0.567519
0.568074
0.568654
0.569258
0.569886
0.570536
0.571206
0.571897
0.572607
0.573336
0.574082
0.574844
0.575619
0.576408
0.577209
0.578022
0.578845
0.579678
0.58052
0.58137
0.582228
0.58309
0.583958
0.584829
0.585703
0.586578
0.587453
0.588329
0.589204
0.590077
0.590947
0.591814
0.592677
0.593536
0.59439
0.595237
0.596077
0.596909
0.597734
0.598551
0.59936
0.60016
0.600951
0.601734
0.602507
0.60327
0.604022
0.604763
0.605493
0.60621
0.606916
0.60761
0.608291
0.60896
0.609618
0.610265
0.610898
0.611518
0.612124
0.612717
0.613297
0.613863
0.614415
0.614953
0.615478
0.61599
0.616489
0.616973
0.617443
0.6179
0.618343
0.618774
0.619191
0.619594
0.619983
0.620358
0.620717
0.621062
0.621393
0.62171
0.622012
0.622302
0.622577
0.622837
0.623082
0.623312
0.623527
0.623727
0.623911
0.624079
0.62423
0.624366
0.624488
0.624592
0.62468
0.624751
0.624804
0.624841
0.62486
0.624863
0.624847
0.624813
0.624761
0.624693
0.624608
0.624504
0.624383
0.624243
0.624084
0.623907
0.623712
0.623499
0.623267
0.623019
0.622752
0.622467
0.622164
0.621844
0.621506
0.621151
0.620779
0.62039
0.619985
0.619565
0.61913
0.618681
0.618217
0.61774
0.617251
0.616748
0.616233
0.615708
0.615171
0.614624
0.614067
0.613501
0.612926
0.612343
0.611752
0.611156
0.610557
0.609953
0.609345
0.608733
0.608118
0.607502
0.606884
0.606266
0.60565
0.605034
0.60442
0.60381
0.603205
0.602605
0.602011
0.601424
0.600845
0.600273
0.59971
0.599155
0.598611
0.598078
0.597556
0.597046
0.596548
0.596063
0.595593
0.595136
0.594694
0.594266
0.593854
0.593458
0.593079
0.592716
0.59237
0.592042
0.591732
0.59144
0.591164
0.590905
0.590664
0.590438
0.590231
0.59004
0.589867
0.589711
0.589572
0.58945
0.589343
0.589253
0.589178
0.589118
0.589073
0.589042
0.589025
0.589022
0.589033
0.589059
0.589096
0.589147
0.589208
0.589281
0.589363
0.589455
0.589557
0.589668
0.589787
0.589914
0.590048
0.59019
0.590338
0.590492
0.590652
0.590816
0.590986
0.591162
0.591342
0.591526
0.591714
0.591907
0.592101
0.592298
0.592496
0.592696
0.592899
0.593102
0.593306
0.593511
0.593717
0.593923
0.594131
0.594339
0.594549
0.594759
0.594971
0.595185
0.595399
0.595614
0.59583
0.596047
0.596265
0.596484
0.596706
0.59693
0.597157
0.597387
0.59762
0.597857
0.598097
0.598339
0.598585
0.598834
0.599087
0.599345
0.599608
0.599875
0.600146
0.600423
0.600706
0.600996
0.601292
0.601594
0.601901
0.602215
0.602536
0.602864
0.603199
0.603542
0.603893
0.604251
0.604618
0.604992
0.605376
0.605769
0.60617
0.606579
0.606997
0.607423
0.607858
0.6083
0.60875
0.609208
0.609674
0.610148
0.610629
0.611118
0.611615
0.612119
0.61263
0.613148
0.613672
0.614202
0.614737
0.615276
0.61582
0.616367
0.616918
0.617472
0.618029
0.618589
0.61915
0.619714
0.620279
0.620845
0.621411
0.621976
0.622543
0.623109
0.623673
0.624235
0.624795
0.625352
0.625905
0.626455
0.627
0.62754
0.628076
0.628606
0.62913
0.629647
0.630157
0.63066
0.631155
0.631643
0.632122
0.632593
0.633055
0.633506
0.633947
0.634379
0.634801
0.635213
0.635615
0.636005
0.636384
0.636751
0.637106
0.637451
0.637783
0.638103
0.638411
0.638706
0.638988
0.639258
0.639516
0.639761
0.639994
0.640216
0.640425
0.640621
0.640804
0.640976
0.641135
0.641283
0.641418
0.641541
0.64165
0.641748
0.641833
0.641906
0.641967
0.642015
0.642052
0.642077
0.642091
0.642095
0.642086
0.642066
0.642036
0.641994
0.641941
0.641878
0.641804
0.64172
0.641627
0.641525
0.641414
0.641294
0.641166
0.641029
0.640884
0.64073
0.640567
0.640397
0.640219
0.640035
0.639844
0.639647
0.639446
0.639239
0.639027
0.63881
0.638588
0.638363
0.638134
0.637902
0.637666
0.637428
0.637188
0.636948
